##Rat 4 Day 28
 ##rewards
126
113
47
##Vertices
9
121
135
52
8
48
36
103
134
94
120
130
22
125
95
28
96
51
37
127
85
94
137
72
135
78
22
2
92
24
115
127
125
65
132
3
82
52
1
82
34
11
76
142
97
28
66
123
27
54
69
98
119
101
43
19
72
129
116
100
33
61
77
59
73
114
75
60
137
70
118
33
63
138
110
10
87
8
25
60
111
40
10
118
141
46
97
44
109
102
142
144
4
126
59
29
26
56
17
13
88
66
21
83
108
45
116
35
75
106
46
73
99
57
40
92
103
23
13
48
143
115
31
87
112
71
81
55
122
86
57
23
141
74
65
121
50
136
130
45
84
111
88
51
26
6
105
70
133
14
126
138
39
61
7
101
16
42
24
14
38
89
38
15
12
128
25
133
32
54
79
55
78
104
36
93
29
49
5
39
136
123
139
128
12
124
2
120
95
90
6
91
81
107
18
58
1
143
98
84
47
3
18
21
99
62
20
140
64
68
117
139
93
102
104
35
11
85
4
132
5
31
34
19
86
7
64
80
117
71
89
56
80
100
27
113
124
62
134
68
16
131
41
110
49
113
30
106
109
32
91
50
129
43
20
114
74
79
108
69
30
131
17
144
42
63
77
112
58
67
90
107
67
41
44
47
9
53
96
53
140
122
119
76
105
37
83
15
68
116
12
22
59
50
63
114
91
96
5
90
136
67
73
13
133
115
55
42
38
127
142
122
86
51
79
25
103
26
93
47
44
88
126
31
136
129
70
109
52
47
130
101
87
135
127
46
36
123
139
48
9
49
134
98
80
109
85
55
10
6
114
62
83
39
68
139
144
97
66
52
60
40
137
99
11
89
15
70
54
106
77
125
23
142
110
113
131
25
71
41
91
36
59
124
119
16
30
17
4
80
23
66
41
29
21
86
99
1
130
117
8
94
123
34
56
128
17
121
129
84
76
92
48
32
24
57
54
90
22
84
144
107
132
124
51
21
78
120
43
118
69
101
8
64
39
72
111
27
126
7
137
143
65
53
40
95
46
113
45
32
44
37
102
134
94
98
6
16
58
28
119
104
82
63
71
30
82
97
53
9
140
110
138
7
18
78
85
112
20
92
45
73
65
141
38
81
108
77
69
61
108
117
10
128
3
67
37
115
2
107
14
76
93
140
89
111
49
57
2
103
60
31
83
100
18
132
118
96
33
19
24
81
105
3
11
75
35
75
5
56
74
27
87
135
50
121
88
1
138
34
141
64
79
20
131
100
95
112
15
19
105
61
58
125
42
12
35
28
143
72
106
26
74
122
62
120
133
104
13
43
14
29
4
102
116
33
1
13
25
37
49
50
38
26
14
2
3
15
27
28
40
52
53
65
64
76
88
87
75
74
73
85
86
98
97
109
121
122
123
124
136
137
125
113
101
89
90
102
103
91
79
67
68
80
81
69
57
56
44
43
55
54
66
78
77
89
101
100
99
111
110
109
97
85
73
61
62
63
51
39
40
41
29
30
42
41
29
17
5
4
16
28
27
39
51
52
64
76
88
100
112
113
114
115
127
128
129
141
142
130
118
117
116
104
92
93
105
106
94
95
107
108
120
119
131
132
144
143
142
141
140
139
138
126
114
102
103
104
92
93
105
106
94
82
70
71
83
84
72
60
48
47
59
58
46
34
22
21
20
32
33
45
44
32
31
19
7
8
9
10
11
12
24
23
35
36
48
47
35
36
24
12
11
23
22
10
9
21
33
34
46
45
57
56
68
69
70
58
59
60
72
71
83
82
81
80
79
91
90
78
77
65
53
54
66
67
55
43
42
30
31
19
20
8
7
6
18
17
18
6
5
4
16
15
3
2
1
13
14
26
25
37
38
50
49
61
62
63
75
74
86
98
110
122
121
133
134
133
134
135
123
135
136
137
138
139
140
128
129
130
131
143
144
132
120
108
96
84
96
95
107
119
118
117
116
115
127
126
125
124
112
111
99
87
133
121
109
97
85
86
98
110
122
134
135
123
111
112
100
88
89
77
76
64
52
51
63
62
61
49
50
38
37
25
13
14
15
16
4
5
17
29
41
53
54
42
43
55
67
79
80
68
69
81
93
92
104
103
91
90
78
66
65
53
41
40
39
27
26
25
37
49
61
73
74
75
87
99
100
101
113
114
102
101
113
125
137
136
124
112
111
99
87
88
76
64
52
40
28
29
30
31
19
20
21
9
10
22
34
33
32
44
56
57
45
46
58
59
47
48
36
35
23
24
12
11
10
9
8
7
6
18
30
42
43
44
56
57
45
46
58
70
82
83
71
72
84
96
108
107
95
94
106
118
130
129
128
116
117
105
104
116
115
127
139
140
141
142
143
144
132
131
119
120
108
107
119
120
132
144
143
131
130
142
141
129
117
118
106
105
93
92
80
81
82
94
95
96
84
83
71
70
69
68
67
55
54
66
65
77
89
90
78
79
91
103
102
114
115
127
128
140
139
138
126
125
126
138
137
136
124
123
135
134
133
121
122
110
109
97
98
86
85
73
74
75
63
62
50
38
26
14
13
1
2
1
2
3
15
3
4
5
6
7
8
20
21
22
23
11
12
24
36
48
60
72
60
59
47
35
34
33
32
31
19
18
17
16
28
27
39
51
21
117
118
37
15
17
137
110
2
76
91
105
65
144
58
29
107
46
67
134
66
59
92
13
134
12
124
142
26
136
87
25
143
49
11
54
41
68
96
32
92
141
57
132
48
44
122
99
6
62
86
61
43
96
116
13
77
135
18
117
139
79
114
133
78
108
109
73
115
98
137
125
106
144
57
59
102
81
64
104
125
35
131
36
33
10
36
63
12
60
8
62
66
22
123
38
3
97
47
108
106
47
34
99
128
53
60
79
113
70
35
7
119
51
1
74
70
83
131
8
16
25
121
14
69
93
116
72
91
28
63
7
58
2
98
85
20
122
127
27
142
100
82
136
97
129
88
71
121
14
112
114
51
49
115
124
80
89
34
133
45
93
112
61
50
72
39
17
120
26
138
86
128
94
141
27
39
15
28
56
83
81
75
103
24
10
3
20
19
77
31
41
132
11
4
67
46
53
16
126
52
101
40
9
31
42
78
55
32
40
76
9
110
52
113
56
64
127
90
94
95
109
100
23
126
123
111
30
143
73
71
95
6
22
29
38
18
80
24
120
135
54
139
130
48
23
84
4
45
140
19
30
105
101
43
104
65
69
42
5
140
44
85
50
1
129
130
87
138
88
119
5
103
37
33
118
55
90
82
84
68
74
107
102
111
89
21
75
34
100
94
117
134
140
123
136
13
53
29
118
96
66
127
141
100
57
19
50
46
60
107
54
93
11
141
139
1
112
61
130
5
20
133
128
59
12
98
108
90
13
17
102
47
72
133
66
6
91
30
114
143
131
49
2
74
36
125
138
98
126
43
119
8
104
80
80
46
4
31
18
8
7
124
113
11
12
26
122
20
44
37
17
128
84
62
60
14
118
137
109
45
38
26
18
87
67
71
3
91
84
22
21
50
132
45
107
44
58
76
2
24
28
102
144
19
142
78
10
111
15
71
40
21
99
143
33
22
35
96
31
27
110
103
87
9
90
113
83
53
56
86
117
35
4
41
37
68
79
75
73
89
76
64
89
101
16
62
16
29
82
109
101
103
78
92
42
121
86
77
33
1
127
23
131
47
61
41
59
64
52
81
123
116
81
126
140
135
25
72
25
93
94
36
120
6
108
114
105
63
116
34
105
125
28
51
69
39
97
9
51
97
58
138
142
82
54
14
24
69
122
144
130
104
85
55
83
43
106
77
99
137
115
74
85
63
68
129
10
65
132
110
55
52
67
70
136
3
57
75
92
70
7
40
88
135
56
23
39
115
65
73
27
106
79
124
32
15
95
88
5
139
134
32
48
120
112
111
121
95
49
42
129
119
38
48
30
12
24
36
35
23
22
10
9
21
33
45
44
32
31
30
18
19
20
8
7
6
5
4
3
15
14
2
1
13
25
37
49
50
51
39
38
26
27
28
40
52
53
41
42
54
66
65
64
63
62
74
75
87
88
76
77
78
90
89
101
100
99
111
110
109
121
133
134
122
123
135
136
137
138
139
127
126
114
115
116
104
103
91
79
67
55
43
44
56
68
80
92
93
81
82
70
69
57
58
59
71
83
95
94
106
107
108
120
119
118
130
131
143
144
132
120
108
96
84
72
60
48
47
46
34
33
32
31
43
55
54
42
30
29
17
16
4
3
15
27
39
51
63
75
87
86
85
97
98
99
111
112
124
125
113
114
102
103
115
116
117
105
104
92
80
81
93
105
117
129
141
140
128
129
128
140
139
127
126
138
137
136
135
134
133
121
109
97
85
73
61
62
50
38
26
14
2
1
13
25
37
49
61
73
74
86
98
110
122
123
124
125
113
112
100
101
102
90
91
79
67
66
78
77
89
88
76
64
65
53
52
40
41
29
28
16
17
5
6
18
19
7
8
20
21
22
34
46
45
57
56
68
69
70
58
59
71
83
82
94
106
118
130
142
141
142
143
144
132
131
119
107
95
96
84
72
60
48
47
35
36
24
12
11
23
11
10
9
144
143
131
119
120
108
96
84
72
60
48
36
35
47
46
45
57
56
44
32
31
19
7
6
5
17
16
4
3
15
14
2
1
13
25
37
38
39
40
52
53
41
29
28
27
26
25
37
49
50
51
63
64
65
66
54
42
43
55
67
68
69
81
82
70
58
59
71
83
95
94
93
105
117
116
128
140
139
127
126
138
137
125
124
136
135
134
122
110
109
97
85
73
61
62
74
86
98
99
100
101
102
114
113
112
111
123
135
136
137
138
139
140
141
142
130
129
117
118
106
107
108
96
95
94
82
81
80
79
78
90
91
103
115
127
126
125
124
123
111
112
113
114
102
101
89
88
87
75
76
77
65
66
67
68
69
57
45
33
34
22
23
11
10
9
21
20
8
7
6
18
19
20
8
9
21
22
10
11
12
24
12
24
23
35
36
48
60
72
84
83
71
70
58
59
47
46
34
33
32
44
56
55
43
31
30
18
17
5
4
16
28
29
30
42
54
53
41
40
39
27
15
3
2
1
13
14
26
38
50
49
61
73
74
62
63
51
52
64
76
75
87
86
85
97
109
121
133
134
133
121
122
110
98
99
100
88
89
77
78
90
91
79
80
92
104
105
106
107
119
118
130
131
132
120
132
144
143
142
141
129
128
116
115
103
104
92
93
12
64
97
129
1
123
86
82
16
38
5
55
41
6
73
69
34
96
109
49
37
66
108
117
2
14
15
53
100
71
28
80
43
93
87
60
8
127
74
50
93
68
99
46
78
63
79
20
64
105
139
119
33
29
115
76
34
42
21
138
61
95
17
142
115
131
15
88
107
126
135
4
28
62
1
67
42
47
17
114
9
103
57
100
106
63
78
57
51
116
102
85
131
59
45
7
112
19
134
105
65
24
130
10
23
3
135
54
58
113
132
33
21
85
6
58
76
143
55
83
118
31
70
141
81
122
143
14
30
60
74
122
108
31
39
86
27
127
75
32
79
113
138
62
52
119
23
72
43
27
9
70
11
48
36
140
89
82
116
12
92
84
144
56
61
75
67
144
72
45
19
137
118
121
91
46
92
30
44
11
25
83
126
77
139
125
68
40
133
13
35
120
88
50
71
29
77
4
136
94
84
111
141
18
101
3
73
90
53
44
128
66
124
112
5
98
125
35
134
59
94
99
65
103
97
87
117
101
111
104
104
140
39
22
96
110
40
38
102
26
54
13
8
128
130
142
133
136
114
18
2
25
56
41
106
80
32
95
20
81
10
26
22
7
91
109
120
107
36
98
52
16
48
123
129
121
110
24
37
90
124
51
89
47
137
49
69
132
1
18
50
64
91
106
6
87
138
25
86
119
118
134
9
5
113
123
111
136
86
102
106
121
14
122
70
8
35
76
45
16
26
28
38
138
88
134
100
99
2
11
109
7
121
110
85
3
78
39
55
53
100
69
56
42
130
87
131
97
52
42
83
60
116
4
26
98
85
126
57
20
142
43
59
120
77
13
140
18
122
80
39
55
118
74
36
101
5
67
81
36
101
17
6
140
34
82
13
68
25
108
64
51
58
99
30
137
104
132
73
114
19
41
107
40
77
104
62
48
46
62
28
136
33
95
93
75
45
115
12
80
1
14
43
22
135
94
44
74
10
112
21
33
95
51
32
81
2
130
32
29
63
127
38
126
22
96
72
66
10
31
37
111
90
79
129
19
47
31
105
60
142
24
89
72
44
96
127
4
61
117
93
65
23
76
73
7
89
27
82
115
132
59
17
128
94
91
112
23
35
12
98
49
128
15
131
143
119
133
54
79
46
52
125
116
144
61
75
90
125
84
135
124
54
53
16
102
92
71
120
21
49
3
29
24
113
105
41
129
141
97
144
124
58
65
70
48
141
114
71
103
63
47
83
143
69
137
78
139
30
109
123
34
40
20
103
84
27
108
15
107
67
57
117
88
92
66
68
37
11
9
50
133
110
139
8
56
12
11
23
35
36
48
60
72
84
96
108
120
119
107
106
105
93
92
104
116
115
127
139
138
137
125
124
136
135
123
122
134
133
121
109
97
98
99
100
88
89
101
113
112
111
110
109
97
85
86
87
75
76
77
78
90
102
103
91
79
80
81
69
70
82
94
95
83
71
59
58
57
45
33
32
20
8
7
19
18
6
5
17
16
4
3
2
14
26
25
37
49
61
73
74
62
50
38
39
40
41
42
30
29
28
27
15
3
4
5
6
7
8
9
10
22
21
33
34
46
47
48
60
59
58
70
69
68
67
66
54
55
43
31
19
18
17
16
15
27
28
29
30
42
41
53
52
51
63
64
65
77
78
79
80
81
93
105
117
118
130
131
143
142
141
129
128
140
139
138
126
127
128
140
141
129
130
142
143
144
132
144
132
131
119
120
108
96
84
72
71
83
82
94
95
107
106
118
117
116
104
92
91
103
115
114
126
125
137
136
124
112
113
114
102
90
89
101
100
99
111
123
135
134
133
121
122
110
98
86
85
73
61
62
74
75
87
88
76
64
63
51
50
49
37
25
13
1
2
1
13
14
26
38
39
40
52
53
65
66
54
55
67
68
56
44
45
46
47
35
34
22
23
24
36
24
12
11
10
9
21
20
32
31
43
44
56
57
1
2
14
26
25
37
49
61
73
85
97
109
110
98
99
100
88
89
101
113
114
126
138
139
140
128
129
141
142
130
131
143
144
132
120
108
107
106
105
93
92
104
116
117
118
119
120
108
96
95
94
82
81
80
79
91
103
102
90
78
77
76
64
63
75
87
86
74
62
50
51
52
40
28
29
17
5
6
18
19
7
8
20
21
9
10
11
23
35
36
48
60
72
84
83
71
59
47
46
45
44
43
31
32
33
34
22
10
9
8
7
6
5
4
3
15
16
28
27
39
38
37
49
50
51
63
64
65
66
67
55
54
42
30
18
19
20
21
22
34
33
32
31
43
44
56
57
58
70
69
68
80
79
78
77
76
88
100
112
111
123
122
134
135
136
124
125
137
138
139
127
126
125
137
136
124
123
135
134
133
121
133
121
122
110
109
97
85
73
61
62
74
75
87
86
98
99
111
112
113
101
89
90
102
114
115
127
128
140
141
129
117
116
115
103
91
92
104
105
106
118
130
142
143
144
132
131
119
107
95
96
84
72
71
83
82
94
93
81
69
70
58
59
60
48
36
24
12
11
12
24
23
35
47
46
45
57
56
68
67
55
54
66
65
53
41
40
39
38
26
27
15
14
13
25
13
1
2
3
4
16
17
29
30
42
41
53
52
