##Rat 8 Day 48
 ##rewards
71
58
124
##Vertices
54
110
5
65
5
81
69
6
23
24
106
62
17
100
118
35
80
128
75
31
76
95
135
107
70
82
82
99
130
74
59
37
25
16
123
59
46
101
134
55
28
6
78
2
24
42
26
19
86
20
89
39
26
38
138
85
103
83
107
8
70
45
57
10
136
94
45
126
12
94
88
126
49
33
71
4
119
92
137
89
32
7
16
79
25
117
56
38
37
41
34
48
90
21
143
18
85
58
15
42
52
53
30
61
127
44
130
3
93
33
122
49
12
108
48
132
122
97
95
31
63
93
62
142
68
131
84
105
96
132
105
73
115
72
41
137
87
115
74
91
13
114
131
139
27
112
83
3
65
39
113
23
50
75
117
128
133
4
64
127
30
8
108
50
51
119
19
102
60
36
124
9
120
47
57
133
32
112
60
139
144
99
14
111
140
7
29
43
81
104
54
121
110
18
52
43
138
90
58
40
101
86
1
36
113
11
9
46
114
140
143
76
116
71
80
124
47
35
53
109
61
1
125
22
91
120
92
28
40
21
72
88
14
77
121
20
141
98
97
27
118
87
102
73
69
142
10
56
15
44
129
67
29
136
34
11
67
84
78
116
135
100
125
13
64
103
96
66
68
55
106
17
129
123
63
66
77
98
111
141
22
134
104
51
109
144
2
79
83
50
35
101
67
61
132
77
127
57
76
11
51
33
78
57
63
142
120
107
56
96
55
99
89
29
134
21
129
116
105
9
5
7
44
69
114
126
25
50
40
131
71
54
66
66
128
38
62
94
90
60
112
40
68
63
15
92
76
36
16
26
34
23
133
138
39
28
17
140
31
88
112
12
104
73
144
123
60
72
139
137
87
46
65
141
142
45
24
143
120
18
122
1
123
100
43
103
121
122
83
16
52
82
136
75
128
86
138
102
26
27
110
13
137
96
47
92
69
125
100
89
30
70
37
44
7
131
64
127
136
17
73
98
58
80
41
15
72
52
84
118
43
139
82
85
14
33
3
99
4
124
78
19
119
12
95
86
103
141
1
20
88
129
74
10
65
2
125
84
117
28
59
59
25
56
21
22
94
108
61
79
45
2
133
97
67
144
97
24
34
51
35
6
64
91
47
111
8
19
132
115
3
114
109
87
37
20
85
55
77
93
98
93
39
6
70
62
58
9
140
126
104
41
29
36
130
53
90
119
32
116
117
106
79
48
106
81
101
32
95
130
134
81
110
75
105
31
108
71
143
124
74
115
23
49
102
49
48
113
113
135
91
5
11
38
18
54
27
30
13
42
42
22
46
109
111
10
80
8
68
14
107
121
4
53
118
135
144
132
131
130
142
143
144
132
120
119
107
95
94
93
81
80
79
67
55
43
31
32
44
45
33
21
20
8
7
19
18
6
5
17
16
28
27
15
3
4
5
6
7
8
9
10
22
23
11
12
24
36
35
34
46
47
48
60
72
71
70
82
83
84
96
108
120
119
118
106
105
104
103
102
101
89
77
78
90
91
92
104
116
117
129
141
140
139
127
126
138
137
125
124
123
135
136
137
138
139
140
128
127
115
114
113
112
100
88
76
75
74
86
85
73
61
49
50
51
39
38
37
25
13
14
26
27
39
40
52
53
65
64
63
62
61
73
85
97
98
110
122
134
133
121
109
97
98
99
87
88
76
77
89
90
91
92
80
68
56
57
58
59
60
48
47
46
45
44
43
42
54
66
78
79
67
66
65
64
52
51
63
75
87
86
74
62
50
49
37
38
26
25
13
1
2
1
2
14
15
3
4
16
28
29
17
18
19
20
21
9
10
22
23
11
12
24
36
35
34
33
32
31
30
29
30
42
41
40
41
53
54
55
56
68
69
81
93
94
82
70
69
57
58
59
71
72
84
83
95
96
108
107
106
105
117
118
130
131
143
142
141
129
128
116
115
103
102
114
113
101
100
99
111
112
111
123
122
110
109
121
133
134
135
136
124
125
126
12
24
36
35
23
22
10
9
21
33
45
44
32
31
30
18
19
20
8
7
6
5
4
3
15
14
2
1
13
25
37
49
50
51
39
38
26
27
28
40
52
53
41
42
54
66
65
64
63
62
74
75
87
88
76
77
78
90
89
101
100
99
111
110
109
121
133
134
122
123
135
136
137
138
139
127
126
114
115
116
104
103
91
79
67
55
43
44
56
68
80
92
93
81
82
70
69
57
58
59
71
83
95
94
106
107
108
120
119
118
130
131
143
144
132
120
108
96
84
72
60
48
47
46
34
33
32
31
43
55
54
42
30
29
17
16
4
3
15
27
39
51
63
75
87
86
85
97
98
99
111
112
124
125
113
114
102
103
115
116
117
105
104
92
80
81
93
105
117
129
141
140
128
129
128
140
139
127
126
138
137
136
135
134
133
121
109
97
85
73
61
62
50
38
26
14
2
1
13
25
37
49
61
73
74
86
98
110
122
123
124
125
113
112
100
101
102
90
91
79
67
66
78
77
89
88
76
64
65
53
52
40
41
29
28
16
17
5
6
18
19
7
8
20
21
22
34
46
45
57
56
68
69
70
58
59
71
83
82
94
106
118
130
142
141
142
143
144
132
131
119
107
95
96
84
72
60
48
47
35
36
24
12
11
23
11
10
9
23
88
144
14
84
45
95
129
30
36
49
132
95
35
75
69
117
98
112
31
114
41
130
137
38
140
18
9
18
141
105
7
25
143
99
40
127
25
74
22
57
5
101
62
119
29
100
4
117
131
20
13
27
28
44
63
96
138
97
70
122
92
22
66
54
8
140
134
111
46
12
124
126
83
80
14
1
24
75
44
115
23
105
101
60
26
65
112
20
85
6
66
73
125
72
61
19
97
72
76
37
136
127
7
4
84
15
91
103
58
124
121
78
51
41
48
43
52
114
55
144
107
92
102
50
143
63
90
128
1
46
133
137
120
16
109
83
71
108
111
6
129
31
3
134
2
42
58
9
62
106
139
87
35
61
89
82
94
10
28
81
5
133
88
64
47
125
99
93
52
38
96
79
107
77
57
27
21
78
47
48
30
89
131
104
115
141
32
34
132
118
33
110
126
67
138
8
33
86
108
53
122
142
81
79
56
136
17
68
12
11
40
42
37
76
16
94
102
45
130
121
119
71
59
123
80
15
109
64
82
142
3
32
116
139
128
39
55
65
90
2
116
50
93
106
73
68
91
70
67
135
60
74
113
26
118
34
11
113
103
98
87
56
39
21
36
13
54
43
120
86
10
135
17
49
77
100
59
69
110
24
19
53
51
29
85
104
123
90
72
107
91
144
96
68
13
79
52
77
29
142
126
28
111
127
16
135
124
12
106
46
122
24
139
51
109
87
121
41
14
5
48
35
21
27
71
53
101
84
88
134
106
130
71
75
74
55
48
13
61
60
86
64
66
31
74
44
100
45
115
98
122
120
11
123
57
67
139
61
14
19
105
50
75
116
89
30
20
66
111
140
37
103
100
65
6
62
32
85
69
97
42
90
97
87
108
140
114
45
56
76
95
120
46
83
70
96
67
143
9
101
28
143
93
63
34
7
135
26
110
78
128
33
82
47
8
26
136
11
53
23
35
2
130
21
118
127
117
129
109
34
38
39
92
22
119
115
124
55
47
86
132
80
18
125
102
1
85
36
138
141
91
114
113
2
79
110
29
27
24
63
25
125
116
108
32
12
95
112
59
137
123
76
104
128
141
57
22
9
112
133
113
94
83
129
37
36
131
5
94
102
20
126
70
142
72
118
84
42
89
99
15
38
133
10
31
4
81
93
1
73
78
58
8
98
132
41
52
17
136
25
15
59
6
58
82
138
19
69
23
73
33
92
44
49
39
40
56
30
60
54
62
104
131
3
105
107
65
119
77
134
10
3
137
16
64
99
117
40
103
4
17
80
43
7
49
144
121
68
88
54
50
51
18
81
43
133
121
109
110
122
123
135
136
124
112
100
101
113
114
115
127
126
125
137
138
139
140
141
142
130
131
143
144
132
120
108
96
95
94
106
107
119
118
117
105
93
92
104
103
91
79
80
81
82
83
71
70
58
57
69
68
67
55
56
44
45
46
34
35
36
24
12
11
23
22
10
9
8
7
6
18
19
31
30
29
41
42
54
66
78
90
102
101
89
77
65
53
52
64
63
75
76
88
87
86
74
62
50
51
39
38
37
25
26
27
15
14
2
1
13
25
37
49
61
73
85
97
98
99
111
112
113
114
102
90
91
103
115
116
128
129
141
142
130
118
106
94
82
70
58
59
60
48
47
46
34
33
21
20
32
31
43
42
30
29
28
40
41
53
65
64
52
40
28
16
4
5
17
16
17
5
6
18
19
7
8
9
10
11
12
24
36
48
60
72
84
83
95
107
119
131
143
144
132
120
108
96
84
72
71
59
47
35
23
22
21
20
32
33
45
44
43
55
54
66
78
79
67
68
56
57
69
81
80
92
93
105
104
116
117
129
128
140
139
127
126
138
137
125
124
123
111
99
100
88
89
77
76
75
87
86
74
62
63
51
39
27
15
3
4
3
2
1
13
14
26
38
50
49
61
73
85
97
98
110
109
121
133
134
122
134
135
136
1
2
3
4
5
17
16
15
14
13
25
26
27
39
40
41
53
54
42
43
44
32
31
19
7
8
20
21
9
10
11
23
35
47
48
60
59
58
57
56
68
69
81
80
79
78
90
91
103
102
101
89
88
76
77
65
66
67
55
56
57
45
33
34
22
10
9
8
7
6
18
30
29
28
40
52
51
63
64
52
51
50
49
37
38
39
27
28
29
41
42
43
44
45
46
58
70
82
83
95
107
108
120
119
118
106
94
93
92
104
105
117
116
128
129
141
142
130
131
143
144
132
120
108
96
84
72
71
70
69
81
93
92
104
105
117
116
115
114
126
127
139
138
137
136
124
125
113
112
111
110
98
86
87
99
100
88
87
75
74
73
85
97
109
121
133
134
122
123
135
136
124
123
135
134
133
121
122
110
109
97
98
99
111
112
100
101
89
90
102
114
113
125
137
138
126
127
115
103
91
79
80
68
67
55
54
53
65
66
78
77
76
64
63
75
74
86
85
73
61
62
50
62
61
49
37
38
26
25
13
1
2
14
15
3
4
16
17
5
6
18
30
31
19
20
21
22
23
11
12
24
12
24
36
35
36
48
60
72
84
96
95
107
119
131
132
144
143
142
141
140
139
140
128
129
130
118
106
94
82
83
71
59
47
46
34
33
32
133
24
42
28
90
11
54
90
104
12
116
116
77
53
29
83
115
97
115
94
92
63
120
48
62
95
83
101
55
75
69
31
106
127
138
118
3
99
2
17
103
113
139
57
113
92
37
120
105
126
137
95
123
122
31
80
50
135
91
142
60
5
136
129
8
121
105
14
45
19
24
52
112
28
135
104
134
93
41
65
137
47
58
67
110
44
35
100
109
48
42
140
141
88
65
110
60
114
94
81
34
102
51
123
44
17
53
124
56
62
126
54
1
109
128
25
74
99
97
91
9
52
89
118
132
79
21
7
86
23
134
39
102
124
84
78
14
6
58
51
32
85
144
20
76
27
131
32
69
96
13
34
141
10
49
64
11
96
87
66
26
73
100
10
68
22
77
140
43
139
35
103
37
43
27
1
3
80
82
79
143
6
81
119
108
130
33
63
68
12
82
125
23
36
130
40
61
67
106
45
72
64
114
15
56
59
39
66
41
49
4
18
46
85
131
133
18
129
144
107
16
21
125
36
98
8
136
5
61
72
87
122
47
138
88
38
119
111
71
33
76
121
19
117
55
2
26
108
13
20
50
15
111
4
59
7
132
127
89
70
143
93
57
40
30
98
29
84
107
86
74
9
38
70
30
46
75
22
117
78
142
16
101
71
112
25
73
128
56
9
139
17
142
115
81
111
95
41
60
109
15
53
124
72
40
123
19
94
50
54
88
107
55
68
5
2
70
27
34
1
105
3
34
49
54
50
110
96
95
19
8
59
59
46
29
108
123
33
60
79
32
75
129
67
2
144
11
41
51
44
141
85
121
122
93
121
116
101
114
71
71
117
52
35
75
134
47
48
53
126
82
31
92
12
114
111
109
79
55
21
85
135
87
57
24
98
132
83
68
3
66
87
86
144
15
125
142
44
7
129
38
112
89
14
104
102
7
23
124
74
42
133
131
58
127
96
20
69
137
103
35
143
64
8
65
47
37
61
122
90
39
90
56
99
73
65
84
4
82
6
25
99
130
100
63
118
140
74
32
100
21
101
108
61
119
16
93
143
37
102
18
49
128
89
22
81
131
28
104
28
43
112
9
13
39
77
115
130
88
98
140
133
127
62
26
17
40
22
57
137
106
43
70
51
58
77
12
76
33
128
11
113
139
141
76
91
23
132
97
13
83
42
24
116
80
91
105
45
10
107
106
52
30
103
86
18
138
36
126
78
26
10
6
31
25
36
113
97
1
63
78
80
64
92
72
134
138
120
14
30
67
125
110
45
46
94
136
120
20
27
29
4
117
66
62
73
5
119
38
69
118
135
48
84
136
16
1
13
14
15
3
4
5
6
7
8
9
10
22
21
33
45
44
56
57
58
70
71
72
84
96
95
107
108
120
119
131
132
144
143
142
141
129
117
105
104
92
93
94
106
118
130
142
141
140
128
116
115
103
91
79
80
81
69
68
67
55
43
42
30
31
32
20
19
18
17
29
41
40
39
51
50
49
61
62
74
73
85
86
98
97
109
121
122
123
135
136
137
138
139
127
126
125
124
112
100
88
76
75
87
99
111
110
109
97
85
73
61
49
37
25
26
38
39
27
28
16
4
5
17
29
30
42
54
66
78
77
65
64
63
62
74
86
98
110
111
99
87
75
76
88
89
101
113
114
102
90
91
79
67
55
43
44
45
46
34
35
23
24
36
48
47
59
60
72
84
83
71
59
60
48
47
35
36
24
12
11
12
11
23
22
10
9
8
7
6
18
19
31
32
20
21
33
34
46
58
57
56
68
69
70
82
83
95
96
108
107
106
94
82
81
80
92
93
105
117
118
119
120
132
144
143
131
130
129
128
140
139
138
126
127
115
116
104
103
102
114
113
125
137
136
135
134
133
121
133
134
122
123
124
112
100
101
89
90
78
77
65
66
54
53
52
40
28
16
15
27
26
14
2
3
2
1
13
25
37
38
50
51
63
64
52
53
41
133
134
122
110
109
121
133
134
135
123
124
125
113
101
102
90
78
79
80
81
82
94
93
105
106
107
95
96
84
83
71
72
60
59
47
46
34
35
36
48
60
72
84
96
108
120
119
131
132
144
143
142
130
118
117
129
141
140
139
127
115
114
126
138
137
136
135
123
111
112
100
88
76
64
52
53
54
66
65
77
89
88
87
99
98
97
85
73
74
62
61
49
50
38
26
25
37
49
61
73
85
86
74
75
63
51
39
40
41
42
30
18
17
5
6
7
8
20
32
33
21
9
10
11
23
22
34
33
45
44
56
55
43
31
19
7
6
5
4
16
15
14
13
1
2
3
4
16
28
29
41
42
54
53
65
77
89
90
91
92
104
116
128
140
141
129
117
105
93
81
69
68
67
66
78
79
67
55
43
44
32
31
30
29
17
18
19
20
8
9
21
22
10
11
12
24
12
24
23
35
36
48
47
46
58
59
71
83
95
107
108
120
119
131
132
144
143
142
130
118
106
94
82
70
58
70
69
57
45
57
56
68
80
92
91
103
102
101
113
114
115
103
104
116
128
127
139
138
126
125
137
136
124
112
100
99
111
110
122
121
109
97
98
86
87
75
76
64
63
51
52
40
28
27
39
27
26
14
15
3
2
1
13
25
37
38
50
62
