##Rat 8 Day 26
 ##rewards
71
58
124
##Vertices
70
27
95
22
25
115
10
38
112
135
33
45
2
69
24
116
48
85
27
100
125
117
118
28
8
93
4
34
2
35
13
128
12
75
8
58
9
61
21
92
1
7
133
62
23
74
29
139
20
67
104
99
78
44
12
99
96
129
15
40
34
101
138
120
126
140
72
86
59
43
14
57
143
14
108
102
41
114
90
94
66
130
120
79
143
139
65
82
62
111
141
111
59
122
109
84
51
119
30
109
101
76
46
5
63
112
72
35
36
78
137
83
11
126
19
71
54
16
127
142
83
113
74
9
110
102
13
45
135
79
127
42
68
26
106
107
92
69
124
32
53
52
16
38
133
51
54
88
123
64
75
140
3
134
68
97
58
121
11
121
3
60
18
89
85
89
132
87
86
67
53
32
118
66
26
94
39
21
19
104
108
114
131
87
52
31
20
39
73
138
48
106
47
116
71
65
115
28
42
50
25
44
56
100
91
119
81
98
77
80
132
49
61
55
117
23
17
60
29
88
40
70
49
31
17
63
36
130
123
131
64
103
81
22
82
43
97
90
125
50
41
47
55
136
134
1
37
24
98
10
46
15
137
80
30
91
6
7
5
122
84
4
37
144
144
107
124
113
96
18
142
136
103
57
77
93
56
128
95
76
6
105
73
105
33
110
141
129
104
77
130
66
101
103
7
12
18
96
128
79
14
63
1
91
59
127
6
32
108
129
33
111
120
122
99
142
87
9
116
30
47
59
90
45
94
37
84
98
45
141
70
26
136
38
103
23
142
137
78
140
44
69
86
119
83
51
85
106
19
54
120
129
139
36
109
14
89
92
79
12
97
77
132
24
143
115
21
40
123
89
136
98
18
2
73
58
117
81
35
81
65
15
137
1
56
97
135
16
23
41
52
83
27
5
3
102
15
68
27
91
111
82
25
115
60
7
50
9
101
32
38
57
31
93
8
3
113
87
47
55
118
62
56
138
133
85
64
131
26
94
92
143
29
110
107
5
24
124
10
93
90
102
121
100
124
95
13
135
112
25
67
57
88
4
80
96
68
48
61
36
6
67
108
133
11
125
48
72
110
54
125
74
71
40
4
76
22
105
131
141
20
69
86
80
33
19
39
132
73
144
37
46
66
34
20
44
123
130
74
51
99
127
78
138
105
49
49
134
53
52
50
28
112
75
28
113
72
17
46
29
84
31
109
10
104
121
64
114
76
140
71
88
42
82
8
70
126
118
62
34
139
21
116
144
17
55
16
114
128
2
41
107
30
53
43
119
126
65
75
134
100
42
58
39
95
63
22
43
122
11
106
13
117
35
61
60
133
121
122
123
111
112
113
101
89
88
87
75
74
73
85
86
98
97
109
110
111
99
100
112
124
136
137
138
126
127
139
140
128
116
117
129
130
131
119
120
108
107
95
96
84
83
71
70
82
81
69
57
58
59
47
48
36
35
34
46
45
33
32
20
21
9
8
7
19
31
43
42
30
18
6
5
17
16
4
3
15
14
26
25
13
1
2
3
4
5
6
7
8
9
10
22
23
11
12
24
36
48
60
72
84
96
108
120
132
144
143
142
141
140
139
138
137
125
126
114
115
103
104
105
106
118
119
107
95
94
93
92
91
90
102
103
91
79
67
66
78
77
76
64
65
53
41
29
28
40
52
51
50
49
37
38
39
27
15
16
17
18
19
20
32
44
56
55
54
66
65
53
52
51
63
62
50
49
61
73
61
62
74
75
63
64
76
77
78
79
67
55
54
42
41
40
39
38
37
25
13
1
2
14
26
27
28
29
30
31
43
44
45
33
21
22
10
11
12
24
23
35
34
46
47
59
60
72
71
83
82
81
69
70
58
57
56
68
80
68
80
92
104
116
117
105
93
94
106
118
130
131
132
144
143
142
141
129
128
127
115
114
113
101
102
90
89
88
100
99
87
86
85
97
98
110
109
121
133
134
122
123
135
134
135
136
124
125
12
11
23
35
34
46
58
57
56
44
32
31
19
7
8
20
21
9
10
22
34
33
45
46
47
48
60
72
71
83
84
96
95
94
106
107
119
131
130
142
141
129
128
140
139
127
126
114
115
103
102
101
113
125
124
136
135
123
111
112
100
99
87
86
98
97
85
73
74
75
76
64
63
62
61
49
50
38
37
25
26
14
15
3
2
1
13
25
37
49
61
73
85
97
109
110
122
121
133
134
135
136
137
138
139
140
141
142
143
144
132
120
108
96
84
72
60
59
71
70
82
81
93
105
117
118
130
129
128
116
104
92
80
68
69
81
80
79
78
66
67
55
43
42
54
53
52
51
39
40
41
29
17
5
4
16
28
27
26
38
50
62
74
86
87
88
89
77
65
66
54
53
41
29
30
18
17
5
6
7
6
18
19
31
30
42
43
55
67
79
78
77
65
64
52
40
28
16
4
3
2
1
13
14
15
27
39
51
63
75
76
88
100
99
98
110
109
121
133
134
122
123
111
112
124
125
137
138
126
127
115
103
102
114
113
101
89
90
91
90
91
92
93
94
106
105
104
116
117
118
119
131
143
144
132
120
108
107
95
83
82
70
58
57
69
68
56
44
45
33
32
20
8
9
21
22
10
11
12
24
23
35
36
24
36
48
47
59
71
108
7
9
83
142
84
116
136
135
35
76
85
90
33
74
75
111
4
17
15
80
81
26
105
64
43
10
96
102
49
10
67
41
45
119
38
125
78
14
61
112
124
59
77
97
53
79
41
51
128
117
140
17
140
133
52
103
137
73
25
74
7
118
29
107
72
93
130
72
134
73
105
132
56
1
70
75
21
110
40
143
112
13
127
48
86
26
128
117
31
82
57
24
22
126
39
8
61
66
82
27
95
99
121
43
101
87
5
30
50
126
65
19
38
92
53
29
121
106
69
57
12
114
30
54
114
97
102
100
14
88
24
32
104
63
115
28
129
68
25
28
120
22
36
3
5
39
15
62
103
11
70
63
101
34
68
115
136
20
98
133
65
99
47
89
106
80
120
46
42
44
109
46
132
42
91
51
107
18
127
45
79
119
78
62
131
83
116
12
11
66
122
55
90
71
4
142
77
139
40
56
143
35
1
49
123
93
50
87
6
98
6
122
134
113
118
84
58
108
138
20
89
37
64
36
44
94
123
33
52
60
48
58
47
141
91
130
124
27
23
92
16
141
86
32
129
18
139
111
104
125
135
21
60
2
110
137
59
16
55
100
23
131
3
95
94
96
13
2
69
19
37
9
85
144
34
138
31
8
76
67
81
113
54
88
144
109
41
77
50
98
141
116
115
55
40
37
76
139
131
90
2
60
107
45
135
11
24
101
116
142
68
100
35
74
46
113
51
1
91
119
43
42
112
58
131
128
41
36
54
136
75
112
48
71
121
104
73
52
104
21
15
90
111
21
70
144
80
100
79
9
61
27
83
128
127
59
67
17
144
10
28
109
25
124
119
82
22
118
30
140
7
20
5
62
143
97
89
53
105
96
98
40
8
120
76
33
23
13
25
85
26
57
33
23
74
91
37
69
133
102
2
107
26
10
71
124
136
43
42
139
5
106
4
16
69
56
29
46
65
102
17
93
141
7
110
59
95
109
110
92
31
108
49
94
44
130
92
132
1
55
6
64
81
129
11
13
75
63
27
12
61
70
18
129
15
137
138
9
32
60
49
122
86
68
78
108
127
32
54
53
132
105
63
85
86
89
29
103
96
130
106
56
14
143
88
36
135
125
137
44
83
51
88
48
50
66
114
38
78
95
81
19
142
30
125
103
114
97
117
38
93
67
34
58
77
62
20
6
34
18
122
94
64
115
72
111
47
72
39
118
99
31
65
87
39
8
19
87
47
3
4
52
73
134
28
16
84
79
120
134
133
3
99
123
113
121
117
24
14
22
35
45
80
12
82
84
123
101
126
57
138
66
140
126
1
13
25
26
38
37
49
50
51
63
64
65
66
78
90
91
92
93
81
69
57
45
33
32
44
43
55
54
53
41
29
30
42
43
31
19
18
6
7
8
9
21
22
23
11
12
24
36
35
34
46
47
48
60
72
84
83
95
107
119
118
106
105
117
129
128
127
139
140
141
142
130
131
132
120
108
96
84
72
71
70
58
59
60
48
36
35
47
59
71
70
82
94
106
118
117
116
104
103
115
114
126
138
137
125
124
136
135
134
133
121
109
97
98
99
87
86
74
62
61
73
85
97
109
110
122
123
111
112
100
88
76
77
89
101
102
114
113
101
89
88
87
75
76
77
78
79
67
68
56
55
67
66
65
64
52
40
39
27
28
16
17
5
4
3
15
14
2
3
4
16
15
27
26
14
2
1
13
25
37
49
50
38
39
40
28
29
41
42
54
53
52
51
63
75
74
62
61
73
85
86
98
110
111
99
100
112
113
125
124
123
122
121
133
134
135
136
137
138
126
127
139
140
128
129
141
142
130
131
143
144
143
144
132
120
119
107
108
96
95
83
82
94
93
105
104
116
115
103
102
90
91
79
80
92
80
81
69
68
56
57
58
46
45
44
32
31
30
18
17
5
6
7
19
20
8
20
21
33
34
22
10
9
10
11
12
24
23
144
143
142
130
129
141
140
128
116
115
103
91
79
78
77
65
53
41
42
43
44
45
46
58
57
69
68
80
92
93
94
82
81
69
70
71
83
84
72
60
48
47
35
23
24
12
11
10
22
34
33
21
9
8
7
6
18
17
16
15
27
28
40
39
38
50
62
61
49
37
25
26
14
2
3
4
5
6
7
19
31
32
20
8
9
10
22
21
20
19
31
30
29
28
27
39
51
52
64
63
75
74
73
85
86
98
97
109
121
133
134
135
136
124
112
113
125
126
127
139
138
137
136
135
123
122
110
111
99
100
101
102
90
89
88
76
75
87
88
89
101
113
114
102
90
78
66
67
55
56
68
67
79
91
103
104
105
117
118
106
107
95
96
108
120
119
131
132
120
108
107
119
118
130
131
132
144
143
142
141
140
128
129
117
105
106
94
93
81
80
92
104
116
115
114
126
127
139
138
137
125
124
123
111
112
100
99
87
86
98
110
122
134
133
121
109
97
85
73
74
62
61
49
50
38
37
25
26
14
13
1
13
1
2
3
15
16
4
5
17
18
30
29
41
40
52
51
63
64
76
77
65
66
54
53
54
42
43
55
56
44
32
33
45
57
58
70
82
83
95
96
84
72
71
59
60
59
47
46
34
35
36
48
36
24
12
11
23
40
75
21
12
19
47
11
134
5
58
69
14
51
131
19
101
114
51
88
30
60
111
4
100
37
65
125
8
44
89
9
1
99
86
127
116
52
26
136
56
94
104
32
67
77
50
143
137
74
24
64
57
72
23
135
141
115
100
31
128
66
22
74
80
129
6
124
137
118
10
92
97
124
27
142
117
79
82
78
35
38
123
61
28
17
46
28
26
64
3
22
27
34
138
101
127
125
126
12
75
48
37
55
24
109
95
85
45
53
119
104
10
122
102
132
77
76
67
112
56
33
4
106
15
59
49
80
61
103
118
112
122
108
41
113
133
105
72
119
88
52
62
91
113
89
34
106
107
11
39
44
91
33
58
41
13
3
63
2
53
7
15
123
129
78
99
73
84
141
65
13
70
50
17
62
20
140
97
95
35
18
47
14
120
111
128
130
7
5
144
36
84
126
71
102
83
9
130
103
68
107
49
133
81
82
21
83
90
29
38
66
2
94
93
131
76
39
140
45
81
25
110
16
142
43
25
90
59
116
96
20
92
42
79
54
57
110
121
73
86
87
98
8
121
108
1
132
68
85
144
71
136
139
70
16
48
43
60
98
139
54
42
30
18
31
96
23
109
143
114
115
32
63
93
69
138
120
105
87
134
40
135
117
55
6
36
29
46
128
96
57
78
28
102
115
122
74
65
128
88
30
77
14
22
13
119
29
22
105
90
91
42
131
55
45
72
95
29
93
11
86
61
55
56
40
83
36
144
4
113
42
139
2
47
62
39
7
52
135
66
7
130
112
125
43
27
131
76
135
143
77
108
18
48
20
132
24
74
65
44
49
1
141
101
126
33
124
72
9
67
20
47
67
27
41
19
97
94
25
5
140
138
81
25
118
107
64
26
99
82
13
24
17
120
60
21
69
62
73
39
32
114
126
61
95
110
104
71
10
136
56
58
96
87
133
28
14
111
8
16
31
85
100
70
88
38
57
86
3
101
64
12
89
50
117
123
37
35
35
21
138
8
49
59
71
103
134
23
76
50
114
99
109
79
108
40
89
33
106
94
15
134
140
43
98
51
129
97
46
115
53
132
12
102
6
112
11
103
83
41
4
36
130
144
66
68
59
68
70
117
75
51
75
116
1
34
113
119
143
121
110
79
15
80
142
105
90
46
106
52
38
116
48
2
107
118
87
54
60
133
37
3
32
54
93
122
98
127
63
100
120
69
18
16
30
84
63
125
104
6
124
53
92
44
142
141
17
5
91
137
92
73
34
81
139
10
136
111
123
82
45
23
26
121
129
80
78
84
31
19
85
127
9
137
109
58
12
11
10
9
8
20
32
31
19
7
6
18
30
42
54
55
43
44
45
33
21
22
23
24
36
35
34
46
58
59
60
48
47
46
58
70
82
81
69
57
56
68
80
79
67
66
78
77
76
88
100
101
89
90
102
114
113
125
126
138
137
136
135
123
124
112
111
99
98
97
109
121
122
110
109
97
85
86
87
75
74
62
50
38
37
49
61
73
85
86
98
99
87
88
100
112
113
114
115
127
139
140
141
129
128
116
117
105
93
92
91
103
104
105
106
94
95
83
71
72
84
96
108
107
119
120
132
131
143
142
130
118
106
94
93
81
69
57
45
44
32
31
43
42
41
40
39
51
63
64
65
53
52
51
39
27
28
29
17
16
4
3
15
14
2
1
13
25
26
27
28
16
15
3
2
1
13
14
26
25
37
38
50
49
61
73
74
62
63
75
76
77
89
101
102
90
91
92
80
79
78
66
67
68
56
55
54
53
65
64
52
40
41
29
30
18
17
5
4
5
6
7
19
20
8
9
10
22
21
33
34
35
23
11
12
24
36
48
47
59
60
72
71
70
82
83
84
96
95
107
108
120
119
131
130
118
117
129
128
116
104
103
115
127
126
125
124
123
111
110
122
134
133
121
133
134
135
136
137
138
139
140
141
142
143
144
132
144
1
13
25
37
49
50
51
63
62
61
73
74
75
76
77
65
64
52
40
39
38
26
14
2
3
15
27
28
29
17
5
4
16
28
29
30
31
43
42
41
53
54
55
67
66
78
79
91
103
104
105
93
92
80
81
82
94
95
83
84
96
108
120
119
107
106
118
117
129
141
142
143
131
130
142
141
140
128
116
115
127
126
125
124
136
137
138
139
140
128
129
117
116
104
105
106
94
82
70
71
72
60
48
47
59
58
46
45
44
56
68
69
57
45
33
32
20
19
18
6
7
8
9
21
22
10
11
23
24
36
35
34
33
32
44
43
42
41
40
52
51
63
64
76
88
100
112
113
114
102
90
89
101
113
112
111
99
87
86
98
97
109
110
122
121
133
134
135
123
111
99
98
110
109
121
133
134
122
123
135
136
124
125
137
138
139
127
126
114
115
103
91
92
93
81
80
68
56
55
67
79
78
66
54
53
65
77
89
90
102
101
100
88
87
75
74
86
85
97
85
73
61
62
50
49
37
25
26
38
39
27
15
14
13
1
2
3
4
16
17
5
6
18
30
31
19
7
8
20
21
9
10
22
23
35
34
46
47
59
58
57
69
70
71
83
95
107
119
118
130
131
132
144
143
144
132
120
108
96
84
72
60
48
36
24
12
11
12
