##Rat 5 Day 48
 ##rewards
74
87
21
##Vertices
91
35
140
80
140
64
76
139
122
121
39
83
128
45
27
110
65
17
70
114
69
50
10
38
75
63
63
46
15
71
86
108
120
129
22
86
99
44
11
90
117
139
67
143
121
103
119
126
59
125
56
106
119
107
7
60
42
62
38
137
75
100
88
135
9
51
100
19
133
51
57
19
96
112
74
141
26
53
8
56
113
138
129
66
120
28
89
107
108
104
111
97
55
124
2
127
60
87
130
103
93
92
115
84
18
101
15
142
52
112
23
96
133
37
97
13
23
48
50
114
82
52
83
3
77
14
61
40
49
13
40
72
30
73
104
8
58
30
71
54
132
31
14
6
118
33
62
142
80
106
32
122
95
70
28
17
12
141
81
18
115
137
37
95
94
26
126
43
85
109
21
136
25
98
88
12
113
33
85
6
1
46
131
34
5
138
116
102
64
41
91
24
35
127
93
102
7
55
87
105
44
59
144
109
32
134
136
99
31
5
2
69
29
74
65
21
98
110
92
36
84
144
20
123
54
25
53
117
105
124
73
57
131
68
24
125
4
47
48
118
27
58
43
72
76
3
135
89
130
101
16
78
116
9
111
134
78
61
67
29
10
45
20
132
81
42
49
79
77
90
39
128
16
22
82
79
68
47
34
4
123
11
41
94
36
1
143
66
62
95
110
44
78
84
13
68
18
88
69
134
94
112
67
88
82
3
25
38
89
49
90
46
56
116
11
124
16
29
40
136
140
138
101
76
31
19
120
95
105
14
74
91
79
79
17
107
83
51
55
85
33
105
77
82
130
53
69
109
129
119
111
122
12
7
106
117
128
5
114
57
33
133
41
72
1
22
85
73
6
8
58
99
80
4
3
100
121
2
25
127
23
144
22
45
102
42
24
23
62
129
93
63
9
70
17
59
7
43
119
118
35
132
8
49
98
53
76
20
45
56
115
75
108
101
138
14
81
18
9
128
72
47
87
65
104
130
73
93
61
27
102
6
63
60
131
112
142
46
141
21
67
126
26
133
50
59
42
4
144
125
57
16
71
135
80
143
20
61
28
117
86
86
120
89
124
123
51
37
84
66
100
143
12
48
78
1
48
121
111
94
110
139
81
54
98
34
137
126
13
30
142
31
36
58
108
125
60
90
68
52
47
52
106
139
75
83
87
136
5
19
41
104
116
109
15
92
55
26
113
29
28
39
66
97
39
64
44
113
50
15
11
64
35
70
40
114
37
74
2
21
71
30
122
96
43
96
97
32
32
10
54
140
134
107
127
91
118
115
132
103
103
123
99
36
34
135
65
137
77
131
38
24
141
92
27
10
1
13
14
15
3
2
1
13
25
26
38
50
51
52
64
65
66
78
90
102
114
113
101
100
112
124
125
137
138
126
127
139
140
128
129
117
118
130
142
141
140
139
138
137
136
135
123
122
134
133
121
109
110
111
99
98
97
85
73
74
75
63
62
61
49
37
25
26
27
39
40
41
42
43
44
56
68
67
55
54
53
41
29
28
16
4
5
6
18
19
7
8
20
21
22
10
9
8
7
6
5
17
18
30
31
32
33
45
57
69
70
71
59
60
72
84
96
95
94
106
107
108
120
132
131
119
118
106
105
93
92
80
81
82
83
84
72
60
48
47
35
23
11
12
24
36
48
47
46
58
57
69
68
56
55
54
53
65
77
89
88
87
86
85
97
98
99
100
101
102
103
91
79
67
66
78
79
80
81
93
94
82
70
58
59
71
83
95
96
108
107
119
120
132
144
143
144
143
131
130
142
141
129
117
116
128
127
126
125
124
136
135
123
122
134
133
121
109
110
111
112
113
114
115
116
115
103
104
105
104
92
91
90
89
77
76
64
52
51
63
75
76
88
87
86
74
73
61
62
50
49
37
38
39
40
28
27
15
14
2
3
4
16
17
29
30
42
43
31
32
44
45
46
34
33
34
22
23
35
36
24
12
11
10
9
21
20
19
133
121
109
110
122
123
135
136
124
112
100
101
113
114
115
127
126
125
137
138
139
140
141
142
130
131
143
144
132
120
108
96
95
94
106
107
119
118
117
105
93
92
104
103
91
79
80
81
82
83
71
70
58
57
69
68
67
55
56
44
45
46
34
35
36
24
12
11
23
22
10
9
8
7
6
18
19
31
30
29
41
42
54
66
78
90
102
101
89
77
65
53
52
64
63
75
76
88
87
86
74
62
50
51
39
38
37
25
26
27
15
14
2
1
13
25
37
49
61
73
85
97
98
99
111
112
113
114
102
90
91
103
115
116
128
129
141
142
130
118
106
94
82
70
58
59
60
48
47
46
34
33
21
20
32
31
43
42
30
29
28
40
41
53
65
64
52
40
28
16
4
5
17
16
17
5
6
18
19
7
8
9
10
11
12
24
36
48
60
72
84
83
95
107
119
131
143
144
132
120
108
96
84
72
71
59
47
35
23
22
21
20
32
33
45
44
43
55
54
66
78
79
67
68
56
57
69
81
80
92
93
105
104
116
117
129
128
140
139
127
126
138
137
125
124
123
111
99
100
88
89
77
76
75
87
86
74
62
63
51
39
27
15
3
4
3
2
1
13
14
26
38
50
49
61
73
85
97
98
110
109
121
133
134
122
134
135
136
122
57
1
131
61
100
50
16
115
109
96
13
50
110
70
76
28
47
33
114
31
104
15
8
107
5
127
136
127
4
40
138
120
2
46
105
18
120
71
123
88
140
44
83
26
116
45
141
28
14
125
132
118
117
101
82
49
7
48
75
23
53
123
79
91
137
5
11
34
99
133
21
19
62
65
131
144
121
70
101
30
122
40
44
85
119
80
33
125
60
139
79
72
20
73
84
126
48
73
69
108
9
18
138
141
61
130
54
42
87
21
24
67
94
104
97
102
93
31
90
1
38
53
43
95
2
82
55
17
144
99
12
8
25
129
36
62
74
37
34
139
16
114
142
11
143
103
87
136
83
39
6
58
110
84
56
63
51
135
117
64
140
12
57
81
98
20
46
52
93
107
49
66
38
68
88
118
124
67
98
97
115
56
14
41
30
4
113
111
13
27
112
35
19
78
7
137
112
59
37
92
23
3
64
66
89
9
128
77
133
134
105
103
108
69
129
51
43
100
15
24
26
74
86
22
65
130
36
81
63
3
142
113
29
6
17
106
90
80
55
143
29
95
52
39
72
77
54
75
78
10
85
71
32
119
27
111
134
32
42
47
58
89
106
124
109
132
91
102
25
59
135
10
128
96
68
45
86
76
35
121
126
92
94
116
60
41
22
55
73
38
54
1
49
77
132
66
93
68
116
3
19
117
34
18
129
10
21
133
39
99
23
121
6
94
36
58
24
104
131
140
97
110
124
118
74
92
44
61
57
11
39
15
74
70
71
90
97
132
84
85
59
81
79
114
71
101
45
100
30
47
23
25
134
22
88
78
6
84
131
126
40
95
70
29
56
115
125
79
34
5
108
42
45
80
139
83
113
60
76
48
103
55
48
58
37
5
31
100
89
69
50
25
99
62
75
49
78
2
136
44
117
2
52
82
111
138
10
119
35
67
17
112
63
98
137
119
9
134
92
122
110
143
15
124
27
18
28
16
36
111
107
106
53
123
26
30
21
90
98
59
13
65
127
20
43
144
60
109
7
4
54
31
32
143
66
35
116
118
121
82
120
20
29
37
113
133
50
33
86
8
22
69
41
17
4
88
123
136
33
12
32
51
62
16
108
109
14
140
51
43
125
19
75
3
73
27
61
103
56
46
130
107
12
135
114
141
64
52
144
72
67
87
137
47
13
104
93
128
9
120
130
86
139
87
63
7
126
76
122
72
112
53
101
96
106
105
89
115
85
91
83
41
14
142
40
38
80
26
68
11
135
142
8
129
81
46
28
105
42
141
128
65
102
138
96
1
24
77
57
91
95
94
127
64
102
12
24
36
35
23
22
10
9
21
33
45
44
32
31
30
18
19
20
8
7
6
5
4
3
15
14
2
1
13
25
37
49
50
51
39
38
26
27
28
40
52
53
41
42
54
66
65
64
63
62
74
75
87
88
76
77
78
90
89
101
100
99
111
110
109
121
133
134
122
123
135
136
137
138
139
127
126
114
115
116
104
103
91
79
67
55
43
44
56
68
80
92
93
81
82
70
69
57
58
59
71
83
95
94
106
107
108
120
119
118
130
131
143
144
132
120
108
96
84
72
60
48
47
46
34
33
32
31
43
55
54
42
30
29
17
16
4
3
15
27
39
51
63
75
87
86
85
97
98
99
111
112
124
125
113
114
102
103
115
116
117
105
104
92
80
81
93
105
117
129
141
140
128
129
128
140
139
127
126
138
137
136
135
134
133
121
109
97
85
73
61
62
50
38
26
14
2
1
13
25
37
49
61
73
74
86
98
110
122
123
124
125
113
112
100
101
102
90
91
79
67
66
78
77
89
88
76
64
65
53
52
40
41
29
28
16
17
5
6
18
19
7
8
20
21
22
34
46
45
57
56
68
69
70
58
59
71
83
82
94
106
118
130
142
141
142
143
144
132
131
119
107
95
96
84
72
60
48
47
35
36
24
12
11
23
11
10
9
144
143
142
141
140
128
129
130
131
132
120
119
118
106
105
104
92
91
103
102
101
113
114
126
138
137
125
124
136
135
134
122
110
98
97
85
86
87
88
89
77
76
64
65
66
67
55
54
42
43
44
56
57
69
68
80
79
78
90
89
88
100
112
111
123
135
136
137
138
139
127
115
116
117
105
93
94
82
81
93
94
95
96
108
107
106
118
117
116
104
103
102
101
100
99
87
75
63
62
50
38
37
25
26
27
39
51
52
53
41
40
28
29
17
16
4
3
15
14
2
1
13
25
37
49
61
73
74
75
76
64
52
53
41
40
28
29
30
31
19
18
6
7
8
9
21
20
32
33
34
35
47
59
58
46
45
57
58
70
71
72
60
48
36
24
12
11
23
22
10
9
21
22
10
11
12
24
23
35
36
48
47
46
34
33
45
44
56
55
43
31
32
20
8
7
19
18
30
42
54
66
65
77
78
90
91
92
80
79
67
68
69
81
82
70
71
59
60
72
84
83
95
83
84
96
108
107
119
120
132
144
143
131
130
142
141
129
128
140
139
127
115
114
126
125
124
123
122
134
133
121
133
121
109
110
109
97
85
73
61
49
50
38
26
14
13
1
2
3
4
5
6
5
17
16
15
27
39
51
63
62
74
86
98
99
111
112
113
12
121
103
117
55
134
91
55
41
133
29
29
68
92
116
62
30
48
30
51
53
82
25
97
83
50
62
44
90
70
76
114
39
18
7
27
142
46
143
128
42
32
6
88
32
53
108
25
40
19
8
50
22
23
114
65
95
10
54
3
85
140
9
16
137
24
40
131
100
126
121
93
33
117
10
41
11
52
104
80
8
98
87
78
35
101
110
45
36
97
103
5
4
57
80
35
85
31
51
64
111
43
94
22
101
128
92
21
89
83
19
91
144
36
17
120
71
46
48
54
136
93
56
27
13
66
124
138
59
122
11
106
43
21
61
67
131
139
87
94
113
60
1
125
69
118
14
113
76
49
132
111
4
135
96
81
134
49
58
79
119
72
45
135
77
123
68
5
102
6
110
42
108
102
118
144
142
65
63
66
2
139
64
26
37
15
112
82
77
133
63
20
122
109
15
105
84
78
39
100
73
81
31
130
89
86
106
79
104
96
141
127
99
60
14
12
127
16
1
38
129
124
20
109
47
137
9
140
84
73
58
23
98
7
57
107
26
34
74
112
69
24
126
28
90
143
119
37
132
125
95
130
34
141
86
138
13
18
56
75
2
52
88
105
115
47
116
61
38
59
71
136
107
75
115
99
70
123
28
67
3
129
44
74
33
120
72
17
89
136
6
128
3
30
64
34
50
104
85
36
130
92
21
73
105
22
126
51
95
91
57
38
90
77
140
143
75
118
111
144
40
142
111
96
91
95
35
49
50
126
137
86
86
99
116
37
22
112
85
66
113
70
16
78
143
1
134
104
94
101
4
60
24
23
52
24
29
44
31
74
74
28
93
110
70
11
98
97
92
19
63
114
53
133
31
34
36
66
90
124
60
10
58
88
121
47
13
62
77
142
79
58
59
1
130
20
3
101
138
16
107
33
56
131
41
43
138
122
21
71
103
12
14
87
18
49
125
76
8
42
110
2
81
137
80
98
108
84
23
55
106
55
89
46
72
80
61
141
63
139
120
46
15
45
82
27
5
71
113
45
124
44
37
84
26
129
52
2
108
43
127
96
17
56
123
64
14
117
41
117
102
33
136
132
106
68
30
15
57
47
5
12
18
83
119
128
105
123
88
8
39
102
75
94
87
68
133
69
112
17
134
32
6
4
69
54
122
13
48
132
62
103
121
29
65
54
40
100
135
38
39
93
115
42
59
127
7
109
19
67
119
135
139
114
120
109
32
48
144
82
67
65
81
53
73
11
7
25
131
115
78
20
35
100
99
51
9
25
125
118
116
141
28
79
83
72
140
26
107
76
27
10
97
61
9
129
144
132
131
130
142
141
140
139
138
137
136
135
123
124
112
100
101
89
88
87
75
74
73
61
49
50
38
37
25
26
14
13
1
2
3
4
16
28
40
41
53
52
51
39
27
15
3
4
5
17
29
30
42
54
66
65
64
76
77
78
90
102
103
115
114
113
125
126
127
128
116
104
105
106
94
95
96
84
83
71
72
60
59
47
48
36
24
23
22
10
9
8
7
6
18
19
20
21
33
45
57
69
70
58
46
34
35
36
48
60
72
84
96
108
120
119
107
106
118
117
129
141
140
128
116
115
103
91
79
67
68
80
81
82
83
71
59
47
35
34
46
58
70
69
57
56
44
32
31
43
55
54
66
78
90
102
101
100
99
111
110
122
121
109
97
98
86
85
73
61
62
74
86
85
97
98
110
109
121
133
134
133
134
122
123
135
136
137
138
139
127
126
114
113
125
124
112
111
99
87
88
89
77
76
75
63
62
50
49
37
38
39
51
63
64
65
53
52
40
28
27
26
25
13
1
2
14
15
16
17
5
6
7
19
18
30
29
41
42
43
31
32
20
8
9
10
11
12
24
12
11
23
22
21
33
45
44
56
55
67
68
80
79
91
92
93
105
117
129
130
118
119
131
143
142
143
144
132
120
108
107
95
94
82
81
93
92
104
12
11
23
35
36
24
12
11
10
22
21
20
32
44
43
55
67
66
65
64
63
51
52
40
39
38
50
49
61
62
74
73
85
86
98
99
111
110
109
97
85
73
61
49
37
25
26
14
13
1
2
3
15
27
28
16
4
5
6
18
30
31
19
7
8
9
10
22
34
33
45
57
69
81
93
92
91
79
80
68
56
57
58
46
47
48
60
72
71
83
84
96
95
107
119
120
108
96
84
72
60
59
71
70
82
94
106
105
104
103
115
127
128
140
139
138
137
125
113
112
124
136
135
134
122
123
111
112
100
101
89
90
102
114
126
138
139
140
141
129
130
131
132
144
143
142
141
129
117
116
104
103
91
92
80
68
56
55
54
53
41
29
17
5
4
16
28
40
52
64
76
77
78
79
67
66
78
90
102
101
113
114
115
116
128
127
126
125
137
136
124
123
135
134
133
121
133
121
122
110
109
97
98
99
87
86
74
62
50
38
37
25
26
14
13
1
2
3
15
27
39
51
63
75
87
75
76
88
100
88
89
77
65
53
54
42
43
44
32
31
30
42
41
29
17
18
6
7
19
20
8
9
21
33
45
46
34
35
23
24
36
48
47
59
58
70
69
81
82
94
93
105
117
118
106
118
119
131
130
142
143
144
132
120
108
107
95
83
