##Rat 1 Day 36
 ##rewards
19
32
98
##Vertices
24
9
51
141
23
72
34
137
110
44
69
101
66
98
34
64
103
130
33
102
48
80
29
33
143
40
85
49
83
56
135
32
7
20
118
74
96
47
105
25
85
126
54
46
100
41
13
124
127
16
129
35
81
46
43
84
68
109
144
6
12
98
52
93
2
142
63
99
36
2
121
128
62
13
57
70
38
14
108
53
42
39
138
113
8
123
61
66
117
6
83
79
88
92
77
44
97
91
75
90
89
31
20
67
119
40
62
143
58
139
114
122
84
107
71
28
116
112
129
27
8
1
106
80
3
73
63
26
61
55
105
97
60
114
117
118
125
37
50
122
18
30
77
28
10
86
94
65
23
42
119
50
133
123
55
29
49
78
76
90
67
24
51
131
7
54
69
82
52
59
132
17
104
30
127
4
45
10
45
73
104
136
38
31
125
99
41
4
137
21
76
72
109
108
18
5
140
12
112
138
111
103
36
9
16
139
144
140
17
11
5
22
111
128
136
106
87
124
134
107
3
26
14
86
82
134
35
27
115
78
102
88
37
93
70
120
92
131
141
96
68
71
60
19
57
21
75
110
95
95
59
91
11
79
47
56
19
64
15
15
74
25
100
39
22
32
43
121
89
1
94
135
142
65
130
81
53
132
120
48
101
113
58
133
126
116
87
115
29
31
142
20
8
139
1
98
7
127
33
101
136
58
36
29
6
24
91
71
1
13
48
129
85
132
60
79
99
17
131
68
122
92
67
35
87
58
90
105
117
83
23
83
94
103
137
116
141
115
121
8
39
32
77
65
91
111
32
113
30
70
100
42
128
36
114
66
112
93
123
4
43
57
107
38
63
42
37
66
64
135
45
10
43
81
96
126
54
104
88
90
87
5
34
108
14
107
25
114
100
141
131
128
70
17
109
79
85
56
142
75
15
12
89
106
144
94
10
120
97
53
9
28
138
19
109
102
88
51
35
117
13
15
110
124
96
99
95
3
47
81
74
50
97
134
49
12
50
40
55
27
21
76
33
59
41
59
28
21
55
73
78
93
122
80
30
135
37
41
67
78
19
136
112
20
49
39
110
138
6
86
108
103
133
63
86
132
11
48
130
82
3
68
101
119
104
137
38
25
26
125
120
53
77
84
119
54
26
72
75
143
124
102
24
98
71
61
80
84
69
125
106
92
118
14
140
105
64
76
121
65
89
51
61
22
113
4
82
5
56
130
60
9
74
126
52
46
34
23
123
16
44
69
7
140
52
46
27
45
134
118
133
62
127
143
44
47
111
22
73
18
115
57
129
16
2
18
31
116
95
2
40
62
11
139
144
72
144
143
142
141
140
128
129
117
118
106
105
104
103
102
114
113
101
89
90
78
77
65
64
76
75
63
62
61
73
85
86
74
75
87
88
100
112
124
125
137
136
135
134
133
121
122
110
109
97
98
99
111
123
135
136
137
138
126
127
115
116
117
118
130
131
119
120
108
96
84
83
82
94
93
92
80
79
91
90
89
88
87
99
100
101
102
103
104
105
106
107
95
96
84
72
71
70
69
68
56
44
32
33
45
46
47
48
36
24
23
22
34
35
36
48
60
59
58
57
45
33
21
9
8
7
19
31
43
55
54
53
52
51
50
49
37
25
13
1
2
3
4
16
17
5
6
18
30
42
41
40
28
29
41
40
39
27
15
14
26
38
39
27
28
29
30
42
54
66
67
55
56
68
67
66
65
53
52
51
63
64
76
77
78
79
91
92
93
94
95
83
82
81
80
81
69
57
58
70
71
72
60
59
47
46
34
35
23
22
10
11
12
24
12
11
10
9
8
20
21
20
32
44
43
31
19
7
6
18
17
5
4
16
15
3
2
1
13
14
26
25
37
38
50
49
61
62
74
73
85
86
98
97
109
121
133
134
122
110
111
123
124
112
113
125
126
114
115
116
128
127
139
138
139
140
141
129
130
142
143
131
119
107
108
120
132
144
132
133
121
109
110
122
123
135
134
133
121
109
97
85
73
61
49
37
25
26
27
15
3
4
5
6
7
8
20
21
9
10
22
23
24
36
48
47
35
34
33
32
31
19
18
30
42
43
44
56
68
69
81
80
79
67
55
54
66
78
77
76
88
87
86
98
99
111
112
113
125
137
136
124
112
100
101
102
103
91
90
89
101
100
88
89
90
78
77
65
53
41
29
17
16
28
40
52
64
63
51
39
38
50
62
74
75
63
51
52
40
41
29
30
42
43
44
45
57
58
46
34
33
45
57
69
70
82
94
93
92
104
105
117
118
106
107
119
131
130
129
141
142
143
144
132
120
108
96
95
83
71
59
60
72
84
96
108
107
106
118
117
116
128
140
139
138
126
127
115
114
113
125
124
123
111
99
87
75
76
64
65
53
54
66
67
79
91
103
102
114
126
127
115
116
128
129
130
131
119
120
132
144
143
142
141
140
139
138
137
136
135
134
122
110
98
97
85
86
74
73
61
62
50
49
37
25
26
38
39
27
28
16
15
14
2
14
13
1
13
1
2
3
4
5
17
18
6
7
19
31
32
20
8
9
21
22
10
11
12
24
12
11
23
35
36
48
47
46
58
70
71
59
60
72
84
83
95
94
82
81
93
105
104
92
80
68
56
55
62
7
7
85
66
89
57
60
69
84
10
9
3
99
140
109
3
47
138
106
119
48
34
68
40
79
29
115
133
118
53
21
109
132
143
56
37
71
30
54
11
122
119
33
63
104
70
143
67
8
1
80
26
100
45
52
95
135
132
23
51
31
111
127
72
14
82
86
134
78
74
102
5
35
15
144
71
105
27
104
60
83
45
89
75
30
97
73
80
113
139
136
96
130
28
12
31
110
61
79
59
140
76
100
133
34
115
103
139
110
102
127
76
134
128
128
58
65
125
38
20
81
101
125
141
11
42
18
16
121
38
84
130
50
4
111
59
46
124
64
122
98
25
90
87
131
81
29
95
1
14
86
61
12
126
120
135
78
112
97
77
108
129
124
93
23
43
8
56
43
137
117
82
19
58
49
123
49
35
41
87
103
68
64
73
91
114
25
26
117
13
138
70
15
116
36
55
63
54
18
44
144
17
36
107
91
39
52
51
47
66
6
142
46
17
39
99
107
72
62
53
74
37
67
88
5
27
108
40
19
92
10
42
32
106
77
137
57
22
4
32
94
9
112
33
98
126
142
123
141
136
69
2
44
92
101
85
105
28
24
93
129
113
21
20
90
88
121
50
41
16
116
24
22
114
55
94
6
75
118
65
131
83
48
2
96
13
120
62
77
91
8
10
122
41
5
78
43
96
33
81
79
69
60
67
132
120
120
144
130
21
66
57
38
25
133
47
135
51
122
112
92
12
1
5
16
9
143
40
107
13
56
22
109
15
115
127
89
127
114
18
138
24
7
100
55
9
106
136
6
3
64
95
57
130
132
63
51
39
43
137
110
46
65
119
144
36
17
64
28
86
102
125
123
4
134
134
112
49
2
82
140
76
121
87
29
80
11
61
55
80
3
25
71
17
19
74
54
117
113
109
72
60
139
23
35
40
137
29
124
33
95
53
37
47
99
102
58
27
42
101
28
68
104
128
125
41
126
93
15
71
131
90
50
13
39
20
46
105
69
131
124
35
88
98
72
34
107
104
82
42
54
84
78
20
116
30
56
8
96
142
75
66
44
7
115
108
140
77
48
65
118
11
94
75
119
94
129
45
138
24
52
88
16
59
48
73
128
117
111
67
108
70
26
12
100
61
74
49
142
58
70
141
85
22
116
106
37
10
38
121
18
139
93
118
87
52
14
26
90
59
76
136
73
19
89
91
63
141
113
50
129
101
135
1
14
2
45
84
133
21
126
34
83
103
44
97
143
79
32
98
103
114
99
81
111
105
30
32
92
23
27
62
83
31
68
6
123
85
86
31
97
4
53
36
110
12
24
36
48
60
59
47
46
34
33
45
57
69
81
82
94
93
92
80
79
91
90
102
103
115
114
126
138
139
140
128
127
115
116
104
105
106
107
95
96
108
120
132
144
143
131
130
142
141
129
117
118
119
120
108
96
84
83
71
70
58
46
34
35
23
22
10
9
8
7
19
31
32
44
56
55
67
68
80
92
104
116
117
105
93
81
69
57
45
33
21
20
8
7
6
18
30
42
54
53
52
51
39
40
28
16
4
3
2
14
26
27
15
3
4
5
17
29
41
40
39
38
37
49
61
62
63
64
65
77
89
101
113
125
137
136
135
134
133
121
109
97
98
86
85
73
74
75
76
88
100
99
87
88
100
112
111
110
122
123
124
112
111
99
87
75
76
77
78
66
65
53
54
66
78
90
89
101
113
114
102
103
91
79
67
68
56
44
32
20
19
31
43
55
43
42
41
29
30
18
6
5
17
16
28
27
15
14
26
25
13
1
2
1
13
25
37
49
50
38
50
51
52
64
63
62
61
73
74
86
85
97
98
110
109
121
133
134
122
123
135
136
124
125
137
138
126
127
139
140
128
129
141
142
143
144
132
131
130
118
119
107
106
94
95
83
82
70
58
59
71
72
84
72
60
48
47
35
36
24
23
22
21
9
10
11
12
11
1
13
14
15
27
26
25
37
49
50
62
61
73
74
75
87
86
85
97
98
99
111
123
122
110
109
121
133
134
135
136
137
125
126
114
113
101
100
88
76
77
65
66
54
53
52
64
63
51
39
40
28
16
17
5
4
3
2
1
13
25
26
38
39
40
41
29
30
42
43
31
19
20
8
7
6
18
30
31
32
44
45
33
34
35
23
22
21
9
10
11
12
24
36
48
47
59
60
72
84
96
95
83
71
70
82
81
93
105
117
118
119
120
108
107
106
94
82
70
58
46
45
57
69
68
56
55
67
79
78
90
102
103
91
92
80
81
93
94
106
118
130
131
132
144
143
142
141
140
139
138
137
136
124
112
100
99
87
88
89
101
102
114
115
127
128
116
104
105
117
129
128
129
130
131
132
144
143
142
141
140
139
138
126
127
115
116
104
103
91
92
80
79
67
68
69
57
56
55
54
42
43
44
32
33
34
46
58
59
71
83
95
107
119
120
108
96
84
72
60
48
47
35
36
24
12
11
23
22
10
9
21
20
8
7
19
18
6
5
17
16
4
3
2
14
15
27
28
29
41
53
65
66
78
90
89
77
76
75
74
62
63
64
52
51
50
38
37
49
61
73
85
86
98
97
109
110
122
121
133
134
135
123
111
112
113
125
124
138
55
99
13
14
112
107
77
24
1
135
63
117
78
38
46
80
79
21
59
68
58
126
25
130
24
128
90
13
105
28
39
103
119
14
60
97
20
96
37
11
34
135
91
69
15
111
46
118
42
27
85
48
108
38
95
121
41
97
20
34
139
105
22
88
52
69
3
7
81
129
21
82
103
109
59
42
61
81
104
98
132
87
26
115
139
136
118
112
35
86
101
4
26
47
123
124
88
57
82
40
36
45
143
113
9
75
49
66
131
133
67
78
58
32
121
12
65
108
91
116
19
127
144
71
106
27
5
137
93
90
8
37
73
140
116
6
60
1
113
62
80
10
95
67
53
122
136
72
32
134
15
18
133
70
51
52
131
4
75
43
10
2
73
111
100
79
126
41
64
99
132
53
141
117
68
63
125
31
98
128
43
22
25
89
93
66
85
35
23
56
30
18
45
55
110
17
50
86
36
64
39
124
120
102
76
16
54
144
12
115
71
57
74
76
61
74
127
92
130
142
143
104
129
30
123
17
33
11
141
70
3
84
56
94
51
125
84
83
87
50
134
23
72
54
5
101
29
102
83
62
106
77
19
109
49
9
122
140
107
44
138
6
33
96
29
7
94
16
48
28
137
65
44
100
31
114
8
119
47
2
40
92
142
114
120
89
110
1
136
143
40
126
84
113
104
86
29
36
26
118
79
65
105
116
42
52
140
76
11
120
56
3
132
121
59
118
37
8
35
40
30
93
29
108
32
9
122
100
63
98
84
141
6
4
97
126
61
124
8
142
99
46
128
33
76
123
67
13
74
85
108
82
132
58
5
117
11
15
17
143
133
89
106
96
116
2
50
61
26
102
91
77
3
24
135
54
49
55
130
106
70
25
21
131
107
103
125
144
46
9
71
95
136
34
91
1
5
87
127
101
78
31
111
19
33
115
65
23
100
87
60
135
53
97
53
78
62
41
73
128
104
113
119
43
77
56
70
142
6
83
107
73
47
85
32
37
27
63
18
17
12
137
38
94
34
130
112
134
103
93
15
48
83
19
59
114
67
88
48
22
72
36
20
127
79
82
54
138
18
120
102
45
72
81
24
133
88
64
92
31
16
95
124
138
64
2
69
139
27
69
66
44
110
45
123
58
109
62
25
109
114
30
66
105
35
75
129
80
38
22
10
90
115
20
42
140
125
7
112
47
117
12
39
81
23
10
60
119
44
14
101
99
96
43
122
134
137
131
57
14
98
4
89
74
49
39
121
68
144
110
28
13
55
57
94
141
28
68
71
86
41
139
92
80
51
16
50
52
21
51
111
90
129
75
7
12
11
23
35
34
22
10
9
8
20
19
7
6
18
30
29
17
5
4
16
28
27
26
14
15
3
2
1
13
25
37
49
50
62
63
51
52
40
41
42
54
55
67
68
56
44
43
31
32
33
45
46
47
59
60
48
36
24
12
11
10
22
21
33
45
57
58
70
69
81
82
83
95
96
84
72
71
70
82
94
93
105
106
118
130
131
119
107
108
120
132
144
143
142
141
129
128
140
139
138
137
125
126
127
115
114
102
101
100
99
111
123
135
136
124
112
113
114
115
116
117
105
104
103
91
92
80
79
78
66
65
64
76
77
89
90
102
101
113
112
111
110
122
134
133
121
109
97
85
73
61
49
37
38
39
40
28
29
41
53
52
64
63
75
74
86
87
88
100
99
98
86
98
110
122
134
133
121
109
97
85
73
61
62
74
75
87
88
76
77
89
90
78
79
91
103
104
92
80
68
69
81
93
94
106
118
117
116
128
127
126
125
124
123
135
136
137
138
139
140
141
129
130
142
143
144
132
131
119
120
108
107
95
96
84
83
71
72
60
59
47
48
36
24
23
35
34
46
58
57
56
55
67
66
65
53
54
42
30
18
19
31
43
44
32
20
21
9
8
7
6
5
17
16
4
3
15
14
2
1
13
25
26
27
39
51
50
38
1
13
25
26
27
28
16
17
18
19
7
6
5
4
3
15
14
2
3
4
5
6
18
30
29
41
42
54
55
67
68
80
92
91
90
78
66
65
64
63
75
87
86
74
73
85
97
109
110
111
99
98
97
85
73
61
49
37
38
39
51
50
62
63
51
52
40
41
53
54
66
67
79
80
81
69
57
45
44
32
20
21
33
34
22
23
35
47
48
60
59
58
70
71
72
84
83
95
94
93
105
106
118
130
142
143
144
132
131
119
120
108
96
84
72
60
48
36
24
12
11
10
9
8
7
19
31
43
55
56
68
69
81
82
94
93
105
117
129
128
127
115
116
104
103
102
114
126
138
137
125
113
101
89
77
76
88
100
112
124
123
122
121
133
134
135
136
137
138
139
140
139
127
126
114
113
125
124
136
135
123
122
134
133
121
109
110
98
99
111
112
100
88
87
86
74
75
76
64
52
53
65
77
89
101
102
90
78
79
91
92
104
103
115
116
128
140
141
142
141
129
117
118
130
131
143
144
132
120
119
107
106
107
108
96
95
83
82
70
71
59
47
46
34
22
23
35
36
24
12
11
10
9
8
20
21
33
45
46
58
57
56
44
32
31
43
42
30
29
28
40
39
27
26
38
50
62
61
49
37
25
13
1
2
14
15
16
17
