##Rat 5 Day 5
 ##rewards
74
87
21
##Vertices
144
132
131
143
142
130
129
141
140
128
116
117
105
104
103
115
127
139
138
137
125
126
114
113
112
111
99
98
86
87
88
89
90
102
101
100
112
124
136
135
123
122
134
133
121
109
97
85
73
61
62
74
75
76
77
65
66
67
68
80
81
69
57
45
44
43
55
54
42
30
29
41
40
28
16
17
5
4
3
2
1
13
14
15
27
39
38
26
25
37
49
50
51
52
53
65
64
63
75
76
64
63
51
52
53
54
42
43
31
19
20
21
22
23
35
47
48
60
59
71
70
58
46
34
33
32
44
56
57
45
33
32
31
30
18
6
7
8
9
10
11
12
24
36
48
60
72
84
96
95
83
82
94
106
118
119
120
108
107
106
118
117
116
115
103
91
92
93
94
82
70
58
46
47
59
71
72
84
83
95
96
108
107
119
120
132
144
143
131
130
142
141
129
128
140
139
127
126
138
137
125
113
114
102
90
91
79
67
55
56
68
69
81
93
105
104
92
80
79
78
66
78
77
89
101
100
88
87
99
111
110
98
110
122
123
124
136
135
134
133
121
109
97
85
86
74
73
61
62
50
49
37
38
26
25
13
1
2
14
15
3
4
16
28
27
39
40
41
29
17
5
6
18
19
7
8
20
21
9
10
22
23
11
12
24
36
35
34
12
11
23
24
36
35
47
48
60
59
58
46
45
57
69
70
71
72
84
96
95
83
82
94
106
118
117
129
128
116
104
92
80
81
93
105
106
107
108
120
119
131
132
144
143
142
141
140
139
138
126
127
115
103
91
90
78
66
54
55
43
42
41
40
52
64
65
77
76
75
87
88
100
99
98
86
85
97
109
121
133
134
122
110
111
112
124
123
135
136
137
125
113
101
89
90
102
114
115
103
102
114
113
101
89
77
76
64
63
62
50
38
26
14
15
16
4
5
17
18
30
29
28
27
39
51
52
53
41
40
39
51
63
75
74
73
61
49
37
25
13
1
2
3
4
5
6
7
8
20
19
31
32
33
34
22
10
9
21
33
34
46
58
70
69
68
56
44
32
31
30
29
28
16
17
18
6
7
19
20
8
9
21
22
10
11
12
24
23
35
36
48
47
59
60
72
71
83
84
96
95
94
82
81
80
68
67
66
65
53
54
42
43
44
45
57
56
55
67
79
78
79
91
92
93
105
104
116
117
118
130
129
130
131
119
107
108
120
132
144
143
142
141
140
128
127
139
138
126
125
137
136
124
123
135
134
133
121
122
110
109
97
98
99
111
112
100
88
87
86
85
73
74
62
61
49
50
38
37
25
26
14
13
1
2
3
15
27
39
133
139
12
135
21
18
108
132
64
22
13
13
69
123
84
14
75
27
110
7
85
25
129
104
40
73
77
101
32
42
134
116
101
126
29
59
128
47
68
136
52
119
29
24
131
115
83
100
30
50
134
92
118
125
36
1
142
19
25
96
61
141
6
133
5
123
36
4
82
97
130
11
136
144
23
98
72
16
33
85
115
55
33
92
94
102
107
141
83
142
62
34
34
19
58
106
26
114
114
53
30
117
28
67
48
48
90
74
60
81
99
9
68
88
108
43
79
63
55
70
40
117
60
93
7
54
112
100
78
64
118
139
103
38
109
46
35
21
91
3
144
20
89
137
44
110
122
47
113
61
76
20
28
129
105
80
67
5
22
87
79
18
82
111
119
77
58
16
111
66
54
2
87
62
4
131
15
103
43
17
86
14
113
97
76
52
112
121
8
121
49
45
66
127
44
24
56
73
140
116
10
95
70
140
91
94
143
102
35
125
88
37
39
32
124
71
57
38
42
26
75
3
63
132
2
17
107
8
130
31
72
57
74
126
138
46
53
23
106
11
84
122
90
99
65
1
31
78
93
120
51
96
37
6
45
89
27
50
128
95
127
65
15
41
12
49
81
9
138
80
59
41
56
51
104
71
69
109
120
98
143
124
135
105
137
86
10
61
52
42
124
89
58
88
123
111
105
121
24
44
38
118
28
10
122
2
50
101
88
28
82
126
87
105
6
48
9
48
19
83
137
37
29
31
15
3
70
141
132
17
99
20
77
4
102
102
75
85
9
53
67
22
24
136
41
91
94
84
141
109
73
101
3
110
61
94
79
80
45
131
91
95
103
80
44
138
116
19
90
26
129
11
39
26
67
83
69
84
60
132
35
119
32
126
69
129
121
54
74
106
82
65
76
100
34
125
12
68
59
87
124
93
7
134
1
43
38
133
27
11
78
97
85
29
66
12
75
113
143
14
25
136
74
51
32
23
42
71
76
8
53
117
20
49
96
55
130
14
16
127
27
30
137
100
60
135
64
116
108
92
50
107
54
98
57
144
63
33
131
47
51
34
13
72
36
30
142
68
25
99
37
39
18
52
21
55
106
33
115
130
64
111
120
57
79
49
41
125
45
118
109
138
23
92
2
63
133
56
13
86
114
8
86
96
113
98
73
135
127
144
97
62
140
108
71
112
95
112
18
123
62
122
35
5
70
89
107
128
120
65
43
104
5
40
4
72
46
119
7
17
81
40
21
104
139
139
1
66
81
90
110
36
77
31
134
140
114
78
46
47
115
10
6
143
128
56
58
15
16
22
59
103
117
93
142
133
134
135
136
124
123
111
110
122
121
109
97
85
73
74
86
87
99
98
97
85
86
87
75
63
62
50
51
39
38
37
49
61
73
74
75
76
64
65
66
78
90
102
103
115
116
104
105
117
118
106
107
119
131
130
142
143
144
132
120
108
96
84
72
60
48
36
24
12
11
10
22
23
35
34
33
45
44
43
55
56
68
80
92
91
79
67
68
69
57
58
59
47
46
58
70
82
94
93
81
69
70
71
83
95
96
108
107
106
118
117
129
141
140
139
127
128
116
115
114
113
125
137
138
126
114
102
101
100
88
89
77
76
64
52
53
54
42
30
31
19
18
6
5
17
29
41
40
28
16
4
3
15
14
26
25
13
1
2
3
4
5
6
7
8
20
32
31
43
55
67
79
80
92
91
103
104
105
93
81
82
94
95
83
84
72
71
59
60
48
47
46
45
57
56
44
32
20
21
9
10
11
12
24
36
35
23
22
34
33
21
9
8
7
19
18
17
29
30
42
41
40
28
16
15
27
39
27
26
14
2
1
13
25
37
38
50
49
61
62
63
51
52
53
54
66
65
77
78
90
89
88
100
99
98
110
109
121
133
134
122
123
135
136
137
138
139
140
141
142
143
144
132
120
119
131
130
129
128
127
126
125
124
112
111
112
113
101
1
13
25
37
38
26
27
15
14
2
3
4
5
6
18
17
29
28
16
4
5
17
29
30
31
19
20
32
33
21
9
8
7
6
18
30
42
43
55
67
66
65
64
76
75
87
88
100
99
111
112
124
123
122
110
109
121
133
134
135
136
137
138
139
140
141
142
143
144
132
120
119
131
130
118
106
105
93
81
80
92
91
90
89
77
78
79
91
103
104
116
128
129
117
116
115
114
113
101
102
103
115
127
126
125
137
136
124
112
111
99
98
97
85
73
74
86
87
75
63
51
50
49
61
62
63
64
52
40
41
53
54
42
43
44
56
68
69
70
82
83
71
72
60
59
58
57
45
46
47
48
36
35
23
22
10
11
12
24
36
48
60
72
84
96
95
94
82
81
80
79
78
90
89
77
76
88
100
101
102
114
113
125
126
138
139
127
128
140
141
129
117
105
104
92
93
94
95
107
108
120
132
144
143
142
130
131
119
118
106
107
108
96
84
83
71
59
58
70
69
57
45
46
47
35
34
33
34
22
23
24
12
11
10
9
21
20
8
7
19
31
32
44
56
68
67
55
54
66
65
53
41
40
28
16
15
3
2
1
13
14
26
25
37
49
61
73
85
97
109
121
133
134
135
123
122
110
98
86
74
62
50
38
39
27
39
51
52
131
105
15
71
38
122
137
90
140
100
59
11
121
141
60
46
62
39
26
123
78
20
29
132
138
86
89
113
9
128
99
16
130
36
10
28
73
14
63
24
17
31
124
129
142
133
68
87
1
45
98
111
144
129
25
61
61
81
131
124
109
2
66
40
51
18
7
90
11
35
5
30
34
55
84
37
136
88
68
93
76
48
30
122
65
88
91
47
139
23
56
107
18
50
3
98
52
74
70
112
64
96
9
108
139
76
70
95
33
58
140
78
39
137
71
32
132
36
91
104
57
116
22
112
8
92
44
126
103
19
80
127
66
142
125
7
95
42
27
31
12
106
56
32
123
43
59
79
47
135
4
8
27
116
118
58
143
106
34
19
108
138
114
101
94
57
143
17
92
141
114
4
49
102
67
121
54
41
25
5
41
128
82
22
115
103
120
69
85
134
44
82
12
104
72
100
93
55
80
110
43
28
49
40
53
74
97
46
120
84
65
13
26
3
102
110
119
63
23
29
24
127
115
62
105
37
77
21
83
81
118
72
21
13
86
126
48
94
33
6
20
77
83
6
54
85
52
14
42
38
51
89
117
35
136
133
113
111
101
45
10
64
130
15
135
75
97
67
87
134
109
107
117
144
69
99
96
79
2
16
125
53
1
60
50
73
119
75
72
135
65
94
104
85
24
108
93
22
61
79
8
138
111
115
98
69
90
139
28
19
106
16
21
127
81
63
63
136
39
40
121
82
99
129
116
119
51
36
7
126
71
2
41
12
46
1
36
3
130
60
94
83
110
70
134
125
95
118
133
54
70
23
85
77
74
143
136
143
122
30
121
104
93
138
48
17
83
37
76
46
19
124
117
27
31
76
2
88
4
105
42
35
49
24
101
52
128
116
65
50
56
67
96
45
103
97
64
33
107
87
57
45
133
49
100
35
114
102
80
18
105
112
117
75
81
11
39
72
91
44
84
79
29
92
55
58
109
88
86
5
114
61
84
86
53
144
59
140
125
129
6
142
100
5
7
64
41
68
123
30
137
32
140
82
20
89
13
111
69
113
108
15
42
13
95
119
102
47
62
68
60
22
16
132
112
130
38
3
107
32
55
89
144
48
126
80
123
14
113
106
4
67
43
118
71
58
137
109
31
6
1
17
56
34
115
96
25
21
90
99
57
91
131
110
77
124
134
52
54
73
141
27
87
25
26
11
20
23
43
10
103
62
66
29
75
142
37
26
120
131
38
139
9
92
120
128
59
33
10
141
73
8
78
44
28
127
74
14
78
132
50
97
34
40
101
98
53
9
66
47
12
51
18
135
122
15
12
24
23
22
34
46
45
33
32
20
8
9
10
11
12
24
36
48
47
35
36
48
60
72
84
96
108
120
132
144
143
142
130
131
119
118
106
107
95
83
82
94
93
81
80
68
67
79
91
90
89
77
78
66
65
64
63
51
50
62
74
73
61
49
37
38
39
27
28
16
17
18
30
29
41
40
52
53
54
42
43
44
56
55
43
31
19
7
6
5
4
3
15
14
26
25
13
1
2
3
4
5
6
7
8
9
21
20
32
44
45
57
58
70
69
81
93
92
104
116
128
140
139
127
115
114
102
101
113
112
100
88
87
99
98
110
122
123
135
134
133
121
109
97
85
86
87
75
76
64
52
53
54
55
56
68
80
92
91
103
104
105
117
129
141
140
139
138
137
125
126
114
113
112
100
88
76
77
65
66
67
79
78
90
89
101
102
103
115
116
117
105
106
94
82
70
69
57
58
46
34
33
21
22
10
11
23
35
47
59
71
59
60
72
71
83
84
96
95
107
108
120
132
144
143
131
119
118
130
142
141
129
128
127
126
138
137
125
124
136
124
136
135
123
111
99
111
110
122
134
133
121
109
97
98
86
85
73
61
62
74
75
63
51
50
38
26
27
39
40
28
29
41
42
30
31
19
18
17
16
15
14
2
1
13
25
37
49
1
2
14
26
27
28
40
39
51
50
49
37
25
13
1
2
3
4
16
15
3
4
5
6
7
8
9
10
11
12
24
36
35
23
22
34
33
21
20
19
31
32
44
43
55
54
66
67
68
80
92
91
79
78
90
102
114
113
125
126
127
139
138
137
136
124
112
111
99
98
86
74
75
87
88
100
101
89
77
76
64
52
53
65
64
63
62
61
73
85
97
109
110
122
123
135
134
133
121
109
97
85
73
61
49
37
38
50
51
52
40
41
29
30
42
43
44
56
57
58
59
60
72
71
70
82
81
93
94
106
105
104
116
117
129
130
131
119
120
132
144
143
142
141
140
128
116
115
103
102
101
89
77
65
53
54
55
56
68
69
57
45
46
47
48
60
72
84
96
95
83
82
94
106
105
104
103
91
90
78
66
67
79
80
92
93
81
69
70
58
46
45
33
32
31
30
42
41
29
28
27
39
38
26
25
13
14
15
16
17
18
17
5
6
18
19
7
8
20
21
9
10
11
12
24
23
22
34
35
36
48
47
59
71
83
84
96
95
107
108
107
108
120
119
118
117
118
130
131
132
144
143
142
141
129
128
140
139
138
126
127
115
114
113
125
124
123
111
112
100
99
87
88
76
75
63
62
74
86
98
110
122
121
133
134
135
136
137
104
88
23
25
105
142
142
20
119
120
34
101
129
17
53
80
10
96
120
94
128
62
3
144
1
7
91
44
144
46
47
37
107
23
76
99
48
70
58
72
18
113
51
38
139
130
73
85
73
136
97
42
118
117
55
136
72
66
5
100
94
26
32
81
106
2
45
135
9
84
114
89
17
135
116
115
127
30
21
77
34
126
47
92
36
32
57
49
62
119
140
98
103
130
143
127
14
44
108
59
49
111
111
21
25
110
132
105
24
43
90
100
6
87
4
86
108
30
83
13
15
113
63
109
68
74
5
101
115
121
134
35
131
124
87
104
19
40
27
102
45
1
126
24
13
31
86
78
131
39
85
52
20
82
68
55
107
22
79
7
28
75
29
124
77
61
118
121
112
122
57
102
78
10
98
141
84
50
128
61
97
11
6
116
42
143
56
79
106
37
18
69
27
141
112
43
69
109
8
58
35
81
60
70
91
19
67
96
16
54
26
138
36
134
140
95
51
15
122
123
133
54
123
38
71
139
31
14
12
66
64
29
41
71
114
125
125
41
74
60
8
83
39
40
117
12
132
46
33
138
129
65
90
33
103
50
89
93
88
67
64
56
53
22
80
93
3
48
28
76
137
52
110
11
137
65
92
2
133
59
4
9
99
82
95
16
75
63
131
108
143
103
128
1
26
137
40
68
112
84
54
52
126
18
96
98
94
45
19
107
54
17
97
115
18
117
3
92
97
141
48
17
20
5
93
120
121
64
136
123
121
86
62
35
67
118
102
39
21
20
81
29
63
47
14
60
53
46
127
55
101
10
127
23
82
122
125
46
95
74
109
129
72
134
55
38
128
65
41
71
27
107
116
135
119
56
85
138
34
10
115
79
73
7
43
136
59
8
110
81
58
92
34
63
30
44
36
106
94
134
80
66
6
105
66
30
75
96
140
78
109
64
50
43
114
22
51
19
69
105
33
28
31
132
36
21
65
14
42
13
120
87
12
144
53
11
4
72
47
91
42
6
111
57
22
143
119
15
49
49
104
88
102
83
32
139
59
100
133
75
114
2
62
74
88
8
84
138
32
111
39
132
104
135
48
73
78
12
103
37
140
25
2
76
51
95
124
142
4
142
69
110
126
99
82
101
57
24
5
139
23
113
11
118
77
124
28
44
93
58
112
68
61
79
38
1
67
130
144
77
89
122
27
129
9
83
29
131
137
41
123
133
3
87
31
116
117
9
80
85
106
56
76
125
13
15
37
90
16
7
113
52
45
25
35
24
90
91
108
130
99
60
70
40
33
16
141
86
100
98
61
26
89
50
71
70
