##Rat 1 Day 4
 ##rewards
19
32
98
##Vertices
35
34
70
113
134
77
140
21
135
4
105
108
58
144
16
129
63
94
112
27
12
52
27
132
113
116
36
43
24
124
80
28
35
101
130
93
89
135
5
82
138
63
41
115
103
64
30
58
108
32
67
31
7
75
126
48
79
133
100
53
132
123
80
142
18
33
117
136
17
38
130
17
30
39
21
76
26
110
99
96
114
96
94
8
77
86
97
74
131
46
101
97
47
99
107
3
46
91
56
73
106
87
37
29
84
19
40
20
6
3
68
64
56
86
138
107
126
142
45
24
45
7
137
62
15
8
109
91
10
42
78
122
133
10
1
90
114
143
51
67
128
122
44
131
61
141
44
36
90
73
103
141
69
38
18
111
85
41
89
109
59
61
57
71
121
98
11
124
137
83
32
66
43
76
100
55
22
31
53
125
106
54
50
104
118
83
25
121
92
5
81
125
60
68
34
119
128
105
81
40
47
12
11
71
127
98
110
93
92
6
95
87
115
20
48
60
52
55
120
72
2
25
59
42
104
16
65
23
75
51
2
62
9
26
78
23
140
19
136
127
1
144
14
4
72
102
119
134
120
66
13
13
28
118
22
85
116
117
123
14
82
49
37
102
69
33
74
50
139
70
9
65
57
143
54
88
49
111
95
79
39
84
29
139
15
112
129
88
22
81
4
47
122
118
33
35
31
111
91
5
139
78
12
18
50
109
36
2
27
26
69
62
108
45
46
64
44
38
8
52
142
89
1
127
125
20
112
72
124
78
49
41
100
110
63
32
37
28
68
30
24
59
43
98
83
50
70
142
49
27
26
76
106
15
35
41
107
45
2
57
93
20
22
138
74
51
56
69
25
54
7
23
40
135
101
46
4
61
99
123
95
40
53
14
58
55
128
141
21
61
130
87
119
11
1
9
62
102
115
118
6
68
97
42
97
130
127
80
3
75
110
37
29
94
39
135
140
67
90
109
17
67
83
122
18
6
65
105
47
120
102
65
57
108
42
70
138
90
92
113
13
115
76
23
91
104
73
87
101
52
100
3
29
86
36
34
134
48
34
44
24
85
79
51
89
15
132
114
74
143
66
16
39
103
81
117
98
141
9
96
131
54
123
126
10
10
5
88
104
7
71
38
77
21
79
60
93
60
133
19
113
140
117
119
11
134
92
128
121
85
82
136
13
84
59
63
139
137
111
126
25
144
56
129
131
53
77
124
106
30
16
143
121
88
96
116
28
107
80
64
103
48
17
94
66
82
125
137
31
136
95
144
58
55
114
84
32
86
129
43
19
8
33
132
133
116
112
99
73
72
75
71
105
12
120
14
12
24
36
48
60
59
47
46
34
33
45
57
69
81
82
94
93
92
80
79
91
90
102
103
115
114
126
138
139
140
128
127
115
116
104
105
106
107
95
96
108
120
132
144
143
131
130
142
141
129
117
118
119
120
108
96
84
83
71
70
58
46
34
35
23
22
10
9
8
7
19
31
32
44
56
55
67
68
80
92
104
116
117
105
93
81
69
57
45
33
21
20
8
7
6
18
30
42
54
53
52
51
39
40
28
16
4
3
2
14
26
27
15
3
4
5
17
29
41
40
39
38
37
49
61
62
63
64
65
77
89
101
113
125
137
136
135
134
133
121
109
97
98
86
85
73
74
75
76
88
100
99
87
88
100
112
111
110
122
123
124
112
111
99
87
75
76
77
78
66
65
53
54
66
78
90
89
101
113
114
102
103
91
79
67
68
56
44
32
20
19
31
43
55
43
42
41
29
30
18
6
5
17
16
28
27
15
14
26
25
13
1
2
1
13
25
37
49
50
38
50
51
52
64
63
62
61
73
74
86
85
97
98
110
109
121
133
134
122
123
135
136
124
125
137
138
126
127
139
140
128
129
141
142
143
144
132
131
130
118
119
107
106
94
95
83
82
70
58
59
71
72
84
72
60
48
47
35
36
24
23
22
21
9
10
11
12
11
144
143
131
119
118
130
142
141
140
128
127
139
138
126
114
113
125
137
136
124
112
111
110
122
123
135
134
133
121
109
97
85
86
74
75
87
88
100
101
102
90
91
79
80
92
104
103
115
116
117
105
106
107
95
96
108
120
132
144
143
142
130
129
117
105
93
94
82
81
69
70
71
59
60
72
84
83
82
70
58
57
45
46
34
22
23
35
47
48
36
24
12
11
10
9
21
20
8
7
6
5
17
18
19
31
30
42
41
40
39
27
15
3
4
16
28
29
30
31
32
33
45
44
43
55
56
68
67
66
78
77
76
64
65
53
54
42
41
29
28
27
26
14
2
1
13
25
37
49
61
73
85
97
98
99
100
112
113
101
89
88
76
75
63
62
50
51
52
40
39
38
50
38
26
14
2
1
13
25
37
49
61
73
74
62
63
51
52
64
65
53
54
66
67
55
43
44
56
68
80
81
69
57
58
46
34
33
32
20
19
18
17
16
15
3
4
5
6
7
8
9
21
22
10
11
12
24
23
35
36
48
47
59
60
72
71
83
84
96
95
107
108
120
132
131
119
118
106
94
93
92
91
79
78
77
89
90
102
114
126
127
115
103
104
116
128
129
141
140
139
138
137
125
124
136
135
123
122
134
133
121
109
110
111
99
87
86
98
138
69
93
78
125
65
16
100
63
44
35
14
62
100
88
67
30
127
105
28
46
77
10
88
23
83
15
20
1
21
117
81
103
11
28
133
112
15
143
98
135
24
30
114
91
81
71
50
51
107
1
61
144
94
66
43
130
120
94
138
141
91
126
21
50
55
142
90
23
26
87
17
115
45
20
35
122
123
2
32
96
18
3
71
22
45
72
132
8
75
130
4
52
38
115
73
2
79
51
10
34
73
60
139
16
132
95
13
113
59
99
64
99
48
128
64
5
92
74
5
61
117
124
59
76
107
109
108
122
70
120
78
84
129
68
131
29
33
128
66
49
25
134
141
112
126
57
25
116
93
39
7
87
6
24
36
58
131
53
124
18
47
9
125
85
102
96
106
56
101
39
102
43
133
72
116
70
6
48
53
41
37
67
37
19
27
80
110
47
118
106
127
14
85
86
136
62
111
82
121
68
76
38
139
69
121
136
137
3
101
26
144
97
123
13
54
63
109
12
134
8
41
79
82
57
118
83
31
86
89
77
104
108
135
27
55
142
143
74
113
119
84
34
89
32
31
36
22
129
105
95
52
110
40
40
11
92
137
60
19
90
119
7
17
4
49
98
140
97
104
140
9
75
80
42
111
29
65
42
12
114
44
33
103
56
46
58
54
84
42
37
20
107
126
14
40
16
100
51
24
34
134
133
3
55
42
10
85
97
123
18
63
92
90
120
116
95
138
13
7
132
29
126
132
22
12
64
47
21
37
113
99
101
136
51
27
106
86
23
53
49
33
111
110
141
71
43
56
17
15
143
113
125
53
38
135
140
87
110
41
79
6
136
13
26
130
128
47
19
127
46
78
8
34
80
8
116
30
39
28
64
24
72
74
69
130
86
39
144
70
131
73
104
108
60
81
35
119
98
109
142
68
35
83
118
99
44
103
112
82
41
62
124
69
61
98
79
88
121
36
43
139
97
112
55
92
54
137
105
57
48
62
143
59
117
76
81
19
2
102
40
45
109
96
119
16
27
33
7
44
93
9
105
122
91
14
59
94
114
128
122
140
107
141
89
77
12
32
71
120
93
76
11
66
20
61
142
73
1
134
9
91
115
114
22
138
129
75
18
67
48
17
117
131
106
60
58
6
96
63
65
125
115
15
30
139
135
25
124
36
121
78
46
38
21
102
74
66
82
32
4
25
49
45
65
137
127
84
3
77
80
29
1
57
108
144
10
118
104
88
67
50
100
83
54
75
89
31
129
56
95
87
28
70
4
68
5
72
123
23
11
5
101
2
85
103
50
31
52
58
90
111
52
26
133
94
133
134
135
123
122
110
98
97
109
121
133
134
135
136
137
138
139
140
128
127
115
103
104
92
93
105
106
118
130
142
141
129
117
116
104
103
102
114
113
125
124
112
111
99
87
86
74
75
76
88
89
101
100
88
87
75
63
51
50
62
61
49
37
25
26
14
15
27
39
38
37
25
13
1
2
3
4
5
17
18
30
42
43
55
56
44
32
31
19
7
6
5
4
16
28
29
41
40
52
53
65
66
67
79
91
90
78
77
76
64
65
77
89
90
78
66
54
55
67
68
69
81
82
83
95
94
93
105
106
107
119
131
143
144
132
120
108
96
84
72
71
70
58
57
45
46
34
33
21
22
23
24
12
11
10
9
8
20
32
44
56
57
45
33
34
35
36
48
60
59
47
35
23
22
10
11
12
24
36
48
47
59
60
72
71
83
84
96
108
120
132
144
143
142
141
129
128
140
139
138
126
125
137
136
124
123
122
121
109
97
85
73
85
73
61
49
50
38
26
14
13
1
2
3
15
16
17
29
30
18
6
7
8
9
21
20
19
31
43
42
54
53
41
40
28
27
39
51
52
64
63
62
74
86
98
110
111
99
100
112
113
101
102
114
126
127
115
116
117
118
130
131
119
107
95
94
82
81
80
79
91
92
80
68
69
70
58
46
1
13
25
26
14
15
16
4
3
2
1
13
25
37
49
61
73
85
86
74
75
76
88
89
101
100
112
111
110
109
97
98
99
87
88
76
64
63
51
50
38
39
27
28
29
17
18
30
42
41
53
52
40
41
29
30
31
32
20
19
7
8
9
10
22
23
35
34
33
21
9
10
11
12
24
36
48
60
59
71
70
69
81
80
92
93
94
82
83
84
72
60
48
47
46
58
57
45
44
56
55
67
79
78
77
65
66
54
42
43
55
54
53
65
66
67
68
80
79
91
103
102
114
126
125
113
101
100
112
124
123
122
121
133
134
135
136
137
138
139
127
115
116
104
105
117
118
106
107
119
131
143
144
132
120
108
96
95
94
93
92
104
105
106
118
130
142
141
140
128
129
130
131
119
120
132
144
143
142
141
129
128
140
139
127
126
138
137
136
135
134
133
121
109
97
98
86
85
73
61
62
50
49
37
38
26
14
2
3
4
5
6
5
6
7
8
20
21
22
23
11
12
24
36
35
47
59
58
70
71
72
84
96
108
107
95
83
82
81
69
68
56
57
45
46
34
33
32
44
43
31
19
18
17
16
15
27
28
40
39
51
52
64
63
62
74
75
87
99
111
110
122
123
124
125
113
114
102
90
78
77
89
90
91
103
115
116
117
90
137
77
1
139
105
84
65
7
33
30
20
53
60
10
107
54
67
46
52
100
89
11
138
113
13
4
96
140
78
121
48
125
8
53
128
85
38
36
5
89
22
97
127
75
44
76
56
104
81
61
66
79
39
35
134
91
91
124
19
104
25
110
106
45
82
131
86
37
42
127
15
73
80
24
64
21
97
6
57
29
107
9
37
93
55
108
24
62
102
43
5
76
29
124
14
50
41
92
131
137
78
2
117
40
118
13
122
110
41
70
94
136
34
62
139
120
58
92
109
9
87
74
123
12
101
56
3
123
130
126
77
112
44
58
128
43
135
115
30
114
4
113
132
57
34
103
47
3
21
49
144
46
80
130
135
99
140
143
100
142
32
33
69
39
42
95
105
64
96
82
85
23
35
15
106
50
36
51
108
84
142
27
83
126
83
1
68
12
88
18
75
72
49
109
99
32
8
138
38
65
27
28
90
6
103
73
118
54
19
117
61
116
48
17
79
136
47
10
129
94
141
68
87
134
7
116
63
133
60
70
88
129
122
102
132
26
71
81
120
93
23
125
133
17
31
71
63
72
52
11
111
141
74
101
67
66
25
121
144
20
59
16
28
51
98
86
143
114
119
40
59
112
31
95
111
22
26
119
69
18
115
16
45
2
14
98
55
118
133
105
120
75
79
53
7
73
95
19
107
136
87
27
73
97
26
50
116
11
34
16
83
138
66
117
122
33
82
17
44
42
128
121
66
14
51
86
64
68
104
130
112
17
39
130
40
113
38
127
125
120
98
128
4
141
77
37
42
105
31
112
74
14
115
46
12
85
47
35
16
99
57
122
20
70
76
123
136
71
26
100
82
32
47
101
102
6
54
46
59
72
144
99
131
137
143
78
88
81
74
142
13
63
89
103
124
81
65
62
59
72
141
94
50
37
67
54
48
144
43
67
132
108
78
22
119
71
45
19
110
103
58
129
79
36
69
3
107
8
49
111
56
143
106
93
138
77
129
132
4
133
13
69
7
45
32
60
140
75
135
21
22
70
60
18
61
28
127
18
92
109
23
57
41
11
15
115
29
63
85
139
134
43
6
84
87
34
126
12
100
24
91
35
121
126
39
2
110
117
134
92
58
88
97
55
65
24
116
64
8
21
55
102
1
56
119
30
90
80
125
108
96
29
41
15
123
90
91
62
51
28
135
9
84
61
83
23
142
94
109
96
52
101
93
20
106
25
30
52
3
10
86
31
36
38
137
2
111
27
68
113
10
5
139
140
131
95
1
118
89
9
114
98
44
40
48
80
76
124
5
33
114
49
53
104
25
133
121
109
97
85
86
98
99
87
75
76
88
100
101
89
90
102
103
91
79
67
68
69
81
80
92
93
105
104
116
128
127
139
140
141
129
117
118
130
131
143
144
132
120
108
96
95
94
82
83
71
70
58
46
34
33
32
31
43
42
54
53
52
40
39
27
28
29
41
53
65
77
78
66
65
64
63
51
50
62
74
73
61
49
37
38
26
14
13
1
2
3
4
5
6
18
17
16
15
3
4
5
6
7
19
20
8
9
21
22
10
11
12
24
23
35
36
48
47
59
60
72
84
96
108
107
106
105
117
116
115
114
113
112
124
136
137
138
126
125
113
112
111
110
122
134
135
123
111
99
100
101
102
90
91
79
80
68
56
55
54
42
30
31
43
44
45
57
69
70
58
59
71
83
84
72
60
48
36
24
12
11
23
35
47
46
34
33
21
22
10
9
8
7
19
20
32
44
45
57
56
55
67
66
78
77
89
88
76
75
87
86
74
62
63
64
52
51
50
38
39
40
41
29
30
18
17
16
28
27
15
14
2
1
13
25
26
25
37
49
61
73
85
97
98
110
109
121
133
134
122
123
135
136
124
125
137
138
126
127
139
140
128
129
141
142
130
142
143
144
132
120
119
131
119
118
106
107
95
94
82
81
93
92
104
103
115
114
12
11
10
9
8
20
21
33
32
31
43
44
45
57
56
68
69
81
80
79
78
90
102
103
91
92
104
105
93
94
95
83
84
96
108
107
106
118
119
131
132
144
143
142
141
140
128
116
115
127
126
114
113
112
111
99
87
75
76
64
65
53
41
40
28
27
39
51
52
53
54
55
67
66
54
42
30
29
17
18
19
7
6
5
4
16
15
14
2
1
13
25
37
49
61
62
50
38
26
25
37
49
61
73
74
86
85
97
98
110
109
121
133
134
122
123
135
136
124
125
137
138
139
140
141
129
117
105
106
94
82
70
58
46
47
48
60
72
71
59
58
46
34
22
23
24
36
35
34
33
45
57
69
68
80
79
91
90
89
77
65
64
63
75
76
88
100
101
102
114
113
125
126
127
139
138
137
136
135
134
133
121
122
123
124
112
111
99
98
110
109
97
85
73
74
86
87
88
100
101
89
77
78
66
67
55
56
44
43
31
32
20
19
18
30
42
41
29
17
16
28
40
52
51
63
62
50
38
39
27
26
14
13
1
2
3
15
3
4
5
6
7
8
9
21
22
10
11
12
24
23
35
36
48
47
59
60
72
71
83
84
96
95
107
108
120
119
120
132
144
143
142
130
131
130
118
117
129
128
116
115
103
104
92
93
81
82
70
