##Rat 7 Day 13
 ##rewards
62
51
129
##Vertices
1
13
25
26
38
37
49
50
51
63
64
65
66
78
90
91
92
93
81
69
57
45
33
32
44
43
55
54
53
41
29
30
42
43
31
19
18
6
7
8
9
21
22
23
11
12
24
36
35
34
46
47
48
60
72
84
83
95
107
119
118
106
105
117
129
128
127
139
140
141
142
130
131
132
120
108
96
84
72
71
70
58
59
60
48
36
35
47
59
71
70
82
94
106
118
117
116
104
103
115
114
126
138
137
125
124
136
135
134
133
121
109
97
98
99
87
86
74
62
61
73
85
97
109
110
122
123
111
112
100
88
76
77
89
101
102
114
113
101
89
88
87
75
76
77
78
79
67
68
56
55
67
66
65
64
52
40
39
27
28
16
17
5
4
3
15
14
2
3
4
16
15
27
26
14
2
1
13
25
37
49
50
38
39
40
28
29
41
42
54
53
52
51
63
75
74
62
61
73
85
86
98
110
111
99
100
112
113
125
124
123
122
121
133
134
135
136
137
138
126
127
139
140
128
129
141
142
130
131
143
144
143
144
132
120
119
107
108
96
95
83
82
94
93
105
104
116
115
103
102
90
91
79
80
92
80
81
69
68
56
57
58
46
45
44
32
31
30
18
17
5
6
7
19
20
8
20
21
33
34
22
10
9
10
11
12
24
23
12
11
10
22
21
9
8
20
32
31
43
55
67
66
65
77
89
101
102
103
104
105
106
94
93
81
80
68
56
57
58
70
69
81
82
83
71
72
84
96
108
107
119
131
132
144
143
142
130
118
117
129
141
140
139
138
126
125
124
123
111
112
100
99
98
86
74
73
85
97
109
110
122
134
135
136
137
138
139
127
115
116
128
140
141
142
130
129
128
127
115
114
113
112
111
99
87
88
76
75
63
62
61
49
50
38
37
25
13
1
2
3
4
16
28
29
17
18
19
7
6
5
4
3
15
14
26
27
39
40
41
42
54
53
52
64
63
51
52
53
41
29
30
42
54
66
78
79
91
92
80
79
67
55
43
44
45
33
34
46
47
59
60
48
36
35
23
24
36
48
47
35
34
22
23
24
12
11
10
9
8
20
21
33
45
46
58
57
69
68
56
44
32
31
30
18
19
7
6
5
17
16
15
27
28
40
39
51
50
38
26
14
2
1
13
25
37
49
61
62
74
73
85
86
98
97
109
110
122
121
133
121
133
134
135
123
124
136
137
125
126
114
113
101
100
88
87
75
76
64
65
77
78
90
89
90
102
103
91
92
104
116
117
105
93
94
82
70
71
59
60
72
84
83
95
96
95
107
106
118
119
120
108
120
132
144
143
131
84
16
141
132
7
44
91
1
15
28
90
7
14
95
101
58
99
19
105
64
135
76
46
103
112
110
77
38
69
25
91
63
67
57
39
140
31
1
62
86
79
21
124
43
96
50
95
18
98
71
131
144
13
65
118
140
130
72
61
9
10
80
8
31
85
43
70
109
16
20
71
83
45
104
143
78
23
52
41
12
75
97
118
81
133
69
72
90
8
76
86
102
106
128
81
17
11
133
29
139
103
88
11
105
57
92
12
67
144
68
47
77
119
48
87
135
73
107
4
52
14
126
49
114
97
106
2
127
110
74
28
22
15
122
26
128
58
119
108
51
116
84
117
37
111
138
23
88
24
56
54
79
124
137
100
56
137
66
3
40
73
21
63
6
94
94
136
112
37
126
60
61
3
75
46
127
36
113
129
68
134
101
87
125
113
51
107
40
55
120
74
111
65
30
93
33
39
32
17
20
6
139
27
34
109
115
96
70
143
116
9
26
136
5
47
123
49
141
24
33
53
27
4
134
82
35
123
44
64
42
115
125
98
138
142
131
45
36
108
122
66
42
34
121
59
10
53
83
104
93
132
129
38
121
18
25
48
30
35
99
85
82
32
29
80
19
78
59
142
100
92
120
22
117
114
50
55
89
89
2
102
13
54
41
5
130
62
60
49
134
34
4
40
60
110
109
115
118
21
96
132
119
79
94
140
130
16
36
69
45
95
50
76
127
33
130
13
143
18
66
99
131
47
27
54
107
88
118
120
82
14
129
65
110
136
142
98
125
43
17
20
18
111
126
132
25
17
41
29
106
55
71
84
83
55
28
93
75
64
117
100
96
61
16
41
58
91
91
80
20
97
7
40
21
22
14
103
4
78
44
32
75
57
30
8
36
142
62
9
76
68
108
134
139
93
26
51
104
13
114
107
133
35
73
45
39
60
38
71
42
82
92
88
10
30
83
86
113
19
138
90
70
50
78
122
85
131
11
101
57
114
32
23
61
48
104
72
22
62
1
44
99
70
59
136
46
69
137
81
117
84
106
49
74
135
12
33
29
115
65
37
140
15
67
5
19
89
34
121
64
135
86
87
12
48
42
102
53
25
127
54
94
6
24
10
79
35
128
87
109
51
11
38
74
124
97
39
141
105
108
3
120
124
119
66
27
85
52
116
63
116
43
7
58
111
89
80
141
23
112
15
122
47
68
143
2
31
52
37
137
123
3
24
56
1
46
77
92
28
100
133
72
98
77
126
81
112
129
90
144
95
113
128
73
56
67
102
26
139
8
123
101
144
125
5
53
6
138
103
105
9
2
63
59
121
31
144
143
142
141
140
128
116
115
127
139
138
126
114
102
90
91
103
104
105
117
129
130
131
132
120
119
118
106
94
95
96
108
107
106
94
82
70
69
81
93
92
80
68
67
79
78
66
65
64
52
40
41
53
54
42
30
29
17
18
6
5
4
3
15
16
28
27
39
38
37
25
13
14
26
25
37
49
50
51
63
62
74
86
98
97
85
73
61
49
50
38
39
51
52
40
28
29
30
31
19
7
8
9
21
20
32
33
45
57
56
55
43
44
45
46
58
59
71
83
84
72
60
48
47
35
36
24
23
11
10
22
34
46
58
57
69
81
93
105
104
116
115
103
102
101
100
99
87
75
76
77
89
88
87
99
111
112
113
125
124
136
135
123
122
134
133
121
109
110
111
112
124
123
135
134
133
121
122
110
109
97
98
86
85
73
61
62
74
75
63
64
65
53
41
42
54
55
56
68
67
66
78
79
80
92
91
90
89
77
76
88
100
101
113
114
126
125
137
136
137
138
139
127
128
140
141
142
130
129
117
118
119
131
143
144
132
120
108
107
95
96
84
83
82
70
71
72
60
59
47
48
36
35
23
22
34
33
21
20
32
44
43
31
19
18
17
16
15
27
26
14
2
1
13
1
2
3
4
5
6
7
8
9
10
11
12
24
12
133
121
109
97
85
86
87
75
74
73
61
62
63
64
65
77
76
88
100
99
98
110
122
134
135
123
111
112
113
125
137
136
124
112
113
114
115
103
102
101
89
90
91
79
78
66
67
55
43
44
45
57
56
68
69
70
58
59
71
72
60
48
36
35
47
46
34
33
21
9
10
11
23
22
10
9
8
20
32
31
19
18
17
16
4
5
6
7
8
20
21
33
32
44
45
46
58
70
82
83
84
96
108
107
95
94
106
105
104
92
80
81
93
105
117
116
128
127
126
138
139
140
141
129
130
142
143
131
132
120
119
118
117
116
104
103
102
101
100
88
87
75
76
64
52
40
28
29
30
42
54
53
41
29
28
27
39
51
50
38
37
25
26
14
13
1
2
3
15
27
39
38
26
25
13
1
2
14
15
3
4
16
17
5
6
7
19
18
30
31
43
55
56
57
69
68
80
92
91
79
67
66
78
90
89
77
65
53
54
42
41
40
52
51
63
62
50
49
37
49
61
73
74
86
85
97
109
110
98
99
111
123
122
121
133
134
135
136
124
125
137
138
126
114
115
127
139
140
128
129
141
142
130
131
119
118
106
107
95
94
93
81
82
83
71
59
47
35
34
22
23
24
12
11
12
24
36
48
60
72
84
96
108
120
132
144
143
144
6
120
117
129
40
12
41
91
73
117
35
39
64
48
52
133
119
96
131
27
107
100
143
115
114
19
98
139
60
80
82
98
99
58
116
132
59
128
63
84
7
99
22
136
134
102
26
75
26
136
9
69
86
80
21
65
40
14
18
57
6
61
61
18
97
12
13
111
81
144
43
23
137
7
109
126
20
109
71
126
70
4
129
54
1
125
33
49
125
72
82
135
2
10
104
39
139
92
29
14
48
2
81
114
131
68
57
77
9
89
128
27
55
30
86
11
45
34
24
56
52
116
134
76
50
84
67
46
85
38
1
17
94
113
106
51
54
103
142
43
83
5
118
87
30
11
91
105
63
108
123
88
112
60
13
130
140
110
15
32
75
90
68
72
96
37
42
29
89
66
83
71
102
58
23
4
66
37
127
73
124
19
36
113
144
79
32
8
20
15
77
3
115
141
137
95
16
112
38
44
105
103
74
138
133
120
70
53
88
3
122
121
50
97
138
107
36
106
95
35
47
25
111
101
56
34
28
28
118
31
124
8
5
78
47
142
85
24
65
123
101
94
119
104
130
22
67
64
87
17
21
76
143
53
122
141
108
41
62
78
132
33
121
110
100
31
69
55
127
10
62
45
42
79
51
59
16
93
49
135
90
25
140
93
92
46
44
74
25
73
121
30
34
141
72
76
7
106
55
123
37
1
135
144
6
71
102
61
4
119
115
98
80
104
77
25
118
82
3
133
83
28
59
23
28
79
40
112
45
24
1
133
105
55
33
2
74
100
33
56
65
13
49
95
137
8
129
65
37
50
128
117
47
80
62
127
75
98
111
21
5
15
30
9
52
74
130
96
50
126
36
91
19
90
58
78
47
49
13
51
109
90
103
32
125
131
67
85
59
100
5
139
11
142
48
66
140
129
62
70
35
53
29
134
42
61
71
92
103
128
109
14
102
17
38
114
140
20
4
66
51
105
97
96
8
16
11
87
94
15
39
115
60
63
143
81
117
21
46
87
76
60
38
112
130
48
22
107
43
137
84
142
31
12
63
139
107
34
29
78
36
44
20
18
24
79
68
9
86
116
73
22
125
144
18
84
89
101
110
77
135
104
43
138
16
42
141
132
58
132
31
122
124
68
120
41
27
138
64
3
81
82
57
127
41
69
119
52
123
83
17
75
86
6
89
97
56
10
10
57
26
54
2
92
94
99
108
88
7
69
44
113
113
32
131
54
67
111
106
121
134
72
53
120
124
35
45
93
116
26
108
23
136
126
27
93
122
39
91
118
14
143
88
46
99
40
64
19
136
12
85
70
114
101
95
110
12
24
36
48
47
46
58
59
60
72
84
96
108
107
95
94
106
118
117
129
130
131
143
144
132
120
119
118
117
105
93
81
82
70
71
83
84
72
60
48
36
35
23
11
10
9
8
7
6
18
17
5
4
3
2
1
13
25
26
38
37
49
61
73
74
62
50
51
52
53
41
42
30
31
19
20
21
22
34
33
32
44
45
57
69
68
56
55
54
66
78
77
76
75
87
88
89
90
91
103
104
116
128
140
139
138
137
125
113
114
126
127
115
116
104
92
80
79
67
68
69
57
56
44
43
31
30
29
28
16
15
27
39
40
41
29
28
40
52
64
65
77
89
101
102
103
115
114
102
101
100
99
98
110
111
123
135
136
124
112
100
88
87
86
85
97
109
121
122
134
133
134
133
121
122
110
109
97
98
99
111
123
135
136
124
112
113
125
137
138
126
127
139
140
128
129
141
142
141
142
130
131
143
144
132
120
119
107
108
96
95
94
106
105
93
92
91
90
78
66
65
53
54
42
43
55
67
79
80
81
82
83
71
70
58
59
47
35
23
24
12
11
10
22
34
46
45
33
32
20
21
9
8
7
19
18
6
5
17
16
4
3
2
14
15
27
39
38
50
51
63
64
76
75
63
62
74
86
85
73
61
49
37
25
26
14
13
1
133
134
135
136
124
112
113
125
137
138
139
140
141
129
128
116
117
118
106
107
119
131
132
144
143
142
130
118
106
105
104
103
115
114
126
127
139
138
137
136
135
123
122
121
109
97
85
73
61
62
50
49
37
25
13
1
2
3
15
16
4
5
6
7
19
18
17
29
41
53
52
64
63
75
74
86
98
110
111
99
87
88
100
101
102
90
89
77
65
66
67
55
43
31
32
44
56
68
80
81
93
94
95
96
84
72
60
59
58
70
71
83
82
94
93
92
91
79
78
90
102
101
89
88
76
75
63
51
39
38
26
27
28
40
52
51
39
40
41
42
54
55
56
57
69
81
82
70
69
57
45
33
21
22
34
35
36
48
47
46
45
44
32
20
8
9
10
11
23
24
12
24
12
11
23
22
10
9
21
33
34
35
36
48
47
46
58
59
60
72
71
83
84
96
95
107
108
120
108
120
119
131
132
144
143
142
130
129
141
140
128
116
117
105
104
92
80
68
67
66
54
53
65
64
76
77
78
79
91
103
115
127
126
114
113
125
124
123
122
134
133
121
109
110
111
112
100
99
87
86
98
97
85
73
74
62
61
49
50
38
37
25
13
14
26
27
28
16
17
29
30
42
43
31
30
18
19
20
8
7
6
5
4
3
15
14
2
1
42
30
27
80
6
78
62
17
94
26
93
115
1
114
127
116
53
50
109
105
45
48
122
34
54
16
9
63
58
67
18
62
44
87
99
137
31
82
50
134
25
37
94
113
123
80
139
13
45
102
131
42
125
9
138
72
83
74
4
87
130
96
2
32
23
79
11
22
97
127
72
49
47
77
7
100
39
91
47
32
20
78
13
55
38
131
111
142
44
65
23
53
129
113
101
24
92
11
93
24
122
104
38
101
103
61
70
136
133
46
86
142
119
16
102
51
139
120
19
30
81
33
66
100
126
2
43
36
8
10
60
57
29
12
36
88
34
128
121
97
140
28
115
144
95
55
136
110
77
106
88
117
118
130
59
98
90
76
69
91
68
119
135
124
117
71
27
5
6
114
26
56
12
104
141
35
31
41
124
21
84
64
25
105
125
15
95
29
22
52
1
74
46
98
99
141
107
69
143
81
41
3
132
120
118
108
138
111
85
19
4
8
108
137
134
135
57
18
144
33
90
56
96
51
5
52
66
75
15
64
54
40
70
39
82
43
76
89
73
128
109
132
17
68
140
143
14
126
7
73
112
60
14
35
71
103
110
3
107
121
112
37
75
79
116
21
84
85
49
40
10
129
20
106
59
123
48
67
83
58
89
86
133
65
63
92
28
61
98
68
38
90
96
102
53
40
27
78
113
128
60
79
81
120
72
55
62
132
143
123
24
28
38
8
43
61
115
56
105
10
63
82
60
106
96
17
16
41
108
135
73
95
23
69
111
50
20
90
84
13
99
82
88
1
142
72
142
108
114
39
99
92
21
141
57
26
130
58
52
1
66
133
11
80
36
34
144
102
54
2
94
13
83
64
105
3
35
52
18
144
119
48
68
79
54
50
7
66
31
123
19
6
33
138
97
92
48
127
36
91
29
129
86
110
74
2
3
5
109
104
46
65
97
65
17
12
15
87
62
118
67
47
32
135
46
16
89
126
75
93
109
71
77
56
15
119
5
24
132
37
4
7
100
14
129
27
12
101
45
41
30
40
110
111
73
35
114
42
94
107
51
47
122
134
77
87
44
127
131
9
131
59
103
21
6
71
140
25
63
121
51
44
98
124
76
136
26
117
18
37
130
84
58
116
67
22
136
133
22
55
88
120
124
126
10
9
49
28
83
134
75
11
107
78
121
19
101
106
93
125
128
125
100
23
112
137
74
89
80
32
14
116
57
34
85
138
42
4
104
76
113
8
85
25
118
30
70
39
122
33
59
20
64
139
139
69
53
81
45
112
117
103
49
115
143
29
43
141
140
61
137
86
31
95
91
70
