##Rat 3 Day 8
 ##rewards
127
116
38
##Vertices
110
40
104
25
91
51
106
108
60
28
1
32
65
33
55
106
102
71
79
122
3
2
131
144
138
92
46
42
48
72
133
1
113
6
93
117
144
51
80
20
117
55
132
12
21
140
123
96
100
28
109
22
136
33
47
57
143
137
67
94
118
66
73
112
90
48
104
70
128
88
73
38
34
119
119
27
84
5
56
77
68
4
4
40
116
124
49
23
41
8
59
133
81
90
134
50
44
135
78
126
43
9
39
5
111
93
14
115
87
136
125
113
16
76
103
68
31
24
121
37
125
34
70
22
121
130
10
59
98
107
140
77
35
17
74
130
135
86
49
63
84
31
124
54
29
45
141
108
126
143
139
57
17
10
120
62
30
13
109
66
16
83
120
39
9
129
30
89
107
87
69
15
47
116
128
3
52
60
61
11
26
131
82
137
89
96
88
138
64
110
18
95
122
45
86
141
58
76
85
139
112
26
123
11
142
81
99
36
74
2
12
105
69
18
42
13
64
134
53
94
83
24
129
72
80
61
105
78
85
15
114
21
98
56
92
19
58
25
82
79
6
35
29
75
46
114
37
99
54
101
43
7
71
97
8
63
53
95
20
111
97
127
44
142
103
19
102
118
32
14
50
36
27
41
7
75
101
115
127
100
91
38
62
65
23
67
132
52
49
142
40
63
27
120
139
99
9
60
88
23
63
117
52
91
10
140
62
109
101
83
60
133
5
110
138
38
115
114
49
128
127
90
11
18
131
69
64
123
134
79
44
36
109
32
103
112
6
13
107
82
134
115
68
137
113
118
74
57
62
78
95
37
91
53
106
72
46
1
19
50
16
143
73
67
113
123
4
75
114
11
140
118
96
2
124
59
39
75
92
67
66
80
111
23
21
98
3
28
20
19
29
100
74
44
26
138
122
10
4
22
100
88
47
15
77
58
139
125
66
24
86
42
98
28
52
31
70
102
131
5
48
36
12
144
55
68
130
25
99
21
112
76
33
89
56
12
86
103
13
17
76
26
8
121
93
84
87
143
55
78
18
14
15
70
81
111
38
65
108
61
59
96
97
24
85
119
41
87
141
43
122
51
34
90
20
35
97
136
133
50
120
94
53
61
83
17
30
102
84
14
7
48
104
105
41
46
29
64
137
8
39
56
127
43
9
32
132
116
93
129
54
27
33
107
34
110
116
135
72
117
6
65
124
77
37
71
108
119
3
51
71
125
45
35
47
31
54
142
141
130
95
42
132
30
2
126
82
144
92
128
135
81
106
25
136
126
40
22
1
105
58
73
101
85
7
16
69
80
94
57
104
89
121
79
45
129
12
11
10
22
23
35
36
48
47
46
45
57
58
70
82
83
71
59
60
72
84
96
108
120
119
131
132
144
143
142
141
140
128
116
117
129
130
118
106
105
104
92
93
81
80
79
91
103
115
127
126
114
113
101
102
90
78
77
89
88
100
112
111
123
135
134
133
121
122
110
109
97
85
73
61
62
74
75
63
51
52
64
65
66
67
68
69
57
56
55
54
53
41
42
30
31
43
44
32
20
19
18
17
29
28
16
4
3
15
27
26
14
13
1
2
3
4
5
6
7
8
9
21
33
34
46
58
70
69
68
80
81
82
94
95
107
108
120
119
118
117
116
115
114
113
125
137
136
124
112
111
99
98
86
87
75
76
64
63
51
39
40
52
53
54
42
41
40
39
38
37
49
50
38
50
49
61
62
74
73
85
97
109
121
133
134
135
136
137
138
139
127
128
129
130
131
132
144
143
142
141
140
139
138
126
125
124
123
122
110
98
86
87
99
100
88
76
77
65
66
67
79
78
90
89
101
102
103
91
92
104
105
93
94
106
107
95
96
84
83
71
72
60
59
47
35
34
33
45
44
56
55
43
31
32
20
19
18
30
29
28
27
26
25
37
25
13
1
2
14
15
16
17
5
6
7
8
9
21
22
10
11
12
24
23
24
36
48
144
132
120
108
96
95
107
119
131
143
142
130
118
117
105
93
92
80
81
69
57
58
70
71
72
60
59
47
48
36
24
23
22
21
9
8
20
32
44
56
55
43
42
54
66
78
77
65
64
76
88
89
101
102
90
91
79
67
68
56
44
45
46
34
35
36
48
60
72
84
83
82
94
106
105
104
116
115
103
104
116
128
140
141
129
117
118
106
94
93
81
69
57
45
33
32
31
30
18
17
16
4
3
15
27
28
29
41
53
52
40
39
51
50
38
37
25
26
14
13
1
2
3
4
5
6
7
19
31
43
42
41
53
52
40
39
51
63
75
74
62
61
73
85
97
98
86
87
99
111
123
124
125
113
112
100
101
113
114
126
138
137
136
135
134
133
121
122
110
109
97
98
110
109
121
133
134
122
123
135
136
124
112
111
99
100
88
89
77
76
75
87
86
85
73
74
62
63
64
65
66
54
55
67
68
80
92
91
79
78
90
102
103
115
114
126
125
137
138
139
127
128
127
139
140
141
129
130
142
143
144
132
131
119
120
108
107
95
96
84
83
82
70
71
59
47
35
23
24
12
11
12
11
10
22
10
9
8
7
6
5
17
16
15
14
2
1
13
25
37
49
61
49
50
38
26
27
28
29
30
18
19
20
21
33
34
46
58
104
107
20
99
75
69
79
139
57
138
27
75
103
134
16
107
125
132
32
7
56
73
110
43
17
4
127
121
76
52
101
77
71
88
32
114
80
42
105
101
40
96
49
69
92
5
50
127
102
36
10
3
30
45
37
49
19
121
142
142
24
46
25
120
51
31
44
139
15
76
91
44
26
23
71
112
91
86
38
51
98
23
87
140
137
83
81
93
74
35
131
124
21
66
6
74
47
31
123
83
54
138
47
42
126
2
6
115
126
102
81
72
140
143
30
28
39
109
26
70
52
90
41
62
53
79
80
103
129
130
92
95
82
21
112
1
15
90
119
87
106
86
61
29
132
29
70
12
134
40
133
9
84
82
33
3
57
128
68
35
13
135
58
7
97
113
56
109
95
89
1
122
60
88
13
63
66
67
67
100
46
124
93
136
141
43
105
108
125
135
108
114
122
41
117
136
39
50
33
4
116
54
123
118
104
96
78
16
94
133
110
9
48
59
14
65
62
28
117
20
113
12
94
118
11
55
53
14
68
64
137
17
18
72
25
89
18
97
131
85
78
119
77
116
27
59
120
141
10
144
143
22
99
98
85
84
8
34
58
130
8
5
144
24
111
55
65
128
129
73
60
63
19
37
38
61
106
111
48
45
22
34
100
64
115
2
36
11
101
138
90
107
64
81
63
116
57
143
27
85
44
3
23
111
143
46
13
85
40
113
105
52
119
25
134
21
37
110
49
109
53
55
109
117
7
92
87
86
66
37
62
137
86
29
47
15
6
127
100
121
90
23
141
71
75
134
16
73
2
133
131
28
10
70
57
122
122
40
79
64
123
97
16
46
72
139
7
65
102
128
31
24
43
56
112
8
126
113
104
144
144
47
6
99
104
93
93
99
78
17
38
133
106
21
50
2
19
91
83
130
110
75
123
10
24
17
39
60
139
61
76
42
8
30
76
51
27
107
119
80
108
88
101
9
96
125
69
59
118
15
129
38
18
74
140
61
82
52
4
78
33
59
87
97
137
116
72
135
67
66
12
84
140
45
1
105
63
68
33
5
11
30
11
115
92
9
19
126
32
69
51
111
20
31
48
26
94
58
142
118
89
29
117
5
20
1
67
35
79
32
77
45
124
39
12
132
60
22
106
77
95
53
88
58
120
14
131
13
103
127
142
3
54
80
130
120
74
55
124
91
65
41
54
96
98
4
135
129
18
28
34
84
102
34
103
43
49
128
25
71
83
121
89
68
125
26
98
36
138
42
22
141
132
50
115
62
73
82
112
48
114
36
100
94
136
136
35
41
70
108
95
56
81
44
114
14
133
134
135
136
137
125
124
123
122
121
109
110
111
99
100
101
89
90
102
103
104
116
115
127
139
140
128
129
141
142
143
131
119
107
108
96
95
94
93
92
80
81
69
68
67
66
54
55
43
42
41
53
52
64
65
77
78
79
91
92
93
105
117
118
130
142
141
140
139
138
126
114
113
112
100
88
87
75
76
88
87
86
85
97
98
99
111
112
113
101
102
103
104
105
106
94
82
70
71
59
47
48
36
35
34
46
58
57
56
44
45
33
32
20
21
9
10
22
23
11
12
24
36
48
60
72
84
83
82
81
69
57
56
44
45
33
32
31
30
18
19
7
6
5
4
16
17
29
28
27
26
38
50
51
39
40
52
51
63
62
61
49
37
25
13
1
2
14
15
3
4
16
15
3
2
1
13
14
26
25
37
38
39
27
28
40
41
53
54
42
30
29
17
5
6
18
19
31
43
55
67
68
80
79
91
90
89
77
78
66
65
64
76
75
63
62
50
49
61
73
74
86
74
73
85
97
98
110
109
121
133
134
122
123
135
136
124
125
137
138
126
114
115
127
128
129
130
131
143
144
132
144
132
120
119
120
108
96
84
72
60
59
47
35
23
24
12
11
10
9
8
7
8
20
21
22
34
46
58
70
71
83
95
107
106
118
117
116
1
13
14
15
3
4
5
6
7
8
9
10
22
21
33
45
44
56
57
58
70
71
72
84
96
95
107
108
120
119
131
132
144
143
142
141
129
117
105
104
92
93
94
106
118
130
142
141
140
128
116
115
103
91
79
80
81
69
68
67
55
43
42
30
31
32
20
19
18
17
29
41
40
39
51
50
49
61
62
74
73
85
86
98
97
109
121
122
123
135
136
137
138
139
127
126
125
124
112
100
88
76
75
87
99
111
110
109
97
85
73
61
49
37
25
26
38
39
27
28
16
4
5
17
29
30
42
54
66
78
77
65
64
63
62
74
86
98
110
111
99
87
75
76
88
89
101
113
114
102
90
91
79
67
55
43
44
45
46
34
35
23
24
36
48
47
59
60
72
84
83
71
59
60
48
47
35
36
24
12
11
12
11
23
22
10
9
8
7
6
18
19
31
32
20
21
33
34
46
58
57
56
68
69
70
82
83
95
96
108
107
106
94
82
81
80
92
93
105
117
118
119
120
132
144
143
131
130
129
128
140
139
138
126
127
115
116
104
103
102
114
113
125
137
136
135
134
133
121
133
134
122
123
124
112
100
101
89
90
78
77
65
66
54
53
52
40
28
16
15
27
26
14
2
3
2
1
13
25
37
38
50
51
63
64
52
53
41
22
135
27
63
114
79
72
56
89
88
116
33
112
130
52
51
59
40
30
91
107
98
115
77
81
104
82
38
4
31
1
97
95
127
41
49
104
128
13
53
26
122
107
128
102
11
80
55
131
116
36
99
130
50
111
6
114
63
132
10
113
22
21
108
93
59
60
93
69
73
94
142
138
15
125
20
31
28
100
134
42
124
17
106
90
58
121
122
45
37
55
95
2
73
42
126
106
34
101
120
33
139
140
60
89
103
10
78
17
115
46
72
141
125
118
123
44
50
88
124
71
24
86
92
91
65
57
117
117
110
131
112
144
138
108
15
35
27
46
20
90
54
39
24
12
109
83
137
34
6
44
110
126
109
13
139
43
111
119
82
25
61
66
64
2
23
58
79
121
77
19
25
83
80
41
3
37
70
143
133
76
51
12
26
14
120
105
70
69
29
3
96
68
103
137
32
142
75
123
7
105
84
127
52
135
85
141
21
81
62
8
98
66
39
136
87
99
29
132
57
64
96
144
87
56
133
23
100
74
9
61
136
75
16
35
53
129
43
54
97
1
76
113
11
71
129
47
32
18
94
48
9
45
8
38
74
86
47
92
48
49
134
36
16
28
18
40
143
19
84
67
30
65
140
5
102
67
7
101
118
85
4
68
5
62
78
14
119
125
82
9
116
3
36
41
73
5
51
62
132
141
104
140
98
25
105
42
16
139
90
140
20
21
87
85
115
135
93
100
47
56
119
17
121
83
108
1
99
144
4
38
120
94
29
142
39
103
17
13
69
114
7
33
55
70
11
11
132
12
6
12
87
117
123
9
49
117
116
86
42
100
139
10
23
83
40
91
89
36
26
71
64
131
124
143
129
27
61
85
53
68
58
37
112
7
128
81
46
136
130
49
48
59
76
73
57
43
97
80
123
138
126
71
67
95
65
27
80
133
19
54
136
39
22
55
51
111
30
45
84
47
37
78
79
26
121
60
52
105
93
107
64
29
120
8
126
102
128
106
77
14
34
63
69
15
50
133
5
1
98
57
46
103
15
94
13
24
78
25
33
81
134
144
70
18
101
111
95
59
2
137
66
89
44
135
88
72
62
84
68
113
92
119
112
88
41
114
96
61
82
28
50
75
74
90
131
138
109
19
48
63
45
72
21
96
53
118
14
3
35
102
20
24
76
110
101
58
74
108
104
106
113
92
141
127
38
122
28
66
40
107
67
97
31
125
91
6
43
32
65
142
124
129
34
2
134
75
31
109
32
122
10
99
30
16
23
79
86
54
22
4
130
137
60
127
118
18
115
52
77
110
35
56
44
143
8
1
2
14
26
25
13
1
2
3
15
16
17
29
41
42
54
66
67
68
69
70
58
57
45
46
47
59
60
72
71
83
84
96
95
107
106
118
119
120
108
96
84
72
60
48
36
35
23
24
12
11
10
22
34
33
21
9
8
7
19
31
30
18
6
5
4
3
15
27
28
40
52
64
76
88
89
90
78
77
65
53
52
51
39
38
37
49
61
62
74
73
85
86
98
110
109
97
85
73
61
49
50
62
63
75
87
99
100
101
102
114
126
125
137
138
139
140
128
116
117
129
141
142
143
131
130
118
117
105
104
92
91
103
115
127
139
138
137
136
124
123
122
121
133
134
135
136
124
112
113
101
102
90
89
77
65
53
54
55
56
44
32
20
8
9
21
33
45
57
69
81
80
79
78
66
67
79
91
103
104
116
115
114
113
125
126
127
128
140
141
129
130
142
143
144
132
144
132
131
119
120
108
107
106
94
95
83
71
59
47
48
36
35
23
24
12
11
10
22
34
46
58
70
82
94
82
81
93
105
93
92
80
68
56
55
43
42
41
29
30
31
43
44
32
20
19
7
6
18
17
5
4
16
28
40
39
27
26
14
13
25
37
38
50
51
63
64
76
75
87
88
100
112
111
99
111
110
122
123
135
134
133
121
109
97
98
86
74
12
24
23
22
10
9
8
7
19
31
43
55
54
66
65
53
52
51
63
64
76
77
78
90
89
101
113
114
126
138
139
140
141
142
130
118
106
94
95
96
108
107
119
131
132
144
143
142
141
129
128
127
115
103
102
101
100
112
111
99
98
86
74
62
61
73
85
97
109
110
122
121
133
134
135
136
137
125
124
123
111
112
113
114
102
103
104
116
117
105
93
81
80
68
67
79
91
92
104
105
93
94
82
70
58
59
71
83
84
72
60
48
47
35
36
48
60
59
58
46
34
33
32
20
21
9
8
7
6
18
30
42
41
40
28
27
15
3
4
16
17
5
4
3
2
1
13
14
26
25
37
49
50
38
39
51
63
75
87
88
76
64
52
53
65
66
67
68
69
57
45
44
45
57
56
44
56
55
54
42
43
31
32
33
34
46
47
35
36
24
23
11
12
11
10
22
21
20
19
18
6
5
17
29
30
29
41
40
28
16
15
14
2
1
13
25
26
27
39
38
37
49
50
62
61
73
85
86
74
75
87
88
100
99
98
97
109
110
122
121
133
134
135
123
124
136
137
125
126
138
139
140
128
127
115
116
117
129
130
131
143
144
132
120
108
120
119
118
106
107
95
96
84
72
71
83
82
70
69
81
80
79
78
77
89
90
91
92
