##Rat 5 Day 19
 ##rewards
74
87
21
##Vertices
133
121
122
123
111
99
100
112
113
125
137
136
135
134
133
121
109
97
98
110
109
97
85
73
61
49
37
25
13
1
2
3
15
14
26
27
39
38
50
62
63
51
52
64
65
77
78
66
54
55
56
68
67
79
80
81
82
94
95
83
71
72
84
96
108
107
106
118
117
129
128
127
115
116
104
105
93
92
91
103
102
101
89
90
102
114
126
138
139
140
141
142
130
131
119
120
132
144
143
142
141
140
139
138
137
136
124
125
113
101
100
88
87
75
76
64
52
53
41
29
17
5
6
18
30
31
43
44
32
33
45
57
58
46
47
35
23
22
10
11
12
24
36
48
60
59
58
70
69
81
93
92
91
90
89
77
65
53
54
42
41
40
28
16
4
5
6
7
8
20
19
31
32
33
45
57
69
68
80
79
78
66
67
55
56
44
43
42
30
29
28
40
39
51
63
75
76
88
87
99
111
112
124
123
135
134
122
110
98
86
74
86
85
73
74
62
61
49
50
38
37
25
13
1
2
14
26
27
15
3
4
16
17
18
19
7
8
20
21
9
21
9
10
22
34
46
34
35
23
11
12
24
36
48
47
59
60
72
84
83
71
70
82
94
95
107
119
118
106
105
117
116
104
103
115
114
126
127
128
129
130
131
143
144
132
120
108
96
1
2
14
26
27
28
40
39
51
50
49
37
25
13
1
2
3
4
16
15
3
4
5
6
7
8
9
10
11
12
24
36
35
23
22
34
33
21
20
19
31
32
44
43
55
54
66
67
68
80
92
91
79
78
90
102
114
113
125
126
127
139
138
137
136
124
112
111
99
98
86
74
75
87
88
100
101
89
77
76
64
52
53
65
64
63
62
61
73
85
97
109
110
122
123
135
134
133
121
109
97
85
73
61
49
37
38
50
51
52
40
41
29
30
42
43
44
56
57
58
59
60
72
71
70
82
81
93
94
106
105
104
116
117
129
130
131
119
120
132
144
143
142
141
140
128
116
115
103
102
101
89
77
65
53
54
55
56
68
69
57
45
46
47
48
60
72
84
96
95
83
82
94
106
105
104
103
91
90
78
66
67
79
80
92
93
81
69
70
58
46
45
33
32
31
30
42
41
29
28
27
39
38
26
25
13
14
15
16
17
18
17
5
6
18
19
7
8
20
21
9
10
11
12
24
23
22
34
35
36
48
47
59
71
83
84
96
95
107
108
107
108
120
119
118
117
118
130
131
132
144
143
142
141
129
128
140
139
138
126
127
115
114
113
125
124
123
111
112
100
99
87
88
76
75
63
62
74
86
98
110
122
121
133
134
135
136
137
11
58
50
135
110
142
26
39
144
92
113
47
111
91
55
107
40
85
126
68
88
81
70
138
125
102
8
97
97
141
44
119
86
19
103
92
80
76
17
131
37
6
12
7
72
125
91
55
32
45
138
65
67
36
14
71
112
115
100
32
90
59
73
73
100
136
111
28
114
104
52
83
117
63
124
21
137
35
38
143
54
9
99
41
130
10
44
8
46
94
79
57
49
58
43
99
95
36
16
131
106
31
25
29
96
46
67
75
129
93
75
116
101
136
18
52
4
82
117
101
42
13
118
1
38
30
88
140
56
118
90
121
98
56
120
48
130
110
121
79
108
72
61
109
114
51
24
143
69
134
41
144
5
124
23
14
51
9
34
60
95
109
57
33
140
13
82
133
83
78
84
7
103
60
50
66
35
64
134
15
65
81
89
139
132
108
123
17
47
77
39
115
22
142
25
135
40
74
102
74
10
104
63
80
128
122
12
86
78
133
139
11
15
85
20
113
87
20
137
43
71
4
106
89
69
23
62
93
19
42
66
119
128
3
2
18
112
76
107
27
64
49
77
126
6
70
53
127
24
120
30
34
105
5
68
31
3
26
16
53
98
54
48
132
122
2
127
129
45
116
28
22
27
29
21
61
62
33
1
87
94
123
141
37
59
84
96
105
28
113
8
2
85
21
81
135
57
97
75
63
6
19
70
1
73
58
20
65
122
31
7
35
54
117
80
29
39
56
45
27
109
133
69
100
119
88
136
126
49
136
61
73
30
55
68
41
70
37
3
47
34
46
107
66
92
64
112
91
51
116
133
89
89
16
26
120
65
84
72
90
40
110
125
27
25
44
86
112
134
23
120
52
16
139
135
46
17
18
1
43
140
71
59
106
58
87
101
56
74
44
17
34
43
4
114
93
87
9
134
41
13
4
15
142
138
143
131
8
67
77
127
78
113
62
137
11
137
66
61
10
32
29
110
139
74
54
53
132
10
26
47
128
45
130
78
51
105
85
118
84
67
141
81
48
6
40
13
142
53
119
118
108
68
127
123
124
79
9
141
108
83
14
69
115
117
79
64
50
114
33
22
144
111
124
31
52
76
77
102
98
129
115
122
94
96
25
18
38
144
12
80
103
126
86
100
104
99
19
7
72
49
121
2
132
102
63
129
90
125
98
123
21
36
91
103
5
24
140
48
101
99
143
60
82
3
23
42
83
82
55
109
97
94
38
104
59
111
11
92
14
39
62
93
15
5
33
106
121
71
96
116
30
76
95
12
42
50
128
57
138
28
95
131
75
36
105
35
32
130
20
37
107
24
60
88
22
12
24
23
22
34
33
32
44
56
57
58
70
71
72
60
59
47
48
36
35
34
46
45
33
21
9
8
7
19
18
6
5
17
29
28
16
15
14
26
25
37
38
50
49
61
62
74
75
63
64
76
88
87
86
98
97
109
110
111
99
100
112
113
125
124
136
137
138
126
114
102
103
115
127
139
140
128
129
141
142
130
131
119
120
132
144
143
142
141
140
139
138
137
136
135
123
122
134
133
121
109
97
85
73
61
49
37
25
13
1
2
3
4
5
6
7
8
20
19
31
30
42
41
40
39
27
26
38
50
51
52
53
54
55
43
42
54
66
78
79
67
68
69
81
80
92
104
116
117
105
93
94
95
96
108
107
106
118
130
129
128
127
126
125
113
101
89
90
91
79
80
92
93
94
82
83
95
96
84
72
84
83
71
70
82
81
69
68
67
66
78
90
91
103
104
105
106
107
108
120
132
144
143
131
119
118
117
116
115
114
102
101
100
112
124
123
135
134
133
121
122
110
111
99
98
86
85
73
74
62
63
64
76
75
87
88
89
77
65
77
65
53
41
29
28
40
52
51
39
27
15
14
13
1
2
3
4
16
17
18
30
31
32
44
43
55
56
57
45
46
58
59
60
48
47
35
36
24
12
11
23
22
10
11
10
9
21
20
144
143
131
119
118
106
94
93
92
104
116
115
127
139
140
128
129
141
142
130
118
117
105
106
107
108
96
84
83
71
72
60
59
58
46
47
35
23
22
10
9
21
20
8
7
19
18
30
31
43
42
41
29
17
16
4
3
15
27
28
40
39
51
50
38
37
49
61
62
63
64
76
75
74
73
85
86
98
97
109
110
122
123
135
134
133
121
109
97
85
73
61
49
37
25
26
14
13
1
2
3
4
5
6
7
8
9
10
11
12
24
36
48
60
72
84
96
95
83
82
70
69
57
45
33
34
22
21
20
32
44
56
68
80
81
69
68
67
66
78
79
91
103
102
90
89
88
87
99
100
101
113
125
137
136
124
112
111
110
98
86
74
62
50
51
52
53
65
77
78
90
89
101
113
114
126
125
137
138
139
138
126
127
115
114
102
103
91
79
67
66
65
77
76
88
100
112
124
136
135
134
133
121
122
123
111
99
87
75
63
64
52
40
39
38
26
25
13
1
2
14
15
27
28
16
17
5
6
18
19
31
43
42
30
29
41
53
54
55
54
55
56
57
58
46
45
44
32
33
34
35
23
11
12
24
36
48
47
59
71
70
82
94
93
81
80
92
104
105
117
116
128
140
141
129
130
142
143
144
132
131
119
120
132
120
108
107
95
69
37
112
103
64
34
25
51
1
45
127
42
44
87
31
75
115
4
23
5
81
135
65
3
73
47
92
53
128
26
31
79
126
11
60
133
100
55
41
85
62
87
88
75
132
20
88
83
13
6
79
85
53
120
39
68
101
78
59
12
30
115
27
44
16
101
63
125
62
114
118
99
84
142
5
134
117
137
52
90
119
36
97
19
144
11
131
130
71
38
15
7
136
82
114
127
24
41
9
40
58
25
143
55
98
116
106
38
113
50
33
89
42
57
91
95
35
46
56
86
30
60
65
78
45
56
7
82
14
67
24
14
93
8
32
94
72
84
10
63
20
144
81
97
135
72
83
9
134
47
96
13
133
89
73
137
16
99
37
124
102
18
143
48
122
59
141
102
109
74
58
123
29
43
64
130
77
17
66
2
28
109
61
121
126
96
95
50
43
142
10
74
131
119
21
128
18
69
34
105
35
40
110
22
141
118
26
90
61
22
94
21
80
39
132
29
136
91
139
139
67
32
138
105
70
80
1
66
6
113
111
138
120
12
92
129
124
104
52
108
57
140
15
28
140
103
76
110
121
54
68
122
129
76
100
125
49
106
107
33
2
23
116
71
93
123
36
104
54
49
107
4
51
117
46
111
108
3
98
112
8
17
77
19
70
48
86
27
54
75
14
71
67
52
48
121
95
119
1
57
82
118
46
17
61
139
8
97
2
123
122
60
16
111
107
6
28
34
91
138
12
91
21
125
57
135
106
70
84
90
74
95
119
96
70
50
110
53
88
62
41
68
64
52
140
47
142
69
38
108
109
66
140
112
25
37
82
25
120
17
21
13
112
56
129
49
94
46
51
79
124
136
80
44
53
114
137
136
76
67
94
89
102
143
90
54
77
47
100
79
6
73
32
30
33
29
78
99
38
43
105
72
103
114
97
7
115
81
123
12
85
35
18
41
117
9
104
133
65
37
138
129
40
107
58
132
18
89
78
62
134
113
66
28
5
29
131
16
141
134
20
26
59
43
104
86
4
40
86
130
39
9
61
63
58
88
3
42
110
31
93
116
98
22
45
100
56
81
32
23
83
101
65
24
30
98
122
137
44
139
3
26
74
22
72
27
39
103
93
15
10
69
71
144
59
55
99
11
101
19
115
15
33
144
109
75
36
68
118
87
127
80
130
143
133
92
27
31
102
121
128
92
7
23
24
45
106
116
126
128
76
8
132
84
87
14
117
85
51
4
96
13
135
125
42
124
19
120
141
63
77
83
113
127
142
11
126
49
73
131
36
111
105
48
64
108
10
2
55
60
20
1
5
34
50
35
1
13
25
26
38
37
49
50
51
63
64
65
66
78
90
91
92
93
81
69
57
45
33
32
44
43
55
54
53
41
29
30
42
43
31
19
18
6
7
8
9
21
22
23
11
12
24
36
35
34
46
47
48
60
72
84
83
95
107
119
118
106
105
117
129
128
127
139
140
141
142
130
131
132
120
108
96
84
72
71
70
58
59
60
48
36
35
47
59
71
70
82
94
106
118
117
116
104
103
115
114
126
138
137
125
124
136
135
134
133
121
109
97
98
99
87
86
74
62
61
73
85
97
109
110
122
123
111
112
100
88
76
77
89
101
102
114
113
101
89
88
87
75
76
77
78
79
67
68
56
55
67
66
65
64
52
40
39
27
28
16
17
5
4
3
15
14
2
3
4
16
15
27
26
14
2
1
13
25
37
49
50
38
39
40
28
29
41
42
54
53
52
51
63
75
74
62
61
73
85
86
98
110
111
99
100
112
113
125
124
123
122
121
133
134
135
136
137
138
126
127
139
140
128
129
141
142
130
131
143
144
143
144
132
120
119
107
108
96
95
83
82
94
93
105
104
116
115
103
102
90
91
79
80
92
80
81
69
68
56
57
58
46
45
44
32
31
30
18
17
5
6
7
19
20
8
20
21
33
34
22
10
9
10
11
12
24
23
133
134
135
123
124
136
137
125
113
114
102
90
78
79
80
68
56
44
43
42
41
40
39
51
52
64
65
77
89
88
87
75
76
64
63
62
74
73
61
49
37
38
26
14
13
1
2
3
15
27
28
16
4
5
6
7
19
20
21
22
34
33
45
46
47
59
71
72
60
48
36
35
23
11
10
9
8
7
6
18
30
29
17
5
4
3
15
16
17
18
30
31
32
33
34
46
58
57
69
70
82
83
84
96
95
107
108
120
132
144
143
142
141
129
117
116
128
127
126
138
139
140
141
142
130
131
119
118
106
105
104
103
91
92
93
81
82
94
93
92
104
116
115
103
91
79
67
66
54
53
65
66
78
90
102
101
100
112
111
99
98
86
85
97
109
110
122
121
109
97
98
110
111
123
122
121
133
134
135
136
137
125
124
112
100
99
87
88
76
77
89
101
113
114
115
127
126
138
139
140
128
129
130
118
117
105
106
94
95
107
119
131
143
144
132
120
108
96
84
83
71
72
60
59
47
48
36
35
23
24
12
24
12
11
10
22
21
9
8
20
19
31
32
44
45
57
58
70
69
81
80
68
67
55
56
55
43
42
54
53
41
29
28
40
52
51
63
75
74
86
85
73
61
62
50
49
50
38
39
27
26
25
37
25
13
1
2
14
100
62
125
74
68
47
135
74
36
132
14
117
69
44
101
133
65
93
131
75
11
104
19
143
144
113
130
23
44
124
116
85
89
142
120
107
115
94
118
112
8
58
73
83
46
15
119
72
112
57
123
106
79
139
86
66
55
2
105
48
13
41
109
7
71
125
37
126
25
137
24
73
12
71
114
92
106
58
9
53
38
29
76
140
20
86
22
98
104
118
49
108
102
121
54
31
92
80
88
69
30
72
45
77
82
6
50
37
87
5
99
59
40
28
62
122
101
54
141
133
103
97
42
19
29
110
28
21
129
81
46
7
61
41
17
39
45
78
134
96
95
95
137
144
35
30
36
131
57
111
123
50
60
97
32
63
78
65
83
20
132
51
56
43
103
98
3
128
143
33
135
43
139
91
8
12
84
67
81
130
93
113
134
52
34
76
2
4
11
16
16
4
119
23
89
79
56
136
75
110
38
111
22
70
122
42
31
6
60
35
10
127
105
115
64
127
91
124
1
55
14
88
1
136
51
68
5
9
17
66
34
18
117
138
138
33
67
80
27
109
40
129
99
3
39
15
25
90
26
24
96
114
120
85
26
48
21
64
13
82
49
140
10
70
52
61
27
32
47
100
53
18
142
94
87
90
108
126
116
77
107
63
84
121
59
141
128
102
4
129
109
85
13
130
56
10
128
83
124
61
95
53
79
1
72
118
126
122
107
83
138
109
51
49
122
3
114
82
63
13
22
62
139
76
103
44
7
117
54
5
143
104
62
47
21
121
106
30
137
91
85
32
66
38
64
2
31
136
92
19
39
86
88
50
129
57
141
26
133
110
120
89
81
126
68
18
130
21
28
102
135
127
64
54
111
132
41
116
11
133
55
33
42
110
72
52
128
25
98
60
116
30
48
15
71
123
38
136
2
113
36
67
81
105
57
25
132
45
135
12
142
115
113
80
20
84
6
142
17
34
100
144
106
39
65
46
134
47
63
20
45
95
15
40
91
67
23
3
111
10
35
51
6
84
139
17
9
103
140
87
18
94
16
101
77
123
26
93
27
77
127
69
89
68
42
14
37
75
49
4
34
140
141
37
73
93
102
24
66
112
88
119
87
1
143
29
108
82
59
33
19
144
105
31
58
125
69
14
97
56
119
120
99
74
36
90
53
22
65
98
79
16
11
12
27
131
104
114
55
52
28
43
99
117
90
100
96
70
75
70
7
107
80
86
73
24
61
134
137
59
23
121
115
71
78
32
118
44
124
29
8
78
76
112
138
35
58
50
108
74
101
9
40
131
41
43
92
8
96
60
48
94
97
5
46
125
