##Rat 4 Day 12
 ##rewards
126
113
47
##Vertices
67
119
131
132
84
139
58
27
37
138
142
87
32
7
105
14
51
43
1
5
97
124
63
97
12
16
126
3
62
103
112
62
44
73
122
32
102
123
18
70
133
78
95
70
40
45
109
49
80
18
59
130
77
120
53
143
79
13
26
111
103
10
121
101
84
29
42
59
127
49
93
104
141
126
77
102
35
116
57
85
89
82
91
110
128
128
144
8
92
100
24
10
46
85
80
25
92
99
31
137
30
91
113
14
87
17
38
135
12
117
99
78
138
47
76
33
134
13
40
3
106
51
112
35
2
29
2
98
86
60
30
50
76
115
43
136
71
69
52
23
63
19
132
122
61
22
120
66
90
73
55
143
41
74
121
31
140
141
136
109
1
140
26
6
19
23
9
83
37
15
57
89
46
64
11
81
64
88
20
17
9
114
72
137
116
68
125
82
72
108
22
125
96
108
60
33
88
5
36
34
117
142
53
36
118
48
11
71
81
96
94
124
39
44
113
68
55
56
83
7
105
38
66
61
75
107
90
34
21
123
93
24
65
144
115
135
119
67
21
4
58
25
127
118
20
50
42
47
139
54
79
69
86
4
54
110
75
114
129
41
27
16
95
74
100
6
131
106
129
104
56
52
94
15
134
45
39
111
65
133
48
28
8
107
101
98
28
130
55
78
23
98
29
98
121
26
131
124
24
51
81
97
4
33
30
48
110
43
94
76
25
59
9
51
70
82
115
24
93
43
108
118
21
42
9
90
126
36
123
11
48
4
136
47
86
102
97
17
118
107
74
8
55
138
49
44
122
35
84
88
54
100
77
40
131
23
63
80
112
21
6
132
83
44
141
103
140
133
75
137
56
2
52
61
134
127
121
129
128
137
40
38
95
10
144
37
66
113
125
144
130
90
82
56
18
86
87
27
67
102
5
113
123
59
139
36
32
119
72
22
101
114
114
38
57
110
22
79
91
115
105
68
13
69
71
89
14
78
93
11
8
19
65
111
68
31
99
3
117
105
129
17
73
67
63
128
64
79
126
73
62
49
50
60
104
96
12
77
116
20
58
117
125
7
19
103
15
99
1
75
15
111
47
28
16
84
69
10
87
41
46
37
106
60
127
107
141
81
83
30
41
106
119
13
18
5
31
89
3
65
71
34
54
7
52
61
94
142
132
64
35
143
138
46
1
120
139
136
101
57
32
143
39
16
91
50
45
39
140
95
26
88
42
104
112
109
25
135
76
58
62
80
6
116
130
33
96
135
53
122
85
85
70
92
133
72
45
108
120
142
12
74
20
2
28
29
92
66
124
134
53
109
34
14
27
100
1
13
25
37
38
26
27
15
14
2
3
4
5
6
18
17
29
28
16
4
5
17
29
30
31
19
20
32
33
21
9
8
7
6
18
30
42
43
55
67
66
65
64
76
75
87
88
100
99
111
112
124
123
122
110
109
121
133
134
135
136
137
138
139
140
141
142
143
144
132
120
119
131
130
118
106
105
93
81
80
92
91
90
89
77
78
79
91
103
104
116
128
129
117
116
115
114
113
101
102
103
115
127
126
125
137
136
124
112
111
99
98
97
85
73
74
86
87
75
63
51
50
49
61
62
63
64
52
40
41
53
54
42
43
44
56
68
69
70
82
83
71
72
60
59
58
57
45
46
47
48
36
35
23
22
10
11
12
24
36
48
60
72
84
96
95
94
82
81
80
79
78
90
89
77
76
88
100
101
102
114
113
125
126
138
139
127
128
140
141
129
117
105
104
92
93
94
95
107
108
120
132
144
143
142
130
131
119
118
106
107
108
96
84
83
71
59
58
70
69
57
45
46
47
35
34
33
34
22
23
24
12
11
10
9
21
20
8
7
19
31
32
44
56
68
67
55
54
66
65
53
41
40
28
16
15
3
2
1
13
14
26
25
37
49
61
73
85
97
109
121
133
134
135
123
122
110
98
86
74
62
50
38
39
27
39
51
52
133
134
135
136
124
123
111
110
122
121
109
97
85
73
74
86
87
99
98
97
85
86
87
75
63
62
50
51
39
38
37
49
61
73
74
75
76
64
65
66
78
90
102
103
115
116
104
105
117
118
106
107
119
131
130
142
143
144
132
120
108
96
84
72
60
48
36
24
12
11
10
22
23
35
34
33
45
44
43
55
56
68
80
92
91
79
67
68
69
57
58
59
47
46
58
70
82
94
93
81
69
70
71
83
95
96
108
107
106
118
117
129
141
140
139
127
128
116
115
114
113
125
137
138
126
114
102
101
100
88
89
77
76
64
52
53
54
42
30
31
19
18
6
5
17
29
41
40
28
16
4
3
15
14
26
25
13
1
2
3
4
5
6
7
8
20
32
31
43
55
67
79
80
92
91
103
104
105
93
81
82
94
95
83
84
72
71
59
60
48
47
46
45
57
56
44
32
20
21
9
10
11
12
24
36
35
23
22
34
33
21
9
8
7
19
18
17
29
30
42
41
40
28
16
15
27
39
27
26
14
2
1
13
25
37
38
50
49
61
62
63
51
52
53
54
66
65
77
78
90
89
88
100
99
98
110
109
121
133
134
122
123
135
136
137
138
139
140
141
142
143
144
132
120
119
131
130
129
128
127
126
125
124
112
111
112
113
101
57
56
12
47
122
8
9
62
99
127
140
7
17
141
34
14
106
63
20
3
31
6
77
114
72
59
32
30
92
134
139
142
98
109
54
26
92
20
50
81
25
137
95
52
74
12
66
122
129
91
21
98
5
131
120
55
71
2
60
1
88
43
74
11
119
35
123
35
70
19
65
93
40
52
124
125
121
18
55
49
6
144
60
27
133
105
36
108
10
70
76
39
25
112
34
112
107
7
133
75
44
141
16
105
127
103
101
96
142
138
128
90
11
17
56
47
111
41
84
49
48
51
32
124
13
102
72
54
61
23
137
86
79
94
77
58
22
10
14
66
26
136
57
115
143
78
68
75
117
118
132
138
102
65
82
78
69
97
69
126
73
135
136
93
82
120
63
140
24
71
91
80
101
110
110
116
95
46
8
121
48
96
100
15
107
83
5
46
53
45
16
99
132
134
97
114
117
111
37
28
21
18
33
139
83
135
73
84
113
104
87
64
38
31
90
44
2
118
80
109
76
119
39
23
100
58
51
36
43
94
22
53
64
89
41
50
126
9
42
67
89
108
68
67
87
106
81
4
103
28
38
79
24
125
143
29
33
115
144
15
27
19
29
40
129
13
130
1
104
42
85
131
88
30
4
45
85
3
61
37
113
116
86
59
130
62
123
128
22
1
81
44
68
67
55
113
98
87
32
46
57
126
51
115
88
101
21
62
50
27
89
17
102
9
90
10
13
33
2
125
72
144
84
56
24
54
12
16
92
69
74
29
75
4
77
34
95
63
96
138
135
105
30
131
118
43
47
38
78
79
132
21
117
45
69
64
38
31
95
123
85
63
24
85
135
64
41
131
97
29
66
32
22
18
94
58
115
92
137
7
44
19
34
124
25
138
113
122
49
110
90
40
65
52
82
143
137
91
12
11
80
98
120
59
75
26
109
78
128
20
23
2
88
7
133
39
70
141
13
39
36
91
19
59
86
99
104
60
3
122
27
87
106
89
18
49
76
100
143
42
116
65
79
47
25
108
139
35
28
104
101
96
73
4
140
97
76
142
105
17
46
121
107
36
136
51
52
9
41
60
35
37
144
112
15
33
134
127
112
71
117
106
74
108
123
53
43
68
62
6
26
28
119
80
31
30
110
129
56
107
67
16
23
8
130
93
130
5
141
3
124
109
48
82
54
14
100
84
120
136
1
71
94
10
140
83
111
121
111
116
132
50
128
72
58
118
66
134
48
11
93
61
119
102
8
45
81
73
139
127
14
77
15
114
40
86
55
37
129
125
126
53
61
57
103
83
114
70
133
99
5
20
142
103
42
6
144
143
131
119
118
117
105
106
94
95
96
108
120
132
144
143
142
141
129
130
142
141
140
139
138
137
136
135
134
133
121
109
110
122
123
111
112
124
125
126
114
113
101
102
90
91
79
78
77
65
53
54
66
67
55
43
31
32
20
19
18
6
7
8
9
21
33
34
46
47
59
71
70
58
57
45
44
56
68
69
81
93
92
80
81
82
83
84
72
60
48
36
35
23
22
10
11
12
24
36
48
60
72
84
96
108
107
95
94
93
105
104
116
115
103
102
101
89
88
87
86
85
73
74
75
63
64
52
51
39
40
41
29
28
16
15
14
26
25
13
1
2
3
4
5
17
29
30
42
43
44
56
68
80
92
91
90
89
77
76
88
100
99
98
97
85
73
61
49
50
62
63
51
39
40
41
42
54
55
67
79
78
66
65
53
52
64
76
75
87
99
100
112
113
114
115
103
104
116
117
118
106
107
119
120
132
131
130
129
128
127
128
140
139
127
126
138
137
125
124
136
135
134
133
121
122
123
111
110
109
97
98
86
74
62
61
49
50
38
37
38
37
25
26
27
28
27
15
14
13
1
2
3
4
16
17
5
6
7
19
18
30
31
32
20
21
22
34
33
45
46
58
57
69
70
82
83
71
59
47
35
23
24
12
11
10
9
8
12
24
23
22
34
46
45
33
32
20
8
9
10
11
12
24
36
48
47
35
36
48
60
72
84
96
108
120
132
144
143
142
130
131
119
118
106
107
95
83
82
94
93
81
80
68
67
79
91
90
89
77
78
66
65
64
63
51
50
62
74
73
61
49
37
38
39
27
28
16
17
18
30
29
41
40
52
53
54
42
43
44
56
55
43
31
19
7
6
5
4
3
15
14
26
25
13
1
2
3
4
5
6
7
8
9
21
20
32
44
45
57
58
70
69
81
93
92
104
116
128
140
139
127
115
114
102
101
113
112
100
88
87
99
98
110
122
123
135
134
133
121
109
97
85
86
87
75
76
64
52
53
54
55
56
68
80
92
91
103
104
105
117
129
141
140
139
138
137
125
126
114
113
112
100
88
76
77
65
66
67
79
78
90
89
101
102
103
115
116
117
105
106
94
82
70
69
57
58
46
34
33
21
22
10
11
23
35
47
59
71
59
60
72
71
83
84
96
95
107
108
120
132
144
143
131
119
118
130
142
141
129
128
127
126
138
137
125
124
136
124
136
135
123
111
99
111
110
122
134
133
121
109
97
98
86
85
73
61
62
74
75
63
51
50
38
26
27
39
40
28
29
41
42
30
31
19
18
17
16
15
14
2
1
13
25
37
49
67
13
16
45
107
31
16
22
24
40
19
48
115
75
30
100
37
112
62
61
23
93
94
121
134
26
96
96
38
71
4
25
142
140
21
59
126
110
97
124
108
132
124
98
127
30
101
29
81
38
25
143
43
53
133
99
118
42
50
138
106
52
14
9
27
53
15
41
76
44
55
76
86
32
74
92
40
122
79
1
77
123
50
47
56
92
111
66
104
7
11
6
24
134
72
6
68
33
87
118
93
39
137
73
2
136
51
90
107
99
1
125
66
67
94
33
57
26
70
117
109
61
69
141
63
80
95
64
70
106
115
120
35
102
141
68
44
36
69
12
114
21
34
132
29
31
47
120
135
111
35
88
80
74
109
54
46
4
128
137
102
91
128
142
71
12
129
131
119
139
17
136
39
3
131
138
55
81
49
123
14
84
17
83
85
72
112
11
110
78
19
34
57
59
133
64
58
60
100
86
95
56
48
52
54
20
5
117
144
116
5
130
22
104
108
127
28
140
46
49
18
42
114
7
84
119
10
37
97
101
121
28
88
58
3
91
82
89
62
79
73
85
18
143
82
87
98
129
10
2
122
13
51
65
20
32
63
126
105
23
60
65
41
15
78
103
135
75
103
139
45
144
27
116
90
77
89
125
83
8
130
9
113
105
113
8
43
36
96
141
44
78
87
143
77
28
8
40
32
63
24
71
97
120
83
21
3
14
75
61
20
56
94
91
95
102
138
51
24
47
87
79
98
29
17
2
44
125
72
37
105
59
39
94
33
67
45
101
67
109
139
13
50
81
18
43
62
116
91
140
88
90
113
7
111
137
49
62
128
23
125
10
40
105
100
49
103
129
11
112
27
114
34
85
134
120
72
36
124
135
52
117
48
133
102
9
29
106
7
50
48
65
35
61
56
73
142
68
127
54
36
71
107
52
98
93
69
128
11
1
82
84
6
16
115
70
57
132
4
131
64
35
126
42
131
55
37
109
8
95
126
5
100
33
15
21
47
46
122
20
12
60
16
119
81
82
92
89
133
39
17
134
58
121
28
130
57
6
58
118
85
22
129
104
99
5
80
122
25
103
83
99
141
23
138
144
86
69
135
41
22
59
113
63
110
13
127
66
41
108
79
46
76
132
130
19
118
65
27
123
3
68
38
89
53
144
136
32
31
26
97
12
78
93
123
73
136
86
53
124
30
117
75
74
31
43
14
137
143
54
15
96
2
139
110
25
74
77
19
106
108
34
107
76
88
60
142
10
18
119
92
1
121
116
55
42
66
9
26
111
140
51
101
38
114
84
112
64
4
80
104
70
30
115
90
45
1
2
14
26
27
39
51
52
53
41
29
30
18
6
5
17
16
4
3
15
27
28
40
39
38
37
49
61
62
74
73
85
86
87
99
98
110
122
123
135
136
124
125
137
138
126
127
115
114
102
103
104
116
128
129
141
142
130
118
117
105
106
94
95
107
108
96
84
83
82
81
69
70
71
72
60
59
47
48
36
35
23
22
10
11
12
24
36
48
60
72
84
96
108
120
119
131
132
144
143
142
141
140
139
138
137
136
135
134
133
121
109
97
85
73
61
49
50
62
63
75
76
88
100
112
111
123
124
125
113
101
89
77
65
64
76
77
78
79
67
66
54
42
43
55
56
57
58
46
45
44
32
20
8
9
21
33
34
35
47
59
71
83
95
94
93
92
80
68
67
55
56
44
32
31
19
20
8
7
6
7
19
18
30
31
43
42
54
66
78
79
80
68
69
57
45
33
21
9
10
11
12
24
23
22
34
46
58
70
82
81
93
105
106
107
119
120
132
144
143
131
130
118
117
129
128
140
139
127
126
114
102
103
115
116
104
92
91
90
91
90
89
88
87
99
100
101
113
112
111
110
122
134
133
121
109
97
98
86
74
75
63
51
52
64
65
53
41
40
28
29
17
5
4
16
15
3
2
1
13
14
26
25
13
25
37
38
50
133
121
122
123
111
112
113
101
89
88
87
75
74
73
85
86
98
97
109
110
111
99
100
112
124
136
137
138
126
127
139
140
128
116
117
129
130
131
119
120
108
107
95
96
84
83
71
70
82
81
69
57
58
59
47
48
36
35
34
46
45
33
32
20
21
9
8
7
19
31
43
42
30
18
6
5
17
16
4
3
15
14
26
25
13
1
2
3
4
5
6
7
8
9
10
22
23
11
12
24
36
48
60
72
84
96
108
120
132
144
143
142
141
140
139
138
137
125
126
114
115
103
104
105
106
118
119
107
95
94
93
92
91
90
102
103
91
79
67
66
78
77
76
64
65
53
41
29
28
40
52
51
50
49
37
38
39
27
15
16
17
18
19
20
32
44
56
55
54
66
65
53
52
51
63
62
50
49
61
73
61
62
74
75
63
64
76
77
78
79
67
55
54
42
41
40
39
38
37
25
13
1
2
14
26
27
28
29
30
31
43
44
45
33
21
22
10
11
12
24
23
35
34
46
47
59
60
72
71
83
82
81
69
70
58
57
56
68
80
68
80
92
104
116
117
105
93
94
106
118
130
131
132
144
143
142
141
129
128
127
115
114
113
101
102
90
89
88
100
99
87
86
85
97
98
110
109
121
133
134
122
123
135
134
135
136
124
125
