##Rat 2 Day 38
 ##rewards
18
29
107
##Vertices
134
17
107
79
98
81
11
51
16
60
24
67
37
7
80
77
57
94
46
104
108
106
78
80
74
30
54
10
112
33
73
111
95
14
134
43
12
93
26
99
137
48
62
37
143
93
97
19
116
59
100
17
99
45
68
23
53
91
87
19
49
105
77
139
6
122
119
111
72
82
40
127
100
138
26
65
69
102
5
68
48
129
115
32
52
139
45
4
70
8
9
126
101
124
2
21
109
90
39
128
40
117
22
46
3
41
61
18
69
71
101
138
34
88
50
7
125
135
38
24
76
73
103
136
87
16
90
120
110
115
54
144
140
75
14
133
30
35
65
108
33
5
76
117
127
6
61
25
129
35
31
72
27
13
81
50
123
18
130
66
140
39
60
144
63
89
15
128
85
120
11
1
103
121
64
142
92
92
82
137
114
75
106
91
107
41
20
119
118
56
95
136
141
9
29
63
124
28
125
47
86
20
133
27
86
51
89
110
121
8
12
13
47
59
118
112
36
52
96
85
4
141
44
34
67
43
114
143
88
70
62
53
132
55
10
109
28
22
132
130
131
83
42
56
113
98
31
96
135
25
142
32
78
94
104
64
105
58
44
2
123
49
36
122
84
57
58
83
71
1
23
38
113
66
116
15
42
74
84
131
79
55
126
102
21
97
29
3
113
25
41
48
63
80
90
2
20
37
137
54
98
112
59
21
143
113
29
88
58
86
102
105
135
59
79
109
8
21
144
82
111
11
115
85
98
53
94
81
8
129
144
6
133
78
94
107
65
131
56
101
30
95
23
122
70
27
70
142
18
4
53
122
114
19
127
6
79
62
12
97
121
4
26
136
131
117
119
84
62
39
99
29
116
43
55
116
100
1
58
82
75
89
136
106
47
17
78
117
10
36
19
120
45
13
71
111
34
5
39
130
7
52
137
25
96
106
35
128
49
109
17
105
48
88
83
138
73
68
37
93
31
66
64
15
9
72
85
11
40
97
114
99
81
27
22
42
134
89
141
115
32
13
128
104
118
10
132
66
141
140
71
132
51
61
100
24
67
123
112
91
5
87
92
75
44
9
87
74
3
74
64
110
46
124
63
44
61
40
41
129
124
51
86
57
84
93
69
127
67
12
143
69
20
35
34
76
125
119
14
96
139
73
46
42
126
36
22
38
110
108
139
126
60
76
15
140
77
2
18
120
104
56
142
135
107
55
80
92
43
50
121
49
133
108
3
138
28
38
118
130
7
33
65
26
16
45
83
28
125
33
16
57
50
68
101
23
95
134
14
90
47
72
103
77
52
123
31
24
30
54
103
102
91
60
1
32
133
121
109
97
85
86
98
99
87
75
76
88
100
101
89
90
102
103
91
79
67
68
69
81
80
92
93
105
104
116
128
127
139
140
141
129
117
118
130
131
143
144
132
120
108
96
95
94
82
83
71
70
58
46
34
33
32
31
43
42
54
53
52
40
39
27
28
29
41
53
65
77
78
66
65
64
63
51
50
62
74
73
61
49
37
38
26
14
13
1
2
3
4
5
6
18
17
16
15
3
4
5
6
7
19
20
8
9
21
22
10
11
12
24
23
35
36
48
47
59
60
72
84
96
108
107
106
105
117
116
115
114
113
112
124
136
137
138
126
125
113
112
111
110
122
134
135
123
111
99
100
101
102
90
91
79
80
68
56
55
54
42
30
31
43
44
45
57
69
70
58
59
71
83
84
72
60
48
36
24
12
11
23
35
47
46
34
33
21
22
10
9
8
7
19
20
32
44
45
57
56
55
67
66
78
77
89
88
76
75
87
86
74
62
63
64
52
51
50
38
39
40
41
29
30
18
17
16
28
27
15
14
2
1
13
25
26
25
37
49
61
73
85
97
98
110
109
121
133
134
122
123
135
136
124
125
137
138
126
127
139
140
128
129
141
142
130
142
143
144
132
120
119
131
119
118
106
107
95
94
82
81
93
92
104
103
115
114
1
2
3
4
5
17
16
28
29
30
42
41
40
52
53
65
64
76
77
78
79
91
103
102
90
89
101
100
88
87
86
74
73
85
97
98
99
111
110
122
121
133
134
135
136
137
125
113
114
126
127
115
116
117
118
106
94
82
81
69
68
56
44
45
33
34
46
58
57
56
55
54
66
67
55
43
31
32
20
19
18
6
7
8
9
21
22
23
11
12
24
36
48
60
72
71
59
47
35
36
48
60
72
84
83
95
96
108
107
119
120
132
144
143
131
130
142
141
129
128
140
139
138
137
136
124
112
100
99
87
75
63
51
39
38
37
49
61
62
50
51
39
27
15
14
13
25
26
27
28
40
52
64
65
77
78
90
91
92
80
68
69
70
82
81
93
105
104
103
115
116
128
127
126
138
139
140
141
142
143
144
132
131
130
129
117
118
106
107
119
120
108
96
84
83
95
94
93
105
104
92
80
79
67
66
54
53
41
42
30
29
17
18
19
31
43
44
32
20
21
33
45
57
58
70
71
59
47
46
34
35
23
24
12
11
10
22
10
9
8
7
6
5
4
16
15
3
2
1
13
14
26
25
37
38
50
49
61
62
74
73
85
86
98
97
109
110
109
121
133
134
135
123
122
123
111
112
124
125
113
114
102
101
89
88
76
75
63
9
89
43
6
81
135
74
142
139
118
1
138
51
66
91
82
85
58
137
47
61
24
137
33
94
36
75
109
33
117
17
1
108
64
29
133
103
35
132
8
60
78
44
9
120
52
111
7
10
14
23
41
116
139
40
20
49
39
76
71
36
28
77
30
16
54
34
18
81
7
77
118
45
135
131
3
109
54
104
95
8
143
42
80
107
32
46
68
13
92
51
64
140
12
102
38
4
115
5
15
49
47
61
65
86
32
90
95
70
123
91
127
131
72
123
63
102
40
126
52
101
105
133
117
78
2
96
93
121
50
112
5
24
107
11
111
82
143
96
37
68
99
101
10
73
19
72
110
106
79
31
88
129
16
55
28
11
134
15
88
38
141
57
26
13
69
30
90
50
110
45
138
62
114
21
94
100
130
112
93
100
67
65
99
114
35
57
86
141
12
125
83
25
113
119
144
97
124
92
73
120
37
55
80
34
87
22
134
14
6
89
98
70
142
44
98
75
20
48
84
60
103
124
106
83
42
105
136
128
63
76
67
59
113
25
48
84
53
127
144
85
97
140
41
21
22
43
31
2
125
129
121
27
29
104
39
46
17
69
87
58
130
56
66
136
115
71
119
108
4
3
79
74
126
59
122
56
19
23
128
26
122
62
116
53
132
18
27
10
84
25
66
108
55
113
63
118
55
5
46
105
90
121
94
109
99
101
69
13
3
4
44
29
66
44
56
1
143
61
73
30
53
62
58
42
142
85
102
122
85
47
70
107
39
86
140
34
59
95
92
133
112
116
113
59
100
57
115
102
122
34
15
35
70
121
33
138
31
14
132
36
87
52
21
48
137
40
104
6
89
21
19
77
97
129
45
7
86
58
137
71
123
103
131
142
32
8
93
143
93
110
90
116
45
120
74
136
72
12
40
49
5
63
115
37
60
134
75
80
51
139
62
47
91
140
73
15
83
29
28
99
110
130
2
135
96
100
23
54
1
30
117
87
106
91
125
119
108
120
127
138
14
41
25
141
12
20
104
41
26
97
119
89
95
43
130
64
54
125
68
77
26
69
126
78
135
67
74
52
46
42
139
83
22
128
38
132
11
123
65
24
114
76
39
94
57
118
48
141
38
88
111
101
19
50
128
98
56
50
18
84
72
127
16
32
75
81
76
31
80
79
134
11
16
92
6
109
2
105
98
133
64
112
23
51
8
10
4
124
117
103
131
13
81
129
111
49
79
53
28
7
136
144
17
114
35
88
61
22
37
18
36
9
144
20
82
78
106
27
27
107
67
9
124
68
65
33
24
126
43
3
71
17
82
96
60
12
11
23
24
36
35
47
48
60
59
58
46
45
57
69
70
71
72
84
96
95
83
82
94
106
118
117
129
128
116
104
92
80
81
93
105
106
107
108
120
119
131
132
144
143
142
141
140
139
138
126
127
115
103
91
90
78
66
54
55
43
42
41
40
52
64
65
77
76
75
87
88
100
99
98
86
85
97
109
121
133
134
122
110
111
112
124
123
135
136
137
125
113
101
89
90
102
114
115
103
102
114
113
101
89
77
76
64
63
62
50
38
26
14
15
16
4
5
17
18
30
29
28
27
39
51
52
53
41
40
39
51
63
75
74
73
61
49
37
25
13
1
2
3
4
5
6
7
8
20
19
31
32
33
34
22
10
9
21
33
34
46
58
70
69
68
56
44
32
31
30
29
28
16
17
18
6
7
19
20
8
9
21
22
10
11
12
24
23
35
36
48
47
59
60
72
71
83
84
96
95
94
82
81
80
68
67
66
65
53
54
42
43
44
45
57
56
55
67
79
78
79
91
92
93
105
104
116
117
118
130
129
130
131
119
107
108
120
132
144
143
142
141
140
128
127
139
138
126
125
137
136
124
123
135
134
133
121
122
110
109
97
98
99
111
112
100
88
87
86
85
73
74
62
61
49
50
38
37
25
26
14
13
1
2
3
15
27
144
132
131
143
142
130
129
141
140
128
116
117
105
104
103
115
127
139
138
137
125
126
114
113
112
111
99
98
86
87
88
89
90
102
101
100
112
124
136
135
123
122
134
133
121
109
97
85
73
61
62
74
75
76
77
65
66
67
68
80
81
69
57
45
44
43
55
54
42
30
29
41
40
28
16
17
5
4
3
2
1
13
14
15
27
39
38
26
25
37
49
50
51
52
53
65
64
63
75
76
64
63
51
52
53
54
42
43
31
19
20
21
22
23
35
47
48
60
59
71
70
58
46
34
33
32
44
56
57
45
33
32
31
30
18
6
7
8
9
10
11
12
24
36
48
60
72
84
96
95
83
82
94
106
118
119
120
108
107
106
118
117
116
115
103
91
92
93
94
82
70
58
46
47
59
71
72
84
83
95
96
108
107
119
120
132
144
143
131
130
142
141
129
128
140
139
127
126
138
137
125
113
114
102
90
91
79
67
55
56
68
69
81
93
105
104
92
80
79
78
66
78
77
89
101
100
88
87
99
111
110
98
110
122
123
124
136
135
134
133
121
109
97
85
86
74
73
61
62
50
49
37
38
26
25
13
1
2
14
15
3
4
16
28
27
39
40
41
29
17
5
6
18
19
7
8
20
21
9
10
22
23
11
12
24
36
35
34
33
141
59
59
60
21
15
78
142
26
10
41
54
143
75
111
77
28
65
86
143
139
73
27
17
82
117
5
2
138
87
46
87
52
110
118
16
66
118
104
37
99
14
41
72
62
6
23
101
93
116
130
15
128
34
94
37
85
58
30
132
18
97
104
113
11
47
8
50
65
23
35
42
136
50
43
20
18
92
14
95
86
107
32
102
67
99
121
121
58
106
94
63
103
84
88
132
67
137
82
60
122
57
120
133
32
22
40
107
81
100
79
117
12
141
68
140
96
53
55
10
45
115
63
70
71
90
74
90
12
16
135
44
20
97
53
116
112
42
44
140
71
114
25
35
124
106
34
24
7
109
61
48
134
125
68
101
1
80
142
93
48
2
88
111
96
115
38
4
49
6
131
73
77
51
43
127
69
29
74
76
84
13
5
119
29
144
39
95
98
85
40
17
134
9
3
119
47
64
120
98
56
112
55
33
129
31
7
4
113
124
108
24
103
76
108
100
131
130
30
22
3
78
1
13
80
114
39
136
49
54
110
122
8
137
51
89
126
89
139
105
45
27
64
127
138
144
83
31
26
36
36
126
72
19
69
21
25
9
70
52
28
61
105
11
129
19
123
75
81
128
102
125
57
123
92
46
79
62
83
66
38
133
56
109
91
91
135
9
16
58
121
91
79
36
135
117
93
2
20
57
22
127
68
81
60
82
89
83
125
118
72
29
31
71
116
108
69
133
15
10
101
119
88
141
84
50
59
115
41
92
61
96
4
42
83
127
139
52
85
32
46
51
113
66
22
6
57
46
120
28
130
90
70
32
138
30
11
24
23
35
13
68
102
138
89
30
55
120
109
44
139
98
78
7
53
132
87
40
3
141
69
56
111
80
31
104
97
137
124
1
134
26
135
126
111
36
8
40
100
79
11
2
103
38
20
84
39
71
60
9
140
95
94
67
58
28
95
110
121
27
107
143
47
61
38
134
1
91
72
25
16
104
63
54
73
136
41
23
90
108
126
129
109
116
122
124
59
132
13
34
133
17
100
19
82
101
123
86
102
29
123
107
27
48
117
49
18
6
44
49
25
81
19
142
130
137
99
24
86
18
70
112
105
128
53
10
93
77
73
97
87
75
77
128
76
113
78
112
115
48
129
5
80
14
65
4
122
33
74
106
106
103
3
125
85
52
55
140
5
76
88
114
17
75
47
65
15
14
37
43
74
54
21
7
26
34
35
62
131
118
64
50
62
131
33
94
136
144
119
144
56
98
51
8
92
39
143
142
37
21
66
63
43
12
12
64
96
45
114
67
110
45
42
105
99
144
132
120
108
107
119
118
130
131
143
142
141
140
139
127
128
116
117
129
141
140
128
116
115
114
126
125
113
112
124
136
137
138
139
127
115
103
102
90
78
79
80
81
69
70
58
57
45
46
34
33
21
22
23
35
36
24
12
11
10
9
8
7
6
5
4
3
2
1
13
25
26
14
15
27
39
40
52
64
65
53
54
55
56
68
67
66
54
42
41
29
17
16
28
29
30
31
32
44
43
42
30
18
19
20
8
9
21
33
34
46
47
48
60
72
71
59
58
70
82
94
95
96
84
83
82
81
93
105
104
92
91
103
102
101
89
77
76
75
63
62
74
73
85
86
87
88
100
99
98
97
109
110
122
123
135
134
133
121
109
97
85
73
61
49
50
51
63
64
65
66
67
55
56
68
69
57
45
44
43
31
32
20
19
7
6
18
17
5
4
16
28
40
41
53
52
51
50
38
37
25
13
1
2
3
15
14
26
27
39
38
37
49
61
62
74
86
87
75
76
88
100
99
98
110
111
112
111
123
122
121
133
134
135
136
124
125
137
138
126
114
113
101
89
77
78
90
91
79
80
92
104
105
117
129
130
142
143
144
132
131
119
120
108
96
84
72
60
48
36
24
12
11
10
22
23
35
47
59
71
83
95
107
106
118
106
94
93
12
11
10
9
21
22
34
35
23
24
36
48
60
72
71
59
58
46
47
48
60
59
58
70
82
83
95
94
106
107
108
96
84
72
71
70
69
81
80
79
67
55
43
42
30
29
41
40
28
27
39
38
26
14
15
3
2
1
13
25
37
49
61
73
85
97
109
121
133
134
135
123
122
110
111
112
100
101
102
90
89
77
65
53
54
66
78
77
76
88
87
86
98
99
87
75
63
51
52
64
76
75
74
62
50
49
37
38
39
27
28
16
4
5
6
18
17
29
30
31
32
20
8
7
19
31
43
44
45
57
56
68
69
81
93
92
91
103
115
114
126
127
139
140
128
116
104
105
117
129
141
142
130
131
119
120
132
144
143
142
141
140
139
138
137
125
113
114
102
90
78
66
65
53
54
42
41
40
52
64
63
51
50
62
61
73
74
86
85
97
98
99
100
88
89
101
113
125
124
136
135
134
133
121
109
110
122
123
111
112
124
136
137
138
126
127
128
116
115
103
104
105
117
129
130
118
106
118
119
131
143
144
132
120
108
107
95
96
84
83
82
94
93
92
91
79
80
68
67
55
56
57
45
46
47
35
36
24
12
11
23
22
10
9
8
7
6
5
4
3
2
1
13
25
26
14
15
16
17
18
19
20
21
33
34
33
32
44
