##Rat 5 Day 4
 ##rewards
74
87
21
##Vertices
123
111
114
58
24
55
96
98
36
37
105
141
113
144
38
107
30
116
46
27
133
41
27
143
58
94
135
76
134
47
91
39
123
57
119
104
56
36
49
115
72
30
52
82
81
42
63
113
141
87
78
75
73
31
71
136
79
12
45
53
143
35
91
120
62
99
106
48
50
16
119
50
63
28
98
43
15
22
33
140
70
140
116
85
55
20
9
19
131
112
57
9
124
33
129
25
112
80
89
7
117
32
4
51
139
74
40
86
61
25
90
42
89
20
72
129
71
120
100
134
100
73
60
18
26
85
10
80
109
64
67
23
12
109
1
68
70
132
29
78
95
23
88
131
6
108
88
135
68
7
81
108
102
16
62
34
8
52
56
10
125
6
101
126
11
21
121
47
60
127
87
66
76
43
45
77
110
75
53
59
117
65
17
93
118
127
3
11
92
49
103
59
137
90
111
130
95
105
103
40
124
133
121
126
83
21
22
104
92
61
128
32
82
86
136
137
41
77
142
138
13
3
125
64
93
38
54
122
31
29
13
18
97
15
67
122
96
74
48
83
1
144
14
37
138
69
130
24
142
66
2
2
39
118
110
8
94
106
35
14
115
5
4
69
102
99
19
17
84
114
97
54
101
132
65
44
5
34
128
79
28
139
51
84
26
46
107
44
110
103
37
124
23
118
99
123
75
34
80
49
84
67
133
62
17
10
135
13
27
15
102
18
141
100
112
42
88
16
85
41
120
56
1
83
59
86
46
138
47
67
5
52
45
22
30
87
4
39
90
63
134
125
76
21
127
17
114
120
5
27
15
43
117
26
123
52
129
100
13
101
104
86
110
72
19
29
89
102
3
65
73
122
40
36
57
112
37
6
33
35
128
40
53
14
113
77
95
108
98
6
119
32
130
121
1
97
18
69
82
118
61
90
9
64
9
119
83
91
25
31
22
4
51
116
28
36
96
78
68
10
50
78
127
23
62
61
54
105
124
142
69
54
101
141
64
114
72
68
92
58
2
82
43
122
80
93
7
32
57
41
45
25
51
20
135
111
24
136
111
88
134
8
79
29
56
26
143
70
19
132
66
38
28
81
103
106
21
108
97
140
131
65
35
71
109
109
49
44
93
73
126
16
55
98
79
137
104
137
12
74
58
96
106
130
121
24
92
95
11
8
115
48
2
139
125
30
84
60
34
71
3
144
89
107
131
53
55
47
117
63
38
132
11
44
140
94
39
129
91
42
81
136
50
116
66
115
59
60
75
48
128
144
113
77
70
139
87
20
107
76
74
85
99
143
12
94
46
33
7
138
31
126
105
133
142
14
133
134
135
136
137
125
124
112
111
99
100
101
102
103
115
116
104
92
91
79
80
68
69
81
82
70
71
72
84
96
95
83
82
94
93
105
117
129
128
140
141
142
143
144
132
131
119
120
108
107
106
118
130
142
141
140
139
127
126
114
113
112
111
123
122
110
109
97
85
73
74
75
87
88
89
77
78
90
91
92
93
94
106
105
104
103
102
101
100
99
98
86
85
73
61
62
63
64
65
53
41
29
28
40
39
38
37
25
13
14
15
27
26
25
37
49
50
51
52
40
28
16
4
5
6
18
30
42
54
55
56
57
58
59
60
48
36
24
12
11
10
9
21
20
8
7
19
31
43
44
45
33
32
44
45
46
34
22
23
35
47
46
34
33
32
31
43
55
67
66
54
53
65
66
67
68
56
57
58
70
69
81
80
79
78
90
89
88
87
86
74
75
76
77
76
64
52
51
63
62
61
49
50
38
39
27
26
14
15
3
2
1
13
1
2
3
4
5
17
16
17
29
41
42
30
18
6
7
19
20
8
9
21
22
10
11
12
24
23
35
36
48
47
59
60
72
71
83
84
96
95
107
108
120
132
144
143
131
119
118
130
129
117
116
128
127
115
114
113
125
126
138
139
138
137
136
124
123
135
134
122
110
98
97
109
121
133
121
144
132
131
130
118
119
120
108
96
95
83
84
72
71
70
58
59
60
48
47
46
34
22
23
35
36
24
12
11
10
9
8
20
19
31
32
44
45
57
69
68
80
79
91
92
93
81
82
94
106
105
117
129
128
140
141
142
143
144
132
120
119
107
106
105
104
116
115
103
102
114
126
125
137
138
139
127
115
114
113
101
100
112
111
110
122
123
124
136
135
134
133
121
109
97
98
86
85
73
61
49
50
62
74
75
63
64
52
40
28
27
26
25
37
38
39
51
63
75
87
99
100
88
76
77
89
90
78
66
67
55
43
42
54
53
65
64
52
51
39
27
15
14
13
1
2
3
4
5
6
7
8
9
21
33
45
46
58
57
56
44
43
31
30
18
17
29
41
40
28
16
17
16
15
14
13
1
2
3
4
5
6
7
19
18
30
29
41
42
54
53
65
66
78
77
76
88
89
90
91
103
102
101
113
112
111
99
87
86
74
62
50
38
26
25
37
49
61
73
85
97
98
110
109
121
133
134
122
123
135
136
124
125
137
138
126
127
139
140
128
129
141
142
143
131
130
118
117
116
104
92
80
79
67
55
56
68
69
70
71
83
82
81
93
94
95
107
108
96
84
72
60
59
47
48
36
35
23
24
12
11
10
22
34
33
32
20
21
72
102
104
67
59
54
38
45
30
88
123
14
18
45
44
78
63
83
105
39
112
55
109
44
122
127
26
86
1
98
106
103
81
121
39
12
46
26
132
21
36
134
63
70
80
103
126
17
29
129
1
6
144
116
66
76
119
142
116
72
108
80
71
98
17
77
120
68
122
15
32
50
82
100
86
123
23
35
13
87
140
62
25
126
110
100
138
143
85
31
119
37
41
16
82
7
13
79
29
109
111
7
137
84
38
143
128
2
58
125
33
42
33
136
95
42
49
92
19
49
6
106
47
125
43
129
10
141
23
114
142
67
139
107
90
131
51
99
95
66
5
3
24
108
46
71
101
3
94
104
28
73
32
61
134
135
113
131
53
47
62
124
97
59
8
69
140
117
89
57
28
69
76
12
138
94
114
61
136
53
52
4
78
4
74
27
91
22
124
118
117
83
14
8
20
48
18
34
115
11
90
43
16
84
102
11
48
60
25
57
15
144
9
35
2
65
30
10
133
24
85
52
79
115
101
118
127
75
20
56
55
93
141
36
27
77
120
132
19
58
130
139
111
56
87
75
135
110
107
105
128
41
22
40
40
121
92
60
137
74
68
130
73
50
37
5
21
96
9
93
96
97
31
91
64
34
51
54
64
133
70
88
99
81
89
112
113
65
139
64
4
86
129
71
14
40
38
45
29
134
111
24
12
25
77
64
109
8
9
35
62
30
92
68
142
94
128
72
2
73
143
51
71
143
110
133
42
124
98
4
58
33
57
48
29
27
117
20
122
53
5
99
34
22
108
126
76
89
50
26
132
58
59
53
16
36
96
32
22
52
79
61
48
2
15
119
95
124
74
83
112
67
85
111
91
85
94
63
28
39
42
134
138
19
102
119
20
28
144
114
131
7
93
141
137
103
123
130
21
10
120
90
123
127
118
33
88
81
46
115
52
18
47
102
6
21
79
44
11
135
76
84
9
46
77
92
65
60
105
101
136
18
132
125
106
43
103
74
13
69
40
100
10
140
130
38
27
99
73
88
104
97
105
23
80
14
125
116
70
95
23
96
129
108
56
55
133
87
126
142
104
43
121
66
86
6
120
7
1
24
97
80
82
70
110
72
107
31
62
78
136
50
106
131
117
137
113
61
140
30
54
59
82
26
63
84
36
3
47
135
11
67
112
16
98
69
19
66
115
87
37
3
5
100
54
60
83
139
25
55
91
51
1
101
141
144
109
118
93
44
78
17
45
127
65
31
56
75
107
89
128
32
39
114
37
90
49
138
35
122
121
49
57
13
8
81
17
75
41
113
68
34
41
15
12
116
12
24
36
35
23
22
21
9
10
11
12
24
36
48
60
72
84
96
95
83
82
81
93
92
104
105
117
118
119
120
108
107
106
94
93
81
69
70
58
59
47
46
34
33
32
20
19
31
43
44
56
57
45
44
32
31
30
29
17
18
6
5
4
3
15
14
26
27
28
16
4
3
2
1
13
25
37
49
50
62
63
64
76
77
89
88
87
75
74
73
61
49
37
38
39
51
52
40
41
53
54
66
78
79
80
68
67
55
43
42
54
55
56
68
67
66
65
77
78
90
102
103
115
127
128
116
104
105
117
129
130
131
132
144
143
142
141
140
139
138
126
114
113
101
100
112
111
99
98
110
122
134
133
121
109
97
85
86
87
88
89
101
100
99
111
123
135
136
137
125
124
123
122
110
109
121
133
134
135
136
124
125
137
138
126
127
139
140
141
142
143
144
132
120
108
107
95
96
84
72
71
59
60
48
47
35
23
11
10
9
8
7
8
7
6
5
17
16
15
14
2
1
13
25
26
38
50
51
63
62
61
73
85
97
98
86
74
75
76
64
65
53
52
40
39
27
28
29
41
42
30
18
19
20
21
22
34
33
45
46
58
57
69
70
71
83
82
94
106
118
119
131
130
129
128
116
115
103
91
79
80
92
91
90
102
114
113
112
1
2
3
15
14
26
38
37
25
13
1
2
3
4
5
6
7
8
20
19
31
43
44
56
57
45
46
34
22
10
9
21
33
32
44
43
42
30
29
17
16
28
27
39
51
50
62
63
64
52
53
41
40
52
51
63
75
87
86
74
73
85
97
109
110
122
123
111
99
98
97
109
121
133
134
135
136
137
125
126
114
102
103
91
92
104
116
115
127
139
138
137
136
124
112
113
101
100
88
89
77
78
79
67
55
54
66
65
64
76
77
65
53
54
66
78
90
91
79
80
81
69
70
71
59
58
57
45
46
47
35
23
11
12
24
36
48
60
72
84
83
82
94
93
105
106
118
117
129
130
131
132
144
143
142
141
140
128
116
104
92
93
105
117
118
119
120
108
96
95
107
119
131
130
142
143
144
132
120
108
107
95
96
84
83
71
72
60
48
36
24
12
11
10
9
21
20
8
7
6
18
17
5
4
16
15
14
13
25
37
49
61
49
61
73
85
86
98
110
122
121
133
134
135
123
124
125
113
114
126
138
139
140
141
129
128
127
115
103
102
90
89
101
100
112
111
99
87
88
76
75
74
62
50
38
26
27
39
40
28
29
41
42
30
18
19
31
32
33
34
22
23
35
47
59
58
70
69
68
67
55
56
68
80
81
82
94
106
68
60
55
1
84
105
139
54
73
99
63
86
53
137
109
129
65
78
112
41
45
56
121
72
58
2
37
140
96
67
11
136
59
85
53
95
8
16
135
49
56
110
9
83
31
88
43
89
93
103
6
66
79
28
123
24
80
80
47
74
93
3
22
117
100
115
131
20
4
64
83
26
7
91
134
42
98
9
61
101
51
129
97
4
104
77
141
134
18
69
76
49
43
51
47
14
17
52
92
131
60
67
13
106
40
118
2
23
22
52
114
116
48
111
18
84
142
113
92
10
97
32
19
35
133
57
89
25
35
119
71
55
46
88
113
95
76
36
82
63
70
37
58
143
101
111
81
124
25
98
5
144
112
91
119
36
33
96
132
45
120
87
99
102
28
64
128
105
42
140
115
8
122
123
26
117
17
135
29
141
139
120
27
127
71
127
1
90
133
44
62
31
138
5
10
33
87
85
72
16
54
27
39
68
61
81
7
118
65
74
106
6
94
136
50
79
48
124
109
107
116
108
90
32
24
73
94
30
12
137
114
44
107
23
69
143
15
126
103
142
104
122
59
12
50
75
126
30
138
41
121
34
108
19
57
78
66
3
11
144
86
125
38
39
29
21
20
132
70
130
40
125
46
75
128
34
110
15
130
102
62
82
38
100
13
14
21
77
118
12
105
142
31
79
53
73
7
128
74
129
48
32
27
7
9
15
17
94
121
111
38
127
72
66
106
23
99
115
50
88
64
95
11
66
14
29
20
42
90
93
119
46
50
28
119
40
58
16
83
59
142
21
95
37
108
55
4
64
105
75
46
19
14
82
112
133
8
124
123
38
33
101
23
86
114
43
35
48
126
15
45
115
87
124
57
69
61
65
112
125
138
144
33
131
60
132
67
44
103
19
120
2
30
56
81
47
103
54
18
125
138
108
116
17
4
78
65
136
144
76
78
143
141
67
110
130
126
100
74
22
81
113
107
79
135
102
25
129
85
5
34
89
132
117
104
72
55
107
143
37
12
2
102
73
100
87
137
96
31
36
98
110
114
137
62
6
39
83
62
92
10
122
101
52
121
26
82
51
30
8
84
24
76
61
139
32
111
71
133
45
134
80
123
11
71
28
13
22
106
24
92
113
44
9
77
54
134
94
42
85
98
77
69
1
89
130
63
68
91
59
141
140
51
52
26
35
68
80
18
29
39
36
97
139
6
127
122
120
116
10
140
41
57
104
86
117
3
63
41
25
109
20
75
135
16
60
13
34
27
90
58
109
49
84
96
131
128
1
118
56
97
70
21
88
40
136
91
43
47
49
99
70
5
53
93
3
12
11
10
9
8
20
21
33
32
31
43
44
45
57
56
68
69
81
80
79
78
90
102
103
91
92
104
105
93
94
95
83
84
96
108
107
106
118
119
131
132
144
143
142
141
140
128
116
115
127
126
114
113
112
111
99
87
75
76
64
65
53
41
40
28
27
39
51
52
53
54
55
67
66
54
42
30
29
17
18
19
7
6
5
4
16
15
14
2
1
13
25
37
49
61
62
50
38
26
25
37
49
61
73
74
86
85
97
98
110
109
121
133
134
122
123
135
136
124
125
137
138
139
140
141
129
117
105
106
94
82
70
58
46
47
48
60
72
71
59
58
46
34
22
23
24
36
35
34
33
45
57
69
68
80
79
91
90
89
77
65
64
63
75
76
88
100
101
102
114
113
125
126
127
139
138
137
136
135
134
133
121
122
123
124
112
111
99
98
110
109
97
85
73
74
86
87
88
100
101
89
77
78
66
67
55
56
44
43
31
32
20
19
18
30
42
41
29
17
16
28
40
52
51
63
62
50
38
39
27
26
14
13
1
2
3
15
3
4
5
6
7
8
9
21
22
10
11
12
24
23
35
36
48
47
59
60
72
71
83
84
96
95
107
108
120
119
120
132
144
143
142
130
131
130
118
117
129
128
116
115
103
104
92
93
81
82
70
133
121
109
97
85
86
98
99
87
75
76
88
100
101
89
90
102
103
91
79
67
68
69
81
80
92
93
105
104
116
128
127
139
140
141
129
117
118
130
131
143
144
132
120
108
96
95
94
82
83
71
70
58
46
34
33
32
31
43
42
54
53
52
40
39
27
28
29
41
53
65
77
78
66
65
64
63
51
50
62
74
73
61
49
37
38
26
14
13
1
2
3
4
5
6
18
17
16
15
3
4
5
6
7
19
20
8
9
21
22
10
11
12
24
23
35
36
48
47
59
60
72
84
96
108
107
106
105
117
116
115
114
113
112
124
136
137
138
126
125
113
112
111
110
122
134
135
123
111
99
100
101
102
90
91
79
80
68
56
55
54
42
30
31
43
44
45
57
69
70
58
59
71
83
84
72
60
48
36
24
12
11
23
35
47
46
34
33
21
22
10
9
8
7
19
20
32
44
45
57
56
55
67
66
78
77
89
88
76
75
87
86
74
62
63
64
52
51
50
38
39
40
41
29
30
18
17
16
28
27
15
14
2
1
13
25
26
25
37
49
61
73
85
97
98
110
109
121
133
134
122
123
135
136
124
125
137
138
126
127
139
140
128
129
141
142
130
142
143
144
132
120
119
131
119
118
106
107
95
94
82
81
93
92
104
103
115
114
