##Rat 1 Day 14
 ##rewards
19
32
98
##Vertices
75
14
124
20
98
63
65
141
71
11
34
125
31
61
94
89
132
12
37
17
80
26
37
132
90
54
116
28
17
24
94
88
136
115
67
7
55
10
26
142
122
82
53
93
70
68
19
89
13
109
99
48
4
32
144
27
18
10
35
105
102
75
23
128
65
8
85
126
41
42
2
138
22
29
52
78
106
96
112
77
120
50
104
113
62
9
7
131
61
81
38
95
30
25
56
23
84
83
19
53
58
102
81
128
119
60
71
98
99
50
51
119
129
135
116
64
130
47
36
137
45
29
73
5
40
51
78
3
122
15
44
86
38
123
140
72
35
84
39
115
83
114
59
12
3
33
79
15
13
136
106
114
52
118
90
131
111
36
85
18
56
137
57
30
117
16
138
9
133
127
88
54
55
144
33
41
1
20
101
21
91
111
73
134
40
24
46
39
129
60
133
92
100
127
110
97
42
139
31
45
76
126
142
103
63
59
141
118
121
22
28
87
117
62
87
58
120
2
66
25
92
97
93
143
57
110
100
6
103
125
112
140
43
113
8
72
74
6
48
70
77
46
79
27
68
67
43
101
74
107
69
82
123
121
47
16
96
139
32
80
5
105
135
108
4
21
95
108
143
11
86
66
44
34
109
76
134
49
107
69
49
1
104
91
14
124
130
64
105
62
19
9
44
51
118
98
125
60
109
120
18
140
55
138
144
118
36
136
95
21
68
106
92
126
113
86
61
103
63
137
50
132
95
141
48
83
55
38
30
76
75
111
26
29
100
42
82
86
16
135
143
83
15
79
28
82
128
123
70
85
49
64
56
74
87
115
142
12
138
108
112
30
124
24
71
37
60
102
9
122
29
58
28
33
19
41
119
144
49
88
8
126
78
72
109
52
22
98
41
2
77
66
24
93
34
26
139
54
66
5
16
91
108
121
17
47
114
40
42
59
23
92
93
5
94
36
67
113
129
134
81
128
2
122
116
143
97
21
46
100
45
35
119
3
50
54
57
89
44
33
120
25
85
62
31
72
142
139
133
65
20
56
80
68
6
90
43
81
96
71
20
131
80
38
74
91
65
121
46
75
61
110
67
141
3
84
39
14
124
15
47
27
111
127
57
1
96
107
23
123
4
99
102
7
84
63
31
134
17
101
22
6
12
99
107
25
40
13
101
90
132
77
53
104
89
112
37
130
131
32
59
104
117
137
114
140
79
127
133
13
117
10
58
52
136
11
73
10
53
115
35
45
18
105
125
34
43
4
69
51
94
11
87
70
76
39
73
103
69
97
110
106
7
135
130
78
27
8
1
64
14
129
48
116
32
88
1
13
14
15
16
4
3
2
1
13
25
37
49
50
51
52
64
63
75
76
77
65
53
54
66
78
79
91
90
102
103
104
116
115
114
126
127
139
140
128
129
141
142
130
118
117
105
106
107
119
131
143
144
132
120
108
96
84
83
71
70
58
59
47
35
23
11
12
24
36
48
60
72
84
96
95
94
82
81
69
68
80
92
93
81
80
79
67
55
43
44
32
20
21
33
45
46
34
22
10
9
8
7
6
18
19
31
30
42
41
40
39
38
26
27
28
29
17
5
6
7
8
9
21
20
19
31
32
33
45
57
56
44
43
42
41
40
52
51
63
62
61
73
74
86
85
97
98
110
109
121
122
134
135
123
111
99
100
101
89
88
87
99
111
112
124
136
137
138
139
140
141
129
117
118
119
131
130
142
143
144
132
120
108
107
106
94
95
83
82
70
71
72
60
59
47
48
36
24
12
11
10
22
23
35
34
46
58
57
69
68
56
55
67
66
54
53
65
64
76
88
100
101
89
77
78
90
91
92
93
105
104
116
128
127
115
103
102
114
113
112
113
125
126
138
137
125
124
136
135
123
122
110
98
86
87
75
74
62
50
38
39
27
28
29
30
18
17
5
4
16
15
3
2
14
26
25
37
49
61
73
85
97
109
121
133
134
133
144
143
131
119
107
108
120
132
144
143
142
141
140
128
116
104
103
115
114
102
90
91
92
80
79
78
66
65
77
76
64
52
51
63
75
74
62
61
49
50
38
37
25
26
27
39
40
28
16
15
14
13
1
2
3
4
5
6
18
19
31
32
20
21
22
23
24
12
11
10
9
8
7
6
5
17
29
30
42
43
55
54
53
41
42
54
66
67
68
69
57
58
59
47
46
45
33
34
35
36
48
60
72
84
83
71
70
82
81
93
105
117
129
130
118
106
94
95
96
84
72
60
48
47
59
71
70
58
46
45
44
56
57
69
81
93
105
104
116
115
127
139
138
126
125
137
136
124
123
135
134
122
121
109
110
111
112
100
88
89
101
113
112
111
99
98
97
85
73
61
49
37
38
39
27
15
14
26
25
13
1
2
3
4
16
28
29
17
18
30
31
19
7
8
20
21
9
10
11
12
24
36
35
23
22
34
33
32
44
43
55
56
68
67
79
80
92
91
103
102
101
100
88
89
90
78
77
65
53
41
40
52
51
50
62
63
64
76
75
87
99
87
86
74
73
85
86
98
97
109
110
122
123
124
125
113
114
126
127
128
129
117
118
106
94
82
83
95
96
108
107
119
120
132
131
130
142
141
140
139
138
137
136
135
134
133
121
133
59
64
23
44
81
136
49
104
6
45
115
82
34
68
67
19
76
52
36
3
127
138
144
51
44
47
7
122
3
128
37
122
9
136
91
43
70
129
93
140
27
8
53
85
144
12
111
42
50
92
131
55
15
108
57
79
111
49
116
90
62
89
137
21
121
93
69
23
24
4
97
36
12
61
39
11
132
78
83
38
10
22
6
20
92
98
26
31
116
143
26
105
120
71
34
77
29
140
109
108
114
41
5
33
64
119
110
35
125
48
74
139
16
112
57
109
48
112
101
143
81
40
32
99
128
135
129
96
113
118
132
114
9
105
133
117
135
78
123
88
24
126
43
141
15
142
50
61
130
30
38
45
52
117
103
20
103
75
134
53
5
29
94
28
30
16
113
28
54
37
33
13
100
60
51
22
85
100
90
72
17
66
70
139
11
95
115
76
75
72
106
102
107
46
123
110
8
32
1
120
94
31
18
121
14
96
79
55
138
73
68
86
1
58
91
42
4
80
10
104
88
54
18
35
41
130
89
2
106
56
63
25
126
124
95
47
46
14
102
56
134
17
62
27
119
133
125
19
101
74
86
73
99
60
13
87
131
118
84
97
40
39
141
58
142
63
82
107
127
65
87
7
59
77
80
124
65
2
25
84
83
137
69
21
71
98
66
67
18
8
38
74
39
56
142
85
88
17
62
16
83
109
95
5
25
61
41
21
120
122
117
128
108
57
19
24
124
90
66
93
13
78
5
22
27
20
27
133
36
115
98
6
54
42
30
1
12
13
115
70
71
10
60
72
3
88
120
12
102
59
29
82
130
132
31
23
26
103
36
131
106
50
141
125
76
74
94
29
134
91
113
73
55
47
116
85
32
2
73
96
111
4
118
63
126
87
119
105
97
140
121
106
14
77
14
117
104
50
35
43
143
76
10
57
60
123
127
133
79
68
18
86
100
34
99
135
138
25
75
92
2
40
90
84
6
35
26
118
105
69
44
136
38
144
89
51
53
22
139
41
137
33
44
95
58
55
132
16
64
83
131
89
65
63
127
143
8
119
139
108
129
109
47
97
121
140
49
84
53
86
1
11
91
116
37
99
80
138
136
32
58
130
141
112
93
82
77
70
4
7
15
68
71
144
114
66
113
23
137
24
81
135
52
75
52
67
61
101
20
42
48
110
103
31
92
43
21
79
129
48
19
3
46
80
87
142
62
33
40
81
65
72
51
107
126
111
107
100
46
9
37
45
94
11
101
134
96
128
98
102
78
125
64
45
122
124
9
17
69
15
49
54
114
28
56
123
110
112
59
34
7
28
67
104
39
30
133
121
109
110
122
123
135
136
124
112
100
101
113
114
115
127
126
125
137
138
139
140
141
142
130
131
143
144
132
120
108
96
95
94
106
107
119
118
117
105
93
92
104
103
91
79
80
81
82
83
71
70
58
57
69
68
67
55
56
44
45
46
34
35
36
24
12
11
23
22
10
9
8
7
6
18
19
31
30
29
41
42
54
66
78
90
102
101
89
77
65
53
52
64
63
75
76
88
87
86
74
62
50
51
39
38
37
25
26
27
15
14
2
1
13
25
37
49
61
73
85
97
98
99
111
112
113
114
102
90
91
103
115
116
128
129
141
142
130
118
106
94
82
70
58
59
60
48
47
46
34
33
21
20
32
31
43
42
30
29
28
40
41
53
65
64
52
40
28
16
4
5
17
16
17
5
6
18
19
7
8
9
10
11
12
24
36
48
60
72
84
83
95
107
119
131
143
144
132
120
108
96
84
72
71
59
47
35
23
22
21
20
32
33
45
44
43
55
54
66
78
79
67
68
56
57
69
81
80
92
93
105
104
116
117
129
128
140
139
127
126
138
137
125
124
123
111
99
100
88
89
77
76
75
87
86
74
62
63
51
39
27
15
3
4
3
2
1
13
14
26
38
50
49
61
73
85
97
98
110
109
121
133
134
122
134
135
136
12
11
23
35
36
48
60
72
71
70
69
68
80
79
91
92
104
116
115
103
102
90
78
77
89
88
87
75
74
73
61
49
37
25
26
27
28
29
17
5
4
16
15
14
2
1
13
25
37
38
50
62
63
64
76
88
100
99
111
112
124
125
126
127
139
138
137
136
135
123
122
134
133
121
109
97
85
86
98
110
111
99
87
75
76
64
52
51
39
40
41
42
54
55
67
66
65
53
52
40
41
29
30
31
32
20
19
18
6
7
8
9
21
22
10
9
8
20
32
33
34
46
58
59
47
48
60
72
84
83
82
81
93
105
106
118
119
120
108
107
95
96
108
120
132
144
143
131
130
142
141
140
128
129
117
116
115
114
113
101
102
103
104
92
91
79
67
55
43
44
45
57
45
44
56
57
56
68
80
81
69
70
58
46
34
33
21
22
10
11
23
24
12
24
36
35
47
59
71
83
84
96
95
94
82
94
93
105
106
107
119
131
132
144
143
142
130
118
117
129
141
140
128
127
139
138
137
125
126
114
113
101
100
112
124
136
135
123
122
134
133
121
109
110
98
97
85
86
74
73
61
49
50
62
63
51
39
38
26
14
13
1
2
3
4
3
15
27
28
16
17
5
6
7
19
18
30
31
43
42
54
66
78
90
89
77
65
53
20
57
79
130
20
64
129
14
85
1
81
94
34
47
50
36
40
90
53
54
111
48
72
76
93
60
42
124
85
30
63
60
26
7
86
96
134
43
79
100
19
112
88
33
52
99
141
111
56
101
140
127
93
9
75
89
48
53
98
57
36
105
62
6
138
66
5
124
38
46
133
91
55
119
90
114
58
100
84
10
67
129
92
88
69
23
56
63
68
8
104
33
109
119
95
115
11
116
95
123
104
27
139
73
103
91
65
74
77
43
102
25
74
142
83
108
54
102
31
123
120
2
24
136
29
68
38
97
110
121
71
21
127
6
24
75
92
128
32
40
132
41
99
34
14
86
16
42
12
22
118
110
107
65
78
39
117
13
47
120
70
122
83
5
44
39
131
46
49
137
122
115
37
28
135
51
55
130
26
116
121
66
69
52
81
64
106
73
87
117
112
143
18
80
28
140
78
133
94
105
132
17
84
29
27
87
144
51
59
11
35
45
15
82
125
30
70
13
62
98
143
50
82
113
71
107
15
131
4
61
106
76
139
4
103
7
3
114
10
44
134
72
18
135
31
77
35
138
97
141
9
19
126
23
49
22
142
37
17
8
126
108
41
136
59
89
12
80
45
61
109
96
113
58
137
125
32
118
101
1
21
3
144
128
67
25
16
2
55
19
102
133
22
30
84
124
67
134
52
121
78
115
41
6
131
6
104
116
7
29
96
44
144
141
36
35
82
77
109
49
141
10
50
111
14
88
57
138
79
129
100
98
24
83
53
33
66
3
114
23
3
92
16
22
56
119
27
106
97
102
85
1
82
77
46
54
68
84
109
25
34
74
60
72
39
91
62
108
60
110
11
70
131
2
65
94
96
106
7
61
115
113
143
137
90
54
1
78
68
75
34
91
5
120
80
117
37
38
56
28
8
17
30
26
58
46
89
142
47
2
5
40
122
132
122
17
140
4
23
134
8
136
118
123
94
26
64
126
13
118
132
101
74
49
113
103
142
55
130
27
52
101
135
24
114
20
43
12
19
112
100
133
45
61
92
95
14
67
124
21
90
126
45
93
62
36
15
28
125
25
18
127
21
42
80
59
129
86
32
136
110
18
73
97
119
123
29
35
48
43
69
70
81
128
58
15
53
87
117
37
75
11
71
127
144
88
125
108
9
89
104
31
143
47
139
40
137
41
20
65
63
39
32
107
105
10
64
16
83
48
4
76
71
99
85
140
139
51
98
93
81
130
63
107
72
121
9
59
76
69
103
51
135
99
105
95
79
128
13
120
112
31
57
12
111
33
87
38
116
44
138
42
73
66
50
86
133
121
122
123
135
136
137
138
126
114
102
90
91
79
80
92
93
94
82
81
69
68
67
55
56
44
32
31
19
7
6
5
4
3
15
27
39
51
50
49
37
38
26
14
13
1
2
3
4
16
17
18
30
42
43
44
45
33
34
46
47
59
71
83
84
72
60
48
36
35
23
24
12
11
10
9
8
20
21
22
34
33
32
31
43
42
41
29
28
40
52
64
65
77
78
66
54
53
41
40
52
51
63
75
87
86
74
62
61
73
85
97
98
110
109
97
85
86
87
99
111
112
113
125
124
136
137
138
139
127
115
103
104
105
117
118
130
142
141
129
128
140
141
142
143
144
132
131
119
120
108
96
95
107
106
94
82
70
58
57
69
81
93
92
80
79
78
77
76
88
100
101
100
88
89
101
89
90
91
103
102
114
113
112
111
99
98
110
109
121
122
134
133
134
135
123
124
125
126
127
139
140
128
116
115
116
104
105
117
129
130
131
143
144
132
120
119
118
106
107
108
96
95
83
84
72
60
59
71
70
58
57
45
46
47
48
36
35
23
24
12
11
10
22
21
9
8
20
19
7
6
5
17
18
30
29
28
16
15
14
2
1
13
25
37
25
26
27
39
38
50
49
61
73
74
62
63
75
76
64
65
66
67
68
56
55
54
53
144
132
131
130
142
141
140
139
138
137
136
135
123
124
112
100
101
89
88
87
75
74
73
61
49
50
38
37
25
26
14
13
1
2
3
4
16
28
40
41
53
52
51
39
27
15
3
4
5
17
29
30
42
54
66
65
64
76
77
78
90
102
103
115
114
113
125
126
127
128
116
104
105
106
94
95
96
84
83
71
72
60
59
47
48
36
24
23
22
10
9
8
7
6
18
19
20
21
33
45
57
69
70
58
46
34
35
36
48
60
72
84
96
108
120
119
107
106
118
117
129
141
140
128
116
115
103
91
79
67
68
80
81
82
83
71
59
47
35
34
46
58
70
69
57
56
44
32
31
43
55
54
66
78
90
102
101
100
99
111
110
122
121
109
97
98
86
85
73
61
62
74
86
85
97
98
110
109
121
133
134
133
134
122
123
135
136
137
138
139
127
126
114
113
125
124
112
111
99
87
88
89
77
76
75
63
62
50
49
37
38
39
51
63
64
65
53
52
40
28
27
26
25
13
1
2
14
15
16
17
5
6
7
19
18
30
29
41
42
43
31
32
20
8
9
10
11
12
24
12
11
23
22
21
33
45
44
56
55
67
68
80
79
91
92
93
105
117
129
130
118
119
131
143
142
143
144
132
120
108
107
95
94
82
81
93
92
104
