##Rat 2 Day 46
 ##rewards
18
29
107
##Vertices
89
12
34
91
35
64
40
56
101
55
142
30
125
48
8
122
142
113
136
56
44
103
119
5
39
3
51
62
123
11
13
135
86
143
43
62
28
122
23
50
87
76
111
85
102
129
98
18
138
91
63
95
52
66
1
102
110
47
31
127
55
114
140
38
65
73
15
59
134
17
37
71
11
26
82
144
113
45
125
36
67
112
73
34
104
116
118
98
138
45
110
100
83
41
7
75
117
94
52
126
33
57
32
90
137
124
90
22
96
70
92
69
127
107
53
84
21
106
18
79
61
96
108
83
59
1
7
38
114
118
78
50
21
24
48
3
81
2
29
72
79
20
101
104
58
133
121
115
14
74
82
40
68
46
49
12
39
25
44
35
75
31
9
78
69
143
19
137
139
65
67
107
14
74
129
133
105
132
99
29
94
93
99
32
81
103
76
64
135
22
140
144
124
46
86
28
47
141
71
6
61
89
60
111
41
42
5
43
87
117
136
130
109
58
97
37
16
8
24
131
13
57
120
80
106
51
128
108
121
4
80
66
131
10
17
123
27
36
63
53
6
19
4
42
20
27
88
68
95
84
126
128
10
15
9
23
54
141
92
77
72
88
93
116
97
130
100
70
85
120
109
49
112
33
119
77
105
139
25
134
26
115
132
2
60
16
54
30
54
35
20
101
129
45
100
75
9
60
111
2
120
60
19
41
129
49
46
31
135
93
32
21
10
117
132
15
68
76
23
27
35
28
11
88
102
107
103
116
7
109
64
91
56
55
39
130
34
86
63
3
117
81
89
136
27
10
36
143
142
65
70
48
74
31
49
33
141
139
136
28
26
67
113
9
6
54
36
40
95
50
114
30
47
64
123
112
83
88
112
1
118
79
57
56
72
47
141
8
101
17
107
139
4
118
58
63
6
140
96
13
119
140
109
98
5
79
97
62
144
43
71
16
13
133
58
65
100
80
86
75
98
111
124
5
70
99
3
29
51
53
105
87
77
67
18
132
128
114
77
16
108
44
125
22
62
33
82
138
83
25
38
29
23
66
40
81
78
95
57
127
106
73
90
105
4
131
71
19
76
34
17
116
53
84
68
37
69
142
82
96
102
72
99
92
89
122
44
134
92
52
42
73
7
8
80
14
110
126
144
108
22
15
113
110
90
32
50
121
94
11
37
123
52
1
133
45
24
97
61
119
55
91
46
127
137
126
104
104
85
85
121
48
103
12
20
39
134
94
12
87
2
78
66
135
115
26
69
59
130
137
143
59
115
74
51
131
30
124
21
106
14
122
120
41
43
138
18
25
61
93
42
128
125
84
38
24
144
143
131
119
118
106
94
93
92
104
116
115
127
139
140
128
129
141
142
130
118
117
105
106
107
108
96
84
83
71
72
60
59
58
46
47
35
23
22
10
9
21
20
8
7
19
18
30
31
43
42
41
29
17
16
4
3
15
27
28
40
39
51
50
38
37
49
61
62
63
64
76
75
74
73
85
86
98
97
109
110
122
123
135
134
133
121
109
97
85
73
61
49
37
25
26
14
13
1
2
3
4
5
6
7
8
9
10
11
12
24
36
48
60
72
84
96
95
83
82
70
69
57
45
33
34
22
21
20
32
44
56
68
80
81
69
68
67
66
78
79
91
103
102
90
89
88
87
99
100
101
113
125
137
136
124
112
111
110
98
86
74
62
50
51
52
53
65
77
78
90
89
101
113
114
126
125
137
138
139
138
126
127
115
114
102
103
91
79
67
66
65
77
76
88
100
112
124
136
135
134
133
121
122
123
111
99
87
75
63
64
52
40
39
38
26
25
13
1
2
14
15
27
28
16
17
5
6
18
19
31
43
42
30
29
41
53
54
55
54
55
56
57
58
46
45
44
32
33
34
35
23
11
12
24
36
48
47
59
71
70
82
94
93
81
80
92
104
105
117
116
128
140
141
129
130
142
143
144
132
131
119
120
132
120
108
107
95
1
13
14
15
27
28
29
41
53
52
51
63
62
61
49
50
38
37
25
26
27
39
40
28
16
4
5
6
18
19
7
8
20
32
33
21
22
23
35
36
48
47
59
60
72
71
83
82
70
69
81
93
94
95
107
108
120
119
118
106
105
117
116
128
129
141
140
139
127
115
103
102
114
126
138
137
125
124
136
135
123
122
110
109
121
133
134
135
136
137
138
139
140
141
142
130
131
143
144
132
120
108
96
84
72
60
48
36
24
12
11
10
9
8
7
6
5
17
18
30
31
43
44
45
46
34
35
47
59
58
57
56
55
54
42
43
55
67
79
78
66
65
64
76
77
89
101
113
112
100
88
87
86
85
97
98
99
111
123
124
125
126
127
128
116
104
92
91
90
78
77
89
88
87
75
74
86
85
73
61
73
74
62
63
75
76
64
65
66
67
79
91
90
102
101
100
99
98
97
109
121
133
134
122
110
111
112
113
114
115
103
104
105
117
129
130
142
143
144
132
131
119
118
106
107
95
96
84
83
71
70
69
81
82
94
93
92
80
68
80
68
56
44
32
33
45
57
58
46
34
22
23
24
12
11
10
9
21
20
19
31
30
29
41
42
54
53
52
40
39
51
50
49
37
38
26
25
13
1
2
14
15
3
2
3
4
16
17
55
39
111
63
43
101
108
32
63
58
140
96
51
119
53
143
70
132
73
49
68
115
45
66
71
134
47
59
40
6
97
18
92
44
110
56
140
21
75
142
41
25
91
28
54
68
76
48
52
36
15
66
138
59
77
23
22
7
11
115
1
4
102
117
127
67
81
129
53
122
106
36
46
4
112
18
7
131
90
26
40
135
123
64
105
124
142
11
134
50
69
138
78
132
109
38
79
123
116
128
22
98
75
113
125
9
87
100
3
110
46
55
34
83
97
58
13
121
2
31
122
86
103
44
84
118
109
93
82
10
27
117
33
71
67
120
93
15
137
124
121
114
51
86
120
85
102
72
133
131
125
20
41
49
62
88
99
57
127
94
126
5
77
136
14
13
144
88
89
16
5
3
136
90
107
34
29
60
37
70
47
101
31
43
27
19
126
32
17
104
118
92
100
29
111
19
87
103
74
8
80
143
42
65
105
135
74
8
48
116
80
23
112
85
78
45
133
83
62
98
61
72
56
95
24
30
137
33
37
84
107
141
95
61
25
76
20
35
42
106
12
99
24
96
21
1
139
69
65
2
113
12
57
17
139
144
52
73
114
16
82
60
10
50
94
89
30
91
104
39
130
108
79
28
128
141
129
9
54
130
64
81
119
26
38
14
35
6
138
63
123
108
114
43
103
72
13
8
99
132
39
42
7
67
82
9
3
35
89
21
15
142
121
46
26
77
57
81
144
83
43
128
65
28
64
59
56
74
135
123
39
86
101
20
100
22
96
109
107
4
1
136
134
92
88
106
55
111
141
83
11
2
36
120
31
137
50
37
142
75
118
139
131
62
125
4
18
143
111
108
107
34
54
119
74
129
41
112
31
65
80
144
77
60
79
90
30
6
30
105
46
40
76
138
132
141
130
20
91
143
34
120
70
15
121
75
53
13
124
58
139
117
18
50
106
21
66
69
27
79
69
103
78
47
14
10
93
36
44
49
126
23
45
110
61
7
113
76
98
99
84
89
11
113
90
59
97
53
38
119
116
35
38
56
129
60
95
85
122
117
73
97
27
127
49
23
102
105
52
71
94
17
62
84
134
1
24
133
51
70
29
32
57
116
40
104
81
14
16
25
80
71
26
115
42
73
48
118
88
126
25
93
124
101
82
86
55
66
45
17
87
130
133
125
54
109
102
140
131
68
98
64
137
28
32
67
91
12
61
136
68
37
9
51
100
78
16
29
115
72
19
33
2
41
87
47
8
63
5
127
112
110
22
140
6
24
95
48
135
85
33
52
19
44
3
58
92
96
122
94
5
128
114
104
12
10
133
134
135
123
124
136
137
125
113
114
102
90
78
79
80
68
56
44
43
42
41
40
39
51
52
64
65
77
89
88
87
75
76
64
63
62
74
73
61
49
37
38
26
14
13
1
2
3
15
27
28
16
4
5
6
7
19
20
21
22
34
33
45
46
47
59
71
72
60
48
36
35
23
11
10
9
8
7
6
18
30
29
17
5
4
3
15
16
17
18
30
31
32
33
34
46
58
57
69
70
82
83
84
96
95
107
108
120
132
144
143
142
141
129
117
116
128
127
126
138
139
140
141
142
130
131
119
118
106
105
104
103
91
92
93
81
82
94
93
92
104
116
115
103
91
79
67
66
54
53
65
66
78
90
102
101
100
112
111
99
98
86
85
97
109
110
122
121
109
97
98
110
111
123
122
121
133
134
135
136
137
125
124
112
100
99
87
88
76
77
89
101
113
114
115
127
126
138
139
140
128
129
130
118
117
105
106
94
95
107
119
131
143
144
132
120
108
96
84
83
71
72
60
59
47
48
36
35
23
24
12
24
12
11
10
22
21
9
8
20
19
31
32
44
45
57
58
70
69
81
80
68
67
55
56
55
43
42
54
53
41
29
28
40
52
51
63
75
74
86
85
73
61
62
50
49
50
38
39
27
26
25
37
25
13
1
2
14
12
24
36
35
47
48
60
59
58
70
69
68
67
79
91
90
89
88
76
64
52
40
28
29
41
42
54
55
56
44
32
31
43
42
30
18
19
7
6
5
4
16
15
14
2
1
13
25
26
27
39
38
37
49
61
73
74
86
98
110
111
99
100
112
124
125
126
138
137
136
135
123
122
121
109
97
85
73
61
62
63
51
50
49
37
25
26
38
50
62
63
75
87
99
111
112
113
101
102
114
115
127
139
140
128
129
141
142
143
144
132
120
108
107
106
94
95
83
71
72
84
96
108
120
119
131
130
118
117
105
93
81
80
92
104
103
115
116
104
92
93
94
82
81
80
79
78
66
65
53
54
66
67
68
69
57
45
46
34
33
21
20
8
9
10
22
23
11
10
9
21
22
34
35
23
11
12
24
36
48
60
59
47
46
45
33
32
44
43
55
56
57
58
70
82
83
71
72
84
96
95
107
119
118
106
105
117
116
128
129
130
131
132
144
143
142
141
140
139
127
126
138
137
125
124
136
135
123
122
134
133
134
133
121
109
110
98
97
85
86
74
75
87
88
100
101
113
114
102
103
91
90
78
77
89
77
76
64
65
53
52
51
39
40
41
29
30
31
19
20
8
7
6
18
17
5
17
16
28
27
15
3
4
3
2
1
13
14
131
73
52
126
123
31
6
136
50
24
14
118
102
96
128
79
137
69
96
29
68
57
13
60
7
5
40
74
101
53
71
35
111
141
107
93
75
82
95
72
44
49
139
16
66
39
113
8
117
118
123
67
25
112
69
139
49
58
21
112
92
104
55
15
115
32
46
6
121
60
43
34
119
117
138
90
58
30
128
38
16
20
3
80
82
135
4
129
137
89
47
23
46
62
131
95
76
126
34
113
140
12
110
75
65
93
54
87
41
103
18
108
63
27
48
90
7
52
84
94
105
105
85
111
64
109
81
68
13
120
103
2
124
70
70
31
73
124
84
2
125
89
144
36
72
45
107
56
17
12
86
53
76
33
130
114
19
55
140
17
1
1
27
110
100
10
35
42
40
81
59
9
116
127
83
114
59
54
99
144
62
23
116
43
91
133
102
143
132
10
101
85
127
25
44
38
108
125
61
22
94
133
20
142
132
51
91
19
136
65
79
30
15
29
61
45
37
4
104
8
122
134
130
100
26
109
3
86
18
129
21
37
119
99
48
87
120
97
78
51
71
92
142
5
77
28
39
83
138
143
64
135
106
67
42
14
33
98
26
121
141
56
22
50
24
32
66
115
106
11
57
77
134
80
9
97
98
41
47
74
122
63
28
88
78
36
11
88
22
126
131
32
8
128
57
27
125
72
137
26
119
103
68
35
13
83
69
103
73
50
141
88
60
70
45
6
114
133
143
29
67
68
55
114
17
20
137
39
100
109
135
16
64
74
87
61
11
25
46
24
111
32
69
33
40
55
97
71
45
12
4
19
79
34
33
120
37
77
53
134
110
115
52
53
37
116
134
40
65
125
132
66
51
95
112
9
60
120
56
13
15
86
80
127
93
90
136
12
41
43
140
48
136
66
49
89
74
115
41
138
59
28
3
71
111
139
100
63
56
19
86
83
15
49
54
91
17
130
58
139
77
84
20
124
78
14
75
14
116
54
48
93
18
142
117
64
94
21
140
141
76
70
38
81
4
58
79
85
11
65
144
9
95
102
67
96
122
96
7
123
98
75
72
98
109
122
44
23
52
143
92
91
62
5
85
123
1
29
113
133
80
82
142
87
106
102
25
46
104
50
73
129
22
28
1
44
42
90
2
23
7
30
6
106
88
144
5
36
94
84
39
121
47
130
117
101
59
110
107
51
89
36
129
104
43
35
119
10
138
108
8
57
16
105
113
101
27
10
2
92
47
121
118
107
3
42
99
82
18
26
99
126
21
62
76
24
63
97
61
81
78
118
124
31
105
30
108
31
34
112
128
132
38
135
127
131
144
132
120
108
96
95
94
82
83
84
72
71
70
69
68
80
81
93
105
106
107
119
131
143
142
130
118
117
116
128
140
141
129
117
116
115
114
102
103
104
92
91
90
78
79
67
66
54
42
41
40
52
53
65
64
63
51
50
62
61
49
37
25
26
38
39
27
28
16
4
3
2
14
15
3
4
5
17
29
30
18
19
20
21
9
8
7
6
5
17
16
28
29
41
40
39
51
63
75
74
73
85
97
98
86
87
99
100
101
89
77
76
88
100
112
113
125
126
127
139
138
137
136
124
123
135
134
122
121
109
110
111
112
113
101
102
103
104
105
93
94
82
81
69
57
45
33
32
31
43
55
56
44
32
33
34
46
58
59
47
48
36
35
23
24
12
11
10
22
34
46
47
35
36
24
12
11
23
22
10
9
21
20
8
7
6
18
19
31
30
42
54
53
52
64
65
77
89
90
78
66
67
79
91
92
80
68
56
55
43
44
45
57
58
70
71
59
60
48
60
72
84
83
95
96
108
120
119
107
106
118
130
131
132
144
143
142
141
129
128
140
139
127
115
114
126
138
137
125
124
136
135
123
122
110
111
99
98
86
87
88
76
75
74
62
50
38
26
27
15
14
13
1
2
1
13
25
37
49
61
73
85
97
109
121
133
134
133
12
11
10
9
8
20
32
31
19
7
6
18
30
42
54
55
43
44
45
33
21
22
23
24
36
35
34
46
58
59
60
48
47
46
58
70
82
81
69
57
56
68
80
79
67
66
78
77
76
88
100
101
89
90
102
114
113
125
126
138
137
136
135
123
124
112
111
99
98
97
109
121
122
110
109
97
85
86
87
75
74
62
50
38
37
49
61
73
85
86
98
99
87
88
100
112
113
114
115
127
139
140
141
129
128
116
117
105
93
92
91
103
104
105
106
94
95
83
71
72
84
96
108
107
119
120
132
131
143
142
130
118
106
94
93
81
69
57
45
44
32
31
43
42
41
40
39
51
63
64
65
53
52
51
39
27
28
29
17
16
4
3
15
14
2
1
13
25
26
27
28
16
15
3
2
1
13
14
26
25
37
38
50
49
61
73
74
62
63
75
76
77
89
101
102
90
91
92
80
79
78
66
67
68
56
55
54
53
65
64
52
40
41
29
30
18
17
5
4
5
6
7
19
20
8
9
10
22
21
33
34
35
23
11
12
24
36
48
47
59
60
72
71
70
82
83
84
96
95
107
108
120
119
131
130
118
117
129
128
116
104
103
115
127
126
125
124
123
111
110
122
134
133
121
133
134
135
136
137
138
139
140
141
142
143
144
132
144
