##Rat 1 Day 27
 ##rewards
19
32
98
##Vertices
1
2
3
4
16
28
29
17
5
6
7
8
9
21
20
32
33
34
46
47
35
23
24
12
11
10
22
34
46
45
44
43
31
30
18
19
7
6
5
4
3
15
14
13
25
37
49
61
73
74
86
85
97
109
121
133
134
135
123
124
136
137
138
139
127
126
125
113
101
89
88
76
75
63
62
50
38
26
27
39
51
52
40
41
42
54
53
65
77
78
79
91
103
115
116
104
92
80
68
69
57
58
59
60
72
84
96
95
94
82
83
71
70
58
57
56
55
67
66
54
42
41
53
52
64
63
75
87
99
98
110
111
112
100
88
87
99
100
101
102
90
91
92
93
81
69
70
82
81
93
105
117
129
130
118
119
120
108
107
106
105
104
116
128
140
141
142
143
131
132
144
132
144
143
131
130
142
141
129
117
118
119
120
108
107
106
94
95
96
84
83
71
72
60
59
47
48
36
48
36
35
23
24
12
11
10
22
21
9
8
20
32
33
45
44
56
68
80
79
78
90
89
77
76
64
65
66
67
55
43
31
19
18
30
29
17
16
15
14
2
1
13
25
26
27
28
40
39
51
50
38
37
49
61
62
74
73
85
86
98
97
109
121
122
110
111
112
124
125
113
114
102
103
115
114
126
127
128
140
139
138
137
136
135
123
122
134
133
133
121
109
97
98
99
87
86
85
73
61
49
37
38
50
51
39
27
28
16
15
14
2
1
13
25
26
27
28
40
52
64
63
75
74
62
61
73
85
97
109
110
122
134
135
136
137
138
139
127
128
140
141
142
143
144
132
120
119
107
108
96
84
72
71
83
95
94
93
92
104
103
115
114
126
125
124
123
111
112
113
101
100
88
76
77
89
90
91
79
67
68
69
70
58
57
56
55
54
42
41
29
17
5
6
7
8
20
32
31
19
18
30
29
41
53
65
66
78
77
76
88
89
101
102
114
115
116
117
129
130
118
106
105
104
116
117
105
93
81
80
68
56
44
43
42
30
31
43
44
45
46
47
35
34
22
10
9
21
33
45
57
58
59
60
48
36
24
23
11
12
11
12
24
23
35
36
48
47
46
34
22
10
9
21
33
32
20
8
7
19
18
6
5
17
16
4
3
4
3
15
14
2
1
13
25
26
38
37
49
50
51
39
40
52
53
54
55
67
79
80
92
91
103
102
90
78
66
65
64
63
62
74
75
87
86
98
110
122
121
133
134
135
123
111
99
100
112
113
125
124
136
137
138
126
127
139
140
128
129
141
142
143
131
130
118
106
107
95
94
82
81
69
70
82
83
71
59
60
72
84
96
108
120
119
131
132
144
78
14
44
105
24
93
24
4
119
37
7
112
30
19
73
20
92
93
98
33
16
55
139
131
129
114
104
89
116
30
59
138
120
87
125
130
121
58
120
12
49
124
49
143
59
25
8
99
17
8
57
34
134
46
3
121
56
53
23
103
16
126
102
38
66
79
137
141
131
26
89
77
68
127
25
141
4
70
111
115
91
123
114
101
54
68
29
112
126
84
35
61
58
42
76
95
117
92
5
128
115
52
85
67
11
140
113
41
134
79
97
72
14
2
107
142
96
74
102
33
9
94
27
118
32
48
139
37
135
63
94
85
86
15
39
40
51
22
45
63
7
77
135
99
2
32
122
119
100
57
19
46
15
5
133
71
117
31
67
66
21
36
109
116
110
27
105
142
81
124
90
130
108
64
74
61
110
100
87
18
122
81
28
1
31
101
111
140
54
95
144
13
75
9
90
132
40
52
6
43
133
73
118
80
42
62
106
17
53
106
29
125
138
18
26
108
83
86
109
12
104
107
62
35
64
48
41
34
50
82
55
96
60
136
144
123
72
47
83
22
103
44
38
13
21
91
6
137
36
88
127
71
97
78
43
70
23
39
69
69
84
136
128
98
10
82
75
45
10
80
11
51
76
1
56
113
20
132
143
3
65
50
129
88
28
65
47
60
44
133
104
22
124
37
37
32
110
86
141
114
113
138
51
43
130
106
25
13
35
68
4
128
131
27
47
54
9
136
64
15
42
132
134
141
105
5
108
116
3
143
41
65
36
91
110
63
56
49
78
126
81
89
101
120
88
19
72
10
5
60
28
77
121
16
67
92
29
73
125
3
111
23
119
142
70
98
126
96
42
31
119
24
76
46
84
10
113
129
132
30
40
66
12
33
139
109
136
123
65
53
69
12
75
103
62
143
58
22
53
44
95
117
92
107
69
2
101
142
70
127
139
138
72
137
20
7
102
115
96
24
128
61
55
19
118
90
106
121
50
43
117
77
18
87
100
99
120
64
55
17
80
90
51
94
46
56
79
93
85
4
60
13
144
9
71
26
93
21
88
89
71
124
94
30
20
137
33
48
103
102
75
49
27
91
78
47
34
8
112
131
74
82
26
140
39
52
6
11
18
107
54
29
82
111
105
41
74
109
122
11
125
50
95
21
23
15
25
140
114
57
35
45
8
40
135
86
130
79
2
28
62
133
36
97
118
59
144
116
87
66
76
81
17
58
67
63
32
122
14
45
127
34
1
134
39
7
98
104
57
61
73
84
123
38
115
135
97
52
1
14
16
48
129
59
83
38
31
99
85
80
83
6
112
100
68
108
144
132
131
130
129
141
142
143
144
132
120
108
96
95
94
93
81
82
70
69
68
80
92
91
79
67
66
54
55
43
42
41
29
30
31
19
18
6
5
17
16
4
3
15
27
28
40
39
38
26
14
2
1
13
25
37
49
61
62
74
75
87
86
98
110
122
134
133
121
109
97
85
73
61
49
50
51
63
64
76
77
65
53
52
64
65
66
78
90
102
101
113
125
124
112
100
99
111
123
135
136
137
138
139
127
126
114
115
103
104
105
106
107
119
118
117
116
128
140
139
138
137
136
124
125
126
114
113
112
100
88
89
101
102
103
104
105
93
94
82
83
84
72
71
59
60
48
47
35
36
24
23
11
10
22
34
46
45
44
56
57
58
46
34
33
21
9
8
7
6
5
4
16
28
27
26
14
15
3
2
1
13
25
37
38
39
51
50
62
63
75
74
73
85
86
98
97
109
121
133
134
135
123
122
110
111
99
87
88
76
77
89
90
78
79
91
92
80
81
69
57
45
44
56
68
67
55
54
53
52
40
41
29
17
18
30
42
43
31
32
33
32
20
19
7
8
20
21
9
10
22
23
35
47
59
58
70
71
83
95
107
106
118
117
116
115
127
128
140
141
129
130
142
143
131
119
120
108
96
84
72
60
48
36
24
12
11
12
12
11
23
35
47
48
36
24
12
11
10
9
8
20
32
44
43
31
30
42
54
55
56
68
67
66
78
77
65
64
76
88
87
75
63
62
74
73
85
86
98
97
109
110
111
99
100
112
124
123
122
121
133
134
135
136
137
138
126
127
115
116
128
129
130
131
132
144
143
142
141
140
139
138
137
125
113
114
102
103
91
90
89
101
102
90
78
79
80
81
93
94
95
107
106
105
117
118
119
120
108
96
84
72
71
83
82
70
69
57
45
33
21
22
34
46
58
59
60
72
84
96
108
107
95
83
82
94
106
105
104
92
93
81
69
57
45
44
32
31
19
7
6
18
17
5
4
16
15
3
2
14
13
25
26
27
28
40
52
53
41
29
28
27
39
38
37
49
61
73
85
97
98
99
111
123
122
110
109
121
133
134
135
136
124
112
113
125
126
114
115
127
139
140
128
129
141
142
143
144
132
120
119
131
130
118
117
116
104
103
91
92
80
79
67
68
56
55
43
42
41
40
52
53
54
66
65
77
89
101
100
88
87
86
74
75
76
64
63
51
39
51
50
62
61
49
50
38
37
25
26
14
15
16
17
29
30
18
19
20
21
33
34
46
58
70
71
59
60
48
47
35
36
24
23
22
10
9
8
7
6
5
4
3
2
1
13
1
41
107
3
33
49
87
72
126
139
93
39
114
137
115
51
80
78
89
55
65
143
1
14
50
104
12
17
87
15
64
44
13
79
57
47
122
28
63
60
105
118
125
97
5
14
120
112
64
84
34
109
115
65
124
131
27
59
104
85
7
128
127
81
82
25
106
133
140
136
109
144
105
17
83
85
6
100
86
52
99
98
130
108
99
133
76
47
103
93
94
130
9
143
90
22
6
117
101
8
66
67
97
82
46
39
116
29
96
58
45
113
42
124
56
38
54
8
84
132
92
42
57
69
127
32
94
31
61
88
21
101
119
37
110
1
16
110
73
141
30
88
33
40
19
2
41
34
120
111
4
62
78
48
103
125
58
50
10
25
12
32
36
108
91
24
140
95
123
126
121
44
60
141
113
114
15
107
136
106
118
67
131
26
73
11
63
142
20
35
45
121
30
29
55
48
112
76
74
31
23
102
128
71
91
98
46
11
102
18
134
80
77
43
35
86
134
119
72
52
92
7
137
135
129
38
28
5
20
144
75
61
100
18
138
71
70
142
132
83
129
123
21
89
74
117
79
2
68
22
111
19
81
69
36
53
37
139
77
3
23
95
68
56
10
122
43
26
13
53
62
138
40
9
75
24
49
51
96
27
90
4
116
135
66
70
54
59
16
46
60
20
122
83
19
90
6
101
132
104
104
60
7
113
85
95
9
115
53
21
87
6
11
119
24
98
1
13
86
131
18
3
72
57
123
137
4
107
52
39
114
108
136
37
97
3
32
68
10
94
138
142
133
116
64
24
58
55
94
106
54
93
112
44
39
96
19
64
85
36
105
27
122
133
8
134
23
67
135
112
47
17
30
76
48
79
110
141
68
88
80
70
29
138
75
52
125
25
69
109
126
114
105
58
90
99
70
18
56
71
42
82
78
97
30
10
120
71
73
16
33
69
49
100
59
89
75
14
59
123
81
128
17
84
31
43
101
91
74
51
13
115
111
120
74
76
102
62
50
121
15
48
40
137
124
118
62
57
32
31
143
84
141
144
41
5
42
124
44
100
118
77
92
35
87
27
34
130
140
144
113
126
37
36
95
83
9
56
72
40
65
99
12
16
79
47
109
26
80
127
28
54
91
7
1
67
61
26
51
55
92
98
43
108
82
8
143
134
29
103
45
121
117
25
4
22
78
116
11
20
111
117
89
129
23
63
129
93
127
136
2
128
73
15
21
12
77
41
66
119
22
142
38
130
139
63
103
139
38
125
53
131
81
50
66
110
61
102
33
65
49
135
28
107
96
5
88
86
106
35
140
46
34
132
45
2
14
1
2
14
26
25
13
1
2
3
15
16
17
29
41
42
54
66
67
68
69
70
58
57
45
46
47
59
60
72
71
83
84
96
95
107
106
118
119
120
108
96
84
72
60
48
36
35
23
24
12
11
10
22
34
33
21
9
8
7
19
31
30
18
6
5
4
3
15
27
28
40
52
64
76
88
89
90
78
77
65
53
52
51
39
38
37
49
61
62
74
73
85
86
98
110
109
97
85
73
61
49
50
62
63
75
87
99
100
101
102
114
126
125
137
138
139
140
128
116
117
129
141
142
143
131
130
118
117
105
104
92
91
103
115
127
139
138
137
136
124
123
122
121
133
134
135
136
124
112
113
101
102
90
89
77
65
53
54
55
56
44
32
20
8
9
21
33
45
57
69
81
80
79
78
66
67
79
91
103
104
116
115
114
113
125
126
127
128
140
141
129
130
142
143
144
132
144
132
131
119
120
108
107
106
94
95
83
71
59
47
48
36
35
23
24
12
11
10
22
34
46
58
70
82
94
82
81
93
105
93
92
80
68
56
55
43
42
41
29
30
31
43
44
32
20
19
7
6
18
17
5
4
16
28
40
39
27
26
14
13
25
37
38
50
51
63
64
76
75
87
88
100
112
111
99
111
110
122
123
135
134
133
121
109
97
98
86
74
144
143
131
119
120
108
96
84
83
82
81
80
68
67
55
56
44
32
31
43
42
54
66
65
53
52
51
63
62
61
73
85
97
109
110
111
112
113
125
137
136
124
123
122
134
133
121
109
97
98
86
74
75
76
64
52
40
39
27
28
16
17
18
19
7
6
5
4
3
15
14
2
1
13
25
37
49
50
38
26
27
39
51
63
64
76
88
87
99
100
101
102
90
91
79
78
77
89
88
100
101
113
114
115
116
128
127
126
138
139
140
141
129
130
142
141
140
128
116
117
118
106
94
95
107
108
96
84
72
71
70
69
57
45
46
34
35
36
48
47
59
60
48
36
24
12
11
23
22
10
9
8
20
21
33
32
31
30
29
41
42
43
44
56
55
67
79
91
103
104
105
93
105
104
92
93
92
80
68
69
81
82
94
106
118
117
129
130
142
143
131
132
144
132
120
119
107
95
83
71
72
60
59
58
70
58
57
45
46
47
35
23
24
12
11
10
22
34
33
21
9
8
20
19
7
6
5
17
18
30
29
41
40
28
16
4
3
15
14
2
1
13
25
26
38
37
49
50
62
61
73
85
86
74
75
87
99
98
110
122
121
133
134
135
136
135
123
111
112
124
125
137
138
139
127
126
114
115
103
102
90
78
66
54
53
65
77
89
141
63
110
88
59
44
105
43
69
93
57
114
58
56
47
5
100
25
123
70
59
132
133
85
32
31
17
38
83
78
3
12
97
77
18
141
136
104
9
48
7
88
4
23
18
15
126
65
43
57
132
114
60
116
24
2
66
94
31
80
95
118
33
91
101
77
53
28
109
62
93
68
14
120
139
74
37
123
21
36
112
98
86
23
79
119
129
63
65
98
130
44
136
26
121
102
87
137
81
46
80
38
39
48
134
84
69
54
72
97
142
117
119
117
82
34
1
9
87
94
92
127
73
128
111
81
41
51
113
30
75
47
115
83
70
67
11
21
103
29
104
92
75
5
96
112
127
20
22
13
11
8
73
76
64
42
24
85
33
144
102
27
107
41
12
125
76
133
15
22
52
137
107
138
144
118
134
122
55
35
101
135
113
120
17
61
99
19
84
122
36
55
30
90
89
140
8
66
27
79
46
39
128
67
99
109
129
131
49
91
130
60
32
110
40
82
78
72
50
95
51
62
143
25
140
131
71
42
143
135
56
49
10
86
105
74
124
125
4
40
108
108
58
138
90
61
116
13
124
126
52
115
54
96
45
10
89
16
142
71
16
2
7
45
139
6
121
3
106
35
6
103
29
100
68
64
106
26
28
111
19
34
20
14
53
1
50
37
139
73
95
92
66
117
80
6
138
139
64
62
62
51
105
23
69
5
32
64
38
121
54
107
55
113
141
12
87
133
60
98
143
4
27
67
112
94
142
4
75
106
31
123
74
52
124
8
73
81
91
39
36
135
103
122
50
7
32
37
9
137
29
101
43
109
115
58
70
11
49
110
11
127
28
47
45
116
68
26
17
83
77
76
72
25
131
83
142
51
45
7
102
100
95
28
46
130
46
3
125
72
98
40
18
79
80
61
84
68
49
99
2
33
101
106
132
54
88
130
33
57
20
127
59
75
128
89
19
123
19
57
42
71
144
131
121
107
53
85
89
26
70
5
63
13
71
36
140
97
31
6
9
10
82
41
91
58
44
109
133
65
144
114
115
126
52
14
108
138
44
35
14
97
128
129
137
88
118
42
96
108
67
41
16
50
77
112
90
81
119
39
25
23
63
8
34
15
1
134
15
141
134
74
143
86
18
76
43
111
116
48
24
94
120
30
3
118
104
86
37
110
22
27
125
48
119
30
90
92
12
53
102
103
66
78
22
2
20
21
114
84
136
122
10
78
16
60
100
61
40
21
1
93
35
56
24
82
87
126
105
17
65
59
56
140
111
99
34
113
117
55
96
135
136
79
13
93
69
85
124
120
38
132
104
129
29
47
