##Rat 1 Day 33
 ##rewards
19
32
98
##Vertices
1
2
3
15
16
4
5
17
29
30
42
54
66
67
68
80
92
104
103
102
101
100
99
87
88
76
77
65
53
52
51
63
64
76
75
74
62
61
73
85
97
98
110
122
121
133
134
135
123
111
112
124
136
137
138
139
127
128
129
130
118
117
105
106
107
95
83
84
96
108
120
119
131
143
142
141
140
139
138
126
114
113
125
137
136
135
123
124
125
126
114
115
116
117
118
106
94
93
81
82
70
71
72
60
59
47
48
36
24
12
11
10
9
21
33
32
20
19
18
6
7
8
9
10
22
23
35
34
46
45
44
43
55
56
57
69
70
58
57
56
44
32
31
43
55
67
79
78
90
89
77
78
66
54
42
41
40
28
27
39
38
50
49
37
25
26
14
13
25
37
38
26
27
15
14
13
1
2
3
4
5
17
16
28
40
39
51
52
64
65
53
41
29
30
31
19
18
6
7
8
20
21
22
34
33
45
46
58
59
47
35
23
11
12
24
36
48
60
72
71
83
84
96
95
107
108
120
119
131
132
144
132
144
143
142
130
129
141
140
128
127
115
116
104
105
93
94
82
81
69
68
80
79
91
92
91
103
102
90
89
101
113
112
100
88
87
75
63
62
50
49
61
73
74
86
85
86
98
99
111
110
109
97
109
121
133
134
122
12
24
36
35
47
48
60
59
58
70
69
68
67
79
91
90
89
88
76
64
52
40
28
29
41
42
54
55
56
44
32
31
43
42
30
18
19
7
6
5
4
16
15
14
2
1
13
25
26
27
39
38
37
49
61
73
74
86
98
110
111
99
100
112
124
125
126
138
137
136
135
123
122
121
109
97
85
73
61
62
63
51
50
49
37
25
26
38
50
62
63
75
87
99
111
112
113
101
102
114
115
127
139
140
128
129
141
142
143
144
132
120
108
107
106
94
95
83
71
72
84
96
108
120
119
131
130
118
117
105
93
81
80
92
104
103
115
116
104
92
93
94
82
81
80
79
78
66
65
53
54
66
67
68
69
57
45
46
34
33
21
20
8
9
10
22
23
11
10
9
21
22
34
35
23
11
12
24
36
48
60
59
47
46
45
33
32
44
43
55
56
57
58
70
82
83
71
72
84
96
95
107
119
118
106
105
117
116
128
129
130
131
132
144
143
142
141
140
139
127
126
138
137
125
124
136
135
123
122
134
133
134
133
121
109
110
98
97
85
86
74
75
87
88
100
101
113
114
102
103
91
90
78
77
89
77
76
64
65
53
52
51
39
40
41
29
30
31
19
20
8
7
6
18
17
5
17
16
28
27
15
3
4
3
2
1
13
14
143
35
58
126
90
46
61
32
91
72
124
113
129
136
138
8
56
48
25
140
59
34
50
116
133
125
111
36
139
19
18
133
4
120
84
25
63
121
79
75
91
63
44
40
21
73
5
16
98
114
113
132
108
60
132
17
102
60
43
100
65
81
44
97
99
95
28
8
57
87
37
66
129
10
54
1
10
139
47
77
48
29
50
112
86
23
2
106
7
137
95
33
130
144
13
134
12
82
69
35
110
51
54
42
56
72
104
105
81
61
75
49
105
114
94
121
30
100
78
93
98
104
38
122
23
73
76
20
15
137
78
117
45
7
57
64
93
52
26
120
67
58
15
22
43
99
69
131
70
110
84
2
67
46
136
79
126
102
97
118
30
119
71
1
86
32
70
31
134
116
26
9
4
27
27
28
138
123
82
111
24
74
142
38
68
83
135
88
109
68
124
62
6
80
17
34
33
141
107
20
92
130
41
29
127
83
89
131
39
37
109
55
127
77
103
14
122
128
85
53
92
16
40
55
117
51
39
53
118
11
96
103
115
24
62
94
80
140
76
74
31
101
125
22
11
64
45
47
71
19
89
135
85
52
65
59
128
36
41
112
18
3
144
14
101
90
13
3
142
12
143
21
49
115
108
106
6
5
9
123
96
66
119
42
88
107
141
87
47
123
131
84
62
25
115
112
15
107
90
7
91
120
55
54
140
98
74
35
26
92
138
141
88
105
4
102
59
103
63
26
135
49
5
21
22
32
51
119
22
33
34
43
129
10
121
72
20
89
125
73
70
30
139
71
122
110
131
4
129
99
119
130
52
137
24
107
19
12
126
11
57
133
95
69
68
35
96
60
58
117
41
81
50
28
65
8
6
76
87
31
115
64
36
104
68
136
121
9
21
106
112
88
89
61
53
79
8
28
82
135
39
86
93
80
15
84
136
46
19
75
117
114
82
29
127
9
79
18
83
32
11
94
25
60
33
98
3
125
128
133
12
30
97
2
69
50
40
52
116
97
118
139
87
116
124
17
5
45
1
144
78
6
44
75
71
126
132
83
47
94
92
45
38
137
39
108
49
96
111
67
14
10
56
42
36
142
104
74
100
48
23
57
31
63
106
109
118
108
14
142
105
73
55
101
132
100
114
58
20
44
122
37
124
59
62
67
41
13
111
143
102
134
37
110
103
53
40
3
113
38
56
81
134
77
16
18
144
27
66
54
13
86
48
64
66
29
85
85
1
91
113
65
2
95
7
143
16
138
17
130
34
61
46
24
109
127
27
90
99
93
43
51
128
141
76
78
120
101
42
140
123
80
23
70
72
77
133
121
109
97
85
86
87
75
74
73
61
62
63
64
65
77
76
88
100
99
98
110
122
134
135
123
111
112
113
125
137
136
124
112
113
114
115
103
102
101
89
90
91
79
78
66
67
55
43
44
45
57
56
68
69
70
58
59
71
72
60
48
36
35
47
46
34
33
21
9
10
11
23
22
10
9
8
20
32
31
19
18
17
16
4
5
6
7
8
20
21
33
32
44
45
46
58
70
82
83
84
96
108
107
95
94
106
105
104
92
80
81
93
105
117
116
128
127
126
138
139
140
141
129
130
142
143
131
132
120
119
118
117
116
104
103
102
101
100
88
87
75
76
64
52
40
28
29
30
42
54
53
41
29
28
27
39
51
50
38
37
25
26
14
13
1
2
3
15
27
39
38
26
25
13
1
2
14
15
3
4
16
17
5
6
7
19
18
30
31
43
55
56
57
69
68
80
92
91
79
67
66
78
90
89
77
65
53
54
42
41
40
52
51
63
62
50
49
37
49
61
73
74
86
85
97
109
110
98
99
111
123
122
121
133
134
135
136
124
125
137
138
126
114
115
127
139
140
128
129
141
142
130
131
119
118
106
107
95
94
93
81
82
83
71
59
47
35
34
22
23
24
12
11
12
24
36
48
60
72
84
96
108
120
132
144
143
144
144
143
142
141
140
128
116
115
127
139
138
126
114
102
90
91
103
104
105
117
129
130
131
132
120
119
118
106
94
95
96
108
107
106
94
82
70
69
81
93
92
80
68
67
79
78
66
65
64
52
40
41
53
54
42
30
29
17
18
6
5
4
3
15
16
28
27
39
38
37
25
13
14
26
25
37
49
50
51
63
62
74
86
98
97
85
73
61
49
50
38
39
51
52
40
28
29
30
31
19
7
8
9
21
20
32
33
45
57
56
55
43
44
45
46
58
59
71
83
84
72
60
48
47
35
36
24
23
11
10
22
34
46
58
57
69
81
93
105
104
116
115
103
102
101
100
99
87
75
76
77
89
88
87
99
111
112
113
125
124
136
135
123
122
134
133
121
109
110
111
112
124
123
135
134
133
121
122
110
109
97
98
86
85
73
61
62
74
75
63
64
65
53
41
42
54
55
56
68
67
66
78
79
80
92
91
90
89
77
76
88
100
101
113
114
126
125
137
136
137
138
139
127
128
140
141
142
130
129
117
118
119
131
143
144
132
120
108
107
95
96
84
83
82
70
71
72
60
59
47
48
36
35
23
22
34
33
21
20
32
44
43
31
19
18
17
16
15
27
26
14
2
1
13
1
2
3
4
5
6
7
8
9
10
11
12
24
12
26
96
89
14
22
115
114
63
120
112
31
7
142
83
95
133
5
102
71
128
112
77
118
87
83
69
80
67
3
129
74
45
107
56
49
121
50
37
127
106
24
144
108
133
73
48
141
68
103
52
130
70
8
66
23
4
70
16
88
37
125
144
15
6
86
7
27
17
123
126
75
31
14
38
134
38
128
116
61
97
142
2
29
120
57
49
56
131
34
109
55
51
13
42
117
79
76
36
61
52
111
20
59
137
122
26
33
86
73
98
40
47
20
84
29
130
78
25
74
116
103
42
136
89
53
113
19
75
54
105
102
58
105
97
124
66
46
81
119
22
123
138
1
9
81
1
124
45
95
13
93
32
140
118
87
41
98
15
71
91
137
85
125
39
54
39
36
77
76
90
50
82
35
10
93
138
134
104
53
139
110
55
5
139
91
108
35
100
111
114
19
21
4
64
143
65
2
122
110
34
59
109
25
99
6
12
58
92
27
18
44
3
32
44
48
84
63
28
131
60
143
92
101
43
60
21
136
72
140
40
80
47
9
106
132
88
99
17
18
65
117
121
68
119
30
41
69
72
126
132
104
113
135
78
141
82
12
94
90
135
33
96
28
64
11
23
8
30
107
43
129
100
11
57
62
79
127
10
24
67
85
46
115
62
16
94
101
51
100
128
104
121
102
46
123
62
84
19
116
36
20
99
17
98
95
36
39
115
120
127
7
48
87
24
30
101
143
94
57
68
118
50
16
42
4
39
31
41
9
70
99
125
24
57
8
108
140
106
19
113
93
6
59
49
23
70
64
79
53
127
87
132
82
78
74
139
7
96
128
5
11
2
79
92
12
132
13
78
84
54
103
143
134
74
68
97
86
86
45
88
35
136
14
140
144
129
69
48
105
67
117
82
71
15
25
66
93
89
51
130
109
75
40
22
138
92
109
111
71
62
37
135
21
91
27
91
17
3
63
32
131
108
95
122
100
54
38
130
35
44
16
131
47
133
38
10
34
3
18
105
107
81
49
75
101
66
41
121
116
40
83
46
111
102
4
118
10
23
30
59
144
42
97
88
90
124
26
115
138
56
139
28
113
29
55
80
134
43
29
21
129
83
33
22
117
33
52
11
114
137
45
119
1
77
106
77
60
27
67
58
34
63
124
1
61
20
73
61
60
112
80
72
32
122
51
28
15
110
9
98
142
142
52
104
141
76
133
65
125
26
137
141
135
126
5
44
8
72
55
43
18
103
96
90
120
89
110
85
37
13
126
58
136
73
47
114
56
81
50
31
112
14
69
107
65
94
12
85
25
6
2
76
53
119
64
123
12
11
10
9
21
33
32
20
8
7
6
5
4
16
17
29
28
27
39
38
26
14
13
1
2
3
15
27
39
40
41
42
30
31
19
18
6
7
8
9
10
22
23
24
36
48
60
72
84
83
95
96
108
120
132
144
143
142
130
129
141
140
139
138
126
127
128
116
104
92
93
81
82
70
71
59
47
35
34
46
58
57
45
44
43
55
56
68
80
79
78
90
102
114
113
101
89
77
65
64
52
51
50
49
61
73
85
86
87
75
74
62
63
51
52
53
54
66
67
55
43
44
56
57
69
70
82
94
106
107
119
118
117
105
93
94
106
105
104
103
91
90
89
88
76
64
63
75
76
88
100
112
124
123
111
110
109
97
98
99
100
101
113
125
137
136
135
134
122
121
133
121
133
134
122
123
135
136
124
112
111
110
109
97
98
99
87
86
85
73
74
62
61
49
50
38
37
25
37
25
26
14
13
1
2
3
15
16
4
5
17
29
28
40
41
53
65
77
78
79
91
92
80
81
69
68
67
66
54
42
30
18
19
31
32
20
21
22
23
11
12
24
36
35
34
33
45
46
58
59
47
48
60
72
71
83
84
96
95
107
108
120
132
131
119
118
117
129
128
116
115
103
102
114
115
127
126
125
137
138
139
140
141
142
130
131
143
144
144
132
120
108
107
106
94
95
96
84
72
60
48
47
59
58
46
34
33
21
22
23
11
12
24
36
35
34
33
45
57
69
70
82
83
71
72
84
96
108
120
119
131
143
142
141
140
139
138
126
125
137
136
135
134
133
121
109
110
98
97
85
73
61
62
74
86
87
88
89
101
102
114
115
127
128
129
130
118
117
116
104
105
93
81
80
92
91
90
78
66
65
64
63
51
52
53
54
55
43
44
32
20
8
7
6
5
17
29
30
18
19
31
32
44
56
68
67
79
80
81
93
92
104
103
115
114
113
112
124
123
111
99
100
101
113
112
100
88
76
77
65
53
41
42
43
31
30
42
41
40
39
38
26
27
15
3
4
16
28
40
52
51
50
49
37
25
13
14
2
1
2
1
13
14
26
25
37
38
39
27
15
3
4
16
28
29
17
5
6
18
19
7
8
20
21
9
10
9
10
22
23
11
12
24
36
35
47
48
60
59
58
46
45
57
56
55
54
66
78
77
89
90
102
103
91
79
67
68
69
70
71
83
82
94
95
107
119
131
132
144
143
142
130
118
106
105
117
116
128
129
141
140
139
127
126
138
137
125
124
136
135
134
122
123
111
99
98
86
87
75
76
64
63
75
74
62
50
49
61
73
85
97
109
110
122
121
133
138
33
135
12
11
91
23
21
20
66
71
132
32
120
38
21
109
136
85
4
56
50
83
129
123
43
24
53
57
134
58
28
131
84
36
103
111
133
130
111
9
59
36
40
58
78
87
85
91
66
139
34
28
96
3
144
110
49
122
47
71
138
27
105
114
126
92
64
86
74
57
7
130
19
52
65
53
1
16
114
126
86
122
94
45
105
80
141
89
35
136
93
129
131
75
90
100
29
77
143
94
22
127
110
24
140
119
143
40
46
96
108
70
135
73
125
98
106
6
45
42
134
64
72
10
115
132
104
79
125
41
50
31
44
27
9
97
25
54
56
101
7
33
14
29
30
38
41
3
119
55
34
44
5
26
99
137
13
61
72
98
116
113
70
43
68
89
133
90
67
117
48
140
74
123
124
69
42
67
121
63
124
62
31
35
117
128
121
102
99
60
107
65
139
87
83
17
48
20
80
60
51
77
2
120
112
92
78
95
18
49
97
69
19
39
15
52
84
68
54
5
128
37
100
6
47
82
116
118
118
112
61
104
8
76
32
22
141
81
63
18
51
113
4
142
1
102
137
144
115
10
73
76
108
8
127
81
59
88
88
79
103
16
55
2
75
23
26
11
106
39
93
13
17
107
37
109
95
142
82
25
12
14
46
30
15
101
62
48
143
67
69
74
80
22
24
10
90
51
124
97
139
110
56
54
135
15
118
10
42
96
47
94
119
39
43
88
24
9
89
93
120
92
3
108
60
29
3
81
16
103
13
6
77
76
125
115
47
132
23
27
69
32
73
83
140
83
136
114
108
26
19
79
100
84
130
56
37
134
14
138
110
87
109
105
35
5
30
140
95
125
101
12
131
98
88
94
113
55
64
67
89
111
86
116
141
60
75
62
123
5
93
68
91
48
101
33
135
49
41
109
107
102
46
22
25
85
137
18
38
85
12
122
70
63
4
72
58
82
104
73
7
99
115
144
95
107
13
62
8
77
106
17
105
133
112
45
72
136
50
30
66
11
29
66
80
141
116
124
81
55
112
14
53
142
28
17
43
36
36
70
8
128
32
34
59
96
33
78
79
113
52
100
28
134
2
131
26
41
44
99
9
6
54
64
106
129
61
21
133
35
82
97
65
102
121
40
49
65
31
1
129
18
119
138
90
40
57
27
52
143
11
75
123
7
122
59
137
91
111
46
21
74
120
71
61
117
37
58
19
132
128
53
51
86
20
68
130
117
57
39
142
42
98
50
2
25
139
118
104
71
87
63
103
45
114
78
126
34
44
144
20
31
15
23
92
127
38
84
127
121
16
76
126
4
1
