##Rat 6 Day 23
 ##rewards
83
94
16
##Vertices
12
11
23
35
34
22
10
9
8
20
19
7
6
18
30
29
17
5
4
16
28
27
26
14
15
3
2
1
13
25
37
49
50
62
63
51
52
40
41
42
54
55
67
68
56
44
43
31
32
33
45
46
47
59
60
48
36
24
12
11
10
22
21
33
45
57
58
70
69
81
82
83
95
96
84
72
71
70
82
94
93
105
106
118
130
131
119
107
108
120
132
144
143
142
141
129
128
140
139
138
137
125
126
127
115
114
102
101
100
99
111
123
135
136
124
112
113
114
115
116
117
105
104
103
91
92
80
79
78
66
65
64
76
77
89
90
102
101
113
112
111
110
122
134
133
121
109
97
85
73
61
49
37
38
39
40
28
29
41
53
52
64
63
75
74
86
87
88
100
99
98
86
98
110
122
134
133
121
109
97
85
73
61
62
74
75
87
88
76
77
89
90
78
79
91
103
104
92
80
68
69
81
93
94
106
118
117
116
128
127
126
125
124
123
135
136
137
138
139
140
141
129
130
142
143
144
132
131
119
120
108
107
95
96
84
83
71
72
60
59
47
48
36
24
23
35
34
46
58
57
56
55
67
66
65
53
54
42
30
18
19
31
43
44
32
20
21
9
8
7
6
5
17
16
4
3
15
14
2
1
13
25
26
27
39
51
50
38
133
121
109
97
98
86
85
73
61
49
37
25
13
1
2
14
15
3
4
16
28
40
41
53
52
64
63
75
76
77
78
90
102
103
115
114
113
125
124
112
111
123
122
134
135
136
137
138
139
140
128
129
141
142
143
144
132
120
108
107
119
131
130
118
106
105
93
92
80
68
69
81
82
94
95
83
71
59
47
48
60
72
84
96
108
120
119
118
117
116
104
105
117
116
115
127
126
114
102
101
100
88
89
77
65
66
54
55
67
79
91
90
89
101
113
112
100
99
87
88
76
75
74
62
50
51
39
38
26
27
28
29
17
5
6
18
19
7
8
20
21
9
10
22
23
11
12
24
36
35
34
46
58
57
45
44
43
42
30
31
32
33
34
46
45
57
56
44
43
42
41
29
17
5
6
7
19
18
30
31
32
33
21
20
8
9
10
22
23
11
12
24
36
35
47
48
60
59
58
70
69
70
82
83
71
72
84
96
95
107
106
94
93
81
80
92
104
103
91
79
78
66
67
68
56
55
54
53
65
64
63
62
74
86
87
99
111
110
98
110
122
123
124
125
126
127
128
129
130
131
132
144
143
142
141
140
139
138
137
136
135
134
133
121
109
97
85
73
61
49
50
38
37
25
26
14
13
1
2
3
4
16
15
27
39
40
52
51
110
37
70
12
98
113
132
31
52
21
74
93
29
119
91
102
107
5
65
6
93
85
45
75
82
6
27
128
1
42
100
26
63
117
40
51
84
71
7
101
78
77
95
104
95
90
8
72
96
49
139
135
38
44
116
121
87
92
108
123
128
113
139
106
63
118
114
108
15
8
134
73
109
64
131
43
34
112
142
74
136
142
122
53
109
36
104
86
23
51
27
97
56
61
21
140
39
88
80
28
41
42
106
65
48
32
45
123
17
59
125
24
103
9
78
30
35
68
131
61
39
125
35
14
44
15
126
143
58
89
102
50
72
99
82
105
140
26
16
30
138
37
66
2
76
34
103
132
91
36
62
110
57
119
92
67
3
83
13
122
81
64
112
120
71
69
89
111
54
9
67
129
31
130
135
99
40
53
10
144
59
4
50
107
138
86
121
11
88
13
111
77
47
14
20
127
96
10
133
22
94
1
143
32
101
73
79
60
18
56
137
126
115
117
118
115
79
127
69
76
20
24
90
55
80
83
52
43
62
49
25
137
124
11
18
25
17
29
134
46
120
41
141
33
133
81
141
85
144
129
70
47
57
116
100
19
136
114
58
68
46
3
98
5
19
124
130
33
38
48
60
23
28
16
66
22
55
97
84
2
4
75
105
12
94
54
7
87
120
40
37
101
93
96
95
25
106
24
89
107
97
80
137
41
53
28
2
55
43
79
86
54
44
86
56
41
111
12
133
110
66
131
114
114
138
40
112
49
116
122
143
53
125
127
73
71
42
31
18
107
102
77
98
112
36
56
139
30
113
46
139
64
51
103
55
35
134
54
80
74
62
115
120
16
49
87
34
116
9
65
84
121
104
123
12
90
70
118
13
109
82
84
1
57
69
9
141
128
100
140
117
94
8
133
102
46
5
73
18
121
3
130
92
48
130
47
17
63
23
81
144
62
17
26
6
64
85
74
82
11
101
30
34
126
136
142
32
21
99
142
123
119
61
137
26
4
28
15
122
60
131
141
47
27
78
52
119
50
51
52
91
67
58
3
4
20
132
39
19
92
10
21
144
14
71
13
45
29
103
124
109
39
95
19
96
43
59
72
31
108
76
83
108
118
44
78
89
33
70
72
63
77
5
38
61
15
83
88
8
68
140
68
128
24
93
37
113
10
36
50
58
134
143
76
100
117
1
110
22
125
126
67
2
60
97
42
48
45
127
98
111
105
132
99
16
105
104
7
124
81
115
94
85
7
75
90
33
91
6
66
87
129
69
79
23
129
135
57
136
35
11
65
14
27
32
22
25
88
38
138
59
75
20
106
29
135
1
2
3
15
14
26
25
13
1
2
3
4
5
6
7
8
9
10
22
34
35
36
48
60
72
84
96
95
107
108
120
119
131
143
142
141
129
130
118
106
94
82
83
71
70
69
81
93
92
91
103
102
90
78
79
80
68
67
66
54
42
41
29
17
16
28
27
39
51
50
49
37
38
39
40
52
64
76
77
65
53
52
40
41
53
65
66
54
55
56
57
58
59
47
46
45
44
43
31
32
33
21
20
19
18
30
31
32
44
45
57
58
70
69
81
93
105
104
116
117
118
106
105
104
103
115
114
113
101
89
88
100
99
111
112
124
123
122
110
98
97
109
121
133
134
135
136
137
125
126
127
128
140
139
138
137
136
124
112
111
99
87
86
85
73
61
62
74
75
63
51
50
38
26
27
28
29
30
42
43
55
56
68
67
79
78
77
76
64
63
62
74
75
87
86
98
110
122
123
135
134
133
121
109
97
85
73
61
49
37
25
13
14
15
16
4
5
17
18
6
7
19
20
8
9
10
22
21
33
34
46
47
35
23
24
23
11
12
11
12
24
36
48
60
59
71
72
84
83
82
94
95
96
108
107
119
120
132
144
143
144
132
131
130
142
141
129
117
116
115
127
128
140
139
138
126
125
113
114
102
101
100
88
89
90
91
92
80
144
132
120
119
118
117
129
128
127
126
138
139
140
141
142
130
131
143
142
141
140
139
127
115
116
104
103
91
90
78
77
65
53
54
55
67
79
80
81
82
70
58
59
71
72
60
48
36
35
34
46
47
48
60
72
84
96
108
107
106
94
95
83
82
94
93
105
104
92
91
79
78
66
65
64
76
88
100
101
113
125
124
112
111
123
122
110
98
97
85
86
87
75
74
73
61
62
50
51
52
40
39
27
15
3
2
1
13
14
26
25
37
49
61
73
85
97
109
121
133
134
135
136
137
138
126
114
102
90
89
77
76
64
63
51
52
40
28
16
17
18
30
29
41
42
43
31
19
7
8
20
32
44
56
68
69
57
45
33
21
22
23
24
12
11
10
9
8
7
6
5
6
18
19
31
32
20
21
9
10
22
23
11
12
24
36
35
47
46
34
33
45
57
58
59
71
70
69
81
93
92
80
68
56
44
43
55
67
66
54
53
41
42
30
29
17
5
4
3
4
16
28
27
15
14
2
1
13
25
26
38
39
38
37
49
50
62
63
75
74
86
98
99
111
123
122
110
109
121
133
134
135
136
137
125
124
112
100
99
87
88
89
101
113
114
102
103
115
116
117
105
106
118
119
107
95
83
84
96
108
120
132
144
143
131
130
129
128
25
58
33
67
138
22
125
141
17
64
123
30
112
46
96
6
115
95
99
49
53
82
9
129
97
27
30
62
82
130
120
58
108
69
130
37
126
106
50
26
70
61
110
37
133
126
22
136
142
35
35
110
45
113
84
4
98
29
56
101
24
131
144
72
94
125
83
38
1
121
85
47
128
74
25
132
144
50
65
117
32
40
76
73
3
84
103
47
9
92
127
112
55
140
138
31
111
91
59
115
68
97
102
131
23
78
40
118
29
87
86
106
43
42
99
129
48
23
13
21
10
103
44
36
36
80
5
20
59
20
132
123
121
39
1
89
33
116
98
119
39
107
137
113
75
78
141
104
83
124
72
15
31
75
8
119
114
51
92
18
42
19
61
10
101
85
13
57
108
17
135
134
63
16
12
77
93
51
7
114
96
89
109
32
45
100
64
56
16
135
53
94
88
52
70
19
100
66
41
57
118
86
124
38
65
49
93
11
105
54
63
137
73
127
41
4
46
74
76
67
60
71
90
55
91
122
133
66
14
43
105
28
34
27
90
18
24
81
62
2
139
134
44
68
34
21
11
143
12
79
14
107
120
136
95
139
117
52
88
77
140
87
80
8
71
5
143
3
128
102
69
104
79
81
2
142
116
7
60
109
6
48
122
15
54
26
28
111
43
35
69
38
92
117
24
30
28
82
15
20
5
7
18
141
87
49
99
130
114
36
135
85
27
130
51
113
80
63
77
106
57
63
76
142
25
84
70
78
68
95
42
47
27
118
118
131
134
125
28
68
6
144
101
83
91
100
97
133
113
102
96
60
112
94
2
111
120
90
74
120
21
112
72
37
88
48
86
23
103
45
95
122
45
91
65
114
107
57
46
127
13
8
89
43
71
39
10
99
53
77
79
138
85
32
19
49
128
44
56
137
2
64
109
115
37
39
140
59
126
89
129
5
79
17
109
84
52
78
133
22
42
10
8
119
107
125
93
98
90
88
93
62
81
1
71
103
62
123
144
25
16
72
73
121
41
80
50
33
83
124
64
13
134
128
110
26
44
102
141
40
17
104
132
117
101
81
7
135
126
60
86
61
36
143
18
54
121
131
97
16
104
4
75
12
82
31
136
87
127
35
110
129
38
67
108
51
123
58
21
56
29
138
74
70
116
69
55
92
20
54
41
34
66
6
122
100
106
46
96
11
26
31
76
14
139
94
29
67
47
34
137
12
115
15
59
33
48
65
105
23
32
1
140
11
14
50
66
132
105
3
52
116
58
143
98
75
139
142
9
136
73
61
119
53
19
55
124
22
40
4
3
111
108
24
30
9
133
121
122
123
111
110
109
97
85
86
74
73
61
62
63
51
50
49
37
38
39
27
15
14
26
25
13
1
2
3
4
5
17
18
30
29
41
40
52
64
65
77
78
90
89
88
76
75
87
99
100
112
124
125
137
136
135
134
133
121
109
110
98
99
100
101
113
114
102
103
115
127
128
140
139
138
126
114
115
116
104
105
117
118
119
131
130
129
141
142
143
144
132
120
108
107
95
96
84
72
60
59
71
83
82
70
69
57
45
33
34
35
36
48
47
46
58
70
82
94
106
105
93
81
80
92
91
79
67
66
54
42
43
55
56
68
69
57
58
46
34
22
23
24
12
11
10
9
8
7
6
5
4
16
28
40
39
51
52
53
41
42
30
31
19
20
32
44
45
33
21
20
21
22
23
24
12
11
10
9
8
7
6
18
19
31
32
44
43
55
56
68
67
79
80
81
93
92
91
90
102
103
104
116
117
118
106
94
95
83
71
59
47
35
36
48
60
72
84
96
108
107
119
120
132
144
143
131
130
142
141
129
128
140
139
127
126
138
137
125
124
136
135
134
122
123
111
112
113
101
89
77
78
66
54
53
65
64
63
62
74
75
76
88
87
86
98
97
85
73
61
49
50
38
37
25
26
14
13
1
2
3
15
27
28
29
17
16
12
24
36
48
47
59
60
72
84
96
108
120
132
144
143
131
130
142
141
129
117
105
104
92
93
81
82
70
69
68
67
55
43
42
30
31
32
20
21
33
34
22
23
11
10
9
8
7
6
5
17
16
4
3
2
1
13
25
37
38
26
14
15
27
39
40
52
53
65
77
76
64
63
51
50
62
74
86
98
97
85
73
61
49
37
25
26
27
28
29
41
40
28
29
30
18
19
31
43
44
45
57
56
68
80
79
91
90
78
66
54
55
56
44
32
33
45
46
58
57
69
70
71
83
95
94
106
107
119
118
117
116
128
140
139
127
126
138
137
125
124
136
135
123
122
134
133
121
109
110
111
99
87
88
100
101
102
103
115
114
113
112
111
99
100
88
89
101
102
103
104
116
128
140
139
138
126
127
115
114
113
112
124
125
137
136
135
123
122
134
133
121
109
110
98
97
85
86
87
75
76
75
63
62
74
73
61
49
50
38
39
51
52
64
65
53
41
42
54
66
67
79
78
77
89
90
91
92
80
81
82
83
71
59
58
46
34
35
47
35
23
22
21
20
19
18
17
16
15
14
13
1
2
3
4
5
6
7
8
9
10
11
12
24
36
48
60
72
84
96
95
107
108
120
119
131
132
144
143
142
141
129
130
118
106
105
93
94
37
64
82
125
134
135
25
109
143
144
68
91
97
91
1
30
81
57
112
9
6
118
136
74
46
9
127
83
71
10
39
141
102
86
55
50
142
144
138
30
95
123
61
20
90
80
135
16
107
93
50
96
59
139
35
3
130
24
104
109
14
48
56
122
43
78
69
99
89
103
1
134
87
77
132
126
96
77
37
62
49
128
102
46
74
47
31
124
89
41
110
66
127
129
126
99
34
60
113
56
110
70
107
33
15
65
35
94
72
70
114
32
72
18
142
44
101
63
132
28
28
73
69
54
123
49
8
3
141
53
55
60
116
67
52
33
133
64
26
88
61
67
16
51
115
103
88
131
54
48
24
90
5
66
13
4
105
18
65
82
27
106
100
53
81
8
125
106
113
85
23
11
31
51
133
44
114
116
43
36
38
39
108
108
15
120
34
2
40
41
20
95
7
58
7
75
76
4
97
124
112
115
93
12
17
84
84
52
40
92
117
38
14
87
136
118
47
119
94
76
75
27
80
13
29
120
17
29
10
128
42
21
19
22
73
63
22
5
36
111
19
138
130
119
25
59
2
26
98
129
71
100
79
78
57
137
79
139
117
21
105
32
42
98
62
121
23
83
92
140
86
131
85
12
104
121
137
68
58
111
6
45
45
140
11
143
122
101
21
8
9
27
113
140
124
118
104
100
43
119
125
137
53
90
92
56
77
17
32
64
130
34
128
3
62
28
46
67
48
8
97
80
40
110
115
13
1
16
110
114
124
107
108
82
25
112
126
89
101
52
139
125
57
52
50
41
106
121
9
75
35
70
19
47
82
71
97
51
77
142
20
74
107
111
76
56
132
2
36
78
5
14
118
17
93
88
73
30
54
22
46
99
19
127
21
41
64
67
12
88
7
80
55
131
93
28
87
139
138
26
20
75
144
96
121
26
61
68
117
49
79
2
137
45
141
5
101
22
87
105
44
83
69
61
108
133
143
59
15
25
63
38
33
95
143
58
120
102
48
129
44
85
50
58
115
23
1
54
29
131
38
109
117
23
144
89
142
76
140
83
65
39
94
7
98
116
49
16
123
32
136
103
94
12
135
106
130
132
66
59
122
62
120
92
10
119
133
84
42
95
3
90
85
86
37
99
30
31
45
63
135
11
122
53
141
91
73
81
15
47
114
79
68
65
72
123
91
18
55
74
57
98
128
138
18
37
60
134
66
113
70
112
34
105
126
24
43
10
127
86
96
27
72
78
84
35
104
29
24
4
129
111
136
81
40
39
11
60
100
69
14
102
33
71
31
42
36
109
13
134
6
51
116
6
103
4
