##Rat 4 Day 18
 ##rewards
126
113
47
##Vertices
49
39
86
42
8
58
7
83
37
135
120
125
128
92
66
49
46
18
71
134
42
97
59
106
109
43
119
63
138
107
88
56
56
139
17
62
21
68
20
41
15
129
115
142
140
74
10
23
137
103
47
7
136
121
105
72
109
5
108
2
45
79
54
70
113
19
84
125
90
126
133
80
118
80
143
104
105
95
13
26
87
144
30
41
23
61
24
93
77
64
27
30
108
6
106
65
136
130
53
141
12
6
9
62
74
63
102
39
95
121
79
9
19
25
84
46
55
101
143
116
76
40
73
98
133
35
16
110
4
86
13
51
77
32
4
81
124
113
112
12
21
115
17
91
3
117
36
70
50
18
68
38
34
102
34
61
20
101
89
141
78
126
85
16
118
65
66
131
100
64
82
29
24
60
137
97
122
48
22
117
59
72
25
10
67
122
88
50
44
44
129
57
100
38
134
85
54
2
94
104
124
11
90
111
87
103
99
60
1
76
89
130
93
45
52
94
5
98
107
91
52
82
144
32
35
83
1
123
43
67
73
99
47
142
14
96
15
31
31
114
33
40
27
69
28
53
14
131
139
8
29
135
26
37
112
96
119
48
28
55
71
127
81
114
51
33
123
57
132
11
120
75
127
132
138
75
128
92
69
110
36
3
22
116
58
78
111
140
109
90
61
25
34
47
96
32
105
23
12
138
117
50
81
24
36
7
103
59
77
112
126
79
74
1
38
26
18
57
129
107
45
48
95
30
83
127
54
53
127
101
35
8
63
36
116
52
97
8
64
133
87
92
5
119
51
93
137
75
76
59
10
25
21
24
89
14
88
16
57
43
48
69
84
88
80
60
31
46
39
13
89
130
15
11
137
11
5
114
4
35
80
40
72
83
135
95
37
56
132
106
117
130
67
113
102
12
108
37
120
122
143
56
78
82
144
104
55
93
3
121
64
33
86
27
90
98
61
128
140
129
33
63
71
142
94
39
138
17
96
42
105
131
68
76
65
121
115
72
141
143
136
92
74
108
132
73
20
55
99
18
110
79
87
142
120
6
126
40
119
29
85
113
84
102
71
134
41
46
66
77
62
52
19
21
140
27
9
14
109
42
45
22
94
99
123
75
85
68
54
144
43
111
128
131
6
103
51
31
82
125
32
38
123
73
62
112
16
3
53
101
19
107
135
139
49
20
116
58
69
1
49
106
7
124
50
70
139
10
13
141
60
23
30
98
28
136
22
28
125
91
15
26
29
47
110
67
114
124
81
118
104
100
4
97
58
2
66
17
2
118
44
34
115
91
65
44
78
100
86
134
133
70
9
111
122
41
144
132
120
108
96
95
107
106
94
82
81
93
105
104
92
91
103
102
90
78
66
65
64
76
77
89
88
100
101
113
125
126
138
137
136
124
112
111
123
122
134
133
121
109
97
85
86
87
75
74
62
63
51
39
27
28
29
30
42
43
55
56
57
45
46
34
33
32
44
56
68
80
79
67
68
69
70
58
59
71
83
84
72
60
48
47
35
23
24
12
11
10
9
8
7
19
20
21
22
10
9
8
7
6
18
17
5
4
16
15
3
2
1
13
14
26
25
37
38
50
49
61
73
85
97
98
99
100
112
113
114
115
116
117
129
141
140
139
127
128
116
117
118
119
131
143
142
130
118
106
105
104
103
91
90
78
77
65
53
54
55
43
31
30
42
41
40
52
64
63
51
50
62
74
73
61
49
37
25
13
1
2
14
26
38
39
27
28
16
15
3
4
5
6
18
17
29
41
40
52
53
54
66
67
79
80
92
93
81
82
94
95
83
71
70
69
57
58
59
47
46
45
44
32
31
19
20
21
33
34
22
23
11
12
24
36
35
36
48
60
72
84
96
108
107
119
120
132
144
143
131
130
142
141
129
128
140
139
127
126
138
137
125
124
136
135
123
135
134
133
121
109
110
122
110
111
99
98
86
87
75
76
88
89
101
102
114
115
1
2
3
4
5
17
16
28
29
30
42
41
40
52
53
65
64
76
77
78
79
91
103
102
90
89
101
100
88
87
86
74
73
85
97
98
99
111
110
122
121
133
134
135
136
137
125
113
114
126
127
115
116
117
118
106
94
82
81
69
68
56
44
45
33
34
46
58
57
56
55
54
66
67
55
43
31
32
20
19
18
6
7
8
9
21
22
23
11
12
24
36
48
60
72
71
59
47
35
36
48
60
72
84
83
95
96
108
107
119
120
132
144
143
131
130
142
141
129
128
140
139
138
137
136
124
112
100
99
87
75
63
51
39
38
37
49
61
62
50
51
39
27
15
14
13
25
26
27
28
40
52
64
65
77
78
90
91
92
80
68
69
70
82
81
93
105
104
103
115
116
128
127
126
138
139
140
141
142
143
144
132
131
130
129
117
118
106
107
119
120
108
96
84
83
95
94
93
105
104
92
80
79
67
66
54
53
41
42
30
29
17
18
19
31
43
44
32
20
21
33
45
57
58
70
71
59
47
46
34
35
23
24
12
11
10
22
10
9
8
7
6
5
4
16
15
3
2
1
13
14
26
25
37
38
50
49
61
62
74
73
85
86
98
97
109
110
109
121
133
134
135
123
122
123
111
112
124
125
113
114
102
101
89
88
76
75
63
25
55
31
22
52
6
121
33
23
73
110
33
119
81
143
78
43
12
29
38
36
47
55
95
37
117
115
15
7
118
133
142
26
81
115
124
60
34
114
129
94
41
106
70
3
86
92
16
137
134
29
92
96
59
140
57
85
135
136
129
142
4
30
88
24
140
15
71
42
26
53
40
93
108
91
84
107
2
97
110
8
88
1
93
3
31
52
65
39
91
80
99
84
108
138
73
121
1
128
118
114
18
43
72
56
144
79
66
64
127
68
96
116
44
44
56
90
45
119
6
13
120
76
27
98
17
8
125
76
61
42
23
45
19
69
7
12
59
20
36
137
63
74
34
46
9
54
80
77
134
50
67
104
58
18
68
100
58
19
64
17
48
102
103
105
41
97
57
117
82
112
135
62
22
20
27
101
35
67
47
49
143
46
30
99
60
28
94
125
14
66
87
63
53
21
9
100
35
24
85
112
62
105
102
131
38
131
101
13
51
25
40
72
89
95
107
14
130
122
98
120
109
75
28
10
141
111
141
133
127
123
89
83
10
123
104
109
21
50
113
74
11
75
5
70
126
126
132
39
116
69
138
2
144
78
54
32
106
103
86
113
51
82
124
139
65
83
61
4
132
37
136
48
139
49
130
11
111
32
71
79
5
87
128
16
77
90
122
41
15
108
50
18
80
39
7
119
46
66
64
10
58
139
95
75
109
75
93
92
135
6
116
49
55
87
68
91
102
41
36
96
129
57
130
117
33
141
12
33
16
53
3
122
117
137
51
42
4
112
86
127
34
15
97
77
63
23
43
50
73
94
31
90
57
19
30
140
3
76
17
42
119
104
91
18
24
62
24
54
68
120
112
104
102
78
27
51
12
2
138
20
71
122
8
110
142
109
98
44
52
72
61
38
45
123
120
61
115
99
133
40
76
126
30
39
27
14
55
107
26
52
98
28
116
121
144
46
125
29
32
106
37
100
11
99
44
4
140
45
121
59
31
19
40
105
47
81
85
96
1
36
79
22
81
134
62
82
138
114
100
135
103
70
9
114
88
7
144
35
21
73
5
26
34
5
136
101
54
25
77
108
143
131
84
103
132
16
20
14
94
111
60
88
128
128
105
60
111
93
56
83
28
23
85
129
107
89
67
65
132
74
32
79
126
95
101
82
113
133
37
110
67
90
69
143
78
48
2
84
47
6
141
1
89
69
13
8
63
29
83
124
113
139
92
17
11
21
123
74
106
136
97
10
49
59
72
142
127
137
53
71
70
130
38
131
64
58
87
65
35
118
22
13
124
43
125
80
66
9
134
118
25
48
86
56
115
133
134
122
121
109
110
98
97
85
86
87
99
100
88
76
75
74
73
61
49
50
62
63
51
39
27
28
16
17
29
41
53
65
64
52
40
39
38
37
25
26
14
13
1
2
3
4
5
6
7
19
18
30
42
54
55
67
79
91
90
102
103
104
105
93
81
80
68
69
70
58
57
45
46
47
59
60
48
36
24
12
11
23
35
34
33
21
22
10
9
8
20
32
44
56
55
43
31
30
42
43
31
32
44
56
68
69
81
82
83
95
107
119
131
130
129
141
140
128
127
115
116
117
118
106
94
93
92
104
105
106
94
82
70
71
72
84
96
108
120
132
144
143
142
141
140
139
138
137
125
126
114
113
112
111
123
135
136
124
112
111
99
87
75
76
77
89
101
113
114
115
116
117
129
128
127
139
138
126
125
137
136
124
123
135
134
133
121
122
110
109
97
98
86
85
73
74
62
61
49
50
51
63
64
65
77
78
79
80
92
91
103
102
101
100
88
89
90
78
66
67
66
54
53
52
40
41
29
28
27
15
16
15
14
26
38
37
25
13
1
2
3
4
5
17
18
6
7
19
20
8
9
21
22
10
11
12
24
23
35
36
48
47
46
34
33
45
57
58
59
60
72
71
83
84
96
95
107
108
120
119
131
132
144
143
142
130
118
12
24
23
11
10
22
21
9
8
20
32
33
45
44
43
31
19
7
6
5
17
18
30
29
28
27
39
38
50
51
52
53
54
42
41
40
28
16
4
3
15
14
2
1
13
25
37
49
61
73
74
62
63
64
65
77
78
79
80
68
69
81
93
105
104
103
91
90
102
114
113
101
100
112
124
125
137
136
135
134
133
121
122
123
111
99
98
110
109
97
85
86
87
88
89
77
76
75
63
64
76
75
87
88
89
90
102
103
115
127
128
129
130
131
119
107
108
96
95
83
82
94
106
118
117
116
104
92
93
105
117
116
115
114
126
138
139
140
141
142
143
144
132
120
108
96
84
72
60
59
71
70
58
46
34
35
36
48
47
46
34
33
32
31
43
55
56
57
58
70
82
94
106
107
95
83
84
72
71
59
60
48
47
35
36
24
12
11
23
22
10
9
21
20
8
7
19
18
6
5
17
29
30
42
54
55
67
79
91
92
80
81
69
57
45
44
56
68
67
66
78
66
65
53
41
40
52
51
39
27
26
38
26
14
15
16
4
3
2
1
13
25
37
49
50
62
61
73
74
86
85
97
98
110
109
121
133
134
122
123
135
136
124
112
111
99
100
101
113
125
137
138
126
127
139
140
128
129
141
142
130
131
143
144
132
120
119
118
130
19
119
142
48
3
118
32
99
131
33
115
31
42
71
22
80
67
129
74
59
8
76
45
62
86
134
54
40
38
132
60
7
97
89
2
8
95
81
7
75
89
112
75
52
17
76
102
135
64
119
128
19
83
103
104
141
107
23
41
108
138
30
27
79
87
88
47
116
37
136
63
132
90
82
137
46
2
139
122
109
93
112
118
41
26
117
48
22
46
103
58
72
16
127
66
53
29
85
52
39
14
133
110
4
131
3
73
28
55
99
43
23
144
114
43
96
21
109
66
127
25
140
69
143
44
68
115
85
125
129
100
116
128
106
24
6
61
77
11
47
50
123
13
20
26
105
97
144
40
13
100
124
24
101
6
78
5
21
63
84
4
81
53
16
20
94
117
78
31
140
137
143
83
91
61
114
139
14
42
37
57
106
38
134
98
90
126
15
36
135
88
32
122
120
93
9
105
108
17
35
39
49
92
80
130
104
1
121
56
50
120
141
110
49
65
59
35
18
102
72
136
27
18
133
101
74
62
57
29
36
12
68
51
113
123
69
34
77
73
111
82
126
107
87
25
138
51
84
60
30
12
98
54
79
45
56
67
91
33
34
10
55
95
71
65
142
58
125
121
1
28
11
5
64
92
44
111
86
9
70
10
15
94
124
70
96
113
113
34
11
137
131
28
17
10
98
56
141
92
26
44
107
127
114
102
49
40
49
123
3
84
31
76
107
141
70
6
114
36
4
112
122
27
16
71
13
84
88
16
10
94
69
2
118
137
12
105
95
125
136
106
38
108
33
95
126
116
78
54
118
129
35
23
140
131
57
33
115
6
1
70
20
51
73
124
7
88
75
110
144
77
12
25
138
19
39
48
143
127
105
87
57
22
99
47
56
126
59
119
32
2
46
96
104
41
113
136
100
43
109
30
75
130
50
133
106
82
7
80
28
140
144
103
18
62
124
96
31
45
97
121
24
143
30
119
142
74
93
138
45
22
1
120
58
59
132
111
18
50
72
42
79
100
60
74
14
128
35
9
81
78
65
120
77
17
61
71
24
51
91
89
93
125
21
55
89
83
98
82
132
108
117
68
8
5
91
66
103
63
4
81
32
15
110
130
112
48
15
53
65
139
87
66
62
37
42
68
63
26
34
41
90
27
123
121
29
109
29
115
3
23
52
85
67
76
19
20
44
142
101
14
129
5
54
69
139
135
52
43
38
135
37
67
99
122
101
11
55
94
80
13
64
46
83
25
9
21
72
86
58
64
104
60
117
47
39
134
97
133
111
86
85
134
102
61
36
128
92
73
116
40
53
79
90
8
1
13
25
37
38
26
27
15
14
2
3
4
5
6
18
17
29
28
16
4
5
17
29
30
31
19
20
32
33
21
9
8
7
6
18
30
42
43
55
67
66
65
64
76
75
87
88
100
99
111
112
124
123
122
110
109
121
133
134
135
136
137
138
139
140
141
142
143
144
132
120
119
131
130
118
106
105
93
81
80
92
91
90
89
77
78
79
91
103
104
116
128
129
117
116
115
114
113
101
102
103
115
127
126
125
137
136
124
112
111
99
98
97
85
73
74
86
87
75
63
51
50
49
61
62
63
64
52
40
41
53
54
42
43
44
56
68
69
70
82
83
71
72
60
59
58
57
45
46
47
48
36
35
23
22
10
11
12
24
36
48
60
72
84
96
95
94
82
81
80
79
78
90
89
77
76
88
100
101
102
114
113
125
126
138
139
127
128
140
141
129
117
105
104
92
93
94
95
107
108
120
132
144
143
142
130
131
119
118
106
107
108
96
84
83
71
59
58
70
69
57
45
46
47
35
34
33
34
22
23
24
12
11
10
9
21
20
8
7
19
31
32
44
56
68
67
55
54
66
65
53
41
40
28
16
15
3
2
1
13
14
26
25
37
49
61
73
85
97
109
121
133
134
135
123
122
110
98
86
74
62
50
38
39
27
39
51
52
133
134
135
136
124
123
111
110
122
121
109
97
85
73
74
86
87
99
98
97
85
86
87
75
63
62
50
51
39
38
37
49
61
73
74
75
76
64
65
66
78
90
102
103
115
116
104
105
117
118
106
107
119
131
130
142
143
144
132
120
108
96
84
72
60
48
36
24
12
11
10
22
23
35
34
33
45
44
43
55
56
68
80
92
91
79
67
68
69
57
58
59
47
46
58
70
82
94
93
81
69
70
71
83
95
96
108
107
106
118
117
129
141
140
139
127
128
116
115
114
113
125
137
138
126
114
102
101
100
88
89
77
76
64
52
53
54
42
30
31
19
18
6
5
17
29
41
40
28
16
4
3
15
14
26
25
13
1
2
3
4
5
6
7
8
20
32
31
43
55
67
79
80
92
91
103
104
105
93
81
82
94
95
83
84
72
71
59
60
48
47
46
45
57
56
44
32
20
21
9
10
11
12
24
36
35
23
22
34
33
21
9
8
7
19
18
17
29
30
42
41
40
28
16
15
27
39
27
26
14
2
1
13
25
37
38
50
49
61
62
63
51
52
53
54
66
65
77
78
90
89
88
100
99
98
110
109
121
133
134
122
123
135
136
137
138
139
140
141
142
143
144
132
120
119
131
130
129
128
127
126
125
124
112
111
112
113
101
