##Rat 4 Day 31
 ##rewards
126
113
47
##Vertices
133
134
135
123
122
110
98
97
109
121
133
134
135
136
137
138
139
140
128
127
115
103
104
92
93
105
106
118
130
142
141
129
117
116
104
103
102
114
113
125
124
112
111
99
87
86
74
75
76
88
89
101
100
88
87
75
63
51
50
62
61
49
37
25
26
14
15
27
39
38
37
25
13
1
2
3
4
5
17
18
30
42
43
55
56
44
32
31
19
7
6
5
4
16
28
29
41
40
52
53
65
66
67
79
91
90
78
77
76
64
65
77
89
90
78
66
54
55
67
68
69
81
82
83
95
94
93
105
106
107
119
131
143
144
132
120
108
96
84
72
71
70
58
57
45
46
34
33
21
22
23
24
12
11
10
9
8
20
32
44
56
57
45
33
34
35
36
48
60
59
47
35
23
22
10
11
12
24
36
48
47
59
60
72
71
83
84
96
108
120
132
144
143
142
141
129
128
140
139
138
126
125
137
136
124
123
122
121
109
97
85
73
85
73
61
49
50
38
26
14
13
1
2
3
15
16
17
29
30
18
6
7
8
9
21
20
19
31
43
42
54
53
41
40
28
27
39
51
52
64
63
62
74
86
98
110
111
99
100
112
113
101
102
114
126
127
115
116
117
118
130
131
119
107
95
94
82
81
80
79
91
92
80
68
69
70
58
46
12
24
36
35
23
22
21
9
10
11
12
24
36
48
60
72
84
96
95
83
82
81
93
92
104
105
117
118
119
120
108
107
106
94
93
81
69
70
58
59
47
46
34
33
32
20
19
31
43
44
56
57
45
44
32
31
30
29
17
18
6
5
4
3
15
14
26
27
28
16
4
3
2
1
13
25
37
49
50
62
63
64
76
77
89
88
87
75
74
73
61
49
37
38
39
51
52
40
41
53
54
66
78
79
80
68
67
55
43
42
54
55
56
68
67
66
65
77
78
90
102
103
115
127
128
116
104
105
117
129
130
131
132
144
143
142
141
140
139
138
126
114
113
101
100
112
111
99
98
110
122
134
133
121
109
97
85
86
87
88
89
101
100
99
111
123
135
136
137
125
124
123
122
110
109
121
133
134
135
136
124
125
137
138
126
127
139
140
141
142
143
144
132
120
108
107
95
96
84
72
71
59
60
48
47
35
23
11
10
9
8
7
8
7
6
5
17
16
15
14
2
1
13
25
26
38
50
51
63
62
61
73
85
97
98
86
74
75
76
64
65
53
52
40
39
27
28
29
41
42
30
18
19
20
21
22
34
33
45
46
58
57
69
70
71
83
82
94
106
118
119
131
130
129
128
116
115
103
91
79
80
92
91
90
102
114
113
112
32
18
66
69
86
93
130
12
22
89
92
80
100
76
122
31
134
131
77
1
60
10
62
101
97
5
96
132
67
42
61
70
43
144
6
114
140
47
33
106
119
36
141
91
138
111
8
136
26
54
49
139
82
22
107
113
113
55
68
88
86
77
3
141
60
35
122
103
124
108
37
58
87
28
101
67
56
47
109
140
143
98
106
115
59
52
29
3
39
6
129
107
64
20
2
81
132
48
38
30
94
136
16
30
125
130
83
25
97
24
25
36
71
90
7
74
9
110
21
28
81
66
123
44
61
123
73
52
50
8
121
38
131
88
95
43
134
34
40
62
75
84
13
127
14
133
57
99
120
137
46
71
72
102
55
56
15
68
18
19
125
1
26
78
95
20
35
53
118
37
50
31
14
34
23
116
27
7
57
91
39
64
82
80
99
54
89
16
2
58
76
15
65
118
137
4
112
100
79
116
120
135
41
44
72
63
142
85
142
45
5
127
126
117
51
74
4
96
85
65
138
143
27
121
124
40
129
48
110
112
119
115
79
32
105
69
126
108
94
144
23
105
41
11
73
109
92
17
111
11
90
114
13
59
98
17
53
102
78
135
104
49
46
51
84
75
104
24
63
87
10
128
117
33
29
128
21
9
45
139
93
42
19
70
12
83
133
103
56
121
22
128
50
122
91
64
87
65
117
39
6
102
129
104
19
14
114
134
67
1
118
31
90
82
128
112
124
98
34
55
3
7
96
32
56
129
86
4
107
21
37
127
120
10
23
98
111
108
77
39
80
118
32
79
85
125
29
40
14
6
125
135
63
13
89
59
48
27
52
31
99
92
15
57
121
42
34
27
131
138
88
76
124
139
115
119
111
43
80
66
140
70
107
4
30
33
88
123
76
117
63
28
106
74
89
19
51
123
94
105
132
130
60
112
130
48
73
140
10
71
28
133
47
141
93
106
47
54
137
59
2
20
44
84
35
22
137
25
62
78
8
79
110
96
94
17
95
24
53
44
115
15
53
77
68
5
74
67
114
55
99
83
103
9
60
42
92
69
3
109
16
136
64
90
58
104
142
65
37
51
72
105
100
134
131
16
20
136
71
35
33
73
86
138
30
23
120
144
101
66
18
109
11
41
50
26
49
69
12
57
62
122
38
8
13
139
18
87
17
24
126
97
61
110
81
49
21
135
72
97
54
101
103
40
9
75
70
41
81
143
25
83
116
143
113
58
1
78
61
142
29
2
75
45
113
84
119
46
85
36
100
68
12
11
102
95
116
133
52
108
91
82
132
38
46
43
126
7
93
141
127
26
144
36
5
45
1
13
25
37
49
50
38
39
51
63
64
52
40
41
53
54
42
43
55
67
79
80
81
69
68
56
57
45
44
32
20
19
7
8
9
21
33
34
22
23
11
12
24
36
48
60
59
58
70
71
83
82
94
106
118
117
116
115
103
102
90
89
88
100
99
111
112
113
101
89
77
65
66
78
77
76
75
87
86
74
62
61
73
85
97
98
110
122
121
133
134
135
136
137
138
126
125
124
123
135
136
137
138
139
127
128
140
141
129
130
142
143
144
132
131
119
120
108
107
95
96
84
72
60
48
47
46
45
33
32
31
30
29
28
16
4
5
6
18
17
29
28
27
26
14
2
3
15
27
39
40
41
42
54
55
67
68
80
92
91
90
102
114
115
103
104
105
93
81
82
94
95
83
71
72
84
96
108
120
132
144
143
131
119
107
106
118
117
129
130
142
141
140
139
127
128
116
104
105
93
92
91
79
78
66
65
53
52
64
63
51
50
62
74
75
76
88
87
86
98
99
100
101
113
114
126
125
124
112
111
123
122
134
133
121
109
110
109
97
85
73
61
49
37
38
26
25
13
1
2
14
15
3
4
16
17
5
6
18
19
7
8
20
21
9
10
22
10
11
12
24
36
35
23
35
34
46
47
59
58
70
69
57
56
44
43
31
30
144
143
142
141
140
128
129
117
116
115
103
104
105
93
92
80
81
69
68
67
66
54
42
43
55
56
44
45
57
58
59
71
72
60
48
47
46
34
35
23
24
12
11
10
9
8
20
32
31
19
18
30
29
28
27
39
51
63
64
76
77
89
101
100
112
111
99
87
88
89
90
91
79
78
90
102
114
113
125
126
127
139
138
137
136
124
123
122
134
133
121
109
97
85
73
74
86
98
110
109
97
85
73
61
62
50
49
37
38
26
25
13
1
2
14
15
3
4
16
17
5
6
7
8
9
21
33
45
46
58
70
82
94
106
107
108
96
84
83
95
94
106
118
130
131
132
120
119
118
117
105
93
81
80
68
67
55
54
53
65
77
76
75
63
64
52
40
41
42
30
29
17
18
19
7
6
5
4
3
2
1
13
14
15
16
28
27
39
38
26
25
37
49
61
62
50
51
52
40
41
53
65
66
78
79
91
92
104
103
115
116
128
127
126
114
102
101
113
125
124
112
100
88
87
75
74
86
98
99
111
110
122
121
133
134
135
123
135
136
137
138
139
140
141
129
130
142
143
144
132
131
119
120
108
107
95
96
84
83
71
72
60
59
47
48
36
35
36
24
12
11
10
22
23
22
34
33
21
20
32
31
43
44
56
57
69
70
82
20
12
34
70
29
121
7
78
79
95
37
43
123
102
112
100
27
9
31
65
69
80
4
103
87
89
142
64
54
59
35
38
93
134
85
73
137
136
144
38
106
46
143
26
5
16
12
45
121
60
117
130
61
140
58
67
137
46
14
57
96
74
2
55
75
6
82
115
107
35
36
64
5
17
144
114
8
134
131
33
140
70
19
125
129
32
108
53
51
88
126
55
82
27
117
15
142
34
91
50
20
50
71
63
88
97
141
128
94
99
91
77
69
67
96
40
116
139
24
63
65
56
141
104
127
14
32
101
131
76
118
107
44
98
30
28
42
66
23
143
115
127
138
1
90
132
109
18
81
135
61
97
128
79
7
76
10
132
122
66
101
26
84
39
59
39
103
105
19
72
45
30
106
116
93
48
11
135
83
86
9
118
113
113
102
81
22
48
95
29
68
47
111
85
11
1
13
57
74
3
3
52
33
89
120
105
83
138
15
78
41
114
120
49
130
87
36
40
86
71
47
68
75
43
126
111
24
52
4
90
133
51
25
99
49
31
108
60
92
25
21
72
119
110
8
84
77
23
124
58
13
54
22
98
80
62
94
100
28
109
110
133
18
129
6
139
53
73
62
123
112
124
92
21
136
44
125
37
119
56
42
122
17
41
16
104
10
2
83
130
100
70
34
64
91
77
63
128
45
42
42
33
82
12
34
51
23
73
58
101
75
51
119
115
54
78
14
14
106
118
91
16
139
121
99
48
66
35
12
84
117
135
16
74
61
37
3
27
127
141
50
49
72
46
96
2
9
19
103
142
102
33
122
13
131
87
17
128
134
86
125
60
2
64
100
89
37
39
11
28
67
93
32
75
36
21
116
83
80
139
53
129
126
21
58
77
10
134
90
125
137
1
40
57
31
99
3
84
24
26
114
141
97
15
25
72
124
49
120
132
55
7
10
112
36
133
18
5
110
56
59
79
138
62
96
124
97
131
108
1
20
30
41
26
92
54
122
74
13
23
50
140
68
48
44
8
102
52
103
24
107
106
11
92
82
25
17
22
81
78
113
69
61
53
126
105
43
94
73
111
133
59
85
104
98
105
86
118
121
56
71
31
142
129
90
113
98
111
63
38
88
32
110
30
41
132
47
87
5
46
8
76
79
140
20
109
130
112
138
115
108
94
144
29
123
44
29
40
89
4
39
35
117
15
85
123
95
71
18
65
67
43
120
66
135
62
95
69
143
4
76
116
57
93
144
28
101
27
52
109
45
81
136
143
22
114
47
137
55
6
104
127
19
65
60
38
70
7
88
136
107
6
9
68
119
80
133
134
122
121
109
110
98
97
85
86
87
99
100
88
76
75
74
73
61
49
50
62
63
51
39
27
28
16
17
29
41
53
65
64
52
40
39
38
37
25
26
14
13
1
2
3
4
5
6
7
19
18
30
42
54
55
67
79
91
90
102
103
104
105
93
81
80
68
69
70
58
57
45
46
47
59
60
48
36
24
12
11
23
35
34
33
21
22
10
9
8
20
32
44
56
55
43
31
30
42
43
31
32
44
56
68
69
81
82
83
95
107
119
131
130
129
141
140
128
127
115
116
117
118
106
94
93
92
104
105
106
94
82
70
71
72
84
96
108
120
132
144
143
142
141
140
139
138
137
125
126
114
113
112
111
123
135
136
124
112
111
99
87
75
76
77
89
101
113
114
115
116
117
129
128
127
139
138
126
125
137
136
124
123
135
134
133
121
122
110
109
97
98
86
85
73
74
62
61
49
50
51
63
64
65
77
78
79
80
92
91
103
102
101
100
88
89
90
78
66
67
66
54
53
52
40
41
29
28
27
15
16
15
14
26
38
37
25
13
1
2
3
4
5
17
18
6
7
19
20
8
9
21
22
10
11
12
24
23
35
36
48
47
46
34
33
45
57
58
59
60
72
71
83
84
96
95
107
108
120
119
131
132
144
143
142
130
118
144
132
131
143
142
130
129
141
140
128
116
117
105
104
103
115
127
139
138
137
125
126
114
113
112
111
99
98
86
87
88
89
90
102
101
100
112
124
136
135
123
122
134
133
121
109
97
85
73
61
62
74
75
76
77
65
66
67
68
80
81
69
57
45
44
43
55
54
42
30
29
41
40
28
16
17
5
4
3
2
1
13
14
15
27
39
38
26
25
37
49
50
51
52
53
65
64
63
75
76
64
63
51
52
53
54
42
43
31
19
20
21
22
23
35
47
48
60
59
71
70
58
46
34
33
32
44
56
57
45
33
32
31
30
18
6
7
8
9
10
11
12
24
36
48
60
72
84
96
95
83
82
94
106
118
119
120
108
107
106
118
117
116
115
103
91
92
93
94
82
70
58
46
47
59
71
72
84
83
95
96
108
107
119
120
132
144
143
131
130
142
141
129
128
140
139
127
126
138
137
125
113
114
102
90
91
79
67
55
56
68
69
81
93
105
104
92
80
79
78
66
78
77
89
101
100
88
87
99
111
110
98
110
122
123
124
136
135
134
133
121
109
97
85
86
74
73
61
62
50
49
37
38
26
25
13
1
2
14
15
3
4
16
28
27
39
40
41
29
17
5
6
18
19
7
8
20
21
9
10
22
23
11
12
24
36
35
34
115
28
94
58
113
107
67
46
74
27
42
83
5
132
7
133
17
38
96
121
94
80
102
89
36
6
71
97
48
2
51
51
77
127
63
72
117
59
56
99
139
144
122
105
137
23
16
17
120
89
41
78
54
50
135
63
9
139
52
118
14
84
95
126
144
143
110
85
120
92
32
132
42
129
26
99
117
131
128
30
2
52
40
19
48
85
35
129
124
134
128
110
70
37
47
95
81
22
49
93
97
25
30
100
73
101
71
109
78
119
1
47
106
125
55
98
4
64
134
8
66
108
10
83
82
72
24
45
62
102
136
22
20
7
68
41
26
11
4
131
24
65
43
138
116
87
11
75
98
15
3
21
43
90
124
53
18
33
100
31
101
79
12
34
87
74
96
54
109
20
92
64
107
136
60
44
10
91
82
73
114
104
119
56
125
34
5
86
106
127
91
113
37
104
114
80
142
29
57
55
111
31
142
121
116
3
12
33
28
123
40
16
35
6
61
126
8
105
90
70
29
112
138
49
68
14
122
39
93
108
133
81
32
115
75
86
13
76
137
50
69
84
65
15
36
23
111
38
67
123
58
59
27
13
103
45
25
44
66
57
88
61
62
143
130
39
76
46
21
112
103
18
140
135
140
141
53
9
1
60
77
118
88
69
141
19
130
79
82
136
87
85
80
33
12
11
142
3
84
80
128
99
66
96
99
46
97
143
103
88
112
115
48
101
118
94
26
104
124
60
134
97
137
54
24
129
126
86
14
18
67
83
138
7
110
103
78
57
75
34
41
55
64
36
23
116
9
69
55
85
60
106
16
90
22
69
89
17
105
78
28
95
138
105
15
15
42
67
33
11
141
71
102
42
43
51
134
50
30
34
75
6
40
65
2
143
137
93
30
135
10
40
139
6
72
27
45
16
68
53
74
83
132
70
19
22
120
61
90
2
35
51
61
117
1
24
92
129
77
128
21
3
31
98
112
44
79
113
21
58
121
35
71
136
100
131
122
127
113
120
106
54
58
72
130
110
98
144
36
14
140
20
31
100
127
122
59
25
23
108
52
116
26
8
91
41
133
57
62
121
68
125
123
124
131
73
107
53
56
74
104
76
76
17
52
140
81
118
38
117
32
111
38
108
28
50
43
94
10
9
47
29
29
93
91
1
84
77
87
79
32
45
39
4
39
37
73
141
92
89
63
123
126
7
18
125
88
49
48
114
132
70
25
47
12
95
20
144
102
86
8
109
62
44
101
107
81
96
114
4
63
119
135
27
111
109
66
56
82
5
13
49
65
5
133
64
13
119
19
59
142
139
46
115
130
37
