##Rat 6 Day 21
 ##rewards
83
94
16
##Vertices
144
143
131
119
120
108
96
84
83
82
81
80
68
67
55
56
44
32
31
43
42
54
66
65
53
52
51
63
62
61
73
85
97
109
110
111
112
113
125
137
136
124
123
122
134
133
121
109
97
98
86
74
75
76
64
52
40
39
27
28
16
17
18
19
7
6
5
4
3
15
14
2
1
13
25
37
49
50
38
26
27
39
51
63
64
76
88
87
99
100
101
102
90
91
79
78
77
89
88
100
101
113
114
115
116
128
127
126
138
139
140
141
129
130
142
141
140
128
116
117
118
106
94
95
107
108
96
84
72
71
70
69
57
45
46
34
35
36
48
47
59
60
48
36
24
12
11
23
22
10
9
8
20
21
33
32
31
30
29
41
42
43
44
56
55
67
79
91
103
104
105
93
105
104
92
93
92
80
68
69
81
82
94
106
118
117
129
130
142
143
131
132
144
132
120
119
107
95
83
71
72
60
59
58
70
58
57
45
46
47
35
23
24
12
11
10
22
34
33
21
9
8
20
19
7
6
5
17
18
30
29
41
40
28
16
4
3
15
14
2
1
13
25
26
38
37
49
50
62
61
73
85
86
74
75
87
99
98
110
122
121
133
134
135
136
135
123
111
112
124
125
137
138
139
127
126
114
115
103
102
90
78
66
54
53
65
77
89
12
24
23
22
10
9
8
7
6
5
4
3
15
16
28
40
41
53
52
51
63
62
61
73
85
86
98
97
109
110
122
121
133
134
135
136
124
112
100
101
89
88
87
99
111
123
135
136
137
125
113
114
102
90
78
77
76
64
65
66
54
42
43
31
30
29
17
18
19
20
32
44
45
46
58
59
60
72
71
83
84
96
95
107
108
120
132
131
130
142
141
140
139
138
126
127
128
129
117
105
93
81
82
94
106
118
119
120
108
96
84
72
60
48
36
35
47
46
34
33
21
9
8
20
32
31
43
55
67
79
80
68
69
70
71
83
95
107
119
118
106
94
82
81
93
92
104
116
115
103
91
90
78
66
54
42
41
40
39
27
26
14
13
25
37
38
50
49
61
73
74
62
50
49
37
38
26
25
13
1
2
1
2
14
15
3
4
5
6
7
19
18
30
29
17
16
28
27
39
51
52
53
65
64
63
75
74
86
85
97
98
99
87
75
76
77
89
88
100
112
111
110
109
121
133
134
122
123
124
125
137
138
139
127
126
114
113
101
102
103
115
116
128
140
141
142
143
144
132
144
143
131
130
129
117
105
104
92
91
79
80
68
67
55
56
57
45
33
21
22
34
35
23
11
10
11
12
24
36
48
47
59
58
70
69
57
56
44
134
81
3
124
144
80
84
95
126
14
97
56
138
31
54
89
94
103
114
17
104
128
23
19
40
71
99
3
137
143
39
1
76
88
135
10
65
16
29
107
40
110
66
93
77
131
8
2
11
113
12
9
37
45
5
37
72
49
65
62
60
26
67
139
96
36
71
106
34
105
133
58
6
69
75
58
130
121
55
24
96
141
57
75
101
64
79
95
83
49
74
91
103
142
62
32
43
131
68
86
120
133
25
132
90
30
137
109
31
127
50
46
30
90
78
138
79
108
4
14
26
48
39
122
143
33
73
29
130
87
78
125
28
116
60
111
76
119
110
64
93
72
19
94
85
100
23
98
80
113
125
34
63
16
118
15
104
44
92
53
99
12
112
112
35
92
107
41
136
43
54
48
5
70
9
142
115
101
116
24
124
36
140
35
18
115
25
41
129
85
10
77
89
88
46
127
68
38
42
82
20
4
2
47
105
66
128
122
123
20
134
111
53
108
52
117
22
22
73
102
51
11
44
84
38
126
13
86
129
81
28
47
33
52
17
118
117
55
8
63
141
18
87
21
109
7
57
139
56
7
27
50
114
97
136
59
82
1
91
13
61
67
119
98
135
144
74
121
83
42
106
61
51
123
120
100
21
15
6
140
69
102
32
132
45
27
59
70
83
141
35
118
10
103
137
16
82
47
123
126
45
139
65
52
102
85
63
105
99
109
25
93
102
87
15
125
61
24
22
77
83
91
76
26
73
88
47
39
142
14
72
5
36
136
53
74
74
23
62
104
112
140
68
9
135
30
133
4
98
78
92
20
89
55
101
57
96
58
51
71
54
3
127
73
30
124
76
13
116
123
120
31
141
19
92
5
11
97
49
132
29
37
33
108
72
132
6
27
94
40
67
111
78
51
59
81
70
19
50
46
17
131
42
107
7
64
3
137
81
128
107
66
75
90
97
24
119
55
130
49
18
60
7
35
109
32
115
117
69
80
94
70
110
28
95
71
143
44
34
87
37
129
12
99
113
136
67
2
52
104
105
124
127
100
90
110
59
62
38
1
2
100
116
108
28
8
17
114
139
1
89
93
14
12
4
130
22
57
32
40
43
6
82
29
98
112
135
103
13
134
111
140
96
15
44
61
79
79
134
138
27
142
122
144
65
43
133
50
21
21
34
106
84
10
9
91
85
41
33
11
58
119
23
138
60
84
144
88
66
48
77
118
86
64
125
20
36
129
56
39
131
75
143
126
31
128
45
41
115
80
86
53
48
16
42
121
101
8
106
120
38
56
117
25
18
114
95
26
121
69
68
46
122
54
63
113
1
2
14
26
25
37
49
61
62
63
64
65
77
78
90
89
101
113
114
102
103
91
79
80
92
93
94
82
83
84
72
60
48
36
35
34
33
32
20
8
9
21
22
23
11
12
24
36
48
47
59
71
70
69
81
93
105
106
118
117
129
128
127
126
138
139
140
141
142
130
131
143
144
132
120
108
96
95
107
119
118
106
94
82
81
69
57
58
46
45
44
43
55
54
66
67
68
56
57
45
44
32
31
30
29
17
18
19
7
6
5
4
16
15
3
4
5
17
29
28
27
39
51
50
38
37
49
61
73
74
75
76
88
100
99
111
110
109
97
98
86
85
97
109
121
133
134
122
123
135
136
137
125
124
112
113
114
115
116
104
103
102
101
89
90
78
66
54
42
41
40
52
40
41
53
52
53
65
77
76
64
63
51
39
27
28
16
15
3
2
14
13
1
13
25
26
38
50
62
74
73
85
86
87
75
87
88
100
99
98
110
122
121
133
134
135
123
111
112
124
136
137
125
126
138
139
140
128
127
115
116
104
105
117
129
141
142
130
131
143
144
132
120
119
107
108
96
95
83
84
72
60
59
71
70
58
46
47
35
23
24
12
11
10
9
10
22
34
33
21
20
8
7
6
18
19
31
30
42
43
55
67
79
91
92
80
68
56
133
121
109
97
85
86
98
110
122
134
135
123
111
112
100
88
89
77
76
64
52
51
63
62
61
49
50
38
37
25
13
14
15
16
4
5
17
29
41
53
54
42
43
55
67
79
80
68
69
81
93
92
104
103
91
90
78
66
65
53
41
40
39
27
26
25
37
49
61
73
74
75
87
99
100
101
113
114
102
101
113
125
137
136
124
112
111
99
87
88
76
64
52
40
28
29
30
31
19
20
21
9
10
22
34
33
32
44
56
57
45
46
58
59
47
48
36
35
23
24
12
11
10
9
8
7
6
18
30
42
43
44
56
57
45
46
58
70
82
83
71
72
84
96
108
107
95
94
106
118
130
129
128
116
117
105
104
116
115
127
139
140
141
142
143
144
132
131
119
120
108
107
119
120
132
144
143
131
130
142
141
129
117
118
106
105
93
92
80
81
82
94
95
96
84
83
71
70
69
68
67
55
54
66
65
77
89
90
78
79
91
103
102
114
115
127
128
140
139
138
126
125
126
138
137
136
124
123
135
134
133
121
122
110
109
97
98
86
85
73
74
75
63
62
50
38
26
14
13
1
2
1
2
3
15
3
4
5
6
7
8
20
21
22
23
11
12
24
36
48
60
72
60
59
47
35
34
33
32
31
19
18
17
16
28
27
39
51
113
59
111
143
83
68
17
106
36
85
82
135
62
109
30
121
72
125
41
142
13
76
25
96
2
56
27
24
107
26
38
9
105
77
32
8
129
133
71
57
71
67
38
136
9
43
35
116
22
138
37
90
33
51
93
140
46
39
132
61
40
126
23
31
6
93
12
23
141
66
79
129
34
73
130
110
30
27
101
130
132
84
21
22
46
16
50
91
31
1
117
5
104
113
5
116
52
110
80
99
95
104
20
15
60
68
108
119
59
40
127
57
123
1
82
13
26
2
87
83
102
77
56
63
139
143
120
95
29
131
17
114
125
16
75
80
134
124
47
53
15
128
14
103
109
72
88
33
88
3
98
127
137
58
34
12
64
133
11
122
25
19
97
92
32
69
20
89
45
78
112
144
86
67
91
76
78
94
52
139
45
85
106
48
61
7
135
81
100
35
69
74
4
131
140
123
44
51
105
73
55
114
10
111
28
87
18
107
89
48
98
54
64
60
115
18
50
100
144
99
75
49
141
10
36
39
37
118
84
112
65
136
6
118
3
21
117
119
126
8
103
120
134
124
19
7
122
128
74
86
53
102
55
79
29
92
81
11
138
14
97
121
41
49
43
70
47
24
94
42
142
101
4
70
58
28
108
90
96
66
65
115
44
137
54
42
63
62
110
41
89
119
92
52
63
27
137
134
91
53
104
29
73
127
8
88
2
114
143
50
21
121
109
60
43
74
48
78
136
87
62
24
19
32
39
71
105
88
16
25
71
16
123
133
27
76
28
64
72
97
55
49
75
81
6
114
36
61
111
69
112
17
68
106
47
23
116
62
11
82
101
97
105
57
44
7
139
33
61
109
10
70
24
95
108
55
26
78
68
28
128
136
121
102
115
139
53
66
86
30
122
12
59
26
85
79
144
90
2
124
83
110
79
117
3
60
57
67
80
14
134
113
100
141
11
140
46
45
3
81
83
89
34
9
58
107
8
39
37
84
54
12
1
31
126
142
119
96
69
70
20
59
10
76
115
91
138
99
65
106
22
35
138
92
111
29
33
46
44
141
75
129
102
94
30
128
40
38
112
129
65
14
137
122
20
56
63
113
13
25
42
7
140
118
66
127
143
15
72
120
5
56
117
124
104
40
123
50
100
42
17
1
103
135
18
99
125
64
52
95
32
48
23
85
34
93
5
77
51
133
51
107
4
6
38
41
94
132
87
98
130
43
45
80
36
22
77
58
49
108
131
31
125
118
18
116
132
74
21
82
90
130
4
67
13
47
96
93
144
126
103
101
73
84
86
37
54
9
15
135
142
19
120
98
35
131
12
11
10
22
23
35
36
48
47
46
45
57
58
70
82
83
71
59
60
72
84
96
108
120
119
131
132
144
143
142
141
140
128
116
117
129
130
118
106
105
104
92
93
81
80
79
91
103
115
127
126
114
113
101
102
90
78
77
89
88
100
112
111
123
135
134
133
121
122
110
109
97
85
73
61
62
74
75
63
51
52
64
65
66
67
68
69
57
56
55
54
53
41
42
30
31
43
44
32
20
19
18
17
29
28
16
4
3
15
27
26
14
13
1
2
3
4
5
6
7
8
9
21
33
34
46
58
70
69
68
80
81
82
94
95
107
108
120
119
118
117
116
115
114
113
125
137
136
124
112
111
99
98
86
87
75
76
64
63
51
39
40
52
53
54
42
41
40
39
38
37
49
50
38
50
49
61
62
74
73
85
97
109
121
133
134
135
136
137
138
139
127
128
129
130
131
132
144
143
142
141
140
139
138
126
125
124
123
122
110
98
86
87
99
100
88
76
77
65
66
67
79
78
90
89
101
102
103
91
92
104
105
93
94
106
107
95
96
84
83
71
72
60
59
47
35
34
33
45
44
56
55
43
31
32
20
19
18
30
29
28
27
26
25
37
25
13
1
2
14
15
16
17
5
6
7
8
9
21
22
10
11
12
24
23
24
36
48
133
134
122
110
109
97
85
73
61
49
37
25
26
38
39
40
52
53
41
29
30
18
6
7
8
20
21
9
10
22
23
11
12
24
36
48
47
46
45
57
56
44
32
33
34
35
36
48
60
59
58
70
69
68
67
55
43
42
54
66
65
64
76
75
63
51
50
62
74
86
87
88
100
112
113
125
137
138
126
127
139
140
128
129
141
142
143
131
119
120
108
96
84
72
71
83
95
107
106
105
104
103
115
116
117
118
130
142
141
140
139
138
137
136
135
123
124
112
111
99
98
97
85
86
87
75
76
77
78
79
91
90
102
114
126
127
128
129
130
118
117
116
115
103
104
92
93
94
82
81
80
68
67
66
65
64
52
40
28
27
15
14
2
3
4
16
17
5
6
7
19
18
17
5
4
16
15
3
2
1
13
1
13
14
26
25
37
49
61
73
74
62
63
51
50
38
39
27
28
29
41
53
54
42
30
31
19
20
8
9
21
33
32
31
43
55
56
44
45
46
34
22
10
11
12
24
23
35
47
59
60
72
84
83
71
70
58
57
69
81
82
94
95
96
108
120
132
144
143
144
132
131
119
107
106
105
93
92
80
79
91
90
78
77
89
101
100
99
98
110
111
123
122
121
109
121
133
134
135
136
124
125
113
114
102
101
89
88
74
69
91
142
53
12
83
21
38
94
87
60
39
35
126
86
15
5
42
122
98
3
31
140
80
95
18
119
8
49
70
71
3
99
62
6
90
76
8
56
128
75
115
47
131
23
96
112
138
101
52
1
143
43
17
107
37
10
40
82
109
135
113
48
50
103
26
117
135
51
137
9
128
4
110
47
88
130
37
84
14
33
12
130
9
139
99
19
126
39
136
124
122
32
133
66
68
92
46
144
36
61
117
30
34
70
118
143
119
11
123
62
17
90
86
97
106
4
57
93
105
81
89
120
41
85
108
96
109
110
60
25
19
22
129
2
93
50
131
83
108
29
120
89
139
31
113
141
69
32
53
64
114
127
107
92
104
144
59
16
91
54
112
24
111
101
5
73
14
15
55
98
137
87
79
75
79
125
94
100
132
49
21
141
71
38
73
28
134
41
129
11
132
116
52
72
7
65
16
13
63
102
28
59
100
61
67
127
140
82
121
56
106
68
58
66
78
42
102
30
24
10
36
2
54
23
48
65
121
29
20
35
18
115
97
22
125
95
114
45
44
34
55
84
103
142
1
27
134
63
123
72
27
51
104
67
25
6
111
44
64
7
13
58
133
116
57
40
46
85
136
76
77
77
20
138
124
78
81
74
26
33
43
105
80
45
88
118
123
14
9
89
2
103
20
105
110
108
123
64
58
72
63
35
83
119
74
36
136
1
106
30
105
58
54
128
85
111
64
24
141
95
51
140
25
51
7
133
74
56
68
41
110
7
18
76
57
69
131
41
48
45
5
113
60
4
132
72
31
77
104
91
61
1
23
114
17
90
67
98
66
128
126
107
84
94
15
44
57
94
124
136
59
127
143
139
52
38
88
45
65
16
5
26
113
138
32
130
80
68
19
55
99
6
135
111
37
56
122
35
80
89
134
9
78
79
4
31
101
88
13
103
6
12
43
14
116
27
19
106
109
75
50
29
131
48
102
125
10
42
44
21
50
61
144
60
15
112
59
125
77
3
97
99
120
83
28
13
8
84
22
91
127
130
71
132
62
8
115
104
25
49
97
76
108
82
53
139
102
138
124
92
36
129
143
141
133
87
10
137
23
87
82
47
122
2
86
67
144
100
134
81
73
17
54
55
47
95
81
129
27
96
117
135
71
93
20
22
33
11
85
119
109
101
24
115
53
98
117
34
30
79
11
100
28
142
21
126
65
39
40
116
107
32
40
92
26
38
34
118
69
3
75
121
78
12
63
37
118
62
73
52
43
142
42
120
96
140
112
33
49
114
93
29
39
66
46
137
46
16
90
121
86
70
70
18
