##Rat 3 Day 36
 ##rewards
127
116
38
##Vertices
132
141
87
9
131
84
118
5
26
104
81
41
78
38
118
76
43
22
117
42
108
68
113
117
11
100
49
85
71
92
3
116
139
128
34
62
60
107
45
109
49
18
90
106
40
101
121
16
19
124
21
119
69
106
103
72
80
25
12
138
144
38
88
57
134
10
75
39
120
134
13
20
74
121
93
82
98
122
48
89
102
99
6
29
140
15
73
78
33
138
71
67
52
56
65
104
37
55
63
54
53
115
128
79
35
100
74
11
94
7
30
14
72
47
83
112
32
28
21
111
140
133
46
68
135
61
75
110
73
91
45
37
96
30
33
34
17
97
86
14
126
114
65
112
142
50
58
77
131
102
35
86
1
15
91
113
85
66
64
54
79
132
87
23
139
90
81
70
88
95
24
125
44
114
19
136
105
142
105
61
44
4
98
115
17
39
101
136
5
129
64
84
25
48
126
137
8
144
28
6
27
43
120
141
124
7
12
8
125
143
137
130
27
20
4
46
51
16
2
47
135
110
122
50
70
2
119
111
31
66
42
52
97
57
82
36
56
23
9
60
80
83
96
127
93
129
63
26
59
59
95
55
143
67
107
92
127
76
123
123
62
109
40
99
130
116
103
13
53
133
58
3
10
77
22
69
89
24
36
108
41
29
94
1
18
32
51
31
113
115
10
128
140
7
133
38
139
19
117
41
4
94
120
113
138
132
55
83
133
121
108
21
49
24
96
67
39
125
23
80
14
56
79
119
51
94
54
45
33
71
131
71
58
43
5
32
9
31
13
140
99
116
65
77
55
27
116
29
114
82
40
102
20
120
30
78
28
57
15
136
103
93
47
98
75
102
97
78
76
3
105
142
103
69
60
18
90
44
52
54
51
137
118
48
122
47
109
30
40
9
23
20
82
125
25
67
49
92
10
63
123
144
53
46
12
58
142
36
37
89
141
112
6
127
25
42
52
87
119
33
121
123
26
16
60
39
59
135
107
69
62
86
37
2
85
144
86
100
91
111
129
64
117
95
101
95
112
129
91
61
66
57
14
68
114
3
97
101
79
66
127
4
28
128
85
99
26
6
138
50
48
43
1
75
50
24
143
108
22
70
135
80
41
35
44
5
98
109
110
17
36
89
65
72
35
90
110
84
63
11
16
42
132
38
83
73
68
72
81
17
46
56
34
122
8
45
76
64
13
77
53
87
73
130
29
136
70
137
92
22
96
141
62
18
88
106
118
131
15
124
104
81
139
8
88
106
111
105
2
34
1
74
19
11
104
107
27
130
61
126
31
93
21
124
134
126
115
32
59
134
100
74
143
7
12
84
12
11
10
9
8
20
21
33
34
46
45
44
43
42
30
29
41
53
54
66
65
77
76
64
63
75
74
73
61
49
50
62
63
51
52
40
28
16
17
5
4
3
2
1
13
14
26
25
37
38
39
27
15
3
4
5
6
18
19
31
32
33
34
22
23
35
36
48
60
72
71
70
58
57
56
68
67
55
54
53
52
51
39
40
41
42
43
44
45
46
47
59
60
72
84
83
82
81
80
92
104
116
117
105
106
107
108
120
132
131
130
118
119
120
108
96
95
94
93
105
117
129
141
140
139
127
115
103
91
90
89
88
87
86
85
97
109
121
133
134
135
136
124
125
137
138
126
114
102
101
100
112
113
101
100
99
111
123
122
110
98
99
111
112
113
114
102
90
78
79
91
92
80
79
78
77
89
88
87
75
76
64
65
66
67
55
56
57
58
59
71
70
69
68
69
81
93
94
82
83
84
96
95
107
106
118
119
131
130
142
143
144
132
144
143
142
141
140
128
129
128
116
104
103
115
127
139
138
126
125
137
136
124
123
135
134
133
121
122
110
109
97
98
86
85
73
74
62
61
49
50
38
37
25
13
1
2
14
26
27
15
16
28
29
17
18
30
31
32
20
19
7
6
7
8
9
21
22
10
11
23
35
47
48
36
24
12
24
1
13
25
26
14
15
3
2
1
13
25
37
49
61
73
85
97
109
110
111
123
135
136
137
138
139
140
128
129
141
142
130
131
132
120
108
107
119
118
117
116
115
127
126
114
102
103
104
92
80
81
69
68
67
79
91
90
78
66
65
64
52
51
50
38
39
27
28
29
17
5
4
16
28
40
41
42
43
55
54
53
41
40
52
53
54
66
65
77
89
101
113
125
124
112
100
88
76
75
87
99
98
86
74
62
63
75
87
88
100
101
113
114
102
103
104
105
93
94
106
118
117
105
93
81
82
70
58
57
56
44
45
33
34
46
47
35
23
22
21
9
10
11
12
24
36
48
60
59
71
83
95
96
84
72
60
48
47
46
34
33
32
20
8
7
6
18
19
31
30
29
17
16
15
27
39
51
63
64
76
77
89
90
78
79
67
55
43
42
30
18
19
31
32
20
21
22
23
35
36
24
12
11
10
9
8
7
6
5
4
3
2
14
26
38
37
49
50
62
61
73
74
86
85
97
109
110
98
99
111
112
124
123
122
134
122
121
133
121
133
134
135
136
137
125
126
138
139
127
115
116
128
140
141
129
130
142
143
144
132
144
143
131
119
120
108
107
106
94
82
83
95
96
84
72
71
59
58
70
69
57
45
44
56
68
80
92
91
74
139
139
49
78
53
93
96
81
72
142
141
135
39
8
25
135
107
6
46
35
108
118
80
100
67
113
31
1
34
89
129
25
24
11
92
97
83
114
90
143
14
35
117
75
44
82
11
79
140
133
68
110
40
105
88
59
3
24
131
87
115
27
19
84
122
70
50
2
66
62
42
137
119
123
12
83
45
111
44
96
71
105
53
63
114
37
61
68
29
7
4
60
22
112
144
115
26
73
67
95
8
64
40
1
118
31
43
7
26
42
19
64
2
20
20
94
77
17
98
128
69
41
17
9
143
102
126
124
13
98
72
22
86
136
27
95
106
16
76
14
38
109
54
51
23
69
113
59
133
122
50
73
144
18
36
3
66
28
37
65
48
21
16
57
131
103
140
92
103
5
33
70
127
94
85
15
85
119
101
51
43
80
76
61
55
30
109
110
33
121
6
82
123
32
120
91
75
90
126
104
12
125
120
47
55
99
88
87
107
78
138
10
106
125
99
39
47
84
74
89
62
97
79
52
137
111
48
100
127
56
142
102
116
46
65
5
93
130
136
116
58
141
28
117
38
18
10
15
9
4
81
134
104
56
41
49
45
112
132
57
21
29
129
128
54
52
13
86
101
124
32
132
130
30
91
58
138
63
34
77
23
71
108
134
60
121
36
74
65
55
140
142
14
101
137
66
103
60
117
69
67
81
96
79
24
36
36
12
22
129
78
93
98
109
1
107
3
87
14
28
56
144
133
137
124
141
11
100
47
121
92
130
25
123
31
19
53
19
30
126
6
132
139
40
91
141
46
4
138
135
76
59
93
22
24
75
87
99
103
5
26
106
77
35
12
120
125
76
112
50
42
17
15
136
2
2
28
85
134
70
8
64
13
51
113
68
143
73
91
68
135
109
83
125
127
62
90
33
29
25
84
96
7
131
119
100
5
113
16
117
59
89
97
107
39
42
94
111
102
41
112
80
44
20
17
101
18
57
123
83
23
54
86
121
99
128
106
45
81
23
16
119
52
38
84
118
47
44
70
102
90
72
66
128
32
114
92
140
60
10
63
78
104
139
31
48
8
65
108
77
34
143
58
63
35
58
21
105
6
132
88
52
124
95
108
61
20
33
27
79
48
82
110
144
40
73
62
85
10
94
82
9
49
130
32
46
97
142
98
13
126
7
57
34
51
88
122
110
54
95
64
4
61
127
53
55
75
9
29
86
21
41
3
133
122
134
105
72
1
129
18
118
71
43
104
37
11
67
116
38
43
30
39
69
27
45
114
116
56
131
111
74
71
115
80
138
15
49
50
115
37
136
89
120
26
144
132
120
108
96
95
107
106
118
117
105
93
81
69
70
58
57
56
68
67
55
54
42
43
31
30
18
6
7
8
20
19
31
32
44
45
46
47
59
60
48
36
24
12
11
23
22
10
9
21
33
34
35
36
48
60
72
71
83
82
94
106
118
119
131
130
142
141
140
139
127
115
116
104
92
91
79
80
68
56
44
32
33
45
57
69
81
93
105
117
129
128
140
139
138
126
114
102
90
89
88
87
99
100
112
124
136
135
134
122
110
111
123
135
136
137
125
113
101
100
99
98
97
85
73
74
75
76
77
65
53
41
29
17
5
4
3
2
1
13
25
37
38
50
49
61
62
63
64
52
40
39
51
52
40
28
27
26
14
15
16
28
27
39
51
63
64
65
66
78
77
89
90
78
66
54
53
41
29
30
42
43
55
67
79
80
92
104
116
128
127
115
103
91
103
102
101
113
114
126
138
137
125
124
112
111
123
122
110
109
121
133
134
133
121
109
97
85
86
98
86
87
88
76
75
74
73
61
62
50
49
37
38
26
25
13
1
2
14
15
3
4
16
17
5
6
18
19
7
8
20
21
9
10
11
12
24
23
22
34
35
47
46
58
59
71
70
82
94
95
83
84
72
84
96
108
107
119
120
132
131
130
129
141
142
143
144
143
133
121
122
123
111
110
109
97
85
86
74
73
61
62
63
51
50
49
37
38
39
27
15
14
26
25
13
1
2
3
4
5
17
18
30
29
41
40
52
64
65
77
78
90
89
88
76
75
87
99
100
112
124
125
137
136
135
134
133
121
109
110
98
99
100
101
113
114
102
103
115
127
128
140
139
138
126
114
115
116
104
105
117
118
119
131
130
129
141
142
143
144
132
120
108
107
95
96
84
72
60
59
71
83
82
70
69
57
45
33
34
35
36
48
47
46
58
70
82
94
106
105
93
81
80
92
91
79
67
66
54
42
43
55
56
68
69
57
58
46
34
22
23
24
12
11
10
9
8
7
6
5
4
16
28
40
39
51
52
53
41
42
30
31
19
20
32
44
45
33
21
20
21
22
23
24
12
11
10
9
8
7
6
18
19
31
32
44
43
55
56
68
67
79
80
81
93
92
91
90
102
103
104
116
117
118
106
94
95
83
71
59
47
35
36
48
60
72
84
96
108
107
119
120
132
144
143
131
130
142
141
129
128
140
139
127
126
138
137
125
124
136
135
134
122
123
111
112
113
101
89
77
78
66
54
53
65
64
63
62
74
75
76
88
87
86
98
97
85
73
61
49
50
38
37
25
26
14
13
1
2
3
15
27
28
29
17
16
6
91
39
121
122
28
47
65
132
133
3
75
33
66
98
106
68
67
129
95
80
94
18
109
22
132
20
54
121
45
112
99
43
35
122
96
37
128
60
97
143
118
3
55
81
123
27
106
34
102
111
49
108
48
98
59
13
101
37
128
118
7
45
130
52
88
81
135
139
69
21
129
70
43
25
95
102
73
69
44
38
24
51
110
31
7
4
34
28
119
50
41
136
110
107
15
16
52
93
70
100
120
105
11
29
141
63
85
78
23
1
79
66
94
116
13
144
77
48
55
32
127
19
12
83
46
111
137
5
57
54
140
97
61
8
32
138
96
133
29
74
68
142
59
79
89
14
4
84
116
2
123
126
1
82
87
88
23
136
63
103
142
134
61
27
40
67
18
101
76
39
24
89
9
33
80
75
17
115
38
20
103
130
109
53
57
78
49
119
131
92
114
126
105
91
26
125
86
50
120
76
99
16
36
42
64
124
90
12
144
31
83
93
62
64
73
62
19
56
22
10
11
44
21
114
15
125
117
143
9
82
135
72
92
58
87
17
72
71
51
86
2
131
84
90
137
41
113
42
71
74
46
65
127
25
85
141
14
8
47
104
6
138
117
60
113
139
58
124
108
112
5
77
104
40
115
30
140
35
107
134
100
56
10
30
36
53
26
133
4
11
100
18
72
29
44
50
113
120
110
34
67
77
45
32
102
88
8
64
143
36
92
135
24
13
95
34
97
140
119
100
114
57
113
48
116
141
14
40
75
38
72
9
138
136
37
18
73
16
140
10
39
106
20
117
64
15
79
121
62
49
48
70
24
94
137
33
143
123
125
11
1
53
46
60
32
134
86
73
110
42
55
65
135
132
3
90
85
91
22
46
82
109
129
23
47
43
17
12
106
141
83
59
4
118
55
133
137
51
19
41
66
115
27
127
117
31
77
131
40
51
96
3
89
37
89
66
74
101
61
20
44
29
35
103
65
92
82
10
138
71
47
61
107
49
116
97
111
75
126
125
144
5
98
58
118
22
28
2
43
57
123
108
71
127
95
30
79
52
108
130
84
120
128
19
67
70
90
6
126
36
42
105
84
69
132
1
52
76
56
115
124
59
16
6
76
134
81
7
111
81
78
104
26
105
15
94
25
74
109
25
30
114
78
45
119
63
21
68
98
130
142
54
31
128
102
8
17
139
28
107
33
144
99
69
131
142
96
35
104
122
41
39
60
103
14
2
5
23
93
122
38
136
53
62
85
99
13
80
12
26
112
121
91
93
58
9
112
80
83
50
101
7
56
68
87
124
86
88
129
87
27
54
21
63
139
144
143
131
119
118
130
142
141
140
128
127
139
138
126
114
113
125
137
136
124
112
111
110
122
123
135
134
133
121
109
97
85
86
74
75
87
88
100
101
102
90
91
79
80
92
104
103
115
116
117
105
106
107
95
96
108
120
132
144
143
142
130
129
117
105
93
94
82
81
69
70
71
59
60
72
84
83
82
70
58
57
45
46
34
22
23
35
47
48
36
24
12
11
10
9
21
20
8
7
6
5
17
18
19
31
30
42
41
40
39
27
15
3
4
16
28
29
30
31
32
33
45
44
43
55
56
68
67
66
78
77
76
64
65
53
54
42
41
29
28
27
26
14
2
1
13
25
37
49
61
73
85
97
98
99
100
112
113
101
89
88
76
75
63
62
50
51
52
40
39
38
50
38
26
14
2
1
13
25
37
49
61
73
74
62
63
51
52
64
65
53
54
66
67
55
43
44
56
68
80
81
69
57
58
46
34
33
32
20
19
18
17
16
15
3
4
5
6
7
8
9
21
22
10
11
12
24
23
35
36
48
47
59
60
72
71
83
84
96
95
107
108
120
132
131
119
118
106
94
93
92
91
79
78
77
89
90
102
114
126
127
115
103
104
116
128
129
141
140
139
138
137
125
124
136
135
123
122
134
133
121
109
110
111
99
87
86
98
133
121
109
110
111
112
124
125
126
127
139
138
137
136
135
123
122
134
135
136
137
138
126
114
113
101
102
90
91
79
80
68
56
55
54
66
78
77
76
75
63
51
50
62
61
49
37
25
26
27
39
38
37
49
61
73
85
97
98
99
87
86
74
75
87
88
100
101
89
90
78
79
67
68
69
81
93
105
104
116
128
129
117
118
130
131
119
107
108
96
95
94
82
83
84
72
71
59
58
57
45
46
34
22
10
11
12
24
23
35
36
48
60
72
84
96
108
120
132
144
143
142
141
140
139
127
115
103
91
92
80
81
69
70
58
57
45
33
21
20
19
31
32
44
43
42
30
18
6
5
17
29
41
53
65
64
52
40
28
16
15
14
13
1
2
3
4
5
6
7
8
7
19
18
30
29
17
16
4
3
15
14
2
1
13
25
26
38
39
27
28
40
52
51
50
62
63
64
76
88
89
77
65
53
41
42
54
66
67
55
56
44
43
31
32
20
8
9
10
9
21
33
34
22
23
11
12
24
36
35
47
46
47
48
60
59
71
70
82
83
95
107
106
118
130
131
119
120
132
144
143
142
141
140
128
129
117
105
106
94
93
92
104
116
115
103
102
114
113
112
100
99
111
110
98
86
74
73
85
97
109
121
133
134
122
123
124
125
