##Rat 5 Day 26
 ##rewards
74
87
21
##Vertices
75
118
50
123
120
30
135
107
33
10
112
100
143
76
121
29
97
60
118
45
20
28
27
117
137
52
141
111
143
110
132
17
133
70
137
87
136
84
124
53
144
138
12
83
122
71
116
6
125
78
41
46
67
101
133
46
49
16
130
105
111
44
7
25
19
5
73
59
86
102
131
88
2
131
37
43
104
31
55
51
79
15
25
66
2
6
80
63
83
34
4
34
86
23
36
61
94
26
115
36
44
69
99
140
82
33
73
110
109
67
8
62
134
19
126
74
91
129
18
3
62
32
71
136
35
43
132
100
10
66
18
103
77
119
39
38
53
76
21
113
92
93
129
107
12
94
91
57
22
81
70
5
142
11
77
48
87
24
134
24
142
85
127
56
60
56
13
58
59
78
92
113
27
79
119
51
106
124
126
41
37
31
14
58
93
114
125
106
72
7
97
39
98
29
74
80
30
117
103
95
120
101
89
45
54
26
64
47
68
65
13
96
84
90
28
122
128
85
116
57
105
75
96
114
128
82
109
15
22
14
81
42
64
123
63
102
48
55
20
95
104
98
90
9
11
144
108
121
47
135
99
130
8
65
115
54
139
138
140
23
61
141
108
1
1
38
21
32
49
127
3
9
42
88
68
52
89
17
50
69
139
40
72
40
112
35
4
16
41
68
15
79
44
42
138
133
127
49
17
66
131
82
144
54
86
18
139
113
37
16
112
34
25
23
46
3
58
136
29
115
98
86
55
100
51
108
61
47
100
4
75
119
9
107
42
122
3
8
67
5
101
76
59
26
62
94
60
39
126
91
25
16
6
109
36
131
56
53
66
133
48
68
13
121
2
30
124
105
22
56
9
47
127
143
72
87
28
64
110
64
80
130
8
144
89
48
10
129
122
104
93
62
118
140
142
43
130
77
118
54
34
63
120
30
85
138
95
136
44
113
107
88
114
52
137
142
32
58
98
90
27
83
89
7
12
60
81
14
119
51
53
2
116
35
38
140
121
21
135
52
55
43
24
45
21
50
132
10
33
120
78
88
57
141
65
49
77
97
84
109
139
78
37
12
134
20
97
73
35
91
20
71
74
105
141
69
123
40
14
4
125
76
59
65
112
126
106
13
72
1
108
99
79
111
125
101
22
15
71
94
46
18
67
7
40
96
96
11
92
93
95
117
33
70
117
32
73
128
99
116
61
114
36
135
41
24
81
31
69
5
74
57
103
63
137
75
19
27
83
111
6
124
29
1
128
90
129
31
17
143
104
38
115
92
102
26
19
80
70
11
45
103
87
106
50
82
123
102
23
134
39
132
28
110
84
85
12
24
23
22
34
33
32
44
56
57
58
70
71
72
60
59
47
48
36
35
34
46
45
33
21
9
8
7
19
18
6
5
17
29
28
16
15
14
26
25
37
38
50
49
61
62
74
75
63
64
76
88
87
86
98
97
109
110
111
99
100
112
113
125
124
136
137
138
126
114
102
103
115
127
139
140
128
129
141
142
130
131
119
120
132
144
143
142
141
140
139
138
137
136
135
123
122
134
133
121
109
97
85
73
61
49
37
25
13
1
2
3
4
5
6
7
8
20
19
31
30
42
41
40
39
27
26
38
50
51
52
53
54
55
43
42
54
66
78
79
67
68
69
81
80
92
104
116
117
105
93
94
95
96
108
107
106
118
130
129
128
127
126
125
113
101
89
90
91
79
80
92
93
94
82
83
95
96
84
72
84
83
71
70
82
81
69
68
67
66
78
90
91
103
104
105
106
107
108
120
132
144
143
131
119
118
117
116
115
114
102
101
100
112
124
123
135
134
133
121
122
110
111
99
98
86
85
73
74
62
63
64
76
75
87
88
89
77
65
77
65
53
41
29
28
40
52
51
39
27
15
14
13
1
2
3
4
16
17
18
30
31
32
44
43
55
56
57
45
46
58
59
60
48
47
35
36
24
12
11
23
22
10
11
10
9
21
20
133
134
122
110
111
99
87
88
89
101
113
114
126
138
137
125
124
136
135
123
111
112
100
99
98
97
85
73
74
62
61
49
50
51
39
38
26
14
15
3
4
16
17
5
6
18
19
31
30
42
43
44
32
20
21
9
10
22
34
33
45
46
58
59
47
48
60
72
71
70
69
81
82
83
84
96
95
107
108
120
119
131
130
142
143
144
132
120
108
96
84
72
60
48
36
35
23
24
12
11
10
9
8
7
6
5
4
3
2
1
13
25
37
49
61
73
85
86
74
75
63
64
52
40
28
27
15
16
17
29
41
53
65
77
76
64
65
66
67
79
78
90
102
103
91
92
93
94
106
105
104
116
128
140
141
129
117
118
119
107
95
83
71
59
58
57
56
68
80
79
91
92
104
116
115
127
128
140
139
138
139
127
126
114
115
103
102
90
78
66
67
68
80
81
93
105
117
129
141
142
143
144
132
131
130
118
106
94
82
70
69
57
45
46
47
35
36
24
12
11
23
22
34
33
21
20
8
7
19
18
30
42
43
31
32
44
56
55
54
55
54
53
52
51
39
40
41
29
28
27
26
14
2
1
13
25
37
38
50
62
63
75
87
88
76
77
89
101
100
112
113
125
137
136
124
123
135
134
133
121
122
110
109
121
109
97
98
86
74
37
138
136
62
3
61
29
9
10
110
69
60
55
112
71
70
34
141
128
130
65
64
119
40
81
102
135
49
43
96
135
78
104
100
26
107
20
67
131
84
33
21
86
68
48
92
66
104
94
17
28
5
128
5
12
93
42
8
72
120
71
138
27
116
38
73
52
15
73
11
72
40
13
89
144
75
70
124
35
105
2
33
132
18
97
59
119
17
28
114
63
88
121
123
19
106
137
84
79
63
118
50
46
24
102
44
58
140
115
95
19
80
126
107
53
92
116
24
39
76
88
133
31
115
91
31
48
43
45
131
57
121
113
41
82
30
117
16
77
120
117
25
123
109
142
140
106
130
83
42
134
75
82
44
111
77
30
9
125
47
12
80
46
98
56
39
65
25
99
103
101
36
99
13
103
54
94
38
127
18
100
66
26
67
83
14
62
29
133
134
79
23
90
55
74
141
3
68
6
105
89
2
110
144
96
22
52
95
58
139
47
139
23
11
32
27
61
87
37
7
125
56
108
81
109
101
51
22
112
93
85
97
87
98
4
54
15
21
118
122
53
129
4
59
113
16
127
6
34
41
20
10
124
85
143
35
8
86
129
90
45
122
14
142
50
51
49
132
143
76
126
108
136
60
1
111
7
114
137
69
78
64
32
91
57
1
36
104
68
95
47
4
29
30
90
105
108
69
6
14
55
143
85
38
100
10
134
121
44
29
3
77
45
110
71
99
32
94
144
54
26
102
103
33
87
14
17
104
109
91
9
70
33
97
74
24
41
72
93
41
124
130
55
34
124
75
1
65
45
66
136
84
118
62
17
18
86
78
128
1
135
117
36
120
21
26
63
123
27
115
5
138
125
140
83
2
48
56
92
40
49
47
105
137
25
69
112
122
132
120
60
119
88
112
122
71
54
108
76
12
43
143
38
119
135
74
21
9
102
103
6
140
39
141
129
76
89
116
99
80
43
128
52
4
138
35
86
50
36
35
53
114
37
96
51
101
15
53
13
144
90
139
81
64
16
134
132
70
82
118
133
84
75
127
16
130
8
7
136
113
85
96
23
59
77
67
37
18
113
91
92
13
40
82
60
59
56
116
42
49
15
39
89
131
2
57
109
10
20
8
101
62
94
57
97
95
79
31
107
67
50
64
126
3
115
20
42
31
48
28
107
52
78
111
87
68
83
125
139
111
127
23
51
81
30
73
34
98
73
106
27
46
114
80
58
106
137
126
58
98
142
141
93
72
11
117
129
61
66
25
11
12
142
46
22
32
24
28
121
131
123
110
100
65
133
63
61
22
44
19
88
7
79
5
19
144
132
120
119
107
108
96
95
94
82
81
80
79
67
55
54
53
52
64
76
88
100
112
113
101
102
90
91
92
104
116
115
103
102
114
126
127
139
138
137
136
124
123
122
134
133
121
109
110
111
99
98
97
85
73
61
62
50
38
26
27
39
40
28
16
17
18
6
5
4
3
15
14
13
25
37
49
61
73
74
75
87
86
85
97
109
110
98
86
74
75
63
51
39
27
28
29
41
42
30
31
19
7
8
20
21
9
10
11
12
24
36
48
47
46
58
59
71
83
84
72
60
48
36
35
23
22
34
33
45
57
69
68
56
44
43
31
32
44
56
57
58
70
69
68
67
66
78
77
89
90
78
79
80
81
93
105
106
118
117
129
128
140
141
142
130
131
143
142
141
129
130
118
119
131
143
144
132
120
108
96
95
107
106
105
117
116
104
103
91
92
93
94
82
70
71
83
84
72
60
59
47
35
34
46
45
33
32
20
21
22
23
24
12
11
10
9
8
7
19
18
6
5
17
16
4
3
15
14
2
1
2
1
13
25
26
38
37
49
50
62
63
51
52
40
41
29
30
42
43
55
54
66
65
53
65
64
76
77
89
88
87
99
100
101
113
114
115
127
128
140
139
138
126
125
137
125
124
112
111
123
135
136
135
134
133
121
122
1
2
3
15
16
4
5
17
29
30
42
54
66
67
68
80
92
104
103
102
101
100
99
87
88
76
77
65
53
52
51
63
64
76
75
74
62
61
73
85
97
98
110
122
121
133
134
135
123
111
112
124
136
137
138
139
127
128
129
130
118
117
105
106
107
95
83
84
96
108
120
119
131
143
142
141
140
139
138
126
114
113
125
137
136
135
123
124
125
126
114
115
116
117
118
106
94
93
81
82
70
71
72
60
59
47
48
36
24
12
11
10
9
21
33
32
20
19
18
6
7
8
9
10
22
23
35
34
46
45
44
43
55
56
57
69
70
58
57
56
44
32
31
43
55
67
79
78
90
89
77
78
66
54
42
41
40
28
27
39
38
50
49
37
25
26
14
13
25
37
38
26
27
15
14
13
1
2
3
4
5
17
16
28
40
39
51
52
64
65
53
41
29
30
31
19
18
6
7
8
20
21
22
34
33
45
46
58
59
47
35
23
11
12
24
36
48
60
72
71
83
84
96
95
107
108
120
119
131
132
144
132
144
143
142
130
129
141
140
128
127
115
116
104
105
93
94
82
81
69
68
80
79
91
92
91
103
102
90
89
101
113
112
100
88
87
75
63
62
50
49
61
73
74
86
85
86
98
99
111
110
109
97
109
121
133
134
122
105
70
124
133
126
98
134
11
140
87
76
131
94
14
126
44
31
94
57
115
85
34
141
45
108
80
20
137
101
56
136
144
46
59
18
29
93
119
9
89
51
41
113
78
68
95
2
8
71
121
81
88
73
122
10
4
30
45
114
17
79
123
71
65
16
139
21
8
27
135
53
48
21
118
3
28
66
63
67
110
107
22
84
117
128
99
117
119
81
142
123
118
111
7
44
18
20
19
133
70
97
108
90
121
36
50
60
100
92
26
41
135
23
43
13
68
69
78
33
89
112
141
39
130
86
96
65
84
42
27
33
23
37
104
32
12
40
73
26
57
93
83
54
32
56
111
39
38
134
106
101
54
112
87
104
132
142
82
143
92
138
130
22
16
67
46
72
61
4
80
132
75
95
128
83
125
5
48
50
110
127
98
131
25
34
17
15
138
140
1
109
61
19
74
43
62
136
15
42
77
38
96
12
64
63
124
62
55
116
107
79
143
51
52
14
69
106
5
100
64
120
35
129
3
102
120
55
86
29
49
125
53
103
66
91
88
35
24
72
59
58
47
137
24
37
144
13
77
60
1
74
9
6
75
129
97
102
85
47
6
91
103
115
127
114
49
122
36
2
31
30
113
82
52
76
7
25
40
58
11
105
10
28
90
139
109
116
99
17
49
88
67
117
43
30
23
71
80
17
57
115
68
131
123
132
26
116
123
40
55
54
103
14
90
100
73
50
116
52
134
59
84
90
89
105
62
109
1
141
32
103
6
143
98
83
106
138
93
10
79
138
15
33
20
102
118
14
69
10
2
68
37
127
97
125
13
121
71
80
101
96
144
4
44
19
112
21
73
136
78
125
98
78
118
104
126
48
51
120
140
5
7
64
120
27
38
81
119
46
63
132
121
128
25
85
124
76
83
72
106
113
31
19
84
50
35
41
74
135
9
89
87
49
58
12
117
131
34
137
129
114
60
45
75
57
107
88
59
142
44
81
133
56
95
28
22
108
110
110
124
7
137
96
86
74
42
11
122
69
95
31
46
36
66
37
105
56
112
39
51
130
11
5
102
47
94
16
48
99
30
92
13
133
43
139
33
134
42
62
104
141
109
15
1
79
77
86
77
75
28
70
94
70
29
144
111
32
26
2
24
35
66
130
65
3
40
55
99
39
93
107
29
97
143
38
27
58
91
85
12
108
142
113
91
52
23
47
18
82
45
25
76
127
129
115
61
82
20
41
139
21
92
53
101
3
4
128
140
54
8
53
72
111
64
6
135
9
34
22
63
100
122
119
24
16
65
67
61
114
126
60
18
136
8
36
87
133
134
135
136
137
125
113
114
126
138
139
127
115
103
91
90
102
101
100
112
124
123
122
121
109
110
111
99
87
86
85
97
98
99
87
75
63
64
76
88
89
77
65
66
78
79
67
68
69
57
45
44
56
55
43
31
32
20
19
7
8
9
10
22
21
33
34
46
47
48
36
24
23
35
36
48
60
59
58
70
71
83
95
107
108
96
84
72
60
59
47
46
58
57
45
33
32
31
30
18
6
5
4
16
17
29
28
40
52
53
54
42
41
40
39
51
50
62
74
73
61
49
37
38
26
25
13
14
2
3
15
27
39
51
52
64
76
88
100
101
113
114
102
103
104
105
106
94
82
81
80
92
93
94
106
118
117
116
128
129
141
142
130
131
143
144
132
120
119
118
117
129
130
142
143
144
132
131
119
120
108
107
95
96
84
72
71
83
82
70
69
68
56
44
43
55
54
53
65
66
67
79
78
77
89
90
91
92
80
81
93
105
104
116
115
127
128
140
141
140
139
138
126
125
137
136
135
123
124
112
111
110
122
134
133
121
109
97
98
86
85
73
74
75
63
62
61
49
50
38
37
25
26
14
15
27
28
16
17
29
41
42
30
18
19
20
21
22
34
35
23
11
12
24
12
11
10
9
8
7
6
5
4
3
2
1
13
1
144
132
120
108
96
95
94
82
83
84
72
71
70
69
68
80
81
93
105
106
107
119
131
143
142
130
118
117
116
128
140
141
129
117
116
115
114
102
103
104
92
91
90
78
79
67
66
54
42
41
40
52
53
65
64
63
51
50
62
61
49
37
25
26
38
39
27
28
16
4
3
2
14
15
3
4
5
17
29
30
18
19
20
21
9
8
7
6
5
17
16
28
29
41
40
39
51
63
75
74
73
85
97
98
86
87
99
100
101
89
77
76
88
100
112
113
125
126
127
139
138
137
136
124
123
135
134
122
121
109
110
111
112
113
101
102
103
104
105
93
94
82
81
69
57
45
33
32
31
43
55
56
44
32
33
34
46
58
59
47
48
36
35
23
24
12
11
10
22
34
46
47
35
36
24
12
11
23
22
10
9
21
20
8
7
6
18
19
31
30
42
54
53
52
64
65
77
89
90
78
66
67
79
91
92
80
68
56
55
43
44
45
57
58
70
71
59
60
48
60
72
84
83
95
96
108
120
119
107
106
118
130
131
132
144
143
142
141
129
128
140
139
127
115
114
126
138
137
125
124
136
135
123
122
110
111
99
98
86
87
88
76
75
74
62
50
38
26
27
15
14
13
1
2
1
13
25
37
49
61
73
85
97
109
121
133
134
133
