##Rat 6 Day 14
 ##rewards
83
94
16
##Vertices
30
23
38
95
16
31
55
97
127
132
118
50
82
7
113
53
134
144
9
59
90
22
9
134
65
68
87
46
59
143
113
41
37
75
79
84
80
120
22
109
14
114
56
101
115
91
83
53
11
3
28
141
48
94
133
34
71
120
130
100
64
30
131
86
55
96
5
62
57
69
24
61
119
58
44
66
112
137
39
54
135
20
88
51
19
108
84
122
7
102
21
125
70
10
92
131
138
126
83
56
116
64
102
86
123
140
127
16
28
20
32
123
98
25
87
43
110
129
142
49
105
58
6
60
45
32
66
36
14
35
93
17
21
26
85
139
130
138
33
75
126
63
128
144
36
106
78
35
11
37
112
63
44
111
65
122
27
142
5
71
92
49
104
70
99
47
61
108
1
74
41
68
80
133
106
57
12
95
52
107
77
27
6
13
45
143
117
33
98
140
1
89
40
74
15
4
69
73
82
105
42
62
109
76
31
128
97
111
2
119
46
29
99
19
29
116
135
24
67
10
89
4
101
121
104
15
40
72
76
50
39
85
81
51
96
139
18
72
141
115
54
117
78
34
91
79
81
52
18
124
103
114
26
2
129
47
137
73
94
90
60
100
25
136
48
107
125
136
121
132
17
67
93
118
3
42
13
8
124
103
8
12
88
77
23
38
110
43
100
19
83
108
93
32
111
16
50
140
3
135
71
85
80
61
133
111
142
37
125
107
91
112
89
62
51
17
7
76
31
49
20
134
125
97
141
126
80
21
70
42
30
27
22
58
40
69
114
17
47
25
121
126
35
78
46
114
86
26
115
5
8
43
92
18
29
75
109
144
61
136
39
70
38
143
127
9
140
64
108
14
58
116
46
106
83
57
123
133
8
41
96
62
66
139
3
44
119
16
57
24
54
67
143
101
118
22
73
68
67
60
47
77
136
2
59
129
63
45
69
128
131
89
101
60
113
142
79
51
98
13
102
86
24
14
87
121
4
107
117
40
105
130
123
36
20
68
104
53
93
106
135
10
5
19
82
139
109
73
1
55
95
92
90
91
72
65
81
102
137
127
95
122
90
21
18
77
55
2
117
30
7
15
79
97
36
138
33
23
38
35
129
34
27
74
104
12
137
124
131
26
48
28
64
84
138
31
82
13
59
52
119
72
144
28
124
10
45
11
52
65
134
54
56
88
53
39
9
110
122
94
128
88
99
49
63
85
78
74
1
11
99
120
116
44
37
132
6
120
56
75
130
105
71
100
50
118
81
48
103
32
113
132
29
115
42
33
6
76
103
4
15
112
84
25
110
66
34
96
12
43
23
98
141
87
94
41
12
11
23
35
47
48
36
24
12
11
10
9
8
20
32
44
43
31
30
42
54
55
56
68
67
66
78
77
65
64
76
88
87
75
63
62
74
73
85
86
98
97
109
110
111
99
100
112
124
123
122
121
133
134
135
136
137
138
126
127
115
116
128
129
130
131
132
144
143
142
141
140
139
138
137
125
113
114
102
103
91
90
89
101
102
90
78
79
80
81
93
94
95
107
106
105
117
118
119
120
108
96
84
72
71
83
82
70
69
57
45
33
21
22
34
46
58
59
60
72
84
96
108
107
95
83
82
94
106
105
104
92
93
81
69
57
45
44
32
31
19
7
6
18
17
5
4
16
15
3
2
14
13
25
26
27
28
40
52
53
41
29
28
27
39
38
37
49
61
73
85
97
98
99
111
123
122
110
109
121
133
134
135
136
124
112
113
125
126
114
115
127
139
140
128
129
141
142
143
144
132
120
119
131
130
118
117
116
104
103
91
92
80
79
67
68
56
55
43
42
41
40
52
53
54
66
65
77
89
101
100
88
87
86
74
75
76
64
63
51
39
51
50
62
61
49
50
38
37
25
26
14
15
16
17
29
30
18
19
20
21
33
34
46
58
70
71
59
60
48
47
35
36
24
23
22
10
9
8
7
6
5
4
3
2
1
13
1
133
121
122
123
124
136
135
134
133
121
109
97
85
86
87
88
76
75
63
64
65
77
89
90
78
66
67
55
54
42
43
44
32
31
30
18
19
7
8
20
21
9
10
22
34
33
45
46
47
35
23
11
12
24
36
48
60
72
71
83
82
94
95
107
119
131
143
144
132
120
108
96
84
72
60
59
58
70
69
81
80
68
56
57
69
68
67
79
91
103
104
116
128
129
117
105
106
118
130
142
141
140
139
138
126
127
115
114
102
101
100
99
98
110
111
112
113
125
137
138
139
140
141
129
128
127
115
116
117
105
93
92
104
103
102
101
100
88
87
75
74
73
61
62
50
49
37
38
26
25
13
14
2
3
15
27
39
40
41
53
52
51
39
27
28
16
4
5
6
7
8
9
21
33
34
35
23
22
10
11
12
24
36
48
47
46
58
59
71
70
82
83
84
96
95
107
108
120
132
144
143
142
130
131
119
118
106
94
93
81
80
92
91
79
78
90
89
77
76
64
52
40
41
53
65
66
54
55
56
57
45
44
32
20
19
31
43
42
30
29
28
29
17
18
6
5
17
16
4
3
15
14
26
38
50
51
63
62
74
86
98
99
111
112
113
114
126
125
137
136
124
123
135
134
122
110
109
97
85
73
61
49
37
25
13
1
2
1
128
43
131
93
102
37
8
88
72
105
75
114
118
91
79
83
42
44
142
36
74
61
133
32
93
129
84
14
36
86
9
14
108
37
77
81
115
98
101
85
34
96
56
5
133
144
27
69
20
89
122
80
35
136
104
78
27
8
87
65
19
53
49
107
2
101
103
131
143
48
4
142
144
7
33
132
134
66
126
21
120
119
72
95
89
16
22
82
87
121
22
100
135
127
118
54
58
85
3
136
63
57
60
106
43
123
15
130
50
141
18
73
47
39
104
3
141
39
52
121
102
45
94
28
86
25
98
137
51
111
134
63
108
100
1
99
25
66
26
41
143
62
81
97
35
109
20
7
110
70
21
105
44
99
76
95
76
30
13
56
60
58
113
46
70
47
51
46
68
9
106
11
40
140
32
119
5
40
65
139
59
67
115
73
132
125
75
42
30
139
112
64
124
117
26
15
96
94
12
135
113
82
71
2
23
137
78
80
61
6
91
17
12
116
77
69
48
90
120
88
41
68
71
130
57
110
53
24
112
92
31
10
62
38
125
129
117
23
64
92
13
59
19
34
123
1
50
83
52
18
17
6
28
140
11
29
122
111
138
4
45
33
97
116
109
31
114
124
74
55
29
84
128
54
90
38
55
24
10
138
126
49
103
107
127
16
67
79
71
96
21
18
33
92
109
5
41
59
19
47
126
3
125
60
10
7
57
107
135
14
99
86
136
104
83
143
38
65
67
101
11
66
60
119
34
95
34
1
142
75
16
72
68
69
70
12
144
11
75
115
127
120
140
139
36
41
135
144
64
128
58
114
110
134
82
131
22
76
142
122
112
20
97
50
42
18
113
58
13
77
51
6
80
129
87
5
94
24
6
137
27
48
111
31
62
29
123
100
4
85
2
112
23
54
23
99
88
20
130
81
121
42
120
104
140
26
74
1
78
91
71
17
40
118
28
25
61
10
30
89
24
45
65
138
72
130
22
111
100
103
93
37
21
133
53
32
56
119
73
57
49
106
93
125
116
80
134
47
43
126
122
53
55
31
74
121
96
123
73
136
98
3
129
4
2
85
8
138
56
17
12
132
77
87
9
28
90
61
37
94
116
110
97
39
101
114
54
115
48
84
35
91
127
133
63
67
51
131
49
143
102
25
44
30
44
79
7
52
95
69
141
15
76
82
89
81
107
78
98
141
83
36
117
90
29
109
19
106
45
102
55
139
32
124
62
27
124
40
117
108
9
105
113
132
52
13
137
86
16
64
66
50
43
105
14
38
108
59
103
35
8
68
63
46
92
26
15
39
128
118
84
46
79
88
33
70
1
2
3
15
14
26
25
37
38
39
40
52
51
63
75
74
62
50
49
61
73
85
97
109
110
122
121
133
134
135
136
137
125
113
112
124
123
111
99
100
101
89
88
76
77
78
90
102
114
126
127
115
116
104
103
91
79
80
92
93
105
117
118
130
142
143
144
132
131
119
120
108
96
84
72
71
83
82
70
58
57
69
68
67
66
65
64
52
53
54
55
56
44
43
31
30
42
41
29
17
18
19
20
32
33
21
9
10
22
34
35
23
24
12
11
10
9
8
7
6
5
4
16
28
27
39
51
63
64
65
77
76
75
87
86
98
97
109
110
111
112
113
114
115
116
128
140
141
129
117
118
106
107
95
94
82
81
69
70
58
46
45
57
56
55
43
44
45
46
47
48
60
59
47
59
60
72
71
83
84
96
108
120
132
144
143
142
141
140
139
138
126
125
124
123
122
121
133
134
135
136
137
138
139
127
128
129
130
131
119
107
95
94
106
105
93
81
80
68
67
66
78
79
91
92
104
103
102
90
89
101
100
88
87
99
98
86
85
73
74
62
61
49
50
38
26
27
28
40
41
53
54
42
30
29
17
18
19
31
32
33
34
35
36
48
36
24
12
11
23
22
21
20
8
7
6
5
4
16
15
3
2
1
13
14
13
25
37
144
132
131
130
142
141
140
139
127
115
103
91
90
78
77
89
88
87
75
76
64
65
66
54
53
41
29
30
18
6
7
8
9
10
22
34
46
58
59
60
48
47
35
23
24
12
11
10
9
21
20
19
31
43
42
41
40
28
27
39
38
50
62
74
73
61
49
37
25
26
14
13
1
2
3
4
5
17
16
15
27
28
29
30
42
43
44
32
33
45
57
69
68
80
79
67
55
56
44
45
57
58
70
82
94
95
83
71
72
84
96
108
107
119
120
108
96
95
94
106
118
117
116
128
129
141
140
139
138
126
114
102
101
100
112
111
123
135
136
124
125
137
136
135
134
133
121
122
110
109
97
85
86
98
99
87
75
63
51
52
64
76
88
89
77
78
79
80
81
93
105
104
105
93
92
104
92
91
90
102
103
115
116
117
118
106
107
119
120
132
131
143
144
143
142
130
129
128
127
126
138
137
125
113
114
113
101
100
112
124
123
122
134
133
121
109
110
111
99
98
97
85
86
74
73
61
49
50
62
63
51
52
40
39
38
37
25
26
14
13
1
2
3
15
16
4
5
17
18
6
7
8
20
19
31
32
33
21
22
23
11
12
24
36
48
36
35
34
46
47
59
60
72
84
83
71
70
82
81
69
68
67
66
65
53
54
55
56
95
104
78
110
95
43
98
23
5
12
102
113
118
129
20
142
45
65
56
68
27
141
139
42
101
140
69
38
5
70
31
140
22
84
17
137
13
81
78
40
83
39
41
106
44
28
97
27
92
52
85
74
101
108
30
53
141
56
16
104
142
100
19
72
61
67
60
38
21
117
1
77
80
123
65
63
116
40
138
120
79
98
89
41
103
131
92
31
91
96
88
106
3
123
125
75
132
87
125
26
88
34
73
6
76
77
55
18
54
81
64
10
18
109
126
136
68
64
82
26
135
24
143
37
58
91
21
4
15
2
127
107
74
72
143
30
89
86
94
45
134
57
28
118
23
17
47
69
144
119
111
15
124
55
66
33
99
11
129
135
115
14
126
60
93
33
122
117
8
49
14
75
9
46
25
32
80
110
22
87
2
67
103
44
102
43
112
6
29
99
39
121
71
90
46
85
66
1
113
100
134
59
138
58
34
29
133
32
128
132
130
105
35
114
50
70
115
11
19
16
121
20
114
51
127
124
35
122
48
7
112
42
73
48
76
84
36
63
120
93
13
139
71
25
82
54
130
61
4
97
108
83
62
131
8
119
109
9
59
96
62
136
57
37
128
53
144
90
105
7
3
137
51
116
49
50
94
111
52
12
107
36
133
86
79
10
47
24
80
83
64
1
119
70
138
38
79
13
44
2
66
75
57
72
122
72
88
87
84
58
137
93
133
97
142
130
114
54
3
8
97
120
20
27
23
41
104
61
78
98
40
16
143
126
56
106
67
36
63
131
36
89
47
119
92
123
34
112
4
64
5
12
114
54
117
68
91
138
3
10
118
18
140
139
33
77
19
136
140
15
132
115
122
24
55
113
137
112
84
7
75
51
121
49
65
68
12
66
91
30
118
77
60
135
90
99
9
21
92
46
96
59
70
22
116
117
53
109
129
24
60
45
14
134
14
59
85
48
131
13
96
37
111
26
113
22
43
62
11
111
134
52
18
8
51
76
109
80
110
34
44
52
25
143
63
95
81
144
83
39
40
1
105
7
89
125
23
79
38
107
65
62
105
101
19
142
35
46
50
10
71
74
107
69
90
128
98
17
94
37
15
71
6
4
123
26
58
130
141
81
103
115
102
86
116
35
56
29
99
9
30
132
127
74
133
41
50
136
108
53
88
82
121
129
73
45
49
57
95
55
31
33
94
124
100
120
43
47
126
141
48
42
127
28
5
85
73
32
16
101
102
110
31
124
139
2
108
128
42
103
76
32
25
28
100
125
78
86
11
135
39
82
104
144
27
106
29
21
87
93
61
69
6
67
20
17
1
2
14
26
25
37
49
61
62
63
64
65
77
78
90
89
101
113
114
102
103
91
79
80
92
93
94
82
83
84
72
60
48
36
35
34
33
32
20
8
9
21
22
23
11
12
24
36
48
47
59
71
70
69
81
93
105
106
118
117
129
128
127
126
138
139
140
141
142
130
131
143
144
132
120
108
96
95
107
119
118
106
94
82
81
69
57
58
46
45
44
43
55
54
66
67
68
56
57
45
44
32
31
30
29
17
18
19
7
6
5
4
16
15
3
4
5
17
29
28
27
39
51
50
38
37
49
61
73
74
75
76
88
100
99
111
110
109
97
98
86
85
97
109
121
133
134
122
123
135
136
137
125
124
112
113
114
115
116
104
103
102
101
89
90
78
66
54
42
41
40
52
40
41
53
52
53
65
77
76
64
63
51
39
27
28
16
15
3
2
14
13
1
13
25
26
38
50
62
74
73
85
86
87
75
87
88
100
99
98
110
122
121
133
134
135
123
111
112
124
136
137
125
126
138
139
140
128
127
115
116
104
105
117
129
141
142
130
131
143
144
132
120
119
107
108
96
95
83
84
72
60
59
71
70
58
46
47
35
23
24
12
11
10
9
10
22
34
33
21
20
8
7
6
18
19
31
30
42
43
55
67
79
91
92
80
68
56
133
134
122
110
109
97
85
73
61
49
37
25
26
38
39
40
52
53
41
29
30
18
6
7
8
20
21
9
10
22
23
11
12
24
36
48
47
46
45
57
56
44
32
33
34
35
36
48
60
59
58
70
69
68
67
55
43
42
54
66
65
64
76
75
63
51
50
62
74
86
87
88
100
112
113
125
137
138
126
127
139
140
128
129
141
142
143
131
119
120
108
96
84
72
71
83
95
107
106
105
104
103
115
116
117
118
130
142
141
140
139
138
137
136
135
123
124
112
111
99
98
97
85
86
87
75
76
77
78
79
91
90
102
114
126
127
128
129
130
118
117
116
115
103
104
92
93
94
82
81
80
68
67
66
65
64
52
40
28
27
15
14
2
3
4
16
17
5
6
7
19
18
17
5
4
16
15
3
2
1
13
1
13
14
26
25
37
49
61
73
74
62
63
51
50
38
39
27
28
29
41
53
54
42
30
31
19
20
8
9
21
33
32
31
43
55
56
44
45
46
34
22
10
11
12
24
23
35
47
59
60
72
84
83
71
70
58
57
69
81
82
94
95
96
108
120
132
144
143
144
132
131
119
107
106
105
93
92
80
79
91
90
78
77
89
101
100
99
98
110
111
123
122
121
109
121
133
134
135
136
124
125
113
114
102
101
89
88
