##Rat 8 Day 4
 ##rewards
71
58
124
##Vertices
22
34
31
87
121
90
49
47
109
108
40
4
32
1
107
38
115
29
99
118
12
104
118
2
87
51
10
69
11
98
54
106
22
88
26
41
89
109
96
30
73
115
93
63
64
103
82
32
4
58
67
70
72
114
74
9
66
133
100
92
2
110
54
25
83
46
39
97
95
129
26
95
82
117
47
102
130
123
112
5
75
5
29
60
90
125
136
126
14
33
88
136
21
112
16
120
33
65
56
138
28
113
141
94
6
71
105
59
84
120
55
103
56
125
73
16
74
25
45
11
45
72
85
127
119
60
135
65
36
81
78
122
133
36
144
77
75
13
116
67
50
122
57
14
139
37
57
10
77
138
64
37
43
129
83
111
137
93
89
135
20
139
44
19
134
124
24
98
85
18
58
79
69
102
100
68
35
70
92
86
28
80
128
52
27
18
142
134
53
96
42
86
8
55
34
15
50
40
42
105
21
12
24
19
62
124
123
41
53
84
17
113
63
59
9
8
104
68
3
7
132
142
20
81
52
107
91
23
114
116
132
127
48
130
78
23
49
71
97
62
144
1
131
108
7
76
15
121
3
79
143
143
106
27
35
137
51
39
110
131
30
140
141
76
43
46
126
128
61
31
48
91
44
13
80
101
140
111
17
66
117
6
94
61
119
99
38
101
35
42
108
21
122
27
46
22
70
111
65
96
61
78
12
83
128
135
10
132
118
130
43
127
4
45
33
103
57
129
60
104
25
89
144
62
86
59
99
7
98
78
140
93
100
123
115
58
141
106
55
82
11
20
69
124
18
128
31
25
140
118
130
102
28
119
22
93
16
45
132
44
41
59
35
73
126
116
56
43
142
80
72
23
105
109
88
33
108
139
112
110
17
105
92
131
32
68
50
37
47
139
26
113
15
24
144
48
127
76
63
27
84
55
136
81
136
26
62
54
120
114
123
141
94
29
117
109
49
67
77
135
95
67
18
122
83
84
91
40
21
3
76
91
44
4
81
31
73
77
53
87
143
63
102
23
65
52
138
113
88
104
100
120
94
125
10
34
121
9
34
57
11
137
66
116
89
119
2
75
126
13
79
107
117
64
42
39
124
37
48
5
14
80
110
74
36
36
96
101
52
72
19
129
90
47
66
8
41
8
133
71
87
49
39
15
24
121
53
50
134
137
30
97
143
6
20
115
61
85
111
74
142
1
56
38
14
92
90
98
28
82
107
13
134
101
5
51
106
16
54
103
64
9
95
29
79
30
86
85
70
97
17
1
32
68
75
6
58
125
38
69
71
60
46
2
133
51
99
112
138
7
114
19
40
12
3
131
12
11
10
9
8
20
21
33
34
46
45
44
43
42
30
29
41
53
54
66
65
77
76
64
63
75
74
73
61
49
50
62
63
51
52
40
28
16
17
5
4
3
2
1
13
14
26
25
37
38
39
27
15
3
4
5
6
18
19
31
32
33
34
22
23
35
36
48
60
72
71
70
58
57
56
68
67
55
54
53
52
51
39
40
41
42
43
44
45
46
47
59
60
72
84
83
82
81
80
92
104
116
117
105
106
107
108
120
132
131
130
118
119
120
108
96
95
94
93
105
117
129
141
140
139
127
115
103
91
90
89
88
87
86
85
97
109
121
133
134
135
136
124
125
137
138
126
114
102
101
100
112
113
101
100
99
111
123
122
110
98
99
111
112
113
114
102
90
78
79
91
92
80
79
78
77
89
88
87
75
76
64
65
66
67
55
56
57
58
59
71
70
69
68
69
81
93
94
82
83
84
96
95
107
106
118
119
131
130
142
143
144
132
144
143
142
141
140
128
129
128
116
104
103
115
127
139
138
126
125
137
136
124
123
135
134
133
121
122
110
109
97
98
86
85
73
74
62
61
49
50
38
37
25
13
1
2
14
26
27
15
16
28
29
17
18
30
31
32
20
19
7
6
7
8
9
21
22
10
11
23
35
47
48
36
24
12
24
1
13
14
15
27
26
25
37
49
50
62
61
73
74
75
87
86
85
97
98
99
111
123
122
110
109
121
133
134
135
136
137
125
126
114
113
101
100
88
76
77
65
66
54
53
52
64
63
51
39
40
28
16
17
5
4
3
2
1
13
25
26
38
39
40
41
29
30
42
43
31
19
20
8
7
6
18
30
31
32
44
45
33
34
35
23
22
21
9
10
11
12
24
36
48
47
59
60
72
84
96
95
83
71
70
82
81
93
105
117
118
119
120
108
107
106
94
82
70
58
46
45
57
69
68
56
55
67
79
78
90
102
103
91
92
80
81
93
94
106
118
130
131
132
144
143
142
141
140
139
138
137
136
124
112
100
99
87
88
89
101
102
114
115
127
128
116
104
105
117
129
128
129
130
131
132
144
143
142
141
140
139
138
126
127
115
116
104
103
91
92
80
79
67
68
69
57
56
55
54
42
43
44
32
33
34
46
58
59
71
83
95
107
119
120
108
96
84
72
60
48
47
35
36
24
12
11
23
22
10
9
21
20
8
7
19
18
6
5
17
16
4
3
2
14
15
27
28
29
41
53
65
66
78
90
89
77
76
75
74
62
63
64
52
51
50
38
37
49
61
73
85
86
98
97
109
110
122
121
133
134
135
123
111
112
113
125
124
73
43
41
78
86
91
107
100
115
57
22
131
127
100
101
67
82
62
40
106
33
90
36
101
23
18
119
59
144
47
39
42
64
24
106
133
99
119
13
124
109
11
82
75
65
42
19
128
116
16
144
139
1
29
79
69
26
3
29
73
37
65
74
47
128
68
25
77
23
130
113
95
63
45
59
22
122
110
132
58
5
83
120
19
35
45
7
2
60
114
26
108
104
129
63
138
132
66
116
36
34
138
8
61
107
2
17
143
87
20
112
103
112
9
50
103
96
53
126
96
139
39
98
20
102
16
135
4
122
31
3
78
6
38
55
14
94
46
50
79
140
142
121
37
99
74
44
142
51
41
117
72
113
84
11
10
32
14
92
98
83
21
48
86
137
76
5
28
56
88
117
76
69
133
7
51
31
84
9
92
93
141
67
141
71
118
54
123
21
27
28
62
131
137
125
97
127
111
30
134
55
102
129
61
43
134
97
85
120
88
130
1
136
110
143
80
115
135
12
121
60
93
66
30
44
27
18
70
125
89
90
52
4
109
118
68
25
13
126
87
15
6
34
89
58
70
10
35
38
40
17
104
123
105
105
24
53
85
8
71
77
15
72
95
108
140
124
49
136
52
49
48
114
54
81
111
94
91
81
12
75
57
46
64
56
33
32
80
6
81
141
59
16
74
131
105
107
100
116
11
34
121
133
120
68
81
36
137
136
110
83
115
53
77
3
51
17
73
143
72
2
94
74
2
35
12
103
21
47
141
87
112
88
97
116
118
28
125
23
92
140
46
111
123
37
19
69
56
95
119
13
87
86
92
129
109
49
113
123
93
66
84
97
143
130
26
50
21
71
62
33
78
60
34
54
60
51
82
117
106
103
11
7
126
43
26
125
117
1
31
14
138
52
4
8
42
22
15
124
135
25
55
22
18
27
112
57
64
99
30
93
127
98
43
139
124
66
101
134
10
69
61
136
99
68
53
80
85
40
44
9
127
13
20
39
102
42
71
132
76
105
45
135
5
15
107
118
46
72
57
41
48
40
122
65
131
20
29
75
50
122
49
16
37
89
90
12
58
19
3
41
102
24
79
59
139
25
138
144
121
48
65
63
75
35
73
38
114
83
67
9
95
39
14
28
8
32
84
5
115
91
86
63
119
82
61
109
142
98
10
134
78
33
129
47
76
126
79
30
58
108
142
140
45
91
85
62
6
120
90
54
94
144
44
4
1
36
27
52
101
67
128
100
18
80
114
89
70
38
56
17
113
106
31
108
55
96
7
110
23
24
96
88
132
137
64
128
70
104
32
77
111
104
130
133
29
133
121
109
110
122
123
124
136
135
134
133
121
109
97
85
73
61
49
50
62
63
64
52
53
41
40
28
27
26
25
37
38
39
51
52
64
76
75
87
86
98
99
111
112
113
125
126
114
102
101
89
88
100
101
113
114
115
116
128
127
139
140
141
142
130
131
119
118
117
129
141
142
143
144
132
120
108
96
95
83
82
81
69
68
56
57
58
70
71
72
84
96
108
107
106
94
93
105
104
92
91
79
67
66
65
77
78
90
102
103
91
90
89
77
78
79
80
68
67
55
43
42
30
18
17
29
41
40
28
16
15
14
13
1
2
3
4
5
6
7
19
31
32
44
45
33
34
46
47
35
23
11
12
24
36
48
60
59
58
57
56
44
45
46
34
22
10
9
8
20
21
22
23
35
36
24
12
11
10
9
21
20
8
7
19
18
6
5
4
3
2
1
13
25
37
38
50
49
61
73
74
86
85
97
98
110
122
134
135
136
137
138
137
138
139
140
128
129
130
131
143
144
132
120
119
107
95
94
82
83
84
72
60
48
47
59
71
70
69
81
80
92
93
105
106
118
117
116
104
103
115
127
126
125
124
123
111
112
100
99
87
88
76
75
74
62
63
51
39
27
26
14
15
16
17
29
30
42
54
66
65
53
54
55
43
31
32
33
144
143
142
130
131
119
107
108
120
132
144
143
142
141
140
139
138
137
125
126
114
102
101
89
88
100
99
111
123
135
136
124
112
113
101
102
103
115
116
128
129
117
118
106
94
95
83
82
81
93
92
104
105
93
94
82
70
58
59
71
72
60
48
36
35
23
22
34
46
47
48
36
24
12
11
10
9
8
20
19
31
43
42
54
53
41
29
30
18
6
7
8
9
21
33
32
44
45
57
56
68
67
66
78
90
91
79
80
81
69
68
80
92
91
79
67
55
54
66
65
64
76
75
74
86
87
88
100
99
98
110
122
134
133
121
109
97
85
73
61
62
63
51
52
40
39
27
28
16
15
14
13
1
2
3
4
5
17
29
41
53
52
40
28
27
26
25
37
49
50
38
26
14
15
3
2
1
13
25
37
38
50
49
61
62
74
73
85
97
109
121
133
134
135
136
124
125
137
138
139
127
128
140
141
129
130
131
132
120
108
96
84
96
84
72
60
59
47
35
23
24
12
11
10
22
21
20
32
31
19
7
6
5
4
16
17
18
30
42
43
55
56
44
45
33
34
46
58
57
69
70
71
83
95
107
119
118
106
105
117
116
104
103
115
127
126
114
113
112
111
123
122
110
98
86
87
75
76
77
78
90
89
77
65
64
63
51
39
77
85
90
144
61
40
6
91
72
46
82
59
92
8
36
16
80
67
33
104
100
89
24
73
87
143
108
5
49
78
134
9
86
60
92
50
137
129
10
96
89
35
136
62
114
57
102
56
52
42
139
79
66
117
22
121
65
65
98
71
52
142
123
28
45
30
14
125
141
81
62
119
138
54
11
103
47
136
84
44
94
16
48
141
41
68
4
11
127
76
69
96
102
94
98
131
128
93
53
14
85
78
132
39
105
27
143
122
123
93
31
29
97
34
127
61
3
32
53
135
48
113
126
110
12
88
56
120
110
26
74
90
99
57
32
50
69
109
63
82
75
108
87
2
44
34
64
21
120
47
140
1
33
54
26
109
112
49
13
100
25
58
46
43
117
81
17
40
103
5
30
137
23
22
119
28
128
10
116
4
6
25
118
18
74
18
144
55
12
101
83
114
7
140
135
112
58
60
73
129
91
118
106
77
84
64
138
27
80
71
39
139
51
9
95
66
97
21
36
38
29
37
55
113
121
72
51
115
133
8
31
101
38
122
76
2
130
19
42
3
41
23
86
133
95
70
19
115
7
104
24
111
37
126
88
67
79
142
134
1
59
20
107
106
116
124
125
13
75
15
105
20
99
70
17
111
35
130
15
43
83
63
107
45
132
131
124
68
27
133
40
3
114
66
92
72
138
17
71
16
97
113
118
138
136
130
128
51
24
34
107
18
73
79
39
122
46
30
95
57
81
50
134
79
131
116
125
103
55
52
26
99
95
117
26
105
87
129
62
86
3
124
50
108
37
90
141
81
40
70
99
126
131
63
33
12
137
21
22
107
112
44
122
59
31
102
110
97
19
130
100
30
58
21
88
76
84
80
33
20
7
1
112
14
85
13
78
101
42
126
25
143
115
89
64
98
42
91
127
20
7
37
29
128
141
67
80
9
1
69
67
2
4
78
35
15
19
45
71
123
64
32
38
66
10
43
120
16
60
140
111
56
13
28
41
73
90
38
2
108
133
143
43
72
45
58
8
49
114
109
47
35
31
8
83
139
106
62
83
53
135
23
44
93
24
119
63
94
115
137
61
121
69
84
6
113
34
74
12
100
11
65
22
134
74
117
132
123
39
121
53
32
101
136
68
91
11
51
103
60
47
68
76
144
56
15
82
77
54
86
4
5
94
93
119
110
77
65
127
116
106
109
48
6
139
18
23
25
29
135
5
104
88
41
59
28
142
82
104
120
36
125
70
10
129
85
132
111
118
55
87
36
96
61
49
14
17
144
27
89
48
75
124
57
105
9
54
102
98
96
46
75
140
92
52
142
133
134
135
136
137
125
124
112
113
114
102
101
100
88
89
77
76
64
65
66
67
55
43
42
54
53
41
40
52
51
50
62
61
49
37
38
39
27
26
14
13
1
2
3
4
5
17
29
30
18
19
31
32
33
34
46
58
70
69
81
80
92
104
105
117
118
106
94
93
92
91
90
78
79
91
103
115
116
128
127
126
138
139
140
141
129
130
131
143
144
132
120
108
96
84
83
95
107
119
120
108
96
84
72
71
59
60
48
47
35
36
24
12
11
23
22
10
9
21
20
8
7
6
5
4
16
28
40
39
51
63
75
87
99
98
97
85
73
74
86
87
99
111
123
122
121
109
110
111
112
100
88
76
77
65
66
54
55
56
68
80
81
82
70
69
57
45
44
43
31
32
20
19
18
6
7
8
9
10
11
12
24
23
22
21
33
34
46
47
35
36
48
60
72
71
59
58
57
45
44
56
68
67
79
78
90
89
101
102
114
113
125
126
127
115
103
104
116
128
129
117
105
93
94
82
83
95
107
106
118
119
131
132
144
143
142
130
142
141
140
139
138
137
136
124
123
135
134
133
121
122
110
109
97
98
86
85
73
74
62
61
49
50
38
37
25
26
25
13
1
2
3
15
14
15
27
28
16
17
29
30
42
41
53
52
64
63
75
12
24
36
48
60
59
47
46
58
70
69
57
45
44
56
55
43
42
54
66
78
77
76
64
65
53
52
40
41
29
17
18
6
5
4
16
28
27
15
14
2
1
13
25
37
49
50
51
63
62
74
75
87
99
111
112
113
114
102
103
91
92
93
105
106
118
117
116
104
92
80
68
67
79
80
81
82
94
95
83
71
72
84
96
108
107
119
131
132
144
143
142
141
140
139
127
128
129
130
142
141
140
139
138
126
125
137
136
124
123
135
134
133
121
122
110
109
97
98
86
85
73
61
49
37
38
39
40
28
29
30
31
32
33
21
9
8
7
19
20
32
33
34
35
23
11
10
22
34
46
45
44
43
55
54
66
65
77
89
90
91
103
115
114
102
101
100
88
76
75
87
86
74
62
61
73
85
97
109
121
133
134
122
110
98
99
111
112
124
123
135
136
137
138
126
125
113
101
100
88
89
90
78
79
67
68
56
57
69
70
58
59
71
83
82
81
93
94
95
107
106
105
104
116
115
127
128
129
117
118
130
131
143
144
132
120
119
120
108
96
84
72
60
48
47
35
36
24
12
11
23
22
10
9
21
20
8
7
19
18
6
5
17
16
4
3
15
3
2
1
13
25
26
14
26
27
39
38
50
51
63
64
52
53
41
42
30
31
