##Rat 5 Day 50
 ##rewards
74
87
21
##Vertices
130
49
89
124
133
16
79
120
138
39
20
66
58
17
49
76
143
59
70
128
132
139
19
71
125
36
68
58
97
24
85
2
55
62
26
13
3
139
127
4
56
64
25
114
29
131
8
76
25
38
17
20
92
67
141
67
27
9
140
142
46
112
21
137
81
79
88
123
122
96
15
23
44
106
35
118
116
28
53
113
27
39
9
61
10
47
93
15
73
11
40
104
59
37
83
125
134
102
110
90
22
95
48
63
69
1
60
62
141
64
51
111
24
98
137
75
118
122
52
124
78
45
107
75
19
32
140
103
90
36
102
56
130
77
86
22
48
74
113
100
60
50
44
28
77
103
42
2
7
33
135
96
104
133
54
87
14
116
131
138
14
128
94
31
45
95
66
80
78
33
73
136
42
82
101
29
53
109
114
115
100
32
121
54
12
110
97
143
129
57
91
108
119
57
61
43
18
105
71
127
135
91
129
72
85
52
74
88
123
144
41
112
144
31
119
5
34
18
126
142
68
65
1
63
121
115
50
55
87
108
4
47
111
80
70
99
86
126
46
132
11
12
51
38
134
13
40
23
72
98
89
106
41
35
94
6
21
26
93
84
43
105
117
136
30
5
34
37
7
10
3
30
84
81
8
117
107
65
109
6
92
83
69
82
101
120
99
16
105
86
121
19
117
126
109
133
12
131
80
128
89
74
136
116
97
25
38
24
28
13
5
72
132
20
116
126
18
34
53
21
17
48
112
32
139
101
41
71
68
65
20
104
40
9
39
103
108
114
91
102
102
67
27
99
58
68
53
122
130
118
79
47
64
14
50
115
3
31
47
34
107
81
90
125
7
22
94
33
13
144
98
63
2
6
10
59
134
79
88
119
28
8
139
44
93
85
101
38
66
40
133
100
50
23
1
60
74
108
57
98
138
18
39
89
42
4
95
49
83
58
48
137
121
5
87
52
124
100
143
125
123
67
75
127
51
111
45
95
19
21
22
62
30
92
129
118
137
29
56
86
61
54
90
77
73
144
36
56
120
115
136
44
37
135
73
124
6
64
65
132
110
84
26
78
122
2
3
135
110
87
57
23
71
143
9
114
69
46
75
97
103
35
105
91
83
127
41
24
66
27
138
99
60
120
29
51
30
96
8
84
112
134
15
142
10
142
16
7
43
94
54
31
17
37
111
62
70
61
107
131
80
49
109
35
93
104
36
76
141
11
33
123
52
130
82
32
45
96
76
43
113
42
55
129
82
14
106
106
16
117
1
15
46
141
78
77
88
63
92
70
81
69
55
128
25
59
26
85
140
11
140
119
72
12
4
113
12
24
36
35
34
33
21
20
19
18
6
7
8
9
10
22
23
11
10
9
8
7
19
31
32
44
43
55
54
66
65
77
89
90
91
79
67
68
69
70
82
94
95
83
84
96
108
120
119
118
106
107
108
96
84
72
60
48
47
46
58
59
71
70
58
57
45
44
56
55
67
66
78
77
76
64
52
40
41
29
17
16
28
27
15
14
26
38
37
49
50
51
63
62
61
73
74
86
87
88
100
99
111
123
135
134
133
121
122
110
109
97
85
73
61
49
37
25
13
1
2
3
4
5
6
18
30
42
54
53
65
64
76
75
87
88
100
112
124
125
126
114
113
101
102
103
115
127
139
140
128
116
104
92
80
81
93
105
117
129
130
131
132
144
143
142
141
140
139
138
137
138
126
127
115
116
128
129
141
142
130
131
143
144
132
120
119
107
106
118
117
105
93
94
95
83
82
81
69
57
56
68
80
92
104
103
91
79
78
90
89
101
102
114
113
125
137
136
135
136
124
112
111
123
122
134
133
121
109
110
98
99
98
97
85
86
74
75
63
62
50
38
39
27
15
14
26
25
13
1
2
3
4
5
17
16
28
40
39
51
52
53
41
29
30
42
43
31
32
33
45
46
34
35
47
59
71
72
60
48
36
24
12
11
23
22
21
20
144
132
120
119
131
130
142
143
144
132
120
108
96
84
72
60
48
36
35
34
22
10
9
8
7
6
5
17
16
4
3
15
14
13
25
37
38
26
27
28
29
30
18
19
31
43
42
41
53
65
64
76
77
78
66
54
55
67
79
80
81
93
94
95
107
106
118
117
116
128
140
141
129
117
105
104
103
102
90
91
92
104
105
93
92
91
79
80
68
56
44
32
20
21
33
45
57
69
70
58
46
47
59
71
83
82
70
58
57
45
44
32
31
43
42
41
40
52
51
39
27
28
40
52
64
63
75
87
88
89
101
100
112
111
99
98
110
122
123
124
136
135
134
133
121
109
97
85
86
74
62
50
49
61
73
85
97
98
99
111
112
113
125
137
138
139
127
126
114
115
116
128
129
130
118
106
94
82
81
69
68
56
55
67
66
78
90
102
103
115
127
126
114
113
125
124
123
122
110
109
121
133
134
135
136
137
138
139
140
141
142
143
131
119
107
108
96
95
83
84
72
71
59
60
48
36
35
47
46
34
33
21
22
23
11
23
24
12
24
12
11
10
9
8
20
19
7
6
18
30
29
17
5
4
16
15
3
2
1
13
1
2
14
26
25
37
38
39
51
63
62
50
49
61
73
74
86
87
75
76
88
100
101
89
77
65
53
54
122
135
137
124
7
131
87
99
85
117
66
26
81
25
12
111
20
61
113
89
8
81
101
1
134
139
84
98
45
23
48
78
93
98
41
42
107
117
137
70
42
49
103
126
82
61
39
35
47
109
143
60
115
27
47
36
88
67
119
131
23
99
13
110
31
132
31
15
71
112
96
62
1
24
20
34
56
125
65
14
38
27
120
127
86
91
108
94
118
110
72
21
104
130
60
113
68
141
43
64
55
30
90
80
22
28
51
106
69
41
133
29
135
63
134
48
73
21
75
17
53
79
6
103
37
8
58
104
62
123
59
76
74
50
143
4
7
2
59
114
125
140
77
63
97
64
34
78
118
89
141
138
120
40
9
16
43
35
142
10
38
32
37
105
130
91
5
15
129
100
57
5
13
57
139
33
22
123
68
32
86
26
52
17
92
10
102
6
88
24
136
4
65
142
28
97
18
138
126
25
115
3
136
93
82
112
70
71
54
119
94
54
77
11
111
12
19
40
36
83
144
44
11
83
29
85
66
74
19
18
69
51
9
72
109
129
55
102
46
114
79
76
52
95
106
132
122
128
16
2
96
44
56
124
84
92
33
3
53
144
95
14
49
30
80
67
45
108
39
73
140
128
127
90
107
100
116
133
87
75
105
101
121
58
121
46
50
116
65
18
3
42
30
122
41
72
4
81
89
19
104
70
14
21
138
46
111
68
71
27
78
131
63
103
102
67
17
115
11
121
29
113
32
113
53
24
120
39
96
55
12
39
34
76
133
77
3
94
7
93
67
23
52
114
109
95
104
7
15
140
43
50
143
108
105
125
51
95
70
23
61
59
34
86
106
91
103
123
20
89
63
127
88
22
20
6
14
40
130
71
21
28
125
136
10
38
109
108
128
32
128
80
25
15
90
56
136
44
57
60
19
141
77
123
118
4
46
141
64
18
86
79
13
38
99
88
5
35
87
49
90
73
98
24
16
58
62
115
144
93
126
99
36
107
58
110
142
124
84
100
72
119
75
112
134
13
36
9
127
85
116
94
124
110
144
74
83
66
120
111
101
26
43
48
10
28
84
81
22
102
106
50
6
96
137
122
51
76
11
16
25
31
80
54
33
5
83
8
134
65
30
74
42
27
143
69
31
114
2
48
97
33
126
35
117
61
64
75
137
52
1
142
101
121
98
17
82
112
68
116
37
57
97
66
138
135
47
41
135
73
131
9
132
139
119
53
129
87
2
44
140
85
37
133
79
91
100
59
56
62
82
45
49
92
118
117
45
60
105
69
40
47
26
12
107
55
92
29
1
129
78
139
132
8
130
54
1
13
25
26
27
28
16
17
18
19
7
6
5
4
3
15
14
2
3
4
5
6
18
30
29
41
42
54
55
67
68
80
92
91
90
78
66
65
64
63
75
87
86
74
73
85
97
109
110
111
99
98
97
85
73
61
49
37
38
39
51
50
62
63
51
52
40
41
53
54
66
67
79
80
81
69
57
45
44
32
20
21
33
34
22
23
35
47
48
60
59
58
70
71
72
84
83
95
94
93
105
106
118
130
142
143
144
132
131
119
120
108
96
84
72
60
48
36
24
12
11
10
9
8
7
19
31
43
55
56
68
69
81
82
94
93
105
117
129
128
127
115
116
104
103
102
114
126
138
137
125
113
101
89
77
76
88
100
112
124
123
122
121
133
134
135
136
137
138
139
140
139
127
126
114
113
125
124
136
135
123
122
134
133
121
109
110
98
99
111
112
100
88
87
86
74
75
76
64
52
53
65
77
89
101
102
90
78
79
91
92
104
103
115
116
128
140
141
142
141
129
117
118
130
131
143
144
132
120
119
107
106
107
108
96
95
83
82
70
71
59
47
46
34
22
23
35
36
24
12
11
10
9
8
20
21
33
45
46
58
57
56
44
32
31
43
42
30
29
28
40
39
27
26
38
50
62
61
49
37
25
13
1
2
14
15
16
17
133
121
109
97
85
86
98
99
111
112
100
88
76
64
63
51
52
53
65
66
54
55
43
42
30
31
19
7
6
5
17
18
30
29
41
40
39
38
50
49
37
25
13
1
2
14
15
3
4
16
28
27
26
25
37
49
61
62
74
75
87
99
111
110
122
123
135
136
137
138
126
114
113
101
89
90
78
77
65
53
41
29
28
40
52
64
76
88
100
112
124
125
137
138
139
127
115
103
91
92
93
94
106
105
117
129
141
142
143
131
119
118
130
142
141
140
128
116
104
105
106
107
108
96
84
83
82
81
80
68
56
44
32
20
8
9
10
11
12
24
36
48
47
59
60
72
71
70
69
57
45
46
58
57
45
33
34
35
23
22
21
33
34
46
58
70
69
68
67
79
80
92
91
79
67
55
56
44
32
31
43
42
54
66
78
77
89
101
113
125
126
114
102
90
102
103
104
116
115
127
139
140
128
129
117
118
130
131
119
120
132
144
143
144
132
120
108
96
95
107
95
94
93
81
82
83
84
72
71
59
60
48
47
35
36
24
12
11
23
22
10
9
21
20
8
7
19
18
6
5
17
16
4
3
2
1
13
14
15
27
26
38
39
51
50
62
63
75
87
86
74
73
61
73
85
97
98
110
109
121
122
123
124
136
135
134
133
134
65
2
119
68
84
106
6
82
27
130
71
49
34
82
76
93
66
87
107
124
40
85
110
119
49
71
109
127
50
129
19
124
18
42
64
14
43
11
93
68
100
98
132
30
104
111
137
131
39
78
97
113
69
29
47
133
4
57
59
78
20
143
50
74
88
92
33
34
112
15
134
20
13
122
110
105
99
31
101
138
118
44
8
36
91
118
111
73
127
94
25
112
104
103
6
141
94
114
144
70
10
57
33
136
59
117
75
114
109
135
53
14
48
95
41
53
123
102
79
1
130
28
133
27
32
24
38
5
41
97
125
58
136
65
141
143
16
63
128
132
60
30
11
12
122
21
16
23
116
40
47
79
55
39
52
101
83
51
88
129
44
137
140
107
45
138
86
3
108
45
96
7
77
72
22
95
99
81
69
73
17
115
29
26
144
142
139
90
55
10
56
142
125
61
9
2
80
42
100
134
54
24
62
64
35
38
92
9
108
3
96
8
26
51
1
103
115
74
46
56
87
18
89
63
23
89
72
126
32
135
35
75
102
28
116
67
31
81
58
54
121
5
36
46
37
113
15
67
106
62
13
139
84
120
117
77
120
25
91
48
37
22
43
7
121
19
140
17
105
85
66
98
52
86
4
76
90
128
131
61
60
126
21
83
80
12
123
70
43
93
84
98
80
41
49
143
142
83
68
138
81
97
56
55
71
133
74
44
76
99
62
54
3
42
43
14
63
110
117
118
77
127
122
70
72
129
102
82
67
44
81
29
96
11
22
15
59
62
114
127
54
109
79
4
86
120
89
123
87
108
124
9
119
26
21
112
92
128
31
48
20
52
30
116
7
133
60
38
46
114
27
134
36
39
13
12
135
86
29
115
129
36
130
140
135
60
47
45
122
52
58
104
10
64
9
56
16
57
21
25
91
141
70
59
69
83
103
37
33
136
18
106
13
100
91
74
104
137
90
106
26
128
112
40
53
115
8
5
11
109
90
132
7
134
141
94
31
20
22
110
66
119
95
107
58
65
95
84
8
53
32
78
105
111
120
61
73
68
17
48
78
142
50
94
34
32
25
96
101
61
93
42
47
28
27
118
138
88
140
103
125
2
24
1
139
16
69
40
117
131
76
12
46
45
37
67
132
19
3
136
121
79
5
10
87
102
35
131
139
6
55
24
85
19
80
113
38
111
77
64
126
66
144
51
144
23
49
82
2
113
124
143
116
98
1
92
4
63
41
23
108
126
14
137
107
73
35
51
125
121
65
15
123
72
6
97
99
85
57
100
105
28
101
33
34
89
30
130
75
88
39
75
17
18
50
71
12
11
10
22
34
46
47
59
71
83
84
72
60
48
36
35
23
24
36
48
60
72
71
70
58
57
69
68
80
79
91
90
89
77
65
66
67
55
43
31
30
29
17
18
6
5
4
3
15
27
28
16
4
5
6
7
8
9
21
33
32
20
19
31
32
44
45
57
56
68
67
79
78
90
102
103
104
105
93
94
95
107
106
118
119
131
130
129
141
140
128
116
115
127
139
138
126
125
113
101
100
112
111
110
109
121
133
134
122
123
135
136
137
138
139
140
141
142
143
144
132
120
108
96
84
83
82
81
80
92
91
103
102
114
113
101
100
99
98
86
74
75
87
88
76
64
63
62
61
49
50
51
52
53
54
42
41
40
39
38
26
14
2
1
13
25
37
49
61
73
85
73
74
62
63
51
50
38
37
25
26
14
13
1
2
3
15
16
28
27
39
40
41
29
17
18
30
42
43
44
56
55
54
53
52
64
65
66
78
77
89
88
76
75
87
86
85
97
109
97
98
99
111
110
122
121
133
134
135
123
124
112
124
136
137
125
126
114
115
127
128
129
117
118
119
131
130
142
143
144
132
120
108
96
95
107
106
105
117
116
104
92
93
94
82
81
69
70
58
46
45
33
34
22
21
20
19
7
8
9
10
11
12
24
23
35
47
59
144
143
142
130
131
119
120
132
144
143
142
141
140
139
138
137
136
135
123
111
110
109
97
85
73
61
49
50
38
37
25
26
14
2
3
4
16
15
27
39
51
63
62
74
75
76
64
52
53
54
42
43
55
67
66
65
77
78
79
91
103
104
116
128
129
117
118
106
94
95
96
108
107
106
105
93
81
69
68
80
92
93
105
104
92
80
79
91
90
89
88
87
86
98
99
100
101
102
114
113
112
124
125
126
127
115
114
113
101
100
88
87
75
76
64
52
40
41
29
28
27
39
40
41
42
30
31
32
44
56
57
45
46
34
33
21
22
23
35
47
48
36
24
12
11
10
9
8
20
19
18
17
5
6
7
8
9
21
33
34
46
58
59
60
72
84
83
71
70
82
94
95
107
119
118
117
116
115
103
102
90
89
77
78
66
67
68
69
81
82
83
71
70
58
59
47
35
23
22
10
11
12
24
36
48
60
72
84
96
108
120
132
131
130
129
141
140
128
127
139
138
126
125
137
136
135
123
124
112
111
99
98
110
122
121
122
134
133
134
133
121
109
97
85
86
74
73
61
62
63
51
50
49
37
38
26
25
13
1
2
1
13
14
15
3
4
16
28
29
30
18
17
5
6
7
19
20
32
31
43
44
45
57
56
55
54
53
65
