##Rat 1 Day 8
 ##rewards
19
32
98
##Vertices
26
100
44
109
55
87
46
48
96
112
133
116
77
117
91
46
42
83
67
14
135
134
23
12
6
56
106
102
108
84
1
133
29
138
57
33
12
87
68
128
33
91
24
144
129
8
15
60
40
112
25
130
4
117
107
93
11
5
79
58
34
78
61
28
54
108
44
82
20
52
61
98
118
35
35
111
72
137
92
65
80
136
136
100
32
16
85
131
101
140
95
1
69
54
2
86
104
3
66
18
103
141
99
137
27
57
122
31
51
4
17
29
124
64
43
80
115
132
13
97
17
118
82
130
13
22
142
95
38
47
8
65
119
125
62
22
3
50
85
75
72
115
16
90
113
105
9
48
18
11
7
93
125
142
36
74
114
121
25
78
124
71
36
99
141
21
114
53
47
51
81
123
107
32
20
135
88
96
73
143
110
23
70
5
53
60
52
6
76
26
126
59
14
105
50
9
94
64
49
7
28
110
15
143
10
69
39
120
62
134
144
45
81
126
102
121
76
2
89
58
71
132
21
84
68
73
45
66
49
123
30
129
38
92
56
127
94
109
70
67
138
119
113
63
106
30
97
39
90
41
103
139
83
37
140
75
89
59
128
27
37
19
104
10
43
127
42
34
116
122
86
120
111
101
139
63
41
31
19
40
55
98
74
77
131
79
24
88
85
10
100
75
111
36
7
39
141
96
52
131
75
33
88
55
142
8
74
25
41
71
96
1
137
26
6
98
31
30
85
20
19
54
143
126
23
81
76
15
2
67
104
120
25
116
43
28
138
121
47
70
2
31
80
5
29
34
62
93
74
66
59
97
55
89
46
84
106
133
127
86
124
11
61
79
29
15
136
63
30
143
8
34
60
134
16
95
99
63
56
79
78
68
27
131
129
38
135
112
128
127
113
40
62
104
110
6
14
142
136
130
40
52
107
123
65
94
7
17
78
132
50
102
38
112
88
115
82
42
23
137
108
120
144
12
91
80
22
109
39
129
28
64
117
53
92
144
50
43
121
125
64
110
140
13
57
72
51
11
91
66
126
122
123
82
69
27
98
77
48
73
95
60
37
132
49
35
101
51
9
103
14
87
118
54
128
119
37
4
1
86
36
58
89
73
71
125
114
42
72
122
139
108
44
45
101
106
113
76
5
140
99
92
19
103
141
116
24
32
57
21
90
111
117
47
118
26
32
3
84
33
138
77
16
65
97
83
48
35
135
87
83
17
105
119
107
115
90
10
9
22
59
102
24
114
134
18
70
12
56
20
3
69
46
109
4
18
100
130
133
45
94
61
41
49
139
124
81
68
58
93
44
53
13
67
105
21
144
143
142
130
131
119
120
108
107
106
105
93
94
82
70
71
83
95
96
84
72
60
48
36
35
23
24
12
11
10
9
8
20
32
33
21
22
34
46
45
44
56
57
69
68
67
55
43
31
19
18
30
29
41
42
54
66
65
53
52
40
28
27
15
3
2
1
13
14
26
25
37
49
61
73
74
62
63
75
87
88
76
77
78
79
80
81
93
92
91
90
89
101
102
114
115
103
104
116
128
127
126
125
113
112
124
136
135
123
111
110
122
121
133
134
135
136
137
138
139
140
141
129
117
118
106
94
82
81
80
68
69
70
58
59
47
48
36
35
34
33
32
31
30
29
17
5
4
16
28
27
39
38
50
51
63
64
76
75
87
99
100
88
89
90
102
101
100
99
98
97
85
86
98
86
85
73
74
62
61
49
37
25
13
1
2
3
4
5
6
7
19
20
21
22
23
24
12
11
10
9
8
7
6
18
17
16
15
14
26
38
50
51
39
40
52
64
65
77
78
79
67
66
54
53
41
42
43
55
56
44
45
57
58
46
47
59
60
72
71
83
84
96
95
107
119
118
117
105
104
92
91
103
115
116
128
127
126
114
113
112
111
110
109
97
109
121
133
134
122
123
124
125
137
138
139
140
141
129
130
142
143
144
132
131
132
120
108
12
24
36
48
60
59
47
35
23
11
10
22
34
33
45
57
56
68
69
81
93
94
82
83
84
96
95
107
108
120
132
131
130
129
141
140
128
116
104
92
91
103
102
90
78
66
65
77
76
64
52
53
41
42
54
55
67
79
80
92
104
105
106
118
119
120
108
96
84
72
71
70
58
46
45
44
32
31
43
44
32
20
8
9
21
33
34
46
58
57
69
81
93
105
117
116
115
114
126
125
124
136
135
123
111
112
113
101
89
88
100
99
87
86
98
97
109
110
122
121
133
134
135
136
137
138
139
127
115
103
102
101
89
88
100
99
87
75
63
62
74
73
61
49
37
38
50
51
39
27
15
16
17
29
28
40
41
29
30
18
6
5
4
3
2
1
13
14
26
25
37
38
26
25
13
1
2
14
15
3
4
16
28
27
39
40
52
53
65
64
63
51
50
49
61
62
74
75
76
77
78
90
91
79
80
68
56
55
67
66
54
42
43
31
30
18
17
5
6
7
19
20
19
7
8
9
21
22
10
11
12
24
23
35
36
48
47
59
60
72
71
70
82
83
95
107
119
131
132
144
143
144
143
142
130
142
141
140
139
138
137
125
124
123
122
134
133
121
109
97
85
73
85
86
98
110
111
112
113
114
126
127
128
129
117
118
106
94
44
47
128
39
63
81
67
7
93
6
111
63
43
2
124
47
17
24
116
139
92
61
26
103
125
136
19
13
64
88
41
65
83
52
116
30
68
102
45
41
100
60
85
81
56
137
86
19
42
120
142
135
114
105
97
85
127
13
10
10
132
106
109
36
87
115
104
7
123
64
55
104
110
131
83
28
55
50
98
87
38
131
51
8
5
71
69
57
62
119
23
16
129
78
138
62
107
115
15
71
90
6
107
102
18
134
138
31
18
42
69
84
8
11
114
112
99
25
110
82
88
54
101
74
89
67
68
43
21
22
56
59
70
129
28
133
123
54
35
51
46
50
73
113
24
113
82
144
2
100
1
141
72
70
117
135
93
20
80
119
121
3
94
139
37
29
92
25
59
53
133
14
96
52
121
75
78
79
79
40
106
16
57
4
9
103
45
48
17
3
48
30
14
101
33
4
99
86
117
136
32
90
15
34
44
60
66
124
58
1
26
141
108
95
122
77
74
112
33
128
29
144
58
34
143
91
89
122
80
76
5
125
126
84
109
53
126
37
23
49
66
35
65
32
111
95
36
9
142
12
11
130
39
38
49
72
140
118
94
22
140
137
12
132
27
91
77
20
21
61
96
75
127
97
98
73
46
27
108
105
130
118
40
76
31
134
120
143
41
6
54
47
76
69
75
32
93
11
111
49
104
135
131
27
11
106
121
49
100
29
45
88
35
109
2
129
97
26
85
25
89
91
25
33
139
56
51
50
78
97
74
5
50
113
107
123
138
19
40
13
54
131
9
83
63
2
124
61
134
1
23
112
142
82
93
14
14
100
67
76
15
37
124
106
84
7
139
77
42
20
115
132
103
92
28
140
18
29
44
12
12
107
138
39
44
57
57
39
66
125
98
1
46
129
86
134
127
55
71
22
26
63
15
142
132
125
99
96
7
73
64
102
140
114
64
87
111
47
35
68
48
52
41
141
60
17
81
95
34
123
21
98
126
62
8
73
70
88
136
66
117
95
51
37
5
32
84
3
79
78
144
72
8
105
133
45
75
80
117
137
143
114
143
31
56
141
127
18
116
81
87
27
128
115
108
110
58
94
10
34
53
113
33
137
128
133
79
119
67
116
65
105
16
99
144
24
96
130
46
65
59
89
52
94
36
122
23
121
43
19
10
135
90
68
22
36
62
91
16
55
77
101
90
60
38
136
3
21
126
112
118
72
42
118
43
103
85
20
109
83
71
13
53
80
17
110
38
120
6
102
130
9
24
86
31
74
61
70
28
108
30
120
40
58
4
4
119
101
82
48
59
92
69
104
30
122
1
2
3
4
5
17
16
15
14
13
25
26
27
39
40
41
53
54
42
43
44
32
31
19
7
8
20
21
9
10
11
23
35
47
48
60
59
58
57
56
68
69
81
80
79
78
90
91
103
102
101
89
88
76
77
65
66
67
55
56
57
45
33
34
22
10
9
8
7
6
18
30
29
28
40
52
51
63
64
52
51
50
49
37
38
39
27
28
29
41
42
43
44
45
46
58
70
82
83
95
107
108
120
119
118
106
94
93
92
104
105
117
116
128
129
141
142
130
131
143
144
132
120
108
96
84
72
71
70
69
81
93
92
104
105
117
116
115
114
126
127
139
138
137
136
124
125
113
112
111
110
98
86
87
99
100
88
87
75
74
73
85
97
109
121
133
134
122
123
135
136
124
123
135
134
133
121
122
110
109
97
98
99
111
112
100
101
89
90
102
114
113
125
137
138
126
127
115
103
91
79
80
68
67
55
54
53
65
66
78
77
76
64
63
75
74
86
85
73
61
62
50
62
61
49
37
38
26
25
13
1
2
14
15
3
4
16
17
5
6
18
30
31
19
20
21
22
23
11
12
24
12
24
36
35
36
48
60
72
84
96
95
107
119
131
132
144
143
142
141
140
139
140
128
129
130
118
106
94
82
83
71
59
47
46
34
33
32
133
121
122
123
135
136
137
138
139
140
141
142
130
129
117
105
104
92
93
94
82
83
84
72
60
59
47
48
36
35
23
24
12
11
10
9
21
33
45
44
56
57
58
46
34
22
10
9
8
20
32
31
43
55
67
68
69
81
80
79
91
103
102
114
115
116
128
127
126
125
113
101
100
99
87
86
85
73
74
62
61
49
50
38
37
25
13
14
15
3
4
5
6
7
19
18
17
16
28
40
52
64
63
51
39
27
26
25
37
49
61
73
85
97
109
110
98
99
111
112
124
136
137
125
113
114
102
90
78
66
65
77
76
75
74
62
50
38
26
27
39
51
63
64
52
53
41
29
30
42
54
55
67
79
91
103
104
105
106
118
119
131
132
120
108
107
95
96
84
72
71
83
95
96
108
107
119
120
132
144
143
144
143
131
130
142
141
140
139
138
126
127
115
116
128
129
117
118
106
94
93
92
80
81
82
70
71
59
60
48
47
46
58
70
69
68
56
57
45
33
34
35
36
24
12
11
23
22
21
20
8
7
6
18
19
31
32
44
43
42
30
29
17
5
4
3
2
1
13
1
2
14
15
16
28
40
41
53
54
66
65
77
78
90
89
88
100
112
124
123
111
110
122
134
135
134
133
121
109
97
98
86
87
75
76
88
89
101
130
3
111
75
30
67
84
92
53
52
32
117
28
22
88
87
95
100
114
55
47
38
31
65
69
44
70
98
136
115
133
37
59
19
101
85
44
20
121
89
110
14
47
20
42
143
68
91
23
32
120
39
22
86
27
138
30
75
24
142
29
130
129
48
57
95
96
57
81
61
58
10
6
123
17
128
115
112
40
2
102
16
125
46
54
94
13
14
105
97
91
59
134
61
102
18
46
118
41
36
117
7
8
96
53
43
142
66
125
31
106
84
9
17
34
15
104
86
52
16
83
132
50
56
55
77
93
33
33
26
23
28
12
6
48
123
119
111
106
128
54
90
99
132
144
25
71
5
118
138
104
26
18
25
121
7
103
27
35
70
109
73
78
76
134
131
94
67
13
65
127
109
71
68
101
135
97
82
11
1
64
87
144
110
122
36
45
82
81
113
135
60
80
43
5
116
10
63
15
139
45
72
19
88
3
49
9
129
69
74
140
38
78
99
4
51
39
113
24
93
76
60
12
51
92
1
131
40
62
141
73
4
63
124
119
89
21
103
90
37
133
64
29
143
83
21
107
116
126
58
108
141
105
140
98
62
50
107
56
108
85
2
120
124
112
126
100
11
127
72
79
114
77
8
137
42
79
139
41
34
49
136
80
137
74
66
122
35
17
70
141
32
135
120
101
61
137
87
74
24
9
44
8
38
109
45
102
124
7
54
8
128
129
51
49
31
3
57
40
107
92
35
125
13
71
48
133
39
12
136
98
36
58
113
10
99
43
125
121
81
30
139
117
91
82
143
143
24
144
138
144
51
33
15
141
85
33
32
50
102
40
7
142
131
71
100
55
53
120
110
83
76
23
16
11
21
111
73
49
89
80
94
97
28
139
20
69
106
4
22
85
108
95
64
61
93
103
37
68
15
6
18
83
79
59
77
111
68
1
127
90
4
99
130
91
87
27
114
105
72
107
97
66
67
110
13
96
88
45
57
47
76
113
36
140
18
42
20
46
65
122
118
75
81
123
86
1
137
133
38
93
106
43
123
58
121
132
66
109
117
69
2
12
82
126
41
27
59
95
134
5
78
53
104
3
52
84
74
72
80
29
56
35
28
52
101
30
60
73
70
112
86
63
62
54
23
6
25
127
108
75
105
84
129
60
89
34
122
135
119
42
128
132
64
26
41
94
62
48
44
46
29
56
9
19
98
14
112
78
100
47
79
37
115
17
55
138
103
116
77
10
16
21
118
134
2
63
115
25
116
14
142
39
114
124
131
67
50
90
130
136
22
5
96
19
34
126
31
88
65
26
119
92
104
11
140
133
134
122
110
109
121
133
134
135
123
124
125
113
101
102
90
78
79
80
81
82
94
93
105
106
107
95
96
84
83
71
72
60
59
47
46
34
35
36
48
60
72
84
96
108
120
119
131
132
144
143
142
130
118
117
129
141
140
139
127
115
114
126
138
137
136
135
123
111
112
100
88
76
64
52
53
54
66
65
77
89
88
87
99
98
97
85
73
74
62
61
49
50
38
26
25
37
49
61
73
85
86
74
75
63
51
39
40
41
42
30
18
17
5
6
7
8
20
32
33
21
9
10
11
23
22
34
33
45
44
56
55
43
31
19
7
6
5
4
16
15
14
13
1
2
3
4
16
28
29
41
42
54
53
65
77
89
90
91
92
104
116
128
140
141
129
117
105
93
81
69
68
67
66
78
79
67
55
43
44
32
31
30
29
17
18
19
20
8
9
21
22
10
11
12
24
12
24
23
35
36
48
47
46
58
59
71
83
95
107
108
120
119
131
132
144
143
142
130
118
106
94
82
70
58
70
69
57
45
57
56
68
80
92
91
103
102
101
113
114
115
103
104
116
128
127
139
138
126
125
137
136
124
112
100
99
111
110
122
121
109
97
98
86
87
75
76
64
63
51
52
40
28
27
39
27
26
14
15
3
2
1
13
25
37
38
50
62
144
132
131
130
142
141
140
139
127
115
103
91
90
78
77
89
88
87
75
76
64
65
66
54
53
41
29
30
18
6
7
8
9
10
22
34
46
58
59
60
48
47
35
23
24
12
11
10
9
21
20
19
31
43
42
41
40
28
27
39
38
50
62
74
73
61
49
37
25
26
14
13
1
2
3
4
5
17
16
15
27
28
29
30
42
43
44
32
33
45
57
69
68
80
79
67
55
56
44
45
57
58
70
82
94
95
83
71
72
84
96
108
107
119
120
108
96
95
94
106
118
117
116
128
129
141
140
139
138
126
114
102
101
100
112
111
123
135
136
124
125
137
136
135
134
133
121
122
110
109
97
85
86
98
99
87
75
63
51
52
64
76
88
89
77
78
79
80
81
93
105
104
105
93
92
104
92
91
90
102
103
115
116
117
118
106
107
119
120
132
131
143
144
143
142
130
129
128
127
126
138
137
125
113
114
113
101
100
112
124
123
122
134
133
121
109
110
111
99
98
97
85
86
74
73
61
49
50
62
63
51
52
40
39
38
37
25
26
14
13
1
2
3
15
16
4
5
17
18
6
7
8
20
19
31
32
33
21
22
23
11
12
24
36
48
36
35
34
46
47
59
60
72
84
83
71
70
82
81
69
68
67
66
65
53
54
55
56
