##Rat 3 Day 35
 ##rewards
127
116
38
##Vertices
144
132
120
108
96
95
107
119
131
143
142
130
118
117
105
93
92
80
81
69
57
58
70
71
72
60
59
47
48
36
24
23
22
21
9
8
20
32
44
56
55
43
42
54
66
78
77
65
64
76
88
89
101
102
90
91
79
67
68
56
44
45
46
34
35
36
48
60
72
84
83
82
94
106
105
104
116
115
103
104
116
128
140
141
129
117
118
106
94
93
81
69
57
45
33
32
31
30
18
17
16
4
3
15
27
28
29
41
53
52
40
39
51
50
38
37
25
26
14
13
1
2
3
4
5
6
7
19
31
43
42
41
53
52
40
39
51
63
75
74
62
61
73
85
97
98
86
87
99
111
123
124
125
113
112
100
101
113
114
126
138
137
136
135
134
133
121
122
110
109
97
98
110
109
121
133
134
122
123
135
136
124
112
111
99
100
88
89
77
76
75
87
86
85
73
74
62
63
64
65
66
54
55
67
68
80
92
91
79
78
90
102
103
115
114
126
125
137
138
139
127
128
127
139
140
141
129
130
142
143
144
132
131
119
120
108
107
95
96
84
83
82
70
71
59
47
35
23
24
12
11
12
11
10
22
10
9
8
7
6
5
17
16
15
14
2
1
13
25
37
49
61
49
50
38
26
27
28
29
30
18
19
20
21
33
34
46
58
133
121
109
110
122
123
135
136
124
112
100
101
113
114
115
127
126
125
137
138
139
140
141
142
130
131
143
144
132
120
108
96
95
94
106
107
119
118
117
105
93
92
104
103
91
79
80
81
82
83
71
70
58
57
69
68
67
55
56
44
45
46
34
35
36
24
12
11
23
22
10
9
8
7
6
18
19
31
30
29
41
42
54
66
78
90
102
101
89
77
65
53
52
64
63
75
76
88
87
86
74
62
50
51
39
38
37
25
26
27
15
14
2
1
13
25
37
49
61
73
85
97
98
99
111
112
113
114
102
90
91
103
115
116
128
129
141
142
130
118
106
94
82
70
58
59
60
48
47
46
34
33
21
20
32
31
43
42
30
29
28
40
41
53
65
64
52
40
28
16
4
5
17
16
17
5
6
18
19
7
8
9
10
11
12
24
36
48
60
72
84
83
95
107
119
131
143
144
132
120
108
96
84
72
71
59
47
35
23
22
21
20
32
33
45
44
43
55
54
66
78
79
67
68
56
57
69
81
80
92
93
105
104
116
117
129
128
140
139
127
126
138
137
125
124
123
111
99
100
88
89
77
76
75
87
86
74
62
63
51
39
27
15
3
4
3
2
1
13
14
26
38
50
49
61
73
85
97
98
110
109
121
133
134
122
134
135
136
34
31
128
137
13
46
19
24
34
90
14
40
115
65
10
74
121
104
51
65
27
104
140
77
75
10
144
117
134
86
1
95
72
118
23
67
57
71
110
52
119
20
91
66
114
119
35
33
135
72
27
102
36
52
128
79
93
1
91
81
3
121
26
88
67
93
90
22
11
18
60
58
144
139
88
84
30
38
60
47
109
98
87
30
132
26
64
69
15
57
80
113
23
35
39
22
106
28
15
109
64
41
120
21
82
9
43
141
62
70
131
129
73
87
106
107
49
143
9
32
138
122
7
8
31
133
62
101
130
86
89
61
122
98
56
76
50
100
76
37
21
51
94
48
139
70
7
32
111
14
53
136
25
82
112
37
42
129
133
99
61
89
136
58
81
112
140
130
42
116
17
49
97
8
28
127
63
13
101
74
6
77
135
142
85
25
126
115
118
24
132
124
73
84
126
6
103
45
16
39
102
68
4
56
44
105
111
113
99
96
33
44
38
5
55
54
5
108
110
138
66
137
41
123
83
97
29
125
83
78
47
92
71
4
79
69
2
94
95
108
29
55
45
12
142
78
131
107
117
17
120
19
54
124
116
20
36
103
48
85
105
96
40
3
75
12
100
127
92
2
50
123
68
18
46
11
141
134
59
43
63
53
114
80
59
125
16
143
79
60
141
95
51
53
89
129
103
80
38
139
81
133
45
30
95
113
48
63
72
29
46
14
74
110
127
84
92
121
58
116
128
144
137
29
68
117
34
39
119
88
32
122
35
50
12
86
31
2
6
20
70
59
34
122
100
6
48
98
66
101
49
56
28
131
108
81
38
14
45
111
138
82
97
112
101
1
3
119
76
23
75
72
44
130
125
107
11
25
20
37
75
26
135
5
8
9
35
107
117
128
15
70
44
77
55
123
125
53
140
85
138
27
115
118
98
5
11
62
66
83
123
96
69
73
17
80
39
90
132
68
61
118
87
130
7
104
134
109
141
36
49
92
41
93
90
99
74
4
18
64
55
3
19
33
63
99
84
137
94
43
41
124
28
10
134
139
25
87
67
27
140
54
57
113
120
42
124
31
82
133
110
65
132
126
112
4
10
13
52
78
32
24
18
100
127
12
106
83
94
62
91
142
16
40
88
136
22
58
54
21
114
16
108
19
30
135
46
103
96
71
21
50
104
56
64
114
9
17
61
102
102
97
23
79
115
78
36
131
106
2
129
109
47
143
85
116
43
40
91
13
42
59
126
111
120
52
60
89
105
57
86
121
69
77
7
105
15
26
73
22
93
8
33
76
136
67
47
71
65
142
37
144
1
24
51
143
1
13
25
26
14
15
3
4
16
28
40
41
29
30
31
19
18
17
5
6
7
8
9
10
22
23
11
12
24
36
48
60
59
58
46
47
35
34
33
45
57
56
44
43
55
67
68
69
70
71
83
82
94
93
81
80
79
91
92
104
105
106
118
119
120
132
144
143
131
130
142
141
140
139
138
126
127
115
114
113
101
102
90
78
66
54
42
41
53
65
77
89
88
76
75
63
64
52
51
50
62
74
86
87
99
98
97
109
110
111
123
122
134
133
121
109
97
85
73
61
49
37
38
39
27
28
29
30
42
54
55
43
31
32
20
21
9
10
22
34
46
58
70
82
94
95
96
108
107
106
118
117
129
128
116
115
103
102
114
113
112
100
101
89
77
76
88
100
112
124
136
137
125
124
125
137
138
126
127
139
140
141
142
143
144
132
120
108
96
84
72
71
59
47
35
23
11
12
24
36
48
60
72
84
83
95
107
119
131
130
129
128
116
117
105
104
103
91
90
78
66
67
79
80
92
93
81
69
68
56
57
45
44
32
33
21
20
8
7
19
18
6
5
17
16
15
27
39
40
52
53
65
64
63
51
50
62
74
75
87
99
111
123
135
136
135
134
133
121
122
110
98
86
85
73
61
49
37
38
26
25
13
1
2
14
2
3
4
12
24
23
22
10
11
12
24
36
35
47
59
58
57
69
68
67
79
91
103
115
116
104
105
117
129
128
140
139
127
126
138
137
125
124
112
111
123
135
136
137
138
139
140
141
142
130
131
143
144
132
120
119
118
106
107
108
96
84
83
82
70
71
72
60
48
36
35
34
46
45
44
43
42
41
53
65
66
54
55
56
44
32
33
21
9
8
7
19
18
6
5
17
16
15
3
4
5
6
7
8
20
19
31
30
29
28
40
52
64
63
62
50
49
61
73
85
86
87
99
98
97
109
121
122
110
111
99
100
88
89
77
76
75
74
73
61
49
37
38
26
14
2
1
13
25
37
38
39
51
52
64
65
53
54
55
56
68
80
92
93
94
95
96
108
107
106
105
104
103
102
90
78
66
67
79
78
77
76
88
87
75
63
51
50
62
74
86
85
97
98
110
109
121
133
134
133
134
122
123
135
136
124
112
113
125
126
127
128
129
141
142
130
131
143
144
132
120
119
118
117
116
115
114
113
114
102
101
100
101
89
90
91
92
80
81
69
57
58
70
82
81
93
94
95
83
84
72
71
59
60
48
47
46
45
33
34
22
23
11
10
9
21
20
32
31
43
42
30
29
41
40
39
27
28
27
15
14
26
25
13
1
2
3
4
16
17
18
135
35
110
132
46
103
21
138
21
8
65
51
110
67
4
33
60
66
91
71
24
41
19
13
63
34
124
130
131
9
102
118
97
119
61
85
30
39
114
139
106
126
35
12
24
59
137
7
9
95
105
50
66
1
46
70
17
12
128
33
128
111
43
143
57
111
75
92
53
87
23
84
112
14
76
13
83
99
86
132
97
90
98
34
7
48
27
79
129
28
109
125
136
53
113
107
103
37
80
63
127
127
14
2
49
138
47
96
3
45
60
36
116
104
143
15
71
5
102
26
31
90
142
91
38
58
77
140
59
55
100
23
115
106
126
28
15
104
18
134
99
122
22
57
73
89
87
2
3
82
20
76
51
68
88
70
1
130
124
41
118
78
113
32
37
56
11
22
94
79
16
74
112
4
98
105
120
119
122
18
52
141
94
38
117
84
29
55
81
20
123
117
92
47
133
114
44
5
62
61
101
77
89
140
83
129
133
125
69
27
101
107
36
26
48
62
134
96
49
141
64
40
40
16
39
30
8
116
100
19
95
67
121
32
42
108
75
50
64
80
144
93
85
45
58
74
69
6
6
54
56
73
17
120
123
31
44
108
29
88
139
109
72
10
25
65
25
142
86
11
78
136
82
121
68
137
54
135
52
81
72
131
93
43
42
10
115
144
97
42
110
136
109
18
15
141
50
9
108
67
51
76
121
52
114
47
44
28
89
101
11
22
38
104
128
81
4
29
129
60
51
69
120
135
144
57
109
134
56
54
35
76
104
39
73
19
86
91
30
2
45
74
78
26
112
106
59
71
37
5
140
96
16
57
77
18
43
87
72
75
90
143
50
95
60
124
46
41
106
105
63
139
24
6
111
127
107
55
133
27
103
143
54
40
140
64
85
74
100
71
4
49
33
32
95
31
7
118
102
65
9
49
108
101
24
121
17
82
41
118
120
124
26
22
21
144
122
72
138
119
110
48
125
137
47
20
116
114
67
13
117
35
112
46
68
37
44
12
93
78
28
100
87
123
45
31
61
66
130
40
126
23
13
19
3
94
1
131
117
36
58
99
34
43
7
83
30
70
62
14
119
3
98
113
61
89
80
8
69
25
63
142
20
6
38
66
21
83
126
132
92
10
142
12
128
103
62
5
138
99
115
23
141
111
36
139
129
32
48
79
73
75
127
65
82
93
115
1
131
125
59
91
107
42
94
122
14
25
137
39
88
132
113
88
123
52
29
85
8
27
2
70
68
84
53
84
90
134
17
53
33
133
97
92
105
77
98
130
86
10
80
55
58
16
116
135
102
96
34
64
81
56
79
15
11
136
144
132
120
119
131
130
142
141
129
117
105
104
116
115
114
126
127
128
140
139
138
137
136
135
123
122
134
133
121
109
97
85
86
87
99
98
110
111
112
100
88
89
101
102
90
78
77
76
75
74
62
63
51
52
64
65
66
54
53
41
40
39
27
26
25
13
1
2
14
15
3
4
5
6
7
19
18
30
31
32
44
43
55
67
79
91
103
104
92
80
68
56
57
69
70
82
81
93
94
95
83
71
59
58
46
47
48
36
35
34
22
23
11
12
24
36
48
60
72
84
96
108
107
106
118
117
116
115
103
91
90
102
114
113
125
124
136
135
123
111
99
87
75
63
51
50
49
37
38
39
27
28
16
17
29
30
42
43
31
32
33
45
44
56
68
69
57
45
33
21
9
8
20
21
20
8
7
19
18
6
5
4
3
2
1
13
25
37
49
61
73
74
86
98
110
122
134
133
121
109
97
85
73
61
62
50
38
26
14
15
16
17
29
28
40
41
42
54
55
67
79
78
66
65
53
52
64
76
77
89
88
100
101
113
112
124
125
137
138
126
127
139
140
128
129
130
118
106
105
93
92
80
81
82
94
95
83
71
70
58
46
34
22
10
9
10
11
12
24
23
35
47
59
60
72
84
96
108
107
119
120
132
144
143
131
143
142
141
1
13
14
15
3
4
5
6
18
30
42
54
55
67
68
56
57
58
70
69
81
80
79
91
92
104
116
115
127
139
138
137
136
135
123
111
99
87
86
85
97
98
110
122
121
133
134
135
136
124
125
126
114
102
103
104
105
117
118
106
107
95
83
71
72
84
96
108
120
119
131
132
144
143
142
141
140
128
129
130
118
117
116
115
103
102
101
113
112
100
88
76
77
65
66
78
90
89
101
100
88
87
75
63
51
50
62
74
73
61
49
37
38
26
25
37
49
50
51
39
27
28
29
17
16
4
5
6
7
19
31
43
44
45
33
34
22
10
9
21
20
8
9
10
11
12
24
23
35
36
48
60
59
47
46
58
70
82
94
93
81
69
57
56
68
67
66
65
64
52
40
41
40
52
53
41
53
54
55
43
42
30
29
28
27
39
38
26
25
13
14
2
1
2
3
15
16
17
18
19
7
8
20
32
31
32
44
45
33
21
22
23
11
12
24
36
35
34
46
47
48
60
59
71
72
84
96
95
83
82
94
93
105
106
107
108
120
119
131
132
144
143
142
130
129
141
140
128
127
139
138
137
125
126
114
113
112
124
123
122
134
133
121
109
97
109
110
111
99
98
86
85
73
61
62
74
75
63
64
76
77
78
79
80
92
91
90
89
89
124
84
52
47
106
143
72
75
32
6
113
104
111
30
15
123
129
113
29
63
122
2
61
101
21
110
60
44
131
141
24
122
98
102
40
49
132
45
72
33
50
56
135
71
51
117
129
69
98
26
20
43
110
100
126
121
112
23
63
25
41
106
99
23
70
92
70
43
41
45
55
86
27
107
82
2
21
138
116
119
59
22
114
38
31
85
79
4
30
19
54
52
9
56
114
78
97
112
10
35
82
131
16
133
14
142
47
7
12
34
29
83
87
120
100
78
13
124
11
60
22
33
35
135
4
80
88
134
18
108
85
133
130
77
130
61
79
137
58
105
102
94
137
39
87
119
62
132
139
6
68
9
128
95
40
134
7
80
77
109
94
14
65
73
120
105
28
93
73
64
39
125
93
71
88
37
128
24
68
36
8
91
17
109
32
1
5
139
1
125
96
3
19
66
13
25
144
143
46
69
90
51
115
53
140
20
34
103
53
8
95
3
126
64
38
31
11
55
101
26
96
142
67
42
10
46
138
18
16
123
75
104
48
97
99
17
65
15
59
74
92
50
84
86
111
44
127
49
117
83
54
28
67
42
74
116
81
37
48
89
76
108
144
66
36
76
107
5
91
115
118
58
90
118
140
141
103
62
12
136
57
57
127
81
136
121
27
80
111
141
131
89
83
4
143
57
38
85
139
133
76
71
65
21
27
7
100
54
37
144
56
43
22
17
3
17
76
91
86
52
69
87
85
95
105
73
4
56
80
30
19
114
46
48
123
135
26
73
41
82
52
94
18
48
96
92
51
8
98
78
34
105
140
19
120
119
62
107
84
109
34
39
42
137
12
7
134
128
13
124
10
127
140
101
61
119
35
64
108
98
86
131
97
125
6
39
44
32
93
97
65
55
2
133
77
107
74
41
87
112
24
114
50
121
110
113
57
36
99
117
61
116
54
15
11
120
28
115
62
13
81
109
12
88
92
136
43
144
134
60
71
108
95
36
90
66
84
21
82
130
136
5
99
49
6
89
81
118
102
138
74
29
88
64
50
100
79
42
96
138
125
20
106
53
60
124
58
28
32
16
14
40
38
31
22
75
33
5
47
63
126
8
9
137
45
123
30
44
135
69
104
23
104
110
20
68
23
90
116
58
117
75
72
63
59
79
68
53
59
141
25
27
83
142
11
77
16
78
1
94
25
24
122
51
118
35
3
26
72
103
18
132
142
132
112
128
33
55
15
70
106
127
91
49
29
47
111
126
9
45
31
129
66
67
102
10
115
103
121
14
1
70
2
129
101
122
93
130
113
139
40
143
46
37
67
