##Rat 5 Day 20
 ##rewards
74
87
21
##Vertices
30
118
89
60
39
118
44
127
121
52
8
34
106
56
86
34
113
65
136
133
72
77
49
43
77
96
122
119
76
21
14
3
132
126
101
37
91
88
108
69
23
70
18
19
54
106
100
12
7
88
85
80
94
32
57
45
96
81
25
114
42
133
53
113
90
7
134
131
95
56
74
67
22
59
23
120
26
47
68
14
44
22
123
76
89
65
143
51
71
91
38
69
94
64
47
13
136
4
99
28
104
93
97
36
131
87
61
99
11
61
42
140
33
138
142
75
140
105
16
12
102
128
60
50
45
135
41
105
4
6
48
29
57
82
27
120
16
10
67
19
116
101
125
132
110
18
71
112
3
53
117
20
112
124
95
46
122
51
40
31
117
68
43
30
115
46
66
109
141
111
75
102
134
39
37
116
92
111
32
123
82
55
72
15
5
103
13
9
10
55
17
2
6
2
11
137
107
26
63
127
83
98
49
9
21
28
35
27
1
63
126
50
25
80
104
135
129
8
78
128
110
109
100
58
41
62
64
31
144
62
70
1
139
85
15
141
115
143
144
58
84
86
90
108
38
130
84
119
121
54
59
48
125
74
17
66
138
40
33
73
83
103
142
52
79
24
93
36
137
20
35
87
79
29
107
130
24
114
81
139
124
5
78
129
97
98
73
92
79
38
102
61
16
73
136
77
29
120
72
138
33
101
18
144
106
125
70
7
123
105
49
16
2
48
112
130
138
23
114
31
5
111
53
47
20
82
54
62
57
67
83
81
6
59
92
104
1
51
31
115
114
69
35
56
58
21
64
119
95
110
89
13
46
24
52
126
44
91
144
25
134
94
22
126
100
122
137
96
132
60
131
101
89
19
69
33
106
73
74
121
131
134
79
7
90
32
129
118
24
100
61
116
104
141
117
52
46
71
93
98
55
90
43
51
109
27
82
49
36
66
128
20
80
72
48
11
30
44
63
74
26
105
41
15
37
9
78
64
23
43
56
60
45
18
12
143
116
34
135
84
17
92
68
67
78
14
5
32
26
140
85
133
76
14
19
141
97
4
57
62
6
10
108
143
91
86
118
59
54
88
99
103
127
27
8
22
28
75
109
4
13
70
113
45
30
42
83
84
99
66
94
76
9
28
115
87
119
8
135
133
124
80
120
40
29
39
36
121
98
139
85
124
50
11
68
139
96
2
21
63
12
40
81
87
142
97
35
25
34
93
130
15
107
110
123
1
42
129
108
125
65
88
127
17
86
102
37
122
103
58
137
128
107
112
71
3
142
50
132
113
65
38
41
53
95
39
75
117
136
3
111
140
55
47
77
10
12
11
10
9
8
20
32
31
19
7
6
18
30
42
54
55
43
44
45
33
21
22
23
24
36
35
34
46
58
59
60
48
47
46
58
70
82
81
69
57
56
68
80
79
67
66
78
77
76
88
100
101
89
90
102
114
113
125
126
138
137
136
135
123
124
112
111
99
98
97
109
121
122
110
109
97
85
86
87
75
74
62
50
38
37
49
61
73
85
86
98
99
87
88
100
112
113
114
115
127
139
140
141
129
128
116
117
105
93
92
91
103
104
105
106
94
95
83
71
72
84
96
108
107
119
120
132
131
143
142
130
118
106
94
93
81
69
57
45
44
32
31
43
42
41
40
39
51
63
64
65
53
52
51
39
27
28
29
17
16
4
3
15
14
2
1
13
25
26
27
28
16
15
3
2
1
13
14
26
25
37
38
50
49
61
73
74
62
63
75
76
77
89
101
102
90
91
92
80
79
78
66
67
68
56
55
54
53
65
64
52
40
41
29
30
18
17
5
4
5
6
7
19
20
8
9
10
22
21
33
34
35
23
11
12
24
36
48
47
59
60
72
71
70
82
83
84
96
95
107
108
120
119
131
130
118
117
129
128
116
104
103
115
127
126
125
124
123
111
110
122
134
133
121
133
134
135
136
137
138
139
140
141
142
143
144
132
144
1
13
25
37
49
50
51
63
62
61
73
74
75
76
77
65
64
52
40
39
38
26
14
2
3
15
27
28
29
17
5
4
16
28
29
30
31
43
42
41
53
54
55
67
66
78
79
91
103
104
105
93
92
80
81
82
94
95
83
84
96
108
120
119
107
106
118
117
129
141
142
143
131
130
142
141
140
128
116
115
127
126
125
124
136
137
138
139
140
128
129
117
116
104
105
106
94
82
70
71
72
60
48
47
59
58
46
45
44
56
68
69
57
45
33
32
20
19
18
6
7
8
9
21
22
10
11
23
24
36
35
34
33
32
44
43
42
41
40
52
51
63
64
76
88
100
112
113
114
102
90
89
101
113
112
111
99
87
86
98
97
109
110
122
121
133
134
135
123
111
99
98
110
109
121
133
134
122
123
135
136
124
125
137
138
139
127
126
114
115
103
91
92
93
81
80
68
56
55
67
79
78
66
54
53
65
77
89
90
102
101
100
88
87
75
74
86
85
97
85
73
61
62
50
49
37
25
26
38
39
27
15
14
13
1
2
3
4
16
17
5
6
18
30
31
19
7
8
20
21
9
10
22
23
35
34
46
47
59
58
57
69
70
71
83
95
107
119
118
130
131
132
144
143
144
132
120
108
96
84
72
60
48
36
24
12
11
12
96
58
14
47
43
99
25
1
7
74
51
100
49
19
128
140
84
39
94
62
138
28
8
4
32
113
20
114
142
34
76
71
71
40
136
77
131
2
97
86
137
112
23
48
121
60
84
29
123
73
83
129
21
134
16
106
79
16
50
64
12
33
44
139
3
59
139
29
17
127
114
6
72
64
39
32
19
120
132
9
91
86
109
33
98
75
102
106
36
105
98
101
133
103
142
125
67
89
53
26
115
30
104
130
15
97
22
80
18
45
53
38
22
96
26
118
70
101
34
140
93
110
123
95
42
130
108
61
66
9
134
143
27
137
12
125
90
77
126
15
88
65
63
25
78
45
131
81
76
46
109
2
89
116
31
111
70
10
92
83
87
46
55
127
56
24
18
124
126
138
132
11
75
54
119
63
144
95
73
85
54
58
122
52
119
13
69
144
44
88
51
57
62
107
28
93
21
143
79
118
31
55
120
37
17
50
36
129
14
41
47
66
35
116
42
110
67
11
10
104
92
82
78
59
121
91
99
38
43
108
65
117
4
115
13
81
105
72
111
117
48
23
135
136
7
1
103
128
24
56
94
90
85
35
68
113
112
41
52
57
141
40
69
141
68
100
3
135
30
82
74
5
87
6
80
49
107
122
5
27
124
60
102
20
8
61
133
37
45
37
29
104
30
9
8
132
63
106
77
41
96
118
88
93
20
2
126
99
84
90
44
36
140
42
30
8
19
68
60
75
64
135
66
49
82
23
50
31
62
98
4
32
56
87
6
119
23
55
115
119
27
33
47
51
144
16
93
80
53
95
38
67
74
18
57
54
121
48
139
143
99
26
141
14
13
71
44
5
11
97
100
116
37
86
29
10
59
104
39
127
91
65
126
111
121
72
72
17
95
112
56
140
57
130
124
41
24
70
143
141
35
69
82
144
58
28
7
34
68
102
89
91
107
46
13
5
138
66
117
137
139
38
85
18
1
15
6
33
133
84
136
3
11
14
87
12
112
40
10
108
39
111
54
26
69
109
47
76
17
70
19
16
35
116
59
131
94
122
138
100
22
71
43
64
123
42
101
127
32
120
73
43
97
117
52
55
88
61
136
40
15
21
110
61
78
133
31
86
142
125
73
129
118
123
2
81
110
96
45
4
103
113
124
108
3
131
137
85
102
52
122
62
65
94
22
58
135
1
106
125
105
79
128
79
113
109
46
53
36
129
60
21
51
25
34
92
98
28
76
103
83
50
105
114
142
27
130
120
20
132
9
90
83
101
7
80
134
77
128
89
114
81
48
12
67
25
63
24
75
107
134
92
49
78
74
115
144
132
120
108
107
106
94
95
96
84
72
60
48
47
59
58
46
34
33
21
22
23
11
12
24
36
35
34
33
45
57
69
70
82
83
71
72
84
96
108
120
119
131
143
142
141
140
139
138
126
125
137
136
135
134
133
121
109
110
98
97
85
73
61
62
74
86
87
88
89
101
102
114
115
127
128
129
130
118
117
116
104
105
93
81
80
92
91
90
78
66
65
64
63
51
52
53
54
55
43
44
32
20
8
7
6
5
17
29
30
18
19
31
32
44
56
68
67
79
80
81
93
92
104
103
115
114
113
112
124
123
111
99
100
101
113
112
100
88
76
77
65
53
41
42
43
31
30
42
41
40
39
38
26
27
15
3
4
16
28
40
52
51
50
49
37
25
13
14
2
1
2
1
13
14
26
25
37
38
39
27
15
3
4
16
28
29
17
5
6
18
19
7
8
20
21
9
10
9
10
22
23
11
12
24
36
35
47
48
60
59
58
46
45
57
56
55
54
66
78
77
89
90
102
103
91
79
67
68
69
70
71
83
82
94
95
107
119
131
132
144
143
142
130
118
106
105
117
116
128
129
141
140
139
127
126
138
137
125
124
136
135
134
122
123
111
99
98
86
87
75
76
64
63
75
74
62
50
49
61
73
85
97
109
110
122
121
133
133
134
135
136
124
112
113
125
137
138
139
140
141
129
128
116
117
118
106
107
119
131
132
144
143
142
130
118
106
105
104
103
115
114
126
127
139
138
137
136
135
123
122
121
109
97
85
73
61
62
50
49
37
25
13
1
2
3
15
16
4
5
6
7
19
18
17
29
41
53
52
64
63
75
74
86
98
110
111
99
87
88
100
101
102
90
89
77
65
66
67
55
43
31
32
44
56
68
80
81
93
94
95
96
84
72
60
59
58
70
71
83
82
94
93
92
91
79
78
90
102
101
89
88
76
75
63
51
39
38
26
27
28
40
52
51
39
40
41
42
54
55
56
57
69
81
82
70
69
57
45
33
21
22
34
35
36
48
47
46
45
44
32
20
8
9
10
11
23
24
12
24
12
11
23
22
10
9
21
33
34
35
36
48
47
46
58
59
60
72
71
83
84
96
95
107
108
120
108
120
119
131
132
144
143
142
130
129
141
140
128
116
117
105
104
92
80
68
67
66
54
53
65
64
76
77
78
79
91
103
115
127
126
114
113
125
124
123
122
134
133
121
109
110
111
112
100
99
87
86
98
97
85
73
74
62
61
49
50
38
37
25
13
14
26
27
28
16
17
29
30
42
43
31
30
18
19
20
8
7
6
5
4
3
15
14
2
1
78
96
92
10
19
118
35
93
108
64
46
69
76
134
67
88
19
133
7
58
41
125
84
48
1
109
72
1
137
104
65
27
119
94
86
142
3
42
36
47
53
143
109
118
12
32
102
14
73
116
62
22
98
102
57
122
89
77
43
45
6
130
44
101
79
65
114
57
126
14
2
39
132
82
42
136
141
22
133
114
84
144
131
23
121
81
62
74
130
24
66
20
106
129
61
142
23
143
27
140
90
127
50
77
81
93
49
72
4
9
9
36
34
59
54
48
104
26
100
52
46
95
85
83
8
26
67
128
47
10
37
18
30
68
124
79
8
70
87
71
111
125
76
31
106
137
124
98
54
64
94
13
112
113
111
29
25
56
52
83
144
78
88
43
108
97
61
117
68
89
99
18
63
110
34
28
15
55
115
60
97
17
66
11
75
119
60
29
11
138
105
38
115
75
113
122
127
107
6
5
39
116
58
123
40
37
141
12
56
33
107
70
140
95
103
80
105
90
117
129
74
126
51
7
5
40
139
132
21
21
99
53
16
80
55
31
112
28
45
123
128
73
49
82
92
24
25
131
85
33
120
41
20
51
17
32
16
134
87
121
13
100
63
103
2
44
135
4
15
30
69
110
101
91
136
86
35
96
59
3
71
50
135
120
139
138
91
38
49
39
60
115
114
106
56
123
54
8
50
109
58
133
31
81
105
88
65
1
68
113
10
10
100
97
26
52
82
28
53
129
2
22
27
89
117
141
124
94
41
50
55
59
86
98
62
106
129
11
116
83
63
46
133
17
21
113
96
118
35
144
102
144
46
118
40
69
36
91
65
17
60
14
48
42
25
107
115
59
76
21
138
39
99
89
24
11
91
23
74
47
131
61
127
62
6
27
54
99
104
136
44
140
57
5
82
101
142
23
79
45
94
98
5
79
83
123
51
80
110
128
111
19
93
126
72
67
15
119
31
24
67
128
108
32
47
127
30
73
12
121
121
77
41
44
103
14
6
95
2
130
56
4
92
125
18
58
7
131
61
90
132
64
30
107
71
101
66
135
120
139
139
112
52
42
53
81
16
142
120
34
74
1
34
38
29
86
33
48
57
105
18
13
22
51
140
87
100
117
85
116
45
55
43
134
13
36
136
20
19
122
33
12
3
137
134
119
49
75
95
16
71
96
90
63
20
26
38
70
70
9
132
4
77
40
143
125
124
143
135
64
111
75
43
73
15
37
29
76
28
72
102
84
88
87
8
7
126
3
103
32
130
92
141
138
35
112
9
66
110
93
108
69
104
37
85
84
80
114
137
68
97
25
122
78
78
109
133
134
122
110
98
97
109
121
133
134
135
136
137
125
113
101
102
114
115
103
91
90
89
77
78
79
67
68
80
81
69
57
58
70
82
83
71
72
60
59
47
48
36
35
34
46
45
33
21
22
23
24
12
11
10
9
8
7
19
18
30
29
17
16
15
14
13
1
2
3
4
5
6
7
8
20
32
31
43
42
54
55
56
44
43
55
67
66
65
64
52
51
50
38
39
40
28
27
26
25
37
49
61
73
74
62
63
75
76
88
100
112
124
123
111
99
87
86
85
73
61
49
37
38
50
62
63
51
39
40
41
53
52
64
76
88
100
101
113
114
126
138
139
127
128
140
141
129
130
142
143
131
132
120
119
118
117
105
93
92
104
116
117
118
106
107
108
96
84
72
60
48
47
46
34
22
23
35
36
24
12
11
10
9
21
33
32
20
19
31
30
18
6
5
17
16
4
3
2
1
13
25
26
14
15
27
28
29
41
42
54
53
65
66
78
77
89
90
102
103
104
105
93
92
91
79
80
68
56
44
45
57
58
59
71
70
69
81
82
94
106
94
95
83
84
96
95
107
108
120
119
131
130
129
128
116
115
127
126
125
124
112
111
99
87
75
74
86
85
97
98
110
109
121
122
123
135
136
137
138
139
140
141
142
143
144
132
144
12
24
23
22
21
9
10
11
12
24
36
48
60
59
58
57
69
70
82
81
80
68
56
55
67
79
78
90
91
103
102
101
113
114
115
127
126
138
137
125
124
136
135
123
111
112
100
99
98
110
122
134
133
121
109
97
85
73
74
62
63
51
50
38
26
14
2
1
13
25
37
49
61
73
85
86
87
75
76
64
65
77
89
88
76
77
78
66
54
42
41
29
17
16
28
40
39
27
15
3
4
5
6
7
19
18
30
31
43
44
45
46
47
35
34
33
32
20
8
7
6
5
4
16
17
18
30
29
28
40
52
53
41
42
43
44
45
57
58
70
71
72
84
83
95
96
108
107
119
120
132
131
143
142
130
118
106
105
104
92
93
94
106
118
117
129
141
140
139
138
137
136
124
112
111
110
122
123
135
134
133
121
109
97
98
99
87
86
74
75
63
62
61
49
50
38
37
25
13
1
2
3
15
14
26
27
39
51
52
64
65
53
54
66
67
55
56
68
69
81
93
105
104
92
80
79
91
90
89
88
100
101
113
125
126
114
102
103
115
116
117
116
128
127
139
140
128
129
141
142
130
131
119
107
95
94
82
83
71
59
47
46
34
33
32
31
19
20
8
9
21
22
10
11
23
35
36
48
60
72
84
96
108
120
132
144
143
144
