##Rat 4 Day 5
 ##rewards
126
113
47
##Vertices
1
2
14
13
25
26
38
37
49
50
51
39
40
52
64
63
62
61
73
85
86
74
75
87
99
111
112
124
125
113
101
89
77
76
88
100
99
98
97
109
110
122
121
133
134
135
136
137
138
139
127
126
114
102
90
91
79
67
55
54
42
43
44
45
57
69
68
80
81
82
94
93
105
106
107
95
96
108
120
132
144
143
131
119
118
117
129
130
142
141
140
128
116
104
92
91
103
115
114
102
103
115
116
104
92
80
81
69
70
71
59
47
35
23
22
21
9
8
20
19
31
32
33
34
46
58
57
56
44
45
46
58
70
82
83
84
72
60
48
36
24
12
11
10
9
8
7
6
5
17
18
30
29
28
27
15
3
4
16
28
27
39
51
63
64
65
53
41
29
30
31
32
33
21
20
19
7
6
18
17
5
4
16
15
3
2
1
13
14
26
25
37
38
50
49
61
62
74
73
85
86
87
75
76
77
65
66
67
68
56
55
43
42
41
40
52
53
54
66
78
79
78
90
89
88
100
101
113
112
111
123
124
123
122
110
98
97
109
121
133
134
135
136
137
125
126
138
139
127
128
140
141
129
130
142
143
144
132
131
119
120
108
107
106
118
117
105
93
94
95
96
84
83
71
72
60
59
47
48
36
35
23
24
12
11
10
22
34
12
24
23
11
10
22
21
9
8
20
32
33
45
44
43
31
19
7
6
5
17
18
30
29
28
27
39
38
50
51
52
53
54
42
41
40
28
16
4
3
15
14
2
1
13
25
37
49
61
73
74
62
63
64
65
77
78
79
80
68
69
81
93
105
104
103
91
90
102
114
113
101
100
112
124
125
137
136
135
134
133
121
122
123
111
99
98
110
109
97
85
86
87
88
89
77
76
75
63
64
76
75
87
88
89
90
102
103
115
127
128
129
130
131
119
107
108
96
95
83
82
94
106
118
117
116
104
92
93
105
117
116
115
114
126
138
139
140
141
142
143
144
132
120
108
96
84
72
60
59
71
70
58
46
34
35
36
48
47
46
34
33
32
31
43
55
56
57
58
70
82
94
106
107
95
83
84
72
71
59
60
48
47
35
36
24
12
11
23
22
10
9
21
20
8
7
19
18
6
5
17
29
30
42
54
55
67
79
91
92
80
81
69
57
45
44
56
68
67
66
78
66
65
53
41
40
52
51
39
27
26
38
26
14
15
16
4
3
2
1
13
25
37
49
50
62
61
73
74
86
85
97
98
110
109
121
133
134
122
123
135
136
124
112
111
99
100
101
113
125
137
138
126
127
139
140
128
129
141
142
130
131
143
144
132
120
119
118
117
133
61
12
109
47
83
4
2
103
35
143
143
43
110
6
131
114
118
123
72
137
142
38
52
105
138
90
88
58
81
121
51
88
74
94
20
50
21
55
97
104
15
94
11
14
63
18
100
82
128
121
53
27
86
10
144
25
71
142
5
139
37
84
133
96
110
10
108
30
136
26
24
97
1
23
124
7
107
46
137
63
68
46
53
29
76
16
37
18
25
127
34
34
71
32
28
130
75
75
92
82
39
106
67
9
9
77
126
8
42
112
48
55
101
4
69
66
115
68
31
105
39
8
41
72
80
99
100
78
103
27
61
64
129
135
33
22
47
65
120
1
59
89
85
57
123
122
21
87
139
102
59
106
38
40
54
67
96
35
113
66
83
30
111
15
90
32
107
111
79
80
132
113
127
108
14
119
64
69
95
125
131
87
136
102
104
99
134
60
134
140
45
79
62
57
11
56
138
49
51
36
17
31
49
65
29
13
76
22
86
101
141
117
58
98
19
44
129
81
130
114
120
115
2
132
95
16
60
26
70
7
44
126
74
73
33
92
23
28
24
6
122
77
112
91
144
70
78
41
3
116
5
141
84
45
89
118
128
50
17
62
91
119
93
12
140
42
48
73
54
20
93
56
116
52
19
43
135
3
124
13
98
109
40
85
125
36
139
104
81
98
89
32
101
110
111
40
134
11
57
129
27
106
36
122
132
128
88
101
106
30
74
113
40
84
9
48
9
71
18
85
141
94
70
119
120
31
37
2
95
112
59
90
108
76
76
114
137
48
92
67
35
11
97
93
65
29
6
37
135
138
88
120
123
139
29
66
54
45
14
65
17
64
54
57
73
51
71
77
130
38
24
117
130
67
18
43
6
8
2
22
15
58
74
43
38
134
80
126
28
30
91
102
100
34
86
12
55
20
113
98
41
72
121
144
69
129
133
118
24
78
136
137
94
79
12
114
87
13
131
142
97
126
116
58
23
81
19
102
60
92
39
59
140
5
68
26
131
107
62
118
82
85
100
8
109
103
51
4
53
128
16
80
124
44
1
115
46
14
21
116
34
143
7
10
82
25
55
142
112
141
117
83
104
47
68
28
46
63
26
103
111
3
44
66
140
93
86
45
27
135
73
23
53
132
115
133
56
143
125
75
60
125
5
87
124
138
109
62
1
136
127
49
4
19
99
17
99
83
110
127
122
22
96
31
89
16
50
3
91
69
52
96
105
108
7
33
15
72
95
42
105
47
52
61
61
144
79
42
77
123
10
90
70
121
49
75
78
33
21
63
36
84
13
50
56
32
119
107
35
20
64
39
41
25
133
121
109
97
98
110
111
123
122
134
135
136
137
138
126
125
113
112
124
136
137
125
113
114
115
127
128
116
117
129
141
140
139
138
126
114
102
103
91
79
78
77
76
64
63
51
52
40
39
27
28
16
15
14
26
25
13
1
2
3
4
5
6
7
8
9
10
11
12
24
36
35
23
22
34
46
45
57
69
68
56
55
54
53
65
66
67
55
43
44
32
20
21
33
32
31
30
29
41
42
43
31
19
18
17
5
4
16
28
27
39
38
37
49
61
62
50
51
63
75
87
86
85
73
74
75
76
88
100
101
89
90
102
103
104
92
80
81
82
70
71
83
84
96
95
94
93
105
106
107
108
120
119
131
130
142
143
144
132
120
108
96
84
72
60
59
58
70
69
68
67
66
54
53
65
64
52
40
41
42
30
29
17
18
6
7
19
20
8
9
21
33
45
44
56
57
58
59
47
48
36
24
12
11
10
22
23
35
34
46
47
48
60
72
71
83
95
94
82
81
93
105
106
107
119
118
117
118
130
131
132
144
143
142
141
129
128
140
139
127
115
116
104
92
80
79
91
90
78
77
89
101
100
112
124
123
135
134
133
121
122
110
109
97
85
73
61
49
37
25
13
1
2
3
15
14
26
38
50
62
74
86
98
99
111
99
87
88
144
143
142
141
129
130
118
119
131
132
120
108
96
84
83
95
94
106
107
108
96
95
94
82
70
71
59
58
46
47
48
60
72
84
83
82
81
69
68
67
79
91
103
102
114
113
101
100
112
111
99
98
110
122
123
135
134
133
121
109
97
85
73
61
49
37
25
13
1
2
3
15
14
26
27
28
40
41
42
54
53
65
77
89
90
78
66
65
64
52
51
50
38
39
51
63
75
87
88
76
64
63
62
74
86
85
97
98
99
111
112
124
136
137
138
126
125
113
114
115
116
128
140
139
127
115
103
104
105
93
92
80
81
69
57
56
55
43
31
30
18
19
7
8
20
32
44
45
33
21
9
10
22
23
35
36
24
12
11
10
9
8
7
6
5
17
29
30
42
54
66
78
77
89
90
102
101
100
88
76
75
87
86
74
73
61
62
50
49
37
38
39
40
52
53
41
29
17
16
4
3
2
1
13
25
26
14
15
27
28
16
4
5
6
18
19
20
32
31
43
44
45
33
21
22
34
46
34
35
23
11
12
24
36
48
47
59
60
72
71
70
58
57
56
55
67
68
80
79
91
92
93
105
106
107
119
120
132
144
143
131
130
142
141
140
139
138
137
136
135
134
133
121
109
110
122
123
124
125
126
127
128
129
117
118
117
116
104
14
40
119
19
129
122
85
77
49
100
20
24
134
37
8
33
127
117
130
110
78
59
94
2
73
125
89
87
48
50
112
107
26
10
36
106
138
131
115
11
95
70
98
38
25
133
55
113
144
45
124
111
1
38
142
139
139
42
14
98
135
132
79
105
116
83
72
77
24
22
96
82
34
68
6
141
97
101
55
41
102
9
82
122
91
101
65
21
61
23
56
16
83
128
120
124
104
126
31
99
103
5
48
4
61
102
31
17
46
32
49
78
117
85
19
58
2
10
65
52
44
51
35
99
60
53
57
74
64
71
54
62
79
25
86
72
17
81
118
70
12
28
56
58
110
69
20
66
21
109
108
60
118
51
27
32
13
28
34
71
4
73
75
88
29
44
13
95
53
37
75
108
140
76
67
134
80
93
142
96
93
50
30
35
63
64
3
43
137
121
57
30
12
52
7
100
41
68
54
123
69
106
140
105
92
126
136
33
3
6
91
143
130
120
76
123
15
115
23
94
11
62
63
127
40
141
90
47
18
42
27
7
47
143
125
74
9
29
46
84
59
90
18
84
80
137
104
131
81
129
116
89
39
22
97
133
87
111
88
45
36
103
26
119
109
114
136
67
113
121
135
16
39
1
43
112
5
66
132
107
86
92
144
8
128
138
15
114
7
109
91
29
52
137
11
4
41
35
139
66
60
73
111
63
124
43
77
61
106
71
28
107
47
62
42
115
115
97
117
105
134
30
112
38
51
15
116
10
72
74
19
132
93
12
33
144
10
120
26
8
29
18
123
31
121
86
17
27
133
80
31
23
137
90
126
13
97
13
122
82
134
52
41
73
9
95
18
141
102
33
71
98
39
118
70
102
132
101
108
40
81
22
140
11
88
104
50
51
91
128
56
67
5
45
64
136
103
46
16
113
44
45
133
140
100
22
75
76
54
83
40
99
39
114
42
24
117
7
65
57
6
66
94
53
68
32
135
101
125
96
75
139
6
125
92
1
20
49
86
38
84
25
100
96
72
103
93
55
110
82
85
58
49
30
59
89
143
111
43
87
4
119
81
143
17
15
76
21
127
55
8
35
107
2
99
26
129
120
16
58
68
89
1
9
74
54
110
131
87
28
108
67
69
27
19
32
85
135
70
84
144
95
56
34
63
5
142
47
77
112
44
65
14
123
90
98
121
104
80
138
37
118
113
142
130
24
59
23
69
36
64
127
79
94
114
25
141
130
3
14
129
61
48
53
3
50
20
46
36
37
138
60
78
57
106
62
126
131
78
2
128
136
34
105
88
124
92
48
79
21
12
116
83
109
122
119
12
11
23
35
34
33
45
46
58
59
60
48
36
24
12
11
10
9
21
22
10
9
8
7
6
5
4
3
2
1
13
25
26
14
15
27
28
16
17
18
30
29
41
42
54
55
67
66
65
77
89
90
78
79
91
103
115
116
128
127
126
138
139
140
141
129
117
118
106
107
95
83
82
94
93
105
104
92
80
81
69
57
56
68
69
70
71
72
84
96
108
120
119
131
130
142
143
144
132
120
108
96
84
72
60
48
47
59
58
57
45
44
32
31
43
42
41
53
52
51
50
49
61
62
63
75
76
88
87
99
100
101
113
112
124
123
122
110
109
121
133
134
135
136
137
125
113
114
102
103
104
92
80
68
56
55
54
53
65
64
52
40
39
38
37
49
61
73
85
86
74
75
87
99
100
101
102
90
91
79
67
66
78
77
89
88
76
64
63
51
39
40
28
29
30
31
43
44
32
33
34
46
47
35
36
24
23
22
21
20
19
20
8
7
19
18
6
5
17
16
4
3
2
1
13
14
15
27
26
25
37
38
50
62
74
73
85
86
98
97
98
97
109
110
111
112
111
123
122
121
133
134
135
136
124
125
137
138
139
127
126
114
115
116
128
129
130
118
117
105
106
94
93
81
82
70
71
83
95
107
119
131
132
144
143
142
141
140
144
132
131
130
118
106
105
117
116
128
140
141
142
143
144
132
120
108
107
119
120
108
96
84
72
60
48
36
24
12
11
10
22
23
35
34
46
47
59
71
70
58
57
69
68
80
79
67
55
54
53
65
66
78
77
76
75
87
86
74
62
61
73
85
97
98
99
111
112
124
125
126
114
113
101
100
88
89
90
102
103
104
92
91
103
115
127
139
138
137
136
135
123
122
110
109
121
133
134
135
136
137
138
139
140
141
129
128
116
104
105
93
94
82
81
69
57
56
44
32
20
8
7
19
31
30
42
41
29
28
40
52
51
39
38
26
14
15
3
2
1
13
25
37
49
50
51
63
64
76
88
89
90
91
92
80
68
56
55
43
44
45
33
21
9
8
7
6
5
17
18
30
29
28
40
52
64
65
77
78
79
67
66
54
53
41
42
43
31
32
33
45
46
58
70
82
81
93
94
106
118
117
129
130
142
143
131
119
107
95
83
95
96
84
83
71
72
60
59
47
48
36
24
12
11
23
35
34
22
10
9
21
20
19
18
6
5
17
16
4
16
4
3
15
27
39
27
26
14
2
1
13
25
37
38
50
49
61
73
74
62
63
75
87
86
98
110
111
99
100
112
113
101
102
114
115
127
126
125
124
123
122
134
133
121
109
97
85
52
101
23
142
40
25
25
59
15
3
34
88
38
95
92
54
36
5
3
29
50
127
120
1
144
72
65
57
1
33
21
141
16
23
102
112
9
31
32
7
83
87
116
129
61
26
138
137
138
97
136
81
27
39
68
97
7
79
96
100
29
130
58
42
28
132
45
109
48
6
75
89
95
109
51
63
62
82
47
90
34
74
21
53
10
58
44
140
127
15
49
124
64
26
13
62
131
57
4
20
140
111
111
47
142
123
2
40
11
69
77
100
84
113
108
125
4
82
18
143
119
87
115
135
55
126
96
88
63
134
121
22
14
98
113
52
71
105
118
76
45
144
74
11
143
70
125
78
14
117
137
104
59
30
55
68
16
35
66
72
106
114
94
98
90
139
27
134
99
122
44
76
78
36
124
37
6
128
50
139
136
24
84
51
81
13
56
66
28
141
83
43
118
37
99
69
43
135
60
32
22
42
8
31
65
71
67
5
107
80
130
73
10
121
49
17
116
119
122
110
133
80
110
129
19
61
70
131
12
79
103
94
93
19
75
86
86
93
126
8
60
18
117
105
39
12
2
33
46
73
38
91
77
46
64
128
89
41
101
67
103
56
92
35
54
41
120
9
106
102
85
104
123
24
85
91
53
132
133
20
108
48
112
30
17
107
114
115
14
4
13
64
50
144
130
85
105
55
99
6
80
104
74
83
5
124
29
45
71
16
80
95
136
63
83
39
120
53
136
37
9
95
59
96
41
3
134
103
97
110
134
125
127
22
67
27
76
117
47
59
42
94
115
21
131
8
92
33
62
68
88
36
62
23
30
122
86
33
17
126
135
38
7
121
68
129
50
91
93
19
118
16
51
109
15
56
137
73
34
36
63
66
138
72
69
97
20
60
123
42
32
53
34
115
82
57
10
28
29
121
54
79
84
40
79
82
114
5
49
78
135
103
128
69
75
35
116
71
43
40
46
106
70
2
10
47
91
131
81
143
3
113
12
1
92
24
108
7
21
65
81
84
111
44
35
13
15
119
140
140
52
101
76
18
58
61
20
100
133
114
75
132
127
126
101
60
6
73
58
111
117
2
52
109
9
138
78
12
64
141
49
142
132
102
116
17
98
25
108
25
43
123
74
112
30
88
44
11
96
61
23
87
24
27
90
98
106
57
41
32
99
55
139
66
129
144
67
26
1
90
89
122
118
38
48
18
94
14
85
93
110
133
120
113
70
51
39
48
54
137
28
56
102
86
143
119
141
77
107
72
87
104
45
142
22
11
77
65
4
26
112
8
31
105
46
107
37
125
100
124
139
130
89
128
19
31
