##Rat 5 Day 7
 ##rewards
74
87
21
##Vertices
1
13
25
37
38
39
51
50
49
61
73
85
97
98
86
87
99
111
112
124
123
122
134
133
121
109
110
111
112
100
88
76
75
63
62
74
73
61
49
37
25
26
14
2
3
4
5
6
7
19
20
8
9
10
11
12
24
36
35
47
48
60
72
84
83
71
59
58
57
56
44
43
31
30
18
17
16
15
27
28
29
41
40
52
64
65
53
54
55
67
79
80
81
82
94
93
92
91
90
102
101
113
125
137
138
139
140
128
116
115
127
126
114
113
101
89
77
78
66
65
64
52
53
41
42
30
31
32
33
21
22
34
46
45
44
32
33
45
57
69
68
80
92
104
103
102
114
115
103
104
105
106
107
119
118
130
142
141
129
117
105
93
94
95
96
108
120
132
131
143
144
143
144
132
131
119
120
108
107
106
118
130
142
141
129
117
116
128
140
139
127
126
138
137
125
124
136
135
136
135
123
122
134
133
121
109
110
98
97
85
86
87
99
100
88
89
90
91
79
67
68
56
55
43
42
54
66
78
77
76
75
74
62
63
51
50
38
26
14
13
1
2
3
15
27
39
40
28
29
17
16
4
5
6
18
19
7
8
20
21
9
10
11
23
22
34
46
47
59
58
70
69
81
82
70
71
83
95
96
84
72
60
48
36
35
23
24
12
133
134
135
136
124
112
113
125
137
138
139
140
141
129
128
116
117
118
106
107
119
131
132
144
143
142
130
118
106
105
104
103
115
114
126
127
139
138
137
136
135
123
122
121
109
97
85
73
61
62
50
49
37
25
13
1
2
3
15
16
4
5
6
7
19
18
17
29
41
53
52
64
63
75
74
86
98
110
111
99
87
88
100
101
102
90
89
77
65
66
67
55
43
31
32
44
56
68
80
81
93
94
95
96
84
72
60
59
58
70
71
83
82
94
93
92
91
79
78
90
102
101
89
88
76
75
63
51
39
38
26
27
28
40
52
51
39
40
41
42
54
55
56
57
69
81
82
70
69
57
45
33
21
22
34
35
36
48
47
46
45
44
32
20
8
9
10
11
23
24
12
24
12
11
23
22
10
9
21
33
34
35
36
48
47
46
58
59
60
72
71
83
84
96
95
107
108
120
108
120
119
131
132
144
143
142
130
129
141
140
128
116
117
105
104
92
80
68
67
66
54
53
65
64
76
77
78
79
91
103
115
127
126
114
113
125
124
123
122
134
133
121
109
110
111
112
100
99
87
86
98
97
85
73
74
62
61
49
50
38
37
25
13
14
26
27
28
16
17
29
30
42
43
31
30
18
19
20
8
7
6
5
4
3
15
14
2
1
132
5
144
36
102
23
93
129
123
53
9
75
129
3
49
51
106
62
117
70
83
141
20
76
49
39
87
26
123
60
99
8
55
57
108
22
62
27
45
37
104
127
63
90
39
64
58
47
40
33
82
92
20
108
59
118
28
124
38
2
88
44
113
92
122
32
16
127
100
69
71
43
100
12
79
21
68
138
34
120
98
85
86
40
114
137
4
35
15
60
99
53
101
50
139
51
144
35
89
57
97
67
116
120
83
6
111
80
69
12
4
89
78
116
73
137
65
106
71
121
94
103
96
136
33
17
43
29
7
30
133
61
1
139
23
74
134
63
19
30
82
10
68
119
80
77
79
11
65
37
85
78
84
9
6
48
119
96
38
118
21
41
95
142
88
81
112
140
130
1
91
13
101
56
105
67
135
48
133
54
70
16
117
94
134
98
102
55
76
105
136
34
47
18
97
42
126
126
31
95
86
28
107
143
3
141
5
59
19
93
56
14
125
26
66
8
45
110
2
36
103
25
130
107
77
131
11
22
72
87
115
109
140
74
125
113
104
110
131
29
138
72
52
109
121
32
58
27
91
52
41
46
42
31
112
14
17
54
24
142
73
25
115
10
13
46
143
128
61
111
122
50
135
44
7
24
84
18
132
75
66
128
81
114
15
64
90
124
144
59
36
13
33
30
114
83
46
20
141
53
91
31
140
137
78
122
60
20
132
95
121
103
81
19
16
15
144
72
95
70
83
128
94
129
66
26
127
97
41
86
56
70
73
108
35
133
38
50
123
67
109
96
72
103
75
69
98
82
111
6
44
139
136
29
26
58
121
39
4
92
60
54
38
61
104
62
93
32
120
64
106
33
27
5
7
134
17
10
39
43
8
18
11
87
90
9
88
117
139
80
89
82
81
2
99
35
7
86
130
54
134
79
45
84
116
18
16
66
117
98
101
37
102
104
17
46
52
125
51
123
85
68
127
65
40
125
41
73
124
108
111
76
97
28
52
101
40
25
21
1
3
140
3
92
49
68
124
137
112
51
22
110
135
67
74
91
6
19
30
138
102
80
64
55
31
141
142
126
106
135
57
59
22
143
24
142
15
74
114
1
47
25
23
99
27
71
14
11
118
61
34
138
36
79
48
128
109
96
122
105
29
2
45
37
94
75
90
34
107
24
126
107
49
47
89
115
28
5
77
131
112
58
130
13
9
110
119
129
14
42
53
12
131
48
100
71
43
115
93
78
10
113
100
69
63
56
116
65
136
8
118
32
77
76
120
133
132
42
62
21
23
87
88
119
57
50
143
84
44
85
113
63
105
12
4
55
144
143
131
119
107
108
120
132
144
143
142
141
140
128
116
104
103
115
114
102
90
91
92
80
79
78
66
65
77
76
64
52
51
63
75
74
62
61
49
50
38
37
25
26
27
39
40
28
16
15
14
13
1
2
3
4
5
6
18
19
31
32
20
21
22
23
24
12
11
10
9
8
7
6
5
17
29
30
42
43
55
54
53
41
42
54
66
67
68
69
57
58
59
47
46
45
33
34
35
36
48
60
72
84
83
71
70
82
81
93
105
117
129
130
118
106
94
95
96
84
72
60
48
47
59
71
70
58
46
45
44
56
57
69
81
93
105
104
116
115
127
139
138
126
125
137
136
124
123
135
134
122
121
109
110
111
112
100
88
89
101
113
112
111
99
98
97
85
73
61
49
37
38
39
27
15
14
26
25
13
1
2
3
4
16
28
29
17
18
30
31
19
7
8
20
21
9
10
11
12
24
36
35
23
22
34
33
32
44
43
55
56
68
67
79
80
92
91
103
102
101
100
88
89
90
78
77
65
53
41
40
52
51
50
62
63
64
76
75
87
99
87
86
74
73
85
86
98
97
109
110
122
123
124
125
113
114
126
127
128
129
117
118
106
94
82
83
95
96
108
107
119
120
132
131
130
142
141
140
139
138
137
136
135
134
133
121
133
12
24
23
22
21
9
10
11
12
24
36
48
60
59
58
57
69
70
82
81
80
68
56
55
67
79
78
90
91
103
102
101
113
114
115
127
126
138
137
125
124
136
135
123
111
112
100
99
98
110
122
134
133
121
109
97
85
73
74
62
63
51
50
38
26
14
2
1
13
25
37
49
61
73
85
86
87
75
76
64
65
77
89
88
76
77
78
66
54
42
41
29
17
16
28
40
39
27
15
3
4
5
6
7
19
18
30
31
43
44
45
46
47
35
34
33
32
20
8
7
6
5
4
16
17
18
30
29
28
40
52
53
41
42
43
44
45
57
58
70
71
72
84
83
95
96
108
107
119
120
132
131
143
142
130
118
106
105
104
92
93
94
106
118
117
129
141
140
139
138
137
136
124
112
111
110
122
123
135
134
133
121
109
97
98
99
87
86
74
75
63
62
61
49
50
38
37
25
13
1
2
3
15
14
26
27
39
51
52
64
65
53
54
66
67
55
56
68
69
81
93
105
104
92
80
79
91
90
89
88
100
101
113
125
126
114
102
103
115
116
117
116
128
127
139
140
128
129
141
142
130
131
119
107
95
94
82
83
71
59
47
46
34
33
32
31
19
20
8
9
21
22
10
11
23
35
36
48
60
72
84
96
108
120
132
144
143
144
119
96
54
48
41
131
12
66
72
38
63
37
11
32
126
48
17
72
113
139
8
62
132
71
82
105
86
79
58
101
129
84
109
77
116
101
18
114
91
40
92
53
20
16
4
127
3
95
22
142
17
116
99
140
21
98
85
4
50
69
35
1
49
137
135
51
80
24
134
103
23
77
104
2
104
132
79
74
78
122
15
90
59
27
100
111
30
39
70
76
65
111
36
23
40
100
44
41
98
56
109
75
115
108
37
141
11
136
118
54
139
33
16
107
46
25
105
2
80
61
121
34
106
25
88
83
42
60
68
89
115
56
31
29
9
85
87
14
94
143
144
123
138
32
66
19
69
45
47
86
20
42
26
119
102
118
10
57
67
128
81
97
5
81
63
14
13
133
103
36
113
97
128
18
12
130
7
55
130
49
52
57
107
126
133
112
28
59
44
129
125
43
52
65
124
38
60
61
120
78
136
13
30
6
96
70
3
10
144
46
110
134
88
142
84
28
94
143
131
35
117
82
112
137
7
122
34
93
26
127
74
58
117
93
47
76
102
140
5
87
110
114
91
55
64
31
75
141
73
29
9
27
33
62
68
39
22
8
50
67
99
138
106
45
71
90
6
124
1
19
89
51
120
108
92
95
24
135
123
121
43
73
125
83
21
53
64
15
112
8
65
123
76
89
62
106
21
66
81
107
6
31
85
138
19
20
127
114
61
122
139
71
8
59
67
100
84
10
40
124
105
13
19
65
77
60
68
43
109
135
32
133
138
39
125
40
12
122
128
4
79
110
82
9
23
125
2
141
29
75
15
56
97
58
144
90
63
47
20
137
35
53
140
52
32
58
124
24
102
136
46
57
18
50
98
68
108
36
26
17
1
55
143
96
92
73
36
119
69
49
118
77
64
1
12
71
112
38
51
43
70
120
129
101
55
116
72
39
93
74
15
103
5
114
110
107
16
127
95
38
131
133
30
3
76
47
99
60
59
88
87
137
33
34
6
5
126
48
25
120
136
18
101
92
142
111
29
121
117
113
83
14
69
44
143
35
128
85
30
54
129
14
130
53
62
24
16
52
2
7
132
98
144
115
91
22
83
11
13
142
28
63
37
34
106
126
42
80
45
78
50
72
134
70
90
49
74
51
103
17
134
42
46
25
80
9
88
26
94
56
73
121
11
48
44
87
99
81
57
108
4
94
100
78
116
79
96
104
139
67
3
75
93
91
115
82
37
141
28
111
119
123
27
132
66
95
140
22
117
89
31
84
21
130
102
10
33
97
54
23
118
41
86
104
105
45
64
27
135
7
131
113
109
61
86
41
12
11
10
22
23
35
36
48
47
46
45
57
58
70
82
83
71
59
60
72
84
96
108
120
119
131
132
144
143
142
141
140
128
116
117
129
130
118
106
105
104
92
93
81
80
79
91
103
115
127
126
114
113
101
102
90
78
77
89
88
100
112
111
123
135
134
133
121
122
110
109
97
85
73
61
62
74
75
63
51
52
64
65
66
67
68
69
57
56
55
54
53
41
42
30
31
43
44
32
20
19
18
17
29
28
16
4
3
15
27
26
14
13
1
2
3
4
5
6
7
8
9
21
33
34
46
58
70
69
68
80
81
82
94
95
107
108
120
119
118
117
116
115
114
113
125
137
136
124
112
111
99
98
86
87
75
76
64
63
51
39
40
52
53
54
42
41
40
39
38
37
49
50
38
50
49
61
62
74
73
85
97
109
121
133
134
135
136
137
138
139
127
128
129
130
131
132
144
143
142
141
140
139
138
126
125
124
123
122
110
98
86
87
99
100
88
76
77
65
66
67
79
78
90
89
101
102
103
91
92
104
105
93
94
106
107
95
96
84
83
71
72
60
59
47
35
34
33
45
44
56
55
43
31
32
20
19
18
30
29
28
27
26
25
37
25
13
1
2
14
15
16
17
5
6
7
8
9
21
22
10
11
12
24
23
24
36
48
1
2
3
4
5
17
16
15
14
13
25
26
27
39
40
41
53
54
42
43
44
32
31
19
7
8
20
21
9
10
11
23
35
47
48
60
59
58
57
56
68
69
81
80
79
78
90
91
103
102
101
89
88
76
77
65
66
67
55
56
57
45
33
34
22
10
9
8
7
6
18
30
29
28
40
52
51
63
64
52
51
50
49
37
38
39
27
28
29
41
42
43
44
45
46
58
70
82
83
95
107
108
120
119
118
106
94
93
92
104
105
117
116
128
129
141
142
130
131
143
144
132
120
108
96
84
72
71
70
69
81
93
92
104
105
117
116
115
114
126
127
139
138
137
136
124
125
113
112
111
110
98
86
87
99
100
88
87
75
74
73
85
97
109
121
133
134
122
123
135
136
124
123
135
134
133
121
122
110
109
97
98
99
111
112
100
101
89
90
102
114
113
125
137
138
126
127
115
103
91
79
80
68
67
55
54
53
65
66
78
77
76
64
63
75
74
86
85
73
61
62
50
62
61
49
37
38
26
25
13
1
2
14
15
3
4
16
17
5
6
18
30
31
19
20
21
22
23
11
12
24
12
24
36
35
36
48
60
72
84
96
95
107
119
131
132
144
143
142
141
140
139
140
128
129
130
118
106
94
82
83
71
59
47
46
34
33
32
130
13
104
48
95
23
75
113
93
37
103
135
105
74
52
133
91
94
46
4
3
61
134
1
98
144
75
32
55
86
32
21
39
29
92
60
117
82
65
87
136
129
50
124
38
67
127
83
88
87
68
59
61
96
46
62
82
102
53
62
78
97
90
2
19
7
80
83
107
19
49
28
130
69
114
24
37
56
47
25
55
57
11
43
108
137
85
114
122
64
44
91
109
30
18
110
3
35
108
141
110
140
10
143
124
71
12
120
138
118
96
106
136
27
63
49
86
24
26
72
127
142
73
109
76
125
140
22
6
81
99
25
39
52
21
69
90
93
131
35
95
115
15
66
64
121
106
22
88
58
13
123
97
77
113
79
2
8
17
112
45
132
115
54
105
99
129
41
119
71
81
98
66
44
100
51
123
18
1
23
116
5
16
107
137
133
126
14
60
138
58
126
31
67
40
139
33
53
68
89
94
50
141
131
38
40
72
120
84
89
76
117
31
41
42
100
42
80
73
132
70
56
84
65
47
10
111
43
9
118
142
134
45
20
29
28
20
111
92
51
70
15
8
77
135
4
101
119
57
14
85
30
48
6
101
112
125
143
104
78
34
102
5
128
103
12
128
54
139
116
122
36
16
74
63
27
26
144
11
59
7
17
34
79
121
9
36
33
117
101
20
58
142
130
64
97
60
128
114
58
30
138
126
134
51
121
98
131
90
35
127
82
10
121
21
83
80
104
55
6
105
28
91
36
94
108
112
140
132
65
4
114
61
119
132
108
24
78
7
39
23
135
75
136
125
19
130
92
69
38
96
64
107
57
18
4
41
111
24
143
55
138
12
22
37
137
86
76
110
133
8
77
120
100
29
82
128
68
127
31
17
29
42
35
62
48
125
101
25
26
134
28
23
80
73
40
68
112
144
56
131
135
5
25
65
115
36
102
47
16
59
22
18
81
30
67
106
71
124
98
48
139
1
122
85
129
3
129
59
113
9
66
47
78
141
95
34
119
76
60
92
143
103
9
33
139
87
66
1
88
40
113
100
95
74
32
97
79
110
109
89
41
34
73
53
118
50
96
16
14
27
51
17
99
84
44
115
120
38
15
52
88
71
44
118
91
86
67
117
27
111
75
53
90
126
49
13
104
63
45
46
122
12
21
32
83
39
2
20
74
14
19
84
50
70
52
140
89
93
7
3
72
109
26
141
42
15
33
11
63
46
81
43
31
123
144
142
54
8
62
99
79
45
13
10
6
133
11
107
105
103
116
37
57
77
116
102
93
61
106
85
43
136
49
124
123
2
70
137
54
5
87
69
72
94
56
