##Rat 8 Day 33
 ##rewards
71
58
124
##Vertices
144
132
120
119
107
108
96
95
94
82
81
80
79
67
55
54
53
52
64
76
88
100
112
113
101
102
90
91
92
104
116
115
103
102
114
126
127
139
138
137
136
124
123
122
134
133
121
109
110
111
99
98
97
85
73
61
62
50
38
26
27
39
40
28
16
17
18
6
5
4
3
15
14
13
25
37
49
61
73
74
75
87
86
85
97
109
110
98
86
74
75
63
51
39
27
28
29
41
42
30
31
19
7
8
20
21
9
10
11
12
24
36
48
47
46
58
59
71
83
84
72
60
48
36
35
23
22
34
33
45
57
69
68
56
44
43
31
32
44
56
57
58
70
69
68
67
66
78
77
89
90
78
79
80
81
93
105
106
118
117
129
128
140
141
142
130
131
143
142
141
129
130
118
119
131
143
144
132
120
108
96
95
107
106
105
117
116
104
103
91
92
93
94
82
70
71
83
84
72
60
59
47
35
34
46
45
33
32
20
21
22
23
24
12
11
10
9
8
7
19
18
6
5
17
16
4
3
15
14
2
1
2
1
13
25
26
38
37
49
50
62
63
51
52
40
41
29
30
42
43
55
54
66
65
53
65
64
76
77
89
88
87
99
100
101
113
114
115
127
128
140
139
138
126
125
137
125
124
112
111
123
135
136
135
134
133
121
122
12
11
10
22
21
9
8
20
32
31
43
55
67
66
65
77
89
101
102
103
104
105
106
94
93
81
80
68
56
57
58
70
69
81
82
83
71
72
84
96
108
107
119
131
132
144
143
142
130
118
117
129
141
140
139
138
126
125
124
123
111
112
100
99
98
86
74
73
85
97
109
110
122
134
135
136
137
138
139
127
115
116
128
140
141
142
130
129
128
127
115
114
113
112
111
99
87
88
76
75
63
62
61
49
50
38
37
25
13
1
2
3
4
16
28
29
17
18
19
7
6
5
4
3
15
14
26
27
39
40
41
42
54
53
52
64
63
51
52
53
41
29
30
42
54
66
78
79
91
92
80
79
67
55
43
44
45
33
34
46
47
59
60
48
36
35
23
24
36
48
47
35
34
22
23
24
12
11
10
9
8
20
21
33
45
46
58
57
69
68
56
44
32
31
30
18
19
7
6
5
17
16
15
27
28
40
39
51
50
38
26
14
2
1
13
25
37
49
61
62
74
73
85
86
98
97
109
110
122
121
133
121
133
134
135
123
124
136
137
125
126
114
113
101
100
88
87
75
76
64
65
77
78
90
89
90
102
103
91
92
104
116
117
105
93
94
82
70
71
59
60
72
84
83
95
96
95
107
106
118
119
120
108
120
132
144
143
131
13
22
32
74
77
33
139
58
65
7
98
87
38
97
73
60
56
9
142
49
20
34
128
51
133
86
111
10
61
71
83
133
108
3
6
142
115
134
66
114
65
115
57
105
47
138
96
107
124
75
87
2
4
8
2
95
76
8
69
100
91
42
57
136
112
17
106
60
44
113
141
79
38
36
80
144
36
61
21
90
9
94
128
99
125
23
132
28
72
85
17
46
26
1
143
121
12
30
43
22
123
116
80
81
56
7
52
40
42
139
114
140
40
75
29
134
82
100
78
41
124
52
129
122
23
138
102
59
119
85
78
39
45
72
44
103
41
104
130
3
67
32
119
35
69
112
43
14
31
123
6
132
67
33
97
66
74
76
136
27
82
15
19
144
125
58
31
70
121
51
130
48
108
118
118
106
73
110
30
111
11
126
25
129
55
18
109
101
135
55
98
127
84
54
95
34
46
37
16
59
53
26
93
94
62
18
89
14
117
141
135
68
62
90
64
131
122
50
137
92
53
107
105
68
39
116
117
92
27
24
5
64
63
11
127
29
54
49
102
126
70
88
86
35
24
103
45
21
19
71
89
109
137
104
91
20
50
10
93
99
83
120
1
131
88
77
143
120
25
12
13
47
140
63
4
28
84
96
48
110
5
79
15
81
101
16
37
113
21
110
14
6
127
142
63
99
119
16
77
72
65
3
68
80
49
124
126
22
130
53
73
37
101
40
108
76
20
64
115
130
109
140
96
47
35
58
116
15
35
46
34
69
38
36
134
7
59
89
86
138
31
82
61
19
122
123
14
108
38
112
15
26
104
85
11
16
71
12
74
24
44
133
17
43
55
22
5
8
32
39
93
42
128
106
91
60
84
102
113
70
63
103
10
52
55
97
134
48
47
28
99
101
89
139
92
66
60
106
30
109
117
125
41
54
119
6
97
33
71
114
39
75
30
94
62
48
66
83
18
58
24
29
142
8
46
124
120
86
50
133
12
82
136
132
43
128
105
104
51
136
27
61
113
51
98
95
96
45
144
1
78
84
57
114
19
74
2
18
21
29
53
45
129
85
117
4
140
5
111
67
131
36
56
81
10
25
52
126
100
9
23
44
70
115
28
135
27
4
131
25
40
138
68
88
2
100
75
32
59
57
122
141
98
20
127
67
93
143
111
13
76
121
141
123
64
92
105
120
87
129
56
42
121
90
107
83
1
118
79
80
143
125
9
103
79
94
137
137
144
65
87
91
132
17
72
13
107
73
95
26
34
139
33
11
135
62
118
77
112
41
69
116
50
37
102
78
3
88
81
49
110
54
23
31
7
90
133
134
135
136
137
125
113
114
126
138
139
127
115
103
91
90
102
101
100
112
124
123
122
121
109
110
111
99
87
86
85
97
98
99
87
75
63
64
76
88
89
77
65
66
78
79
67
68
69
57
45
44
56
55
43
31
32
20
19
7
8
9
10
22
21
33
34
46
47
48
36
24
23
35
36
48
60
59
58
70
71
83
95
107
108
96
84
72
60
59
47
46
58
57
45
33
32
31
30
18
6
5
4
16
17
29
28
40
52
53
54
42
41
40
39
51
50
62
74
73
61
49
37
38
26
25
13
14
2
3
15
27
39
51
52
64
76
88
100
101
113
114
102
103
104
105
106
94
82
81
80
92
93
94
106
118
117
116
128
129
141
142
130
131
143
144
132
120
119
118
117
129
130
142
143
144
132
131
119
120
108
107
95
96
84
72
71
83
82
70
69
68
56
44
43
55
54
53
65
66
67
79
78
77
89
90
91
92
80
81
93
105
104
116
115
127
128
140
141
140
139
138
126
125
137
136
135
123
124
112
111
110
122
134
133
121
109
97
98
86
85
73
74
75
63
62
61
49
50
38
37
25
26
14
15
27
28
16
17
29
41
42
30
18
19
20
21
22
34
35
23
11
12
24
12
11
10
9
8
7
6
5
4
3
2
1
13
1
1
13
25
37
49
50
51
63
62
61
73
74
75
76
77
65
64
52
40
39
38
26
14
2
3
15
27
28
29
17
5
4
16
28
29
30
31
43
42
41
53
54
55
67
66
78
79
91
103
104
105
93
92
80
81
82
94
95
83
84
96
108
120
119
107
106
118
117
129
141
142
143
131
130
142
141
140
128
116
115
127
126
125
124
136
137
138
139
140
128
129
117
116
104
105
106
94
82
70
71
72
60
48
47
59
58
46
45
44
56
68
69
57
45
33
32
20
19
18
6
7
8
9
21
22
10
11
23
24
36
35
34
33
32
44
43
42
41
40
52
51
63
64
76
88
100
112
113
114
102
90
89
101
113
112
111
99
87
86
98
97
109
110
122
121
133
134
135
123
111
99
98
110
109
121
133
134
122
123
135
136
124
125
137
138
139
127
126
114
115
103
91
92
93
81
80
68
56
55
67
79
78
66
54
53
65
77
89
90
102
101
100
88
87
75
74
86
85
97
85
73
61
62
50
49
37
25
26
38
39
27
15
14
13
1
2
3
4
16
17
5
6
18
30
31
19
7
8
20
21
9
10
22
23
35
34
46
47
59
58
57
69
70
71
83
95
107
119
118
130
131
132
144
143
144
132
120
108
96
84
72
60
48
36
24
12
11
12
130
5
89
131
35
63
75
115
3
99
70
72
25
18
17
133
96
76
19
50
99
90
27
113
18
43
54
67
120
38
126
45
16
56
140
134
128
141
62
28
11
1
4
133
138
9
37
55
64
104
26
31
60
79
23
108
31
107
101
141
86
1
119
84
125
72
118
95
110
74
114
70
131
129
121
129
50
51
139
136
25
132
94
3
44
140
56
14
34
135
68
116
143
81
39
66
102
10
139
104
111
59
20
85
122
130
46
125
138
124
105
21
59
6
94
26
78
142
126
51
64
81
97
89
92
87
71
114
80
40
76
32
40
136
98
79
33
42
15
35
110
73
144
48
42
144
98
45
17
143
41
58
49
27
113
93
124
119
19
65
85
137
86
117
80
117
10
90
102
77
128
30
22
36
41
73
121
52
92
61
123
68
96
61
65
4
22
100
111
75
71
47
108
103
13
91
132
122
123
34
20
135
142
112
84
12
32
53
118
83
57
120
58
57
9
6
115
106
14
8
13
53
88
69
8
47
97
7
49
105
54
21
48
28
2
101
112
95
83
91
39
134
55
15
82
93
43
7
74
2
52
87
109
78
37
30
12
29
77
109
46
5
106
103
24
23
60
82
16
69
38
100
24
44
127
66
62
36
11
67
137
33
63
127
107
29
88
116
100
50
52
134
76
33
110
127
6
71
51
10
59
112
95
124
17
10
117
63
3
62
72
9
113
11
82
88
13
29
44
55
27
128
107
81
108
117
70
93
48
31
112
86
11
44
60
4
49
28
71
87
41
84
20
140
23
31
103
66
92
62
113
2
30
78
126
61
72
5
50
96
24
132
66
53
12
2
143
78
6
80
64
13
121
126
55
136
125
125
45
101
22
97
131
49
1
38
43
9
40
67
39
30
19
119
142
79
41
89
116
26
135
114
105
35
73
53
135
111
19
127
141
109
47
65
118
65
95
120
115
58
14
4
17
122
100
80
129
26
22
57
107
14
21
133
129
36
34
120
83
40
16
42
140
114
88
79
93
134
51
105
18
33
111
76
108
27
36
23
82
20
1
81
136
101
77
98
130
63
73
56
61
106
87
94
68
54
121
69
94
47
38
18
46
35
39
46
104
24
75
85
45
15
144
90
28
90
8
118
67
32
34
115
98
144
139
59
138
139
8
99
54
7
58
122
116
106
119
123
48
124
25
25
104
52
37
102
133
91
86
130
85
37
109
74
96
57
60
7
68
69
83
64
5
77
3
89
123
137
141
143
74
32
97
138
21
75
56
42
128
70
99
131
43
16
91
29
12
137
142
84
132
102
92
15
103
110
12
24
36
48
47
46
58
59
60
72
84
96
108
107
95
94
106
118
117
129
130
131
143
144
132
120
119
118
117
105
93
81
82
70
71
83
84
72
60
48
36
35
23
11
10
9
8
7
6
18
17
5
4
3
2
1
13
25
26
38
37
49
61
73
74
62
50
51
52
53
41
42
30
31
19
20
21
22
34
33
32
44
45
57
69
68
56
55
54
66
78
77
76
75
87
88
89
90
91
103
104
116
128
140
139
138
137
125
113
114
126
127
115
116
104
92
80
79
67
68
69
57
56
44
43
31
30
29
28
16
15
27
39
40
41
29
28
40
52
64
65
77
89
101
102
103
115
114
102
101
100
99
98
110
111
123
135
136
124
112
100
88
87
86
85
97
109
121
122
134
133
134
133
121
122
110
109
97
98
99
111
123
135
136
124
112
113
125
137
138
126
127
139
140
128
129
141
142
141
142
130
131
143
144
132
120
119
107
108
96
95
94
106
105
93
92
91
90
78
66
65
53
54
42
43
55
67
79
80
81
82
83
71
70
58
59
47
35
23
24
12
11
10
22
34
46
45
33
32
20
21
9
8
7
19
18
6
5
17
16
4
3
2
14
15
27
39
38
50
51
63
64
76
75
63
62
74
86
85
73
61
49
37
25
26
14
13
1
1
2
3
4
16
28
29
17
5
6
7
8
9
21
20
32
33
34
46
47
35
23
24
12
11
10
22
34
46
45
44
43
31
30
18
19
7
6
5
4
3
15
14
13
25
37
49
61
73
74
86
85
97
109
121
133
134
135
123
124
136
137
138
139
127
126
125
113
101
89
88
76
75
63
62
50
38
26
27
39
51
52
40
41
42
54
53
65
77
78
79
91
103
115
116
104
92
80
68
69
57
58
59
60
72
84
96
95
94
82
83
71
70
58
57
56
55
67
66
54
42
41
53
52
64
63
75
87
99
98
110
111
112
100
88
87
99
100
101
102
90
91
92
93
81
69
70
82
81
93
105
117
129
130
118
119
120
108
107
106
105
104
116
128
140
141
142
143
131
132
144
132
144
143
131
130
142
141
129
117
118
119
120
108
107
106
94
95
96
84
83
71
72
60
59
47
48
36
48
36
35
23
24
12
11
10
22
21
9
8
20
32
33
45
44
56
68
80
79
78
90
89
77
76
64
65
66
67
55
43
31
19
18
30
29
17
16
15
14
2
1
13
25
26
27
28
40
39
51
50
38
37
49
61
62
74
73
85
86
98
97
109
121
122
110
111
112
124
125
113
114
102
103
115
114
126
127
128
140
139
138
137
136
135
123
122
134
133
73
46
109
12
24
65
23
47
59
79
19
2
58
3
129
47
135
97
137
108
56
128
18
38
110
69
11
92
44
121
32
106
14
6
10
64
111
133
26
111
48
20
10
105
32
78
113
137
65
79
61
34
106
5
120
1
123
140
122
21
19
73
118
40
75
74
53
103
125
126
44
72
26
71
104
91
92
144
107
75
74
125
122
29
45
40
54
37
89
22
97
41
38
14
114
77
100
94
90
13
29
35
62
123
11
49
15
13
105
33
5
4
31
109
138
86
124
28
84
45
81
121
103
7
36
63
2
52
66
86
93
128
70
57
118
48
136
142
80
56
88
72
46
131
94
82
129
93
120
15
68
34
57
96
130
112
85
143
139
7
124
51
87
31
69
55
89
133
77
67
39
9
49
126
110
98
43
81
67
134
115
98
127
70
22
39
50
134
76
112
8
16
91
61
113
18
95
9
59
54
8
116
90
132
3
99
53
78
17
83
140
136
43
71
117
119
104
6
55
80
96
50
141
100
84
21
30
51
27
27
99
139
52
60
102
58
35
37
42
115
83
116
87
108
25
144
76
85
1
63
36
138
102
4
60
62
42
20
101
101
66
64
107
68
132
114
23
130
24
28
117
41
143
95
16
141
135
17
25
30
142
12
131
33
82
119
88
127
9
13
67
43
126
54
35
11
36
77
116
98
136
61
123
56
80
109
119
27
36
81
5
21
29
15
117
69
101
11
48
89
41
3
53
120
4
8
94
120
42
107
64
143
84
90
102
86
63
21
2
23
118
43
58
138
18
49
18
97
75
4
130
71
66
100
6
26
56
141
121
131
73
123
113
135
40
22
96
82
49
17
86
88
12
14
124
101
29
87
68
103
67
89
111
125
51
37
8
114
127
110
96
41
55
65
9
88
46
109
140
93
135
16
76
33
35
142
137
85
83
129
137
12
122
31
115
108
7
32
30
52
138
72
112
63
1
17
16
143
127
60
90
28
95
40
133
99
45
7
97
128
82
79
24
94
79
54
37
51
98
42
68
99
131
92
25
106
95
69
10
10
31
60
50
58
34
20
5
46
78
66
87
104
100
106
121
132
14
130
93
57
112
48
84
80
103
28
38
139
47
133
22
30
136
91
76
134
105
140
91
70
144
38
83
15
73
77
105
44
118
104
13
24
114
110
72
122
20
85
65
111
33
47
126
3
19
139
39
141
32
71
2
50
92
116
125
59
55
26
39
44
117
25
81
124
128
132
142
61
27
52
19
113
115
64
45
75
78
74
34
57
1
59
70
119
23
53
62
129
6
62
134
107
102
74
108
144
