##Rat 2 Day 43
 ##rewards
18
29
107
##Vertices
1
2
3
15
14
26
25
13
1
2
3
4
5
6
7
8
9
10
22
34
35
36
48
60
72
84
96
95
107
108
120
119
131
143
142
141
129
130
118
106
94
82
83
71
70
69
81
93
92
91
103
102
90
78
79
80
68
67
66
54
42
41
29
17
16
28
27
39
51
50
49
37
38
39
40
52
64
76
77
65
53
52
40
41
53
65
66
54
55
56
57
58
59
47
46
45
44
43
31
32
33
21
20
19
18
30
31
32
44
45
57
58
70
69
81
93
105
104
116
117
118
106
105
104
103
115
114
113
101
89
88
100
99
111
112
124
123
122
110
98
97
109
121
133
134
135
136
137
125
126
127
128
140
139
138
137
136
124
112
111
99
87
86
85
73
61
62
74
75
63
51
50
38
26
27
28
29
30
42
43
55
56
68
67
79
78
77
76
64
63
62
74
75
87
86
98
110
122
123
135
134
133
121
109
97
85
73
61
49
37
25
13
14
15
16
4
5
17
18
6
7
19
20
8
9
10
22
21
33
34
46
47
35
23
24
23
11
12
11
12
24
36
48
60
59
71
72
84
83
82
94
95
96
108
107
119
120
132
144
143
144
132
131
130
142
141
129
117
116
115
127
128
140
139
138
126
125
113
114
102
101
100
88
89
90
91
92
80
144
143
142
141
140
128
129
117
118
106
105
104
103
102
114
113
101
89
90
78
77
65
64
76
75
63
62
61
73
85
86
74
75
87
88
100
112
124
125
137
136
135
134
133
121
122
110
109
97
98
99
111
123
135
136
137
138
126
127
115
116
117
118
130
131
119
120
108
96
84
83
82
94
93
92
80
79
91
90
89
88
87
99
100
101
102
103
104
105
106
107
95
96
84
72
71
70
69
68
56
44
32
33
45
46
47
48
36
24
23
22
34
35
36
48
60
59
58
57
45
33
21
9
8
7
19
31
43
55
54
53
52
51
50
49
37
25
13
1
2
3
4
16
17
5
6
18
30
42
41
40
28
29
41
40
39
27
15
14
26
38
39
27
28
29
30
42
54
66
67
55
56
68
67
66
65
53
52
51
63
64
76
77
78
79
91
92
93
94
95
83
82
81
80
81
69
57
58
70
71
72
60
59
47
46
34
35
23
22
10
11
12
24
12
11
10
9
8
20
21
20
32
44
43
31
19
7
6
18
17
5
4
16
15
3
2
1
13
14
26
25
37
38
50
49
61
62
74
73
85
86
98
97
109
121
133
134
122
110
111
123
124
112
113
125
126
114
115
116
128
127
139
138
139
140
141
129
130
142
143
131
119
107
108
120
132
144
132
61
133
109
44
31
95
91
72
54
117
58
111
8
75
70
67
89
125
53
101
144
73
139
108
46
20
64
83
135
98
16
142
39
43
68
7
21
88
26
129
136
42
106
134
73
35
48
107
65
67
117
11
84
85
142
114
23
38
89
69
60
141
29
132
30
81
112
93
38
143
18
62
26
72
100
119
105
121
14
9
91
139
47
45
43
42
3
110
103
97
141
63
11
9
100
83
128
47
96
134
119
51
98
25
115
112
53
130
5
66
109
82
68
79
62
137
56
93
113
29
110
19
120
15
126
82
70
76
130
30
125
40
140
71
123
33
22
115
133
27
6
129
6
95
55
45
87
101
69
92
52
107
96
144
25
126
64
106
71
50
27
131
16
131
24
41
84
63
92
48
85
77
124
123
94
87
1
61
13
97
36
80
122
52
31
104
44
105
54
111
74
78
5
51
136
140
122
80
40
28
24
108
128
102
102
118
94
22
116
18
77
114
32
57
79
74
121
58
137
78
118
23
59
86
76
99
21
88
32
19
49
8
113
59
50
13
17
90
34
36
81
86
143
138
132
10
14
39
35
33
2
124
56
116
28
103
34
46
10
65
37
135
99
7
1
120
60
41
127
75
20
17
90
127
4
2
12
55
4
104
57
12
3
37
49
138
66
15
64
100
7
122
99
74
115
118
10
84
63
133
114
71
137
104
33
54
135
6
144
58
4
144
138
51
116
33
99
37
108
131
29
28
128
26
136
6
90
66
11
117
97
101
105
127
109
130
77
100
14
120
69
138
14
85
69
49
1
25
51
32
77
89
88
127
41
137
13
38
57
72
30
86
110
80
48
125
82
35
2
9
17
122
95
102
44
5
26
40
82
34
60
78
76
13
94
23
140
38
92
74
124
63
48
62
47
24
50
113
130
62
29
83
129
61
111
107
75
98
88
45
103
97
139
114
37
91
135
3
111
2
71
66
11
18
27
124
56
5
98
91
81
43
75
134
32
121
49
93
10
46
55
142
126
123
115
117
44
40
141
95
110
79
125
79
53
31
15
140
3
108
12
94
142
17
93
107
58
143
87
129
73
103
27
16
89
67
39
22
22
78
120
52
131
112
64
105
86
109
139
118
1
56
68
119
39
128
106
123
106
8
136
83
81
9
42
112
21
50
34
8
19
84
53
70
96
65
12
4
68
116
25
121
47
43
15
85
57
20
36
16
65
141
92
60
54
87
30
28
24
18
23
42
113
80
59
104
102
126
133
45
73
72
134
132
119
132
67
21
20
59
41
90
7
35
143
19
31
76
70
46
101
55
96
36
61
52
133
134
122
110
111
123
135
136
137
125
126
138
139
127
115
116
128
140
141
129
117
118
119
131
130
142
143
144
132
120
108
96
95
83
82
94
93
105
104
103
91
90
78
77
89
101
102
114
113
112
100
99
98
86
85
97
109
121
133
134
135
123
124
112
100
88
87
75
76
64
63
62
50
49
61
73
74
75
63
51
52
40
39
27
15
14
26
38
37
25
13
1
2
3
4
16
17
5
6
7
8
20
19
18
30
31
43
44
45
46
34
22
10
9
21
33
32
31
30
29
28
40
41
42
54
53
65
66
67
79
80
81
69
68
56
55
43
44
32
33
34
35
23
11
12
24
36
48
60
72
84
96
108
107
106
105
117
116
104
92
93
81
82
70
71
59
58
57
45
46
47
59
47
35
23
11
12
24
36
48
60
72
84
83
71
70
58
57
69
68
56
55
67
66
54
42
41
53
65
77
76
64
52
51
39
27
28
29
17
18
19
20
21
22
10
9
8
7
6
5
4
16
15
3
2
1
13
14
26
25
37
38
50
49
61
62
74
73
85
86
98
97
109
121
122
110
111
99
87
88
89
90
78
79
80
92
91
103
115
127
126
114
102
101
113
125
124
136
137
138
139
140
128
129
141
142
130
131
143
144
132
120
119
118
106
94
95
107
12
11
23
35
34
22
10
9
8
20
19
7
6
18
30
29
17
5
4
16
28
27
26
14
15
3
2
1
13
25
37
49
50
62
63
51
52
40
41
42
54
55
67
68
56
44
43
31
32
33
45
46
47
59
60
48
36
24
12
11
10
22
21
33
45
57
58
70
69
81
82
83
95
96
84
72
71
70
82
94
93
105
106
118
130
131
119
107
108
120
132
144
143
142
141
129
128
140
139
138
137
125
126
127
115
114
102
101
100
99
111
123
135
136
124
112
113
114
115
116
117
105
104
103
91
92
80
79
78
66
65
64
76
77
89
90
102
101
113
112
111
110
122
134
133
121
109
97
85
73
61
49
37
38
39
40
28
29
41
53
52
64
63
75
74
86
87
88
100
99
98
86
98
110
122
134
133
121
109
97
85
73
61
62
74
75
87
88
76
77
89
90
78
79
91
103
104
92
80
68
69
81
93
94
106
118
117
116
128
127
126
125
124
123
135
136
137
138
139
140
141
129
130
142
143
144
132
131
119
120
108
107
95
96
84
83
71
72
60
59
47
48
36
24
23
35
34
46
58
57
56
55
67
66
65
53
54
42
30
18
19
31
43
44
32
20
21
9
8
7
6
5
17
16
4
3
15
14
2
1
13
25
26
27
39
51
50
38
109
112
134
100
102
90
18
115
106
7
25
63
35
67
132
42
36
56
49
28
8
1
60
9
141
54
63
71
78
58
70
55
143
130
24
123
106
75
79
101
136
91
14
31
118
18
37
101
93
72
33
26
104
16
144
53
26
77
95
144
51
14
56
33
69
141
113
45
110
57
133
58
38
105
84
72
133
57
3
112
38
64
46
2
121
89
48
109
29
10
73
99
40
76
52
19
11
79
120
50
71
88
50
46
75
65
59
77
82
28
130
7
140
87
103
85
13
107
21
64
52
127
27
83
135
81
85
37
41
129
61
118
81
44
99
59
131
4
32
68
70
17
16
1
125
117
97
137
125
36
83
69
23
25
31
39
41
103
126
121
94
113
60
87
124
131
62
104
110
30
10
12
82
142
94
84
105
108
5
111
6
142
119
5
97
90
117
53
108
12
27
43
76
114
96
34
55
20
13
135
127
74
143
17
47
48
22
39
122
128
138
34
119
116
95
128
2
124
68
9
40
67
45
86
102
29
80
111
47
66
116
138
114
42
91
24
134
65
8
123
78
44
86
89
107
20
15
132
32
140
51
19
115
43
96
66
62
92
23
6
88
98
98
92
122
54
61
93
3
136
120
49
35
30
139
11
15
22
139
4
80
137
129
100
21
126
73
74
132
122
107
61
57
35
104
32
71
138
38
5
72
15
96
46
21
45
65
112
95
68
24
60
103
132
98
118
139
117
124
23
111
36
83
23
30
122
140
78
30
82
127
1
49
143
21
111
83
14
79
101
31
89
99
70
28
10
74
55
49
114
62
76
4
25
55
77
11
139
87
57
16
117
67
62
129
9
56
19
115
31
89
134
91
76
24
60
48
40
58
137
4
45
134
8
51
100
33
73
124
85
66
120
91
32
84
7
130
22
86
3
52
41
54
135
6
100
40
107
67
17
118
99
93
25
64
50
64
63
78
47
144
68
129
101
131
110
98
88
36
6
2
105
136
133
121
94
9
108
80
41
52
39
123
88
28
59
44
109
116
18
94
14
80
26
42
38
34
141
15
92
26
106
82
142
65
53
44
73
119
71
130
12
116
95
37
69
61
56
144
69
103
102
102
104
136
17
90
34
87
35
43
127
51
126
75
8
59
114
37
113
12
128
48
81
74
20
19
27
138
18
7
93
77
126
29
106
96
75
27
39
109
119
137
125
50
105
131
120
110
112
97
10
90
142
143
20
133
47
11
16
66
54
2
140
108
97
141
85
43
72
46
5
33
70
115
79
1
92
63
84
42
121
22
13
81
125
113
123
53
128
3
29
86
13
135
58
144
132
120
108
107
95
96
84
72
60
48
36
24
12
11
23
22
10
9
21
33
45
44
56
57
69
70
82
81
80
79
91
103
102
114
115
116
128
129
117
118
130
131
143
142
141
140
139
138
137
125
124
136
135
134
133
121
109
97
98
110
122
123
111
99
100
88
89
77
65
64
76
75
87
86
74
62
50
38
37
49
61
73
85
97
109
110
111
112
113
101
100
112
113
114
126
127
115
103
104
105
93
92
80
68
67
55
54
66
78
90
91
92
104
116
117
105
106
94
93
81
82
83
71
59
58
46
47
35
34
33
32
20
8
7
19
18
6
5
17
16
4
3
15
14
2
1
13
25
26
27
39
51
52
40
41
42
43
31
30
29
28
27
39
40
52
53
41
42
43
44
32
20
8
7
6
18
19
31
30
29
28
16
17
5
4
3
15
14
2
1
13
25
26
38
37
49
50
51
63
64
63
75
74
62
61
73
85
86
98
99
87
88
76
77
89
101
102
90
78
79
67
66
65
53
54
55
56
68
69
70
71
83
95
94
106
118
119
107
119
131
130
129
128
127
126
125
124
123
122
121
133
134
135
136
137
138
139
140
141
142
143
144
132
120
108
96
84
72
60
59
47
48
36
35
23
24
12
11
10
9
21
22
34
46
45
57
58
1
13
25
37
49
50
38
39
27
28
40
52
64
76
75
87
88
89
77
78
90
91
103
102
114
115
127
139
138
137
125
126
114
113
101
100
99
98
86
85
97
109
121
133
134
122
123
135
136
124
112
111
110
109
97
85
73
74
62
63
51
39
27
26
14
15
3
4
5
6
18
30
29
41
53
54
66
65
77
89
101
113
112
100
88
76
64
52
40
28
16
17
5
6
7
19
31
43
55
56
57
58
46
45
33
21
9
10
11
23
35
34
22
10
9
8
20
32
44
45
46
47
48
60
72
71
70
69
68
80
92
104
116
128
140
141
142
143
144
132
120
108
107
95
96
84
83
82
81
93
105
106
94
93
105
117
118
119
131
130
129
117
118
106
94
82
81
80
79
67
68
56
55
67
79
91
92
104
116
115
103
102
90
78
66
65
53
41
29
17
18
30
42
54
42
43
44
32
31
19
7
8
20
21
33
34
22
23
35
36
24
12
11
12
24
36
48
60
59
47
59
58
57
69
70
71
72
84
83
95
96
108
107
119
120
132
144
143
131
130
142
141
129
128
140
139
127
126
138
137
125
124
136
135
134
133
121
122
123
111
110
98
99
87
86
74
75
63
51
50
62
61
73
61
49
37
38
26
25
13
14
15
16
4
3
2
1
2
44
128
92
143
60
80
93
132
137
105
6
105
109
65
132
2
67
6
124
46
22
3
16
26
40
90
70
83
24
115
94
89
71
138
43
37
109
112
95
48
111
40
68
102
108
10
99
106
12
29
7
47
129
135
101
81
123
113
65
86
73
39
35
139
54
52
19
100
17
68
96
125
69
130
99
61
14
29
116
134
72
72
120
123
49
58
56
31
78
93
127
138
23
26
101
53
51
48
94
134
35
66
117
118
82
4
36
59
11
12
38
116
25
27
121
111
14
63
95
37
120
55
142
21
141
34
74
55
4
106
33
119
7
32
64
9
77
64
79
28
121
1
41
112
45
50
16
62
131
90
137
108
11
76
144
103
20
122
136
91
15
142
110
83
104
54
13
38
88
46
9
92
42
98
97
86
57
23
24
133
119
5
51
96
114
128
62
103
49
84
113
140
89
61
129
127
131
60
8
20
124
28
75
130
50
107
85
69
34
100
10
39
139
84
80
135
33
13
87
71
27
30
8
76
75
32
25
53
45
41
22
66
56
1
2
126
58
18
104
126
133
77
118
85
79
81
107
47
63
122
73
17
70
44
74
31
98
140
117
52
5
36
97
136
78
43
18
21
82
141
3
102
143
59
115
125
87
15
19
110
91
42
67
144
88
114
30
57
37
76
97
110
52
143
87
68
28
47
20
16
47
9
120
9
41
81
112
33
79
126
5
84
21
117
13
53
122
83
92
136
26
35
122
111
23
84
93
109
64
89
129
99
44
92
79
20
103
77
102
66
12
127
58
103
72
73
54
23
24
89
128
114
19
75
85
25
42
49
67
108
100
17
63
4
96
121
45
83
61
96
76
52
57
116
102
11
141
71
131
133
82
116
65
18
65
10
93
118
138
35
67
27
18
118
137
44
113
32
75
70
142
144
13
78
134
80
1
14
69
54
87
63
62
137
58
86
142
15
111
104
107
138
38
125
80
130
132
71
98
86
26
39
78
10
106
22
42
34
105
140
61
94
48
8
91
114
107
49
39
28
134
141
40
6
74
119
51
46
132
133
69
112
121
2
8
24
31
124
11
29
15
55
128
40
43
129
14
19
144
30
48
77
91
130
62
127
55
12
17
50
29
99
1
101
140
97
100
53
27
45
21
88
6
59
7
95
72
36
25
104
22
94
135
70
101
36
64
110
135
115
16
34
117
56
31
37
2
136
113
124
33
120
59
5
105
131
7
85
139
56
106
88
60
109
60
38
41
126
95
73
98
57
68
3
143
74
119
82
51
32
50
108
115
125
90
66
81
139
90
123
4
30
123
3
43
46
