##Rat 4 Day 35
 ##rewards
126
113
47
##Vertices
133
121
109
97
85
86
98
110
122
134
135
123
111
112
100
88
89
77
76
64
52
51
63
62
61
49
50
38
37
25
13
14
15
16
4
5
17
29
41
53
54
42
43
55
67
79
80
68
69
81
93
92
104
103
91
90
78
66
65
53
41
40
39
27
26
25
37
49
61
73
74
75
87
99
100
101
113
114
102
101
113
125
137
136
124
112
111
99
87
88
76
64
52
40
28
29
30
31
19
20
21
9
10
22
34
33
32
44
56
57
45
46
58
59
47
48
36
35
23
24
12
11
10
9
8
7
6
18
30
42
43
44
56
57
45
46
58
70
82
83
71
72
84
96
108
107
95
94
106
118
130
129
128
116
117
105
104
116
115
127
139
140
141
142
143
144
132
131
119
120
108
107
119
120
132
144
143
131
130
142
141
129
117
118
106
105
93
92
80
81
82
94
95
96
84
83
71
70
69
68
67
55
54
66
65
77
89
90
78
79
91
103
102
114
115
127
128
140
139
138
126
125
126
138
137
136
124
123
135
134
133
121
122
110
109
97
98
86
85
73
74
75
63
62
50
38
26
14
13
1
2
1
2
3
15
3
4
5
6
7
8
20
21
22
23
11
12
24
36
48
60
72
60
59
47
35
34
33
32
31
19
18
17
16
28
27
39
51
144
132
120
119
131
130
142
141
129
117
105
104
116
115
114
126
127
128
140
139
138
137
136
135
123
122
134
133
121
109
97
85
86
87
99
98
110
111
112
100
88
89
101
102
90
78
77
76
75
74
62
63
51
52
64
65
66
54
53
41
40
39
27
26
25
13
1
2
14
15
3
4
5
6
7
19
18
30
31
32
44
43
55
67
79
91
103
104
92
80
68
56
57
69
70
82
81
93
94
95
83
71
59
58
46
47
48
36
35
34
22
23
11
12
24
36
48
60
72
84
96
108
107
106
118
117
116
115
103
91
90
102
114
113
125
124
136
135
123
111
99
87
75
63
51
50
49
37
38
39
27
28
16
17
29
30
42
43
31
32
33
45
44
56
68
69
57
45
33
21
9
8
20
21
20
8
7
19
18
6
5
4
3
2
1
13
25
37
49
61
73
74
86
98
110
122
134
133
121
109
97
85
73
61
62
50
38
26
14
15
16
17
29
28
40
41
42
54
55
67
79
78
66
65
53
52
64
76
77
89
88
100
101
113
112
124
125
137
138
126
127
139
140
128
129
130
118
106
105
93
92
80
81
82
94
95
83
71
70
58
46
34
22
10
9
10
11
12
24
23
35
47
59
60
72
84
96
108
107
119
120
132
144
143
131
143
142
141
27
30
125
140
24
39
18
13
27
91
23
45
114
68
3
83
132
101
58
68
34
101
137
80
82
3
133
112
143
95
12
86
61
111
14
66
52
62
119
57
110
17
90
67
115
110
26
28
142
61
34
103
25
57
125
78
88
12
90
76
10
132
35
93
66
88
91
15
2
19
49
51
133
138
93
73
31
47
49
38
120
107
94
31
121
35
69
64
22
52
77
116
14
26
46
15
99
33
22
120
69
44
109
16
75
4
42
136
71
63
122
124
84
94
99
98
60
134
4
29
139
131
6
5
30
144
71
104
123
95
92
72
131
107
53
81
59
105
81
48
16
58
87
37
138
63
6
29
118
23
56
141
36
75
117
48
43
124
144
106
72
92
141
51
76
117
137
123
43
113
20
60
108
5
33
126
70
24
104
83
7
80
142
135
96
36
127
114
111
13
121
129
84
73
127
7
102
40
21
46
103
65
9
53
41
100
118
116
106
85
28
41
47
8
54
55
8
97
119
139
67
140
44
130
74
108
32
128
74
79
38
89
62
9
78
64
11
87
86
97
32
54
40
1
135
79
122
98
112
20
109
18
55
129
113
17
25
102
37
96
100
85
45
10
82
1
105
126
89
11
59
130
65
19
39
2
136
143
50
42
70
56
115
77
50
128
21
134
78
49
136
86
58
56
92
124
102
77
47
138
76
144
40
31
86
116
37
70
61
32
39
23
83
119
126
73
89
132
51
113
125
133
140
32
65
112
27
46
110
93
29
131
26
59
1
95
30
11
7
17
63
50
27
131
105
7
37
107
67
104
60
53
33
122
97
76
47
23
40
118
139
75
108
117
104
12
10
110
81
14
82
61
41
123
128
98
2
36
17
48
82
35
142
8
5
4
26
98
112
125
22
63
41
80
54
130
128
56
137
96
139
34
114
111
107
8
2
71
67
74
130
85
64
84
20
77
46
91
121
65
72
111
94
123
6
101
143
120
136
25
60
89
44
88
91
106
83
9
19
69
54
10
18
28
70
106
73
140
87
42
44
129
33
3
143
138
36
94
66
34
137
55
52
116
109
43
129
30
75
144
119
68
121
127
117
9
3
24
57
79
29
13
19
105
126
1
99
74
87
71
90
135
21
45
93
141
15
51
55
16
115
21
97
18
31
142
39
102
85
62
16
59
101
53
69
115
4
20
72
103
103
108
14
78
114
79
25
122
99
11
124
120
38
134
96
113
42
45
90
24
43
50
127
118
109
57
49
92
100
52
95
132
64
80
6
100
22
35
84
15
88
5
28
81
141
66
38
62
68
135
48
133
12
13
58
134
12
24
36
35
23
22
10
9
21
33
45
44
32
31
30
18
19
20
8
7
6
5
4
3
15
14
2
1
13
25
37
49
50
51
39
38
26
27
28
40
52
53
41
42
54
66
65
64
63
62
74
75
87
88
76
77
78
90
89
101
100
99
111
110
109
121
133
134
122
123
135
136
137
138
139
127
126
114
115
116
104
103
91
79
67
55
43
44
56
68
80
92
93
81
82
70
69
57
58
59
71
83
95
94
106
107
108
120
119
118
130
131
143
144
132
120
108
96
84
72
60
48
47
46
34
33
32
31
43
55
54
42
30
29
17
16
4
3
15
27
39
51
63
75
87
86
85
97
98
99
111
112
124
125
113
114
102
103
115
116
117
105
104
92
80
81
93
105
117
129
141
140
128
129
128
140
139
127
126
138
137
136
135
134
133
121
109
97
85
73
61
62
50
38
26
14
2
1
13
25
37
49
61
73
74
86
98
110
122
123
124
125
113
112
100
101
102
90
91
79
67
66
78
77
89
88
76
64
65
53
52
40
41
29
28
16
17
5
6
18
19
7
8
20
21
22
34
46
45
57
56
68
69
70
58
59
71
83
82
94
106
118
130
142
141
142
143
144
132
131
119
107
95
96
84
72
60
48
47
35
36
24
12
11
23
11
10
9
1
13
14
15
3
2
1
13
25
26
38
50
51
52
64
65
66
78
90
102
114
113
101
100
112
124
125
137
138
126
127
139
140
128
129
117
118
130
142
141
140
139
138
137
136
135
123
122
134
133
121
109
110
111
99
98
97
85
73
74
75
63
62
61
49
37
25
26
27
39
40
41
42
43
44
56
68
67
55
54
53
41
29
28
16
4
5
6
18
19
7
8
20
21
22
10
9
8
7
6
5
17
18
30
31
32
33
45
57
69
70
71
59
60
72
84
96
95
94
106
107
108
120
132
131
119
118
106
105
93
92
80
81
82
83
84
72
60
48
47
35
23
11
12
24
36
48
47
46
58
57
69
68
56
55
54
53
65
77
89
88
87
86
85
97
98
99
100
101
102
103
91
79
67
66
78
79
80
81
93
94
82
70
58
59
71
83
95
96
108
107
119
120
132
144
143
144
143
131
130
142
141
129
117
116
128
127
126
125
124
136
135
123
122
134
133
121
109
110
111
112
113
114
115
116
115
103
104
105
104
92
91
90
89
77
76
64
52
51
63
75
76
88
87
86
74
73
61
62
50
49
37
38
39
40
28
27
15
14
2
3
4
16
17
29
30
42
43
31
32
44
45
46
34
33
34
22
23
35
36
24
12
11
10
9
21
20
19
142
26
119
121
39
102
16
139
16
5
68
58
119
66
9
28
49
67
90
62
13
44
18
24
70
27
129
123
122
4
103
111
108
110
72
96
31
46
115
138
99
127
26
1
13
50
140
6
4
86
100
59
67
12
39
63
20
1
125
28
125
118
42
134
52
118
82
89
56
94
14
73
117
23
81
24
74
106
95
121
108
91
107
27
6
37
34
78
124
33
120
128
141
56
116
98
102
48
77
70
126
126
23
11
60
139
38
85
10
40
49
25
113
101
134
22
62
8
103
35
30
91
135
90
47
51
80
137
50
54
105
14
114
99
127
33
22
101
19
143
106
131
15
52
84
92
94
11
10
75
17
81
58
65
93
63
12
123
129
44
111
79
116
29
48
53
2
15
87
78
21
83
117
9
107
100
109
110
131
19
57
136
87
47
112
73
32
54
76
17
130
112
89
38
144
115
41
8
71
72
104
80
92
137
74
124
144
128
64
34
104
98
25
35
37
71
143
85
60
136
69
45
45
21
46
31
5
113
105
18
86
66
132
29
43
97
82
59
69
77
133
88
96
40
51
83
64
7
7
55
53
84
20
109
130
30
41
97
32
93
138
120
61
3
36
68
36
135
95
2
79
141
75
132
65
140
55
142
57
76
61
122
88
42
43
3
114
133
108
43
119
141
120
19
22
136
59
4
97
66
58
81
132
57
115
38
41
33
92
104
2
15
47
101
125
76
9
32
124
49
58
64
109
142
133
52
120
143
53
55
26
81
101
46
84
18
95
90
31
11
40
83
79
35
117
99
50
62
48
8
137
85
21
52
80
19
42
94
61
82
91
134
59
86
49
129
39
44
99
100
70
138
13
7
118
126
98
54
144
34
102
134
55
45
137
69
96
83
105
62
9
60
28
29
86
30
6
111
103
68
4
60
97
104
13
132
20
75
44
111
109
129
35
15
16
133
131
61
139
110
119
37
128
140
38
17
113
115
66
24
112
26
117
39
65
48
41
1
88
79
33
105
94
130
40
30
72
67
123
45
127
14
24
18
10
87
12
122
112
25
51
106
27
42
6
74
31
63
71
23
110
10
107
116
72
92
77
5
64
36
70
135
17
7
47
67
16
74
127
121
89
3
135
1
125
102
71
8
139
106
114
14
136
118
25
138
124
29
37
78
84
82
126
68
75
88
114
12
122
128
50
90
98
43
87
131
23
36
140
46
93
121
116
93
130
57
32
96
5
34
11
63
65
73
56
73
91
143
20
56
28
144
108
89
100
80
107
123
95
3
77
54
51
21
113
142
103
85
27
69
76
53
78
22
2
141
133
121
109
110
122
123
135
136
124
112
100
101
113
114
115
127
126
125
137
138
139
140
141
142
130
131
143
144
132
120
108
96
95
94
106
107
119
118
117
105
93
92
104
103
91
79
80
81
82
83
71
70
58
57
69
68
67
55
56
44
45
46
34
35
36
24
12
11
23
22
10
9
8
7
6
18
19
31
30
29
41
42
54
66
78
90
102
101
89
77
65
53
52
64
63
75
76
88
87
86
74
62
50
51
39
38
37
25
26
27
15
14
2
1
13
25
37
49
61
73
85
97
98
99
111
112
113
114
102
90
91
103
115
116
128
129
141
142
130
118
106
94
82
70
58
59
60
48
47
46
34
33
21
20
32
31
43
42
30
29
28
40
41
53
65
64
52
40
28
16
4
5
17
16
17
5
6
18
19
7
8
9
10
11
12
24
36
48
60
72
84
83
95
107
119
131
143
144
132
120
108
96
84
72
71
59
47
35
23
22
21
20
32
33
45
44
43
55
54
66
78
79
67
68
56
57
69
81
80
92
93
105
104
116
117
129
128
140
139
127
126
138
137
125
124
123
111
99
100
88
89
77
76
75
87
86
74
62
63
51
39
27
15
3
4
3
2
1
13
14
26
38
50
49
61
73
85
97
98
110
109
121
133
134
122
134
135
136
12
24
23
22
10
9
8
7
19
31
43
55
54
66
65
53
52
51
63
64
76
77
78
90
89
101
113
114
126
138
139
140
141
142
130
118
106
94
95
96
108
107
119
131
132
144
143
142
141
129
128
127
115
103
102
101
100
112
111
99
98
86
74
62
61
73
85
97
109
110
122
121
133
134
135
136
137
125
124
123
111
112
113
114
102
103
104
116
117
105
93
81
80
68
67
79
91
92
104
105
93
94
82
70
58
59
71
83
84
72
60
48
47
35
36
48
60
59
58
46
34
33
32
20
21
9
8
7
6
18
30
42
41
40
28
27
15
3
4
16
17
5
4
3
2
1
13
14
26
25
37
49
50
38
39
51
63
75
87
88
76
64
52
53
65
66
67
68
69
57
45
44
45
57
56
44
56
55
54
42
43
31
32
33
34
46
47
35
36
24
23
11
12
11
10
22
21
20
19
18
6
5
17
29
30
29
41
40
28
16
15
14
2
1
13
25
26
27
39
38
37
49
50
62
61
73
85
86
74
75
87
88
100
99
98
97
109
110
122
121
133
134
135
123
124
136
137
125
126
138
139
140
128
127
115
116
117
129
130
131
143
144
132
120
108
120
119
118
106
107
95
96
84
72
71
83
82
70
69
81
80
79
78
77
89
90
91
92
92
129
73
57
38
99
134
61
82
29
7
116
101
118
31
22
130
124
116
32
70
131
11
72
104
16
119
49
41
122
136
13
131
107
103
45
60
121
40
61
28
59
53
142
62
58
112
124
64
107
35
17
42
119
105
127
132
117
14
70
36
44
99
106
14
63
89
63
42
44
40
54
95
34
98
75
11
16
139
113
110
50
15
115
47
30
96
78
9
31
18
55
57
4
53
115
79
108
117
3
26
75
122
21
144
23
135
38
6
1
27
32
74
94
109
105
79
24
129
2
49
15
28
26
142
9
77
93
143
19
97
96
144
123
80
123
72
78
140
51
100
103
87
140
46
94
110
71
121
138
7
65
4
125
86
45
143
6
77
80
120
87
23
68
84
109
100
33
88
84
69
46
128
88
62
93
48
125
13
65
25
5
90
20
120
29
12
8
138
12
128
85
10
18
67
24
36
133
134
39
64
91
58
114
56
137
17
27
102
56
5
86
10
127
69
47
30
2
54
104
35
85
135
66
43
3
39
139
19
21
130
82
101
37
108
106
20
68
22
50
83
89
59
73
95
118
41
126
60
112
74
55
33
66
43
83
113
76
48
37
92
81
97
133
67
25
81
98
8
90
114
111
51
91
111
137
136
102
71
1
141
52
52
126
76
141
132
34
77
118
136
122
92
74
9
134
52
47
96
138
144
81
62
68
16
34
6
105
55
48
133
53
42
15
20
10
20
81
90
95
57
64
94
96
86
100
84
9
53
77
31
18
115
39
37
130
142
35
84
44
75
57
87
19
37
85
89
58
5
107
79
27
100
137
18
109
110
71
98
73
120
27
46
43
140
1
6
143
125
24
129
3
126
137
104
72
110
26
69
97
107
95
122
108
128
7
46
41
29
88
108
68
54
11
144
80
98
83
44
94
117
13
115
59
132
119
116
52
25
106
112
72
113
55
22
2
109
33
114
71
24
76
120
1
93
89
141
42
133
143
49
62
97
86
25
91
67
73
16
75
123
141
8
106
60
7
92
76
111
103
139
83
32
93
69
59
105
78
43
85
139
128
17
99
56
49
129
51
33
29
21
23
45
47
30
15
82
28
8
38
70
127
5
4
140
40
130
31
41
142
64
101
14
101
119
17
65
14
91
113
51
112
82
61
70
50
78
65
56
50
136
36
34
74
135
2
80
21
79
12
87
36
13
131
58
111
26
10
35
61
102
19
121
135
121
117
125
28
54
22
63
99
126
90
60
32
38
118
127
4
40
30
124
67
66
103
3
114
102
132
23
12
63
11
124
104
131
88
123
116
138
45
134
39
48
66
