##Rat 3 Day 48
 ##rewards
127
116
38
##Vertices
68
15
60
55
60
102
103
72
131
143
112
19
59
40
111
130
90
86
30
82
42
125
25
124
115
114
114
28
110
18
128
9
10
47
26
128
117
52
13
80
46
72
66
24
143
69
22
83
17
95
53
33
22
21
61
5
76
126
124
96
115
105
104
120
37
113
105
62
144
113
41
62
8
106
127
48
123
89
49
53
94
84
47
78
10
99
92
21
9
57
118
141
65
107
121
71
5
116
35
69
44
56
70
7
74
93
110
36
101
106
14
8
144
136
141
134
14
4
125
82
31
101
19
109
91
122
138
100
137
134
100
6
75
139
57
49
29
75
18
77
11
63
122
73
34
39
126
36
55
33
51
131
20
30
99
86
1
48
43
74
70
96
136
20
32
123
83
64
140
142
38
108
135
129
104
1
94
39
140
73
133
28
23
27
85
84
58
81
102
88
68
2
15
71
44
81
61
65
116
45
52
17
12
142
51
132
108
117
63
85
121
42
87
127
90
38
129
130
56
3
7
12
50
119
77
135
89
46
45
107
139
41
23
54
2
95
97
16
4
34
111
29
64
6
103
109
120
92
35
93
98
79
58
37
118
132
79
138
66
87
25
40
50
11
43
76
137
67
91
80
112
59
98
26
31
67
54
16
27
97
119
13
88
32
3
133
24
78
126
20
130
52
79
7
134
54
74
104
42
132
32
106
66
104
31
109
135
124
92
137
80
28
53
58
13
107
98
87
100
108
60
84
93
103
63
62
10
20
45
122
127
68
67
67
86
21
19
113
65
140
39
45
91
31
35
89
42
142
47
22
118
131
1
61
33
46
59
85
82
41
39
144
88
6
133
26
140
139
73
49
29
117
55
97
109
105
143
121
135
71
14
12
26
40
81
76
2
14
126
47
44
114
37
30
86
17
61
64
22
34
15
11
49
137
129
89
103
50
40
53
70
115
9
93
84
122
43
74
37
59
6
16
116
90
57
35
139
44
138
111
81
73
114
5
23
106
36
28
48
38
66
83
123
144
125
17
76
97
12
95
41
98
18
120
55
24
50
138
99
46
128
128
10
92
107
119
113
136
7
78
105
24
1
4
79
133
4
143
118
32
130
72
43
77
129
27
96
83
134
75
36
63
3
29
9
95
5
80
54
101
16
101
33
72
115
19
116
108
85
62
88
57
58
142
110
56
65
123
94
87
99
112
78
141
112
102
52
94
125
110
13
102
15
30
100
82
136
127
121
38
18
75
131
8
64
8
141
51
51
25
77
60
132
21
71
68
34
70
11
69
69
119
117
3
27
120
90
96
91
23
124
2
48
56
111
25
133
134
122
110
109
121
133
134
135
123
124
125
113
101
102
90
78
79
80
81
82
94
93
105
106
107
95
96
84
83
71
72
60
59
47
46
34
35
36
48
60
72
84
96
108
120
119
131
132
144
143
142
130
118
117
129
141
140
139
127
115
114
126
138
137
136
135
123
111
112
100
88
76
64
52
53
54
66
65
77
89
88
87
99
98
97
85
73
74
62
61
49
50
38
26
25
37
49
61
73
85
86
74
75
63
51
39
40
41
42
30
18
17
5
6
7
8
20
32
33
21
9
10
11
23
22
34
33
45
44
56
55
43
31
19
7
6
5
4
16
15
14
13
1
2
3
4
16
28
29
41
42
54
53
65
77
89
90
91
92
104
116
128
140
141
129
117
105
93
81
69
68
67
66
78
79
67
55
43
44
32
31
30
29
17
18
19
20
8
9
21
22
10
11
12
24
12
24
23
35
36
48
47
46
58
59
71
83
95
107
108
120
119
131
132
144
143
142
130
118
106
94
82
70
58
70
69
57
45
57
56
68
80
92
91
103
102
101
113
114
115
103
104
116
128
127
139
138
126
125
137
136
124
112
100
99
111
110
122
121
109
97
98
86
87
75
76
64
63
51
52
40
28
27
39
27
26
14
15
3
2
1
13
25
37
38
50
62
144
143
142
130
131
119
120
108
107
106
105
93
94
82
70
71
83
95
96
84
72
60
48
36
35
23
24
12
11
10
9
8
20
32
33
21
22
34
46
45
44
56
57
69
68
67
55
43
31
19
18
30
29
41
42
54
66
65
53
52
40
28
27
15
3
2
1
13
14
26
25
37
49
61
73
74
62
63
75
87
88
76
77
78
79
80
81
93
92
91
90
89
101
102
114
115
103
104
116
128
127
126
125
113
112
124
136
135
123
111
110
122
121
133
134
135
136
137
138
139
140
141
129
117
118
106
94
82
81
80
68
69
70
58
59
47
48
36
35
34
33
32
31
30
29
17
5
4
16
28
27
39
38
50
51
63
64
76
75
87
99
100
88
89
90
102
101
100
99
98
97
85
86
98
86
85
73
74
62
61
49
37
25
13
1
2
3
4
5
6
7
19
20
21
22
23
24
12
11
10
9
8
7
6
18
17
16
15
14
26
38
50
51
39
40
52
64
65
77
78
79
67
66
54
53
41
42
43
55
56
44
45
57
58
46
47
59
60
72
71
83
84
96
95
107
119
118
117
105
104
92
91
103
115
116
128
127
126
114
113
112
111
110
109
97
109
121
133
134
122
123
124
125
137
138
139
140
141
129
130
142
143
144
132
131
132
120
108
131
41
133
23
138
105
125
98
70
142
8
134
125
130
30
103
99
16
39
82
63
57
110
49
21
85
71
108
71
97
100
84
10
121
28
45
74
10
18
119
104
60
52
19
123
58
40
48
99
122
95
11
34
46
93
31
137
61
4
115
14
89
119
67
68
96
85
13
27
117
144
38
62
126
90
23
12
143
30
93
75
131
100
52
140
22
55
39
95
5
72
67
6
50
139
7
83
4
139
42
9
37
74
84
48
138
35
77
76
116
38
2
66
32
57
141
81
44
63
80
133
124
89
64
20
121
31
65
86
12
117
1
49
135
47
3
126
127
136
27
72
98
82
36
13
24
69
116
108
19
112
73
29
130
7
53
114
113
120
46
102
60
1
41
43
129
50
28
101
44
21
137
78
124
54
104
34
107
66
129
141
70
53
122
88
75
97
94
118
134
111
106
15
62
79
61
96
106
17
136
56
14
109
102
78
92
37
59
91
144
132
45
69
9
42
47
113
64
105
110
2
123
127
128
26
90
35
3
43
114
109
36
94
87
73
86
33
80
55
65
24
87
20
101
112
6
91
77
115
79
25
140
18
51
22
111
118
132
51
76
16
29
92
33
107
142
11
68
81
135
17
120
25
59
8
54
40
128
103
15
143
83
56
32
58
5
88
26
65
139
124
77
133
137
91
11
78
44
54
58
109
62
46
27
74
47
25
38
144
112
117
14
143
73
32
3
29
2
57
23
60
141
130
107
34
127
56
52
138
41
13
112
110
127
30
18
80
141
11
7
140
17
43
67
82
18
93
40
105
75
16
14
135
132
26
104
79
73
7
23
83
100
20
30
87
53
70
95
67
27
85
9
76
40
55
72
19
94
5
103
4
69
65
4
29
136
85
63
105
92
42
125
135
117
126
115
137
79
121
108
52
46
121
101
31
118
84
25
22
15
66
86
106
114
129
96
22
37
132
56
131
130
24
110
107
111
74
99
98
3
118
21
33
89
119
123
75
38
80
129
17
134
90
71
50
64
12
5
142
61
97
77
63
51
24
78
15
58
34
143
31
10
50
87
136
94
144
125
39
128
49
26
42
88
86
97
104
119
108
39
1
51
113
126
98
9
142
122
60
113
64
95
62
115
109
139
111
138
69
53
28
35
21
1
120
82
48
102
101
12
6
66
116
96
16
134
57
44
59
37
10
35
128
72
116
114
61
83
103
131
6
106
89
93
8
33
45
92
70
140
68
19
88
122
36
100
124
55
123
54
13
120
36
49
47
43
28
99
45
76
48
59
90
81
84
8
133
2
91
41
68
20
32
71
102
81
1
2
3
15
14
26
25
37
38
39
40
52
51
63
75
74
62
50
49
61
73
85
97
109
110
122
121
133
134
135
136
137
125
113
112
124
123
111
99
100
101
89
88
76
77
78
90
102
114
126
127
115
116
104
103
91
79
80
92
93
105
117
118
130
142
143
144
132
131
119
120
108
96
84
72
71
83
82
70
58
57
69
68
67
66
65
64
52
53
54
55
56
44
43
31
30
42
41
29
17
18
19
20
32
33
21
9
10
22
34
35
23
24
12
11
10
9
8
7
6
5
4
16
28
27
39
51
63
64
65
77
76
75
87
86
98
97
109
110
111
112
113
114
115
116
128
140
141
129
117
118
106
107
95
94
82
81
69
70
58
46
45
57
56
55
43
44
45
46
47
48
60
59
47
59
60
72
71
83
84
96
108
120
132
144
143
142
141
140
139
138
126
125
124
123
122
121
133
134
135
136
137
138
139
127
128
129
130
131
119
107
95
94
106
105
93
81
80
68
67
66
78
79
91
92
104
103
102
90
89
101
100
88
87
99
98
86
85
73
74
62
61
49
50
38
26
27
28
40
41
53
54
42
30
29
17
18
19
31
32
33
34
35
36
48
36
24
12
11
23
22
21
20
8
7
6
5
4
16
15
3
2
1
13
14
13
25
37
12
24
36
48
60
59
47
35
23
11
10
22
34
33
45
57
56
68
69
81
93
94
82
83
84
96
95
107
108
120
132
131
130
129
141
140
128
116
104
92
91
103
102
90
78
66
65
77
76
64
52
53
41
42
54
55
67
79
80
92
104
105
106
118
119
120
108
96
84
72
71
70
58
46
45
44
32
31
43
44
32
20
8
9
21
33
34
46
58
57
69
81
93
105
117
116
115
114
126
125
124
136
135
123
111
112
113
101
89
88
100
99
87
86
98
97
109
110
122
121
133
134
135
136
137
138
139
127
115
103
102
101
89
88
100
99
87
75
63
62
74
73
61
49
37
38
50
51
39
27
15
16
17
29
28
40
41
29
30
18
6
5
4
3
2
1
13
14
26
25
37
38
26
25
13
1
2
14
15
3
4
16
28
27
39
40
52
53
65
64
63
51
50
49
61
62
74
75
76
77
78
90
91
79
80
68
56
55
67
66
54
42
43
31
30
18
17
5
6
7
19
20
19
7
8
9
21
22
10
11
12
24
23
35
36
48
47
59
60
72
71
70
82
83
95
107
119
131
132
144
143
144
143
142
130
142
141
140
139
138
137
125
124
123
122
134
133
121
109
97
85
73
85
86
98
110
111
112
113
114
126
127
128
129
117
118
106
94
1
143
69
46
65
132
68
65
88
144
87
87
54
56
58
126
75
4
75
113
89
31
135
141
19
125
126
52
80
30
103
82
112
74
61
111
36
28
24
59
76
51
73
104
51
89
9
135
100
62
49
125
26
14
82
90
20
25
77
109
140
60
37
98
96
2
100
23
105
83
143
44
39
46
25
88
13
101
57
55
49
129
116
79
15
93
130
40
3
141
69
85
97
41
55
15
140
63
113
102
118
64
32
26
93
59
56
38
92
19
62
68
12
3
86
10
18
28
4
77
108
44
53
111
134
78
107
84
17
131
13
33
64
38
138
66
23
72
116
32
94
5
133
95
42
34
122
94
103
137
11
118
97
120
8
43
132
137
29
67
22
6
40
120
91
119
54
85
81
73
130
76
9
81
34
12
36
90
114
78
121
72
102
123
136
110
106
31
91
144
114
50
131
142
110
45
7
79
112
105
139
43
63
35
92
128
33
67
57
8
48
71
117
5
122
1
71
98
133
124
47
107
50
142
16
96
37
60
7
139
29
14
129
61
41
21
123
27
127
106
42
2
83
99
80
24
22
136
11
95
20
35
27
48
128
84
134
74
53
115
121
101
104
45
70
16
58
138
124
17
18
108
21
115
70
117
30
119
99
66
109
47
52
127
39
10
6
86
92
108
73
59
109
75
102
27
125
57
140
3
35
56
38
139
45
26
83
113
20
68
41
124
80
91
60
24
115
34
118
12
100
36
118
8
68
20
15
137
125
83
96
128
128
117
58
136
26
106
140
78
94
30
98
79
24
133
132
57
32
93
97
5
2
14
101
2
87
52
63
127
127
99
44
130
30
13
129
141
56
62
114
82
89
144
63
27
3
78
80
107
5
25
29
104
143
16
134
126
91
36
67
29
17
133
35
50
109
93
84
98
21
39
53
23
88
64
84
131
38
18
69
1
122
116
74
137
95
103
49
76
130
121
43
96
55
129
9
7
14
65
33
65
92
28
6
55
138
48
114
72
10
28
110
40
31
111
85
18
94
40
107
52
136
7
123
47
101
121
9
64
71
8
86
53
119
102
122
46
88
46
81
39
108
11
33
54
75
110
41
16
85
1
74
19
22
59
45
119
104
49
112
81
115
32
116
54
144
42
106
86
132
51
73
97
42
77
131
134
4
11
126
69
143
87
90
77
100
105
120
124
112
44
70
76
17
71
61
142
62
66
22
120
72
82
10
142
51
4
12
31
66
90
43
89
139
13
61
135
23
70
79
50
15
105
117
113
37
135
95
34
58
48
99
67
19
6
60
123
21
103
111
25
141
138
37
47
12
11
23
35
36
48
60
72
84
96
108
120
119
107
106
105
93
92
104
116
115
127
139
138
137
125
124
136
135
123
122
134
133
121
109
97
98
99
100
88
89
101
113
112
111
110
109
97
85
86
87
75
76
77
78
90
102
103
91
79
80
81
69
70
82
94
95
83
71
59
58
57
45
33
32
20
8
7
19
18
6
5
17
16
4
3
2
14
26
25
37
49
61
73
74
62
50
38
39
40
41
42
30
29
28
27
15
3
4
5
6
7
8
9
10
22
21
33
34
46
47
48
60
59
58
70
69
68
67
66
54
55
43
31
19
18
17
16
15
27
28
29
30
42
41
53
52
51
63
64
65
77
78
79
80
81
93
105
117
118
130
131
143
142
141
129
128
140
139
138
126
127
128
140
141
129
130
142
143
144
132
144
132
131
119
120
108
96
84
72
71
83
82
94
95
107
106
118
117
116
104
92
91
103
115
114
126
125
137
136
124
112
113
114
102
90
89
101
100
99
111
123
135
134
133
121
122
110
98
86
85
73
61
62
74
75
87
88
76
64
63
51
50
49
37
25
13
1
2
1
13
14
26
38
39
40
52
53
65
66
54
55
67
68
56
44
45
46
47
35
34
22
23
24
36
24
12
11
10
9
21
20
32
31
43
44
56
57
1
13
14
15
3
2
1
13
25
26
38
50
51
52
64
65
66
78
90
102
114
113
101
100
112
124
125
137
138
126
127
139
140
128
129
117
118
130
142
141
140
139
138
137
136
135
123
122
134
133
121
109
110
111
99
98
97
85
73
74
75
63
62
61
49
37
25
26
27
39
40
41
42
43
44
56
68
67
55
54
53
41
29
28
16
4
5
6
18
19
7
8
20
21
22
10
9
8
7
6
5
17
18
30
31
32
33
45
57
69
70
71
59
60
72
84
96
95
94
106
107
108
120
132
131
119
118
106
105
93
92
80
81
82
83
84
72
60
48
47
35
23
11
12
24
36
48
47
46
58
57
69
68
56
55
54
53
65
77
89
88
87
86
85
97
98
99
100
101
102
103
91
79
67
66
78
79
80
81
93
94
82
70
58
59
71
83
95
96
108
107
119
120
132
144
143
144
143
131
130
142
141
129
117
116
128
127
126
125
124
136
135
123
122
134
133
121
109
110
111
112
113
114
115
116
115
103
104
105
104
92
91
90
89
77
76
64
52
51
63
75
76
88
87
86
74
73
61
62
50
49
37
38
39
40
28
27
15
14
2
3
4
16
17
29
30
42
43
31
32
44
45
46
34
33
34
22
23
35
36
24
12
11
10
9
21
20
19
