##Rat 8 Day 5
 ##rewards
71
58
124
##Vertices
1
13
14
2
3
15
16
4
5
17
29
28
40
41
42
30
18
6
7
8
20
19
31
32
33
34
46
47
59
58
57
56
55
43
44
45
33
21
9
10
22
23
11
12
24
36
48
60
72
84
83
71
70
69
68
80
79
78
77
65
64
76
88
100
101
102
90
91
103
115
116
104
105
117
129
128
140
141
142
143
144
132
131
130
118
106
107
119
120
108
96
95
94
93
92
80
81
82
70
69
81
82
94
93
92
91
103
102
114
126
125
124
123
122
110
98
97
85
86
74
75
87
99
111
112
113
101
89
88
100
112
113
114
115
127
139
138
137
136
135
134
133
121
109
97
85
73
61
49
50
62
63
51
39
27
26
25
37
38
39
27
28
29
30
42
54
53
52
51
63
75
87
99
98
86
74
73
61
62
50
49
37
38
26
25
13
1
2
14
15
3
4
16
17
5
6
18
19
7
8
20
32
31
43
55
54
66
78
90
89
77
76
64
52
40
41
53
65
66
67
79
67
68
56
44
45
57
58
46
34
35
47
35
23
22
21
9
10
11
12
24
36
48
60
59
71
72
84
83
95
96
108
107
119
120
132
144
143
131
130
142
141
129
117
118
106
105
104
116
128
140
139
127
126
138
137
125
124
136
135
123
122
134
133
121
109
110
111
133
134
122
121
109
110
98
97
85
86
87
99
100
88
76
75
74
73
61
49
50
62
63
51
39
27
28
16
17
29
41
53
65
64
52
40
39
38
37
25
26
14
13
1
2
3
4
5
6
7
19
18
30
42
54
55
67
79
91
90
102
103
104
105
93
81
80
68
69
70
58
57
45
46
47
59
60
48
36
24
12
11
23
35
34
33
21
22
10
9
8
20
32
44
56
55
43
31
30
42
43
31
32
44
56
68
69
81
82
83
95
107
119
131
130
129
141
140
128
127
115
116
117
118
106
94
93
92
104
105
106
94
82
70
71
72
84
96
108
120
132
144
143
142
141
140
139
138
137
125
126
114
113
112
111
123
135
136
124
112
111
99
87
75
76
77
89
101
113
114
115
116
117
129
128
127
139
138
126
125
137
136
124
123
135
134
133
121
122
110
109
97
98
86
85
73
74
62
61
49
50
51
63
64
65
77
78
79
80
92
91
103
102
101
100
88
89
90
78
66
67
66
54
53
52
40
41
29
28
27
15
16
15
14
26
38
37
25
13
1
2
3
4
5
17
18
6
7
19
20
8
9
21
22
10
11
12
24
23
35
36
48
47
46
34
33
45
57
58
59
60
72
71
83
84
96
95
107
108
120
119
131
132
144
143
142
130
118
106
12
6
133
10
124
127
37
13
81
123
132
132
76
22
61
131
70
118
35
138
60
120
16
41
105
72
68
44
113
103
11
29
44
19
116
86
17
98
77
9
93
26
116
121
14
30
62
45
115
95
11
53
27
20
109
144
3
126
120
49
84
4
139
12
140
22
109
141
63
48
15
134
9
1
122
47
73
129
112
60
30
90
112
53
51
43
38
4
62
3
83
111
111
126
87
39
119
31
31
92
115
28
117
78
97
97
55
71
85
64
46
136
77
57
37
102
66
82
90
75
105
28
85
52
138
91
33
45
67
81
27
6
42
107
36
99
110
124
54
142
1
125
56
8
101
35
23
98
32
84
69
125
117
16
40
65
78
140
123
58
66
127
63
34
26
68
87
129
34
79
91
143
58
83
141
14
130
42
102
128
59
131
32
48
69
93
33
24
137
24
96
100
79
18
101
121
89
72
5
29
135
50
75
5
54
51
2
43
110
20
57
108
106
113
21
74
88
107
103
119
70
142
82
13
143
128
38
137
15
114
73
88
71
19
7
99
92
122
39
134
61
23
55
46
80
144
114
67
52
25
94
49
108
139
100
56
118
95
17
50
18
80
130
104
133
96
64
136
7
65
86
104
89
94
41
74
76
36
25
47
2
21
10
40
8
59
135
84
93
103
21
56
87
57
22
34
40
24
121
101
107
27
117
135
23
143
95
44
57
117
63
19
58
40
139
97
136
97
126
62
8
108
116
114
130
142
75
4
13
128
46
125
68
141
43
43
70
60
136
92
78
123
121
9
104
54
51
61
4
36
72
44
142
35
84
51
66
65
100
14
54
50
42
65
101
7
29
126
55
119
16
134
106
119
78
62
76
61
85
13
110
26
113
19
76
16
24
91
71
39
63
80
69
45
111
20
133
77
86
58
21
52
138
11
144
102
107
12
118
134
67
48
60
116
79
133
70
32
2
131
120
9
71
94
113
122
103
74
69
137
92
28
125
96
49
90
15
131
129
18
118
115
8
45
85
10
81
29
37
53
95
38
91
47
88
1
82
112
14
98
94
111
132
73
109
115
3
77
120
46
108
106
127
93
124
90
39
112
30
15
81
34
25
88
66
96
104
20
100
27
36
7
122
53
143
82
12
89
132
59
31
137
59
49
32
47
72
10
18
1
48
83
5
37
74
33
50
33
127
22
83
23
110
140
75
56
38
17
25
80
102
41
140
105
141
73
99
26
138
128
64
105
124
41
6
6
144
79
64
55
35
109
68
114
11
5
31
67
99
98
30
135
139
2
17
89
87
130
129
123
86
42
28
52
3
12
11
10
9
21
22
34
35
23
24
36
48
60
72
71
59
58
46
47
48
60
59
58
70
82
83
95
94
106
107
108
96
84
72
71
70
69
81
80
79
67
55
43
42
30
29
41
40
28
27
39
38
26
14
15
3
2
1
13
25
37
49
61
73
85
97
109
121
133
134
135
123
122
110
111
112
100
101
102
90
89
77
65
53
54
66
78
77
76
88
87
86
98
99
87
75
63
51
52
64
76
75
74
62
50
49
37
38
39
27
28
16
4
5
6
18
17
29
30
31
32
20
8
7
19
31
43
44
45
57
56
68
69
81
93
92
91
103
115
114
126
127
139
140
128
116
104
105
117
129
141
142
130
131
119
120
132
144
143
142
141
140
139
138
137
125
113
114
102
90
78
66
65
53
54
42
41
40
52
64
63
51
50
62
61
73
74
86
85
97
98
99
100
88
89
101
113
125
124
136
135
134
133
121
109
110
122
123
111
112
124
136
137
138
126
127
128
116
115
103
104
105
117
129
130
118
106
118
119
131
143
144
132
120
108
107
95
96
84
83
82
94
93
92
91
79
80
68
67
55
56
57
45
46
47
35
36
24
12
11
23
22
10
9
8
7
6
5
4
3
2
1
13
25
26
14
15
16
17
18
19
20
21
33
34
33
32
44
144
132
120
108
107
119
118
130
131
143
142
141
140
139
127
128
116
117
129
141
140
128
116
115
114
126
125
113
112
124
136
137
138
139
127
115
103
102
90
78
79
80
81
69
70
58
57
45
46
34
33
21
22
23
35
36
24
12
11
10
9
8
7
6
5
4
3
2
1
13
25
26
14
15
27
39
40
52
64
65
53
54
55
56
68
67
66
54
42
41
29
17
16
28
29
30
31
32
44
43
42
30
18
19
20
8
9
21
33
34
46
47
48
60
72
71
59
58
70
82
94
95
96
84
83
82
81
93
105
104
92
91
103
102
101
89
77
76
75
63
62
74
73
85
86
87
88
100
99
98
97
109
110
122
123
135
134
133
121
109
97
85
73
61
49
50
51
63
64
65
66
67
55
56
68
69
57
45
44
43
31
32
20
19
7
6
18
17
5
4
16
28
40
41
53
52
51
50
38
37
25
13
1
2
3
15
14
26
27
39
38
37
49
61
62
74
86
87
75
76
88
100
99
98
110
111
112
111
123
122
121
133
134
135
136
124
125
137
138
126
114
113
101
89
77
78
90
91
79
80
92
104
105
117
129
130
142
143
144
132
131
119
120
108
96
84
72
60
48
36
24
12
11
10
22
23
35
47
59
71
83
95
107
106
118
106
94
93
14
40
130
74
107
23
8
55
5
45
86
134
24
4
85
99
83
106
119
22
67
125
116
13
7
59
56
32
136
17
46
129
15
109
135
117
72
131
82
121
128
114
21
16
3
12
77
58
144
100
47
34
1
16
120
84
84
64
14
21
36
143
79
105
94
127
138
55
134
110
140
115
111
90
61
108
9
57
77
52
69
97
115
23
80
57
54
98
6
122
89
38
127
95
142
47
93
71
75
33
81
49
136
37
6
69
75
50
112
87
5
67
106
8
74
113
13
109
54
41
88
29
123
33
137
53
101
19
42
126
65
18
79
3
20
138
50
103
118
114
133
39
89
113
22
102
86
66
98
10
141
137
118
29
27
87
2
39
111
126
37
7
31
44
51
88
2
128
53
4
31
141
96
43
78
24
91
104
120
140
104
17
63
123
30
42
25
76
60
11
101
63
133
41
73
45
52
90
65
35
102
117
96
105
92
71
48
99
25
61
80
132
119
142
43
35
26
82
122
116
121
18
30
83
40
108
68
124
62
64
27
73
124
132
59
19
97
51
112
139
125
68
62
139
91
60
93
131
103
107
94
56
28
110
9
12
32
34
44
100
135
81
15
130
10
70
48
78
58
11
36
38
28
1
76
46
49
66
143
129
20
92
144
85
95
72
26
70
73
10
80
51
41
60
121
37
52
123
84
66
137
7
34
30
47
76
55
6
117
126
39
129
124
18
64
82
82
9
106
105
24
63
46
16
29
26
94
109
138
19
74
143
104
133
99
144
109
142
15
85
51
62
35
75
11
20
50
27
12
91
75
122
60
68
71
2
9
2
23
115
24
41
52
7
97
128
62
108
69
99
126
21
28
118
114
69
143
57
141
40
103
110
96
121
44
93
17
29
80
95
89
78
49
100
42
48
81
112
38
58
88
100
12
96
45
110
31
43
65
127
40
33
28
70
64
134
106
73
54
101
61
66
116
53
90
87
36
57
59
140
31
84
61
59
92
1
86
5
20
16
139
3
45
140
138
81
104
77
22
115
8
113
5
63
125
56
132
34
76
32
37
130
103
132
50
26
43
98
83
77
85
123
129
13
33
15
107
142
38
113
90
56
1
97
19
65
22
131
32
39
141
78
102
27
74
87
8
36
114
139
144
128
89
111
30
49
120
124
55
46
88
54
14
35
68
21
11
93
91
72
4
118
58
120
119
134
125
122
102
135
42
83
79
116
70
3
108
119
25
14
107
6
136
53
25
17
86
112
135
4
72
137
67
101
117
18
71
131
67
13
95
48
111
105
44
47
92
136
79
98
133
94
127
10
23
130
133
121
122
123
111
99
100
112
113
125
137
136
135
134
133
121
109
97
98
110
109
97
85
73
61
49
37
25
13
1
2
3
15
14
26
27
39
38
50
62
63
51
52
64
65
77
78
66
54
55
56
68
67
79
80
81
82
94
95
83
71
72
84
96
108
107
106
118
117
129
128
127
115
116
104
105
93
92
91
103
102
101
89
90
102
114
126
138
139
140
141
142
130
131
119
120
132
144
143
142
141
140
139
138
137
136
124
125
113
101
100
88
87
75
76
64
52
53
41
29
17
5
6
18
30
31
43
44
32
33
45
57
58
46
47
35
23
22
10
11
12
24
36
48
60
59
58
70
69
81
93
92
91
90
89
77
65
53
54
42
41
40
28
16
4
5
6
7
8
20
19
31
32
33
45
57
69
68
80
79
78
66
67
55
56
44
43
42
30
29
28
40
39
51
63
75
76
88
87
99
111
112
124
123
135
134
122
110
98
86
74
86
85
73
74
62
61
49
50
38
37
25
13
1
2
14
26
27
15
3
4
16
17
18
19
7
8
20
21
9
21
9
10
22
34
46
34
35
23
11
12
24
36
48
47
59
60
72
84
83
71
70
82
94
95
107
119
118
106
105
117
116
104
103
115
114
126
127
128
129
130
131
143
144
132
120
108
96
144
143
131
119
118
117
105
106
94
95
96
108
120
132
144
143
142
141
129
130
142
141
140
139
138
137
136
135
134
133
121
109
110
122
123
111
112
124
125
126
114
113
101
102
90
91
79
78
77
65
53
54
66
67
55
43
31
32
20
19
18
6
7
8
9
21
33
34
46
47
59
71
70
58
57
45
44
56
68
69
81
93
92
80
81
82
83
84
72
60
48
36
35
23
22
10
11
12
24
36
48
60
72
84
96
108
107
95
94
93
105
104
116
115
103
102
101
89
88
87
86
85
73
74
75
63
64
52
51
39
40
41
29
28
16
15
14
26
25
13
1
2
3
4
5
17
29
30
42
43
44
56
68
80
92
91
90
89
77
76
88
100
99
98
97
85
73
61
49
50
62
63
51
39
40
41
42
54
55
67
79
78
66
65
53
52
64
76
75
87
99
100
112
113
114
115
103
104
116
117
118
106
107
119
120
132
131
130
129
128
127
128
140
139
127
126
138
137
125
124
136
135
134
133
121
122
123
111
110
109
97
98
86
74
62
61
49
50
38
37
38
37
25
26
27
28
27
15
14
13
1
2
3
4
16
17
5
6
7
19
18
30
31
32
20
21
22
34
33
45
46
58
57
69
70
82
83
71
59
47
35
23
24
12
11
10
9
8
41
57
122
120
40
3
3
125
26
25
111
44
16
128
92
65
135
49
25
51
17
83
142
1
144
138
54
101
1
99
98
108
38
122
69
46
97
75
87
73
127
32
94
107
6
15
72
60
72
9
48
103
27
28
90
9
73
79
140
45
51
119
113
64
39
143
100
10
136
61
31
56
128
10
29
30
18
115
124
68
111
19
98
53
109
113
88
96
83
26
5
47
42
15
2
18
131
101
37
86
96
34
34
124
120
35
13
40
121
102
55
45
139
58
141
59
37
115
62
132
130
32
82
36
77
71
140
44
30
24
11
110
14
21
58
41
126
105
118
43
100
144
19
121
132
114
59
67
14
106
60
93
125
63
77
90
38
123
66
138
117
70
116
21
68
84
27
24
33
23
88
43
67
135
47
4
61
95
17
84
48
134
139
29
103
2
89
66
39
108
127
76
118
4
33
102
76
36
137
87
110
64
85
75
54
126
78
49
129
91
119
7
109
11
5
50
94
130
23
22
12
91
22
107
74
6
114
131
133
79
81
116
104
74
31
20
20
104
71
85
137
62
106
105
28
133
13
99
112
7
16
80
55
112
42
95
56
52
57
78
81
89
92
123
65
52
142
97
117
69
8
93
35
134
8
80
53
143
12
86
141
136
46
63
50
129
70
82
14
37
2
42
17
144
119
8
105
77
33
61
91
93
19
127
49
47
51
100
126
38
91
128
48
30
127
28
142
53
48
4
97
128
125
140
52
25
24
81
9
22
24
59
83
110
78
27
43
106
124
125
64
116
82
98
131
85
92
99
18
90
44
135
18
122
63
23
20
99
50
71
36
16
73
11
90
107
17
80
104
74
118
38
29
10
26
89
60
7
111
135
30
66
72
138
102
9
86
137
35
64
87
53
111
82
115
101
109
39
51
11
65
79
139
40
79
115
70
49
5
67
36
81
95
102
31
123
94
126
76
40
112
117
114
13
109
124
80
131
103
132
25
58
133
1
92
134
141
73
98
54
103
139
34
88
123
2
26
130
96
96
41
57
43
62
113
6
86
45
12
70
31
143
83
71
57
137
61
7
113
34
106
13
41
10
97
72
67
133
42
108
5
120
143
69
94
50
21
3
141
3
76
35
19
46
63
44
88
121
140
6
122
32
134
27
68
21
117
101
52
87
33
77
84
66
107
144
78
15
1
68
56
23
118
16
136
62
116
14
8
104
22
12
142
58
114
29
28
136
65
60
39
89
69
20
132
130
108
55
129
138
32
93
100
120
110
121
55
54
37
15
46
85
75
105
112
129
4
59
45
47
84
119
56
95
74
75
