##Rat 3 Day 41
 ##rewards
127
116
38
##Vertices
12
11
23
35
36
24
12
11
10
22
21
20
32
44
43
55
67
66
65
64
63
51
52
40
39
38
50
49
61
62
74
73
85
86
98
99
111
110
109
97
85
73
61
49
37
25
26
14
13
1
2
3
15
27
28
16
4
5
6
18
30
31
19
7
8
9
10
22
34
33
45
57
69
81
93
92
91
79
80
68
56
57
58
46
47
48
60
72
71
83
84
96
95
107
119
120
108
96
84
72
60
59
71
70
82
94
106
105
104
103
115
127
128
140
139
138
137
125
113
112
124
136
135
134
122
123
111
112
100
101
89
90
102
114
126
138
139
140
141
129
130
131
132
144
143
142
141
129
117
116
104
103
91
92
80
68
56
55
54
53
41
29
17
5
4
16
28
40
52
64
76
77
78
79
67
66
78
90
102
101
113
114
115
116
128
127
126
125
137
136
124
123
135
134
133
121
133
121
122
110
109
97
98
99
87
86
74
62
50
38
37
25
26
14
13
1
2
3
15
27
39
51
63
75
87
75
76
88
100
88
89
77
65
53
54
42
43
44
32
31
30
42
41
29
17
18
6
7
19
20
8
9
21
33
45
46
34
35
23
24
36
48
47
59
58
70
69
81
82
94
93
105
117
118
106
118
119
131
130
142
143
144
132
120
108
107
95
83
144
132
131
130
142
141
140
139
138
137
136
135
123
124
112
100
101
89
88
87
75
74
73
61
49
50
38
37
25
26
14
13
1
2
3
4
16
28
40
41
53
52
51
39
27
15
3
4
5
17
29
30
42
54
66
65
64
76
77
78
90
102
103
115
114
113
125
126
127
128
116
104
105
106
94
95
96
84
83
71
72
60
59
47
48
36
24
23
22
10
9
8
7
6
18
19
20
21
33
45
57
69
70
58
46
34
35
36
48
60
72
84
96
108
120
119
107
106
118
117
129
141
140
128
116
115
103
91
79
67
68
80
81
82
83
71
59
47
35
34
46
58
70
69
57
56
44
32
31
43
55
54
66
78
90
102
101
100
99
111
110
122
121
109
97
98
86
85
73
61
62
74
86
85
97
98
110
109
121
133
134
133
134
122
123
135
136
137
138
139
127
126
114
113
125
124
112
111
99
87
88
89
77
76
75
63
62
50
49
37
38
39
51
63
64
65
53
52
40
28
27
26
25
13
1
2
14
15
16
17
5
6
7
19
18
30
29
41
42
43
31
32
20
8
9
10
11
12
24
12
11
23
22
21
33
45
44
56
55
67
68
80
79
91
92
93
105
117
129
130
118
119
131
143
142
143
144
132
120
108
107
95
94
82
81
93
92
104
121
38
95
101
1
94
19
70
92
120
22
31
72
114
29
44
26
84
31
112
66
104
109
41
80
138
90
79
42
65
86
33
118
140
46
88
74
110
63
59
7
53
21
57
8
140
141
129
43
139
100
113
106
84
40
13
52
12
20
3
34
77
98
12
4
49
20
115
2
39
6
127
100
69
18
43
37
122
97
132
67
127
137
102
75
45
55
61
88
54
79
107
74
23
92
60
67
96
91
35
91
60
16
135
61
56
125
69
44
62
27
47
143
138
94
48
81
65
29
9
134
123
85
50
70
90
8
59
89
78
10
19
54
118
33
30
89
62
131
134
42
37
129
82
113
58
14
28
53
125
32
126
141
107
136
143
102
137
116
109
35
97
47
55
26
23
46
142
106
111
32
112
49
11
85
64
124
18
114
119
5
71
48
120
142
87
139
71
64
111
126
135
57
103
5
104
116
34
68
10
132
130
81
93
78
16
17
25
101
22
25
110
95
128
83
45
99
13
15
15
130
68
108
11
128
66
76
51
73
36
96
115
131
39
52
144
73
58
30
80
14
21
40
51
75
103
3
28
7
87
98
63
2
83
144
86
36
4
50
133
1
41
117
124
99
117
123
105
136
105
56
122
108
38
72
77
119
76
24
27
82
133
24
6
9
121
17
93
4
137
78
20
78
5
3
73
14
44
143
102
28
44
74
118
21
4
117
112
22
49
60
143
69
83
31
124
88
11
100
23
75
55
115
144
35
70
93
76
26
39
124
71
132
141
28
84
29
134
47
111
56
105
82
47
98
21
137
27
5
106
61
63
49
112
86
3
26
70
57
88
84
30
133
8
94
110
18
126
142
110
1
60
93
68
12
65
144
16
103
46
81
89
118
19
68
103
67
50
125
19
91
10
20
142
89
67
51
59
62
86
102
33
74
115
117
48
141
119
132
114
54
100
6
23
2
50
138
131
135
104
87
1
91
77
122
99
71
128
75
58
48
22
36
129
97
45
135
43
29
79
32
120
90
107
53
18
64
37
32
66
140
95
34
108
66
2
108
25
40
119
131
101
83
99
123
6
14
101
25
114
120
136
76
46
7
59
128
69
77
13
43
121
97
79
104
41
17
113
96
136
109
37
111
51
17
7
122
72
61
52
35
87
139
45
116
39
24
130
24
16
85
56
58
9
123
140
31
85
65
42
92
109
15
96
92
116
98
106
80
64
73
130
57
53
40
63
95
27
90
11
41
105
42
33
133
126
54
12
38
13
55
139
94
107
82
80
127
15
30
36
9
52
121
127
113
10
81
129
72
34
138
62
125
8
134
38
133
134
122
110
109
97
85
73
74
75
76
77
65
66
54
53
41
29
30
42
43
55
67
68
56
57
58
70
71
72
84
96
108
120
119
118
117
116
128
140
141
129
130
131
143
144
132
120
108
107
95
83
82
81
69
57
45
46
34
33
21
20
19
18
6
7
8
9
10
22
23
11
12
24
36
48
60
59
47
35
34
46
58
70
69
81
93
94
106
105
104
103
91
90
78
79
80
92
93
105
104
116
115
114
113
125
126
127
139
138
137
136
124
123
135
136
137
125
113
112
111
99
87
86
98
97
85
73
61
62
63
64
52
40
39
27
26
25
37
38
50
49
37
25
13
1
2
14
15
3
4
5
17
16
28
29
30
31
32
44
43
42
41
53
54
66
78
90
102
101
100
88
100
101
89
88
89
77
65
64
76
75
87
99
111
112
124
123
135
134
122
121
133
121
109
110
98
86
74
62
61
49
50
51
63
51
52
40
39
38
26
14
13
1
2
3
15
27
28
16
4
5
17
18
6
7
8
20
19
31
32
44
45
33
21
9
10
22
23
11
12
24
36
35
47
48
60
59
71
72
84
96
95
83
82
94
106
107
119
131
132
144
143
142
141
142
130
118
117
129
128
140
139
138
126
127
115
114
102
103
91
79
67
55
56
68
80
92
1
2
14
26
25
13
1
2
3
15
16
17
29
41
42
54
66
67
68
69
70
58
57
45
46
47
59
60
72
71
83
84
96
95
107
106
118
119
120
108
96
84
72
60
48
36
35
23
24
12
11
10
22
34
33
21
9
8
7
19
31
30
18
6
5
4
3
15
27
28
40
52
64
76
88
89
90
78
77
65
53
52
51
39
38
37
49
61
62
74
73
85
86
98
110
109
97
85
73
61
49
50
62
63
75
87
99
100
101
102
114
126
125
137
138
139
140
128
116
117
129
141
142
143
131
130
118
117
105
104
92
91
103
115
127
139
138
137
136
124
123
122
121
133
134
135
136
124
112
113
101
102
90
89
77
65
53
54
55
56
44
32
20
8
9
21
33
45
57
69
81
80
79
78
66
67
79
91
103
104
116
115
114
113
125
126
127
128
140
141
129
130
142
143
144
132
144
132
131
119
120
108
107
106
94
95
83
71
59
47
48
36
35
23
24
12
11
10
22
34
46
58
70
82
94
82
81
93
105
93
92
80
68
56
55
43
42
41
29
30
31
43
44
32
20
19
7
6
18
17
5
4
16
28
40
39
27
26
14
13
25
37
38
50
51
63
64
76
75
87
88
100
112
111
99
111
110
122
123
135
134
133
121
109
97
98
86
74
119
140
39
108
113
110
116
59
49
117
122
51
90
34
75
45
48
31
129
28
92
26
25
55
44
131
61
86
93
118
121
90
42
21
36
102
100
116
6
98
20
64
56
20
93
24
101
29
53
65
102
42
101
1
114
22
22
84
126
94
21
105
48
125
107
19
141
104
139
67
27
45
132
40
40
107
131
128
27
137
23
11
79
81
118
30
111
38
44
78
28
80
72
57
6
59
32
123
119
115
122
134
73
12
3
32
82
133
60
104
77
18
127
63
41
8
11
54
89
64
142
74
135
41
138
58
7
96
78
74
68
71
87
97
86
46
128
62
9
69
36
140
103
103
71
10
49
26
50
34
83
15
65
76
141
112
4
132
109
19
14
126
106
9
127
120
68
83
142
120
111
99
130
60
46
52
5
16
56
33
5
87
139
109
106
35
51
91
97
18
117
85
17
14
66
31
61
125
13
17
94
67
114
130
10
29
15
24
63
89
92
35
121
55
50
43
115
79
98
84
52
88
110
37
8
73
133
91
3
70
143
25
95
138
16
47
77
96
108
100
144
82
47
69
39
37
13
136
30
124
33
12
135
124
54
81
99
105
7
95
85
23
62
123
75
38
72
4
112
2
1
53
88
58
57
113
76
136
137
134
70
80
43
129
143
144
66
2
38
107
21
27
28
87
144
85
64
57
99
17
10
59
78
40
131
92
20
42
81
45
114
125
74
86
130
77
34
23
109
61
80
19
44
117
89
82
98
139
121
132
83
96
26
71
18
104
68
126
7
129
24
70
63
47
73
47
83
27
119
115
103
16
66
33
140
84
75
90
4
142
70
46
128
35
10
112
85
60
13
59
22
38
91
11
111
35
69
14
9
2
102
69
49
105
1
24
15
41
95
68
99
117
106
111
43
94
143
46
144
34
61
36
73
90
93
115
91
116
135
116
43
127
56
55
80
96
78
53
137
33
19
8
82
42
76
119
30
49
140
12
88
138
8
120
110
16
121
124
67
81
100
113
22
103
143
141
18
97
6
48
126
129
142
110
48
26
12
75
134
39
138
72
74
133
136
123
132
65
67
84
118
65
131
136
40
39
29
95
31
94
137
32
57
98
97
133
108
9
32
15
31
21
130
122
139
5
3
4
122
30
88
102
134
63
114
51
58
7
53
72
5
45
44
2
28
89
79
71
76
93
127
128
106
50
109
123
36
92
17
37
124
51
62
6
25
56
105
25
54
125
3
87
54
66
50
108
113
58
141
104
62
120
60
52
100
37
1
86
23
77
13
101
64
79
52
55
11
101
135
107
118
29
112
41
20
14
1
2
14
26
25
37
49
61
62
63
64
65
77
78
90
89
101
113
114
102
103
91
79
80
92
93
94
82
83
84
72
60
48
36
35
34
33
32
20
8
9
21
22
23
11
12
24
36
48
47
59
71
70
69
81
93
105
106
118
117
129
128
127
126
138
139
140
141
142
130
131
143
144
132
120
108
96
95
107
119
118
106
94
82
81
69
57
58
46
45
44
43
55
54
66
67
68
56
57
45
44
32
31
30
29
17
18
19
7
6
5
4
16
15
3
4
5
17
29
28
27
39
51
50
38
37
49
61
73
74
75
76
88
100
99
111
110
109
97
98
86
85
97
109
121
133
134
122
123
135
136
137
125
124
112
113
114
115
116
104
103
102
101
89
90
78
66
54
42
41
40
52
40
41
53
52
53
65
77
76
64
63
51
39
27
28
16
15
3
2
14
13
1
13
25
26
38
50
62
74
73
85
86
87
75
87
88
100
99
98
110
122
121
133
134
135
123
111
112
124
136
137
125
126
138
139
140
128
127
115
116
104
105
117
129
141
142
130
131
143
144
132
120
119
107
108
96
95
83
84
72
60
59
71
70
58
46
47
35
23
24
12
11
10
9
10
22
34
33
21
20
8
7
6
18
19
31
30
42
43
55
67
79
91
92
80
68
56
144
143
131
119
120
108
96
84
72
60
48
36
35
47
46
45
57
56
44
32
31
19
7
6
5
17
16
4
3
15
14
2
1
13
25
37
38
39
40
52
53
41
29
28
27
26
25
37
49
50
51
63
64
65
66
54
42
43
55
67
68
69
81
82
70
58
59
71
83
95
94
93
105
117
116
128
140
139
127
126
138
137
125
124
136
135
134
122
110
109
97
85
73
61
62
74
86
98
99
100
101
102
114
113
112
111
123
135
136
137
138
139
140
141
142
130
129
117
118
106
107
108
96
95
94
82
81
80
79
78
90
91
103
115
127
126
125
124
123
111
112
113
114
102
101
89
88
87
75
76
77
65
66
67
68
69
57
45
33
34
22
23
11
10
9
21
20
8
7
6
18
19
20
8
9
21
22
10
11
12
24
12
24
23
35
36
48
60
72
84
83
71
70
58
59
47
46
34
33
32
44
56
55
43
31
30
18
17
5
4
16
28
29
30
42
54
53
41
40
39
27
15
3
2
1
13
14
26
38
50
49
61
73
74
62
63
51
52
64
76
75
87
86
85
97
109
121
133
134
133
121
122
110
98
99
100
88
89
77
78
90
91
79
80
92
104
105
106
107
119
118
130
131
132
120
132
144
143
142
141
129
128
116
115
103
104
92
93
116
63
103
29
101
43
130
34
128
76
125
27
35
57
102
15
21
70
136
18
97
76
50
13
81
47
33
3
28
99
25
113
23
24
122
68
100
44
51
125
57
9
11
70
131
104
12
84
27
48
14
142
66
40
14
95
50
59
30
78
111
38
144
144
132
79
77
106
62
30
65
8
10
141
31
21
12
108
114
17
80
6
94
137
25
36
141
136
16
20
135
74
68
109
96
110
65
38
117
28
124
26
78
52
88
39
96
116
118
4
105
1
46
89
88
93
71
82
90
37
55
119
41
91
131
31
138
53
2
41
84
58
93
133
61
39
42
9
106
37
118
117
104
115
17
48
82
140
113
11
53
75
126
108
87
22
6
74
64
142
29
86
98
98
34
71
36
85
18
61
143
73
46
126
5
85
47
127
19
99
119
58
127
132
111
54
7
3
33
64
26
120
139
63
91
90
60
87
123
102
121
20
49
62
121
133
19
5
10
122
2
1
77
114
72
15
95
79
130
56
43
23
80
86
94
51
110
124
134
135
129
67
52
134
83
138
143
112
123
35
109
107
54
69
139
45
72
16
32
45
89
75
105
112
8
49
129
81
92
56
97
128
101
42
115
13
120
7
140
83
92
100
55
103
107
60
67
24
59
69
4
22
73
40
44
32
137
66
110
127
66
90
91
105
23
9
115
31
43
73
17
8
103
38
94
14
62
135
76
129
96
133
29
127
125
124
130
77
126
107
102
20
25
92
81
60
10
111
94
142
42
118
5
97
106
89
98
116
97
113
9
19
15
29
33
32
81
59
85
55
125
3
34
53
49
47
51
48
71
21
61
111
20
30
8
69
65
55
137
54
120
33
123
35
16
109
95
108
128
140
122
39
25
143
57
74
10
72
30
70
46
6
50
117
48
72
44
66
120
139
144
114
49
121
84
53
26
32
99
102
116
18
85
4
27
130
86
24
98
82
38
83
112
95
77
65
101
96
141
19
42
132
143
67
22
90
11
24
75
134
36
119
134
63
80
73
2
56
31
13
107
117
64
131
40
58
89
1
62
119
3
63
16
46
133
1
6
79
138
26
80
122
92
5
12
50
68
100
131
47
87
124
59
67
132
84
4
18
139
136
28
35
74
138
76
137
58
39
93
118
82
70
86
128
71
144
87
99
78
104
88
103
28
54
2
37
7
14
37
7
69
110
123
91
52
83
51
21
41
44
61
126
23
68
104
101
22
114
142
36
60
45
108
140
112
113
17
43
12
88
45
56
15
79
57
64
40
105
27
109
136
78
93
115
129
135
75
100
13
106
41
141
121
34
52
11
