##Rat 8 Day 27
 ##rewards
71
58
124
##Vertices
144
132
120
108
107
106
94
95
96
84
72
60
48
47
59
58
46
34
33
21
22
23
11
12
24
36
35
34
33
45
57
69
70
82
83
71
72
84
96
108
120
119
131
143
142
141
140
139
138
126
125
137
136
135
134
133
121
109
110
98
97
85
73
61
62
74
86
87
88
89
101
102
114
115
127
128
129
130
118
117
116
104
105
93
81
80
92
91
90
78
66
65
64
63
51
52
53
54
55
43
44
32
20
8
7
6
5
17
29
30
18
19
31
32
44
56
68
67
79
80
81
93
92
104
103
115
114
113
112
124
123
111
99
100
101
113
112
100
88
76
77
65
53
41
42
43
31
30
42
41
40
39
38
26
27
15
3
4
16
28
40
52
51
50
49
37
25
13
14
2
1
2
1
13
14
26
25
37
38
39
27
15
3
4
16
28
29
17
5
6
18
19
7
8
20
21
9
10
9
10
22
23
11
12
24
36
35
47
48
60
59
58
46
45
57
56
55
54
66
78
77
89
90
102
103
91
79
67
68
69
70
71
83
82
94
95
107
119
131
132
144
143
142
130
118
106
105
117
116
128
129
141
140
139
127
126
138
137
125
124
136
135
134
122
123
111
99
98
86
87
75
76
64
63
75
74
62
50
49
61
73
85
97
109
110
122
121
133
133
134
135
136
124
112
113
125
137
138
139
140
141
129
128
116
117
118
106
107
119
131
132
144
143
142
130
118
106
105
104
103
115
114
126
127
139
138
137
136
135
123
122
121
109
97
85
73
61
62
50
49
37
25
13
1
2
3
15
16
4
5
6
7
19
18
17
29
41
53
52
64
63
75
74
86
98
110
111
99
87
88
100
101
102
90
89
77
65
66
67
55
43
31
32
44
56
68
80
81
93
94
95
96
84
72
60
59
58
70
71
83
82
94
93
92
91
79
78
90
102
101
89
88
76
75
63
51
39
38
26
27
28
40
52
51
39
40
41
42
54
55
56
57
69
81
82
70
69
57
45
33
21
22
34
35
36
48
47
46
45
44
32
20
8
9
10
11
23
24
12
24
12
11
23
22
10
9
21
33
34
35
36
48
47
46
58
59
60
72
71
83
84
96
95
107
108
120
108
120
119
131
132
144
143
142
130
129
141
140
128
116
117
105
104
92
80
68
67
66
54
53
65
64
76
77
78
79
91
103
115
127
126
114
113
125
124
123
122
134
133
121
109
110
111
112
100
99
87
86
98
97
85
73
74
62
61
49
50
38
37
25
13
14
26
27
28
16
17
29
30
42
43
31
30
18
19
20
8
7
6
5
4
3
15
14
2
1
78
131
57
40
11
41
11
108
15
141
72
99
82
71
138
59
53
41
124
46
107
68
61
14
38
75
52
89
51
82
20
73
3
113
86
26
134
32
3
12
140
98
140
13
20
142
60
112
95
60
44
34
121
33
120
134
56
92
23
64
107
74
76
129
79
66
85
37
14
130
89
90
55
62
142
37
108
31
111
63
65
110
75
88
80
55
94
99
74
6
22
139
32
81
102
17
39
53
96
50
63
104
137
67
24
49
87
93
121
66
136
7
131
132
16
25
5
126
76
46
48
29
118
27
58
9
61
141
109
115
29
137
125
119
117
105
116
35
45
115
72
90
109
112
132
58
122
15
100
44
71
33
119
96
133
19
39
70
67
79
47
10
135
51
123
118
40
25
42
98
77
26
4
103
126
139
123
100
113
83
122
42
106
144
70
88
111
49
80
17
1
143
114
48
77
2
105
104
84
69
133
138
27
54
81
127
28
95
92
28
94
86
73
83
130
4
18
125
135
12
52
16
127
22
103
9
93
34
128
30
68
5
8
97
1
110
7
21
18
35
64
57
129
143
47
65
84
85
10
101
62
19
136
78
69
31
23
117
43
43
6
97
50
124
36
30
114
45
36
54
24
116
102
144
56
87
59
2
13
120
91
128
38
101
106
91
21
8
57
133
52
35
98
141
141
58
123
125
37
75
87
73
116
69
26
28
142
143
22
55
108
50
14
118
21
80
48
97
103
119
81
2
121
37
40
96
4
51
120
13
93
91
10
65
123
115
56
140
78
74
42
89
88
3
101
71
7
36
96
8
106
90
134
107
67
53
94
138
86
120
111
23
15
25
31
124
74
5
81
70
15
11
102
33
6
36
87
38
2
82
105
79
12
46
61
135
97
110
91
92
43
12
114
64
127
13
32
35
92
57
17
39
53
16
43
132
88
25
31
62
61
73
7
85
59
72
76
63
5
11
50
139
68
71
27
77
28
134
128
69
39
90
83
113
100
112
3
103
68
95
54
77
116
29
33
56
66
41
137
108
8
143
1
48
19
130
41
47
101
89
19
98
29
82
59
85
46
9
64
76
114
140
118
65
78
21
34
60
99
14
126
30
130
49
117
104
84
24
83
16
80
94
30
111
40
93
126
135
122
24
86
128
17
47
23
119
142
49
75
44
22
45
60
105
109
125
26
66
132
106
127
133
10
136
27
20
1
51
113
79
102
42
95
32
67
115
58
122
131
45
62
34
144
121
117
72
124
52
44
139
138
6
110
129
63
109
136
104
144
131
107
9
38
20
18
129
70
112
137
54
18
84
99
100
55
4
1
2
14
26
38
37
25
13
1
2
3
4
5
17
29
41
42
30
31
43
55
54
53
65
66
67
79
80
68
69
81
93
94
82
70
71
83
84
96
95
107
108
120
119
118
106
105
117
129
130
131
132
144
143
142
141
140
139
127
126
114
113
125
124
123
122
121
133
134
135
136
137
138
139
140
128
116
115
103
102
90
91
92
104
103
91
79
78
77
76
88
87
86
98
99
100
112
111
110
109
97
85
73
61
62
74
75
63
64
52
40
28
16
15
27
39
51
50
49
61
73
85
97
98
86
74
75
87
99
100
101
89
88
76
64
52
40
41
29
30
18
6
7
19
20
8
9
21
22
10
11
23
24
36
35
34
33
45
57
56
44
32
33
34
46
47
48
60
72
84
96
108
107
106
118
130
131
119
120
132
144
143
142
141
129
117
116
128
127
115
114
126
138
137
125
124
136
135
134
133
121
109
110
122
123
111
112
113
101
102
90
89
77
78
66
65
53
54
42
43
44
45
57
56
55
67
68
80
92
104
105
93
94
95
83
82
81
69
70
58
46
58
59
71
72
60
59
47
48
36
35
23
22
21
20
32
31
19
18
17
16
28
27
39
51
63
62
50
49
37
38
26
25
13
14
15
3
4
5
6
7
8
9
10
11
12
24
12
12
24
23
22
21
9
10
11
12
24
36
48
60
59
58
57
69
70
82
81
80
68
56
55
67
79
78
90
91
103
102
101
113
114
115
127
126
138
137
125
124
136
135
123
111
112
100
99
98
110
122
134
133
121
109
97
85
73
74
62
63
51
50
38
26
14
2
1
13
25
37
49
61
73
85
86
87
75
76
64
65
77
89
88
76
77
78
66
54
42
41
29
17
16
28
40
39
27
15
3
4
5
6
7
19
18
30
31
43
44
45
46
47
35
34
33
32
20
8
7
6
5
4
16
17
18
30
29
28
40
52
53
41
42
43
44
45
57
58
70
71
72
84
83
95
96
108
107
119
120
132
131
143
142
130
118
106
105
104
92
93
94
106
118
117
129
141
140
139
138
137
136
124
112
111
110
122
123
135
134
133
121
109
97
98
99
87
86
74
75
63
62
61
49
50
38
37
25
13
1
2
3
15
14
26
27
39
51
52
64
65
53
54
66
67
55
56
68
69
81
93
105
104
92
80
79
91
90
89
88
100
101
113
125
126
114
102
103
115
116
117
116
128
127
139
140
128
129
141
142
130
131
119
107
95
94
82
83
71
59
47
46
34
33
32
31
19
20
8
9
21
22
10
11
23
35
36
48
60
72
84
96
108
120
132
144
143
144
93
16
120
46
140
113
7
74
61
41
117
75
85
63
116
54
78
89
68
91
13
144
131
128
52
12
95
113
119
103
57
143
66
44
21
122
106
115
8
40
27
86
136
96
131
3
99
103
6
34
135
63
91
98
14
118
20
52
137
72
50
62
42
30
142
28
133
49
97
135
1
40
95
18
137
84
100
125
104
112
124
26
4
112
133
102
21
64
41
29
26
48
13
77
35
84
39
88
60
79
67
136
30
33
117
51
94
5
32
45
87
81
98
56
129
80
60
6
2
53
81
44
43
62
58
29
70
139
101
47
88
15
141
123
144
107
123
138
37
82
101
46
105
71
132
93
34
3
111
108
127
78
9
64
86
32
128
36
142
12
58
10
4
65
11
49
17
110
74
134
57
8
37
87
75
119
16
97
28
27
67
14
130
138
24
115
25
59
22
45
134
82
94
68
9
99
102
126
70
23
76
50
19
65
124
33
24
76
83
121
54
90
69
22
125
121
15
7
104
53
72
85
109
38
129
106
96
59
1
114
139
100
83
73
19
31
25
2
18
38
110
47
89
126
39
66
132
55
35
111
71
42
43
10
92
141
61
90
120
23
17
55
56
36
122
69
130
143
92
127
73
105
48
114
11
140
116
5
118
77
108
51
109
79
31
80
20
107
33
8
59
122
18
71
77
84
88
2
52
52
8
72
87
137
17
48
63
92
47
113
84
24
15
11
124
144
143
125
14
83
120
7
44
110
85
108
16
104
117
75
4
97
141
136
120
58
55
36
29
73
25
133
51
103
11
32
68
29
28
80
41
99
57
117
5
71
103
137
10
40
118
122
133
60
121
23
67
109
99
21
95
82
102
9
66
123
37
55
101
54
31
94
73
114
104
86
142
43
135
74
75
40
32
77
112
31
83
56
19
81
30
78
136
82
36
3
19
138
107
46
43
140
100
20
89
114
131
20
110
42
50
95
6
70
69
88
65
126
116
143
63
111
3
126
102
76
127
128
134
119
9
105
85
98
27
127
44
58
70
13
6
37
1
93
96
81
98
57
100
27
90
53
22
113
118
34
26
49
1
87
74
141
10
17
18
48
56
7
105
91
112
12
107
66
21
135
130
54
62
106
80
65
72
144
67
139
130
116
68
53
124
69
4
30
60
13
121
94
64
45
134
39
142
108
35
78
51
24
59
111
39
89
38
23
115
38
41
62
97
132
50
138
119
47
12
90
93
79
15
35
25
129
26
61
115
64
61
129
86
92
14
42
128
79
123
139
76
46
91
140
109
106
16
5
96
101
125
28
22
49
33
34
2
45
132
131
144
132
131
130
142
143
144
132
120
119
107
95
94
93
81
80
79
67
55
43
31
32
44
45
33
21
20
8
7
19
18
6
5
17
16
28
27
15
3
4
5
6
7
8
9
10
22
23
11
12
24
36
35
34
46
47
48
60
72
71
70
82
83
84
96
108
120
119
118
106
105
104
103
102
101
89
77
78
90
91
92
104
116
117
129
141
140
139
127
126
138
137
125
124
123
135
136
137
138
139
140
128
127
115
114
113
112
100
88
76
75
74
86
85
73
61
49
50
51
39
38
37
25
13
14
26
27
39
40
52
53
65
64
63
62
61
73
85
97
98
110
122
134
133
121
109
97
98
99
87
88
76
77
89
90
91
92
80
68
56
57
58
59
60
48
47
46
45
44
43
42
54
66
78
79
67
66
65
64
52
51
63
75
87
86
74
62
50
49
37
38
26
25
13
1
2
1
2
14
15
3
4
16
28
29
17
18
19
20
21
9
10
22
23
11
12
24
36
35
34
33
32
31
30
29
30
42
41
40
41
53
54
55
56
68
69
81
93
94
82
70
69
57
58
59
71
72
84
83
95
96
108
107
106
105
117
118
130
131
143
142
141
129
128
116
115
103
102
114
113
101
100
99
111
112
111
123
122
110
109
121
133
134
135
136
124
125
126
1
13
14
15
3
4
5
6
18
30
42
54
55
67
68
56
57
58
70
69
81
80
79
91
92
104
116
115
127
139
138
137
136
135
123
111
99
87
86
85
97
98
110
122
121
133
134
135
136
124
125
126
114
102
103
104
105
117
118
106
107
95
83
71
72
84
96
108
120
119
131
132
144
143
142
141
140
128
129
130
118
117
116
115
103
102
101
113
112
100
88
76
77
65
66
78
90
89
101
100
88
87
75
63
51
50
62
74
73
61
49
37
38
26
25
37
49
50
51
39
27
28
29
17
16
4
5
6
7
19
31
43
44
45
33
34
22
10
9
21
20
8
9
10
11
12
24
23
35
36
48
60
59
47
46
58
70
82
94
93
81
69
57
56
68
67
66
65
64
52
40
41
40
52
53
41
53
54
55
43
42
30
29
28
27
39
38
26
25
13
14
2
1
2
3
15
16
17
18
19
7
8
20
32
31
32
44
45
33
21
22
23
11
12
24
36
35
34
46
47
48
60
59
71
72
84
96
95
83
82
94
93
105
106
107
108
120
119
131
132
144
143
142
130
129
141
140
128
127
139
138
137
125
126
114
113
112
124
123
122
134
133
121
109
97
109
110
111
99
98
86
85
73
61
62
74
75
63
64
76
77
78
79
80
92
91
90
89
37
115
123
101
20
57
40
69
43
41
44
75
32
56
21
96
100
142
110
31
20
2
133
137
58
70
95
129
18
78
120
12
136
90
83
37
97
52
48
9
72
101
108
23
83
119
74
91
69
44
2
75
8
51
11
132
79
29
70
54
17
27
46
65
88
90
92
106
135
127
41
55
131
3
61
126
141
110
47
10
99
124
125
23
66
15
38
115
91
124
26
57
97
130
134
76
113
85
42
33
54
129
117
9
121
6
43
80
7
136
25
39
15
39
30
34
144
48
113
29
53
62
138
50
111
42
93
116
87
82
114
21
63
18
31
67
24
47
64
94
52
53
114
96
5
99
62
59
35
143
24
60
138
102
103
81
11
137
46
1
76
118
16
93
12
86
102
133
119
35
104
85
16
73
1
27
121
122
68
22
88
109
87
3
95
139
112
71
6
122
10
68
82
77
89
49
60
79
118
66
33
117
50
67
112
135
38
14
140
65
26
8
58
123
105
30
78
7
128
17
116
127
13
142
49
14
19
81
13
109
56
140
36
125
40
126
98
86
108
105
4
4
32
73
77
139
51
143
98
74
104
63
80
5
45
36
89
107
25
19
107
132
72
45
61
84
134
120
28
22
84
64
94
100
55
103
28
130
106
111
71
34
59
131
92
144
128
141
61
138
17
53
79
39
54
84
73
61
103
127
127
116
40
23
43
96
58
103
129
134
80
16
68
87
37
12
113
133
8
124
13
108
118
67
99
29
25
108
114
28
70
110
126
104
98
60
138
42
65
117
10
109
64
122
128
72
58
141
48
85
94
88
69
135
63
32
31
24
140
123
24
62
106
21
45
51
55
130
95
18
90
102
7
142
14
18
25
116
45
72
76
100
17
106
33
26
33
120
86
7
124
105
83
66
54
139
6
55
140
112
132
46
88
28
2
80
101
26
46
44
59
62
20
114
50
89
71
110
71
44
81
19
1
14
134
16
92
137
89
130
31
96
115
143
19
10
49
136
70
84
48
36
30
93
65
32
57
135
133
91
1
75
63
74
104
131
4
73
57
22
131
136
50
38
85
101
27
81
5
4
67
93
107
128
90
99
77
42
15
117
142
23
115
60
34
119
144
121
119
37
121
126
13
125
83
102
69
111
51
9
11
29
3
82
120
27
52
125
141
123
35
118
86
9
15
82
77
53
12
92
76
64
79
78
35
132
59
47
75
6
97
122
36
78
107
8
100
139
105
47
144
41
22
56
11
30
113
74
40
95
91
20
56
49
111
112
34
87
39
68
5
109
97
66
143
41
43
137
98
3
129
2
52
38
94
21
