##Rat 4 Day 9
 ##rewards
126
113
47
##Vertices
12
11
23
35
36
48
60
72
71
70
69
68
80
79
91
92
104
116
115
103
102
90
78
77
89
88
87
75
74
73
61
49
37
25
26
27
28
29
17
5
4
16
15
14
2
1
13
25
37
38
50
62
63
64
76
88
100
99
111
112
124
125
126
127
139
138
137
136
135
123
122
134
133
121
109
97
85
86
98
110
111
99
87
75
76
64
52
51
39
40
41
42
54
55
67
66
65
53
52
40
41
29
30
31
32
20
19
18
6
7
8
9
21
22
10
9
8
20
32
33
34
46
58
59
47
48
60
72
84
83
82
81
93
105
106
118
119
120
108
107
95
96
108
120
132
144
143
131
130
142
141
140
128
129
117
116
115
114
113
101
102
103
104
92
91
79
67
55
43
44
45
57
45
44
56
57
56
68
80
81
69
70
58
46
34
33
21
22
10
11
23
24
12
24
36
35
47
59
71
83
84
96
95
94
82
94
93
105
106
107
119
131
132
144
143
142
130
118
117
129
141
140
128
127
139
138
137
125
126
114
113
101
100
112
124
136
135
123
122
134
133
121
109
110
98
97
85
86
74
73
61
49
50
62
63
51
39
38
26
14
13
1
2
3
4
3
15
27
28
16
17
5
6
7
19
18
30
31
43
42
54
66
78
90
89
77
65
53
144
132
131
130
142
141
140
139
138
137
136
135
123
124
112
100
101
89
88
87
75
74
73
61
49
50
38
37
25
26
14
13
1
2
3
4
16
28
40
41
53
52
51
39
27
15
3
4
5
17
29
30
42
54
66
65
64
76
77
78
90
102
103
115
114
113
125
126
127
128
116
104
105
106
94
95
96
84
83
71
72
60
59
47
48
36
24
23
22
10
9
8
7
6
18
19
20
21
33
45
57
69
70
58
46
34
35
36
48
60
72
84
96
108
120
119
107
106
118
117
129
141
140
128
116
115
103
91
79
67
68
80
81
82
83
71
59
47
35
34
46
58
70
69
57
56
44
32
31
43
55
54
66
78
90
102
101
100
99
111
110
122
121
109
97
98
86
85
73
61
62
74
86
85
97
98
110
109
121
133
134
133
134
122
123
135
136
137
138
139
127
126
114
113
125
124
112
111
99
87
88
89
77
76
75
63
62
50
49
37
38
39
51
63
64
65
53
52
40
28
27
26
25
13
1
2
14
15
16
17
5
6
7
19
18
30
29
41
42
43
31
32
20
8
9
10
11
12
24
12
11
23
22
21
33
45
44
56
55
67
68
80
79
91
92
93
105
117
129
130
118
119
131
143
142
143
144
132
120
108
107
95
94
82
81
93
92
104
101
111
86
136
5
133
2
33
65
90
113
60
51
12
31
66
104
10
129
82
132
100
5
37
62
18
102
141
63
75
54
40
64
92
143
72
114
139
144
68
115
59
84
90
88
114
95
109
80
1
24
92
35
128
24
23
47
67
44
98
130
110
94
118
115
99
61
138
53
124
4
122
137
141
16
140
84
57
69
96
22
73
36
16
77
143
123
76
135
91
101
41
6
139
87
109
111
49
117
134
72
38
27
80
19
78
39
63
34
7
108
70
132
15
126
12
74
93
6
42
41
100
142
15
127
124
13
62
64
125
23
108
8
67
13
97
31
87
106
89
28
29
65
22
25
32
78
144
98
94
28
52
17
40
71
142
27
103
20
51
105
2
119
21
20
93
4
79
60
46
133
54
107
85
113
43
76
83
79
58
140
104
131
61
73
26
75
42
47
121
116
129
107
30
81
39
17
34
58
127
38
118
33
134
3
97
19
138
8
95
46
99
71
131
135
69
48
21
91
57
128
82
120
70
136
103
50
137
126
88
1
25
116
55
45
68
35
123
112
106
43
7
112
56
48
96
9
86
66
59
30
37
14
102
14
32
83
52
125
11
49
11
55
121
105
18
36
9
120
81
50
77
56
117
110
89
53
130
74
85
10
45
29
122
26
119
44
3
29
133
31
79
21
26
7
10
34
41
30
1
43
78
86
140
85
32
11
115
1
98
140
95
64
122
112
31
66
66
52
74
110
141
107
114
117
95
93
141
12
131
76
58
134
142
80
123
63
111
81
18
97
83
82
48
121
21
17
75
124
39
85
91
104
135
133
94
130
47
73
101
48
77
29
15
60
23
116
100
87
84
94
110
128
19
47
43
45
25
126
27
84
126
103
38
121
20
23
122
88
6
62
107
22
129
56
9
102
118
70
93
81
144
19
70
139
125
130
132
89
137
105
67
65
99
113
24
53
86
118
46
5
7
138
9
61
114
97
67
116
42
8
68
16
68
52
33
75
45
46
96
139
49
137
37
127
35
89
87
98
69
62
74
143
78
12
80
91
69
24
71
104
38
57
33
32
79
100
20
40
115
2
105
28
26
53
76
88
50
44
58
108
123
57
40
134
65
111
14
36
28
117
73
144
103
128
106
56
90
143
142
18
60
13
55
77
16
3
13
30
39
63
71
42
61
131
34
102
106
82
22
113
132
41
35
83
92
8
11
129
119
136
15
59
125
37
17
10
51
27
51
120
49
55
59
101
99
119
54
135
138
109
54
3
136
14
108
109
96
44
50
124
72
6
90
5
25
4
72
120
112
36
92
2
127
4
64
133
134
135
136
124
125
137
138
139
140
141
142
143
144
132
131
119
120
108
107
106
105
93
92
104
103
115
114
102
90
78
77
76
64
63
75
87
86
98
99
111
110
122
121
109
97
85
73
61
49
50
38
37
25
13
1
2
3
4
16
15
14
26
27
28
40
41
53
54
55
43
42
30
29
17
18
19
20
21
9
8
7
6
5
4
3
15
27
39
51
52
40
39
51
63
62
74
75
76
88
100
101
89
90
91
79
80
68
67
66
65
77
89
88
87
99
100
112
113
101
102
114
126
127
128
116
117
129
130
118
106
94
95
96
84
83
71
72
60
59
47
48
36
35
23
24
12
11
10
22
34
33
32
44
45
57
69
81
82
70
58
46
34
33
45
44
56
57
69
81
93
94
95
96
84
72
71
83
82
70
58
46
47
59
60
48
36
35
23
24
12
11
10
22
21
9
8
20
32
31
43
31
30
18
19
7
6
5
17
16
28
29
41
42
54
53
52
64
65
66
78
79
67
55
56
68
80
92
91
103
115
127
126
125
113
112
111
123
124
123
122
110
98
86
74
62
50
38
26
14
2
1
13
25
37
49
61
73
85
97
109
121
133
134
135
136
137
138
139
140
128
129
141
142
130
131
143
144
132
120
108
107
119
118
117
105
104
116
1
13
14
15
27
26
25
37
49
50
62
61
73
74
75
87
86
85
97
98
99
111
123
122
110
109
121
133
134
135
136
137
125
126
114
113
101
100
88
76
77
65
66
54
53
52
64
63
51
39
40
28
16
17
5
4
3
2
1
13
25
26
38
39
40
41
29
30
42
43
31
19
20
8
7
6
18
30
31
32
44
45
33
34
35
23
22
21
9
10
11
12
24
36
48
47
59
60
72
84
96
95
83
71
70
82
81
93
105
117
118
119
120
108
107
106
94
82
70
58
46
45
57
69
68
56
55
67
79
78
90
102
103
91
92
80
81
93
94
106
118
130
131
132
144
143
142
141
140
139
138
137
136
124
112
100
99
87
88
89
101
102
114
115
127
128
116
104
105
117
129
128
129
130
131
132
144
143
142
141
140
139
138
126
127
115
116
104
103
91
92
80
79
67
68
69
57
56
55
54
42
43
44
32
33
34
46
58
59
71
83
95
107
119
120
108
96
84
72
60
48
47
35
36
24
12
11
23
22
10
9
21
20
8
7
19
18
6
5
17
16
4
3
2
14
15
27
28
29
41
53
65
66
78
90
89
77
76
75
74
62
63
64
52
51
50
38
37
49
61
73
85
86
98
97
109
110
122
121
133
134
135
123
111
112
113
125
124
125
48
132
19
106
118
85
63
132
4
66
128
23
31
44
137
73
31
14
15
106
86
77
101
59
100
130
144
90
8
16
96
26
138
128
63
68
122
78
129
109
144
34
56
124
123
35
38
99
57
70
64
9
119
48
143
33
2
11
8
54
76
50
124
89
136
107
85
25
62
79
20
46
25
61
139
91
26
21
131
74
40
60
72
65
29
5
97
36
34
93
41
16
77
134
104
108
72
18
139
105
107
58
111
28
103
80
120
28
35
53
92
90
30
42
95
110
118
141
62
22
114
88
96
41
49
133
1
49
142
37
54
11
47
121
40
22
105
51
131
127
116
23
108
86
89
27
24
143
116
102
113
137
69
67
60
121
17
135
120
111
7
93
79
134
140
13
6
4
135
102
58
71
117
140
38
52
52
43
122
68
53
84
71
17
33
94
43
10
51
82
2
84
55
21
75
45
75
39
130
67
91
142
103
100
109
15
64
3
44
7
5
126
3
126
104
42
14
46
20
82
39
59
78
115
70
129
98
65
127
113
73
88
32
99
136
81
37
55
13
138
10
12
47
61
97
57
45
101
114
56
141
9
12
123
19
112
74
110
119
30
87
32
112
66
36
115
92
125
133
50
117
83
29
6
69
87
18
24
76
95
27
98
81
80
1
94
83
28
82
136
118
1
55
130
66
79
143
6
16
22
39
122
87
42
103
111
51
124
98
80
2
34
39
106
78
32
59
144
112
140
138
20
117
56
95
131
8
40
65
102
82
63
24
23
19
129
119
84
42
57
52
71
91
84
33
6
107
95
143
132
11
20
107
90
29
121
97
4
114
34
75
105
61
137
7
72
142
5
83
29
93
134
123
47
1
14
117
54
43
15
113
139
126
8
5
33
22
104
59
75
97
69
73
93
74
76
56
26
70
63
23
41
77
46
121
35
101
98
58
144
88
47
119
46
133
44
92
64
116
86
131
126
21
13
49
10
139
32
125
115
37
128
17
67
68
37
48
81
90
64
67
118
110
81
4
94
102
120
141
123
140
127
88
111
110
128
94
17
68
9
28
31
116
62
65
11
129
77
69
104
30
134
7
15
112
130
137
48
38
71
58
43
113
105
55
103
18
31
73
3
125
40
25
108
115
44
70
122
89
127
12
80
141
92
9
120
60
16
106
53
26
53
99
74
96
19
50
72
100
38
138
25
109
36
124
10
76
45
50
135
83
2
21
27
3
135
99
66
13
41
78
45
85
57
12
133
35
114
36
96
54
14
91
61
86
85
18
60
62
87
108
79
27
49
142
30
109
136
101
100
132
24
52
51
89
12
11
10
9
8
20
21
33
34
46
45
44
43
42
30
29
41
53
54
66
65
77
76
64
63
75
74
73
61
49
50
62
63
51
52
40
28
16
17
5
4
3
2
1
13
14
26
25
37
38
39
27
15
3
4
5
6
18
19
31
32
33
34
22
23
35
36
48
60
72
71
70
58
57
56
68
67
55
54
53
52
51
39
40
41
42
43
44
45
46
47
59
60
72
84
83
82
81
80
92
104
116
117
105
106
107
108
120
132
131
130
118
119
120
108
96
95
94
93
105
117
129
141
140
139
127
115
103
91
90
89
88
87
86
85
97
109
121
133
134
135
136
124
125
137
138
126
114
102
101
100
112
113
101
100
99
111
123
122
110
98
99
111
112
113
114
102
90
78
79
91
92
80
79
78
77
89
88
87
75
76
64
65
66
67
55
56
57
58
59
71
70
69
68
69
81
93
94
82
83
84
96
95
107
106
118
119
131
130
142
143
144
132
144
143
142
141
140
128
129
128
116
104
103
115
127
139
138
126
125
137
136
124
123
135
134
133
121
122
110
109
97
98
86
85
73
74
62
61
49
50
38
37
25
13
1
2
14
26
27
15
16
28
29
17
18
30
31
32
20
19
7
6
7
8
9
21
22
10
11
23
35
47
48
36
24
12
24
1
2
14
26
27
15
3
4
5
17
18
6
7
19
31
32
20
8
9
21
33
34
35
23
22
10
11
12
24
36
48
60
59
71
70
58
57
45
44
43
55
54
66
65
53
41
42
30
29
28
40
39
38
50
49
37
25
13
1
2
3
15
16
28
40
52
51
63
64
76
75
74
86
85
73
61
62
63
75
87
88
100
99
111
123
122
110
98
97
109
121
133
134
135
136
124
125
137
138
139
140
128
127
126
114
115
103
104
105
106
118
130
142
141
129
117
116
115
114
113
112
100
101
102
90
89
77
78
79
67
68
69
81
80
92
91
103
104
116
117
118
119
131
143
144
132
120
108
96
84
72
60
48
47
46
45
33
32
44
56
57
69
70
82
83
95
94
93
105
106
107
95
107
119
131
143
144
132
120
108
96
84
72
71
83
82
94
93
81
80
92
91
79
78
90
102
101
89
77
65
64
76
88
87
99
111
112
113
125
126
127
128
129
130
142
141
140
139
138
137
136
124
123
135
134
133
121
122
110
109
97
98
86
85
73
74
62
61
49
50
38
37
25
13
14
26
27
39
51
52
53
54
66
67
68
56
55
43
31
19
18
30
42
41
29
17
16
4
5
6
7
8
20
21
9
10
22
23
11
12
24
36
35
34
46
58
59
47
125
110
102
101
61
25
50
73
9
122
72
112
12
80
79
8
104
47
77
92
24
83
27
52
114
55
68
120
73
95
13
50
66
45
121
29
127
34
36
64
22
42
44
38
99
94
5
88
60
96
90
144
10
111
115
48
77
128
134
2
132
96
69
74
63
84
118
75
33
108
123
127
28
67
49
47
117
124
11
144
85
26
131
103
78
97
142
37
53
21
27
41
81
7
113
105
118
33
12
60
98
21
35
31
57
38
59
3
23
117
70
116
72
71
76
75
140
95
48
92
25
49
120
51
140
67
79
90
51
103
133
107
134
16
76
58
71
45
136
101
1
137
139
104
114
5
105
91
56
18
54
52
3
124
136
135
35
20
42
97
87
142
63
113
143
43
78
62
91
129
32
87
2
94
44
109
65
110
106
34
13
80
39
30
74
119
131
128
112
53
89
7
121
20
93
123
30
15
39
58
14
100
130
17
54
41
8
46
116
62
31
81
10
68
1
24
126
14
84
37
135
137
88
126
125
40
28
61
11
43
86
138
18
133
102
55
15
139
93
32
111
98
29
108
83
59
16
132
69
56
99
4
100
26
22
57
66
64
141
106
36
6
85
82
119
46
9
65
86
19
107
4
17
109
115
89
138
19
40
23
6
143
141
129
82
130
70
122
70
71
31
117
74
22
42
142
81
124
114
19
43
12
131
66
79
54
103
72
38
49
17
37
137
134
120
134
25
65
109
62
55
43
44
14
57
133
83
60
69
82
13
97
18
86
91
80
5
36
125
68
94
19
120
135
116
40
90
122
64
105
74
51
75
126
14
2
115
53
84
104
59
10
63
130
50
86
90
70
42
110
139
6
101
113
123
138
10
34
33
30
68
58
20
132
16
34
131
27
61
4
99
79
128
142
40
122
88
75
93
137
111
57
72
17
87
3
99
108
113
11
141
111
6
73
85
47
1
100
2
48
8
136
4
109
95
78
7
130
56
64
3
105
45
15
127
25
108
140
24
144
52
85
32
87
98
97
15
117
121
128
121
9
23
62
37
20
140
41
24
41
102
89
35
45
100
96
107
21
23
77
49
71
69
76
88
76
114
136
118
135
32
29
52
92
93
101
78
28
9
107
84
54
104
36
73
96
89
55
119
110
124
1
61
22
67
123
59
46
119
16
81
118
65
27
143
12
126
67
83
39
50
94
106
92
106
18
47
77
129
116
138
80
28
102
56
143
141
11
46
7
66
29
26
103
115
60
31
112
98
129
13
125
82
21
48
53
91
58
51
144
5
8
44
26
95
127
39
33
132
133
38
112
30
63
139
35
