##Rat 8 Day 44
 ##rewards
71
58
124
##Vertices
130
54
75
25
81
143
10
82
45
108
96
92
119
27
21
105
39
9
80
8
38
86
68
137
41
72
61
100
91
107
18
12
89
32
124
93
141
134
60
111
15
26
6
138
44
95
102
48
19
100
4
37
121
63
135
14
86
48
105
53
123
12
78
99
83
125
103
82
80
83
62
3
18
31
77
55
35
116
25
65
96
133
104
9
38
95
98
103
128
67
74
126
57
97
42
64
106
136
3
63
11
7
5
16
69
94
5
122
132
140
112
112
109
16
51
46
85
109
2
50
110
143
34
108
36
137
2
70
92
71
32
125
59
43
122
123
110
81
45
138
94
111
113
1
28
64
60
127
84
58
101
115
15
22
139
13
93
55
52
107
26
84
39
73
139
11
124
46
70
130
117
30
61
40
141
129
27
59
43
88
19
66
49
144
87
52
53
42
104
17
79
29
47
78
88
33
17
14
75
119
33
31
126
120
28
91
128
87
73
140
35
20
90
23
6
102
41
127
65
117
131
113
118
131
50
101
51
142
66
58
106
98
34
36
72
79
1
114
69
67
56
142
23
10
97
76
22
144
57
90
24
132
129
20
24
8
68
71
133
62
120
118
134
13
135
114
21
4
7
56
77
44
74
115
47
99
49
29
85
116
121
37
76
136
89
40
54
30
27
124
96
120
74
106
130
26
15
39
81
91
55
58
56
35
62
111
10
54
92
66
69
67
144
9
115
1
48
39
85
108
21
128
12
134
64
131
59
85
88
34
24
43
91
73
138
133
14
57
81
37
94
60
42
118
7
119
24
114
21
140
95
72
54
13
2
116
83
89
101
125
86
7
37
88
8
113
124
137
123
68
50
60
129
86
102
16
65
26
127
31
44
100
38
104
3
40
135
9
78
105
2
87
70
46
51
28
144
41
29
93
4
48
6
57
30
62
102
136
87
33
96
18
84
61
50
108
77
5
122
99
90
112
82
64
92
68
1
25
45
80
43
76
47
66
61
141
72
10
141
109
18
132
78
30
103
45
132
117
143
44
136
110
133
100
29
82
127
53
49
97
107
42
31
76
119
36
28
142
69
22
27
90
20
32
109
142
121
126
103
111
99
16
125
52
131
55
19
79
123
15
17
35
63
59
129
105
49
121
97
83
6
40
22
13
106
130
75
107
34
52
63
126
80
135
128
104
70
41
23
93
33
19
36
95
5
138
143
101
8
46
25
20
98
139
137
71
75
65
11
51
114
139
74
67
17
23
113
116
134
79
120
94
84
98
110
32
117
58
89
71
122
112
38
140
53
4
11
47
118
14
77
56
12
115
3
73
133
134
135
123
111
99
98
86
74
62
61
73
85
97
109
110
122
121
109
97
85
73
74
75
87
88
76
77
65
66
54
55
56
68
80
79
78
90
102
114
115
116
128
127
139
140
141
142
130
118
117
129
141
140
139
138
137
136
124
112
113
125
126
114
113
101
100
88
89
77
78
66
67
55
43
42
41
40
52
51
50
38
39
27
26
14
15
16
4
5
17
29
30
18
6
7
19
20
32
44
45
33
34
35
36
24
12
11
23
22
10
9
8
7
6
5
4
3
2
1
13
25
37
49
61
62
63
64
65
53
54
42
43
31
32
44
45
46
47
59
71
70
58
57
69
81
82
83
84
96
95
94
93
92
91
103
104
105
106
107
119
131
143
144
132
120
108
96
84
72
60
72
71
83
82
94
95
107
108
120
119
131
132
144
143
142
130
129
117
118
106
105
104
116
128
127
115
103
102
101
89
90
91
92
93
81
80
79
67
68
56
57
69
70
58
59
60
48
36
48
47
46
34
35
23
24
12
11
10
22
21
33
21
9
8
20
19
31
30
18
17
16
28
27
26
14
15
3
2
1
13
25
37
49
50
38
39
40
28
29
41
53
52
51
63
64
76
75
87
99
100
112
111
123
124
125
126
138
137
136
135
134
133
121
122
110
98
86
12
11
23
35
34
22
10
9
8
20
19
7
6
18
30
29
17
5
4
16
28
27
26
14
15
3
2
1
13
25
37
49
50
62
63
51
52
40
41
42
54
55
67
68
56
44
43
31
32
33
45
46
47
59
60
48
36
24
12
11
10
22
21
33
45
57
58
70
69
81
82
83
95
96
84
72
71
70
82
94
93
105
106
118
130
131
119
107
108
120
132
144
143
142
141
129
128
140
139
138
137
125
126
127
115
114
102
101
100
99
111
123
135
136
124
112
113
114
115
116
117
105
104
103
91
92
80
79
78
66
65
64
76
77
89
90
102
101
113
112
111
110
122
134
133
121
109
97
85
73
61
49
37
38
39
40
28
29
41
53
52
64
63
75
74
86
87
88
100
99
98
86
98
110
122
134
133
121
109
97
85
73
61
62
74
75
87
88
76
77
89
90
78
79
91
103
104
92
80
68
69
81
93
94
106
118
117
116
128
127
126
125
124
123
135
136
137
138
139
140
141
129
130
142
143
144
132
131
119
120
108
107
95
96
84
83
71
72
60
59
47
48
36
24
23
35
34
46
58
57
56
55
67
66
65
53
54
42
30
18
19
31
43
44
32
20
21
9
8
7
6
5
17
16
4
3
15
14
2
1
13
25
26
27
39
51
50
38
63
107
82
101
70
105
25
112
125
4
79
90
26
61
124
88
137
115
58
114
60
50
106
34
141
144
99
113
17
108
71
108
121
85
127
45
18
136
99
22
87
121
22
33
55
137
128
53
104
48
73
42
16
1
37
41
14
72
57
67
133
33
8
37
32
125
67
15
109
130
129
111
51
2
65
57
132
87
68
24
65
72
96
52
118
35
89
39
60
53
141
4
93
83
49
138
31
133
110
56
76
62
124
130
8
84
9
135
126
94
28
45
85
86
5
122
75
43
27
123
10
80
143
28
1
51
102
91
46
6
118
129
17
98
105
48
42
31
66
16
6
77
63
79
120
95
54
115
98
68
117
97
142
59
44
38
18
74
142
74
15
44
103
76
62
40
102
56
90
47
20
104
77
40
47
128
86
7
35
27
135
109
41
73
83
5
138
119
69
11
78
54
116
23
110
34
64
106
46
92
131
94
39
119
132
13
95
14
131
123
3
50
144
9
97
81
140
143
59
55
91
30
36
64
111
32
30
38
58
70
12
78
2
127
114
23
88
49
96
93
7
52
36
10
21
12
29
113
43
3
21
126
11
89
103
75
20
69
101
71
117
26
120
136
92
116
122
107
139
82
13
19
139
19
134
84
140
61
112
100
29
100
25
80
24
66
81
134
64
40
3
27
131
6
31
59
130
27
103
113
60
5
122
89
26
80
75
48
140
39
122
82
121
21
79
41
54
13
134
66
7
126
70
38
50
32
55
96
129
125
102
102
81
69
61
74
114
142
108
100
137
32
34
18
4
100
34
33
120
112
111
66
131
81
46
12
95
71
139
22
17
56
119
2
39
90
98
128
96
93
115
64
77
139
51
43
30
93
125
87
5
65
51
106
58
68
129
63
57
91
110
14
33
138
73
50
62
48
15
43
35
99
138
41
74
8
136
19
3
99
105
56
57
12
83
24
16
118
130
65
135
20
55
109
60
15
116
140
23
59
113
127
6
115
77
13
40
108
10
36
75
38
72
1
84
47
31
70
45
29
134
124
7
118
28
28
117
132
26
17
143
78
97
110
94
42
19
44
120
29
83
37
78
25
18
88
20
133
104
10
30
85
16
124
58
80
72
87
61
88
143
54
37
132
76
84
121
53
144
11
46
109
86
71
22
105
14
106
126
11
21
76
49
67
85
92
23
90
117
47
107
44
95
133
2
73
82
79
62
98
49
36
142
8
136
24
101
86
103
141
4
91
89
114
9
68
123
135
42
9
53
128
63
119
97
127
35
112
123
116
94
104
111
45
67
101
1
52
52
137
141
69
92
144
25
107
144
132
120
119
131
130
129
141
142
143
144
132
120
108
96
84
72
60
59
71
70
69
57
56
44
45
33
34
35
36
48
47
46
58
57
69
81
82
94
95
107
106
118
117
116
128
127
115
103
104
92
93
105
104
116
115
114
113
125
126
138
137
136
135
123
122
110
111
112
124
136
135
134
133
121
109
97
85
86
74
75
76
64
65
53
52
51
63
62
61
73
85
97
98
99
87
88
100
101
89
90
78
66
67
68
80
79
91
103
102
90
91
92
80
79
78
77
65
66
54
42
43
31
19
20
32
44
45
33
21
22
23
24
12
11
10
9
8
7
6
18
30
29
41
40
28
27
39
38
26
14
2
1
13
25
37
49
50
51
52
53
41
40
39
27
15
3
4
5
17
16
15
14
26
25
13
1
2
3
4
16
17
5
6
18
19
7
8
9
10
11
12
24
36
48
47
59
60
72
84
83
95
96
108
107
119
131
143
142
141
140
139
140
139
138
137
125
124
123
122
134
133
121
109
110
98
86
87
75
74
73
61
49
37
38
50
62
63
64
76
77
89
88
100
99
111
112
113
101
102
114
126
127
128
129
130
118
117
105
106
94
93
81
82
83
71
70
58
46
34
35
23
22
21
20
32
31
43
55
67
68
56
55
54
42
30
29
28
1
2
3
15
14
26
38
37
25
13
1
2
3
4
5
6
7
8
20
19
31
43
44
56
57
45
46
34
22
10
9
21
33
32
44
43
42
30
29
17
16
28
27
39
51
50
62
63
64
52
53
41
40
52
51
63
75
87
86
74
73
85
97
109
110
122
123
111
99
98
97
109
121
133
134
135
136
137
125
126
114
102
103
91
92
104
116
115
127
139
138
137
136
124
112
113
101
100
88
89
77
78
79
67
55
54
66
65
64
76
77
65
53
54
66
78
90
91
79
80
81
69
70
71
59
58
57
45
46
47
35
23
11
12
24
36
48
60
72
84
83
82
94
93
105
106
118
117
129
130
131
132
144
143
142
141
140
128
116
104
92
93
105
117
118
119
120
108
96
95
107
119
131
130
142
143
144
132
120
108
107
95
96
84
83
71
72
60
48
36
24
12
11
10
9
21
20
8
7
6
18
17
5
4
16
15
14
13
25
37
49
61
49
61
73
85
86
98
110
122
121
133
134
135
123
124
125
113
114
126
138
139
140
141
129
128
127
115
103
102
90
89
101
100
112
111
99
87
88
76
75
74
62
50
38
26
27
39
40
28
29
41
42
30
18
19
31
32
33
34
22
23
35
47
59
58
70
69
68
67
55
56
68
80
81
82
94
106
78
88
74
68
112
134
37
81
117
128
47
13
79
77
57
130
85
134
128
1
27
62
81
96
19
105
132
25
33
129
140
94
15
85
141
23
98
12
16
119
71
32
91
95
63
131
72
67
110
10
29
102
93
90
109
33
142
130
3
44
118
18
65
116
93
92
40
127
78
49
118
61
76
131
61
16
136
120
23
64
67
129
28
84
9
68
96
56
46
43
142
127
31
62
54
7
4
114
122
58
89
125
53
73
11
47
38
50
34
104
15
104
99
46
55
75
70
139
106
144
121
125
107
22
117
83
144
80
14
5
92
106
137
24
27
101
41
14
29
60
133
139
132
138
58
20
95
13
42
70
87
42
59
86
126
35
52
22
110
115
1
88
38
59
123
112
56
8
97
143
65
48
39
63
111
111
30
2
36
3
51
76
19
91
99
141
75
115
4
41
105
98
73
113
100
71
140
126
51
40
17
120
11
2
30
136
135
45
86
57
66
87
133
44
21
137
121
124
124
119
89
103
135
84
94
20
17
102
100
31
24
72
79
7
10
66
9
8
21
36
108
80
64
18
45
34
123
103
90
6
101
69
138
54
83
55
37
12
43
116
143
49
97
52
113
108
109
39
60
77
26
69
25
107
82
28
48
114
35
50
122
26
5
6
74
82
32
53
102
82
90
65
110
14
5
64
138
129
77
128
12
94
90
81
97
51
37
24
9
29
39
8
13
57
18
26
16
6
51
46
139
10
80
117
24
69
38
144
56
77
124
49
111
141
73
14
105
66
82
48
71
73
1
1
121
62
52
2
42
138
131
103
45
55
26
143
113
6
29
85
91
36
61
130
3
23
31
98
132
120
88
136
59
122
123
92
132
44
50
79
84
3
89
79
84
42
110
5
54
99
47
34
11
100
143
76
108
70
70
131
94
117
127
64
93
52
19
40
45
114
4
23
116
71
96
34
27
133
107
122
36
60
141
105
18
59
85
116
134
111
54
107
93
123
83
124
22
63
134
83
87
7
75
43
8
28
95
100
17
55
2
135
126
99
49
68
27
25
28
44
137
78
63
17
35
32
48
35
4
142
139
115
72
109
33
58
109
33
65
61
130
106
97
95
121
87
43
136
68
40
89
144
31
67
101
47
78
13
66
120
58
19
86
137
53
96
142
11
125
10
41
114
12
140
74
41
103
119
15
21
15
81
118
108
30
113
104
9
60
106
53
112
119
86
67
46
20
76
135
129
91
20
50
7
32
101
102
69
80
21
74
92
112
25
72
128
98
22
126
125
75
57
56
118
30
39
127
140
133
62
115
16
88
37
38
104
1
2
3
4
5
17
16
28
29
30
42
41
40
52
53
65
64
76
77
78
79
91
103
102
90
89
101
100
88
87
86
74
73
85
97
98
99
111
110
122
121
133
134
135
136
137
125
113
114
126
127
115
116
117
118
106
94
82
81
69
68
56
44
45
33
34
46
58
57
56
55
54
66
67
55
43
31
32
20
19
18
6
7
8
9
21
22
23
11
12
24
36
48
60
72
71
59
47
35
36
48
60
72
84
83
95
96
108
107
119
120
132
144
143
131
130
142
141
129
128
140
139
138
137
136
124
112
100
99
87
75
63
51
39
38
37
49
61
62
50
51
39
27
15
14
13
25
26
27
28
40
52
64
65
77
78
90
91
92
80
68
69
70
82
81
93
105
104
103
115
116
128
127
126
138
139
140
141
142
143
144
132
131
130
129
117
118
106
107
119
120
108
96
84
83
95
94
93
105
104
92
80
79
67
66
54
53
41
42
30
29
17
18
19
31
43
44
32
20
21
33
45
57
58
70
71
59
47
46
34
35
23
24
12
11
10
22
10
9
8
7
6
5
4
16
15
3
2
1
13
14
26
25
37
38
50
49
61
62
74
73
85
86
98
97
109
110
109
121
133
134
135
123
122
123
111
112
124
125
113
114
102
101
89
88
76
75
63
144
132
120
108
96
95
107
106
94
82
81
93
105
104
92
91
103
102
90
78
66
65
64
76
77
89
88
100
101
113
125
126
138
137
136
124
112
111
123
122
134
133
121
109
97
85
86
87
75
74
62
63
51
39
27
28
29
30
42
43
55
56
57
45
46
34
33
32
44
56
68
80
79
67
68
69
70
58
59
71
83
84
72
60
48
47
35
23
24
12
11
10
9
8
7
19
20
21
22
10
9
8
7
6
18
17
5
4
16
15
3
2
1
13
14
26
25
37
38
50
49
61
73
85
97
98
99
100
112
113
114
115
116
117
129
141
140
139
127
128
116
117
118
119
131
143
142
130
118
106
105
104
103
91
90
78
77
65
53
54
55
43
31
30
42
41
40
52
64
63
51
50
62
74
73
61
49
37
25
13
1
2
14
26
38
39
27
28
16
15
3
4
5
6
18
17
29
41
40
52
53
54
66
67
79
80
92
93
81
82
94
95
83
71
70
69
57
58
59
47
46
45
44
32
31
19
20
21
33
34
22
23
11
12
24
36
35
36
48
60
72
84
96
108
107
119
120
132
144
143
131
130
142
141
129
128
140
139
127
126
138
137
125
124
136
135
123
135
134
133
121
109
110
122
110
111
99
98
86
87
75
76
88
89
101
102
114
115
