##Rat 5 Day 27
 ##rewards
74
87
21
##Vertices
1
13
25
37
38
39
51
50
49
61
73
85
97
98
86
87
99
111
112
124
123
122
134
133
121
109
110
111
112
100
88
76
75
63
62
74
73
61
49
37
25
26
14
2
3
4
5
6
7
19
20
8
9
10
11
12
24
36
35
47
48
60
72
84
83
71
59
58
57
56
44
43
31
30
18
17
16
15
27
28
29
41
40
52
64
65
53
54
55
67
79
80
81
82
94
93
92
91
90
102
101
113
125
137
138
139
140
128
116
115
127
126
114
113
101
89
77
78
66
65
64
52
53
41
42
30
31
32
33
21
22
34
46
45
44
32
33
45
57
69
68
80
92
104
103
102
114
115
103
104
105
106
107
119
118
130
142
141
129
117
105
93
94
95
96
108
120
132
131
143
144
143
144
132
131
119
120
108
107
106
118
130
142
141
129
117
116
128
140
139
127
126
138
137
125
124
136
135
136
135
123
122
134
133
121
109
110
98
97
85
86
87
99
100
88
89
90
91
79
67
68
56
55
43
42
54
66
78
77
76
75
74
62
63
51
50
38
26
14
13
1
2
3
15
27
39
40
28
29
17
16
4
5
6
18
19
7
8
20
21
9
10
11
23
22
34
46
47
59
58
70
69
81
82
70
71
83
95
96
84
72
60
48
36
35
23
24
12
12
11
10
9
21
33
32
20
8
7
6
5
4
16
17
29
28
27
39
38
26
14
13
1
2
3
15
27
39
40
41
42
30
31
19
18
6
7
8
9
10
22
23
24
36
48
60
72
84
83
95
96
108
120
132
144
143
142
130
129
141
140
139
138
126
127
128
116
104
92
93
81
82
70
71
59
47
35
34
46
58
57
45
44
43
55
56
68
80
79
78
90
102
114
113
101
89
77
65
64
52
51
50
49
61
73
85
86
87
75
74
62
63
51
52
53
54
66
67
55
43
44
56
57
69
70
82
94
106
107
119
118
117
105
93
94
106
105
104
103
91
90
89
88
76
64
63
75
76
88
100
112
124
123
111
110
109
97
98
99
100
101
113
125
137
136
135
134
122
121
133
121
133
134
122
123
135
136
124
112
111
110
109
97
98
99
87
86
85
73
74
62
61
49
50
38
37
25
37
25
26
14
13
1
2
3
15
16
4
5
17
29
28
40
41
53
65
77
78
79
91
92
80
81
69
68
67
66
54
42
30
18
19
31
32
20
21
22
23
11
12
24
36
35
34
33
45
46
58
59
47
48
60
72
71
83
84
96
95
107
108
120
132
131
119
118
117
129
128
116
115
103
102
114
115
127
126
125
137
138
139
140
141
142
130
131
143
144
67
14
88
105
134
104
134
37
130
4
73
46
63
74
7
86
92
104
21
99
38
77
84
131
107
70
93
56
94
63
125
72
142
32
59
119
11
113
142
133
5
47
5
132
125
3
85
33
50
85
101
111
24
112
25
11
89
53
122
81
38
71
69
16
66
79
60
108
131
15
56
55
90
83
3
108
37
114
34
82
80
35
70
57
65
90
51
46
71
139
123
6
113
64
43
128
106
92
49
95
82
41
8
78
121
96
58
52
24
79
9
138
14
13
129
120
140
19
69
99
97
116
27
118
87
136
84
4
36
30
116
8
20
26
28
40
29
110
100
30
73
55
36
33
13
87
23
130
45
101
74
112
26
49
12
126
106
75
78
66
98
135
10
94
22
27
105
120
103
47
68
119
141
42
19
6
22
45
32
62
23
103
39
1
75
57
34
96
65
128
144
2
31
97
68
143
40
41
61
76
12
7
118
91
64
18
117
50
53
117
51
59
72
62
15
141
127
20
10
133
93
129
18
123
42
136
52
111
17
115
77
140
137
48
144
35
138
124
127
110
81
88
16
2
98
80
61
60
135
44
83
126
9
67
76
114
122
28
102
102
139
48
95
21
109
115
31
100
109
91
121
29
43
1
89
58
86
143
132
25
54
17
107
44
39
54
124
137
88
12
93
110
47
4
4
87
22
20
108
70
58
72
29
76
119
117
3
2
123
90
37
95
131
27
124
65
97
48
42
26
64
143
24
108
105
49
141
94
25
132
52
54
135
80
22
30
89
5
67
71
103
56
57
142
44
74
138
109
49
137
39
55
11
38
78
92
51
7
59
25
34
122
130
120
114
21
71
140
64
75
130
134
43
112
139
109
58
107
143
63
40
66
133
99
84
10
48
35
54
53
102
133
31
81
18
132
113
110
53
88
128
106
92
129
102
13
57
120
114
83
84
72
138
60
86
73
69
82
140
134
95
6
77
74
118
68
117
11
17
76
106
55
62
32
45
33
142
42
77
50
91
68
29
116
112
89
79
104
8
37
137
2
144
97
126
15
104
98
44
56
126
47
116
63
86
60
99
136
81
69
31
5
27
80
67
124
111
85
46
131
19
115
15
96
28
41
61
121
62
129
65
51
115
34
105
52
19
10
23
121
59
17
128
98
122
26
3
96
70
101
123
100
85
40
36
20
119
79
13
39
18
12
135
9
118
125
144
94
32
66
43
103
50
113
78
30
87
23
14
100
83
111
1
24
28
73
21
93
101
6
7
139
35
16
82
36
9
41
1
14
38
136
107
125
127
16
75
33
8
91
127
61
46
45
90
141
144
143
131
119
107
108
120
132
144
143
142
141
140
128
116
104
103
115
114
102
90
91
92
80
79
78
66
65
77
76
64
52
51
63
75
74
62
61
49
50
38
37
25
26
27
39
40
28
16
15
14
13
1
2
3
4
5
6
18
19
31
32
20
21
22
23
24
12
11
10
9
8
7
6
5
17
29
30
42
43
55
54
53
41
42
54
66
67
68
69
57
58
59
47
46
45
33
34
35
36
48
60
72
84
83
71
70
82
81
93
105
117
129
130
118
106
94
95
96
84
72
60
48
47
59
71
70
58
46
45
44
56
57
69
81
93
105
104
116
115
127
139
138
126
125
137
136
124
123
135
134
122
121
109
110
111
112
100
88
89
101
113
112
111
99
98
97
85
73
61
49
37
38
39
27
15
14
26
25
13
1
2
3
4
16
28
29
17
18
30
31
19
7
8
20
21
9
10
11
12
24
36
35
23
22
34
33
32
44
43
55
56
68
67
79
80
92
91
103
102
101
100
88
89
90
78
77
65
53
41
40
52
51
50
62
63
64
76
75
87
99
87
86
74
73
85
86
98
97
109
110
122
123
124
125
113
114
126
127
128
129
117
118
106
94
82
83
95
96
108
107
119
120
132
131
130
142
141
140
139
138
137
136
135
134
133
121
133
133
121
122
123
124
136
135
134
133
121
109
97
85
86
87
88
76
75
63
64
65
77
89
90
78
66
67
55
54
42
43
44
32
31
30
18
19
7
8
20
21
9
10
22
34
33
45
46
47
35
23
11
12
24
36
48
60
72
71
83
82
94
95
107
119
131
143
144
132
120
108
96
84
72
60
59
58
70
69
81
80
68
56
57
69
68
67
79
91
103
104
116
128
129
117
105
106
118
130
142
141
140
139
138
126
127
115
114
102
101
100
99
98
110
111
112
113
125
137
138
139
140
141
129
128
127
115
116
117
105
93
92
104
103
102
101
100
88
87
75
74
73
61
62
50
49
37
38
26
25
13
14
2
3
15
27
39
40
41
53
52
51
39
27
28
16
4
5
6
7
8
9
21
33
34
35
23
22
10
11
12
24
36
48
47
46
58
59
71
70
82
83
84
96
95
107
108
120
132
144
143
142
130
131
119
118
106
94
93
81
80
92
91
79
78
90
89
77
76
64
52
40
41
53
65
66
54
55
56
57
45
44
32
20
19
31
43
42
30
29
28
29
17
18
6
5
17
16
4
3
15
14
26
38
50
51
63
62
74
86
98
99
111
112
113
114
126
125
137
136
124
123
135
134
122
110
109
97
85
73
61
49
37
25
13
1
2
1
52
129
25
99
5
32
138
71
84
104
28
70
60
82
29
91
67
56
77
54
132
1
14
17
93
133
50
32
26
42
88
2
79
101
124
23
39
30
137
105
118
59
9
49
14
142
46
42
139
111
10
82
54
47
131
27
125
93
8
73
95
83
103
115
3
117
12
96
48
10
144
105
50
127
8
61
45
20
41
33
21
119
141
33
12
43
124
81
104
116
119
97
132
68
110
61
106
57
85
66
78
9
115
112
28
94
51
140
113
100
58
64
47
89
16
65
85
139
143
92
64
101
102
83
87
116
75
6
44
98
57
130
4
22
1
38
22
7
108
63
44
99
40
74
13
52
111
142
34
37
18
67
136
81
59
113
17
109
3
133
87
135
141
80
134
96
128
35
71
11
88
137
108
58
70
26
129
48
117
118
78
131
15
7
121
30
120
86
123
100
11
63
51
77
136
46
43
19
75
122
69
95
126
80
21
112
121
69
62
24
91
55
76
123
20
24
130
138
41
92
73
60
36
107
16
39
49
86
144
31
6
45
62
72
126
114
120
143
127
107
35
98
56
19
106
79
13
90
110
34
74
103
102
135
53
4
84
55
25
122
128
90
89
109
23
76
15
2
53
18
72
40
97
31
134
5
29
140
27
68
37
94
36
66
114
65
125
38
112
137
86
23
127
74
68
61
57
143
93
93
137
73
58
8
128
97
82
53
98
32
61
121
130
134
21
1
2
20
131
62
25
138
101
35
60
37
129
41
28
70
141
48
4
9
25
87
90
109
116
72
120
12
94
42
134
113
77
116
117
65
104
46
88
28
140
74
42
8
135
105
27
23
12
85
24
122
78
36
46
124
50
63
43
136
79
22
108
90
44
91
114
51
72
31
41
59
3
102
10
71
70
105
113
68
33
114
62
89
126
64
115
67
9
63
109
142
126
7
38
99
102
5
45
125
56
31
14
125
35
103
95
50
139
75
76
57
80
19
29
2
82
34
142
19
43
69
18
17
11
26
136
40
60
47
118
18
101
87
75
132
139
108
144
52
49
64
47
88
45
118
55
92
123
32
27
111
119
96
144
58
71
4
135
128
127
97
89
138
40
54
33
133
38
79
124
10
15
91
83
39
65
80
73
1
78
6
15
29
77
92
21
76
141
115
85
132
24
51
81
100
11
106
3
37
110
67
94
121
86
34
106
56
107
122
30
107
104
83
48
13
95
7
26
98
133
55
52
66
130
110
120
16
119
84
30
81
84
16
59
53
131
103
17
66
22
6
69
99
54
5
36
39
129
140
49
44
20
117
123
96
112
111
143
100
13
14
1
13
14
15
3
2
1
13
25
26
38
50
51
52
64
65
66
78
90
102
114
113
101
100
112
124
125
137
138
126
127
139
140
128
129
117
118
130
142
141
140
139
138
137
136
135
123
122
134
133
121
109
110
111
99
98
97
85
73
74
75
63
62
61
49
37
25
26
27
39
40
41
42
43
44
56
68
67
55
54
53
41
29
28
16
4
5
6
18
19
7
8
20
21
22
10
9
8
7
6
5
17
18
30
31
32
33
45
57
69
70
71
59
60
72
84
96
95
94
106
107
108
120
132
131
119
118
106
105
93
92
80
81
82
83
84
72
60
48
47
35
23
11
12
24
36
48
47
46
58
57
69
68
56
55
54
53
65
77
89
88
87
86
85
97
98
99
100
101
102
103
91
79
67
66
78
79
80
81
93
94
82
70
58
59
71
83
95
96
108
107
119
120
132
144
143
144
143
131
130
142
141
129
117
116
128
127
126
125
124
136
135
123
122
134
133
121
109
110
111
112
113
114
115
116
115
103
104
105
104
92
91
90
89
77
76
64
52
51
63
75
76
88
87
86
74
73
61
62
50
49
37
38
39
40
28
27
15
14
2
3
4
16
17
29
30
42
43
31
32
44
45
46
34
33
34
22
23
35
36
24
12
11
10
9
21
20
19
144
132
131
130
142
141
140
139
127
115
103
91
90
78
77
89
88
87
75
76
64
65
66
54
53
41
29
30
18
6
7
8
9
10
22
34
46
58
59
60
48
47
35
23
24
12
11
10
9
21
20
19
31
43
42
41
40
28
27
39
38
50
62
74
73
61
49
37
25
26
14
13
1
2
3
4
5
17
16
15
27
28
29
30
42
43
44
32
33
45
57
69
68
80
79
67
55
56
44
45
57
58
70
82
94
95
83
71
72
84
96
108
107
119
120
108
96
95
94
106
118
117
116
128
129
141
140
139
138
126
114
102
101
100
112
111
123
135
136
124
125
137
136
135
134
133
121
122
110
109
97
85
86
98
99
87
75
63
51
52
64
76
88
89
77
78
79
80
81
93
105
104
105
93
92
104
92
91
90
102
103
115
116
117
118
106
107
119
120
132
131
143
144
143
142
130
129
128
127
126
138
137
125
113
114
113
101
100
112
124
123
122
134
133
121
109
110
111
99
98
97
85
86
74
73
61
49
50
62
63
51
52
40
39
38
37
25
26
14
13
1
2
3
15
16
4
5
17
18
6
7
8
20
19
31
32
33
21
22
23
11
12
24
36
48
36
35
34
46
47
59
60
72
84
83
71
70
82
81
69
68
67
66
65
53
54
55
56
108
30
22
44
125
88
105
76
102
104
101
70
113
89
124
49
45
3
35
114
125
143
12
8
87
75
50
16
127
67
25
133
9
55
62
108
48
93
97
136
73
44
37
122
62
26
71
54
76
101
143
70
137
94
134
13
66
116
75
91
128
118
99
80
57
55
53
39
10
18
104
90
14
142
84
19
4
35
98
135
46
21
20
122
79
130
107
30
54
21
119
88
48
15
11
69
32
60
103
112
91
16
28
136
24
139
102
65
138
9
120
106
130
106
115
111
1
97
32
116
92
83
7
95
34
103
52
29
58
63
31
124
82
127
114
78
121
98
81
51
93
92
31
49
140
46
83
86
110
2
121
85
7
43
42
64
134
8
99
144
69
27
129
52
133
59
43
12
26
110
41
60
129
72
144
118
24
23
77
123
57
36
58
142
50
6
33
74
139
23
135
77
63
68
56
96
85
66
27
79
112
28
95
78
33
10
107
131
5
80
119
137
87
22
40
115
67
138
17
128
29
18
132
3
96
131
126
64
132
36
89
5
109
20
105
19
47
59
37
40
141
141
113
72
68
6
94
2
47
71
41
82
65
140
100
109
56
38
120
126
38
13
73
100
84
61
11
25
117
123
61
81
51
45
90
42
117
15
39
34
74
111
86
14
53
1
17
4
84
7
128
92
66
106
91
61
72
84
42
18
18
29
105
122
102
49
87
42
16
11
65
129
77
58
108
133
32
12
137
21
132
37
27
78
46
116
120
37
31
117
75
35
19
41
47
85
7
103
80
28
135
36
81
23
17
73
87
4
97
60
51
57
76
10
82
113
114
121
5
22
121
83
39
124
100
94
90
15
50
127
55
43
138
3
131
127
120
29
100
73
69
45
128
39
112
119
112
25
59
138
21
40
62
79
91
6
139
90
5
33
13
99
57
117
143
65
44
119
99
101
86
83
125
31
95
56
74
35
74
101
64
126
144
131
11
129
53
8
56
15
114
49
30
2
126
135
96
9
75
61
97
109
115
52
80
113
88
10
12
54
144
70
82
71
41
14
141
72
88
123
14
9
95
107
60
44
118
64
140
141
78
52
38
17
55
46
68
103
130
28
3
122
30
85
111
26
1
24
26
108
24
19
132
20
62
43
76
34
94
136
134
116
142
63
25
118
93
20
4
22
110
27
59
136
130
63
68
92
133
53
69
81
66
67
110
13
86
98
70
139
48
23
109
67
38
137
45
6
40
98
1
104
123
89
134
115
32
71
105
50
54
125
89
96
34
33
111
58
106
77
140
36
48
79
2
104
102
8
47
142
16
143
93
107
51
124
