##Rat 6 Day 11
 ##rewards
83
94
16
##Vertices
1
13
25
26
14
15
16
4
3
2
1
13
25
37
49
61
73
85
86
74
75
76
88
89
101
100
112
111
110
109
97
98
99
87
88
76
64
63
51
50
38
39
27
28
29
17
18
30
42
41
53
52
40
41
29
30
31
32
20
19
7
8
9
10
22
23
35
34
33
21
9
10
11
12
24
36
48
60
59
71
70
69
81
80
92
93
94
82
83
84
72
60
48
47
46
58
57
45
44
56
55
67
79
78
77
65
66
54
42
43
55
54
53
65
66
67
68
80
79
91
103
102
114
126
125
113
101
100
112
124
123
122
121
133
134
135
136
137
138
139
127
115
116
104
105
117
118
106
107
119
131
143
144
132
120
108
96
95
94
93
92
104
105
106
118
130
142
141
140
128
129
130
131
119
120
132
144
143
142
141
129
128
140
139
127
126
138
137
136
135
134
133
121
109
97
98
86
85
73
61
62
50
49
37
38
26
14
2
3
4
5
6
5
6
7
8
20
21
22
23
11
12
24
36
35
47
59
58
70
71
72
84
96
108
107
95
83
82
81
69
68
56
57
45
46
34
33
32
44
43
31
19
18
17
16
15
27
28
40
39
51
52
64
63
62
74
75
87
99
111
110
122
123
124
125
113
114
102
90
78
77
89
90
91
103
115
116
117
12
11
10
22
23
35
47
48
36
24
12
11
10
9
8
7
6
5
17
18
30
42
41
53
52
40
39
27
15
3
4
16
28
29
41
42
43
31
32
20
21
33
34
46
58
59
71
70
69
57
56
44
45
57
58
70
82
94
95
83
84
96
108
120
119
131
130
118
106
107
108
120
132
144
143
142
141
140
128
127
115
103
102
90
89
101
113
114
126
138
139
140
141
129
117
116
104
105
93
92
80
79
78
66
54
55
67
68
69
81
80
68
56
55
67
79
91
90
78
77
76
64
63
62
50
51
52
40
39
38
26
14
2
1
13
25
37
49
61
73
74
75
87
88
100
99
111
112
124
123
122
121
133
134
135
136
137
125
113
101
89
88
100
112
111
110
109
97
85
86
98
110
122
123
135
134
133
121
109
97
98
86
85
73
74
62
61
49
37
25
13
1
2
3
4
16
17
5
6
7
19
20
8
9
21
22
23
24
36
48
60
72
60
72
84
96
95
107
119
131
132
144
143
142
130
129
128
116
115
127
139
138
137
136
124
125
126
114
102
103
91
92
104
105
117
118
106
94
93
81
82
83
71
59
47
35
34
46
45
33
32
44
43
31
19
18
30
29
28
27
15
14
26
38
50
51
63
64
65
66
54
53
65
77
76
75
87
99
61
22
123
134
105
5
123
94
58
103
102
64
38
29
89
67
31
74
128
87
139
74
23
57
129
109
107
135
50
107
124
127
97
140
105
118
47
85
137
39
115
26
10
27
17
142
108
79
53
70
43
103
7
109
91
99
61
9
126
11
49
32
79
34
15
4
40
98
45
106
10
139
46
52
78
37
144
44
19
64
22
93
88
65
24
134
62
33
68
13
127
94
18
144
44
116
98
138
24
14
113
84
90
1
43
59
102
126
81
13
113
3
52
91
46
100
60
8
25
35
6
133
45
20
54
104
42
63
59
100
72
62
69
19
30
51
32
143
53
66
2
55
21
12
82
125
6
140
99
92
75
75
18
11
5
106
92
1
76
68
111
56
95
86
37
70
65
84
122
49
60
48
42
28
28
55
3
21
95
89
124
110
41
29
16
73
80
39
86
121
115
120
135
83
129
67
97
17
16
35
116
130
27
87
101
20
119
34
77
63
12
50
25
133
33
137
30
58
73
82
128
23
38
138
96
131
88
122
80
71
117
51
77
36
26
121
108
57
71
4
111
101
78
7
36
125
142
48
85
31
47
81
15
110
104
114
136
14
40
112
136
8
66
96
141
120
93
76
83
72
117
114
130
132
143
118
56
132
54
41
119
112
90
9
131
69
2
141
23
19
111
133
5
59
78
56
108
88
20
64
117
127
67
67
6
11
60
97
48
83
113
136
124
32
93
131
9
72
24
38
139
43
114
39
87
13
136
52
40
82
122
128
143
32
99
141
89
131
7
33
25
26
71
52
103
92
109
76
49
76
110
141
80
28
112
10
66
46
116
135
8
134
19
93
3
55
66
13
138
98
96
23
21
86
105
1
90
4
68
75
94
84
120
39
24
45
59
77
3
122
138
74
36
109
84
116
98
113
43
143
22
142
137
35
115
102
47
119
2
124
118
100
37
96
44
137
54
104
102
89
17
36
106
91
79
81
1
100
104
112
40
70
45
62
125
31
48
71
70
140
14
61
44
30
29
134
5
91
95
85
107
7
97
115
61
132
69
119
20
130
108
26
92
34
51
74
10
8
62
49
79
38
57
15
99
42
34
11
18
83
41
4
127
56
117
30
135
121
130
80
94
81
88
144
33
41
118
107
28
65
14
12
87
50
29
95
60
55
27
123
86
126
65
69
132
121
21
68
82
15
53
129
123
12
64
53
9
63
58
35
22
139
128
114
72
18
106
129
105
126
16
16
73
57
111
73
6
120
144
37
75
90
42
51
133
103
101
125
27
58
46
101
2
142
63
140
77
54
110
31
50
47
85
78
17
25
133
134
135
136
137
125
124
112
113
114
102
101
100
88
89
77
76
64
65
66
67
55
43
42
54
53
41
40
52
51
50
62
61
49
37
38
39
27
26
14
13
1
2
3
4
5
17
29
30
18
19
31
32
33
34
46
58
70
69
81
80
92
104
105
117
118
106
94
93
92
91
90
78
79
91
103
115
116
128
127
126
138
139
140
141
129
130
131
143
144
132
120
108
96
84
83
95
107
119
120
108
96
84
72
71
59
60
48
47
35
36
24
12
11
23
22
10
9
21
20
8
7
6
5
4
16
28
40
39
51
63
75
87
99
98
97
85
73
74
86
87
99
111
123
122
121
109
110
111
112
100
88
76
77
65
66
54
55
56
68
80
81
82
70
69
57
45
44
43
31
32
20
19
18
6
7
8
9
10
11
12
24
23
22
21
33
34
46
47
35
36
48
60
72
71
59
58
57
45
44
56
68
67
79
78
90
89
101
102
114
113
125
126
127
115
103
104
116
128
129
117
105
93
94
82
83
95
107
106
118
119
131
132
144
143
142
130
142
141
140
139
138
137
136
124
123
135
134
133
121
122
110
109
97
98
86
85
73
74
62
61
49
50
38
37
25
26
25
13
1
2
3
15
14
15
27
28
16
17
29
30
42
41
53
52
64
63
75
144
132
120
108
96
95
107
106
94
82
81
93
105
104
92
91
103
102
90
78
66
65
64
76
77
89
88
100
101
113
125
126
138
137
136
124
112
111
123
122
134
133
121
109
97
85
86
87
75
74
62
63
51
39
27
28
29
30
42
43
55
56
57
45
46
34
33
32
44
56
68
80
79
67
68
69
70
58
59
71
83
84
72
60
48
47
35
23
24
12
11
10
9
8
7
19
20
21
22
10
9
8
7
6
18
17
5
4
16
15
3
2
1
13
14
26
25
37
38
50
49
61
73
85
97
98
99
100
112
113
114
115
116
117
129
141
140
139
127
128
116
117
118
119
131
143
142
130
118
106
105
104
103
91
90
78
77
65
53
54
55
43
31
30
42
41
40
52
64
63
51
50
62
74
73
61
49
37
25
13
1
2
14
26
38
39
27
28
16
15
3
4
5
6
18
17
29
41
40
52
53
54
66
67
79
80
92
93
81
82
94
95
83
71
70
69
57
58
59
47
46
45
44
32
31
19
20
21
33
34
22
23
11
12
24
36
35
36
48
60
72
84
96
108
107
119
120
132
144
143
131
130
142
141
129
128
140
139
127
126
138
137
125
124
136
135
123
135
134
133
121
109
110
122
110
111
99
98
86
87
75
76
88
89
101
102
114
115
106
75
112
133
65
128
119
34
108
88
64
6
5
99
15
88
8
140
37
34
26
104
14
122
98
43
133
78
121
121
66
59
71
139
36
134
118
136
54
72
114
12
31
107
4
7
67
142
57
109
46
30
49
90
28
21
66
74
131
135
127
79
113
108
126
45
23
92
44
130
50
25
22
30
33
103
77
70
11
98
83
123
84
68
132
3
50
37
138
7
45
112
116
11
25
82
28
124
46
47
32
141
43
57
77
18
73
41
125
105
55
80
107
119
31
16
99
117
14
120
135
4
51
113
56
91
61
64
81
40
62
72
17
26
62
1
138
20
132
134
24
52
110
58
2
68
58
118
122
65
42
94
95
83
32
80
143
100
120
6
144
104
117
13
94
97
19
1
18
48
47
33
9
128
100
48
76
5
60
110
144
39
19
129
89
93
97
129
74
8
24
137
9
71
69
70
115
61
105
40
136
114
63
141
103
42
126
131
111
82
13
53
59
69
137
142
17
53
35
143
95
85
96
12
75
38
81
15
52
79
102
73
116
102
76
92
44
27
38
78
63
41
127
109
123
29
49
22
51
115
140
111
10
16
84
55
93
21
86
89
3
54
91
56
36
87
90
124
10
125
35
87
67
2
60
20
29
139
27
101
106
130
101
86
96
85
23
39
95
12
53
4
141
10
102
36
8
49
36
116
132
116
97
52
87
3
31
129
24
76
57
134
68
120
123
51
21
140
55
71
78
18
117
124
107
83
88
50
43
95
61
29
22
103
34
108
79
98
72
129
59
35
125
26
101
20
113
81
78
96
4
98
68
142
114
44
60
143
82
70
7
105
54
37
45
6
86
8
110
73
40
73
118
28
23
135
3
43
32
55
41
45
62
13
103
38
25
12
16
47
99
126
9
1
58
104
131
29
67
123
92
14
71
26
84
92
130
90
69
136
126
114
80
88
20
91
115
75
16
138
54
82
84
100
24
62
99
60
11
46
102
97
87
106
106
117
17
119
142
66
139
48
15
41
105
21
5
44
104
90
2
30
121
111
133
94
91
23
109
144
96
56
137
33
130
135
28
111
85
133
85
19
67
7
77
93
81
122
32
80
27
143
120
50
58
138
64
34
59
100
89
33
57
14
141
31
113
38
42
101
115
52
5
66
128
107
42
136
13
69
30
19
18
64
72
2
137
17
10
11
109
110
51
35
63
27
47
94
127
6
37
40
139
61
77
122
46
1
39
53
89
132
86
108
131
49
112
70
121
74
74
93
9
125
79
63
128
76
140
118
134
124
112
127
48
25
119
75
144
39
65
22
83
56
15
65
133
121
122
134
135
123
124
136
137
125
113
112
100
101
102
114
126
138
139
140
128
127
115
116
117
118
106
107
95
94
93
92
91
103
104
105
117
129
141
142
130
131
143
144
132
120
108
96
84
72
71
83
82
81
80
68
67
66
65
77
76
64
52
40
41
42
54
55
43
31
32
44
45
33
21
20
8
9
10
11
12
24
23
22
34
46
47
35
36
48
60
59
58
57
56
68
69
70
82
81
69
70
58
57
56
55
43
42
30
18
17
16
15
14
26
38
37
49
50
62
63
51
39
27
28
29
41
53
52
40
28
29
30
31
19
7
6
5
4
3
2
1
13
25
37
49
61
73
85
86
74
75
87
99
111
110
109
97
98
99
111
112
113
114
102
90
89
88
87
75
63
51
39
38
50
62
61
73
74
86
85
97
98
110
109
121
133
134
122
123
135
136
124
125
137
138
126
127
139
140
128
116
115
103
91
90
78
66
54
53
65
64
76
88
100
101
89
77
78
79
67
79
80
92
104
105
93
94
106
118
119
107
119
131
130
129
141
142
143
144
132
120
108
96
95
83
84
72
71
59
60
48
47
35
36
24
12
11
23
22
10
9
21
33
34
46
45
44
32
20
8
7
19
18
6
5
17
16
4
3
15
14
2
1
13
25
26
27
12
11
23
24
36
35
47
48
60
59
58
46
45
57
69
70
71
72
84
96
95
83
82
94
106
118
117
129
128
116
104
92
80
81
93
105
106
107
108
120
119
131
132
144
143
142
141
140
139
138
126
127
115
103
91
90
78
66
54
55
43
42
41
40
52
64
65
77
76
75
87
88
100
99
98
86
85
97
109
121
133
134
122
110
111
112
124
123
135
136
137
125
113
101
89
90
102
114
115
103
102
114
113
101
89
77
76
64
63
62
50
38
26
14
15
16
4
5
17
18
30
29
28
27
39
51
52
53
41
40
39
51
63
75
74
73
61
49
37
25
13
1
2
3
4
5
6
7
8
20
19
31
32
33
34
22
10
9
21
33
34
46
58
70
69
68
56
44
32
31
30
29
28
16
17
18
6
7
19
20
8
9
21
22
10
11
12
24
23
35
36
48
47
59
60
72
71
83
84
96
95
94
82
81
80
68
67
66
65
53
54
42
43
44
45
57
56
55
67
79
78
79
91
92
93
105
104
116
117
118
130
129
130
131
119
107
108
120
132
144
143
142
141
140
128
127
139
138
126
125
137
136
124
123
135
134
133
121
122
110
109
97
98
99
111
112
100
88
87
86
85
73
74
62
61
49
50
38
37
25
26
14
13
1
2
3
15
27
40
85
6
37
27
97
113
107
112
5
31
13
15
17
115
28
138
25
83
27
60
116
73
114
137
104
9
58
143
64
41
5
87
72
22
65
122
134
141
42
32
48
90
88
55
66
98
25
103
20
84
139
23
110
125
53
57
133
87
58
53
131
88
44
62
77
19
8
144
33
113
139
106
119
29
26
3
102
33
7
31
78
42
123
30
14
7
80
128
119
77
81
54
39
104
101
96
122
69
35
63
91
61
86
124
28
1
67
37
61
16
109
10
72
45
50
38
70
71
65
102
140
105
4
118
111
137
73
126
141
47
21
82
74
76
30
136
3
112
140
29
127
45
20
76
16
93
10
36
12
62
99
121
34
89
79
132
69
129
14
11
134
13
18
40
34
9
19
106
82
105
66
21
47
35
81
71
100
120
138
6
55
39
59
117
57
51
70
90
144
41
1
115
142
85
118
54
79
130
59
129
97
52
94
117
8
95
24
130
23
127
63
22
49
56
121
96
46
12
124
84
32
51
44
89
18
107
74
68
93
43
135
143
120
68
48
50
101
78
60
46
98
86
15
99
123
126
75
2
92
95
80
83
11
111
108
26
108
17
56
110
94
43
131
4
52
103
2
125
38
114
49
100
67
132
36
116
135
75
109
128
24
92
142
133
91
64
136
56
91
116
75
124
143
118
82
85
133
70
108
119
20
40
22
8
73
28
16
104
117
129
22
4
94
63
41
39
44
60
136
98
27
12
91
53
72
144
11
77
39
48
64
89
35
118
135
142
80
49
56
138
92
43
121
13
19
137
144
67
107
93
88
111
33
24
62
48
8
4
67
78
110
23
117
126
20
116
134
65
102
3
34
14
108
84
124
18
99
7
78
54
127
142
32
37
107
89
42
80
51
64
129
25
102
3
14
131
69
115
58
130
71
10
94
139
132
15
120
127
72
36
84
46
45
27
137
139
138
79
29
61
23
125
106
21
132
51
50
17
101
15
58
24
133
9
112
134
115
68
9
110
57
71
69
73
103
54
68
38
100
1
59
74
5
128
70
36
85
57
66
11
83
65
31
96
41
140
53
63
60
18
52
6
86
121
29
136
55
109
66
37
33
13
113
50
83
34
123
2
61
112
111
30
81
6
12
114
62
120
93
131
5
44
49
135
82
97
143
87
10
97
75
32
47
123
96
86
106
2
43
35
7
114
74
99
109
26
30
19
31
90
95
141
90
119
52
140
87
81
105
40
105
47
113
17
104
98
128
42
130
122
95
1
101
76
55
92
126
77
79
88
76
26
28
21
25
103
122
38
125
59
141
45
46
100
16
