##Rat 7 Day 22
 ##rewards
62
51
129
##Vertices
95
11
96
17
126
16
1
65
93
79
141
37
71
113
63
3
57
133
119
144
10
64
15
58
61
54
83
2
138
41
36
9
7
128
74
131
11
54
36
131
134
51
70
20
108
48
72
82
12
91
114
67
25
92
106
142
138
103
73
84
14
63
113
12
105
106
8
69
45
89
31
43
90
120
5
24
78
33
49
4
41
44
64
31
101
17
37
114
82
43
123
88
129
27
23
133
74
119
55
13
52
58
28
128
55
112
90
94
99
61
84
143
49
19
125
39
115
122
141
56
111
60
52
45
87
101
129
140
22
80
62
142
76
98
83
120
1
86
104
2
77
19
98
69
56
132
121
38
46
136
67
3
127
91
66
5
110
42
97
107
81
40
50
78
16
116
96
88
60
62
137
6
32
75
105
29
94
21
97
21
65
130
26
137
118
126
20
103
127
108
68
18
53
115
117
77
110
118
18
53
47
24
57
93
29
28
134
48
130
79
102
71
109
73
51
10
13
72
112
123
38
30
140
70
116
27
35
86
85
32
68
59
22
81
85
33
8
125
109
30
100
75
46
135
34
4
124
135
47
95
40
132
14
35
42
104
111
76
100
9
87
7
117
80
143
89
139
15
122
25
107
124
66
44
136
92
144
26
39
102
23
50
6
99
59
139
121
34
62
95
117
73
72
49
87
125
88
112
35
103
45
31
40
40
115
68
50
116
81
93
93
131
117
42
87
10
94
127
26
9
100
11
88
50
89
140
81
129
85
1
3
41
18
78
2
29
38
22
91
20
66
4
6
38
70
17
115
137
138
7
111
142
58
71
94
110
128
54
67
64
123
129
54
19
70
16
75
27
53
71
68
13
141
79
9
6
114
48
120
108
122
44
101
105
90
55
130
59
106
63
8
133
79
14
30
127
47
14
20
107
45
3
83
100
37
143
8
134
119
67
28
97
46
23
95
60
106
52
84
25
25
26
102
76
56
105
99
34
76
98
34
65
21
69
133
59
75
48
110
44
57
19
126
138
111
55
31
62
51
7
33
58
77
86
64
61
102
114
29
57
144
109
99
30
23
33
139
41
126
113
24
39
118
141
97
140
28
144
65
1
132
122
120
46
52
136
22
121
84
96
32
83
74
10
143
90
73
11
5
86
15
35
32
21
134
92
53
121
47
12
61
124
78
132
60
108
118
72
74
39
135
18
36
82
107
104
136
137
128
15
82
77
56
27
103
69
49
109
131
96
36
113
42
124
135
92
116
112
17
123
43
80
16
119
51
4
130
98
85
89
91
5
13
125
142
63
37
104
101
2
12
139
66
80
24
43
133
134
122
110
109
121
133
134
135
123
124
125
113
101
102
90
78
79
80
81
82
94
93
105
106
107
95
96
84
83
71
72
60
59
47
46
34
35
36
48
60
72
84
96
108
120
119
131
132
144
143
142
130
118
117
129
141
140
139
127
115
114
126
138
137
136
135
123
111
112
100
88
76
64
52
53
54
66
65
77
89
88
87
99
98
97
85
73
74
62
61
49
50
38
26
25
37
49
61
73
85
86
74
75
63
51
39
40
41
42
30
18
17
5
6
7
8
20
32
33
21
9
10
11
23
22
34
33
45
44
56
55
43
31
19
7
6
5
4
16
15
14
13
1
2
3
4
16
28
29
41
42
54
53
65
77
89
90
91
92
104
116
128
140
141
129
117
105
93
81
69
68
67
66
78
79
67
55
43
44
32
31
30
29
17
18
19
20
8
9
21
22
10
11
12
24
12
24
23
35
36
48
47
46
58
59
71
83
95
107
108
120
119
131
132
144
143
142
130
118
106
94
82
70
58
70
69
57
45
57
56
68
80
92
91
103
102
101
113
114
115
103
104
116
128
127
139
138
126
125
137
136
124
112
100
99
111
110
122
121
109
97
98
86
87
75
76
64
63
51
52
40
28
27
39
27
26
14
15
3
2
1
13
25
37
38
50
62
1
2
14
26
25
37
49
61
73
85
97
109
110
98
99
100
88
89
101
113
114
126
138
139
140
128
129
141
142
130
131
143
144
132
120
108
107
106
105
93
92
104
116
117
118
119
120
108
96
95
94
82
81
80
79
91
103
102
90
78
77
76
64
63
75
87
86
74
62
50
51
52
40
28
29
17
5
6
18
19
7
8
20
21
9
10
11
23
35
36
48
60
72
84
83
71
59
47
46
45
44
43
31
32
33
34
22
10
9
8
7
6
5
4
3
15
16
28
27
39
38
37
49
50
51
63
64
65
66
67
55
54
42
30
18
19
20
21
22
34
33
32
31
43
44
56
57
58
70
69
68
80
79
78
77
76
88
100
112
111
123
122
134
135
136
124
125
137
138
139
127
126
125
137
136
124
123
135
134
133
121
133
121
122
110
109
97
85
73
61
62
74
75
87
86
98
99
111
112
113
101
89
90
102
114
115
127
128
140
141
129
117
116
115
103
91
92
104
105
106
118
130
142
143
144
132
131
119
107
95
96
84
72
71
83
82
94
93
81
69
70
58
59
60
48
36
24
12
11
12
24
23
35
47
46
45
57
56
68
67
55
54
66
65
53
41
40
39
38
26
27
15
14
13
25
13
1
2
3
4
16
17
29
30
42
41
53
52
61
104
120
2
54
33
98
88
36
13
23
4
6
90
15
117
39
70
49
12
45
31
90
88
129
35
140
9
97
45
125
127
76
35
77
126
105
50
40
108
31
75
53
84
18
86
55
116
142
134
2
36
52
11
111
8
67
51
47
30
5
139
38
37
11
138
116
16
115
141
58
133
48
85
25
56
109
4
37
130
102
106
124
136
101
123
49
85
51
33
44
144
118
119
82
111
27
104
70
65
98
91
79
119
41
81
53
92
115
135
42
46
82
100
99
59
68
47
32
17
114
121
78
12
29
78
76
72
126
63
143
128
118
63
42
64
131
54
22
1
1
128
97
73
138
24
19
6
64
13
92
96
62
14
89
28
65
136
121
34
95
103
86
106
79
16
58
34
30
91
132
3
137
113
81
22
50
25
29
62
10
55
108
46
101
57
59
21
100
105
9
132
141
67
131
27
120
19
48
60
103
135
143
57
123
21
112
110
112
96
80
38
20
10
93
140
142
83
84
3
74
144
61
74
107
14
83
18
137
87
87
28
110
72
77
122
129
23
134
95
130
124
122
113
26
114
60
20
125
15
117
71
41
94
7
66
5
80
17
93
69
99
43
94
68
44
43
102
66
39
71
8
73
107
7
24
139
89
56
109
75
69
32
52
26
133
40
127
37
67
11
141
35
74
40
47
94
46
65
77
72
20
69
27
105
98
45
37
2
115
36
100
36
64
125
49
139
124
113
69
92
19
32
111
73
5
41
11
60
106
97
4
122
83
8
138
116
141
70
52
22
34
55
108
101
9
25
132
120
131
84
109
90
49
29
50
96
29
108
82
83
41
16
48
82
102
24
58
58
21
107
144
130
90
126
39
18
18
14
137
93
85
91
61
3
117
129
81
7
73
61
39
10
88
44
79
1
51
23
87
31
70
68
109
133
115
142
35
59
13
112
76
79
80
62
47
55
122
93
50
94
95
42
99
56
128
33
65
127
63
97
89
24
76
135
56
63
31
143
107
30
10
68
119
40
52
89
139
123
5
54
113
14
22
92
1
6
133
74
138
114
51
114
16
127
87
53
23
129
2
67
120
38
71
104
143
121
110
101
119
130
15
106
103
102
123
17
43
45
3
80
131
86
134
26
15
140
33
104
78
75
105
32
75
66
99
78
25
57
38
96
125
28
46
20
21
66
12
140
64
134
121
116
135
128
136
95
72
34
30
117
26
8
13
62
100
111
12
98
42
86
43
60
53
4
137
54
118
132
136
17
126
19
118
81
71
44
124
142
7
28
103
59
91
27
85
77
6
84
57
110
48
144
9
112
88
12
24
23
22
10
9
8
7
6
5
4
3
15
16
28
40
41
53
52
51
63
62
61
73
85
86
98
97
109
110
122
121
133
134
135
136
124
112
100
101
89
88
87
99
111
123
135
136
137
125
113
114
102
90
78
77
76
64
65
66
54
42
43
31
30
29
17
18
19
20
32
44
45
46
58
59
60
72
71
83
84
96
95
107
108
120
132
131
130
142
141
140
139
138
126
127
128
129
117
105
93
81
82
94
106
118
119
120
108
96
84
72
60
48
36
35
47
46
34
33
21
9
8
20
32
31
43
55
67
79
80
68
69
70
71
83
95
107
119
118
106
94
82
81
93
92
104
116
115
103
91
90
78
66
54
42
41
40
39
27
26
14
13
25
37
38
50
49
61
73
74
62
50
49
37
38
26
25
13
1
2
1
2
14
15
3
4
5
6
7
19
18
30
29
17
16
28
27
39
51
52
53
65
64
63
75
74
86
85
97
98
99
87
75
76
77
89
88
100
112
111
110
109
121
133
134
122
123
124
125
137
138
139
127
126
114
113
101
102
103
115
116
128
140
141
142
143
144
132
144
143
131
130
129
117
105
104
92
91
79
80
68
67
55
56
57
45
33
21
22
34
35
23
11
10
11
12
24
36
48
47
59
58
70
69
57
56
44
144
132
120
119
131
130
142
141
129
117
105
104
116
115
114
126
127
128
140
139
138
137
136
135
123
122
134
133
121
109
97
85
86
87
99
98
110
111
112
100
88
89
101
102
90
78
77
76
75
74
62
63
51
52
64
65
66
54
53
41
40
39
27
26
25
13
1
2
14
15
3
4
5
6
7
19
18
30
31
32
44
43
55
67
79
91
103
104
92
80
68
56
57
69
70
82
81
93
94
95
83
71
59
58
46
47
48
36
35
34
22
23
11
12
24
36
48
60
72
84
96
108
107
106
118
117
116
115
103
91
90
102
114
113
125
124
136
135
123
111
99
87
75
63
51
50
49
37
38
39
27
28
16
17
29
30
42
43
31
32
33
45
44
56
68
69
57
45
33
21
9
8
20
21
20
8
7
19
18
6
5
4
3
2
1
13
25
37
49
61
73
74
86
98
110
122
134
133
121
109
97
85
73
61
62
50
38
26
14
15
16
17
29
28
40
41
42
54
55
67
79
78
66
65
53
52
64
76
77
89
88
100
101
113
112
124
125
137
138
126
127
139
140
128
129
130
118
106
105
93
92
80
81
82
94
95
83
71
70
58
46
34
22
10
9
10
11
12
24
23
35
47
59
60
72
84
96
108
107
119
120
132
144
143
131
143
142
141
125
30
25
91
136
107
105
80
61
48
102
122
111
46
18
71
42
49
74
9
116
1
15
140
98
122
135
101
119
125
124
134
69
73
26
95
33
99
45
128
87
83
13
94
46
84
73
113
58
92
8
113
35
126
7
11
123
32
94
112
109
52
97
18
8
89
54
128
102
6
92
34
129
143
35
6
63
14
41
36
47
67
72
75
26
93
29
37
108
87
121
139
43
2
74
58
106
88
134
90
78
31
104
116
144
60
118
95
59
127
78
22
69
39
13
103
81
66
85
25
61
3
132
64
96
131
43
82
21
142
29
101
135
82
64
75
88
2
52
17
133
137
56
10
53
28
70
89
62
65
50
51
142
131
141
44
10
59
38
84
130
119
28
90
85
66
96
93
77
120
38
76
115
71
33
12
32
57
41
40
16
109
9
23
4
141
123
5
44
21
112
108
48
91
47
49
99
57
27
53
100
105
12
86
129
68
37
27
70
118
100
114
117
65
114
111
144
60
40
24
110
110
16
11
42
127
98
138
126
63
124
132
1
55
130
117
115
72
140
31
4
36
83
56
20
50
23
62
107
77
20
30
68
79
3
19
7
104
120
55
51
139
67
103
80
121
86
81
39
17
24
14
22
34
143
79
136
106
15
19
5
54
97
133
45
137
76
138
87
42
115
100
70
50
15
137
69
133
66
78
21
9
106
143
63
127
23
105
43
53
98
76
25
20
18
17
46
58
129
123
119
121
126
83
47
73
26
136
88
10
109
107
12
31
79
1
109
67
113
32
129
74
49
115
135
18
62
29
36
5
31
9
123
15
142
103
37
22
24
92
96
94
141
97
87
83
57
50
70
58
110
89
53
75
110
138
37
90
17
78
86
80
13
88
21
101
29
103
131
99
99
60
71
91
121
7
30
40
122
72
102
6
143
72
27
73
64
140
69
92
10
20
104
139
3
134
131
124
30
45
28
61
41
79
60
23
22
16
11
137
34
51
112
32
4
76
52
105
120
128
108
25
77
108
132
93
26
34
51
95
38
65
62
89
116
125
43
11
84
102
112
77
101
136
44
61
55
41
59
35
64
39
113
59
63
132
133
114
14
48
117
45
81
144
54
74
67
14
33
66
8
44
116
16
120
98
71
90
68
106
130
80
139
128
82
4
47
104
5
81
27
130
85
97
28
46
52
124
122
54
38
85
19
3
13
125
82
119
111
55
135
8
118
6
19
1
114
95
84
126
118
93
91
144
117
12
100
48
33
40
7
142
127
35
65
111
96
68
138
140
134
75
141
57
36
86
56
2
42
39
24
107
94
56
49
2
144
132
120
119
118
117
129
128
127
126
138
139
140
141
142
130
131
143
142
141
140
139
127
115
116
104
103
91
90
78
77
65
53
54
55
67
79
80
81
82
70
58
59
71
72
60
48
36
35
34
46
47
48
60
72
84
96
108
107
106
94
95
83
82
94
93
105
104
92
91
79
78
66
65
64
76
88
100
101
113
125
124
112
111
123
122
110
98
97
85
86
87
75
74
73
61
62
50
51
52
40
39
27
15
3
2
1
13
14
26
25
37
49
61
73
85
97
109
121
133
134
135
136
137
138
126
114
102
90
89
77
76
64
63
51
52
40
28
16
17
18
30
29
41
42
43
31
19
7
8
20
32
44
56
68
69
57
45
33
21
22
23
24
12
11
10
9
8
7
6
5
6
18
19
31
32
20
21
9
10
22
23
11
12
24
36
35
47
46
34
33
45
57
58
59
71
70
69
81
93
92
80
68
56
44
43
55
67
66
54
53
41
42
30
29
17
5
4
3
4
16
28
27
15
14
2
1
13
25
26
38
39
38
37
49
50
62
63
75
74
86
98
99
111
123
122
110
109
121
133
134
135
136
137
125
124
112
100
99
87
88
89
101
113
114
102
103
115
116
117
105
106
118
119
107
95
83
84
96
108
120
132
144
143
131
130
129
128
1
2
3
4
5
17
16
28
27
39
40
41
42
43
31
32
44
56
55
67
68
80
81
69
70
82
83
84
72
60
59
71
70
58
57
45
33
21
20
8
9
10
11
12
24
23
35
36
48
47
46
34
22
10
9
8
7
19
18
30
29
28
27
15
14
26
25
37
49
61
62
63
51
52
53
65
66
54
55
56
57
58
46
45
44
43
42
41
40
39
38
50
49
61
73
74
75
76
77
89
101
113
112
100
99
98
97
109
121
122
123
111
110
109
97
85
86
87
88
100
112
124
136
137
138
126
114
102
90
91
92
93
94
95
96
108
120
132
144
143
142
141
129
128
140
139
127
115
103
104
105
117
116
104
105
106
118
130
131
119
107
106
118
117
116
115
103
91
79
78
90
89
77
78
79
80
92
93
94
82
81
69
68
67
66
54
53
52
51
50
62
63
64
65
64
76
88
87
75
74
73
85
86
98
99
111
110
122
123
135
134
133
121
133
134
135
136
137
125
124
125
113
101
102
114
126
138
139
127
128
140
141
129
130
142
143
144
132
131
119
120
108
107
95
96
84
83
71
72
60
59
47
48
36
24
12
11
23
35
34
22
21
33
32
20
19
31
30
29
17
18
6
7
6
5
4
16
15
3
2
14
26
38
37
25
13
1
13
