##Rat 7 Day 48
 ##rewards
62
51
129
##Vertices
55
119
8
68
8
76
64
7
14
13
99
71
20
105
111
26
77
125
82
30
81
86
142
98
63
75
75
106
123
83
50
48
36
21
130
50
39
104
143
54
33
7
79
11
13
43
35
18
95
17
92
46
35
47
139
96
102
74
98
5
63
40
52
3
141
87
40
127
1
87
93
127
60
28
62
9
110
89
140
92
29
6
21
78
36
112
53
47
48
44
27
37
91
16
134
19
96
51
22
43
57
56
31
72
126
41
123
10
88
28
131
60
1
97
37
121
131
108
86
30
70
88
71
135
65
122
73
100
85
121
100
84
114
61
44
140
94
114
83
90
24
115
122
138
34
117
74
10
68
46
116
14
59
82
112
125
144
9
69
126
31
5
97
59
58
110
18
103
49
25
129
4
109
38
52
144
29
117
49
138
133
106
23
118
137
6
32
42
76
101
55
132
119
19
57
42
139
91
51
45
104
95
12
25
116
2
4
39
115
137
134
81
113
62
77
129
38
26
56
120
72
12
128
15
90
109
89
33
45
16
61
93
23
80
132
17
136
107
108
34
111
94
103
84
64
135
3
53
22
41
124
66
32
141
27
2
66
73
79
113
142
105
128
24
69
102
85
67
65
54
99
20
124
130
70
67
80
107
118
136
15
143
101
58
120
133
11
78
74
59
26
104
66
72
121
80
126
52
81
2
58
28
79
52
70
135
109
98
53
85
54
106
92
32
143
16
124
113
100
4
8
6
41
64
115
127
36
59
45
122
62
55
67
67
125
47
71
87
91
49
117
45
65
70
22
89
81
25
21
35
27
14
144
139
46
33
20
137
30
93
117
1
101
84
133
130
49
61
138
140
94
39
68
136
135
40
13
134
109
19
131
12
130
105
42
102
132
131
74
21
57
75
141
82
125
95
139
103
35
34
119
24
140
85
38
89
64
128
105
92
31
63
48
41
6
122
69
126
141
20
84
107
51
77
44
22
61
57
73
111
42
138
75
96
23
28
10
106
9
129
79
18
110
1
86
95
102
136
12
17
93
124
83
3
68
11
128
73
112
33
50
50
36
53
16
15
87
97
72
78
40
11
144
108
66
133
108
13
27
58
26
7
69
90
38
118
5
18
121
114
10
115
120
94
48
17
96
54
80
88
107
88
46
7
63
71
51
4
137
127
101
44
32
25
123
56
91
110
29
113
112
99
78
37
99
76
104
29
86
123
143
76
119
82
100
30
97
62
134
129
83
114
14
60
103
60
37
116
116
142
90
8
2
47
19
55
34
31
24
43
43
15
39
120
118
3
77
5
65
23
98
132
9
56
111
142
133
121
122
123
135
134
133
121
109
110
98
86
87
88
76
77
78
66
54
42
30
29
41
40
28
16
17
5
6
18
19
7
8
20
21
33
34
22
10
9
8
7
6
5
4
3
15
14
2
1
13
25
26
27
39
38
37
49
61
62
63
75
74
73
85
97
109
110
111
99
100
101
102
103
104
92
80
79
91
90
89
101
113
112
124
136
137
138
126
127
139
140
128
129
130
142
141
140
139
138
137
125
126
114
115
116
117
105
93
81
82
83
95
96
84
72
60
59
58
46
47
48
36
24
23
35
34
46
45
57
56
68
69
70
71
72
84
96
108
107
119
131
143
144
132
120
108
107
106
94
93
81
80
92
91
90
89
77
65
53
52
51
50
49
37
38
39
40
41
42
43
55
67
79
78
66
67
68
69
57
58
70
82
94
95
83
71
59
60
48
47
35
36
24
12
11
12
11
23
22
10
9
21
33
32
20
19
18
17
16
4
3
15
14
2
1
13
25
26
27
28
29
30
31
32
31
43
44
45
44
56
55
54
53
65
64
76
88
87
75
63
64
52
51
50
62
61
73
74
86
85
97
98
99
100
112
111
123
122
134
135
136
124
125
113
114
102
103
115
116
104
105
106
118
117
118
130
131
119
120
132
144
143
142
141
129
128
127
1
13
25
26
14
15
3
4
16
28
40
41
29
30
31
19
18
17
5
6
7
8
9
10
22
23
11
12
24
36
48
60
59
58
46
47
35
34
33
45
57
56
44
43
55
67
68
69
70
71
83
82
94
93
81
80
79
91
92
104
105
106
118
119
120
132
144
143
131
130
142
141
140
139
138
126
127
115
114
113
101
102
90
78
66
54
42
41
53
65
77
89
88
76
75
63
64
52
51
50
62
74
86
87
99
98
97
109
110
111
123
122
134
133
121
109
97
85
73
61
49
37
38
39
27
28
29
30
42
54
55
43
31
32
20
21
9
10
22
34
46
58
70
82
94
95
96
108
107
106
118
117
129
128
116
115
103
102
114
113
112
100
101
89
77
76
88
100
112
124
136
137
125
124
125
137
138
126
127
139
140
141
142
143
144
132
120
108
96
84
72
71
59
47
35
23
11
12
24
36
48
60
72
84
83
95
107
119
131
130
129
128
116
117
105
104
103
91
90
78
66
67
79
80
92
93
81
69
68
56
57
45
44
32
33
21
20
8
7
19
18
6
5
17
16
15
27
39
40
52
53
65
64
63
51
50
62
74
75
87
99
111
123
135
136
135
134
133
121
122
110
98
86
85
73
61
49
37
38
26
25
13
1
2
14
2
3
4
14
93
133
23
73
40
86
124
31
25
60
121
86
26
82
64
112
107
117
30
115
44
123
140
47
137
19
4
19
136
100
6
36
134
106
45
126
36
83
15
52
8
104
71
110
32
105
9
112
122
17
24
34
33
41
70
85
139
108
63
131
89
15
67
55
5
137
143
118
39
1
129
127
74
77
23
12
13
82
41
114
14
100
104
49
35
68
117
17
96
7
67
84
128
61
72
18
108
61
81
48
141
126
6
9
73
22
90
102
51
129
132
79
58
44
37
42
57
115
54
133
98
89
103
59
134
70
91
125
12
39
144
140
109
21
120
74
62
97
118
7
124
30
10
143
11
43
51
4
71
99
138
94
26
72
92
75
87
3
33
76
8
144
93
69
38
128
106
88
57
47
85
78
98
80
52
34
16
79
38
37
31
92
122
101
114
136
29
27
121
111
28
119
127
66
139
5
28
95
97
56
131
135
76
78
53
141
20
65
1
2
45
43
48
81
21
87
103
40
123
132
110
62
50
130
77
22
120
69
75
135
10
29
113
138
125
46
54
68
91
11
113
59
88
99
84
65
90
63
66
142
49
83
116
35
111
27
2
116
102
107
94
53
46
16
25
24
55
42
109
95
3
142
20
60
80
105
50
64
119
13
18
56
58
32
96
101
130
91
61
98
90
133
85
65
24
78
57
80
32
135
127
33
118
126
21
142
129
1
99
39
131
13
138
58
120
94
132
44
23
8
37
26
16
34
62
56
104
73
93
143
99
123
62
82
83
54
37
24
72
49
95
69
67
30
83
41
105
40
114
107
131
109
2
130
52
66
138
72
23
18
100
59
82
113
92
31
17
67
118
137
48
102
105
68
7
71
29
96
64
108
43
91
108
94
97
137
115
40
53
81
86
109
39
74
63
85
66
134
4
104
33
134
88
70
27
6
142
35
119
79
125
28
75
38
5
35
141
2
56
14
26
11
123
16
111
126
112
124
120
27
47
46
89
15
110
114
129
54
38
95
121
77
19
128
103
12
96
25
139
136
90
115
116
11
78
119
32
34
13
70
36
128
113
97
29
1
86
117
50
140
130
81
101
125
136
52
15
4
117
144
116
87
74
124
48
25
122
8
87
103
17
127
63
135
61
111
73
43
92
106
22
47
144
3
30
9
76
88
12
84
79
51
5
107
121
44
57
20
141
36
22
50
7
51
75
139
18
64
14
84
28
89
41
60
46
45
53
31
49
55
71
101
122
10
100
98
68
110
80
143
3
10
140
21
69
106
112
45
102
9
20
77
42
6
60
133
132
65
93
55
59
58
19
76
42
144
132
120
119
131
130
142
141
129
117
105
104
116
115
114
126
127
128
140
139
138
137
136
135
123
122
134
133
121
109
97
85
86
87
99
98
110
111
112
100
88
89
101
102
90
78
77
76
75
74
62
63
51
52
64
65
66
54
53
41
40
39
27
26
25
13
1
2
14
15
3
4
5
6
7
19
18
30
31
32
44
43
55
67
79
91
103
104
92
80
68
56
57
69
70
82
81
93
94
95
83
71
59
58
46
47
48
36
35
34
22
23
11
12
24
36
48
60
72
84
96
108
107
106
118
117
116
115
103
91
90
102
114
113
125
124
136
135
123
111
99
87
75
63
51
50
49
37
38
39
27
28
16
17
29
30
42
43
31
32
33
45
44
56
68
69
57
45
33
21
9
8
20
21
20
8
7
19
18
6
5
4
3
2
1
13
25
37
49
61
73
74
86
98
110
122
134
133
121
109
97
85
73
61
62
50
38
26
14
15
16
17
29
28
40
41
42
54
55
67
79
78
66
65
53
52
64
76
77
89
88
100
101
113
112
124
125
137
138
126
127
139
140
128
129
130
118
106
105
93
92
80
81
82
94
95
83
71
70
58
46
34
22
10
9
10
11
12
24
23
35
47
59
60
72
84
96
108
107
119
120
132
144
143
131
143
142
141
12
11
10
9
8
20
21
22
23
24
36
35
34
46
45
44
56
55
43
42
41
29
30
18
6
5
17
16
4
3
2
14
26
38
37
49
50
51
52
53
65
64
76
77
78
79
91
90
102
103
104
92
93
81
80
68
67
66
54
53
52
40
28
27
15
3
4
5
6
7
19
31
32
33
45
57
58
70
69
57
58
59
60
48
47
46
34
33
32
44
43
42
41
40
39
51
63
75
74
86
98
97
109
110
111
99
87
88
89
101
100
112
113
125
124
136
135
123
122
134
133
121
109
97
85
73
61
62
63
64
76
88
89
101
100
112
113
114
115
127
126
138
139
140
141
129
128
116
117
118
119
107
95
94
106
105
93
94
82
83
84
96
108
120
132
144
143
131
130
142
141
129
130
142
143
144
132
131
119
120
108
107
106
118
117
105
104
92
91
103
115
116
128
140
139
127
126
114
102
90
78
77
65
66
54
55
56
68
67
79
80
81
69
70
82
83
95
96
84
72
71
59
71
72
60
48
47
35
36
24
12
11
23
22
10
9
21
20
8
7
19
31
30
18
17
16
15
14
2
1
13
1
13
25
26
25
37
49
61
73
85
86
98
110
122
121
133
134
135
136
137
138
137
125
124
123
111
99
87
75
74
62
50
38
39
27
28
29
144
13
43
33
91
2
55
91
101
1
113
113
80
56
32
74
114
108
114
87
89
70
109
37
71
86
74
104
54
82
64
30
99
126
139
111
10
106
11
20
102
116
138
52
116
89
48
109
100
127
140
86
130
131
30
77
59
142
90
135
49
8
141
124
5
132
100
23
40
18
13
57
117
33
142
101
143
88
44
68
140
38
51
66
119
41
26
105
120
37
43
137
136
93
68
119
49
115
87
76
27
103
58
130
41
20
56
129
53
71
127
55
12
120
125
36
83
106
108
90
4
57
92
111
121
78
16
6
95
14
143
46
103
129
73
79
23
7
51
58
29
96
133
17
81
34
122
29
64
85
24
27
136
3
60
69
2
85
94
67
35
84
105
3
65
15
80
137
42
138
26
102
48
42
34
12
10
77
75
78
134
7
76
110
97
123
28
70
65
1
75
128
14
25
123
45
72
66
99
40
61
69
115
22
53
50
46
67
44
60
9
19
39
96
122
144
19
124
133
98
21
16
128
25
107
5
141
8
72
61
94
131
38
139
93
47
110
118
62
28
81
132
18
112
54
11
35
97
24
17
59
22
118
9
50
6
121
126
92
63
134
88
52
45
31
107
32
73
98
95
83
4
47
63
31
39
82
15
112
79
135
21
104
62
117
36
84
125
53
4
138
20
135
114
76
118
86
44
49
120
22
56
129
61
45
130
18
87
59
55
93
98
54
65
8
11
63
34
27
12
100
10
27
60
55
59
119
85
86
18
5
50
50
39
32
97
130
28
49
78
29
82
124
66
11
133
2
44
58
41
136
96
132
131
88
132
113
104
115
62
62
112
57
26
82
143
38
37
56
127
75
30
89
1
115
118
120
78
54
16
96
142
94
52
13
107
121
74
65
10
67
94
95
133
22
128
135
41
6
124
47
117
92
23
101
103
6
14
129
83
43
144
122
51
126
85
17
64
140
102
26
134
69
5
68
38
48
72
131
91
46
91
53
106
84
68
73
9
75
7
36
106
123
105
70
111
137
83
29
105
16
104
97
72
110
21
88
134
48
103
19
60
125
92
15
76
122
33
101
33
42
117
4
24
46
80
114
123
93
107
137
144
126
71
35
20
45
15
52
140
99
42
63
58
51
80
1
81
28
125
2
116
138
136
81
90
14
121
108
24
74
43
13
113
77
90
100
40
3
98
99
57
31
102
95
19
139
25
127
79
35
3
7
30
36
25
116
108
12
70
79
77
69
89
61
143
139
109
23
31
66
128
119
40
39
87
141
109
17
34
32
9
112
67
71
84
8
110
47
64
111
142
37
73
141
21
12
24
23
22
10
9
8
7
6
5
4
3
15
16
28
40
41
53
52
51
63
62
61
73
85
86
98
97
109
110
122
121
133
134
135
136
124
112
100
101
89
88
87
99
111
123
135
136
137
125
113
114
102
90
78
77
76
64
65
66
54
42
43
31
30
29
17
18
19
20
32
44
45
46
58
59
60
72
71
83
84
96
95
107
108
120
132
131
130
142
141
140
139
138
126
127
128
129
117
105
93
81
82
94
106
118
119
120
108
96
84
72
60
48
36
35
47
46
34
33
21
9
8
20
32
31
43
55
67
79
80
68
69
70
71
83
95
107
119
118
106
94
82
81
93
92
104
116
115
103
91
90
78
66
54
42
41
40
39
27
26
14
13
25
37
38
50
49
61
73
74
62
50
49
37
38
26
25
13
1
2
1
2
14
15
3
4
5
6
7
19
18
30
29
17
16
28
27
39
51
52
53
65
64
63
75
74
86
85
97
98
99
87
75
76
77
89
88
100
112
111
110
109
121
133
134
122
123
124
125
137
138
139
127
126
114
113
101
102
103
115
116
128
140
141
142
143
144
132
144
143
131
130
129
117
105
104
92
91
79
80
68
67
55
56
57
45
33
21
22
34
35
23
11
10
11
12
24
36
48
47
59
58
70
69
57
56
44
144
143
131
119
120
132
144
143
142
130
129
128
116
104
103
91
79
78
77
76
75
87
88
100
99
98
86
85
73
74
62
61
49
50
38
39
27
26
25
37
49
61
73
85
97
109
110
122
121
133
134
135
123
111
112
124
136
137
138
126
114
115
127
139
140
141
142
130
118
117
105
93
81
69
57
56
55
67
68
80
92
93
94
106
107
108
96
84
83
71
72
60
59
47
35
36
48
60
72
84
96
95
83
82
70
58
46
45
44
43
31
19
20
8
7
6
5
17
29
28
16
4
3
2
14
15
27
28
40
41
53
54
42
30
18
6
7
8
9
21
22
23
24
12
11
10
9
21
33
32
44
43
55
56
68
80
92
91
90
89
101
113
125
137
136
124
112
100
88
76
64
65
66
67
79
78
66
54
42
41
29
30
31
32
20
19
18
17
5
4
16
15
3
2
1
13
1
13
14
26
25
37
38
39
51
50
62
74
86
98
97
109
110
122
121
133
134
135
123
111
99
87
75
63
51
63
64
52
40
52
53
65
77
89
90
102
103
104
116
115
114
102
101
113
125
126
138
139
127
128
140
141
129
117
105
106
118
119
131
132
120
108
107
95
94
82
81
69
70
58
57
45
33
34
46
34
35
23
22
10
11
12
24
36
48
47
59
71
