##Rat 2 Day 23
 ##rewards
18
29
107
##Vertices
12
24
23
22
34
35
36
48
60
59
71
72
84
83
82
94
95
96
108
107
106
118
130
131
119
120
132
144
143
142
141
140
128
127
115
116
104
105
93
81
80
68
67
55
56
57
69
70
58
46
45
33
21
20
8
9
10
11
12
24
36
35
47
46
45
44
32
31
43
42
30
18
17
5
6
7
19
31
30
29
41
40
28
27
26
14
15
16
4
3
2
1
13
25
37
38
50
49
61
73
85
86
74
62
63
75
76
88
100
112
111
110
109
97
98
99
87
75
63
51
39
40
52
64
65
53
54
66
78
79
91
103
102
90
89
77
76
88
87
99
111
123
122
121
133
134
135
136
137
138
139
140
141
129
117
105
106
94
93
92
104
103
115
114
126
125
113
101
100
112
124
125
124
123
122
121
133
134
135
136
137
138
139
127
126
114
113
101
102
90
89
77
78
66
65
64
52
53
54
55
43
42
41
29
28
27
39
51
50
62
74
86
98
110
109
97
85
73
61
49
37
38
26
25
13
1
2
14
15
3
4
16
17
5
6
18
19
7
8
20
21
9
10
11
23
22
34
33
32
44
56
68
67
79
91
92
80
81
82
83
71
70
69
57
58
59
47
48
60
72
84
96
95
107
108
120
119
131
132
144
143
142
130
118
117
116
128
129
133
134
135
136
124
125
137
138
139
140
141
142
143
144
132
131
119
120
108
107
106
105
93
92
104
103
115
114
102
90
78
77
76
64
63
75
87
86
98
99
111
110
122
121
109
97
85
73
61
49
50
38
37
25
13
1
2
3
4
16
15
14
26
27
28
40
41
53
54
55
43
42
30
29
17
18
19
20
21
9
8
7
6
5
4
3
15
27
39
51
52
40
39
51
63
62
74
75
76
88
100
101
89
90
91
79
80
68
67
66
65
77
89
88
87
99
100
112
113
101
102
114
126
127
128
116
117
129
130
118
106
94
95
96
84
83
71
72
60
59
47
48
36
35
23
24
12
11
10
22
34
33
32
44
45
57
69
81
82
70
58
46
34
33
45
44
56
57
69
81
93
94
95
96
84
72
71
83
82
70
58
46
47
59
60
48
36
35
23
24
12
11
10
22
21
9
8
20
32
31
43
31
30
18
19
7
6
5
17
16
28
29
41
42
54
53
52
64
65
66
78
79
67
55
56
68
80
92
91
103
115
127
126
125
113
112
111
123
124
123
122
110
98
86
74
62
50
38
26
14
2
1
13
25
37
49
61
73
85
97
109
121
133
134
135
136
137
138
139
140
128
129
141
142
130
131
143
144
132
120
108
107
119
118
117
105
104
116
123
141
31
12
124
87
2
70
104
47
126
41
94
15
65
76
16
96
91
84
41
137
45
114
30
84
118
50
144
81
100
130
115
39
105
116
6
19
72
88
78
90
17
52
17
77
60
7
5
140
61
109
129
57
51
134
113
53
4
110
50
87
61
28
115
27
75
4
119
60
121
138
135
103
14
69
34
99
25
126
97
25
122
92
135
10
52
125
23
116
118
136
56
139
47
49
117
101
54
106
93
81
28
91
9
58
45
110
95
20
86
11
64
48
78
82
22
55
14
139
117
86
22
131
57
119
74
13
32
89
76
128
7
112
30
40
49
130
107
82
73
141
79
132
102
34
64
2
65
10
127
123
44
15
53
67
120
18
143
122
42
103
99
3
19
43
89
111
80
48
67
38
70
26
109
112
105
92
36
1
20
108
128
16
73
125
134
24
101
143
111
90
21
131
59
62
5
36
133
35
29
144
13
58
88
138
66
8
83
56
85
74
63
39
27
63
66
62
43
102
59
11
77
68
54
18
104
69
127
140
142
85
98
24
83
142
95
94
121
33
3
93
37
46
133
42
37
137
1
38
31
21
44
51
100
71
97
75
32
55
33
120
124
96
71
98
26
46
129
9
8
23
106
107
79
35
68
136
6
132
108
114
40
12
29
80
72
113
3
105
141
88
41
5
17
142
28
11
89
16
136
54
85
93
92
106
132
68
69
66
125
80
57
125
56
93
111
12
133
123
79
14
75
75
73
105
99
140
51
122
13
92
86
62
138
19
81
70
83
16
76
90
124
99
10
56
61
82
87
33
61
103
116
64
68
22
121
80
54
126
127
63
3
107
140
113
34
51
48
91
6
134
52
110
12
77
31
27
143
135
30
6
144
44
43
48
37
50
100
49
39
29
60
133
76
33
96
138
83
134
120
26
53
9
26
21
95
115
23
42
1
127
95
130
84
103
137
126
30
24
88
82
34
74
97
25
58
47
112
25
110
15
139
85
130
108
106
119
122
8
14
37
21
118
78
104
15
128
116
104
65
67
32
120
108
59
2
117
71
53
36
47
1
131
19
143
45
94
64
98
135
117
17
71
5
69
20
7
70
4
102
18
4
27
57
78
89
46
31
7
115
90
96
129
139
119
18
101
60
55
49
55
50
11
41
141
87
36
10
128
32
121
13
102
100
39
144
123
35
86
74
67
132
8
136
81
9
45
62
124
111
40
2
112
107
40
52
72
98
42
63
29
137
72
114
77
46
65
84
79
113
38
43
66
23
38
109
44
97
22
24
91
131
118
58
35
142
101
129
73
20
114
59
28
94
109
144
132
120
119
131
130
142
143
144
132
120
108
96
84
72
60
48
36
35
34
22
10
9
8
7
6
5
17
16
4
3
15
14
13
25
37
38
26
27
28
29
30
18
19
31
43
42
41
53
65
64
76
77
78
66
54
55
67
79
80
81
93
94
95
107
106
118
117
116
128
140
141
129
117
105
104
103
102
90
91
92
104
105
93
92
91
79
80
68
56
44
32
20
21
33
45
57
69
70
58
46
47
59
71
83
82
70
58
57
45
44
32
31
43
42
41
40
52
51
39
27
28
40
52
64
63
75
87
88
89
101
100
112
111
99
98
110
122
123
124
136
135
134
133
121
109
97
85
86
74
62
50
49
61
73
85
97
98
99
111
112
113
125
137
138
139
127
126
114
115
116
128
129
130
118
106
94
82
81
69
68
56
55
67
66
78
90
102
103
115
127
126
114
113
125
124
123
122
110
109
121
133
134
135
136
137
138
139
140
141
142
143
131
119
107
108
96
95
83
84
72
71
59
60
48
36
35
47
46
34
33
21
22
23
11
23
24
12
24
12
11
10
9
8
20
19
7
6
18
30
29
17
5
4
16
15
3
2
1
13
1
2
14
26
25
37
38
39
51
63
62
50
49
61
73
74
86
87
75
76
88
100
101
89
77
65
53
54
1
2
3
15
27
39
38
50
62
74
73
61
49
37
25
26
14
13
25
37
49
61
62
63
51
52
64
65
77
78
90
91
92
80
68
67
66
54
42
30
31
32
20
19
7
8
9
10
22
34
33
21
9
8
7
6
5
4
16
28
29
17
18
30
29
41
40
52
53
65
66
78
79
91
103
102
101
100
88
87
86
98
99
111
110
122
123
124
136
137
125
113
114
126
138
139
127
128
116
104
105
117
118
119
120
132
144
143
131
130
142
141
140
139
138
137
136
135
134
133
121
109
97
85
73
74
75
76
77
89
90
102
103
115
116
104
105
106
107
95
83
82
94
93
81
69
70
71
72
60
59
58
57
56
55
43
44
45
46
47
35
23
11
12
24
36
48
60
72
84
96
84
83
71
70
58
59
47
48
36
35
23
24
12
11
10
22
21
33
34
46
45
44
32
20
19
31
43
42
41
53
54
55
56
57
69
68
67
79
80
92
93
81
82
94
95
96
108
120
108
107
106
118
119
131
132
144
143
142
130
129
117
129
141
140
128
127
115
114
126
125
124
112
111
110
122
123
135
134
133
121
109
97
85
86
98
99
100
112
113
101
89
88
87
75
76
64
63
51
39
40
28
27
15
16
17
18
6
5
4
3
2
1
13
14
26
38
50
142
32
46
67
73
35
86
37
95
103
110
82
99
33
5
84
63
17
112
140
92
30
48
38
136
118
82
127
30
26
3
32
4
43
26
141
74
28
128
130
31
139
123
141
133
74
35
97
25
22
22
123
45
87
6
108
124
94
56
88
11
14
1
7
29
86
18
129
144
134
137
21
50
126
142
2
1
128
91
39
58
105
102
138
120
6
64
21
48
53
62
99
68
49
73
70
111
65
20
63
55
136
76
14
23
78
105
27
94
113
125
28
69
81
112
38
9
23
143
47
36
64
57
10
10
54
96
59
20
59
2
110
134
117
144
89
46
51
124
15
117
16
85
87
114
78
37
52
18
98
7
119
70
114
60
15
75
116
53
83
81
71
139
36
88
137
143
44
4
95
109
121
115
107
12
90
41
116
72
75
5
89
135
58
45
100
103
56
107
109
92
29
101
104
31
71
100
79
93
44
27
125
98
129
91
140
41
24
40
80
115
85
138
62
93
108
33
126
102
67
8
19
77
68
65
122
133
79
131
69
40
106
34
118
77
83
11
42
127
132
61
121
57
55
34
47
24
13
12
66
131
16
3
97
17
61
39
104
101
90
49
113
54
60
19
96
13
120
50
76
43
52
66
42
132
25
51
72
8
135
84
9
122
119
80
130
106
111
69
22
43
129
53
39
11
82
106
30
119
59
96
72
83
37
113
140
112
26
75
10
109
137
118
26
116
87
54
115
90
28
44
115
102
25
142
6
31
78
55
17
81
21
118
27
27
14
121
86
106
55
84
1
88
18
65
100
136
133
87
76
5
8
99
29
132
111
3
77
126
3
47
99
7
141
101
9
125
23
64
45
17
122
45
65
91
75
16
44
33
62
143
60
89
69
19
117
36
112
92
90
66
73
137
58
71
140
50
57
56
85
132
103
135
63
141
117
49
20
74
89
38
96
66
95
135
6
104
78
133
35
81
36
60
15
16
86
41
124
77
101
41
127
42
144
19
64
127
110
1
142
107
7
138
134
93
54
128
46
18
98
103
143
121
50
123
130
57
76
37
105
95
52
2
39
88
42
72
109
74
8
125
139
10
13
83
80
134
14
136
107
52
108
114
12
30
70
97
113
62
22
123
38
129
67
4
116
110
32
47
56
94
73
126
31
51
43
68
53
59
80
93
34
79
84
122
100
28
33
5
24
130
70
102
131
61
29
94
67
21
34
85
12
63
119
20
46
9
91
40
23
58
144
49
24
131
128
79
2
40
120
104
51
32
13
124
114
61
25
48
97
138
139
15
92
71
68
98
35
105
108
120
111
4
11
82
48
133
134
122
110
111
123
135
136
137
125
126
138
139
127
115
116
128
140
141
129
117
118
119
131
130
142
143
144
132
120
108
96
95
83
82
94
93
105
104
103
91
90
78
77
89
101
102
114
113
112
100
99
98
86
85
97
109
121
133
134
135
123
124
112
100
88
87
75
76
64
63
62
50
49
61
73
74
75
63
51
52
40
39
27
15
14
26
38
37
25
13
1
2
3
4
16
17
5
6
7
8
20
19
18
30
31
43
44
45
46
34
22
10
9
21
33
32
31
30
29
28
40
41
42
54
53
65
66
67
79
80
81
69
68
56
55
43
44
32
33
34
35
23
11
12
24
36
48
60
72
84
96
108
107
106
105
117
116
104
92
93
81
82
70
71
59
58
57
45
46
47
59
47
35
23
11
12
24
36
48
60
72
84
83
71
70
58
57
69
68
56
55
67
66
54
42
41
53
65
77
76
64
52
51
39
27
28
29
17
18
19
20
21
22
10
9
8
7
6
5
4
16
15
3
2
1
13
14
26
25
37
38
50
49
61
62
74
73
85
86
98
97
109
121
122
110
111
99
87
88
89
90
78
79
80
92
91
103
115
127
126
114
102
101
113
125
124
136
137
138
139
140
128
129
141
142
130
131
143
144
132
120
119
118
106
94
95
107
12
11
10
9
21
20
8
7
6
5
4
3
2
1
13
14
26
25
37
38
39
40
52
53
41
42
30
31
43
55
67
68
69
81
82
70
58
59
47
46
34
35
23
24
36
48
60
72
84
96
95
107
108
120
132
144
143
142
141
129
130
131
119
118
117
105
104
92
91
90
102
103
115
116
128
127
126
125
124
136
137
138
139
140
141
142
130
118
106
94
93
105
106
94
82
83
71
70
69
57
45
44
56
55
54
66
65
77
78
79
80
68
56
57
58
46
45
33
32
44
43
31
19
18
17
29
28
16
15
27
39
51
50
49
61
62
74
73
85
86
98
97
109
110
122
121
133
134
135
123
111
112
113
101
100
88
76
64
63
75
87
99
111
112
100
101
89
88
76
64
52
51
50
49
61
73
74
62
63
75
87
99
98
86
85
97
109
110
122
121
133
134
135
123
124
136
137
125
113
114
102
114
115
127
126
138
139
140
128
129
117
116
104
103
91
92
93
81
80
79
67
66
78
90
89
77
65
53
54
42
30
18
19
20
32
33
34
22
21
22
23
35
47
59
71
83
95
107
119
131
143
144
132
120
108
96
84
72
60
48
36
24
12
11
10
9
8
7
6
5
17
16
4
3
15
14
2
1
13
25
37
38
26
27
28
40
41
29
141
103
30
86
121
109
142
135
13
1
55
65
136
65
144
82
42
44
99
48
84
27
97
126
33
48
62
18
19
36
117
37
76
125
68
128
25
1
73
82
17
110
139
59
77
54
109
107
16
41
128
5
20
61
22
120
26
11
52
135
131
9
56
122
69
78
43
112
89
64
144
121
113
90
2
74
5
90
141
127
140
50
76
33
126
21
70
98
89
93
123
79
62
38
74
112
34
8
87
56
123
31
16
46
119
91
22
29
7
31
75
58
7
83
25
57
88
115
2
106
106
138
43
80
110
140
60
120
37
92
68
8
51
67
104
46
133
103
130
101
139
67
107
116
63
64
101
14
80
9
11
77
96
79
143
108
40
83
91
30
118
28
100
92
42
60
86
28
87
137
23
24
70
116
133
57
75
51
69
10
129
117
4
4
119
3
34
132
105
93
59
17
72
32
72
114
102
108
136
98
99
63
41
12
95
6
6
104
105
53
39
129
131
113
97
27
21
15
29
102
114
118
54
143
94
3
95
94
36
50
81
47
71
35
138
115
35
96
10
111
71
73
26
15
142
20
132
130
124
38
19
100
66
78
44
85
66
61
39
47
40
58
81
124
127
134
23
18
53
49
125
14
137
12
52
134
85
55
32
111
84
45
45
49
24
13
122
88
47
60
48
118
87
49
98
27
52
100
69
15
86
85
92
77
53
56
90
95
58
103
26
34
50
120
127
106
33
67
9
60
136
54
105
123
63
143
144
107
123
75
98
16
4
30
142
99
74
89
88
104
61
86
44
104
128
93
28
134
48
114
22
31
71
21
30
19
136
116
90
25
59
126
16
111
102
56
2
132
10
78
96
131
27
95
41
101
138
82
80
35
33
112
71
62
47
93
103
67
12
101
72
54
68
14
41
106
113
61
73
130
59
114
1
5
134
130
139
55
39
140
66
132
85
45
37
96
88
35
113
40
57
18
43
139
4
133
13
20
119
142
115
129
46
17
13
32
3
76
9
38
57
137
128
32
63
23
144
80
94
14
129
135
39
23
1
89
25
102
49
18
91
117
29
72
124
51
140
107
110
58
97
64
29
12
109
28
26
2
79
20
122
127
3
53
36
15
133
6
81
17
120
77
137
125
141
112
82
70
45
115
109
24
122
92
37
65
138
42
119
21
75
66
55
91
7
110
65
83
68
126
44
124
50
73
83
141
8
121
79
87
31
99
34
40
74
11
69
36
62
125
5
118
7
78
6
22
52
94
11
108
38
111
97
42
105
117
24
8
100
43
131
76
46
19
70
81
10
135
143
121
84
116
51
84
64
108
