##Rat 3 Day 22
 ##rewards
127
116
38
##Vertices
17
24
5
95
74
107
144
91
41
66
37
141
19
87
115
120
44
133
15
1
36
103
119
32
139
80
18
132
73
93
10
48
72
50
126
14
24
80
10
14
121
116
31
59
4
9
7
30
12
65
75
67
142
53
28
25
73
64
138
6
131
115
87
12
40
28
60
43
45
89
70
69
77
3
96
11
78
46
140
108
93
57
103
70
88
95
141
75
30
69
110
101
38
118
23
133
126
15
68
143
104
32
106
50
68
99
77
29
112
139
6
13
140
71
86
117
63
122
37
56
111
8
104
45
113
88
38
49
35
54
127
25
102
124
18
3
144
125
52
132
90
71
124
43
56
2
134
129
33
97
67
120
62
65
79
96
123
81
136
16
42
105
128
78
107
51
5
101
8
127
85
84
58
114
40
94
29
47
136
47
91
26
130
85
27
74
59
64
62
4
55
83
92
63
39
90
123
27
83
92
21
11
44
41
94
106
121
9
26
66
76
19
135
138
116
36
143
7
99
110
129
82
49
31
51
118
22
125
137
58
55
20
35
42
137
46
60
86
135
82
100
114
33
109
34
108
98
109
21
17
105
2
131
22
81
52
111
102
100
48
113
72
39
54
13
89
61
119
122
142
16
98
79
57
97
53
1
130
117
76
23
128
84
112
20
61
134
34
127
17
39
138
7
140
113
86
101
99
22
64
45
70
105
105
63
55
128
51
42
41
41
14
39
81
113
36
29
62
130
48
100
24
101
128
89
49
42
38
137
144
120
93
83
78
132
94
129
35
65
59
79
108
84
129
31
95
63
85
73
72
111
25
32
19
29
123
50
80
67
103
110
38
80
71
31
107
114
118
92
19
55
143
37
66
48
84
75
9
3
4
122
57
88
40
77
68
26
20
28
115
60
133
66
131
82
62
21
131
59
16
45
120
18
100
141
13
60
121
15
67
106
136
33
23
17
8
28
104
6
142
142
130
76
102
56
40
112
34
102
124
34
91
47
43
133
20
114
9
123
57
44
71
74
73
111
68
70
127
116
72
46
32
90
125
103
139
76
75
94
44
1
135
112
82
23
46
61
93
74
87
11
117
27
37
136
49
106
1
91
144
2
122
3
33
104
97
35
134
6
5
58
18
126
36
13
77
138
24
96
125
119
22
58
47
121
53
92
134
21
12
139
98
78
2
8
4
27
7
126
117
109
83
10
30
16
52
97
85
50
119
30
90
56
118
64
43
140
135
14
5
10
87
81
98
109
53
51
99
95
110
69
54
107
15
116
108
26
124
137
89
65
96
143
86
25
115
141
52
88
132
12
61
79
54
11
69
133
121
122
123
135
134
133
121
109
110
98
86
87
88
76
77
78
66
54
42
30
29
41
40
28
16
17
5
6
18
19
7
8
20
21
33
34
22
10
9
8
7
6
5
4
3
15
14
2
1
13
25
26
27
39
38
37
49
61
62
63
75
74
73
85
97
109
110
111
99
100
101
102
103
104
92
80
79
91
90
89
101
113
112
124
136
137
138
126
127
139
140
128
129
130
142
141
140
139
138
137
125
126
114
115
116
117
105
93
81
82
83
95
96
84
72
60
59
58
46
47
48
36
24
23
35
34
46
45
57
56
68
69
70
71
72
84
96
108
107
119
131
143
144
132
120
108
107
106
94
93
81
80
92
91
90
89
77
65
53
52
51
50
49
37
38
39
40
41
42
43
55
67
79
78
66
67
68
69
57
58
70
82
94
95
83
71
59
60
48
47
35
36
24
12
11
12
11
23
22
10
9
21
33
32
20
19
18
17
16
4
3
15
14
2
1
13
25
26
27
28
29
30
31
32
31
43
44
45
44
56
55
54
53
65
64
76
88
87
75
63
64
52
51
50
62
61
73
74
86
85
97
98
99
100
112
111
123
122
134
135
136
124
125
113
114
102
103
115
116
104
105
106
118
117
118
130
131
119
120
132
144
143
142
141
129
128
127
144
132
131
130
142
141
140
139
138
137
136
135
123
124
112
100
101
89
88
87
75
74
73
61
49
50
38
37
25
26
14
13
1
2
3
4
16
28
40
41
53
52
51
39
27
15
3
4
5
17
29
30
42
54
66
65
64
76
77
78
90
102
103
115
114
113
125
126
127
128
116
104
105
106
94
95
96
84
83
71
72
60
59
47
48
36
24
23
22
10
9
8
7
6
18
19
20
21
33
45
57
69
70
58
46
34
35
36
48
60
72
84
96
108
120
119
107
106
118
117
129
141
140
128
116
115
103
91
79
67
68
80
81
82
83
71
59
47
35
34
46
58
70
69
57
56
44
32
31
43
55
54
66
78
90
102
101
100
99
111
110
122
121
109
97
98
86
85
73
61
62
74
86
85
97
98
110
109
121
133
134
133
134
122
123
135
136
137
138
139
127
126
114
113
125
124
112
111
99
87
88
89
77
76
75
63
62
50
49
37
38
39
51
63
64
65
53
52
40
28
27
26
25
13
1
2
14
15
16
17
5
6
7
19
18
30
29
41
42
43
31
32
20
8
9
10
11
12
24
12
11
23
22
21
33
45
44
56
55
67
68
80
79
91
92
93
105
117
129
130
118
119
131
143
142
143
144
132
120
108
107
95
94
82
81
93
92
104
139
52
3
132
80
46
124
101
10
143
23
108
84
77
119
39
117
31
140
12
45
70
77
101
38
22
49
48
136
45
86
62
102
22
90
74
40
128
105
4
70
114
92
6
83
125
68
51
25
121
132
10
104
24
111
60
67
116
21
82
96
61
129
141
24
73
51
107
63
37
32
133
9
137
142
56
135
108
141
26
76
28
98
97
88
110
140
137
116
46
57
1
27
15
30
111
118
52
31
91
124
65
66
15
93
42
92
53
63
109
81
33
30
100
112
20
55
21
58
95
75
134
78
12
94
78
102
7
74
115
13
50
27
115
81
103
14
80
35
144
144
50
136
138
73
11
71
84
103
143
53
5
127
131
89
106
91
97
134
34
17
64
125
28
66
107
32
34
82
65
2
120
85
87
42
35
128
142
94
127
36
68
4
33
88
44
20
47
100
40
48
2
37
67
14
118
3
71
9
8
64
109
13
44
110
47
99
123
99
5
54
129
59
36
41
49
25
18
6
120
126
1
139
126
16
131
18
83
85
113
113
106
123
7
90
122
38
23
121
17
26
98
122
87
130
75
8
59
86
119
39
19
93
29
72
79
96
54
95
41
43
112
69
29
55
57
69
76
79
117
19
60
138
16
72
11
61
89
56
135
114
43
58
104
130
133
105
62
141
67
24
37
22
126
105
21
29
33
91
90
7
59
43
118
40
124
45
141
132
63
10
100
10
103
86
140
61
98
87
43
53
71
58
111
138
96
93
24
8
28
136
108
122
18
60
73
51
37
31
104
35
34
68
4
88
48
142
2
3
14
6
135
77
140
94
128
5
94
4
30
18
93
107
9
30
76
11
32
32
47
16
1
26
77
74
117
83
83
131
85
41
137
65
139
120
39
38
42
72
138
139
117
36
101
57
66
144
116
23
113
70
31
55
135
133
63
25
22
20
143
99
102
66
54
127
21
68
122
41
128
29
17
81
112
56
50
46
91
62
115
136
89
11
102
109
56
115
70
13
16
82
36
55
15
105
104
89
61
110
96
80
87
131
35
53
144
84
133
126
73
75
116
75
107
62
113
92
23
38
132
67
3
129
19
52
13
134
123
88
15
26
119
28
64
76
110
95
69
45
120
54
14
125
121
130
119
49
46
52
78
114
40
58
114
79
112
78
142
44
129
5
86
106
33
59
47
79
12
49
103
121
134
51
109
50
97
17
7
34
82
39
130
60
143
127
100
111
12
124
81
125
69
8
92
108
85
80
27
2
97
95
74
71
27
42
19
57
98
25
72
106
64
20
65
118
137
90
84
6
44
123
9
1
48
99
101
12
11
23
35
36
48
60
72
84
96
108
120
119
107
106
105
93
92
104
116
115
127
139
138
137
125
124
136
135
123
122
134
133
121
109
97
98
99
100
88
89
101
113
112
111
110
109
97
85
86
87
75
76
77
78
90
102
103
91
79
80
81
69
70
82
94
95
83
71
59
58
57
45
33
32
20
8
7
19
18
6
5
17
16
4
3
2
14
26
25
37
49
61
73
74
62
50
38
39
40
41
42
30
29
28
27
15
3
4
5
6
7
8
9
10
22
21
33
34
46
47
48
60
59
58
70
69
68
67
66
54
55
43
31
19
18
17
16
15
27
28
29
30
42
41
53
52
51
63
64
65
77
78
79
80
81
93
105
117
118
130
131
143
142
141
129
128
140
139
138
126
127
128
140
141
129
130
142
143
144
132
144
132
131
119
120
108
96
84
72
71
83
82
94
95
107
106
118
117
116
104
92
91
103
115
114
126
125
137
136
124
112
113
114
102
90
89
101
100
99
111
123
135
134
133
121
122
110
98
86
85
73
61
62
74
75
87
88
76
64
63
51
50
49
37
25
13
1
2
1
13
14
26
38
39
40
52
53
65
66
54
55
67
68
56
44
45
46
47
35
34
22
23
24
36
24
12
11
10
9
21
20
32
31
43
44
56
57
1
2
3
15
14
26
25
37
38
39
40
52
51
63
75
74
62
50
49
61
73
85
97
109
110
122
121
133
134
135
136
137
125
113
112
124
123
111
99
100
101
89
88
76
77
78
90
102
114
126
127
115
116
104
103
91
79
80
92
93
105
117
118
130
142
143
144
132
131
119
120
108
96
84
72
71
83
82
70
58
57
69
68
67
66
65
64
52
53
54
55
56
44
43
31
30
42
41
29
17
18
19
20
32
33
21
9
10
22
34
35
23
24
12
11
10
9
8
7
6
5
4
16
28
27
39
51
63
64
65
77
76
75
87
86
98
97
109
110
111
112
113
114
115
116
128
140
141
129
117
118
106
107
95
94
82
81
69
70
58
46
45
57
56
55
43
44
45
46
47
48
60
59
47
59
60
72
71
83
84
96
108
120
132
144
143
142
141
140
139
138
126
125
124
123
122
121
133
134
135
136
137
138
139
127
128
129
130
131
119
107
95
94
106
105
93
81
80
68
67
66
78
79
91
92
104
103
102
90
89
101
100
88
87
99
98
86
85
73
74
62
61
49
50
38
26
27
28
40
41
53
54
42
30
29
17
18
19
31
32
33
34
35
36
48
36
24
12
11
23
22
21
20
8
7
6
5
4
16
15
3
2
1
13
14
13
25
37
86
82
142
65
97
16
40
54
139
9
76
122
111
33
83
19
81
140
126
48
51
144
119
49
124
122
109
88
15
86
98
121
43
138
130
17
46
112
45
50
113
18
143
29
33
6
138
87
32
53
60
87
22
74
72
24
110
58
29
99
135
104
136
83
60
89
80
50
76
84
53
34
38
13
22
84
115
131
93
10
21
67
7
114
130
41
94
141
4
113
134
61
69
132
126
32
28
101
121
77
78
70
52
51
1
8
27
17
20
62
78
35
43
117
143
64
42
79
137
142
139
120
2
103
5
14
69
30
47
25
94
88
109
30
103
114
101
132
104
95
133
85
56
36
92
106
31
89
127
91
128
116
25
14
37
57
36
20
129
6
26
15
106
77
137
79
5
41
90
3
129
102
63
19
46
12
58
44
93
105
107
135
48
23
108
37
110
96
57
47
99
4
9
65
21
140
112
44
118
92
100
40
12
125
38
55
141
118
31
27
100
75
39
91
75
111
1
8
105
11
123
123
107
24
81
62
124
73
74
115
98
2
144
68
26
39
63
7
49
70
108
10
18
56
59
128
23
127
16
90
59
82
55
66
120
71
72
52
3
68
116
61
67
64
54
134
125
42
117
95
11
131
35
34
13
66
97
28
119
71
96
80
136
133
45
85
102
73
113
81
63
100
31
128
119
85
43
133
79
78
47
48
28
13
115
62
23
40
69
92
124
102
142
59
83
95
33
32
38
110
15
134
74
18
21
138
130
97
101
36
135
16
12
70
66
144
135
67
87
58
38
126
140
63
109
83
127
94
10
96
70
48
110
119
25
64
141
35
11
53
5
29
37
136
113
18
44
128
31
32
123
89
92
114
123
73
141
77
95
78
125
54
143
101
47
88
94
64
14
112
112
8
19
65
134
72
82
105
122
7
76
84
13
7
118
138
103
49
43
53
36
59
52
61
120
121
14
98
82
45
106
139
93
66
8
23
35
107
24
85
34
116
99
58
108
102
104
40
3
50
4
142
90
4
2
41
130
34
116
17
129
91
127
89
51
86
69
24
6
76
99
90
88
97
57
139
68
93
20
22
103
117
87
20
115
2
133
75
131
9
39
45
42
1
80
126
67
131
46
79
60
57
51
107
3
124
19
77
55
28
26
54
61
50
30
108
21
52
96
42
118
26
137
136
106
33
104
98
122
80
129
137
71
120
143
86
30
15
111
68
109
60
27
84
71
144
75
17
6
74
27
41
65
1
39
12
100
9
46
105
72
25
62
22
91
111
5
55
73
49
121
114
37
44
10
125
56
132
81
117
11
16
29
56
140
132
1
2
3
15
27
39
38
50
62
74
73
61
49
37
25
26
14
13
25
37
49
61
62
63
51
52
64
65
77
78
90
91
92
80
68
67
66
54
42
30
31
32
20
19
7
8
9
10
22
34
33
21
9
8
7
6
5
4
16
28
29
17
18
30
29
41
40
52
53
65
66
78
79
91
103
102
101
100
88
87
86
98
99
111
110
122
123
124
136
137
125
113
114
126
138
139
127
128
116
104
105
117
118
119
120
132
144
143
131
130
142
141
140
139
138
137
136
135
134
133
121
109
97
85
73
74
75
76
77
89
90
102
103
115
116
104
105
106
107
95
83
82
94
93
81
69
70
71
72
60
59
58
57
56
55
43
44
45
46
47
35
23
11
12
24
36
48
60
72
84
96
84
83
71
70
58
59
47
48
36
35
23
24
12
11
10
22
21
33
34
46
45
44
32
20
19
31
43
42
41
53
54
55
56
57
69
68
67
79
80
92
93
81
82
94
95
96
108
120
108
107
106
118
119
131
132
144
143
142
130
129
117
129
141
140
128
127
115
114
126
125
124
112
111
110
122
123
135
134
133
121
109
97
85
86
98
99
100
112
113
101
89
88
87
75
76
64
63
51
39
40
28
27
15
16
17
18
6
5
4
3
2
1
13
14
26
38
50
144
132
120
108
96
95
107
106
118
117
105
93
81
69
70
58
57
56
68
67
55
54
42
43
31
30
18
6
7
8
20
19
31
32
44
45
46
47
59
60
48
36
24
12
11
23
22
10
9
21
33
34
35
36
48
60
72
71
83
82
94
106
118
119
131
130
142
141
140
139
127
115
116
104
92
91
79
80
68
56
44
32
33
45
57
69
81
93
105
117
129
128
140
139
138
126
114
102
90
89
88
87
99
100
112
124
136
135
134
122
110
111
123
135
136
137
125
113
101
100
99
98
97
85
73
74
75
76
77
65
53
41
29
17
5
4
3
2
1
13
25
37
38
50
49
61
62
63
64
52
40
39
51
52
40
28
27
26
14
15
16
28
27
39
51
63
64
65
66
78
77
89
90
78
66
54
53
41
29
30
42
43
55
67
79
80
92
104
116
128
127
115
103
91
103
102
101
113
114
126
138
137
125
124
112
111
123
122
110
109
121
133
134
133
121
109
97
85
86
98
86
87
88
76
75
74
73
61
62
50
49
37
38
26
25
13
1
2
14
15
3
4
16
17
5
6
18
19
7
8
20
21
9
10
11
12
24
23
22
34
35
47
46
58
59
71
70
82
94
95
83
84
72
84
96
108
107
119
120
132
131
130
129
141
142
143
144
143
