##Rat 2 Day 37
 ##rewards
18
29
107
##Vertices
133
134
135
136
124
125
137
138
139
140
141
142
143
144
132
131
119
120
108
107
106
105
93
92
104
103
115
114
102
90
78
77
76
64
63
75
87
86
98
99
111
110
122
121
109
97
85
73
61
49
50
38
37
25
13
1
2
3
4
16
15
14
26
27
28
40
41
53
54
55
43
42
30
29
17
18
19
20
21
9
8
7
6
5
4
3
15
27
39
51
52
40
39
51
63
62
74
75
76
88
100
101
89
90
91
79
80
68
67
66
65
77
89
88
87
99
100
112
113
101
102
114
126
127
128
116
117
129
130
118
106
94
95
96
84
83
71
72
60
59
47
48
36
35
23
24
12
11
10
22
34
33
32
44
45
57
69
81
82
70
58
46
34
33
45
44
56
57
69
81
93
94
95
96
84
72
71
83
82
70
58
46
47
59
60
48
36
35
23
24
12
11
10
22
21
9
8
20
32
31
43
31
30
18
19
7
6
5
17
16
28
29
41
42
54
53
52
64
65
66
78
79
67
55
56
68
80
92
91
103
115
127
126
125
113
112
111
123
124
123
122
110
98
86
74
62
50
38
26
14
2
1
13
25
37
49
61
73
85
97
109
121
133
134
135
136
137
138
139
140
128
129
141
142
130
131
143
144
132
120
108
107
119
118
117
105
104
116
1
13
14
15
27
26
25
37
49
50
62
61
73
74
75
87
86
85
97
98
99
111
123
122
110
109
121
133
134
135
136
137
125
126
114
113
101
100
88
76
77
65
66
54
53
52
64
63
51
39
40
28
16
17
5
4
3
2
1
13
25
26
38
39
40
41
29
30
42
43
31
19
20
8
7
6
18
30
31
32
44
45
33
34
35
23
22
21
9
10
11
12
24
36
48
47
59
60
72
84
96
95
83
71
70
82
81
93
105
117
118
119
120
108
107
106
94
82
70
58
46
45
57
69
68
56
55
67
79
78
90
102
103
91
92
80
81
93
94
106
118
130
131
132
144
143
142
141
140
139
138
137
136
124
112
100
99
87
88
89
101
102
114
115
127
128
116
104
105
117
129
128
129
130
131
132
144
143
142
141
140
139
138
126
127
115
116
104
103
91
92
80
79
67
68
69
57
56
55
54
42
43
44
32
33
34
46
58
59
71
83
95
107
119
120
108
96
84
72
60
48
47
35
36
24
12
11
23
22
10
9
21
20
8
7
19
18
6
5
17
16
4
3
2
14
15
27
28
29
41
53
65
66
78
90
89
77
76
75
74
62
63
64
52
51
50
38
37
49
61
73
85
86
98
97
109
110
122
121
133
134
135
123
111
112
113
125
124
3
40
128
39
10
65
30
110
11
136
74
70
121
140
75
22
95
42
108
57
58
120
38
141
10
134
33
104
28
30
106
12
50
85
112
73
14
93
119
56
139
93
35
133
42
59
71
20
73
86
41
137
28
2
77
82
1
13
19
62
50
33
53
116
37
18
131
138
97
25
78
108
129
143
92
46
111
69
81
140
9
16
52
72
83
94
18
104
56
116
109
51
4
98
128
40
31
52
67
142
85
15
79
23
142
2
76
34
66
27
48
12
143
117
115
135
106
24
89
60
136
101
78
122
88
107
35
38
107
61
60
5
102
61
5
94
103
88
49
70
7
54
54
8
1
125
121
126
144
113
141
29
65
66
130
55
113
134
131
79
114
103
9
119
21
59
109
133
55
24
25
15
83
91
90
76
45
16
47
124
90
36
32
89
100
19
44
32
17
64
118
6
100
105
71
49
120
130
118
36
96
75
87
47
87
57
129
81
111
7
99
13
127
123
105
64
112
14
98
26
31
74
63
44
53
99
41
37
17
69
97
29
68
62
115
132
84
101
21
122
82
3
125
51
123
45
138
22
126
67
27
132
43
80
102
92
58
48
77
127
20
23
43
11
117
124
63
39
139
8
144
80
26
135
96
114
137
72
110
91
4
68
95
34
6
46
84
86
4
69
119
29
33
25
53
138
83
65
79
54
113
83
113
72
127
135
139
23
116
40
24
82
66
15
45
95
41
8
22
104
40
49
135
136
96
137
10
67
103
124
64
93
78
54
82
58
8
125
94
48
75
55
141
143
27
139
6
68
44
13
29
114
77
47
1
95
126
64
36
78
26
57
114
58
23
110
85
69
132
3
11
18
84
21
118
76
117
99
14
47
92
84
62
48
119
70
36
34
115
37
122
142
80
106
17
62
105
129
107
108
60
106
90
28
42
132
6
143
52
102
16
14
105
63
59
85
28
79
61
13
109
94
39
123
136
74
24
127
31
128
137
108
21
73
120
12
56
124
20
121
26
133
112
130
107
57
97
100
50
74
89
27
89
128
38
76
19
103
115
87
121
17
91
131
116
120
66
32
110
51
7
20
140
65
46
117
25
43
86
100
144
30
45
9
10
101
44
77
81
46
9
63
35
144
42
118
140
86
51
7
34
109
2
75
96
99
19
68
22
129
5
35
80
92
32
12
18
43
41
112
55
30
5
16
134
130
91
133
101
4
31
38
49
52
3
37
111
104
73
61
33
53
123
71
67
88
39
98
126
142
50
88
90
97
1
111
122
98
70
2
15
141
60
131
125
11
134
87
56
71
138
59
81
93
72
102
12
11
23
35
34
22
10
9
8
20
19
7
6
18
30
29
17
5
4
16
28
27
26
14
15
3
2
1
13
25
37
49
50
62
63
51
52
40
41
42
54
55
67
68
56
44
43
31
32
33
45
46
47
59
60
48
36
24
12
11
10
22
21
33
45
57
58
70
69
81
82
83
95
96
84
72
71
70
82
94
93
105
106
118
130
131
119
107
108
120
132
144
143
142
141
129
128
140
139
138
137
125
126
127
115
114
102
101
100
99
111
123
135
136
124
112
113
114
115
116
117
105
104
103
91
92
80
79
78
66
65
64
76
77
89
90
102
101
113
112
111
110
122
134
133
121
109
97
85
73
61
49
37
38
39
40
28
29
41
53
52
64
63
75
74
86
87
88
100
99
98
86
98
110
122
134
133
121
109
97
85
73
61
62
74
75
87
88
76
77
89
90
78
79
91
103
104
92
80
68
69
81
93
94
106
118
117
116
128
127
126
125
124
123
135
136
137
138
139
140
141
129
130
142
143
144
132
131
119
120
108
107
95
96
84
83
71
72
60
59
47
48
36
24
23
35
34
46
58
57
56
55
67
66
65
53
54
42
30
18
19
31
43
44
32
20
21
9
8
7
6
5
17
16
4
3
15
14
2
1
13
25
26
27
39
51
50
38
144
132
131
130
118
119
120
108
96
95
83
84
72
71
70
58
59
60
48
47
46
34
22
23
35
36
24
12
11
10
9
8
20
19
31
32
44
45
57
69
68
80
79
91
92
93
81
82
94
106
105
117
129
128
140
141
142
143
144
132
120
119
107
106
105
104
116
115
103
102
114
126
125
137
138
139
127
115
114
113
101
100
112
111
110
122
123
124
136
135
134
133
121
109
97
98
86
85
73
61
49
50
62
74
75
63
64
52
40
28
27
26
25
37
38
39
51
63
75
87
99
100
88
76
77
89
90
78
66
67
55
43
42
54
53
65
64
52
51
39
27
15
14
13
1
2
3
4
5
6
7
8
9
21
33
45
46
58
57
56
44
43
31
30
18
17
29
41
40
28
16
17
16
15
14
13
1
2
3
4
5
6
7
19
18
30
29
41
42
54
53
65
66
78
77
76
88
89
90
91
103
102
101
113
112
111
99
87
86
74
62
50
38
26
25
37
49
61
73
85
97
98
110
109
121
133
134
122
123
135
136
124
125
137
138
126
127
139
140
128
129
141
142
143
131
130
118
117
116
104
92
80
79
67
55
56
68
69
70
71
83
82
81
93
94
95
107
108
96
84
72
60
59
47
48
36
35
23
24
12
11
10
22
34
33
32
20
21
118
137
86
137
93
4
42
87
52
138
66
82
111
31
95
28
82
81
8
99
2
34
128
14
66
136
57
92
92
113
134
45
17
31
102
123
10
60
17
35
38
54
9
50
90
27
84
51
130
20
89
33
116
83
131
46
32
52
104
2
27
15
110
7
112
127
24
138
64
126
126
33
65
65
12
59
62
134
37
90
133
39
48
32
106
106
12
23
68
114
136
19
140
133
9
99
75
5
118
97
40
130
96
135
128
108
79
41
91
84
51
140
125
124
56
144
121
94
142
57
10
11
131
109
119
35
5
85
61
139
73
141
8
103
25
91
129
44
29
86
97
45
105
129
67
3
28
19
76
38
74
37
59
18
105
88
22
76
50
61
74
72
114
80
125
107
79
47
24
100
30
6
93
115
77
96
16
143
36
43
69
20
116
39
15
120
108
49
85
49
25
143
87
119
123
83
54
107
21
26
1
43
98
78
44
81
23
42
75
18
14
124
121
109
64
77
117
22
55
73
142
122
120
78
3
26
36
30
40
4
41
1
68
102
13
94
63
139
127
6
21
88
71
48
29
71
110
115
72
53
141
16
58
95
132
7
53
47
69
63
67
46
70
111
60
113
56
13
58
55
132
144
104
89
122
34
103
62
80
117
101
101
70
98
112
11
100
135
28
101
57
81
32
68
23
34
109
132
30
74
118
111
113
134
112
92
95
97
85
104
119
101
5
32
78
11
56
124
67
135
9
103
140
51
23
60
123
144
55
1
139
46
50
53
126
49
7
27
62
137
44
129
45
28
136
104
122
11
48
52
43
47
61
4
94
2
88
99
106
125
142
10
143
123
93
95
114
39
75
108
39
41
69
97
14
24
105
139
135
19
21
55
116
16
102
77
126
52
59
45
36
3
131
68
141
138
127
98
60
86
37
67
134
1
13
20
98
66
102
58
42
81
125
43
33
105
86
115
106
117
78
54
14
127
61
88
51
19
100
128
36
50
130
116
65
128
33
87
47
110
40
3
15
130
83
41
26
90
137
118
84
17
132
71
73
96
119
27
24
121
63
6
99
54
53
115
143
110
8
89
114
57
35
65
49
25
44
37
31
22
129
62
82
133
38
18
15
4
124
77
30
72
21
12
64
38
107
70
6
20
112
79
29
96
120
85
34
91
56
109
138
121
90
10
74
63
103
71
75
64
22
18
25
59
141
136
79
70
9
131
94
113
76
144
13
87
140
26
120
142
84
48
16
2
66
73
117
82
42
80
35
8
12
133
89
29
40
80
76
100
93
58
91
83
72
46
107
122
69
92
7
17
31
108
111
5
144
143
142
130
131
119
107
108
120
132
144
143
142
141
140
139
138
137
125
126
114
102
101
89
88
100
99
111
123
135
136
124
112
113
101
102
103
115
116
128
129
117
118
106
94
95
83
82
81
93
92
104
105
93
94
82
70
58
59
71
72
60
48
36
35
23
22
34
46
47
48
36
24
12
11
10
9
8
20
19
31
43
42
54
53
41
29
30
18
6
7
8
9
21
33
32
44
45
57
56
68
67
66
78
90
91
79
80
81
69
68
80
92
91
79
67
55
54
66
65
64
76
75
74
86
87
88
100
99
98
110
122
134
133
121
109
97
85
73
61
62
63
51
52
40
39
27
28
16
15
14
13
1
2
3
4
5
17
29
41
53
52
40
28
27
26
25
37
49
50
38
26
14
15
3
2
1
13
25
37
38
50
49
61
62
74
73
85
97
109
121
133
134
135
136
124
125
137
138
139
127
128
140
141
129
130
131
132
120
108
96
84
96
84
72
60
59
47
35
23
24
12
11
10
22
21
20
32
31
19
7
6
5
4
16
17
18
30
42
43
55
56
44
45
33
34
46
58
57
69
70
71
83
95
107
119
118
106
105
117
116
104
103
115
127
126
114
113
112
111
123
122
110
98
86
87
75
76
77
78
90
89
77
65
64
63
51
39
12
24
36
35
23
22
21
9
10
11
12
24
36
48
60
72
84
96
95
83
82
81
93
92
104
105
117
118
119
120
108
107
106
94
93
81
69
70
58
59
47
46
34
33
32
20
19
31
43
44
56
57
45
44
32
31
30
29
17
18
6
5
4
3
15
14
26
27
28
16
4
3
2
1
13
25
37
49
50
62
63
64
76
77
89
88
87
75
74
73
61
49
37
38
39
51
52
40
41
53
54
66
78
79
80
68
67
55
43
42
54
55
56
68
67
66
65
77
78
90
102
103
115
127
128
116
104
105
117
129
130
131
132
144
143
142
141
140
139
138
126
114
113
101
100
112
111
99
98
110
122
134
133
121
109
97
85
86
87
88
89
101
100
99
111
123
135
136
137
125
124
123
122
110
109
121
133
134
135
136
124
125
137
138
126
127
139
140
141
142
143
144
132
120
108
107
95
96
84
72
71
59
60
48
47
35
23
11
10
9
8
7
8
7
6
5
17
16
15
14
2
1
13
25
26
38
50
51
63
62
61
73
85
97
98
86
74
75
76
64
65
53
52
40
39
27
28
29
41
42
30
18
19
20
21
22
34
33
45
46
58
57
69
70
71
83
82
94
106
118
119
131
130
129
128
116
115
103
91
79
80
92
91
90
102
114
113
112
106
22
85
140
17
139
77
119
82
100
47
27
23
105
75
21
70
86
50
72
49
76
142
2
47
23
10
80
26
99
96
141
98
6
55
8
8
65
122
16
65
91
26
107
131
9
81
83
133
97
33
113
34
54
132
20
118
130
43
108
90
19
118
88
19
140
60
90
44
97
35
76
111
3
144
109
144
61
42
53
57
137
71
7
53
113
36
73
123
135
30
12
73
119
28
138
39
3
123
92
120
24
58
52
46
101
45
54
95
40
106
79
114
94
49
72
41
126
77
66
117
37
20
31
100
14
95
74
135
38
138
51
82
37
15
11
25
48
69
2
85
67
21
116
112
127
58
125
68
78
50
32
129
30
92
93
6
117
126
25
93
35
127
132
18
24
5
51
63
67
141
38
84
4
103
13
129
66
130
83
63
16
11
102
59
87
105
104
103
142
56
64
28
78
87
81
143
7
89
68
4
134
18
133
9
110
75
62
125
70
102
71
115
143
36
99
134
109
89
80
44
122
12
59
139
29
46
27
14
41
64
57
128
137
86
69
111
115
55
121
40
42
62
101
48
43
1
131
96
52
108
128
33
17
98
22
116
5
136
124
10
74
88
136
13
45
91
1
56
61
29
34
15
79
112
107
110
104
31
120
124
84
121
94
32
114
39
60
27
41
98
111
118
86
106
134
102
52
122
42
83
62
41
4
82
98
93
143
113
57
73
58
24
74
13
70
121
27
90
138
31
18
100
54
94
33
115
105
104
89
68
36
25
125
6
28
20
92
119
108
129
93
43
50
114
23
85
55
103
5
112
52
25
95
87
107
15
140
100
45
86
124
34
110
128
14
99
76
54
76
66
58
101
12
84
44
82
80
53
61
124
5
91
134
123
17
132
137
47
126
69
66
144
121
80
16
17
81
67
117
119
68
22
96
23
118
56
32
8
21
48
77
127
105
19
125
79
50
139
49
7
51
136
18
130
42
29
10
135
138
47
63
34
69
133
9
122
60
3
10
113
97
64
72
111
37
61
131
2
78
8
46
59
95
75
72
4
14
78
32
85
79
104
88
37
65
84
97
74
62
1
117
87
2
51
106
11
131
6
3
99
130
114
132
38
139
73
9
43
120
55
22
142
26
1
29
13
142
75
11
21
30
94
144
141
24
56
90
120
40
36
81
116
48
108
39
57
116
71
88
126
49
39
30
59
91
40
127
133
92
109
44
128
38
110
89
16
109
28
102
45
135
31
12
107
53
64
143
7
115
137
33
103
20
140
63
35
46
35
129
83
136
123
60
65
15
70
67
71
77
112
101
26
96
141
19
