##Rat 5 Day 3
 ##rewards
74
87
21
##Vertices
12
24
36
48
60
59
47
46
34
33
45
57
69
81
82
94
93
92
80
79
91
90
102
103
115
114
126
138
139
140
128
127
115
116
104
105
106
107
95
96
108
120
132
144
143
131
130
142
141
129
117
118
119
120
108
96
84
83
71
70
58
46
34
35
23
22
10
9
8
7
19
31
32
44
56
55
67
68
80
92
104
116
117
105
93
81
69
57
45
33
21
20
8
7
6
18
30
42
54
53
52
51
39
40
28
16
4
3
2
14
26
27
15
3
4
5
17
29
41
40
39
38
37
49
61
62
63
64
65
77
89
101
113
125
137
136
135
134
133
121
109
97
98
86
85
73
74
75
76
88
100
99
87
88
100
112
111
110
122
123
124
112
111
99
87
75
76
77
78
66
65
53
54
66
78
90
89
101
113
114
102
103
91
79
67
68
56
44
32
20
19
31
43
55
43
42
41
29
30
18
6
5
17
16
28
27
15
14
26
25
13
1
2
1
13
25
37
49
50
38
50
51
52
64
63
62
61
73
74
86
85
97
98
110
109
121
133
134
122
123
135
136
124
125
137
138
126
127
139
140
128
129
141
142
143
144
132
131
130
118
119
107
106
94
95
83
82
70
58
59
71
72
84
72
60
48
47
35
36
24
23
22
21
9
10
11
12
11
1
2
14
26
27
15
3
4
5
17
18
6
7
19
31
32
20
8
9
21
33
34
35
23
22
10
11
12
24
36
48
60
59
71
70
58
57
45
44
43
55
54
66
65
53
41
42
30
29
28
40
39
38
50
49
37
25
13
1
2
3
15
16
28
40
52
51
63
64
76
75
74
86
85
73
61
62
63
75
87
88
100
99
111
123
122
110
98
97
109
121
133
134
135
136
124
125
137
138
139
140
128
127
126
114
115
103
104
105
106
118
130
142
141
129
117
116
115
114
113
112
100
101
102
90
89
77
78
79
67
68
69
81
80
92
91
103
104
116
117
118
119
131
143
144
132
120
108
96
84
72
60
48
47
46
45
33
32
44
56
57
69
70
82
83
95
94
93
105
106
107
95
107
119
131
143
144
132
120
108
96
84
72
71
83
82
94
93
81
80
92
91
79
78
90
102
101
89
77
65
64
76
88
87
99
111
112
113
125
126
127
128
129
130
142
141
140
139
138
137
136
124
123
135
134
133
121
122
110
109
97
98
86
85
73
74
62
61
49
50
38
37
25
13
14
26
27
39
51
52
53
54
66
67
68
56
55
43
31
19
18
30
42
41
29
17
16
4
5
6
7
8
20
21
9
10
22
23
11
12
24
36
35
34
46
58
59
47
66
89
2
77
126
115
62
80
94
87
95
72
24
84
21
106
64
82
113
130
140
125
17
131
10
13
64
11
108
114
88
28
50
104
108
49
90
96
77
20
25
138
15
110
133
51
78
50
118
6
135
144
138
36
39
68
57
65
94
26
61
45
66
45
8
22
29
7
67
140
63
92
100
44
144
29
91
42
86
59
121
12
128
141
2
58
85
4
76
3
40
43
70
46
126
137
139
139
79
42
135
142
30
123
131
21
19
99
122
31
121
91
55
116
48
32
16
23
103
123
80
118
128
133
36
75
132
100
60
113
132
22
37
74
7
127
120
33
52
5
84
97
107
67
57
117
63
34
51
4
18
28
109
14
102
112
17
5
104
120
47
87
73
124
59
88
24
48
8
20
89
46
38
134
6
3
33
107
9
61
71
53
27
35
137
114
116
109
90
41
143
40
72
18
110
30
69
14
44
101
125
47
43
62
111
103
96
117
35
65
95
98
136
55
136
86
74
15
99
27
102
134
75
112
142
79
31
1
124
54
105
13
16
53
56
93
105
60
25
39
10
101
34
52
92
129
106
71
70
49
98
111
58
141
83
19
73
26
97
81
68
115
85
82
56
9
41
130
81
119
127
38
23
83
11
69
76
119
78
143
1
54
129
32
12
93
122
37
97
22
30
111
138
8
111
42
90
38
72
80
104
46
2
130
9
130
82
144
4
13
98
23
25
1
68
52
74
91
120
35
112
134
105
34
6
19
29
10
136
32
121
4
84
75
89
16
36
12
109
141
52
140
136
59
131
3
58
21
21
31
115
5
124
92
81
101
24
105
64
128
139
94
13
15
78
100
123
89
143
93
22
45
73
71
138
20
114
33
87
65
116
73
132
11
50
135
106
59
94
33
1
5
43
63
27
11
51
57
53
7
84
103
107
15
67
62
131
47
78
77
45
86
123
91
106
82
102
93
49
9
76
55
71
112
107
85
109
125
19
118
127
133
48
6
41
53
135
96
65
122
75
85
95
39
23
2
142
119
143
87
47
88
60
114
26
66
124
57
60
139
92
86
74
25
80
76
126
99
30
49
40
64
90
132
51
70
43
101
110
42
17
98
29
55
48
27
144
70
127
68
44
97
83
7
108
61
133
38
118
119
3
50
126
44
58
96
79
88
12
10
129
54
129
31
8
100
54
125
72
66
62
56
140
134
141
113
128
32
102
20
18
137
83
137
61
115
63
35
122
69
28
142
108
14
77
110
116
121
14
67
18
39
28
17
79
40
95
99
16
24
26
81
34
69
113
120
41
37
36
46
104
56
117
117
103
37
133
121
109
110
122
123
135
134
133
121
109
97
85
73
61
49
37
25
26
27
15
3
4
5
6
7
8
20
21
9
10
22
23
24
36
48
47
35
34
33
32
31
19
18
30
42
43
44
56
68
69
81
80
79
67
55
54
66
78
77
76
88
87
86
98
99
111
112
113
125
137
136
124
112
100
101
102
103
91
90
89
101
100
88
89
90
78
77
65
53
41
29
17
16
28
40
52
64
63
51
39
38
50
62
74
75
63
51
52
40
41
29
30
42
43
44
45
57
58
46
34
33
45
57
69
70
82
94
93
92
104
105
117
118
106
107
119
131
130
129
141
142
143
144
132
120
108
96
95
83
71
59
60
72
84
96
108
107
106
118
117
116
128
140
139
138
126
127
115
114
113
125
124
123
111
99
87
75
76
64
65
53
54
66
67
79
91
103
102
114
126
127
115
116
128
129
130
131
119
120
132
144
143
142
141
140
139
138
137
136
135
134
122
110
98
97
85
86
74
73
61
62
50
49
37
25
26
38
39
27
28
16
15
14
2
14
13
1
13
1
2
3
4
5
17
18
6
7
19
31
32
20
8
9
21
22
10
11
12
24
12
11
23
35
36
48
47
46
58
70
71
59
60
72
84
83
95
94
82
81
93
105
104
92
80
68
56
55
144
143
142
130
118
106
107
95
83
71
72
84
96
108
120
119
131
132
120
108
96
84
83
82
94
93
81
80
68
67
55
54
53
65
77
78
79
91
103
115
114
113
125
126
138
137
136
135
123
111
112
124
136
137
138
139
140
141
129
117
116
128
127
115
116
104
105
93
92
80
79
67
66
54
42
43
44
45
57
58
59
47
46
34
35
23
22
21
9
8
20
32
31
19
7
6
18
17
29
41
40
28
27
26
25
13
1
2
14
15
3
4
5
6
7
8
9
10
11
12
24
36
48
60
72
71
70
69
68
56
55
43
42
30
29
41
40
39
38
50
62
63
51
52
64
76
75
74
73
85
86
87
88
89
90
102
101
100
99
98
110
122
134
133
121
109
97
85
73
61
49
61
62
74
75
87
86
98
97
109
110
122
121
133
134
135
123
124
112
111
99
100
101
113
125
126
114
102
103
104
92
91
90
89
88
76
77
78
66
65
53
52
64
63
51
50
49
37
25
37
38
39
27
26
14
13
1
2
3
15
16
28
16
4
5
17
18
30
31
19
20
21
33
34
35
23
22
10
11
12
24
36
48
60
59
47
46
45
33
32
44
56
57
58
70
69
81
82
94
106
105
117
118
130
129
128
127
139
140
141
142
143
144
132
131
119
107
95
13
105
28
60
71
92
143
18
99
45
2
88
102
3
88
71
134
79
85
1
7
21
125
16
95
66
126
116
53
12
40
101
130
82
29
142
119
117
55
140
144
8
70
63
38
23
23
93
141
136
86
35
57
2
49
34
83
84
84
27
13
48
6
135
54
79
91
134
38
14
138
87
9
74
100
44
74
64
80
143
52
104
42
106
29
11
127
5
113
111
133
129
104
112
107
103
32
76
139
4
68
120
127
7
109
120
92
67
81
22
27
136
70
90
8
54
18
10
72
138
12
93
90
137
57
112
63
48
100
36
37
137
69
50
45
34
102
123
32
30
46
124
108
131
121
139
97
17
49
125
20
59
60
43
44
113
58
58
36
52
110
9
24
101
50
135
47
75
14
41
78
59
99
6
114
128
16
75
69
97
117
39
122
121
43
26
129
94
61
103
119
91
47
76
122
35
89
21
131
17
118
5
81
31
1
25
98
64
42
30
123
41
109
115
66
114
62
94
87
140
3
132
15
39
128
24
130
82
62
65
10
31
73
86
40
20
116
95
72
15
77
67
51
132
106
55
124
107
80
33
83
96
4
144
28
126
142
22
78
51
85
19
61
115
141
118
19
89
56
37
98
46
53
65
111
68
96
133
26
77
33
56
108
110
25
11
73
105
29
99
77
82
73
106
10
37
1
114
97
12
70
113
137
60
131
45
63
126
84
51
52
17
94
78
16
21
20
90
84
128
105
92
64
42
39
125
141
130
67
118
85
93
120
38
71
32
46
62
132
2
2
40
43
115
116
105
66
18
123
47
48
131
12
29
77
68
74
38
30
102
102
68
140
22
62
61
89
55
101
23
13
65
28
46
142
25
100
37
138
86
87
138
110
55
130
91
87
61
7
134
19
135
115
110
97
9
64
126
27
17
75
20
108
54
103
135
6
108
49
144
1
49
52
33
32
30
107
117
127
6
41
34
4
112
53
136
14
41
143
85
50
18
75
24
31
123
109
111
136
3
91
4
121
47
3
35
83
117
19
15
140
74
134
116
101
82
88
94
88
8
63
81
76
139
36
71
137
56
26
96
103
124
119
33
31
53
113
35
51
26
83
139
10
43
118
72
14
21
39
96
76
50
36
7
129
122
124
40
70
80
24
69
112
104
129
59
5
132
99
54
79
22
106
11
107
44
42
56
34
98
141
89
133
45
78
80
8
58
13
79
65
23
143
109
144
72
122
111
28
67
93
66
25
104
100
119
16
125
44
121
95
95
57
57
86
128
90
127
11
142
5
114
120
9
98
81
92
69
73
27
48
60
58
133
59
15
12
24
36
48
47
59
60
72
84
96
108
120
132
144
143
131
130
142
141
129
117
105
104
92
93
81
82
70
69
68
67
55
43
42
30
31
32
20
21
33
34
22
23
11
10
9
8
7
6
5
17
16
4
3
2
1
13
25
37
38
26
14
15
27
39
40
52
53
65
77
76
64
63
51
50
62
74
86
98
97
85
73
61
49
37
25
26
27
28
29
41
40
28
29
30
18
19
31
43
44
45
57
56
68
80
79
91
90
78
66
54
55
56
44
32
33
45
46
58
57
69
70
71
83
95
94
106
107
119
118
117
116
128
140
139
127
126
138
137
125
124
136
135
123
122
134
133
121
109
110
111
99
87
88
100
101
102
103
115
114
113
112
111
99
100
88
89
101
102
103
104
116
128
140
139
138
126
127
115
114
113
112
124
125
137
136
135
123
122
134
133
121
109
110
98
97
85
86
87
75
76
75
63
62
74
73
61
49
50
38
39
51
52
64
65
53
41
42
54
66
67
79
78
77
89
90
91
92
80
81
82
83
71
59
58
46
34
35
47
35
23
22
21
20
19
18
17
16
15
14
13
1
2
3
4
5
6
7
8
9
10
11
12
24
36
48
60
72
84
96
95
107
108
120
119
131
132
144
143
142
141
129
130
118
106
105
93
94
144
132
120
119
118
117
129
128
127
126
138
139
140
141
142
130
131
143
142
141
140
139
127
115
116
104
103
91
90
78
77
65
53
54
55
67
79
80
81
82
70
58
59
71
72
60
48
36
35
34
46
47
48
60
72
84
96
108
107
106
94
95
83
82
94
93
105
104
92
91
79
78
66
65
64
76
88
100
101
113
125
124
112
111
123
122
110
98
97
85
86
87
75
74
73
61
62
50
51
52
40
39
27
15
3
2
1
13
14
26
25
37
49
61
73
85
97
109
121
133
134
135
136
137
138
126
114
102
90
89
77
76
64
63
51
52
40
28
16
17
18
30
29
41
42
43
31
19
7
8
20
32
44
56
68
69
57
45
33
21
22
23
24
12
11
10
9
8
7
6
5
6
18
19
31
32
20
21
9
10
22
23
11
12
24
36
35
47
46
34
33
45
57
58
59
71
70
69
81
93
92
80
68
56
44
43
55
67
66
54
53
41
42
30
29
17
5
4
3
4
16
28
27
15
14
2
1
13
25
26
38
39
38
37
49
50
62
63
75
74
86
98
99
111
123
122
110
109
121
133
134
135
136
137
125
124
112
100
99
87
88
89
101
113
114
102
103
115
116
117
105
106
118
119
107
95
83
84
96
108
120
132
144
143
131
130
129
128
55
27
83
88
23
123
9
32
106
48
82
91
84
119
37
24
97
59
58
20
75
77
141
70
42
92
63
76
62
77
78
82
128
45
97
99
12
118
41
89
39
13
57
32
127
68
19
67
127
79
116
7
98
112
136
138
132
57
7
85
3
99
81
29
111
80
88
13
69
33
54
49
52
110
25
94
116
81
140
27
118
87
6
2
124
56
90
95
135
3
117
139
8
40
60
25
36
16
137
11
19
101
140
66
115
71
33
64
132
76
103
50
5
53
2
89
125
94
105
15
58
86
124
9
55
109
28
122
107
128
52
51
103
129
64
21
8
104
113
78
133
138
79
15
14
111
102
72
73
16
129
117
126
122
1
21
1
30
23
144
22
144
135
121
22
30
142
72
120
133
42
60
139
62
26
14
143
31
44
26
68
71
74
49
108
65
39
93
4
17
86
66
38
80
41
130
100
83
53
35
46
112
46
87
18
102
106
142
70
5
137
11
40
10
74
6
65
18
85
131
93
131
17
110
123
35
43
50
119
96
96
12
136
36
34
47
120
63
20
28
107
114
92
141
125
121
4
37
113
73
24
90
105
108
10
101
95
109
47
69
91
51
98
43
67
115
38
104
143
34
61
31
29
44
114
54
134
61
59
130
45
126
84
100
48
134
56
75
78
94
22
121
144
122
138
75
31
93
2
30
64
132
12
70
140
144
143
35
61
137
79
121
41
137
125
110
44
91
139
126
37
64
47
18
75
98
67
15
54
117
114
83
82
48
108
134
58
106
49
129
100
68
142
88
135
66
29
7
124
93
11
16
142
35
113
27
47
56
33
92
19
63
4
23
120
25
7
31
136
80
127
10
53
127
99
71
21
44
141
73
50
101
8
133
131
141
34
45
43
72
82
128
14
37
70
1
102
114
115
104
109
28
53
100
65
110
6
26
39
17
84
42
12
91
16
135
32
45
117
111
124
33
46
21
3
111
99
67
118
40
105
29
14
81
131
76
123
96
54
63
22
34
112
95
130
106
28
38
62
115
32
126
73
103
94
68
51
57
95
107
51
107
125
25
1
55
109
139
30
138
41
87
136
3
56
86
55
69
123
18
38
59
78
76
17
2
66
143
85
130
49
104
133
5
112
105
13
62
8
118
74
15
11
23
71
89
90
13
72
108
140
26
20
4
60
24
129
19
97
77
84
96
43
40
116
77
36
42
102
132
59
36
86
119
79
9
27
87
60
88
5
90
10
97
52
24
48
81
101
6
9
116
39
85
46
83
57
119
58
103
89
52
92
65
134
98
50
20
113
128
122
120
74
80
61
69
