##Rat 6 Day 22
 ##rewards
83
94
16
##Vertices
50
134
49
128
19
129
144
80
52
66
4
108
74
32
82
142
88
12
26
1
135
81
130
87
84
91
62
143
7
104
109
136
138
17
71
14
134
91
109
14
11
94
75
125
37
97
73
63
133
54
31
78
120
53
39
3
7
42
72
61
131
82
32
133
40
39
137
76
100
56
114
102
55
25
140
121
67
112
96
141
104
101
81
114
44
128
108
31
63
102
22
57
16
118
122
12
71
26
90
132
93
87
117
17
90
33
55
51
46
84
61
2
96
126
20
106
30
23
4
89
34
85
93
100
58
44
16
5
123
65
83
3
69
47
62
25
144
59
41
143
68
126
47
76
89
13
24
107
99
9
78
142
18
54
79
140
35
103
48
38
64
105
95
67
129
29
49
57
85
83
8
139
113
70
40
116
51
124
48
124
80
15
119
8
27
19
125
42
18
37
77
127
92
30
28
68
35
27
127
92
98
121
88
52
116
117
11
97
15
66
43
74
36
72
94
135
132
73
33
22
107
115
5
75
29
118
110
59
60
113
77
86
123
64
60
112
137
20
36
115
45
70
99
10
111
141
21
10
98
50
105
13
131
110
103
41
34
69
45
136
58
138
28
65
2
56
6
130
23
120
38
21
79
101
9
53
1
119
106
43
122
95
139
46
86
6
24
111
83
50
28
72
73
96
58
20
57
33
110
42
100
114
105
105
30
77
95
29
64
52
52
14
28
103
58
135
51
18
119
136
45
134
57
95
56
5
64
16
60
144
142
104
127
67
143
116
107
123
54
125
79
141
139
107
75
128
30
8
7
138
34
3
87
74
51
35
17
91
78
81
22
16
91
126
75
129
70
118
92
74
77
132
4
66
136
139
31
97
25
37
23
101
44
40
55
90
15
86
39
82
137
12
66
131
115
18
98
131
125
38
100
142
62
45
108
2
137
11
26
78
117
48
99
122
50
85
39
93
61
120
120
119
43
69
89
40
46
111
69
47
111
80
124
76
12
86
70
97
35
101
88
126
19
7
34
90
114
83
94
138
112
87
68
59
81
84
43
31
116
88
1
36
46
115
122
112
6
104
19
32
121
106
27
4
48
5
117
1
80
144
13
23
25
99
93
9
123
24
61
49
113
62
71
135
2
55
72
134
140
59
130
110
113
124
11
53
92
24
98
133
84
21
67
13
85
37
27
73
71
106
10
127
109
63
38
41
9
8
17
130
63
68
89
118
42
76
96
36
14
49
109
32
103
21
10
53
29
33
128
22
102
65
129
26
94
141
15
47
60
56
54
140
132
20
3
82
108
41
44
143
133
6
79
65
121
102
12
11
23
35
36
24
12
11
10
22
21
20
32
44
43
55
67
66
65
64
63
51
52
40
39
38
50
49
61
62
74
73
85
86
98
99
111
110
109
97
85
73
61
49
37
25
26
14
13
1
2
3
15
27
28
16
4
5
6
18
30
31
19
7
8
9
10
22
34
33
45
57
69
81
93
92
91
79
80
68
56
57
58
46
47
48
60
72
71
83
84
96
95
107
119
120
108
96
84
72
60
59
71
70
82
94
106
105
104
103
115
127
128
140
139
138
137
125
113
112
124
136
135
134
122
123
111
112
100
101
89
90
102
114
126
138
139
140
141
129
130
131
132
144
143
142
141
129
117
116
104
103
91
92
80
68
56
55
54
53
41
29
17
5
4
16
28
40
52
64
76
77
78
79
67
66
78
90
102
101
113
114
115
116
128
127
126
125
137
136
124
123
135
134
133
121
133
121
122
110
109
97
98
99
87
86
74
62
50
38
37
25
26
14
13
1
2
3
15
27
39
51
63
75
87
75
76
88
100
88
89
77
65
53
54
42
43
44
32
31
30
42
41
29
17
18
6
7
19
20
8
9
21
33
45
46
34
35
23
24
36
48
47
59
58
70
69
81
82
94
93
105
117
118
106
118
119
131
130
142
143
144
132
120
108
107
95
83
144
143
131
119
120
108
96
84
72
60
48
36
35
47
46
45
57
56
44
32
31
19
7
6
5
17
16
4
3
15
14
2
1
13
25
37
38
39
40
52
53
41
29
28
27
26
25
37
49
50
51
63
64
65
66
54
42
43
55
67
68
69
81
82
70
58
59
71
83
95
94
93
105
117
116
128
140
139
127
126
138
137
125
124
136
135
134
122
110
109
97
85
73
61
62
74
86
98
99
100
101
102
114
113
112
111
123
135
136
137
138
139
140
141
142
130
129
117
118
106
107
108
96
95
94
82
81
80
79
78
90
91
103
115
127
126
125
124
123
111
112
113
114
102
101
89
88
87
75
76
77
65
66
67
68
69
57
45
33
34
22
23
11
10
9
21
20
8
7
6
18
19
20
8
9
21
22
10
11
12
24
12
24
23
35
36
48
60
72
84
83
71
70
58
59
47
46
34
33
32
44
56
55
43
31
30
18
17
5
4
16
28
29
30
42
54
53
41
40
39
27
15
3
2
1
13
14
26
38
50
49
61
73
74
62
63
51
52
64
76
75
87
86
85
97
109
121
133
134
133
121
122
110
98
99
100
88
89
77
78
90
91
79
80
92
104
105
106
107
119
118
130
131
132
120
132
144
143
142
141
129
128
116
115
103
104
92
93
84
41
25
143
91
112
47
57
109
132
122
141
139
55
130
28
106
75
96
133
100
114
55
57
16
110
5
136
48
100
20
18
69
110
68
19
40
95
105
37
114
70
92
61
127
59
90
29
3
11
143
109
93
134
34
137
78
94
98
115
140
6
107
108
134
7
29
129
30
4
87
12
97
60
120
89
36
141
108
15
43
39
21
9
44
22
96
60
94
112
101
1
27
26
63
34
118
41
75
80
47
54
66
26
104
64
92
53
30
10
103
99
63
45
46
86
77
98
113
128
31
24
67
133
116
67
69
73
19
82
2
17
27
82
103
81
14
91
123
144
144
17
48
72
7
121
126
139
81
132
53
49
83
131
56
117
80
9
24
111
50
42
59
39
66
129
87
111
115
54
13
142
8
32
64
123
95
120
116
83
135
90
37
99
44
88
86
124
45
40
136
13
4
78
14
118
25
126
97
85
42
10
2
88
22
124
33
35
33
49
65
107
125
135
52
5
3
62
61
142
71
1
84
71
38
131
62
127
8
58
58
117
35
73
68
23
16
122
11
50
15
21
23
32
119
31
85
125
20
130
28
74
104
51
138
79
140
65
128
52
76
46
102
51
77
101
102
43
79
106
74
137
72
38
138
121
6
56
89
36
70
76
113
93
119
12
105
18
108
78
134
4
110
71
105
98
51
99
80
68
73
125
76
118
40
47
100
108
143
30
109
45
109
81
20
96
6
21
32
76
53
126
113
34
72
140
104
134
85
39
48
141
23
62
137
7
29
4
75
93
123
111
90
37
44
136
120
13
25
14
61
36
55
96
116
95
49
116
37
63
62
104
129
97
63
43
121
87
87
124
38
1
15
55
19
106
127
127
131
8
52
60
54
84
142
28
16
64
138
72
84
106
135
57
101
66
144
94
122
58
114
75
77
36
12
30
3
110
86
132
33
69
66
65
83
98
90
23
52
95
51
50
103
46
89
17
112
80
18
82
48
56
121
69
10
89
82
114
2
38
115
135
77
26
105
93
56
6
22
140
91
32
131
123
53
144
139
12
71
7
31
94
31
129
18
58
92
122
16
143
78
25
107
74
41
2
24
35
44
26
15
130
39
42
43
22
128
102
100
142
65
14
59
11
119
130
5
112
41
67
70
40
113
70
79
46
67
120
88
107
49
20
117
99
125
124
79
133
5
81
11
24
29
10
17
9
50
73
111
115
28
119
137
132
83
45
34
133
47
103
59
102
85
92
141
8
91
27
13
9
128
19
126
27
64
74
101
21
3
138
117
42
86
54
118
60
68
139
61
88
35
97
1
136
33
57
133
121
122
123
135
136
137
138
139
140
141
142
130
129
117
105
104
92
93
94
82
83
84
72
60
59
47
48
36
35
23
24
12
11
10
9
21
33
45
44
56
57
58
46
34
22
10
9
8
20
32
31
43
55
67
68
69
81
80
79
91
103
102
114
115
116
128
127
126
125
113
101
100
99
87
86
85
73
74
62
61
49
50
38
37
25
13
14
15
3
4
5
6
7
19
18
17
16
28
40
52
64
63
51
39
27
26
25
37
49
61
73
85
97
109
110
98
99
111
112
124
136
137
125
113
114
102
90
78
66
65
77
76
75
74
62
50
38
26
27
39
51
63
64
52
53
41
29
30
42
54
55
67
79
91
103
104
105
106
118
119
131
132
120
108
107
95
96
84
72
71
83
95
96
108
107
119
120
132
144
143
144
143
131
130
142
141
140
139
138
126
127
115
116
128
129
117
118
106
94
93
92
80
81
82
70
71
59
60
48
47
46
58
70
69
68
56
57
45
33
34
35
36
24
12
11
23
22
21
20
8
7
6
18
19
31
32
44
43
42
30
29
17
5
4
3
2
1
13
1
2
14
15
16
28
40
41
53
54
66
65
77
78
90
89
88
100
112
124
123
111
110
122
134
135
134
133
121
109
97
98
86
87
75
76
88
89
101
1
13
25
26
14
15
3
4
16
28
40
41
29
30
31
19
18
17
5
6
7
8
9
10
22
23
11
12
24
36
48
60
59
58
46
47
35
34
33
45
57
56
44
43
55
67
68
69
70
71
83
82
94
93
81
80
79
91
92
104
105
106
118
119
120
132
144
143
131
130
142
141
140
139
138
126
127
115
114
113
101
102
90
78
66
54
42
41
53
65
77
89
88
76
75
63
64
52
51
50
62
74
86
87
99
98
97
109
110
111
123
122
134
133
121
109
97
85
73
61
49
37
38
39
27
28
29
30
42
54
55
43
31
32
20
21
9
10
22
34
46
58
70
82
94
95
96
108
107
106
118
117
129
128
116
115
103
102
114
113
112
100
101
89
77
76
88
100
112
124
136
137
125
124
125
137
138
126
127
139
140
141
142
143
144
132
120
108
96
84
72
71
59
47
35
23
11
12
24
36
48
60
72
84
83
95
107
119
131
130
129
128
116
117
105
104
103
91
90
78
66
67
79
80
92
93
81
69
68
56
57
45
44
32
33
21
20
8
7
19
18
6
5
17
16
15
27
39
40
52
53
65
64
63
51
50
62
74
75
87
99
111
123
135
136
135
134
133
121
122
110
98
86
85
73
61
49
37
38
26
25
13
1
2
14
2
3
4
20
115
120
54
9
38
40
65
84
97
43
23
34
99
127
74
103
96
71
136
29
144
130
5
47
23
10
44
26
20
21
11
76
72
119
50
112
46
100
17
58
62
132
51
99
61
72
32
87
53
137
32
110
19
138
134
22
113
51
33
36
93
48
127
137
56
91
17
43
139
53
111
16
2
110
139
82
131
104
109
98
78
73
70
119
52
116
108
37
58
24
6
102
143
71
87
39
57
11
55
67
114
41
29
1
85
27
50
86
18
67
123
76
106
132
42
64
79
60
120
84
142
13
81
49
14
102
63
124
3
116
44
10
63
81
70
57
143
93
128
12
8
89
135
92
117
75
56
83
80
95
94
3
14
4
101
135
86
107
61
15
26
117
55
60
79
49
52
68
25
107
69
30
74
112
133
113
88
104
105
129
36
136
122
141
4
22
140
101
124
33
37
97
54
98
96
46
88
118
92
45
40
133
59
16
77
108
118
75
27
45
31
28
80
31
34
1
85
105
121
35
35
129
134
103
18
47
7
19
82
21
13
144
90
15
28
30
73
5
114
141
109
62
89
125
95
122
83
38
68
125
115
77
66
142
126
138
41
25
90
94
6
78
42
65
24
59
64
106
128
121
131
123
111
2
66
9
39
130
126
140
91
48
12
100
8
69
7
58
103
30
45
75
95
130
8
76
12
79
67
124
136
39
2
82
18
122
40
102
92
47
69
120
125
127
128
99
87
16
22
26
24
19
62
98
72
119
9
57
135
36
38
133
114
66
144
36
78
32
113
16
71
96
30
10
127
83
116
109
140
114
136
22
130
3
42
108
123
121
53
49
51
4
48
58
62
88
95
75
87
35
56
92
70
35
7
108
55
128
67
59
65
132
57
124
44
116
42
14
46
46
85
74
54
24
138
115
105
23
73
43
139
2
73
118
72
81
5
76
53
135
125
41
6
142
11
14
21
115
100
117
84
104
66
85
122
123
129
134
8
111
94
33
113
141
69
93
40
25
17
37
120
68
37
13
52
119
111
94
50
107
80
83
56
29
20
102
134
61
43
33
68
44
9
101
84
90
104
86
110
81
106
32
86
82
13
12
31
131
97
28
100
64
1
91
71
78
131
112
79
137
101
29
129
25
47
74
55
77
39
15
65
6
17
63
141
98
41
140
64
118
15
60
48
117
99
93
21
23
91
107
60
126
142
132
20
63
26
34
90
10
137
27
139
126
144
31
50
61
19
27
52
54
1
28
133
45
97
112
105
138
3
18
110
80
34
49
77
7
5
11
70
4
88
109
59
89
143
103
106
121
38
51
89
96
143
1
13
25
26
27
28
16
17
18
19
7
6
5
4
3
15
14
2
3
4
5
6
18
30
29
41
42
54
55
67
68
80
92
91
90
78
66
65
64
63
75
87
86
74
73
85
97
109
110
111
99
98
97
85
73
61
49
37
38
39
51
50
62
63
51
52
40
41
53
54
66
67
79
80
81
69
57
45
44
32
20
21
33
34
22
23
35
47
48
60
59
58
70
71
72
84
83
95
94
93
105
106
118
130
142
143
144
132
131
119
120
108
96
84
72
60
48
36
24
12
11
10
9
8
7
19
31
43
55
56
68
69
81
82
94
93
105
117
129
128
127
115
116
104
103
102
114
126
138
137
125
113
101
89
77
76
88
100
112
124
123
122
121
133
134
135
136
137
138
139
140
139
127
126
114
113
125
124
136
135
123
122
134
133
121
109
110
98
99
111
112
100
88
87
86
74
75
76
64
52
53
65
77
89
101
102
90
78
79
91
92
104
103
115
116
128
140
141
142
141
129
117
118
130
131
143
144
132
120
119
107
106
107
108
96
95
83
82
70
71
59
47
46
34
22
23
35
36
24
12
11
10
9
8
20
21
33
45
46
58
57
56
44
32
31
43
42
30
29
28
40
39
27
26
38
50
62
61
49
37
25
13
1
2
14
15
16
17
144
143
142
141
140
128
129
117
118
106
105
104
103
102
114
113
101
89
90
78
77
65
64
76
75
63
62
61
73
85
86
74
75
87
88
100
112
124
125
137
136
135
134
133
121
122
110
109
97
98
99
111
123
135
136
137
138
126
127
115
116
117
118
130
131
119
120
108
96
84
83
82
94
93
92
80
79
91
90
89
88
87
99
100
101
102
103
104
105
106
107
95
96
84
72
71
70
69
68
56
44
32
33
45
46
47
48
36
24
23
22
34
35
36
48
60
59
58
57
45
33
21
9
8
7
19
31
43
55
54
53
52
51
50
49
37
25
13
1
2
3
4
16
17
5
6
18
30
42
41
40
28
29
41
40
39
27
15
14
26
38
39
27
28
29
30
42
54
66
67
55
56
68
67
66
65
53
52
51
63
64
76
77
78
79
91
92
93
94
95
83
82
81
80
81
69
57
58
70
71
72
60
59
47
46
34
35
23
22
10
11
12
24
12
11
10
9
8
20
21
20
32
44
43
31
19
7
6
18
17
5
4
16
15
3
2
1
13
14
26
25
37
38
50
49
61
62
74
73
85
86
98
97
109
121
133
134
122
110
111
123
124
112
113
125
126
114
115
116
128
127
139
138
139
140
141
129
130
142
143
131
119
107
108
120
132
144
132
