##Rat 3 Day 45
 ##rewards
127
116
38
##Vertices
144
143
131
132
120
119
107
108
96
95
94
106
105
93
81
82
83
84
72
60
59
71
70
58
46
34
33
21
20
32
44
56
68
69
57
45
46
47
48
36
35
23
24
12
11
10
9
8
7
6
18
19
31
43
55
54
66
78
90
91
103
102
101
100
88
76
77
65
64
63
51
52
40
39
38
50
49
37
25
13
1
2
14
26
27
28
16
15
3
4
5
17
29
41
53
54
42
30
31
43
42
30
29
41
53
65
64
76
75
74
86
98
110
122
123
124
136
137
125
126
114
113
112
111
99
87
88
89
101
100
99
87
75
63
62
61
73
85
97
109
121
133
134
135
136
137
138
139
140
128
127
115
116
117
118
130
142
141
129
117
118
106
94
82
81
80
92
104
116
115
114
113
112
124
125
126
138
139
127
128
140
141
129
130
142
143
144
132
131
119
120
108
107
95
96
84
83
71
72
60
59
58
70
69
68
80
79
78
77
89
90
102
103
104
105
93
92
91
79
67
66
67
55
56
57
45
44
32
33
34
22
21
22
23
35
47
48
36
24
12
11
10
9
8
20
19
7
6
18
17
5
4
16
15
3
2
1
13
14
26
25
37
38
39
27
28
40
52
51
50
49
61
62
74
73
85
86
98
97
109
110
122
121
133
134
135
123
111
12
24
23
11
10
22
21
9
8
20
32
33
45
44
43
31
19
7
6
5
17
18
30
29
28
27
39
38
50
51
52
53
54
42
41
40
28
16
4
3
15
14
2
1
13
25
37
49
61
73
74
62
63
64
65
77
78
79
80
68
69
81
93
105
104
103
91
90
102
114
113
101
100
112
124
125
137
136
135
134
133
121
122
123
111
99
98
110
109
97
85
86
87
88
89
77
76
75
63
64
76
75
87
88
89
90
102
103
115
127
128
129
130
131
119
107
108
96
95
83
82
94
106
118
117
116
104
92
93
105
117
116
115
114
126
138
139
140
141
142
143
144
132
120
108
96
84
72
60
59
71
70
58
46
34
35
36
48
47
46
34
33
32
31
43
55
56
57
58
70
82
94
106
107
95
83
84
72
71
59
60
48
47
35
36
24
12
11
23
22
10
9
21
20
8
7
19
18
6
5
17
29
30
42
54
55
67
79
91
92
80
81
69
57
45
44
56
68
67
66
78
66
65
53
41
40
52
51
39
27
26
38
26
14
15
16
4
3
2
1
13
25
37
49
50
62
61
73
74
86
85
97
98
110
109
121
133
134
122
123
135
136
124
112
111
99
100
101
113
125
137
138
126
127
139
140
128
129
141
142
130
131
143
144
132
120
119
118
131
59
68
120
26
124
103
88
120
112
4
92
103
127
123
49
106
41
42
122
35
74
2
1
32
53
113
8
116
107
90
38
6
75
55
16
90
140
66
69
54
10
101
61
33
70
142
126
62
45
87
97
20
125
8
94
25
61
33
58
37
1
43
143
30
121
40
71
5
44
89
83
141
96
15
97
119
129
56
57
98
134
115
48
36
52
16
96
104
69
100
56
50
49
139
45
40
94
113
39
44
125
144
70
42
119
108
108
51
22
7
18
105
54
92
139
27
93
80
51
88
104
84
123
141
132
60
79
26
31
126
84
143
117
135
80
34
142
41
37
50
91
28
111
109
66
68
67
20
73
131
98
100
86
24
52
133
55
27
116
14
89
82
39
31
4
111
73
63
67
137
48
35
22
133
85
118
77
47
132
10
60
76
82
46
128
74
122
110
15
5
91
65
71
78
57
134
53
7
136
121
30
75
93
63
129
99
81
29
76
17
29
107
13
81
32
21
6
95
78
144
72
137
9
109
24
11
101
34
135
102
77
25
136
79
114
138
59
114
12
85
65
47
99
64
11
38
130
18
128
86
46
102
21
95
43
83
115
13
23
130
36
106
127
3
23
62
2
3
112
58
9
72
140
28
117
14
110
124
138
12
19
64
19
118
87
17
105
133
84
140
117
110
69
47
32
2
24
141
79
23
139
76
8
113
31
29
55
133
69
25
104
110
108
50
101
138
117
53
139
137
103
39
51
68
3
78
66
33
89
99
23
90
52
106
103
127
106
111
119
48
77
131
2
67
92
34
125
30
36
4
21
37
45
41
49
18
60
87
87
54
35
136
70
96
143
39
16
96
31
94
141
144
30
84
68
26
93
113
26
102
10
120
76
62
135
140
24
115
93
61
114
43
17
41
102
65
15
142
115
6
46
3
38
56
60
77
81
12
13
86
90
13
14
28
62
54
89
134
71
114
12
97
35
42
111
28
34
11
121
78
112
7
120
122
74
58
107
44
135
42
9
98
82
127
1
55
40
95
45
48
119
85
83
5
118
53
37
130
9
33
142
72
128
138
91
7
125
27
18
144
126
81
75
56
136
44
57
51
49
86
32
130
132
116
88
73
64
20
73
123
92
19
100
1
143
64
16
27
67
57
8
104
128
85
118
5
132
65
66
21
10
4
134
70
94
79
19
95
82
40
75
129
58
72
25
43
100
123
112
97
63
22
121
71
80
116
124
15
22
14
61
83
20
109
63
91
99
122
129
38
52
131
88
80
59
124
98
109
17
105
101
36
6
50
46
29
59
108
47
126
11
74
107
137
105
1
13
25
37
38
26
27
15
14
2
3
4
5
6
18
17
29
28
16
4
5
17
29
30
31
19
20
32
33
21
9
8
7
6
18
30
42
43
55
67
66
65
64
76
75
87
88
100
99
111
112
124
123
122
110
109
121
133
134
135
136
137
138
139
140
141
142
143
144
132
120
119
131
130
118
106
105
93
81
80
92
91
90
89
77
78
79
91
103
104
116
128
129
117
116
115
114
113
101
102
103
115
127
126
125
137
136
124
112
111
99
98
97
85
73
74
86
87
75
63
51
50
49
61
62
63
64
52
40
41
53
54
42
43
44
56
68
69
70
82
83
71
72
60
59
58
57
45
46
47
48
36
35
23
22
10
11
12
24
36
48
60
72
84
96
95
94
82
81
80
79
78
90
89
77
76
88
100
101
102
114
113
125
126
138
139
127
128
140
141
129
117
105
104
92
93
94
95
107
108
120
132
144
143
142
130
131
119
118
106
107
108
96
84
83
71
59
58
70
69
57
45
46
47
35
34
33
34
22
23
24
12
11
10
9
21
20
8
7
19
31
32
44
56
68
67
55
54
66
65
53
41
40
28
16
15
3
2
1
13
14
26
25
37
49
61
73
85
97
109
121
133
134
135
123
122
110
98
86
74
62
50
38
39
27
39
51
52
133
134
135
136
124
123
111
110
122
121
109
97
85
73
74
86
87
99
98
97
85
86
87
75
63
62
50
51
39
38
37
49
61
73
74
75
76
64
65
66
78
90
102
103
115
116
104
105
117
118
106
107
119
131
130
142
143
144
132
120
108
96
84
72
60
48
36
24
12
11
10
22
23
35
34
33
45
44
43
55
56
68
80
92
91
79
67
68
69
57
58
59
47
46
58
70
82
94
93
81
69
70
71
83
95
96
108
107
106
118
117
129
141
140
139
127
128
116
115
114
113
125
137
138
126
114
102
101
100
88
89
77
76
64
52
53
54
42
30
31
19
18
6
5
17
29
41
40
28
16
4
3
15
14
26
25
13
1
2
3
4
5
6
7
8
20
32
31
43
55
67
79
80
92
91
103
104
105
93
81
82
94
95
83
84
72
71
59
60
48
47
46
45
57
56
44
32
20
21
9
10
11
12
24
36
35
23
22
34
33
21
9
8
7
19
18
17
29
30
42
41
40
28
16
15
27
39
27
26
14
2
1
13
25
37
38
50
49
61
62
63
51
52
53
54
66
65
77
78
90
89
88
100
99
98
110
109
121
133
134
122
123
135
136
137
138
139
140
141
142
143
144
132
120
119
131
130
129
128
127
126
125
124
112
111
112
113
101
103
132
5
80
13
75
2
114
33
109
127
22
42
68
14
85
75
86
49
30
61
87
136
122
4
55
111
58
53
123
11
85
102
97
77
34
35
40
60
108
121
42
99
13
41
21
128
64
68
50
35
113
43
67
73
19
79
51
63
78
15
143
6
126
112
83
1
138
31
89
104
119
82
102
114
23
47
18
95
107
126
133
93
116
111
7
45
99
18
82
20
128
51
29
24
90
32
91
110
100
33
60
11
22
57
98
44
76
94
122
79
66
92
32
134
132
8
143
9
50
17
129
46
44
9
47
46
37
142
57
3
48
117
49
120
1
74
59
65
137
20
73
17
12
124
12
90
39
129
120
3
134
87
104
131
71
25
6
78
136
52
133
127
89
105
10
93
98
112
34
40
96
140
84
37
58
72
105
70
21
115
24
19
107
130
113
144
29
61
48
103
123
118
38
77
62
96
72
97
28
36
56
45
135
124
139
110
36
121
81
2
74
55
83
63
5
26
95
119
16
115
92
109
27
108
76
28
106
106
140
8
54
38
139
67
88
65
62
101
141
118
144
84
43
130
16
56
41
26
39
69
30
14
141
142
125
131
10
91
53
23
15
88
31
138
81
94
52
80
54
66
27
86
69
64
71
25
100
117
101
7
59
116
125
70
137
135
4
27
105
130
133
106
58
63
140
25
33
62
121
80
53
116
4
51
33
59
72
104
108
11
126
28
137
97
93
113
42
102
67
126
94
38
22
9
27
111
129
39
43
123
60
30
6
134
108
84
23
20
12
75
143
29
131
6
40
8
132
11
44
5
114
65
40
19
73
115
101
58
59
9
31
113
69
136
37
2
70
88
13
103
15
21
143
35
127
130
128
132
82
131
136
16
55
95
120
46
92
22
57
118
49
25
107
69
54
3
118
120
50
89
48
15
61
70
74
76
87
99
24
110
23
35
63
88
74
96
1
116
65
104
7
83
53
96
112
100
78
60
67
98
129
50
72
45
47
17
83
95
80
36
61
109
124
106
133
142
84
138
135
137
110
47
24
19
16
28
1
141
76
34
49
29
68
14
64
93
98
10
3
55
57
144
134
75
42
18
144
138
139
124
122
20
56
26
85
73
105
77
81
86
41
79
111
62
127
56
102
31
46
4
38
66
36
122
48
14
43
140
7
41
90
97
128
51
13
12
117
54
68
8
109
100
90
30
34
81
121
71
101
18
123
94
79
82
125
44
26
115
32
91
114
45
71
112
139
107
135
17
64
87
119
39
103
2
86
10
66
32
99
21
125
117
91
78
5
89
142
85
92
77
141
37
52
119
52
144
143
131
119
118
117
105
106
94
95
96
108
120
132
144
143
142
141
129
130
142
141
140
139
138
137
136
135
134
133
121
109
110
122
123
111
112
124
125
126
114
113
101
102
90
91
79
78
77
65
53
54
66
67
55
43
31
32
20
19
18
6
7
8
9
21
33
34
46
47
59
71
70
58
57
45
44
56
68
69
81
93
92
80
81
82
83
84
72
60
48
36
35
23
22
10
11
12
24
36
48
60
72
84
96
108
107
95
94
93
105
104
116
115
103
102
101
89
88
87
86
85
73
74
75
63
64
52
51
39
40
41
29
28
16
15
14
26
25
13
1
2
3
4
5
17
29
30
42
43
44
56
68
80
92
91
90
89
77
76
88
100
99
98
97
85
73
61
49
50
62
63
51
39
40
41
42
54
55
67
79
78
66
65
53
52
64
76
75
87
99
100
112
113
114
115
103
104
116
117
118
106
107
119
120
132
131
130
129
128
127
128
140
139
127
126
138
137
125
124
136
135
134
133
121
122
123
111
110
109
97
98
86
74
62
61
49
50
38
37
38
37
25
26
27
28
27
15
14
13
1
2
3
4
16
17
5
6
7
19
18
30
31
32
20
21
22
34
33
45
46
58
57
69
70
82
83
71
59
47
35
23
24
12
11
10
9
8
133
121
122
123
111
99
100
112
113
125
137
136
135
134
133
121
109
97
98
110
109
97
85
73
61
49
37
25
13
1
2
3
15
14
26
27
39
38
50
62
63
51
52
64
65
77
78
66
54
55
56
68
67
79
80
81
82
94
95
83
71
72
84
96
108
107
106
118
117
129
128
127
115
116
104
105
93
92
91
103
102
101
89
90
102
114
126
138
139
140
141
142
130
131
119
120
132
144
143
142
141
140
139
138
137
136
124
125
113
101
100
88
87
75
76
64
52
53
41
29
17
5
6
18
30
31
43
44
32
33
45
57
58
46
47
35
23
22
10
11
12
24
36
48
60
59
58
70
69
81
93
92
91
90
89
77
65
53
54
42
41
40
28
16
4
5
6
7
8
20
19
31
32
33
45
57
69
68
80
79
78
66
67
55
56
44
43
42
30
29
28
40
39
51
63
75
76
88
87
99
111
112
124
123
135
134
122
110
98
86
74
86
85
73
74
62
61
49
50
38
37
25
13
1
2
14
26
27
15
3
4
16
17
18
19
7
8
20
21
9
21
9
10
22
34
46
34
35
23
11
12
24
36
48
47
59
60
72
84
83
71
70
82
94
95
107
119
118
106
105
117
116
104
103
115
114
126
127
128
129
130
131
143
144
132
120
108
96
117
58
49
46
71
98
46
144
53
91
108
143
135
77
12
38
109
34
78
47
131
17
69
101
56
39
85
122
116
49
138
97
28
16
115
105
4
26
142
123
6
25
54
51
72
111
136
106
117
35
5
9
140
123
40
5
137
142
93
65
45
35
115
26
121
98
22
75
125
90
55
84
89
76
51
132
8
10
50
57
77
65
27
61
82
60
3
118
18
99
10
3
87
32
56
83
29
76
131
93
58
7
40
110
7
15
71
67
116
20
72
64
100
80
81
23
60
74
74
130
30
79
47
97
37
137
139
69
73
21
21
70
81
68
45
113
127
73
75
107
95
109
9
105
42
106
103
141
14
138
125
88
44
82
48
112
2
129
25
128
61
11
41
57
19
62
128
1
43
8
36
114
37
48
136
79
108
96
1
54
134
15
66
31
18
41
4
86
36
55
30
120
13
67
12
31
38
29
16
39
130
140
64
6
139
133
2
22
94
13
19
114
23
90
59
101
85
102
63
59
121
118
91
124
102
119
78
33
113
122
66
135
24
144
28
104
52
17
111
119
63
50
27
20
94
68
92
127
53
132
124
99
84
96
42
100
80
126
92
112
120
134
70
11
141
33
83
87
107
110
44
52
32
24
103
126
86
62
88
143
14
129
133
95
104
34
43
89
135
67
97
89
99
3
118
87
80
84
77
123
107
133
60
79
75
117
88
90
105
31
28
118
105
98
111
21
33
44
33
30
45
100
121
75
2
130
4
113
31
71
92
15
95
27
32
16
99
102
41
64
126
57
46
108
29
62
54
14
96
34
61
48
23
36
96
124
138
18
77
20
131
83
82
51
1
53
71
136
57
36
5
93
20
17
137
16
74
28
80
68
21
87
143
92
134
76
85
63
47
111
7
29
74
101
122
72
56
117
70
7
68
76
107
37
67
5
121
86
60
134
93
25
125
133
104
114
112
109
40
32
69
94
83
113
19
56
79
131
23
89
137
39
120
12
39
138
70
55
140
11
49
40
66
13
124
6
43
3
25
66
98
50
38
38
101
94
123
129
65
10
59
46
54
88
115
91
11
144
24
44
58
65
73
35
35
63
91
95
30
22
73
142
116
119
64
42
10
143
2
24
103
41
84
142
103
59
116
140
114
112
42
52
110
97
108
17
47
26
8
1
15
8
55
144
12
45
9
49
62
120
136
141
127
106
135
48
27
82
61
85
78
37
26
43
81
86
6
22
4
9
129
127
90
78
104
106
122
69
18
139
128
50
128
19
130
109
119
13
34
132
132
102
115
110
14
53
141
126
72
51
139
58
81
52
100
125
