##Rat 1 Day 35
 ##rewards
19
32
98
##Vertices
12
24
36
48
60
59
47
35
23
11
10
22
34
33
45
57
56
68
69
81
93
94
82
83
84
96
95
107
108
120
132
131
130
129
141
140
128
116
104
92
91
103
102
90
78
66
65
77
76
64
52
53
41
42
54
55
67
79
80
92
104
105
106
118
119
120
108
96
84
72
71
70
58
46
45
44
32
31
43
44
32
20
8
9
21
33
34
46
58
57
69
81
93
105
117
116
115
114
126
125
124
136
135
123
111
112
113
101
89
88
100
99
87
86
98
97
109
110
122
121
133
134
135
136
137
138
139
127
115
103
102
101
89
88
100
99
87
75
63
62
74
73
61
49
37
38
50
51
39
27
15
16
17
29
28
40
41
29
30
18
6
5
4
3
2
1
13
14
26
25
37
38
26
25
13
1
2
14
15
3
4
16
28
27
39
40
52
53
65
64
63
51
50
49
61
62
74
75
76
77
78
90
91
79
80
68
56
55
67
66
54
42
43
31
30
18
17
5
6
7
19
20
19
7
8
9
21
22
10
11
12
24
23
35
36
48
47
59
60
72
71
70
82
83
95
107
119
131
132
144
143
144
143
142
130
142
141
140
139
138
137
125
124
123
122
134
133
121
109
97
85
73
85
86
98
110
111
112
113
114
126
127
128
129
117
118
106
94
1
13
25
26
14
15
3
4
16
28
40
41
29
30
31
19
18
17
5
6
7
8
9
10
22
23
11
12
24
36
48
60
59
58
46
47
35
34
33
45
57
56
44
43
55
67
68
69
70
71
83
82
94
93
81
80
79
91
92
104
105
106
118
119
120
132
144
143
131
130
142
141
140
139
138
126
127
115
114
113
101
102
90
78
66
54
42
41
53
65
77
89
88
76
75
63
64
52
51
50
62
74
86
87
99
98
97
109
110
111
123
122
134
133
121
109
97
85
73
61
49
37
38
39
27
28
29
30
42
54
55
43
31
32
20
21
9
10
22
34
46
58
70
82
94
95
96
108
107
106
118
117
129
128
116
115
103
102
114
113
112
100
101
89
77
76
88
100
112
124
136
137
125
124
125
137
138
126
127
139
140
141
142
143
144
132
120
108
96
84
72
71
59
47
35
23
11
12
24
36
48
60
72
84
83
95
107
119
131
130
129
128
116
117
105
104
103
91
90
78
66
67
79
80
92
93
81
69
68
56
57
45
44
32
33
21
20
8
7
19
18
6
5
17
16
15
27
39
40
52
53
65
64
63
51
50
62
74
75
87
99
111
123
135
136
135
134
133
121
122
110
98
86
85
73
61
49
37
38
26
25
13
1
2
14
2
3
4
118
115
20
5
121
106
127
132
118
54
122
100
31
77
142
62
13
44
87
77
111
44
8
65
63
142
12
33
2
50
133
59
84
34
131
79
93
83
26
88
35
128
55
78
30
35
119
117
3
84
111
42
120
88
20
67
57
133
55
69
135
13
110
52
79
57
54
130
143
126
96
94
12
7
52
72
114
98
96
107
25
38
51
114
24
110
76
81
123
93
68
29
131
119
99
130
46
112
123
25
76
101
36
129
70
141
103
9
74
82
23
21
61
51
46
47
85
11
141
116
6
14
139
140
115
1
74
41
22
50
53
73
14
38
92
64
86
40
64
97
129
87
58
108
7
82
139
116
27
122
89
4
109
70
28
97
102
21
1
39
73
53
4
94
69
28
8
22
102
32
125
85
37
140
112
19
75
121
41
62
138
65
3
10
49
109
18
31
34
132
24
16
61
72
18
138
43
105
124
99
42
80
136
92
104
45
27
29
39
60
117
104
98
137
91
90
137
48
26
6
78
5
101
15
71
37
113
17
71
66
107
56
83
136
67
81
134
58
59
48
113
91
105
144
10
66
23
47
33
125
36
127
90
16
32
128
120
43
108
49
45
60
100
135
63
144
40
19
56
134
86
15
80
126
106
143
9
2
95
103
75
89
30
68
95
17
124
11
67
96
9
59
87
89
53
21
43
68
98
7
69
1
105
114
59
29
108
75
84
113
106
122
62
26
19
72
56
13
94
32
20
12
5
113
80
33
118
99
35
52
116
14
119
86
144
50
115
134
138
128
82
95
118
14
40
138
108
38
78
41
85
92
112
23
48
69
98
122
105
27
6
70
37
28
41
133
135
35
64
131
63
84
104
22
17
47
143
109
128
97
63
110
3
137
140
141
119
47
33
20
123
82
104
65
91
15
17
89
8
49
6
111
31
34
38
137
143
74
78
71
15
60
81
61
125
68
99
54
24
80
73
34
51
22
139
44
2
25
9
120
85
56
101
57
54
39
62
136
126
76
91
135
127
117
75
39
72
5
58
103
101
16
112
142
2
7
109
51
79
111
8
90
93
29
36
102
16
115
70
1
26
77
24
18
28
136
142
121
88
66
116
132
126
40
19
144
46
71
58
74
55
10
124
100
52
4
130
94
90
129
30
124
48
127
114
3
106
43
60
83
129
86
44
92
76
30
141
125
73
42
42
37
131
67
31
66
120
23
46
134
21
25
107
11
49
32
103
100
55
121
102
95
18
27
36
88
96
53
45
93
50
13
81
65
139
45
123
110
61
130
57
140
117
64
4
79
107
83
77
10
97
12
133
132
87
11
133
121
109
110
122
123
135
136
124
112
100
101
113
114
115
127
126
125
137
138
139
140
141
142
130
131
143
144
132
120
108
96
95
94
106
107
119
118
117
105
93
92
104
103
91
79
80
81
82
83
71
70
58
57
69
68
67
55
56
44
45
46
34
35
36
24
12
11
23
22
10
9
8
7
6
18
19
31
30
29
41
42
54
66
78
90
102
101
89
77
65
53
52
64
63
75
76
88
87
86
74
62
50
51
39
38
37
25
26
27
15
14
2
1
13
25
37
49
61
73
85
97
98
99
111
112
113
114
102
90
91
103
115
116
128
129
141
142
130
118
106
94
82
70
58
59
60
48
47
46
34
33
21
20
32
31
43
42
30
29
28
40
41
53
65
64
52
40
28
16
4
5
17
16
17
5
6
18
19
7
8
9
10
11
12
24
36
48
60
72
84
83
95
107
119
131
143
144
132
120
108
96
84
72
71
59
47
35
23
22
21
20
32
33
45
44
43
55
54
66
78
79
67
68
56
57
69
81
80
92
93
105
104
116
117
129
128
140
139
127
126
138
137
125
124
123
111
99
100
88
89
77
76
75
87
86
74
62
63
51
39
27
15
3
4
3
2
1
13
14
26
38
50
49
61
73
85
97
98
110
109
121
133
134
122
134
135
136
144
132
131
130
142
143
144
132
120
119
107
95
94
93
81
80
79
67
55
43
31
32
44
45
33
21
20
8
7
19
18
6
5
17
16
28
27
15
3
4
5
6
7
8
9
10
22
23
11
12
24
36
35
34
46
47
48
60
72
71
70
82
83
84
96
108
120
119
118
106
105
104
103
102
101
89
77
78
90
91
92
104
116
117
129
141
140
139
127
126
138
137
125
124
123
135
136
137
138
139
140
128
127
115
114
113
112
100
88
76
75
74
86
85
73
61
49
50
51
39
38
37
25
13
14
26
27
39
40
52
53
65
64
63
62
61
73
85
97
98
110
122
134
133
121
109
97
98
99
87
88
76
77
89
90
91
92
80
68
56
57
58
59
60
48
47
46
45
44
43
42
54
66
78
79
67
66
65
64
52
51
63
75
87
86
74
62
50
49
37
38
26
25
13
1
2
1
2
14
15
3
4
16
28
29
17
18
19
20
21
9
10
22
23
11
12
24
36
35
34
33
32
31
30
29
30
42
41
40
41
53
54
55
56
68
69
81
93
94
82
70
69
57
58
59
71
72
84
83
95
96
108
107
106
105
117
118
130
131
143
142
141
129
128
116
115
103
102
114
113
101
100
99
111
112
111
123
122
110
109
121
133
134
135
136
124
125
126
3
119
26
24
106
43
129
6
129
140
77
87
26
79
136
117
96
78
55
83
132
101
127
121
75
118
16
22
23
141
42
34
37
35
73
49
114
99
30
7
46
18
119
144
132
95
5
139
141
59
45
86
78
133
106
82
125
144
20
117
20
27
103
11
93
27
63
56
89
51
131
72
28
122
64
121
71
39
50
24
37
54
38
118
139
108
111
67
21
112
25
17
4
89
29
47
43
97
68
75
19
19
122
134
85
6
107
60
135
105
96
120
32
44
11
123
83
137
42
110
115
54
10
55
98
94
65
8
95
91
40
131
31
46
18
112
123
44
126
2
39
14
130
93
61
53
51
134
135
70
128
64
87
80
52
82
133
22
16
101
34
66
29
116
97
92
143
130
58
67
124
62
28
136
38
45
36
35
14
126
88
9
58
98
33
72
113
91
69
128
15
33
56
107
1
30
104
137
74
73
41
65
53
8
71
21
1
17
81
111
41
47
120
110
108
74
2
60
85
9
76
100
100
124
99
114
140
32
40
127
59
79
13
116
102
48
63
86
76
68
12
57
49
105
94
62
81
138
138
90
92
61
125
36
15
115
104
48
113
52
7
25
84
142
109
77
109
10
50
143
66
4
70
13
80
5
90
3
88
69
84
23
57
103
102
142
31
12
37
102
26
4
25
126
123
9
86
141
48
79
87
64
13
88
30
107
104
112
53
41
143
130
98
44
20
69
136
113
21
96
87
81
36
3
12
93
25
2
92
90
119
64
44
99
61
127
50
55
114
134
105
62
66
110
28
46
95
83
97
137
8
60
124
93
65
126
103
51
84
63
54
11
86
59
96
16
106
101
46
45
75
7
132
138
27
19
47
91
1
111
43
11
90
100
8
76
49
62
40
83
136
85
117
116
59
115
139
34
42
77
141
85
48
41
132
13
125
70
101
34
36
16
110
130
129
12
14
84
6
35
26
108
17
5
107
128
32
30
79
121
33
119
28
106
80
97
104
144
57
66
112
40
51
15
105
115
73
78
22
100
18
131
121
127
135
58
133
23
33
120
94
39
118
103
139
71
114
82
74
122
35
135
38
29
73
53
68
140
81
109
75
10
128
138
98
78
129
71
18
24
56
142
10
144
20
43
74
137
6
39
31
131
9
27
120
7
21
116
108
67
61
63
19
77
70
57
31
133
23
17
95
55
47
102
58
14
122
109
5
99
52
24
29
52
15
88
113
49
140
111
134
82
80
72
89
72
54
2
125
89
117
1
37
56
45
65
38
22
50
142
68
91
94
124
32
3
42
60
118
76
69
92
67
123
143
4
12
24
36
35
23
22
10
9
21
33
45
44
32
31
30
18
19
20
8
7
6
5
4
3
15
14
2
1
13
25
37
49
50
51
39
38
26
27
28
40
52
53
41
42
54
66
65
64
63
62
74
75
87
88
76
77
78
90
89
101
100
99
111
110
109
121
133
134
122
123
135
136
137
138
139
127
126
114
115
116
104
103
91
79
67
55
43
44
56
68
80
92
93
81
82
70
69
57
58
59
71
83
95
94
106
107
108
120
119
118
130
131
143
144
132
120
108
96
84
72
60
48
47
46
34
33
32
31
43
55
54
42
30
29
17
16
4
3
15
27
39
51
63
75
87
86
85
97
98
99
111
112
124
125
113
114
102
103
115
116
117
105
104
92
80
81
93
105
117
129
141
140
128
129
128
140
139
127
126
138
137
136
135
134
133
121
109
97
85
73
61
62
50
38
26
14
2
1
13
25
37
49
61
73
74
86
98
110
122
123
124
125
113
112
100
101
102
90
91
79
67
66
78
77
89
88
76
64
65
53
52
40
41
29
28
16
17
5
6
18
19
7
8
20
21
22
34
46
45
57
56
68
69
70
58
59
71
83
82
94
106
118
130
142
141
142
143
144
132
131
119
107
95
96
84
72
60
48
47
35
36
24
12
11
23
11
10
9
133
121
122
123
135
136
137
138
126
114
102
90
91
79
80
92
93
94
82
81
69
68
67
55
56
44
32
31
19
7
6
5
4
3
15
27
39
51
50
49
37
38
26
14
13
1
2
3
4
16
17
18
30
42
43
44
45
33
34
46
47
59
71
83
84
72
60
48
36
35
23
24
12
11
10
9
8
20
21
22
34
33
32
31
43
42
41
29
28
40
52
64
65
77
78
66
54
53
41
40
52
51
63
75
87
86
74
62
61
73
85
97
98
110
109
97
85
86
87
99
111
112
113
125
124
136
137
138
139
127
115
103
104
105
117
118
130
142
141
129
128
140
141
142
143
144
132
131
119
120
108
96
95
107
106
94
82
70
58
57
69
81
93
92
80
79
78
77
76
88
100
101
100
88
89
101
89
90
91
103
102
114
113
112
111
99
98
110
109
121
122
134
133
134
135
123
124
125
126
127
139
140
128
116
115
116
104
105
117
129
130
131
143
144
132
120
119
118
106
107
108
96
95
83
84
72
60
59
71
70
58
57
45
46
47
48
36
35
23
24
12
11
10
22
21
9
8
20
19
7
6
5
17
18
30
29
28
16
15
14
2
1
13
25
37
25
26
27
39
38
50
49
61
73
74
62
63
75
76
64
65
66
67
68
56
55
54
53
53
16
72
88
107
46
11
84
63
116
138
29
44
27
114
123
15
21
29
113
75
14
134
73
41
129
26
96
104
23
9
132
14
38
42
100
85
24
105
84
117
86
92
3
83
87
33
21
81
38
110
128
103
26
40
18
13
28
131
75
109
101
46
39
131
82
56
82
103
101
105
91
50
111
47
70
134
129
6
32
35
95
130
30
98
115
49
67
136
114
127
90
88
141
92
30
66
37
28
142
119
70
23
124
1
122
10
107
139
144
118
113
71
51
36
40
66
121
16
143
96
130
117
119
3
136
68
52
2
126
48
49
1
22
65
22
73
67
5
94
45
42
58
5
99
51
35
74
24
7
138
80
141
20
59
100
2
139
68
65
25
58
122
77
61
36
45
112
57
61
76
99
17
57
83
52
97
20
132
80
120
140
55
125
25
116
133
137
7
133
17
60
135
127
78
121
109
12
11
106
81
54
87
31
89
8
128
118
43
89
140
59
135
18
76
98
115
143
91
41
110
60
10
79
102
142
106
6
126
124
15
63
44
108
37
39
125
77
123
95
62
56
86
72
50
27
104
19
85
33
71
90
112
79
102
62
32
69
97
108
53
64
48
12
78
120
64
47
137
55
31
34
94
54
34
8
9
43
74
144
4
93
93
19
69
4
13
111
68
27
9
23
53
71
136
11
93
98
49
7
1
64
83
77
129
111
139
40
90
97
12
92
103
130
125
135
125
64
55
50
88
81
51
49
59
45
61
136
92
68
114
127
30
106
108
15
3
110
61
101
70
88
58
126
108
60
56
87
140
38
66
118
45
8
127
36
35
74
47
72
25
118
99
102
5
144
139
2
20
121
16
142
19
8
41
73
35
119
76
48
38
50
23
37
17
138
99
104
116
57
37
77
91
134
1
65
47
62
101
51
28
132
30
86
13
26
29
93
120
39
33
73
32
90
123
143
36
112
31
74
121
69
25
144
52
56
4
103
12
2
96
83
48
59
120
54
78
72
129
70
22
4
137
39
85
138
53
69
34
42
6
62
113
52
76
86
40
67
102
60
6
17
128
46
89
96
16
94
112
116
124
122
100
98
115
130
63
117
137
107
75
18
140
141
5
105
15
114
104
3
81
44
131
44
26
128
80
131
54
32
94
33
63
84
75
95
67
80
89
95
9
109
111
71
10
143
65
124
66
133
58
109
132
14
87
34
119
135
110
84
43
126
24
10
24
28
20
117
91
123
82
46
19
55
85
113
107
27
18
141
105
115
21
78
79
42
142
31
43
13
122
133
82
134
21
41
14
57
22
29
7
100
11
106
97
79
