##Rat 7 Day 15
 ##rewards
62
51
129
##Vertices
1
13
25
26
14
15
3
4
16
28
40
41
29
30
31
19
18
17
5
6
7
8
9
10
22
23
11
12
24
36
48
60
59
58
46
47
35
34
33
45
57
56
44
43
55
67
68
69
70
71
83
82
94
93
81
80
79
91
92
104
105
106
118
119
120
132
144
143
131
130
142
141
140
139
138
126
127
115
114
113
101
102
90
78
66
54
42
41
53
65
77
89
88
76
75
63
64
52
51
50
62
74
86
87
99
98
97
109
110
111
123
122
134
133
121
109
97
85
73
61
49
37
38
39
27
28
29
30
42
54
55
43
31
32
20
21
9
10
22
34
46
58
70
82
94
95
96
108
107
106
118
117
129
128
116
115
103
102
114
113
112
100
101
89
77
76
88
100
112
124
136
137
125
124
125
137
138
126
127
139
140
141
142
143
144
132
120
108
96
84
72
71
59
47
35
23
11
12
24
36
48
60
72
84
83
95
107
119
131
130
129
128
116
117
105
104
103
91
90
78
66
67
79
80
92
93
81
69
68
56
57
45
44
32
33
21
20
8
7
19
18
6
5
17
16
15
27
39
40
52
53
65
64
63
51
50
62
74
75
87
99
111
123
135
136
135
134
133
121
122
110
98
86
85
73
61
49
37
38
26
25
13
1
2
14
2
3
4
133
134
122
110
109
121
133
134
135
123
124
125
113
101
102
90
78
79
80
81
82
94
93
105
106
107
95
96
84
83
71
72
60
59
47
46
34
35
36
48
60
72
84
96
108
120
119
131
132
144
143
142
130
118
117
129
141
140
139
127
115
114
126
138
137
136
135
123
111
112
100
88
76
64
52
53
54
66
65
77
89
88
87
99
98
97
85
73
74
62
61
49
50
38
26
25
37
49
61
73
85
86
74
75
63
51
39
40
41
42
30
18
17
5
6
7
8
20
32
33
21
9
10
11
23
22
34
33
45
44
56
55
43
31
19
7
6
5
4
16
15
14
13
1
2
3
4
16
28
29
41
42
54
53
65
77
89
90
91
92
104
116
128
140
141
129
117
105
93
81
69
68
67
66
78
79
67
55
43
44
32
31
30
29
17
18
19
20
8
9
21
22
10
11
12
24
12
24
23
35
36
48
47
46
58
59
71
83
95
107
108
120
119
131
132
144
143
142
130
118
106
94
82
70
58
70
69
57
45
57
56
68
80
92
91
103
102
101
113
114
115
103
104
116
128
127
139
138
126
125
137
136
124
112
100
99
111
110
122
121
109
97
98
86
87
75
76
64
63
51
52
40
28
27
39
27
26
14
15
3
2
1
13
25
37
38
50
62
58
137
19
134
22
139
43
11
81
44
60
122
28
63
129
132
64
106
119
119
110
114
56
131
42
144
95
117
142
30
75
126
25
93
121
133
55
103
45
130
92
127
57
88
28
73
67
90
23
32
20
82
98
120
16
41
74
131
15
78
116
9
98
36
80
123
5
72
144
84
111
118
111
13
97
112
128
49
69
70
61
30
81
58
114
37
125
52
53
105
13
120
33
72
12
134
77
18
109
143
14
53
110
10
100
51
35
66
54
52
101
99
127
21
124
142
46
48
7
108
109
103
79
6
89
19
95
71
2
61
137
85
136
86
29
31
86
9
112
94
122
126
82
92
3
27
102
78
99
54
68
63
16
6
26
74
65
26
71
117
31
23
138
10
79
66
36
1
24
118
41
50
55
35
37
113
45
18
135
50
130
116
107
132
77
124
47
101
133
11
67
91
141
40
38
93
21
27
68
1
5
32
12
75
96
141
14
69
70
96
107
102
8
46
65
76
59
129
4
60
104
87
29
20
115
105
73
87
44
128
34
43
113
97
89
62
106
8
49
83
38
51
17
88
39
3
121
94
59
140
2
136
22
62
125
4
143
7
17
34
64
104
139
76
91
83
33
100
25
108
39
138
47
123
90
15
85
48
24
42
140
57
56
115
84
135
40
80
132
93
64
80
110
71
86
141
94
16
86
109
84
75
55
26
75
131
144
139
58
76
44
117
133
79
119
122
40
6
70
58
47
1
116
1
33
137
55
25
100
136
6
89
12
69
135
76
26
15
42
62
109
20
15
87
14
88
122
112
120
23
93
38
59
140
28
62
10
52
78
60
108
69
123
135
97
129
67
12
43
115
89
16
42
45
13
102
34
63
95
5
17
37
67
108
140
36
72
37
129
48
24
126
92
29
17
19
83
142
74
87
119
8
5
41
105
111
130
77
85
120
98
139
128
9
130
121
90
30
49
136
101
114
7
45
31
56
35
65
51
57
46
103
68
11
107
36
49
123
29
73
79
81
35
59
21
126
84
127
21
22
110
73
14
141
78
112
103
27
9
10
38
72
25
124
101
95
99
7
127
11
64
128
81
104
99
34
18
54
8
2
142
85
82
20
144
133
82
98
47
90
96
23
118
125
57
83
113
65
43
77
28
39
118
53
56
44
54
32
19
91
94
106
111
46
138
132
97
50
121
88
66
106
40
74
24
125
61
107
39
2
61
48
41
117
68
113
92
143
115
70
116
3
31
52
4
71
53
124
50
114
134
4
22
91
137
3
30
134
138
102
51
13
80
27
143
33
105
60
63
32
96
100
104
66
131
18
144
143
131
119
120
132
144
143
142
130
129
128
116
104
103
91
79
78
77
76
75
87
88
100
99
98
86
85
73
74
62
61
49
50
38
39
27
26
25
37
49
61
73
85
97
109
110
122
121
133
134
135
123
111
112
124
136
137
138
126
114
115
127
139
140
141
142
130
118
117
105
93
81
69
57
56
55
67
68
80
92
93
94
106
107
108
96
84
83
71
72
60
59
47
35
36
48
60
72
84
96
95
83
82
70
58
46
45
44
43
31
19
20
8
7
6
5
17
29
28
16
4
3
2
14
15
27
28
40
41
53
54
42
30
18
6
7
8
9
21
22
23
24
12
11
10
9
21
33
32
44
43
55
56
68
80
92
91
90
89
101
113
125
137
136
124
112
100
88
76
64
65
66
67
79
78
66
54
42
41
29
30
31
32
20
19
18
17
5
4
16
15
3
2
1
13
1
13
14
26
25
37
38
39
51
50
62
74
86
98
97
109
110
122
121
133
134
135
123
111
99
87
75
63
51
63
64
52
40
52
53
65
77
89
90
102
103
104
116
115
114
102
101
113
125
126
138
139
127
128
140
141
129
117
105
106
118
119
131
132
120
108
107
95
94
82
81
69
70
58
57
45
33
34
46
34
35
23
22
10
11
12
24
36
48
47
59
71
12
24
36
35
23
22
10
9
21
33
45
44
32
31
30
18
19
20
8
7
6
5
4
3
15
14
2
1
13
25
37
49
50
51
39
38
26
27
28
40
52
53
41
42
54
66
65
64
63
62
74
75
87
88
76
77
78
90
89
101
100
99
111
110
109
121
133
134
122
123
135
136
137
138
139
127
126
114
115
116
104
103
91
79
67
55
43
44
56
68
80
92
93
81
82
70
69
57
58
59
71
83
95
94
106
107
108
120
119
118
130
131
143
144
132
120
108
96
84
72
60
48
47
46
34
33
32
31
43
55
54
42
30
29
17
16
4
3
15
27
39
51
63
75
87
86
85
97
98
99
111
112
124
125
113
114
102
103
115
116
117
105
104
92
80
81
93
105
117
129
141
140
128
129
128
140
139
127
126
138
137
136
135
134
133
121
109
97
85
73
61
62
50
38
26
14
2
1
13
25
37
49
61
73
74
86
98
110
122
123
124
125
113
112
100
101
102
90
91
79
67
66
78
77
89
88
76
64
65
53
52
40
41
29
28
16
17
5
6
18
19
7
8
20
21
22
34
46
45
57
56
68
69
70
58
59
71
83
82
94
106
118
130
142
141
142
143
144
132
131
119
107
95
96
84
72
60
48
47
35
36
24
12
11
23
11
10
9
136
134
8
22
93
102
111
64
56
26
57
23
51
71
113
110
55
19
63
97
62
83
24
83
49
87
123
5
87
106
14
6
53
69
35
94
96
73
128
101
45
50
55
133
36
25
75
91
13
119
116
141
22
44
66
129
102
124
50
141
3
60
73
142
16
85
82
143
82
105
2
122
4
124
18
79
131
12
98
9
39
1
81
23
38
67
5
57
17
99
16
109
51
78
137
60
40
52
112
120
70
130
91
104
47
85
56
88
29
133
92
107
125
11
90
45
48
90
74
115
132
28
7
131
9
38
107
11
126
144
4
27
61
103
13
128
138
80
103
6
34
1
139
62
120
37
8
134
15
70
143
105
121
68
25
28
42
108
43
86
72
95
29
68
94
3
75
81
126
140
64
65
67
66
119
41
135
115
118
10
18
88
30
74
32
49
2
59
95
31
31
139
63
106
12
20
100
138
24
40
30
114
10
41
114
15
69
117
46
26
108
121
86
77
117
76
27
140
65
93
125
130
136
135
17
142
118
14
89
96
43
21
37
58
110
33
52
98
111
84
72
44
92
112
100
78
84
39
123
144
61
42
113
47
132
99
20
59
33
76
53
19
35
48
97
127
89
109
32
104
7
34
58
80
116
79
137
36
54
129
21
101
71
127
46
54
122
77
37
12
114
50
33
93
121
127
45
94
19
40
21
59
47
102
80
98
67
46
71
115
72
79
70
129
13
1
9
104
73
123
25
79
116
117
65
34
86
85
144
104
60
95
36
89
84
70
136
93
141
76
74
106
128
140
89
42
8
73
54
17
77
100
11
117
29
122
84
54
127
90
37
5
35
110
99
108
39
32
7
51
39
47
133
57
111
90
24
55
3
130
4
108
128
48
97
101
27
12
101
125
137
137
106
2
143
81
38
28
134
115
58
105
131
141
126
96
63
66
95
91
20
15
55
126
57
130
68
131
75
7
140
46
40
31
142
63
82
92
122
33
139
14
4
43
124
22
113
99
20
30
138
85
116
132
10
123
14
38
121
44
26
96
69
53
87
83
43
69
119
120
16
59
75
110
30
112
53
45
68
109
132
109
10
41
119
62
8
94
23
91
133
76
112
80
86
113
22
3
125
103
5
11
100
107
66
16
56
67
74
77
24
144
82
78
44
49
6
135
143
51
60
18
27
118
134
61
52
88
6
52
83
87
36
15
78
81
1
25
139
56
105
92
64
32
114
29
42
129
9
72
138
35
136
48
71
41
103
120
135
88
26
65
28
18
107
19
31
62
142
2
124
102
97
64
21
61
34
49
17
13
50
98
23
111
58
118
133
134
122
110
109
97
85
73
61
49
37
25
26
38
39
40
52
53
41
29
30
18
6
7
8
20
21
9
10
22
23
11
12
24
36
48
47
46
45
57
56
44
32
33
34
35
36
48
60
59
58
70
69
68
67
55
43
42
54
66
65
64
76
75
63
51
50
62
74
86
87
88
100
112
113
125
137
138
126
127
139
140
128
129
141
142
143
131
119
120
108
96
84
72
71
83
95
107
106
105
104
103
115
116
117
118
130
142
141
140
139
138
137
136
135
123
124
112
111
99
98
97
85
86
87
75
76
77
78
79
91
90
102
114
126
127
128
129
130
118
117
116
115
103
104
92
93
94
82
81
80
68
67
66
65
64
52
40
28
27
15
14
2
3
4
16
17
5
6
7
19
18
17
5
4
16
15
3
2
1
13
1
13
14
26
25
37
49
61
73
74
62
63
51
50
38
39
27
28
29
41
53
54
42
30
31
19
20
8
9
21
33
32
31
43
55
56
44
45
46
34
22
10
11
12
24
23
35
47
59
60
72
84
83
71
70
58
57
69
81
82
94
95
96
108
120
132
144
143
144
132
131
119
107
106
105
93
92
80
79
91
90
78
77
89
101
100
99
98
110
111
123
122
121
109
121
133
134
135
136
124
125
113
114
102
101
89
88
144
132
131
130
142
141
140
139
138
137
136
135
123
124
112
100
101
89
88
87
75
74
73
61
49
50
38
37
25
26
14
13
1
2
3
4
16
28
40
41
53
52
51
39
27
15
3
4
5
17
29
30
42
54
66
65
64
76
77
78
90
102
103
115
114
113
125
126
127
128
116
104
105
106
94
95
96
84
83
71
72
60
59
47
48
36
24
23
22
10
9
8
7
6
18
19
20
21
33
45
57
69
70
58
46
34
35
36
48
60
72
84
96
108
120
119
107
106
118
117
129
141
140
128
116
115
103
91
79
67
68
80
81
82
83
71
59
47
35
34
46
58
70
69
57
56
44
32
31
43
55
54
66
78
90
102
101
100
99
111
110
122
121
109
97
98
86
85
73
61
62
74
86
85
97
98
110
109
121
133
134
133
134
122
123
135
136
137
138
139
127
126
114
113
125
124
112
111
99
87
88
89
77
76
75
63
62
50
49
37
38
39
51
63
64
65
53
52
40
28
27
26
25
13
1
2
14
15
16
17
5
6
7
19
18
30
29
41
42
43
31
32
20
8
9
10
11
12
24
12
11
23
22
21
33
45
44
56
55
67
68
80
79
91
92
93
105
117
129
130
118
119
131
143
142
143
144
132
120
108
107
95
94
82
81
93
92
104
36
91
75
53
131
133
28
132
70
4
93
91
100
1
126
22
101
9
114
114
64
108
76
104
142
84
38
134
126
40
117
54
88
73
67
23
15
90
57
37
25
35
140
99
125
16
66
49
26
23
109
43
77
127
6
24
28
110
74
75
71
125
127
123
135
83
82
103
73
137
64
67
55
69
63
59
25
7
108
27
30
37
121
51
63
130
83
52
17
136
136
97
139
85
77
31
46
87
117
85
95
29
78
80
9
60
122
70
50
130
143
79
19
81
17
128
81
61
22
13
65
89
135
45
104
132
138
134
78
61
72
48
10
68
33
133
102
58
29
86
113
5
47
112
46
87
88
36
52
89
60
11
110
58
116
11
27
98
129
116
96
115
99
56
96
138
107
128
118
112
105
20
47
111
40
80
12
41
39
57
124
107
32
72
106
54
74
98
26
113
118
141
62
86
141
97
62
49
140
2
69
53
30
45
92
10
56
12
38
14
143
2
34
34
4
44
41
48
24
129
7
109
120
95
106
100
1
111
55
84
8
90
66
142
71
93
18
122
50
20
102
137
16
119
59
120
8
3
13
82
144
21
33
124
39
32
68
94
44
101
43
19
18
6
65
14
121
115
51
21
3
92
79
5
103
35
131
42
144
42
105
139
76
119
15
31
123
94
24
66
16
96
42
82
61
84
62
121
23
30
94
103
24
103
32
47
13
136
59
137
78
121
62
91
73
79
14
144
126
37
114
119
47
118
20
66
133
77
79
76
81
71
43
40
138
5
40
31
48
77
110
32
78
70
39
86
98
8
108
115
58
18
133
95
115
26
89
140
113
25
137
7
1
50
49
131
130
139
43
51
142
34
26
124
15
16
128
55
89
138
93
75
90
134
12
13
64
19
123
104
45
22
42
92
31
83
91
55
143
10
82
118
113
7
131
54
9
58
17
81
35
53
125
38
97
116
134
120
88
68
109
93
87
112
60
51
109
52
71
144
125
27
72
142
122
119
4
100
11
100
28
60
85
116
67
88
20
127
87
54
6
50
15
25
34
27
69
63
29
102
35
117
101
122
46
63
132
129
80
39
132
140
96
80
128
18
98
28
139
105
33
9
17
124
94
135
41
36
65
84
6
56
4
106
46
29
129
49
61
14
65
68
2
53
127
108
37
44
111
141
57
130
41
143
107
2
67
136
73
76
74
90
48
114
75
86
95
1
33
5
92
3
97
83
44
11
21
3
74
69
99
101
64
107
30
56
23
123
85
19
45
104
112
36
111
59
57
110
117
135
21
8
120
126
10
99
12
52
141
72
70
102
22
106
105
38
