##Rat 3 Day 3
 ##rewards
127
116
38
##Vertices
1
2
3
4
5
17
16
28
27
39
40
41
42
43
31
32
44
56
55
67
68
80
81
69
70
82
83
84
72
60
59
71
70
58
57
45
33
21
20
8
9
10
11
12
24
23
35
36
48
47
46
34
22
10
9
8
7
19
18
30
29
28
27
15
14
26
25
37
49
61
62
63
51
52
53
65
66
54
55
56
57
58
46
45
44
43
42
41
40
39
38
50
49
61
73
74
75
76
77
89
101
113
112
100
99
98
97
109
121
122
123
111
110
109
97
85
86
87
88
100
112
124
136
137
138
126
114
102
90
91
92
93
94
95
96
108
120
132
144
143
142
141
129
128
140
139
127
115
103
104
105
117
116
104
105
106
118
130
131
119
107
106
118
117
116
115
103
91
79
78
90
89
77
78
79
80
92
93
94
82
81
69
68
67
66
54
53
52
51
50
62
63
64
65
64
76
88
87
75
74
73
85
86
98
99
111
110
122
123
135
134
133
121
133
134
135
136
137
125
124
125
113
101
102
114
126
138
139
127
128
140
141
129
130
142
143
144
132
131
119
120
108
107
95
96
84
83
71
72
60
59
47
48
36
24
12
11
23
35
34
22
21
33
32
20
19
31
30
29
17
18
6
7
6
5
4
16
15
3
2
14
26
38
37
25
13
1
13
133
121
122
123
111
110
109
97
85
86
74
73
61
62
63
51
50
49
37
38
39
27
15
14
26
25
13
1
2
3
4
5
17
18
30
29
41
40
52
64
65
77
78
90
89
88
76
75
87
99
100
112
124
125
137
136
135
134
133
121
109
110
98
99
100
101
113
114
102
103
115
127
128
140
139
138
126
114
115
116
104
105
117
118
119
131
130
129
141
142
143
144
132
120
108
107
95
96
84
72
60
59
71
83
82
70
69
57
45
33
34
35
36
48
47
46
58
70
82
94
106
105
93
81
80
92
91
79
67
66
54
42
43
55
56
68
69
57
58
46
34
22
23
24
12
11
10
9
8
7
6
5
4
16
28
40
39
51
52
53
41
42
30
31
19
20
32
44
45
33
21
20
21
22
23
24
12
11
10
9
8
7
6
18
19
31
32
44
43
55
56
68
67
79
80
81
93
92
91
90
102
103
104
116
117
118
106
94
95
83
71
59
47
35
36
48
60
72
84
96
108
107
119
120
132
144
143
131
130
142
141
129
128
140
139
127
126
138
137
125
124
136
135
134
122
123
111
112
113
101
89
77
78
66
54
53
65
64
63
62
74
75
76
88
87
86
98
97
85
73
61
49
50
38
37
25
26
14
13
1
2
3
15
27
28
29
17
16
78
92
121
91
83
70
126
55
32
116
20
6
2
7
38
33
102
31
94
35
60
95
86
23
25
134
102
13
9
82
104
99
125
57
9
137
80
8
91
50
135
84
110
130
144
113
79
125
34
73
120
12
84
3
112
54
41
90
32
123
138
40
78
40
49
26
87
61
66
60
114
56
105
52
12
87
68
76
128
17
143
1
59
48
121
29
140
97
103
109
100
64
30
28
83
96
72
72
67
76
120
36
75
119
23
38
62
117
131
63
143
68
65
58
4
51
98
14
69
119
55
34
59
144
3
115
11
105
5
94
11
26
136
127
61
71
10
39
101
85
7
141
21
66
41
46
114
27
113
97
74
99
142
122
81
106
86
85
57
10
16
116
139
107
17
104
2
4
49
50
92
28
124
132
73
109
39
21
37
138
18
89
111
15
96
82
58
142
80
88
24
100
6
74
130
75
42
122
52
93
95
16
64
126
118
69
8
46
15
90
20
129
108
65
108
128
127
110
117
111
81
132
115
106
36
67
63
133
107
77
45
134
98
89
53
44
45
5
135
112
25
93
27
101
56
47
33
18
30
137
129
118
29
48
19
62
139
123
141
43
54
70
140
31
53
37
88
35
43
22
71
124
14
19
13
42
103
22
79
24
133
77
47
51
1
44
131
136
141
26
75
118
84
49
118
76
80
124
6
55
57
28
121
35
37
35
31
12
97
134
129
14
135
133
54
101
127
68
10
15
106
132
45
27
73
62
87
25
108
51
143
97
7
115
92
98
3
1
142
48
101
60
108
17
23
109
29
38
38
63
70
85
107
56
43
93
2
45
102
59
72
32
134
110
79
105
119
92
24
44
26
40
139
18
84
50
82
39
116
90
58
139
11
13
125
120
33
17
32
39
133
85
64
114
111
13
113
41
89
61
7
69
21
110
66
126
23
16
79
91
40
128
119
68
33
31
81
44
137
37
103
65
18
106
21
140
142
95
62
34
71
144
4
73
88
89
120
8
90
131
115
140
20
112
14
121
36
22
24
116
16
104
5
82
123
78
107
41
5
72
56
128
127
135
55
103
83
117
75
137
100
102
80
11
113
30
64
93
130
76
86
129
87
65
4
111
12
30
71
54
52
141
19
61
9
138
144
124
34
22
109
125
83
52
29
8
67
104
1
25
47
77
47
63
49
105
77
95
6
78
126
53
60
132
48
94
59
51
81
50
74
96
19
96
138
70
114
15
131
42
99
36
9
122
91
130
58
143
122
66
74
112
99
86
67
100
20
117
98
2
123
43
27
42
94
10
88
136
3
28
57
53
46
46
69
136
144
143
142
130
131
119
120
132
144
143
142
141
140
139
138
137
136
135
123
111
110
109
97
85
73
61
49
50
38
37
25
26
14
2
3
4
16
15
27
39
51
63
62
74
75
76
64
52
53
54
42
43
55
67
66
65
77
78
79
91
103
104
116
128
129
117
118
106
94
95
96
108
107
106
105
93
81
69
68
80
92
93
105
104
92
80
79
91
90
89
88
87
86
98
99
100
101
102
114
113
112
124
125
126
127
115
114
113
101
100
88
87
75
76
64
52
40
41
29
28
27
39
40
41
42
30
31
32
44
56
57
45
46
34
33
21
22
23
35
47
48
36
24
12
11
10
9
8
20
19
18
17
5
6
7
8
9
21
33
34
46
58
59
60
72
84
83
71
70
82
94
95
107
119
118
117
116
115
103
102
90
89
77
78
66
67
68
69
81
82
83
71
70
58
59
47
35
23
22
10
11
12
24
36
48
60
72
84
96
108
120
132
131
130
129
141
140
128
127
139
138
126
125
137
136
135
123
124
112
111
99
98
110
122
121
122
134
133
134
133
121
109
97
85
86
74
73
61
62
63
51
50
49
37
38
26
25
13
1
2
1
13
14
15
3
4
16
28
29
30
18
17
5
6
7
19
20
32
31
43
44
45
57
56
55
54
53
65
12
24
36
35
34
33
21
20
19
18
6
7
8
9
10
22
23
11
10
9
8
7
19
31
32
44
43
55
54
66
65
77
89
90
91
79
67
68
69
70
82
94
95
83
84
96
108
120
119
118
106
107
108
96
84
72
60
48
47
46
58
59
71
70
58
57
45
44
56
55
67
66
78
77
76
64
52
40
41
29
17
16
28
27
15
14
26
38
37
49
50
51
63
62
61
73
74
86
87
88
100
99
111
123
135
134
133
121
122
110
109
97
85
73
61
49
37
25
13
1
2
3
4
5
6
18
30
42
54
53
65
64
76
75
87
88
100
112
124
125
126
114
113
101
102
103
115
127
139
140
128
116
104
92
80
81
93
105
117
129
130
131
132
144
143
142
141
140
139
138
137
138
126
127
115
116
128
129
141
142
130
131
143
144
132
120
119
107
106
118
117
105
93
94
95
83
82
81
69
57
56
68
80
92
104
103
91
79
78
90
89
101
102
114
113
125
137
136
135
136
124
112
111
123
122
134
133
121
109
110
98
99
98
97
85
86
74
75
63
62
50
38
39
27
15
14
26
25
13
1
2
3
4
5
17
16
28
40
39
51
52
53
41
29
30
42
43
31
32
33
45
46
34
35
47
59
71
72
60
48
36
24
12
11
23
22
21
20
134
45
99
5
18
56
24
74
117
40
121
104
81
109
104
18
132
67
140
133
61
38
95
98
20
78
83
58
89
1
100
93
35
31
87
36
22
46
65
60
12
49
30
114
124
14
14
44
48
108
128
15
41
121
137
27
19
7
7
111
134
4
73
120
77
67
68
132
124
122
84
116
37
127
105
52
127
102
55
24
101
57
76
33
87
13
71
85
94
118
144
47
57
106
21
69
51
103
72
97
54
10
71
61
142
10
56
66
43
26
111
108
30
80
49
77
74
25
6
84
1
44
80
96
41
106
114
4
105
3
136
96
42
125
40
27
81
119
51
75
28
107
9
23
143
72
141
86
137
95
50
17
5
64
52
94
29
29
3
101
130
37
2
93
125
120
16
115
122
88
79
17
117
73
82
59
98
115
42
141
46
112
131
143
64
123
47
32
138
69
22
68
16
103
131
15
92
38
23
86
34
85
43
63
133
135
129
102
76
75
119
88
142
70
78
82
126
32
116
60
109
11
110
112
59
2
35
31
126
90
25
63
139
128
100
50
58
20
6
110
91
66
113
11
33
65
107
21
55
39
19
8
97
12
99
83
36
26
79
113
140
62
138
70
48
34
62
92
53
136
129
28
89
90
118
54
8
144
123
91
39
53
9
130
135
13
139
45
87
117
91
31
139
33
25
136
133
82
141
1
30
94
96
5
23
40
114
83
7
113
101
86
32
79
98
38
50
80
7
59
45
56
102
76
112
95
48
35
66
34
140
44
10
124
18
51
28
126
11
121
121
100
64
70
58
45
78
74
119
16
4
23
1
87
91
54
127
124
75
81
81
54
60
26
126
138
92
65
93
14
134
90
99
28
36
135
105
136
84
128
116
84
130
65
35
68
116
138
61
132
62
120
70
130
141
37
102
83
111
86
115
50
9
77
69
120
73
9
137
12
133
137
101
39
51
75
21
46
71
73
88
27
97
106
89
108
122
88
24
140
125
74
115
2
63
119
142
118
108
109
68
97
143
16
109
15
19
46
62
110
60
127
132
58
93
31
104
32
104
49
114
43
103
72
3
18
96
53
123
8
69
107
22
39
63
89
94
15
113
123
19
72
25
64
34
6
122
38
112
8
103
125
3
61
47
131
107
100
30
55
2
42
106
57
47
17
85
11
117
77
67
26
33
13
21
52
76
53
27
129
48
92
144
40
79
55
49
29
134
67
90
14
24
142
12
6
131
118
99
66
44
78
135
57
105
22
98
95
52
143
20
20
41
41
128
59
80
71
13
36
85
82
10
37
129
43
56
42
139
111
4
5
29
144
17
110
1
2
3
4
16
17
5
6
7
8
9
10
11
12
24
23
35
36
48
47
46
45
57
56
44
43
31
30
42
54
66
65
64
76
75
63
51
50
38
39
27
26
14
13
25
37
49
61
73
85
86
98
97
109
121
133
134
135
136
124
123
122
110
111
112
100
101
89
90
91
103
102
114
113
125
126
127
128
129
141
140
139
138
137
136
135
123
111
99
87
88
100
99
87
75
74
62
63
64
52
40
41
53
54
55
67
68
80
79
78
77
65
53
52
51
39
40
28
29
41
42
30
18
19
20
32
33
21
22
34
46
58
59
60
72
71
83
84
96
95
107
108
120
119
131
132
144
143
142
130
118
117
116
104
105
93
81
69
70
82
94
106
118
117
105
104
92
93
81
69
57
58
59
60
72
84
83
71
70
82
94
106
107
95
96
108
120
119
131
132
144
143
142
130
129
141
140
128
116
115
103
115
114
126
127
139
138
137
125
124
112
113
101
102
90
89
88
76
77
78
66
67
79
91
92
80
68
56
55
43
31
19
18
17
29
28
27
15
16
15
14
26
38
50
62
74
86
98
110
122
134
133
121
109
97
85
73
61
49
37
25
13
1
2
3
4
5
6
7
8
20
21
9
10
22
23
11
12
24
36
48
47
35
34
33
45
44
32
12
11
10
22
34
46
47
59
71
83
84
72
60
48
36
35
23
24
36
48
60
72
71
70
58
57
69
68
80
79
91
90
89
77
65
66
67
55
43
31
30
29
17
18
6
5
4
3
15
27
28
16
4
5
6
7
8
9
21
33
32
20
19
31
32
44
45
57
56
68
67
79
78
90
102
103
104
105
93
94
95
107
106
118
119
131
130
129
141
140
128
116
115
127
139
138
126
125
113
101
100
112
111
110
109
121
133
134
122
123
135
136
137
138
139
140
141
142
143
144
132
120
108
96
84
83
82
81
80
92
91
103
102
114
113
101
100
99
98
86
74
75
87
88
76
64
63
62
61
49
50
51
52
53
54
42
41
40
39
38
26
14
2
1
13
25
37
49
61
73
85
73
74
62
63
51
50
38
37
25
26
14
13
1
2
3
15
16
28
27
39
40
41
29
17
18
30
42
43
44
56
55
54
53
52
64
65
66
78
77
89
88
76
75
87
86
85
97
109
97
98
99
111
110
122
121
133
134
135
123
124
112
124
136
137
125
126
114
115
127
128
129
117
118
119
131
130
142
143
144
132
120
108
96
95
107
106
105
117
116
104
92
93
94
82
81
69
70
58
46
45
33
34
22
21
20
19
7
8
9
10
11
12
24
23
35
47
59
65
111
19
104
14
119
37
51
33
4
31
68
7
22
136
2
141
17
29
50
115
91
48
30
76
56
114
103
126
91
79
31
59
40
141
117
1
34
88
92
112
134
41
51
71
54
62
66
71
67
58
61
129
106
108
84
11
41
61
140
109
117
43
87
118
55
104
134
42
39
77
137
101
130
135
32
58
43
60
111
34
116
73
121
107
53
80
20
120
109
46
72
49
100
5
135
3
98
96
13
62
93
60
78
70
18
39
102
11
103
69
125
85
89
121
92
95
32
45
110
29
128
107
37
65
142
99
131
21
59
101
113
69
47
102
38
49
57
94
79
144
84
67
110
122
118
81
6
139
98
47
46
83
131
133
38
133
75
14
12
26
12
120
143
26
75
36
6
10
144
76
5
72
126
123
122
24
63
52
123
54
18
127
137
9
90
112
44
97
86
128
78
124
55
88
35
105
19
89
15
28
106
28
116
74
81
33
36
30
85
96
13
100
25
127
73
90
74
140
23
44
23
86
130
119
15
64
125
22
8
8
1
108
3
27
16
10
114
50
99
21
82
56
48
95
143
97
136
94
139
2
80
45
9
25
93
20
142
16
42
68
113
129
64
66
70
124
57
24
27
138
63
87
52
82
77
132
138
17
35
40
83
7
105
4
132
53
115
79
32
26
143
12
131
84
115
63
44
121
75
102
11
1
30
60
12
24
15
138
96
67
143
88
96
95
130
52
68
72
83
136
102
16
74
115
129
66
110
77
46
82
19
31
4
9
132
29
33
137
47
105
54
36
104
120
78
87
61
107
44
13
98
36
15
94
111
16
53
39
56
62
114
97
14
10
135
61
63
108
55
71
25
89
71
117
18
38
52
48
139
125
93
49
144
23
48
27
40
64
6
31
59
122
136
30
133
81
82
70
57
142
99
89
105
90
130
73
123
112
86
7
76
1
68
98
120
51
40
46
118
107
39
28
38
109
118
117
66
34
100
45
87
122
43
23
103
119
8
77
114
26
27
106
20
35
33
99
124
126
70
51
83
139
69
32
54
113
41
20
21
113
21
95
135
133
65
142
72
75
84
88
116
108
109
53
128
65
42
119
74
124
17
79
103
86
121
78
24
140
35
137
57
144
85
106
45
134
126
49
34
127
110
13
14
18
92
80
134
6
9
60
123
50
97
5
2
47
62
141
91
7
8
64
100
58
91
3
76
81
11
17
3
128
22
67
37
111
116
5
104
85
80
25
141
101
2
4
43
93
73
37
58
112
140
28
19
41
22
29
69
92
101
56
90
132
129
125
50
94
59
131
10
127
55
138
42
