##Rat 4 Day 25
 ##rewards
126
113
47
##Vertices
144
143
131
132
120
119
107
108
96
95
94
106
105
93
81
82
83
84
72
60
59
71
70
58
46
34
33
21
20
32
44
56
68
69
57
45
46
47
48
36
35
23
24
12
11
10
9
8
7
6
18
19
31
43
55
54
66
78
90
91
103
102
101
100
88
76
77
65
64
63
51
52
40
39
38
50
49
37
25
13
1
2
14
26
27
28
16
15
3
4
5
17
29
41
53
54
42
30
31
43
42
30
29
41
53
65
64
76
75
74
86
98
110
122
123
124
136
137
125
126
114
113
112
111
99
87
88
89
101
100
99
87
75
63
62
61
73
85
97
109
121
133
134
135
136
137
138
139
140
128
127
115
116
117
118
130
142
141
129
117
118
106
94
82
81
80
92
104
116
115
114
113
112
124
125
126
138
139
127
128
140
141
129
130
142
143
144
132
131
119
120
108
107
95
96
84
83
71
72
60
59
58
70
69
68
80
79
78
77
89
90
102
103
104
105
93
92
91
79
67
66
67
55
56
57
45
44
32
33
34
22
21
22
23
35
47
48
36
24
12
11
10
9
8
20
19
7
6
18
17
5
4
16
15
3
2
1
13
14
26
25
37
38
39
27
28
40
52
51
50
49
61
62
74
73
85
86
98
97
109
110
122
121
133
134
135
123
111
1
13
14
2
3
15
16
4
5
17
29
28
40
41
42
30
18
6
7
8
20
19
31
32
33
34
46
47
59
58
57
56
55
43
44
45
33
21
9
10
22
23
11
12
24
36
48
60
72
84
83
71
70
69
68
80
79
78
77
65
64
76
88
100
101
102
90
91
103
115
116
104
105
117
129
128
140
141
142
143
144
132
131
130
118
106
107
119
120
108
96
95
94
93
92
80
81
82
70
69
81
82
94
93
92
91
103
102
114
126
125
124
123
122
110
98
97
85
86
74
75
87
99
111
112
113
101
89
88
100
112
113
114
115
127
139
138
137
136
135
134
133
121
109
97
85
73
61
49
50
62
63
51
39
27
26
25
37
38
39
27
28
29
30
42
54
53
52
51
63
75
87
99
98
86
74
73
61
62
50
49
37
38
26
25
13
1
2
14
15
3
4
16
17
5
6
18
19
7
8
20
32
31
43
55
54
66
78
90
89
77
76
64
52
40
41
53
65
66
67
79
67
68
56
44
45
57
58
46
34
35
47
35
23
22
21
9
10
11
12
24
36
48
60
59
71
72
84
83
95
96
108
107
119
120
132
144
143
131
130
142
141
129
117
118
106
105
104
116
128
140
139
127
126
138
137
125
124
136
135
123
122
134
133
121
109
110
111
63
126
31
51
103
81
79
141
139
55
69
42
42
54
25
77
30
32
123
65
49
128
86
31
40
127
113
84
117
120
50
15
48
93
140
141
32
24
5
116
10
129
54
33
21
60
129
45
35
11
97
82
132
16
21
56
98
132
143
103
70
13
14
9
107
94
87
83
112
139
58
83
124
18
5
33
95
106
16
86
71
73
17
64
101
84
142
57
23
44
119
15
46
102
14
66
44
20
56
2
106
131
111
130
100
27
134
110
138
123
45
88
82
97
138
8
6
23
60
1
49
76
17
78
55
112
46
13
114
135
6
79
137
38
121
88
61
80
9
36
104
135
71
12
96
116
130
53
89
117
29
30
18
111
47
69
122
93
7
62
124
51
143
128
28
4
48
115
11
140
109
59
144
110
28
91
57
98
68
61
75
39
38
76
41
35
26
102
50
22
121
65
114
78
74
24
96
7
131
75
66
122
64
72
29
26
108
100
62
22
85
77
41
1
19
47
144
37
107
68
87
125
113
99
109
70
53
125
101
136
52
43
90
52
20
105
40
89
12
120
92
134
8
81
59
91
37
126
2
34
85
43
10
36
74
67
99
4
72
3
34
119
80
118
105
142
94
104
58
25
27
115
95
133
133
19
92
3
63
136
108
39
127
67
137
90
118
73
71
15
90
68
79
134
19
48
29
22
78
61
52
2
39
10
77
56
107
72
97
84
3
118
124
52
67
144
66
16
23
108
38
63
127
129
143
117
5
92
33
53
18
65
133
37
126
128
114
103
144
4
88
1
11
123
105
40
49
59
137
82
47
81
29
55
109
94
78
83
77
74
41
46
79
21
1
109
5
135
80
12
62
46
93
70
120
62
111
131
34
8
137
100
115
20
141
17
35
143
43
113
86
101
44
60
42
136
25
108
116
106
116
64
80
86
13
50
36
125
69
81
70
90
72
30
54
74
24
69
27
21
104
38
49
25
23
91
87
4
128
58
51
32
26
85
83
88
73
110
17
119
122
134
50
121
24
136
138
75
65
93
96
112
7
127
43
111
14
95
2
31
102
87
120
139
98
26
132
22
138
118
63
31
28
75
45
6
122
67
103
53
20
12
115
140
66
61
57
107
124
7
48
16
99
130
94
32
41
64
117
54
133
76
132
35
55
59
58
142
11
89
125
123
82
105
40
18
85
129
15
37
27
135
113
131
39
13
100
47
119
8
28
104
10
89
45
19
139
14
56
99
36
95
57
106
6
9
110
102
76
34
101
44
114
130
71
91
112
3
60
92
98
84
68
140
51
73
142
9
126
97
30
33
96
121
141
42
133
121
109
97
98
110
111
123
122
134
135
136
137
138
126
125
113
112
124
136
137
125
113
114
115
127
128
116
117
129
141
140
139
138
126
114
102
103
91
79
78
77
76
64
63
51
52
40
39
27
28
16
15
14
26
25
13
1
2
3
4
5
6
7
8
9
10
11
12
24
36
35
23
22
34
46
45
57
69
68
56
55
54
53
65
66
67
55
43
44
32
20
21
33
32
31
30
29
41
42
43
31
19
18
17
5
4
16
28
27
39
38
37
49
61
62
50
51
63
75
87
86
85
73
74
75
76
88
100
101
89
90
102
103
104
92
80
81
82
70
71
83
84
96
95
94
93
105
106
107
108
120
119
131
130
142
143
144
132
120
108
96
84
72
60
59
58
70
69
68
67
66
54
53
65
64
52
40
41
42
30
29
17
18
6
7
19
20
8
9
21
33
45
44
56
57
58
59
47
48
36
24
12
11
10
22
23
35
34
46
47
48
60
72
71
83
95
94
82
81
93
105
106
107
119
118
117
118
130
131
132
144
143
142
141
129
128
140
139
127
115
116
104
92
80
79
91
90
78
77
89
101
100
112
124
123
135
134
133
121
122
110
109
97
85
73
61
49
37
25
13
1
2
3
15
14
26
38
50
62
74
86
98
99
111
99
87
88
12
11
10
9
21
22
34
35
23
24
36
48
60
72
71
59
58
46
47
48
60
59
58
70
82
83
95
94
106
107
108
96
84
72
71
70
69
81
80
79
67
55
43
42
30
29
41
40
28
27
39
38
26
14
15
3
2
1
13
25
37
49
61
73
85
97
109
121
133
134
135
123
122
110
111
112
100
101
102
90
89
77
65
53
54
66
78
77
76
88
87
86
98
99
87
75
63
51
52
64
76
75
74
62
50
49
37
38
39
27
28
16
4
5
6
18
17
29
30
31
32
20
8
7
19
31
43
44
45
57
56
68
69
81
93
92
91
103
115
114
126
127
139
140
128
116
104
105
117
129
141
142
130
131
119
120
132
144
143
142
141
140
139
138
137
125
113
114
102
90
78
66
65
53
54
42
41
40
52
64
63
51
50
62
61
73
74
86
85
97
98
99
100
88
89
101
113
125
124
136
135
134
133
121
109
110
122
123
111
112
124
136
137
138
126
127
128
116
115
103
104
105
117
129
130
118
106
118
119
131
143
144
132
120
108
107
95
96
84
83
82
94
93
92
91
79
80
68
67
55
56
57
45
46
47
35
36
24
12
11
23
22
10
9
8
7
6
5
4
3
2
1
13
25
26
14
15
16
17
18
19
20
21
33
34
33
32
44
10
87
5
111
64
24
36
67
134
71
36
139
117
20
100
41
43
52
82
131
128
90
70
115
130
14
132
129
19
87
108
15
135
91
40
138
51
102
99
42
34
105
25
116
106
63
26
76
44
61
72
115
92
22
60
63
17
125
42
5
136
33
143
141
104
93
77
95
81
78
119
124
120
66
45
75
34
21
126
9
37
73
58
70
137
101
84
109
69
93
61
118
144
104
62
79
39
137
23
29
7
15
18
128
108
65
112
60
30
143
51
28
88
31
119
35
18
3
23
121
111
123
101
16
81
11
6
139
133
65
59
27
2
138
17
16
50
110
123
127
77
76
8
39
72
134
91
29
79
10
13
92
55
59
1
129
80
96
105
110
141
47
67
107
113
144
98
136
52
127
33
109
88
118
75
106
94
27
97
31
12
83
99
89
54
66
73
53
4
64
13
107
46
22
85
47
38
48
3
30
142
68
44
90
57
86
37
9
135
40
94
45
120
14
49
85
62
7
83
96
6
132
133
28
32
57
24
25
142
38
124
126
114
32
71
1
103
113
98
125
112
68
21
19
58
117
41
102
121
140
49
2
56
74
55
80
74
46
54
50
35
103
84
114
89
122
78
26
43
4
53
116
97
140
122
56
95
82
100
8
69
48
12
11
86
130
20
131
41
21
136
134
128
11
40
109
95
139
131
56
53
22
136
117
9
125
129
135
141
105
78
39
110
143
116
80
86
74
38
102
126
127
69
60
142
34
13
23
90
81
25
132
121
93
104
65
72
125
9
92
85
107
3
56
114
6
64
116
118
64
101
115
75
109
91
60
129
57
87
63
114
55
50
99
12
49
80
46
94
138
144
126
24
124
10
30
130
57
79
44
61
99
97
65
52
61
53
112
14
6
34
108
16
5
37
90
97
26
113
22
24
17
27
8
66
20
117
135
88
3
16
25
119
112
68
36
92
66
143
50
130
142
28
48
93
141
121
59
31
73
76
40
122
12
84
77
131
18
5
14
139
10
120
54
2
29
96
11
82
23
48
58
36
35
63
133
69
140
144
30
140
71
106
138
67
94
54
47
19
38
110
77
105
91
2
79
108
4
128
98
101
122
19
62
133
103
70
68
33
115
45
51
75
39
58
20
15
124
127
45
17
89
67
103
47
41
118
88
33
26
44
32
123
7
73
74
15
18
43
113
111
84
98
123
71
28
27
8
102
1
96
81
89
32
43
52
137
82
42
134
49
7
35
29
46
21
120
1
31
104
72
55
76
86
4
119
59
87
100
37
100
85
13
106
51
132
83
111
62
137
95
42
107
83
70
78
133
134
122
110
111
112
100
99
87
86
85
97
109
121
133
134
135
136
124
123
135
136
137
138
139
140
141
142
143
144
132
120
119
131
130
118
117
129
128
127
115
116
104
103
91
90
78
79
80
68
56
55
67
66
54
42
30
29
17
18
19
7
6
5
4
16
28
27
39
38
50
62
63
51
52
40
41
53
65
64
76
88
89
77
76
75
74
73
61
49
37
25
26
14
15
3
2
1
13
25
37
49
61
73
85
97
98
86
87
88
100
101
113
114
102
103
104
92
93
94
95
96
84
83
82
70
69
57
58
46
45
44
32
33
21
22
23
35
36
24
12
11
10
9
8
20
32
31
43
42
41
53
65
77
89
90
91
92
80
81
93
105
106
107
108
96
84
72
60
59
71
70
58
46
45
44
43
55
54
66
78
79
67
68
56
57
69
81
82
94
106
105
117
116
115
114
102
101
113
112
111
99
98
110
109
121
122
123
124
125
126
125
137
138
126
127
139
140
128
129
141
142
143
144
132
131
130
118
119
120
108
107
95
83
71
72
60
59
47
48
47
48
36
35
34
33
34
22
23
24
12
11
10
9
21
20
8
7
6
18
19
31
30
29
17
16
15
27
28
40
39
51
52
64
63
75
74
62
50
38
26
14
13
1
2
3
4
5
12
24
23
22
34
46
45
33
32
20
8
9
10
11
12
24
36
48
47
35
36
48
60
72
84
96
108
120
132
144
143
142
130
131
119
118
106
107
95
83
82
94
93
81
80
68
67
79
91
90
89
77
78
66
65
64
63
51
50
62
74
73
61
49
37
38
39
27
28
16
17
18
30
29
41
40
52
53
54
42
43
44
56
55
43
31
19
7
6
5
4
3
15
14
26
25
13
1
2
3
4
5
6
7
8
9
21
20
32
44
45
57
58
70
69
81
93
92
104
116
128
140
139
127
115
114
102
101
113
112
100
88
87
99
98
110
122
123
135
134
133
121
109
97
85
86
87
75
76
64
52
53
54
55
56
68
80
92
91
103
104
105
117
129
141
140
139
138
137
125
126
114
113
112
100
88
76
77
65
66
67
79
78
90
89
101
102
103
115
116
117
105
106
94
82
70
69
57
58
46
34
33
21
22
10
11
23
35
47
59
71
59
60
72
71
83
84
96
95
107
108
120
132
144
143
131
119
118
130
142
141
129
128
127
126
138
137
125
124
136
124
136
135
123
111
99
111
110
122
134
133
121
109
97
98
86
85
73
61
62
74
75
63
51
50
38
26
27
39
40
28
29
41
42
30
31
19
18
17
16
15
14
2
1
13
25
37
49
120
3
134
100
60
54
143
87
2
66
10
19
58
39
31
49
81
67
98
25
13
124
67
138
53
61
82
50
132
42
74
75
66
29
57
59
24
102
131
12
35
53
18
104
72
120
71
45
83
49
30
39
112
33
119
64
48
68
30
139
80
38
139
105
129
136
6
71
7
25
93
114
6
121
44
101
90
14
136
60
73
65
46
56
103
40
69
68
62
106
58
59
104
77
112
101
63
23
107
74
23
109
2
105
126
55
83
13
8
98
111
122
124
88
115
113
69
16
142
41
137
24
42
73
72
135
142
78
29
35
81
116
125
37
75
86
78
133
22
36
1
26
41
97
95
119
47
107
43
138
118
123
94
133
128
86
28
65
21
31
116
144
48
99
46
92
85
117
70
20
5
92
17
10
9
88
34
79
91
5
37
90
47
27
85
17
26
89
130
16
79
129
20
103
140
1
34
114
141
27
99
109
28
44
126
64
61
8
125
32
33
76
11
95
18
94
117
51
113
63
54
52
108
19
137
15
12
115
4
128
118
141
84
96
140
22
135
127
131
100
51
122
110
89
108
15
36
121
77
127
52
80
132
130
4
110
102
97
91
40
56
21
45
96
3
55
11
43
134
62
7
50
123
32
70
38
143
144
93
76
106
87
84
14
9
111
82
57
11
113
72
128
99
88
2
38
83
139
51
75
130
5
15
11
50
42
121
26
24
121
92
64
1
95
4
136
114
44
39
59
22
29
101
126
96
16
141
49
124
32
34
10
37
84
40
21
36
48
38
46
43
62
14
2
40
85
71
109
8
115
41
136
56
20
32
135
137
60
142
70
126
18
111
107
39
102
76
15
69
116
29
45
119
60
41
104
3
36
84
93
53
138
57
101
30
58
91
4
69
96
7
113
132
117
85
45
25
79
108
70
91
28
74
78
9
65
59
97
95
14
71
78
51
140
12
54
67
61
17
100
125
55
49
12
79
122
134
105
3
75
110
13
87
80
8
63
125
47
82
61
98
117
93
131
122
1
53
31
28
88
132
13
48
119
103
105
46
7
54
55
37
124
104
52
111
120
129
31
110
106
112
44
68
73
127
109
66
19
118
107
143
89
98
142
43
123
83
18
62
24
5
81
120
30
74
97
22
47
72
94
26
64
144
127
143
66
92
133
100
68
133
19
21
128
86
130
139
52
35
103
81
140
82
58
112
89
10
135
94
34
33
137
27
131
17
27
80
73
16
86
33
114
77
50
90
141
9
65
87
23
99
90
76
35
102
138
116
20
6
108
57
115
56
106
129
134
144
42
118
123
77
63
25
67
6
23
