##Rat 4 Day 17
 ##rewards
126
113
47
##Vertices
133
134
135
123
111
99
98
86
74
62
61
73
85
97
109
110
122
121
109
97
85
73
74
75
87
88
76
77
65
66
54
55
56
68
80
79
78
90
102
114
115
116
128
127
139
140
141
142
130
118
117
129
141
140
139
138
137
136
124
112
113
125
126
114
113
101
100
88
89
77
78
66
67
55
43
42
41
40
52
51
50
38
39
27
26
14
15
16
4
5
17
29
30
18
6
7
19
20
32
44
45
33
34
35
36
24
12
11
23
22
10
9
8
7
6
5
4
3
2
1
13
25
37
49
61
62
63
64
65
53
54
42
43
31
32
44
45
46
47
59
71
70
58
57
69
81
82
83
84
96
95
94
93
92
91
103
104
105
106
107
119
131
143
144
132
120
108
96
84
72
60
72
71
83
82
94
95
107
108
120
119
131
132
144
143
142
130
129
117
118
106
105
104
116
128
127
115
103
102
101
89
90
91
92
93
81
80
79
67
68
56
57
69
70
58
59
60
48
36
48
47
46
34
35
23
24
12
11
10
22
21
33
21
9
8
20
19
31
30
18
17
16
28
27
26
14
15
3
2
1
13
25
37
49
50
38
39
40
28
29
41
53
52
51
63
64
76
75
87
99
100
112
111
123
124
125
126
138
137
136
135
134
133
121
122
110
98
86
144
143
142
130
118
106
107
95
83
71
72
84
96
108
120
119
131
132
120
108
96
84
83
82
94
93
81
80
68
67
55
54
53
65
77
78
79
91
103
115
114
113
125
126
138
137
136
135
123
111
112
124
136
137
138
139
140
141
129
117
116
128
127
115
116
104
105
93
92
80
79
67
66
54
42
43
44
45
57
58
59
47
46
34
35
23
22
21
9
8
20
32
31
19
7
6
18
17
29
41
40
28
27
26
25
13
1
2
14
15
3
4
5
6
7
8
9
10
11
12
24
36
48
60
72
71
70
69
68
56
55
43
42
30
29
41
40
39
38
50
62
63
51
52
64
76
75
74
73
85
86
87
88
89
90
102
101
100
99
98
110
122
134
133
121
109
97
85
73
61
49
61
62
74
75
87
86
98
97
109
110
122
121
133
134
135
123
124
112
111
99
100
101
113
125
126
114
102
103
104
92
91
90
89
88
76
77
78
66
65
53
52
64
63
51
50
49
37
25
37
38
39
27
26
14
13
1
2
3
15
16
28
16
4
5
17
18
30
31
19
20
21
33
34
35
23
22
10
11
12
24
36
48
60
59
47
46
45
33
32
44
56
57
58
70
69
81
82
94
106
105
117
118
130
129
128
127
139
140
141
142
143
144
132
131
119
107
95
4
18
100
97
20
19
19
85
65
78
11
84
60
115
28
79
62
35
132
3
44
8
73
126
133
108
107
64
40
49
12
125
18
137
144
8
41
23
143
69
66
123
101
98
53
5
132
7
61
121
82
46
131
118
32
108
42
2
56
1
125
6
31
66
39
80
50
47
34
9
80
21
38
120
139
124
75
119
116
90
110
37
59
112
57
56
111
24
11
36
123
131
98
38
15
118
95
70
27
106
128
29
101
43
30
86
16
122
74
74
3
40
130
55
120
58
54
134
67
6
116
54
26
65
89
68
100
106
73
5
32
143
129
113
88
16
62
110
17
117
25
23
46
20
84
99
142
71
102
81
109
136
107
136
75
81
78
93
109
77
52
26
36
24
94
51
68
113
63
15
10
45
13
141
42
43
97
128
35
137
50
139
17
48
92
41
58
63
10
88
104
69
25
14
39
44
144
96
140
49
22
90
92
86
7
114
141
77
72
64
79
12
22
61
126
2
47
117
95
34
135
103
102
85
21
29
130
60
83
14
112
103
138
33
91
1
119
4
76
121
89
93
114
94
13
30
45
71
99
57
127
55
129
67
52
31
91
138
142
37
134
83
53
70
115
87
9
51
105
104
122
124
140
105
87
127
135
96
48
33
133
27
72
59
82
111
28
76
42
42
142
121
27
81
94
53
122
55
142
132
87
103
49
143
2
22
121
78
67
73
106
92
71
132
118
37
66
102
61
105
8
41
36
54
108
94
48
39
34
123
38
83
33
98
3
141
120
95
86
109
48
51
6
95
93
23
12
141
139
82
80
50
3
16
40
113
11
60
45
126
84
35
18
46
119
34
58
130
117
88
97
79
57
31
86
77
83
120
1
57
60
75
1
144
140
7
82
62
101
104
125
2
97
79
36
98
69
5
52
20
128
23
9
62
56
9
131
103
90
129
45
69
47
89
44
24
91
84
30
26
40
88
63
30
10
50
63
47
31
139
114
104
124
85
77
111
15
32
108
28
99
65
74
22
133
72
37
72
134
107
106
105
138
64
119
56
129
90
76
15
17
137
19
53
87
100
127
27
54
58
114
12
131
24
102
28
143
127
4
99
130
13
71
41
116
68
124
111
89
112
125
8
6
118
17
29
128
134
117
25
76
38
43
13
75
16
35
19
140
136
46
135
67
85
80
5
10
25
126
59
68
91
7
33
52
61
113
14
4
59
64
29
138
55
70
100
78
93
43
39
92
65
21
112
66
51
144
44
137
135
101
110
110
136
11
133
115
96
70
18
122
26
115
81
73
20
116
49
74
32
107
21
123
109
14
96
12
11
10
9
21
20
8
7
6
5
4
3
2
1
13
14
26
25
37
38
39
40
52
53
41
42
30
31
43
55
67
68
69
81
82
70
58
59
47
46
34
35
23
24
36
48
60
72
84
96
95
107
108
120
132
144
143
142
141
129
130
131
119
118
117
105
104
92
91
90
102
103
115
116
128
127
126
125
124
136
137
138
139
140
141
142
130
118
106
94
93
105
106
94
82
83
71
70
69
57
45
44
56
55
54
66
65
77
78
79
80
68
56
57
58
46
45
33
32
44
43
31
19
18
17
29
28
16
15
27
39
51
50
49
61
62
74
73
85
86
98
97
109
110
122
121
133
134
135
123
111
112
113
101
100
88
76
64
63
75
87
99
111
112
100
101
89
88
76
64
52
51
50
49
61
73
74
62
63
75
87
99
98
86
85
97
109
110
122
121
133
134
135
123
124
136
137
125
113
114
102
114
115
127
126
138
139
140
128
129
117
116
104
103
91
92
93
81
80
79
67
66
78
90
89
77
65
53
54
42
30
18
19
20
32
33
34
22
21
22
23
35
47
59
71
83
95
107
119
131
143
144
132
120
108
96
84
72
60
48
36
24
12
11
10
9
8
7
6
5
17
16
4
3
15
14
2
1
13
25
37
38
26
27
28
40
41
29
1
13
14
15
27
26
25
37
49
50
62
61
73
74
75
87
86
85
97
98
99
111
123
122
110
109
121
133
134
135
136
137
125
126
114
113
101
100
88
76
77
65
66
54
53
52
64
63
51
39
40
28
16
17
5
4
3
2
1
13
25
26
38
39
40
41
29
30
42
43
31
19
20
8
7
6
18
30
31
32
44
45
33
34
35
23
22
21
9
10
11
12
24
36
48
47
59
60
72
84
96
95
83
71
70
82
81
93
105
117
118
119
120
108
107
106
94
82
70
58
46
45
57
69
68
56
55
67
79
78
90
102
103
91
92
80
81
93
94
106
118
130
131
132
144
143
142
141
140
139
138
137
136
124
112
100
99
87
88
89
101
102
114
115
127
128
116
104
105
117
129
128
129
130
131
132
144
143
142
141
140
139
138
126
127
115
116
104
103
91
92
80
79
67
68
69
57
56
55
54
42
43
44
32
33
34
46
58
59
71
83
95
107
119
120
108
96
84
72
60
48
47
35
36
24
12
11
23
22
10
9
21
20
8
7
19
18
6
5
17
16
4
3
2
14
15
27
28
29
41
53
65
66
78
90
89
77
76
75
74
62
63
64
52
51
50
38
37
49
61
73
85
86
98
97
109
110
122
121
133
134
135
123
111
112
113
125
124
16
82
11
117
17
102
26
42
89
119
31
44
76
112
84
45
116
42
118
69
139
28
97
67
47
57
61
33
95
109
86
72
83
72
101
90
123
57
55
73
51
4
49
143
63
82
91
136
56
10
140
107
39
34
10
30
7
24
125
1
70
140
127
13
98
103
68
7
88
108
43
8
40
63
91
138
104
80
79
29
94
16
71
89
37
49
65
50
6
62
52
24
36
13
106
124
98
12
131
97
116
70
92
73
61
141
121
93
92
46
18
79
114
138
87
128
69
143
25
114
23
55
48
15
136
20
107
99
5
112
39
84
28
81
122
15
123
120
60
43
52
50
120
132
21
54
119
86
34
142
27
14
137
77
38
133
130
58
47
94
54
11
96
46
90
103
128
115
74
65
2
59
101
59
21
130
88
51
22
32
137
110
58
20
41
126
45
85
75
35
26
95
141
30
115
117
132
67
3
14
66
9
71
129
142
25
144
118
87
62
3
36
111
76
77
81
8
53
129
121
41
126
125
99
102
93
135
74
4
111
48
53
60
33
133
75
9
105
5
105
135
64
27
83
44
40
56
100
131
68
78
108
78
144
2
37
29
134
19
12
122
35
1
139
38
22
6
32
19
64
113
134
23
109
127
66
31
85
17
104
96
18
124
106
110
80
113
100
137
51
60
22
115
99
125
14
131
124
38
71
1
76
118
107
83
31
111
106
28
18
133
99
37
144
43
59
126
138
14
117
35
64
130
45
24
48
47
94
95
39
91
136
101
29
19
62
30
122
46
35
108
26
102
8
61
55
18
84
93
64
5
75
11
17
92
6
131
1
5
12
110
49
77
36
134
73
100
26
100
60
8
27
21
66
49
108
144
110
17
10
97
15
42
75
69
102
50
114
109
40
7
41
33
96
125
115
120
123
29
90
56
52
72
70
135
121
3
88
45
78
87
65
40
80
54
25
127
80
77
93
34
74
136
114
142
41
16
109
63
2
118
113
105
84
13
103
67
21
57
121
122
31
82
82
89
43
96
126
135
6
34
140
4
112
38
111
88
85
69
101
47
128
22
119
98
78
33
142
86
23
58
116
116
79
3
83
56
70
81
143
66
53
25
139
23
85
44
76
128
36
63
104
37
72
139
95
124
89
53
4
9
81
129
117
119
32
27
98
134
123
10
50
130
68
19
57
74
32
2
129
48
52
91
90
62
16
120
133
42
92
68
97
105
106
20
15
28
51
127
9
73
143
104
30
86
79
67
55
71
112
132
24
87
107
138
20
12
54
7
11
94
44
58
140
59
103
65
141
141
46
39
113
132
13
61
137
1
2
3
15
14
26
38
37
25
13
1
2
3
4
5
6
7
8
20
19
31
43
44
56
57
45
46
34
22
10
9
21
33
32
44
43
42
30
29
17
16
28
27
39
51
50
62
63
64
52
53
41
40
52
51
63
75
87
86
74
73
85
97
109
110
122
123
111
99
98
97
109
121
133
134
135
136
137
125
126
114
102
103
91
92
104
116
115
127
139
138
137
136
124
112
113
101
100
88
89
77
78
79
67
55
54
66
65
64
76
77
65
53
54
66
78
90
91
79
80
81
69
70
71
59
58
57
45
46
47
35
23
11
12
24
36
48
60
72
84
83
82
94
93
105
106
118
117
129
130
131
132
144
143
142
141
140
128
116
104
92
93
105
117
118
119
120
108
96
95
107
119
131
130
142
143
144
132
120
108
107
95
96
84
83
71
72
60
48
36
24
12
11
10
9
21
20
8
7
6
18
17
5
4
16
15
14
13
25
37
49
61
49
61
73
85
86
98
110
122
121
133
134
135
123
124
125
113
114
126
138
139
140
141
129
128
127
115
103
102
90
89
101
100
112
111
99
87
88
76
75
74
62
50
38
26
27
39
40
28
29
41
42
30
18
19
31
32
33
34
22
23
35
47
59
58
70
69
68
67
55
56
68
80
81
82
94
106
144
132
120
119
131
130
129
141
142
143
144
132
120
108
96
84
72
60
59
71
70
69
57
56
44
45
33
34
35
36
48
47
46
58
57
69
81
82
94
95
107
106
118
117
116
128
127
115
103
104
92
93
105
104
116
115
114
113
125
126
138
137
136
135
123
122
110
111
112
124
136
135
134
133
121
109
97
85
86
74
75
76
64
65
53
52
51
63
62
61
73
85
97
98
99
87
88
100
101
89
90
78
66
67
68
80
79
91
103
102
90
91
92
80
79
78
77
65
66
54
42
43
31
19
20
32
44
45
33
21
22
23
24
12
11
10
9
8
7
6
18
30
29
41
40
28
27
39
38
26
14
2
1
13
25
37
49
50
51
52
53
41
40
39
27
15
3
4
5
17
16
15
14
26
25
13
1
2
3
4
16
17
5
6
18
19
7
8
9
10
11
12
24
36
48
47
59
60
72
84
83
95
96
108
107
119
131
143
142
141
140
139
140
139
138
137
125
124
123
122
134
133
121
109
110
98
86
87
75
74
73
61
49
37
38
50
62
63
64
76
77
89
88
100
99
111
112
113
101
102
114
126
127
128
129
130
118
117
105
106
94
93
81
82
83
71
70
58
46
34
35
23
22
21
20
32
31
43
55
67
68
56
55
54
42
30
29
28
59
109
58
93
35
38
53
55
39
137
2
11
33
90
56
11
30
28
103
95
9
67
33
23
4
76
74
54
18
87
131
19
78
4
115
31
83
100
26
105
19
44
129
72
143
107
132
14
45
8
121
94
98
114
128
137
95
123
18
101
82
78
113
90
124
52
139
99
138
37
55
127
22
130
20
69
73
81
104
13
85
48
42
65
135
109
65
144
50
82
51
21
43
141
40
36
6
77
25
110
41
102
68
42
132
29
51
5
14
29
16
46
70
123
144
36
39
21
120
108
88
87
32
126
3
85
27
92
120
122
34
80
104
142
143
115
98
136
15
28
126
37
20
107
71
17
72
101
131
142
71
67
8
100
35
59
58
127
139
40
5
118
94
30
91
34
6
63
116
75
25
112
43
10
31
24
63
1
91
64
57
102
48
62
80
76
60
119
61
117
112
114
7
117
26
75
135
111
57
1
10
66
134
141
122
108
89
27
97
83
2
125
93
3
106
49
84
73
128
96
54
97
45
129
62
17
56
113
12
79
15
86
140
133
16
38
111
103
41
79
119
138
47
74
124
69
49
105
92
23
125
46
130
70
44
64
116
66
89
133
99
88
13
52
50
110
61
81
53
60
140
68
22
106
134
84
24
32
96
12
118
136
121
77
9
47
86
7
139
79
121
52
97
90
43
96
35
21
143
56
99
142
18
37
14
121
128
44
12
59
4
60
73
132
10
70
78
84
59
83
16
126
101
16
136
42
5
74
105
94
131
65
86
68
113
61
135
111
31
81
89
133
70
115
17
65
55
24
114
140
127
43
132
39
124
130
38
49
27
92
34
46
76
15
98
15
139
102
23
64
134
89
105
136
71
118
73
72
68
82
8
144
115
2
143
67
129
64
52
36
37
23
11
60
33
98
7
63
108
66
55
14
137
103
141
51
39
3
99
88
49
22
94
82
106
38
30
116
6
19
124
36
93
80
77
50
119
93
3
54
116
69
142
123
103
2
107
125
41
135
123
45
29
86
51
81
71
66
21
29
95
45
34
47
75
26
24
20
67
9
28
54
92
119
110
31
141
63
33
76
53
48
108
109
111
129
13
32
100
28
69
72
62
88
101
1
40
7
42
112
85
112
4
48
87
46
56
114
117
6
13
18
53
122
100
44
9
128
30
96
40
110
118
27
10
8
120
138
80
134
126
90
74
130
85
106
120
1
91
25
57
25
20
138
19
97
77
91
58
78
125
5
47
26
58
84
57
144
61
140
41
131
87
104
75
113
104
117
12
95
83
107
32
127
102
50
79
109
22
133
11
122
35
137
62
17
