##Rat 2 Day 6
 ##rewards
18
29
107
##Vertices
93
64
114
47
35
32
54
65
3
25
100
11
94
109
143
98
72
141
135
40
24
119
31
44
69
116
70
137
119
94
70
90
102
5
101
12
28
38
66
28
36
143
122
97
123
26
2
126
52
16
75
97
13
56
39
13
99
1
67
61
103
69
51
46
48
55
107
138
111
127
93
4
109
88
67
61
4
116
131
24
49
16
51
86
47
27
81
126
125
96
110
77
105
8
14
103
17
134
91
35
45
99
113
10
46
128
50
37
18
108
88
139
74
34
135
84
100
86
118
133
49
22
68
77
71
9
54
76
58
117
38
60
30
89
96
68
144
15
87
142
125
113
20
15
98
90
74
42
65
124
139
33
121
140
6
56
102
30
48
66
37
123
92
73
82
39
45
27
141
124
75
55
85
83
131
29
33
53
59
85
111
84
144
50
62
40
112
18
142
59
120
140
115
7
136
43
20
26
92
82
57
31
43
71
115
52
81
22
132
63
63
132
137
29
36
21
3
17
42
19
23
89
11
91
136
106
41
121
79
110
41
53
64
138
44
7
112
120
134
62
19
72
1
106
25
95
58
104
80
57
130
8
95
129
83
10
128
108
78
117
5
114
107
2
34
127
122
14
118
78
12
76
105
133
21
6
60
130
32
73
9
87
23
79
101
80
104
129
53
27
14
11
73
7
82
15
123
17
107
72
57
133
84
18
126
78
109
68
1
134
115
19
28
43
73
14
21
47
115
72
136
81
108
118
42
4
109
100
90
78
104
110
69
125
27
16
77
106
58
139
107
111
111
126
89
13
86
103
60
56
98
99
41
32
70
88
6
59
23
69
75
30
44
79
63
38
45
60
80
122
2
53
4
83
112
144
112
113
20
124
30
85
76
55
9
141
135
87
71
95
67
23
51
77
117
8
40
122
120
70
132
9
92
46
24
54
34
8
39
120
10
37
50
143
93
45
84
46
97
16
26
5
42
74
3
56
54
106
58
29
123
102
26
108
32
130
136
116
82
85
99
65
6
71
90
128
11
80
94
93
129
61
97
140
89
67
31
81
92
95
114
101
79
139
142
124
48
10
15
35
143
64
140
91
19
1
114
101
117
35
127
2
61
121
132
38
66
20
116
33
118
12
94
87
34
55
102
28
68
138
52
62
13
3
22
74
48
17
25
83
52
59
88
44
24
39
51
36
131
144
7
18
119
91
25
105
75
127
62
142
130
47
64
141
33
125
110
65
21
103
121
22
98
128
96
76
29
105
119
138
12
36
137
50
63
40
37
131
133
49
49
104
100
57
86
41
43
135
5
137
96
129
113
66
134
31
1
2
14
26
27
39
51
52
53
41
29
30
18
6
5
17
16
4
3
15
27
28
40
39
38
37
49
61
62
74
73
85
86
87
99
98
110
122
123
135
136
124
125
137
138
126
127
115
114
102
103
104
116
128
129
141
142
130
118
117
105
106
94
95
107
108
96
84
83
82
81
69
70
71
72
60
59
47
48
36
35
23
22
10
11
12
24
36
48
60
72
84
96
108
120
119
131
132
144
143
142
141
140
139
138
137
136
135
134
133
121
109
97
85
73
61
49
50
62
63
75
76
88
100
112
111
123
124
125
113
101
89
77
65
64
76
77
78
79
67
66
54
42
43
55
56
57
58
46
45
44
32
20
8
9
21
33
34
35
47
59
71
83
95
94
93
92
80
68
67
55
56
44
32
31
19
20
8
7
6
7
19
18
30
31
43
42
54
66
78
79
80
68
69
57
45
33
21
9
10
11
12
24
23
22
34
46
58
70
82
81
93
105
106
107
119
120
132
144
143
131
130
118
117
129
128
140
139
127
126
114
102
103
115
116
104
92
91
90
91
90
89
88
87
99
100
101
113
112
111
110
122
134
133
121
109
97
98
86
74
75
63
51
52
64
65
53
41
40
28
29
17
5
4
16
15
3
2
1
13
14
26
25
13
25
37
38
50
12
24
23
22
34
33
32
44
56
57
58
70
71
72
60
59
47
48
36
35
34
46
45
33
21
9
8
7
19
18
6
5
17
29
28
16
15
14
26
25
37
38
50
49
61
62
74
75
63
64
76
88
87
86
98
97
109
110
111
99
100
112
113
125
124
136
137
138
126
114
102
103
115
127
139
140
128
129
141
142
130
131
119
120
132
144
143
142
141
140
139
138
137
136
135
123
122
134
133
121
109
97
85
73
61
49
37
25
13
1
2
3
4
5
6
7
8
20
19
31
30
42
41
40
39
27
26
38
50
51
52
53
54
55
43
42
54
66
78
79
67
68
69
81
80
92
104
116
117
105
93
94
95
96
108
107
106
118
130
129
128
127
126
125
113
101
89
90
91
79
80
92
93
94
82
83
95
96
84
72
84
83
71
70
82
81
69
68
67
66
78
90
91
103
104
105
106
107
108
120
132
144
143
131
119
118
117
116
115
114
102
101
100
112
124
123
135
134
133
121
122
110
111
99
98
86
85
73
74
62
63
64
76
75
87
88
89
77
65
77
65
53
41
29
28
40
52
51
39
27
15
14
13
1
2
3
4
16
17
18
30
31
32
44
43
55
56
57
45
46
58
59
60
48
47
35
36
24
12
11
23
22
10
11
10
9
21
20
115
104
47
139
76
97
17
66
62
4
127
43
51
86
52
58
102
103
136
72
121
31
83
131
136
132
54
6
117
115
35
106
36
49
97
90
81
129
14
140
80
88
39
124
19
9
29
124
19
63
126
33
31
64
123
55
48
131
24
65
44
70
130
111
108
50
44
28
30
23
119
134
110
12
32
129
125
89
88
42
39
23
3
69
79
8
37
107
77
2
113
141
112
103
127
100
13
45
116
10
22
95
109
43
137
68
18
143
59
3
38
16
126
75
4
20
80
50
15
25
1
34
117
5
56
75
29
84
86
85
118
6
98
134
1
112
113
59
133
27
78
130
91
42
121
69
51
101
46
65
66
61
141
21
7
20
9
74
82
40
55
96
132
5
11
2
53
21
28
73
96
10
144
70
68
114
25
109
8
101
16
111
26
120
73
37
56
114
98
32
102
90
60
58
143
57
14
125
40
11
94
45
71
41
135
139
144
60
67
106
77
62
100
33
135
52
27
119
61
26
122
105
128
67
92
108
85
63
104
92
133
93
41
89
116
93
87
35
142
36
34
120
64
142
38
46
95
128
91
105
71
13
81
22
84
12
110
107
72
83
17
87
79
138
99
82
118
15
74
18
7
137
78
24
122
94
30
47
53
99
140
54
76
138
57
123
48
49
101
76
127
58
32
89
44
40
72
117
4
106
60
78
94
20
100
13
5
66
85
109
105
25
130
9
11
61
133
104
128
48
41
68
125
57
132
43
58
2
142
30
45
68
63
98
136
112
49
54
56
106
37
120
38
82
97
119
24
28
85
67
73
53
51
99
128
119
16
69
87
125
7
138
101
129
29
120
70
8
113
81
140
3
45
118
56
65
99
121
27
22
28
129
19
123
130
17
144
31
20
60
137
48
44
131
109
79
47
141
133
6
95
9
59
14
84
71
103
34
138
110
89
90
30
141
107
47
3
92
52
64
65
87
83
57
23
143
140
23
121
114
31
136
74
97
134
33
105
79
126
33
51
53
91
127
55
70
83
49
131
104
107
91
17
116
110
80
122
94
123
98
14
102
84
62
112
134
27
124
4
42
76
88
77
12
118
71
25
103
54
100
36
15
1
18
15
19
26
11
135
126
24
32
96
92
46
5
21
42
64
86
34
90
139
50
95
41
75
77
93
111
75
81
10
108
22
139
62
73
12
88
61
80
72
113
26
135
39
37
114
35
116
7
82
2
69
137
50
35
117
63
67
39
36
93
18
86
96
111
40
29
38
43
16
59
102
66
6
74
10
13
52
115
115
124
142
143
55
144
108
21
1
8
122
46
78
132
144
143
142
130
129
141
140
128
116
115
103
91
79
78
77
65
53
41
42
43
44
45
46
58
57
69
68
80
92
93
94
82
81
69
70
71
83
84
72
60
48
47
35
23
24
12
11
10
22
34
33
21
9
8
7
6
18
17
16
15
27
28
40
39
38
50
62
61
49
37
25
26
14
2
3
4
5
6
7
19
31
32
20
8
9
10
22
21
20
19
31
30
29
28
27
39
51
52
64
63
75
74
73
85
86
98
97
109
121
133
134
135
136
124
112
113
125
126
127
139
138
137
136
135
123
122
110
111
99
100
101
102
90
89
88
76
75
87
88
89
101
113
114
102
90
78
66
67
55
56
68
67
79
91
103
104
105
117
118
106
107
95
96
108
120
119
131
132
120
108
107
119
118
130
131
132
144
143
142
141
140
128
129
117
105
106
94
93
81
80
92
104
116
115
114
126
127
139
138
137
125
124
123
111
112
100
99
87
86
98
110
122
134
133
121
109
97
85
73
74
62
61
49
50
38
37
25
26
14
13
1
13
1
2
3
15
16
4
5
17
18
30
29
41
40
52
51
63
64
76
77
65
66
54
53
54
42
43
55
56
44
32
33
45
57
58
70
82
83
95
96
84
72
71
59
60
59
47
46
34
35
36
48
36
24
12
11
23
133
121
109
110
98
97
85
86
87
75
76
77
78
66
54
55
56
57
69
81
93
105
117
116
104
103
91
90
89
101
113
114
102
103
115
127
126
138
139
140
141
129
130
131
143
144
132
120
119
118
106
107
108
96
84
72
71
59
47
35
34
46
45
33
21
20
19
7
8
9
10
22
23
24
36
48
60
72
84
83
82
94
95
96
108
120
119
107
95
83
82
70
58
46
34
33
32
44
43
31
30
18
6
5
17
16
4
3
2
1
13
25
37
38
39
51
50
62
74
73
61
49
37
25
26
14
15
27
28
40
52
64
65
53
41
42
30
29
41
53
52
51
63
64
65
66
67
79
80
92
91
79
78
77
76
88
100
99
111
112
124
125
137
136
135
123
122
134
135
136
124
123
111
110
122
134
133
121
109
97
85
86
98
99
100
112
113
101
102
90
89
88
87
75
63
62
74
73
61
49
50
38
26
27
39
40
28
29
17
16
15
14
13
1
2
3
4
5
6
18
19
7
8
20
21
9
10
22
23
11
12
11
12
24
36
35
47
48
60
59
71
70
58
57
45
44
32
31
43
42
54
55
67
68
56
68
69
81
80
92
93
94
106
105
104
116
115
114
126
125
137
138
139
127
128
140
128
129
117
118
130
142
141
142
143
144
132
131
52
79
16
32
113
46
19
38
26
94
117
40
26
22
45
54
89
24
45
86
109
17
109
66
2
125
88
138
101
8
142
122
92
84
106
41
43
139
42
101
96
38
84
140
126
68
123
12
41
91
80
69
29
36
102
108
139
118
95
1
132
126
141
20
43
17
114
123
141
2
113
128
67
121
50
132
21
54
95
124
134
115
98
120
96
64
58
83
135
90
130
122
93
143
19
100
58
9
40
31
59
66
111
13
65
31
93
23
74
107
76
1
49
136
11
36
48
24
37
23
127
115
80
33
70
15
87
11
39
60
16
133
69
22
112
44
3
25
10
79
57
89
129
3
92
20
104
81
77
73
128
68
103
64
57
35
85
61
118
129
44
77
65
63
78
59
21
42
87
97
142
50
27
27
25
52
143
32
111
116
105
15
70
33
46
30
5
12
119
140
134
51
98
76
114
121
83
29
47
90
117
8
39
10
60
81
30
51
137
99
37
49
120
7
130
34
110
131
74
9
28
86
125
67
131
110
94
5
55
7
75
72
91
63
47
135
71
4
14
48
104
72
18
106
53
6
82
56
73
53
34
144
6
99
14
62
108
56
85
28
82
97
18
136
105
4
127
100
78
144
55
75
133
138
119
35
124
112
61
107
71
116
62
102
88
13
137
103
4
20
11
127
34
72
125
115
42
105
59
7
35
17
63
67
141
88
79
26
28
140
102
124
33
95
47
6
144
49
14
32
75
88
116
144
25
135
86
120
31
23
114
10
72
30
92
71
104
58
14
110
38
81
29
16
8
21
41
70
68
36
76
99
90
43
32
73
79
106
31
28
121
128
41
143
1
5
136
3
89
128
142
51
38
119
131
40
132
105
133
108
91
66
1
46
133
126
22
77
119
126
47
48
27
103
100
65
64
22
54
101
120
9
27
77
91
114
142
106
113
103
37
95
6
122
81
59
5
115
83
26
84
85
118
66
50
43
13
80
53
42
37
78
98
87
74
12
124
140
18
122
109
68
101
111
96
49
55
110
53
123
44
36
84
82
24
70
139
19
7
139
112
86
74
60
116
138
52
130
134
62
143
131
29
102
99
107
25
98
78
71
90
13
80
33
117
45
48
97
8
76
92
93
3
40
97
50
113
39
20
63
4
39
60
73
89
2
96
61
85
121
23
11
75
117
10
56
12
100
61
67
46
15
16
125
57
35
65
107
30
69
108
136
52
64
17
130
83
58
2
62
112
9
44
15
54
137
19
94
118
137
127
129
104
18
129
132
87
51
93
69
94
138
135
109
45
34
134
56
24
123
55
21
111
141
57
82
1
13
25
37
49
50
51
63
62
61
73
74
75
76
77
65
64
52
40
39
38
26
14
2
3
15
27
28
29
17
5
4
16
28
29
30
31
43
42
41
53
54
55
67
66
78
79
91
103
104
105
93
92
80
81
82
94
95
83
84
96
108
120
119
107
106
118
117
129
141
142
143
131
130
142
141
140
128
116
115
127
126
125
124
136
137
138
139
140
128
129
117
116
104
105
106
94
82
70
71
72
60
48
47
59
58
46
45
44
56
68
69
57
45
33
32
20
19
18
6
7
8
9
21
22
10
11
23
24
36
35
34
33
32
44
43
42
41
40
52
51
63
64
76
88
100
112
113
114
102
90
89
101
113
112
111
99
87
86
98
97
109
110
122
121
133
134
135
123
111
99
98
110
109
121
133
134
122
123
135
136
124
125
137
138
139
127
126
114
115
103
91
92
93
81
80
68
56
55
67
79
78
66
54
53
65
77
89
90
102
101
100
88
87
75
74
86
85
97
85
73
61
62
50
49
37
25
26
38
39
27
15
14
13
1
2
3
4
16
17
5
6
18
30
31
19
7
8
20
21
9
10
22
23
35
34
46
47
59
58
57
69
70
71
83
95
107
119
118
130
131
132
144
143
144
132
120
108
96
84
72
60
48
36
24
12
11
12
144
143
142
141
140
128
116
115
127
139
138
126
114
102
90
91
103
104
105
117
129
130
131
132
120
119
118
106
94
95
96
108
107
106
94
82
70
69
81
93
92
80
68
67
79
78
66
65
64
52
40
41
53
54
42
30
29
17
18
6
5
4
3
15
16
28
27
39
38
37
25
13
14
26
25
37
49
50
51
63
62
74
86
98
97
85
73
61
49
50
38
39
51
52
40
28
29
30
31
19
7
8
9
21
20
32
33
45
57
56
55
43
44
45
46
58
59
71
83
84
72
60
48
47
35
36
24
23
11
10
22
34
46
58
57
69
81
93
105
104
116
115
103
102
101
100
99
87
75
76
77
89
88
87
99
111
112
113
125
124
136
135
123
122
134
133
121
109
110
111
112
124
123
135
134
133
121
122
110
109
97
98
86
85
73
61
62
74
75
63
64
65
53
41
42
54
55
56
68
67
66
78
79
80
92
91
90
89
77
76
88
100
101
113
114
126
125
137
136
137
138
139
127
128
140
141
142
130
129
117
118
119
131
143
144
132
120
108
107
95
96
84
83
82
70
71
72
60
59
47
48
36
35
23
22
34
33
21
20
32
44
43
31
19
18
17
16
15
27
26
14
2
1
13
1
2
3
4
5
6
7
8
9
10
11
12
24
12
