##Rat 2 Day 10
 ##rewards
18
29
107
##Vertices
93
54
119
51
74
35
13
43
95
32
3
114
86
25
70
50
123
36
52
110
68
44
31
126
82
7
121
24
48
67
94
73
139
6
65
8
69
57
21
125
108
57
87
48
2
36
132
92
13
55
140
97
109
94
143
144
142
25
51
46
112
34
139
129
99
9
66
11
99
40
73
88
61
110
137
131
41
74
30
43
85
134
98
138
15
100
111
123
92
125
106
81
40
117
79
134
60
143
53
106
97
56
46
72
96
144
142
131
28
130
7
60
77
11
34
103
5
33
103
22
81
58
113
53
1
121
120
26
32
76
38
116
31
61
72
49
63
29
47
105
141
6
37
41
133
128
5
76
84
30
107
44
75
45
89
127
101
115
9
113
62
83
71
21
101
86
128
54
140
35
107
26
69
135
130
104
63
133
39
64
14
15
115
93
80
96
39
137
120
14
67
111
80
70
119
104
33
77
98
59
84
64
116
82
65
88
56
2
90
38
102
23
42
91
18
109
50
85
28
71
135
122
124
83
136
127
91
78
117
102
68
12
29
10
126
100
78
1
16
122
19
114
138
17
49
3
20
45
118
47
129
37
24
12
105
4
17
136
23
108
59
20
90
10
52
118
141
19
16
55
95
27
4
58
42
8
27
89
124
66
87
75
22
62
112
132
18
79
81
31
16
80
70
140
102
19
20
20
66
96
78
45
51
121
24
27
115
74
30
23
80
94
69
143
135
70
100
6
41
87
134
127
11
90
58
61
22
3
8
7
129
137
87
117
127
94
93
76
14
38
115
96
55
36
86
81
102
123
49
117
134
144
130
73
25
37
95
64
141
74
88
28
103
106
112
110
36
56
118
2
47
57
43
59
92
53
38
75
109
103
7
119
27
122
15
111
35
44
15
90
124
141
72
48
112
10
6
110
72
48
116
68
118
40
56
139
42
68
105
108
19
21
97
120
34
1
4
88
50
144
125
99
21
1
104
28
113
142
132
32
29
100
135
61
54
53
60
126
39
107
89
50
18
47
52
98
120
79
105
91
33
95
62
46
42
140
17
29
3
22
65
30
66
62
128
67
54
114
107
44
17
121
71
130
32
24
69
51
85
124
97
60
123
40
76
25
39
84
35
2
18
12
73
64
4
26
77
99
5
113
78
101
143
109
126
13
57
136
84
5
138
16
111
10
131
82
33
63
31
82
13
114
9
142
131
12
128
83
58
86
14
55
49
52
8
119
34
43
67
93
77
101
46
63
136
37
133
71
79
11
83
137
138
91
26
85
23
41
59
92
133
89
75
104
125
122
129
65
116
45
98
108
9
106
139
132
133
121
109
97
98
86
85
73
61
49
37
25
13
1
2
14
15
3
4
16
28
40
41
53
52
64
63
75
76
77
78
90
102
103
115
114
113
125
124
112
111
123
122
134
135
136
137
138
139
140
128
129
141
142
143
144
132
120
108
107
119
131
130
118
106
105
93
92
80
68
69
81
82
94
95
83
71
59
47
48
60
72
84
96
108
120
119
118
117
116
104
105
117
116
115
127
126
114
102
101
100
88
89
77
65
66
54
55
67
79
91
90
89
101
113
112
100
99
87
88
76
75
74
62
50
51
39
38
26
27
28
29
17
5
6
18
19
7
8
20
21
9
10
22
23
11
12
24
36
35
34
46
58
57
45
44
43
42
30
31
32
33
34
46
45
57
56
44
43
42
41
29
17
5
6
7
19
18
30
31
32
33
21
20
8
9
10
22
23
11
12
24
36
35
47
48
60
59
58
70
69
70
82
83
71
72
84
96
95
107
106
94
93
81
80
92
104
103
91
79
78
66
67
68
56
55
54
53
65
64
63
62
74
86
87
99
111
110
98
110
122
123
124
125
126
127
128
129
130
131
132
144
143
142
141
140
139
138
137
136
135
134
133
121
109
97
85
73
61
49
50
38
37
25
26
14
13
1
2
3
4
16
15
27
39
40
52
51
144
143
142
141
129
128
140
139
138
137
136
135
134
133
121
122
110
109
97
98
99
100
88
89
101
102
114
115
103
91
79
80
81
69
70
82
94
95
107
106
118
119
131
132
120
108
96
84
72
60
59
47
48
36
24
12
11
10
9
21
22
23
35
34
33
45
44
56
55
54
42
43
31
32
20
19
18
17
16
4
5
6
7
8
9
10
22
34
46
58
57
45
46
58
70
71
83
82
81
93
105
104
92
91
90
78
77
65
66
67
68
80
92
93
94
106
105
117
116
104
103
115
127
126
125
113
112
124
123
111
99
87
86
85
73
74
62
61
49
50
38
37
25
26
14
13
1
2
3
15
27
28
29
41
40
52
64
76
75
63
51
39
27
28
40
41
53
52
64
76
88
87
86
85
73
61
62
74
75
63
51
39
38
50
49
37
25
26
14
13
1
2
3
15
16
4
5
17
29
30
42
30
31
19
18
6
7
8
20
21
33
32
44
43
55
56
57
69
68
67
79
78
66
54
53
65
77
89
90
102
114
126
127
128
116
117
118
130
129
130
131
119
107
95
83
71
59
47
35
23
11
12
24
36
48
60
72
84
96
108
120
132
144
143
142
141
140
139
138
137
125
124
136
135
123
122
134
133
121
109
97
98
110
111
112
100
101
113
29
60
76
129
48
22
57
24
41
106
74
35
3
66
40
73
114
100
9
47
26
114
143
37
28
38
46
8
81
144
136
115
62
44
33
123
75
84
49
47
10
134
144
120
54
4
105
81
68
126
42
18
48
19
107
92
121
55
90
14
82
122
20
119
41
17
45
60
43
17
94
128
3
5
77
95
116
108
69
39
25
16
12
23
64
70
109
118
29
73
137
94
30
126
140
56
108
111
10
118
82
88
113
19
16
62
102
44
123
132
18
97
1
135
125
80
91
101
27
99
105
6
53
84
66
91
45
49
33
107
15
34
141
140
124
59
38
42
112
96
35
34
24
138
87
61
2
116
68
106
1
65
110
133
142
31
136
128
36
127
115
102
7
133
72
134
13
127
8
21
80
104
64
139
83
110
72
63
77
130
40
69
70
57
90
79
99
5
30
95
71
93
4
78
26
11
28
92
61
43
138
130
124
51
74
67
111
103
135
101
113
37
36
125
56
98
6
97
119
143
32
93
132
121
23
52
75
11
46
98
86
120
59
79
141
20
58
137
25
96
50
2
50
100
89
67
14
117
139
9
122
131
27
63
21
52
89
87
58
76
51
88
53
7
85
22
78
39
86
112
31
71
129
85
32
83
15
131
55
54
117
104
109
142
13
65
103
12
124
82
140
139
29
121
28
79
61
10
108
105
59
58
40
34
21
109
98
8
89
1
126
35
67
15
22
89
53
75
9
38
97
48
43
12
44
17
5
25
11
9
7
34
70
132
118
107
92
114
95
54
125
130
111
15
39
93
53
62
124
63
84
126
83
23
36
3
92
69
14
84
127
73
87
20
3
125
66
38
35
86
87
55
74
48
95
113
122
100
11
128
82
101
45
131
64
59
26
41
96
134
106
31
42
54
36
80
41
101
10
86
107
64
117
138
91
28
117
103
55
2
57
113
80
77
142
16
20
51
120
32
81
129
18
12
72
72
58
103
112
23
131
73
140
119
123
4
49
60
71
27
60
116
143
17
81
76
42
50
46
144
51
109
116
143
30
37
110
99
77
1
133
56
78
16
78
130
68
52
18
118
37
85
142
93
33
136
39
114
119
94
52
2
19
108
122
132
46
135
40
123
102
141
91
7
137
133
127
83
13
62
63
68
25
121
79
26
44
47
70
47
24
135
104
144
30
67
27
105
85
6
4
138
65
21
128
45
32
97
19
88
115
136
57
22
61
88
5
75
134
120
31
104
102
13
137
111
110
29
69
141
99
14
50
71
33
6
98
94
129
43
90
112
8
115
66
139
65
90
106
24
74
96
56
100
49
76
1
13
25
37
38
50
49
61
73
85
97
109
121
133
134
122
123
135
136
124
112
100
101
89
88
76
75
63
64
65
66
54
42
43
31
30
29
17
16
28
27
15
14
2
3
4
5
6
7
8
20
21
9
10
11
12
24
36
48
47
35
23
22
34
46
45
57
56
68
80
81
69
70
58
59
71
83
95
107
108
96
84
72
60
48
36
35
34
33
32
44
45
33
32
31
19
18
30
42
41
40
52
53
65
77
78
90
91
79
67
55
54
53
41
29
28
40
39
51
52
64
63
62
74
86
87
99
98
110
111
112
113
125
137
138
126
127
139
140
128
129
141
142
130
131
143
144
132
120
119
118
106
94
93
105
104
103
102
114
115
116
117
118
106
105
93
92
104
103
102
101
113
125
137
138
139
127
126
114
115
116
117
129
128
140
141
142
130
131
143
144
132
120
119
107
108
96
95
94
82
81
82
70
71
83
84
72
60
59
47
46
58
57
69
68
56
44
43
55
67
66
78
79
80
92
91
90
89
77
76
75
74
62
50
51
39
27
26
38
26
14
15
16
17
18
19
20
21
22
23
24
12
11
10
9
8
7
6
5
4
3
2
1
13
25
37
49
61
73
85
86
98
97
109
110
122
121
133
134
135
136
124
123
111
99
100
88
87
12
11
23
35
34
22
10
9
8
20
19
7
6
18
30
29
17
5
4
16
28
27
26
14
15
3
2
1
13
25
37
49
50
62
63
51
52
40
41
42
54
55
67
68
56
44
43
31
32
33
45
46
47
59
60
48
36
24
12
11
10
22
21
33
45
57
58
70
69
81
82
83
95
96
84
72
71
70
82
94
93
105
106
118
130
131
119
107
108
120
132
144
143
142
141
129
128
140
139
138
137
125
126
127
115
114
102
101
100
99
111
123
135
136
124
112
113
114
115
116
117
105
104
103
91
92
80
79
78
66
65
64
76
77
89
90
102
101
113
112
111
110
122
134
133
121
109
97
85
73
61
49
37
38
39
40
28
29
41
53
52
64
63
75
74
86
87
88
100
99
98
86
98
110
122
134
133
121
109
97
85
73
61
62
74
75
87
88
76
77
89
90
78
79
91
103
104
92
80
68
69
81
93
94
106
118
117
116
128
127
126
125
124
123
135
136
137
138
139
140
141
129
130
142
143
144
132
131
119
120
108
107
95
96
84
83
71
72
60
59
47
48
36
24
23
35
34
46
58
57
56
55
67
66
65
53
54
42
30
18
19
31
43
44
32
20
21
9
8
7
6
5
17
16
4
3
15
14
2
1
13
25
26
27
39
51
50
38
106
127
12
143
71
27
122
61
138
142
141
119
25
54
31
140
37
60
18
104
131
100
107
56
95
51
90
4
125
34
1
69
38
40
48
111
144
73
144
124
86
2
35
2
93
135
138
5
44
52
35
63
30
60
112
30
74
46
82
27
16
132
5
80
39
131
45
84
139
98
99
36
114
26
12
38
96
116
33
143
62
96
34
113
19
89
20
122
7
9
43
108
91
17
18
75
78
13
127
123
139
76
134
118
53
120
42
89
113
105
81
124
112
6
141
28
106
92
4
41
55
70
109
52
132
128
104
36
117
109
64
100
22
85
21
68
72
94
49
31
39
136
14
44
10
123
121
117
47
66
58
73
79
102
40
55
8
9
59
47
11
115
16
126
91
15
25
3
57
54
42
129
29
128
13
23
6
63
97
137
85
66
59
119
3
103
49
101
87
135
64
50
116
93
130
56
81
21
76
67
120
83
14
111
95
53
88
102
41
121
118
65
65
22
99
69
70
94
68
57
80
110
133
10
72
61
110
71
32
83
8
140
20
46
1
43
23
7
11
134
90
84
45
77
82
17
133
19
97
142
114
126
108
78
48
62
137
28
107
37
50
51
86
105
32
136
115
15
129
79
29
88
33
125
75
101
87
130
67
103
24
77
92
98
74
58
26
24
131
130
49
132
86
91
58
69
103
107
44
110
66
132
101
21
18
120
55
93
72
72
12
31
36
136
144
97
24
50
66
1
85
97
18
69
78
109
87
88
95
19
30
68
94
87
65
43
29
62
143
26
100
128
37
92
14
83
8
17
94
107
60
114
35
82
108
141
135
143
4
38
98
58
91
102
13
142
27
26
112
13
140
126
14
15
46
100
74
104
83
82
48
108
81
44
2
128
142
45
79
38
134
10
21
117
52
124
57
81
7
75
12
74
35
40
102
71
103
52
5
39
77
84
137
23
84
2
115
119
90
70
126
139
136
22
135
67
57
129
131
9
20
17
53
121
11
78
48
51
28
8
115
47
33
144
105
32
111
55
10
123
23
129
42
28
96
25
118
32
34
54
56
127
64
24
47
53
76
73
5
85
105
65
70
123
116
71
93
90
7
106
119
16
31
86
39
99
6
4
137
19
120
118
77
117
37
98
113
122
25
112
101
89
27
104
95
59
49
6
96
62
80
116
113
63
60
75
114
64
130
43
141
67
110
133
9
68
92
138
80
111
34
41
73
125
76
134
99
30
56
3
138
79
61
33
46
36
11
51
16
63
61
22
15
59
20
122
121
89
42
106
109
3
54
40
124
88
133
139
140
125
50
29
127
41
45
1
144
132
120
119
118
117
129
128
127
126
138
139
140
141
142
130
131
143
142
141
140
139
127
115
116
104
103
91
90
78
77
65
53
54
55
67
79
80
81
82
70
58
59
71
72
60
48
36
35
34
46
47
48
60
72
84
96
108
107
106
94
95
83
82
94
93
105
104
92
91
79
78
66
65
64
76
88
100
101
113
125
124
112
111
123
122
110
98
97
85
86
87
75
74
73
61
62
50
51
52
40
39
27
15
3
2
1
13
14
26
25
37
49
61
73
85
97
109
121
133
134
135
136
137
138
126
114
102
90
89
77
76
64
63
51
52
40
28
16
17
18
30
29
41
42
43
31
19
7
8
20
32
44
56
68
69
57
45
33
21
22
23
24
12
11
10
9
8
7
6
5
6
18
19
31
32
20
21
9
10
22
23
11
12
24
36
35
47
46
34
33
45
57
58
59
71
70
69
81
93
92
80
68
56
44
43
55
67
66
54
53
41
42
30
29
17
5
4
3
4
16
28
27
15
14
2
1
13
25
26
38
39
38
37
49
50
62
63
75
74
86
98
99
111
123
122
110
109
121
133
134
135
136
137
125
124
112
100
99
87
88
89
101
113
114
102
103
115
116
117
105
106
118
119
107
95
83
84
96
108
120
132
144
143
131
130
129
128
1
2
3
15
14
26
25
13
1
2
3
4
5
6
7
8
9
10
22
34
35
36
48
60
72
84
96
95
107
108
120
119
131
143
142
141
129
130
118
106
94
82
83
71
70
69
81
93
92
91
103
102
90
78
79
80
68
67
66
54
42
41
29
17
16
28
27
39
51
50
49
37
38
39
40
52
64
76
77
65
53
52
40
41
53
65
66
54
55
56
57
58
59
47
46
45
44
43
31
32
33
21
20
19
18
30
31
32
44
45
57
58
70
69
81
93
105
104
116
117
118
106
105
104
103
115
114
113
101
89
88
100
99
111
112
124
123
122
110
98
97
109
121
133
134
135
136
137
125
126
127
128
140
139
138
137
136
124
112
111
99
87
86
85
73
61
62
74
75
63
51
50
38
26
27
28
29
30
42
43
55
56
68
67
79
78
77
76
64
63
62
74
75
87
86
98
110
122
123
135
134
133
121
109
97
85
73
61
49
37
25
13
14
15
16
4
5
17
18
6
7
19
20
8
9
10
22
21
33
34
46
47
35
23
24
23
11
12
11
12
24
36
48
60
59
71
72
84
83
82
94
95
96
108
107
119
120
132
144
143
144
132
131
130
142
141
129
117
116
115
127
128
140
139
138
126
125
113
114
102
101
100
88
89
90
91
92
80
