##Rat 8 Day 12
 ##rewards
71
58
124
##Vertices
78
130
131
143
139
84
113
27
4
72
120
32
87
73
105
14
29
76
1
49
9
47
30
9
133
38
71
25
18
81
46
18
88
7
23
87
69
35
62
114
12
67
128
114
40
100
10
5
91
62
125
119
55
142
53
132
79
2
15
34
81
109
11
57
139
51
64
125
83
5
104
93
108
71
55
69
123
94
101
8
56
115
80
22
95
95
144
85
92
45
134
109
112
8
91
3
92
33
75
60
63
80
58
14
32
50
16
36
133
106
33
67
72
124
43
99
24
2
40
25
117
29
46
123
13
51
13
21
20
137
63
17
43
82
76
48
126
102
41
122
30
74
143
23
6
110
142
66
68
7
77
132
52
19
11
75
96
108
48
10
1
96
15
61
74
122
97
127
4
26
101
56
112
42
121
103
42
44
86
50
97
70
138
60
94
90
59
115
138
141
110
59
140
141
137
99
44
49
135
111
106
120
53
135
118
136
121
126
103
140
116
47
28
88
58
90
77
89
127
73
105
16
66
6
31
129
68
111
98
35
104
134
54
144
82
36
130
78
98
37
113
3
83
118
86
17
64
124
84
65
79
102
20
37
65
22
31
70
107
52
27
38
128
19
45
61
131
117
107
93
89
41
116
26
24
100
28
34
54
12
136
39
85
129
57
21
39
119
77
67
122
21
51
21
11
15
131
47
134
29
103
9
37
99
63
136
22
76
116
43
3
125
97
29
114
115
82
134
104
76
141
118
98
64
97
68
71
135
35
121
136
37
48
124
20
69
9
50
118
129
19
85
77
72
5
88
23
123
139
44
65
45
55
40
131
122
30
91
46
98
61
143
127
88
108
81
96
12
31
60
89
13
41
6
24
83
11
107
95
60
40
16
128
109
144
4
66
58
59
144
119
68
115
89
62
20
32
27
78
69
49
58
35
125
84
135
87
130
138
110
57
70
70
16
101
22
110
79
80
82
105
90
2
102
126
56
14
67
104
121
85
74
54
34
90
75
33
25
106
105
107
50
7
78
30
95
42
79
71
7
18
5
17
137
93
140
133
55
94
86
113
106
59
73
74
81
26
33
1
31
26
34
124
39
38
139
102
109
32
52
112
4
117
137
83
129
108
103
127
63
52
117
130
2
62
49
75
56
25
54
126
111
65
73
41
6
116
120
143
42
123
132
72
112
1
142
84
48
57
101
87
132
28
38
80
17
100
28
96
128
15
44
64
93
46
10
3
36
43
113
18
91
61
94
119
99
140
36
53
23
8
8
114
92
12
138
100
141
142
120
133
19
86
13
39
51
92
66
47
24
53
10
111
14
27
45
1
2
3
4
16
15
27
26
14
13
25
37
49
61
62
50
51
39
38
37
49
50
51
63
75
74
86
87
99
98
97
85
73
61
62
63
64
76
77
78
66
54
42
43
31
32
44
45
33
34
46
47
35
23
22
10
11
12
24
36
48
60
72
84
96
108
120
132
144
143
142
130
131
119
118
117
105
104
103
91
92
80
68
56
55
67
79
80
81
93
94
95
107
106
94
82
70
58
57
69
81
82
83
71
59
60
48
47
46
34
33
21
9
8
7
19
20
32
31
30
29
17
5
6
18
30
42
41
40
52
53
65
64
76
88
89
90
102
114
115
127
126
138
137
125
113
101
100
112
124
136
135
123
122
110
109
121
133
134
135
136
137
138
139
140
128
116
115
103
91
79
67
68
56
55
43
44
45
57
69
70
58
59
71
72
84
83
95
96
108
107
106
105
93
92
104
116
128
129
141
142
143
144
132
120
119
131
130
118
117
129
141
140
139
127
126
125
113
114
102
101
100
112
124
123
111
99
111
110
122
134
133
121
109
97
98
86
85
73
74
75
87
88
89
90
78
77
65
66
54
53
52
40
39
38
26
25
13
1
2
14
15
3
4
5
6
7
8
9
10
11
12
24
36
35
23
22
21
20
19
18
17
16
28
27
28
29
41
12
24
36
48
47
35
34
22
23
11
10
9
8
7
19
20
32
33
21
9
8
20
32
31
30
18
17
29
28
16
4
5
6
7
19
31
43
42
54
66
67
68
69
81
82
94
93
105
106
118
117
129
130
131
119
120
132
144
143
142
141
140
139
138
137
136
135
134
133
121
109
110
122
123
111
99
100
88
76
77
89
90
91
92
80
79
78
90
102
101
113
125
124
112
113
114
115
116
104
103
102
114
126
127
128
140
141
129
117
118
106
107
108
96
84
83
95
94
82
70
58
59
60
72
71
70
69
57
45
44
56
55
43
42
41
53
65
64
63
75
74
62
61
49
50
51
52
40
39
38
37
25
26
14
15
3
2
1
13
25
37
49
61
73
85
86
87
75
76
77
78
79
91
92
80
81
93
105
104
103
115
116
128
127
139
138
126
125
137
136
124
112
100
101
89
88
87
86
98
97
109
121
133
134
135
123
122
110
111
99
98
97
85
73
74
62
50
51
63
64
52
40
39
38
26
27
28
27
15
14
13
1
2
3
4
16
17
5
6
18
30
29
41
53
65
66
54
55
67
68
56
44
45
33
21
22
10
11
12
24
23
35
36
48
60
72
84
96
108
120
132
144
143
142
130
131
119
107
95
83
71
59
47
46
34
46
58
57
101
89
133
124
23
85
97
18
33
83
96
73
50
108
111
14
117
30
86
25
75
61
55
70
138
125
87
63
92
24
84
120
21
10
65
15
92
86
17
103
3
60
128
41
19
133
66
23
107
80
98
21
49
131
142
77
126
13
137
1
44
76
19
121
130
123
35
123
114
74
54
104
40
41
47
59
11
62
77
5
61
144
137
27
12
105
135
141
109
114
43
28
3
46
111
46
129
73
12
31
88
108
38
105
83
81
57
140
120
72
95
68
121
50
89
124
34
52
139
5
136
29
87
47
2
69
138
65
6
122
60
20
79
116
55
113
110
109
14
66
15
48
101
82
132
67
90
31
106
118
143
72
69
54
115
67
102
9
102
71
7
36
48
104
115
142
30
96
134
126
80
91
57
22
22
94
128
112
85
11
136
140
45
26
129
127
49
112
53
100
38
33
143
24
9
70
106
34
4
39
98
62
99
84
127
36
7
139
58
93
32
42
16
75
68
88
13
118
91
10
43
130
28
122
45
113
29
135
76
116
110
53
42
56
52
17
71
97
64
78
56
141
90
78
32
117
103
37
81
39
16
79
134
59
132
51
99
82
144
26
27
74
51
40
107
2
119
1
93
64
8
131
44
63
37
100
8
25
6
4
58
94
20
125
119
18
35
95
110
1
103
88
90
78
77
58
21
32
87
112
101
71
29
82
44
57
98
18
17
27
56
50
69
97
68
109
2
99
13
59
138
144
139
89
134
65
133
38
92
102
19
51
31
37
55
111
128
30
140
72
36
105
63
131
118
76
124
16
67
79
143
98
106
100
102
42
16
75
128
35
8
30
134
8
36
42
52
131
9
51
66
87
110
62
116
113
82
92
60
73
88
74
111
47
3
72
58
23
5
22
68
40
54
41
115
132
60
80
133
121
91
21
142
125
31
15
10
67
95
86
122
13
44
73
12
28
114
108
2
28
135
80
74
125
20
33
93
137
25
23
27
32
117
56
62
5
43
45
132
64
94
54
79
124
3
141
84
123
39
93
57
140
7
37
96
9
43
120
105
50
112
11
129
135
48
29
41
97
52
137
123
4
144
46
26
99
24
83
46
126
106
117
19
141
35
53
76
90
18
61
15
39
130
91
75
63
22
107
89
129
78
38
122
85
119
104
119
49
108
25
47
10
136
115
65
14
45
139
142
48
1
126
116
109
96
127
34
11
34
94
143
17
95
138
113
118
66
24
136
121
104
6
130
69
85
100
103
7
84
83
14
55
26
70
40
20
77
4
107
59
71
53
6
101
81
127
70
114
12
33
49
86
120
81
64
61
144
132
131
130
118
106
105
117
116
128
140
141
142
143
144
132
120
108
107
119
120
108
96
84
72
60
48
36
24
12
11
10
22
23
35
34
46
47
59
71
70
58
57
69
68
80
79
67
55
54
53
65
66
78
77
76
75
87
86
74
62
61
73
85
97
98
99
111
112
124
125
126
114
113
101
100
88
89
90
102
103
104
92
91
103
115
127
139
138
137
136
135
123
122
110
109
121
133
134
135
136
137
138
139
140
141
129
128
116
104
105
93
94
82
81
69
57
56
44
32
20
8
7
19
31
30
42
41
29
28
40
52
51
39
38
26
14
15
3
2
1
13
25
37
49
50
51
63
64
76
88
89
90
91
92
80
68
56
55
43
44
45
33
21
9
8
7
6
5
17
18
30
29
28
40
52
64
65
77
78
79
67
66
54
53
41
42
43
31
32
33
45
46
58
70
82
81
93
94
106
118
117
129
130
142
143
131
119
107
95
83
95
96
84
83
71
72
60
59
47
48
36
24
12
11
23
35
34
22
10
9
21
20
19
18
6
5
17
16
4
16
4
3
15
27
39
27
26
14
2
1
13
25
37
38
50
49
61
73
74
62
63
75
87
86
98
110
111
99
100
112
113
101
102
114
115
127
126
125
124
123
122
134
133
121
109
97
85
133
134
122
110
111
112
100
99
87
86
85
97
109
121
133
134
135
136
124
123
135
136
137
138
139
140
141
142
143
144
132
120
119
131
130
118
117
129
128
127
115
116
104
103
91
90
78
79
80
68
56
55
67
66
54
42
30
29
17
18
19
7
6
5
4
16
28
27
39
38
50
62
63
51
52
40
41
53
65
64
76
88
89
77
76
75
74
73
61
49
37
25
26
14
15
3
2
1
13
25
37
49
61
73
85
97
98
86
87
88
100
101
113
114
102
103
104
92
93
94
95
96
84
83
82
70
69
57
58
46
45
44
32
33
21
22
23
35
36
24
12
11
10
9
8
20
32
31
43
42
41
53
65
77
89
90
91
92
80
81
93
105
106
107
108
96
84
72
60
59
71
70
58
46
45
44
43
55
54
66
78
79
67
68
56
57
69
81
82
94
106
105
117
116
115
114
102
101
113
112
111
99
98
110
109
121
122
123
124
125
126
125
137
138
126
127
139
140
128
129
141
142
143
144
132
131
130
118
119
120
108
107
95
83
71
72
60
59
47
48
47
48
36
35
34
33
34
22
23
24
12
11
10
9
21
20
8
7
6
18
19
31
30
29
17
16
15
27
28
40
39
51
52
64
63
75
74
62
50
38
26
14
13
1
2
3
4
5
78
2
38
100
129
75
38
110
134
40
74
136
82
31
63
45
4
46
18
6
122
104
116
11
24
15
140
140
16
126
37
3
120
96
98
125
71
22
9
47
141
143
47
21
83
63
57
51
103
16
3
132
76
53
12
33
118
64
17
72
117
41
14
97
27
53
26
52
43
88
77
43
20
87
19
92
40
23
79
1
55
35
17
124
89
92
34
66
93
73
121
61
134
24
138
61
90
99
32
118
104
28
60
7
13
48
29
68
129
33
1
59
66
78
116
99
101
15
114
106
10
6
102
108
30
91
128
42
114
117
82
142
123
69
108
90
88
135
102
133
70
98
111
143
51
75
124
142
36
34
123
44
91
19
10
65
112
37
95
60
69
80
95
120
126
133
107
131
130
84
50
48
28
25
131
72
77
103
5
35
14
139
50
127
8
138
46
121
22
67
74
111
101
125
12
42
113
137
45
20
128
89
136
41
65
86
49
106
144
94
49
119
110
93
141
83
39
96
112
5
62
64
70
73
139
130
109
4
9
57
11
39
44
113
25
80
115
56
18
79
7
8
62
132
115
32
21
107
109
13
23
2
29
54
86
87
30
71
105
122
137
54
52
26
67
81
36
31
81
84
100
144
27
94
68
55
56
59
127
85
119
97
58
105
58
85
76
135
140
108
88
67
32
132
55
39
85
40
87
30
134
126
9
142
127
98
25
14
31
6
86
89
116
80
128
69
72
29
134
124
32
79
21
51
50
13
88
59
138
4
105
125
28
116
99
78
100
57
78
10
84
2
17
103
62
76
18
94
80
96
44
68
58
73
34
60
5
18
95
122
59
109
40
105
45
5
81
107
121
46
27
70
111
8
24
142
138
135
47
36
41
106
136
12
69
97
51
117
73
17
136
54
123
6
89
7
120
90
83
65
135
126
129
41
21
104
102
95
121
1
115
139
61
38
82
114
101
143
37
131
42
123
71
64
131
77
4
10
85
128
71
49
45
99
26
98
124
112
23
86
133
137
38
130
103
115
92
56
12
28
50
24
113
11
39
119
101
61
113
118
8
110
107
93
33
49
91
23
3
81
127
33
108
122
72
144
20
102
36
52
110
125
58
30
22
2
83
66
52
141
79
112
43
143
119
74
118
54
27
35
25
90
16
56
53
144
48
87
75
15
9
133
67
104
35
7
48
20
53
47
63
106
31
19
75
76
14
60
132
65
26
140
13
84
22
3
19
55
74
117
141
111
129
43
44
137
120
109
62
130
92
1
11
94
77
64
66
97
15
34
96
29
57
16
70
139
46
42
37
91
93
114
63
82
68
100
1
13
14
15
27
28
29
41
53
52
51
63
62
61
49
50
38
37
25
26
27
39
40
28
16
4
5
6
18
19
7
8
20
32
33
21
22
23
35
36
48
47
59
60
72
71
83
82
70
69
81
93
94
95
107
108
120
119
118
106
105
117
116
128
129
141
140
139
127
115
103
102
114
126
138
137
125
124
136
135
123
122
110
109
121
133
134
135
136
137
138
139
140
141
142
130
131
143
144
132
120
108
96
84
72
60
48
36
24
12
11
10
9
8
7
6
5
17
18
30
31
43
44
45
46
34
35
47
59
58
57
56
55
54
42
43
55
67
79
78
66
65
64
76
77
89
101
113
112
100
88
87
86
85
97
98
99
111
123
124
125
126
127
128
116
104
92
91
90
78
77
89
88
87
75
74
86
85
73
61
73
74
62
63
75
76
64
65
66
67
79
91
90
102
101
100
99
98
97
109
121
133
134
122
110
111
112
113
114
115
103
104
105
117
129
130
142
143
144
132
131
119
118
106
107
95
96
84
83
71
70
69
81
82
94
93
92
80
68
80
68
56
44
32
33
45
57
58
46
34
22
23
24
12
11
10
9
21
20
19
31
30
29
41
42
54
53
52
40
39
51
50
49
37
38
26
25
13
1
2
14
15
3
2
3
4
16
17
12
11
23
35
34
46
58
57
56
44
32
31
19
7
8
20
21
9
10
22
34
33
45
46
47
48
60
72
71
83
84
96
95
94
106
107
119
131
130
142
141
129
128
140
139
127
126
114
115
103
102
101
113
125
124
136
135
123
111
112
100
99
87
86
98
97
85
73
74
75
76
64
63
62
61
49
50
38
37
25
26
14
15
3
2
1
13
25
37
49
61
73
85
97
109
110
122
121
133
134
135
136
137
138
139
140
141
142
143
144
132
120
108
96
84
72
60
59
71
70
82
81
93
105
117
118
130
129
128
116
104
92
80
68
69
81
80
79
78
66
67
55
43
42
54
53
52
51
39
40
41
29
17
5
4
16
28
27
26
38
50
62
74
86
87
88
89
77
65
66
54
53
41
29
30
18
17
5
6
7
6
18
19
31
30
42
43
55
67
79
78
77
65
64
52
40
28
16
4
3
2
1
13
14
15
27
39
51
63
75
76
88
100
99
98
110
109
121
133
134
122
123
111
112
124
125
137
138
126
127
115
103
102
114
113
101
89
90
91
90
91
92
93
94
106
105
104
116
117
118
119
131
143
144
132
120
108
107
95
83
82
70
58
57
69
68
56
44
45
33
32
20
8
9
21
22
10
11
12
24
23
35
36
24
36
48
47
59
