##Rat 1 Day 21
 ##rewards
19
32
98
##Vertices
12
24
23
22
10
9
8
7
19
31
43
55
54
66
65
53
52
51
63
64
76
77
78
90
89
101
113
114
126
138
139
140
141
142
130
118
106
94
95
96
108
107
119
131
132
144
143
142
141
129
128
127
115
103
102
101
100
112
111
99
98
86
74
62
61
73
85
97
109
110
122
121
133
134
135
136
137
125
124
123
111
112
113
114
102
103
104
116
117
105
93
81
80
68
67
79
91
92
104
105
93
94
82
70
58
59
71
83
84
72
60
48
47
35
36
48
60
59
58
46
34
33
32
20
21
9
8
7
6
18
30
42
41
40
28
27
15
3
4
16
17
5
4
3
2
1
13
14
26
25
37
49
50
38
39
51
63
75
87
88
76
64
52
53
65
66
67
68
69
57
45
44
45
57
56
44
56
55
54
42
43
31
32
33
34
46
47
35
36
24
23
11
12
11
10
22
21
20
19
18
6
5
17
29
30
29
41
40
28
16
15
14
2
1
13
25
26
27
39
38
37
49
50
62
61
73
85
86
74
75
87
88
100
99
98
97
109
110
122
121
133
134
135
123
124
136
137
125
126
138
139
140
128
127
115
116
117
129
130
131
143
144
132
120
108
120
119
118
106
107
95
96
84
72
71
83
82
70
69
81
80
79
78
77
89
90
91
92
1
2
14
26
25
37
49
61
73
85
97
109
110
98
99
100
88
89
101
113
114
126
138
139
140
128
129
141
142
130
131
143
144
132
120
108
107
106
105
93
92
104
116
117
118
119
120
108
96
95
94
82
81
80
79
91
103
102
90
78
77
76
64
63
75
87
86
74
62
50
51
52
40
28
29
17
5
6
18
19
7
8
20
21
9
10
11
23
35
36
48
60
72
84
83
71
59
47
46
45
44
43
31
32
33
34
22
10
9
8
7
6
5
4
3
15
16
28
27
39
38
37
49
50
51
63
64
65
66
67
55
54
42
30
18
19
20
21
22
34
33
32
31
43
44
56
57
58
70
69
68
80
79
78
77
76
88
100
112
111
123
122
134
135
136
124
125
137
138
139
127
126
125
137
136
124
123
135
134
133
121
133
121
122
110
109
97
85
73
61
62
74
75
87
86
98
99
111
112
113
101
89
90
102
114
115
127
128
140
141
129
117
116
115
103
91
92
104
105
106
118
130
142
143
144
132
131
119
107
95
96
84
72
71
83
82
94
93
81
69
70
58
59
60
48
36
24
12
11
12
24
23
35
47
46
45
57
56
68
67
55
54
66
65
53
41
40
39
38
26
27
15
14
13
25
13
1
2
3
4
16
17
29
30
42
41
53
52
132
43
109
107
12
55
7
20
83
122
141
53
84
63
77
92
32
69
82
86
57
59
14
62
100
18
117
109
96
24
112
133
103
104
120
25
90
98
87
21
100
130
78
44
91
23
49
121
13
94
1
37
136
40
85
136
6
137
90
126
5
123
66
72
8
3
18
33
27
45
144
29
73
42
115
29
35
143
65
2
8
48
41
115
93
102
67
20
19
137
127
68
69
36
126
51
64
23
54
128
10
144
135
11
80
75
96
142
63
71
125
28
75
80
79
84
67
9
97
122
123
4
112
131
24
39
139
87
35
116
79
95
99
58
5
118
103
22
130
102
44
6
62
32
140
105
14
129
55
94
95
27
114
98
34
110
57
52
56
89
117
1
106
106
15
56
21
88
108
64
77
4
85
30
37
36
70
93
58
2
107
3
60
15
74
70
135
88
47
140
25
91
92
104
28
71
54
124
76
31
50
97
121
16
45
78
59
131
119
50
132
118
89
9
101
46
26
26
139
81
113
13
52
7
124
83
134
128
47
43
99
16
39
101
86
34
46
65
49
114
48
74
116
38
142
61
41
72
53
61
111
125
82
141
108
17
31
133
68
134
138
66
22
129
120
12
127
143
19
76
33
138
113
119
10
105
38
110
73
60
42
81
51
11
40
111
17
30
19
48
15
34
25
69
96
98
31
16
119
83
40
72
90
101
81
140
114
45
117
142
135
44
81
116
110
95
138
2
26
91
19
68
103
123
139
104
16
112
36
122
6
85
3
108
89
127
127
14
126
57
106
60
54
37
120
75
144
97
129
79
56
50
92
65
93
41
8
29
113
18
77
109
71
139
75
107
103
134
58
119
10
63
48
62
56
85
13
141
137
11
87
136
39
9
6
11
73
111
32
100
66
118
79
113
17
43
30
62
125
28
86
23
76
21
61
102
109
96
43
59
21
78
115
80
141
2
22
65
35
137
74
5
61
15
142
51
70
46
42
55
32
30
130
99
20
18
24
52
27
116
136
47
1
117
94
108
66
121
101
57
45
107
71
105
80
130
17
126
124
133
121
105
58
9
99
49
86
82
72
133
92
44
122
1
97
35
26
41
51
100
64
73
31
87
129
106
120
69
134
132
118
60
8
110
52
138
67
67
132
84
111
36
131
12
90
64
144
125
38
38
27
33
7
25
37
68
140
88
39
13
29
22
14
84
5
7
12
104
78
4
91
34
128
102
95
50
3
47
53
112
23
115
24
83
63
59
40
88
70
55
128
89
4
98
76
143
93
49
33
10
124
53
46
135
74
82
20
123
143
42
54
28
131
77
114
94
133
121
122
123
135
136
137
138
126
114
102
90
91
79
80
92
93
94
82
81
69
68
67
55
56
44
32
31
19
7
6
5
4
3
15
27
39
51
50
49
37
38
26
14
13
1
2
3
4
16
17
18
30
42
43
44
45
33
34
46
47
59
71
83
84
72
60
48
36
35
23
24
12
11
10
9
8
20
21
22
34
33
32
31
43
42
41
29
28
40
52
64
65
77
78
66
54
53
41
40
52
51
63
75
87
86
74
62
61
73
85
97
98
110
109
97
85
86
87
99
111
112
113
125
124
136
137
138
139
127
115
103
104
105
117
118
130
142
141
129
128
140
141
142
143
144
132
131
119
120
108
96
95
107
106
94
82
70
58
57
69
81
93
92
80
79
78
77
76
88
100
101
100
88
89
101
89
90
91
103
102
114
113
112
111
99
98
110
109
121
122
134
133
134
135
123
124
125
126
127
139
140
128
116
115
116
104
105
117
129
130
131
143
144
132
120
119
118
106
107
108
96
95
83
84
72
60
59
71
70
58
57
45
46
47
48
36
35
23
24
12
11
10
22
21
9
8
20
19
7
6
5
17
18
30
29
28
16
15
14
2
1
13
25
37
25
26
27
39
38
50
49
61
73
74
62
63
75
76
64
65
66
67
68
56
55
54
53
144
143
142
141
140
128
129
130
131
132
120
119
118
106
105
104
92
91
103
102
101
113
114
126
138
137
125
124
136
135
134
122
110
98
97
85
86
87
88
89
77
76
64
65
66
67
55
54
42
43
44
56
57
69
68
80
79
78
90
89
88
100
112
111
123
135
136
137
138
139
127
115
116
117
105
93
94
82
81
93
94
95
96
108
107
106
118
117
116
104
103
102
101
100
99
87
75
63
62
50
38
37
25
26
27
39
51
52
53
41
40
28
29
17
16
4
3
15
14
2
1
13
25
37
49
61
73
74
75
76
64
52
53
41
40
28
29
30
31
19
18
6
7
8
9
21
20
32
33
34
35
47
59
58
46
45
57
58
70
71
72
60
48
36
24
12
11
23
22
10
9
21
22
10
11
12
24
23
35
36
48
47
46
34
33
45
44
56
55
43
31
32
20
8
7
19
18
30
42
54
66
65
77
78
90
91
92
80
79
67
68
69
81
82
70
71
59
60
72
84
83
95
83
84
96
108
107
119
120
132
144
143
131
130
142
141
129
128
140
139
127
115
114
126
125
124
123
122
134
133
121
133
121
109
110
109
97
85
73
61
49
50
38
26
14
13
1
2
3
4
5
6
5
17
16
15
27
39
51
63
62
74
86
98
99
111
112
113
94
17
118
24
19
54
86
33
3
140
31
120
126
142
75
143
6
95
88
36
134
103
135
8
121
53
111
2
21
123
124
37
45
91
51
49
47
144
18
41
18
66
124
108
37
64
15
58
26
84
136
80
39
113
44
60
28
112
11
138
100
83
14
63
73
44
1
14
48
78
67
47
27
139
35
130
75
111
93
35
11
7
38
26
28
98
125
68
63
133
46
85
57
94
85
58
101
130
55
117
20
57
50
110
5
54
9
22
17
100
71
41
119
133
31
134
123
121
116
19
81
91
53
114
72
24
10
20
87
23
86
82
95
98
115
55
132
107
16
89
110
59
122
69
142
6
104
39
104
109
129
71
96
29
27
1
102
144
13
131
135
62
141
56
51
42
50
92
40
79
106
12
128
66
68
103
79
32
101
72
40
140
33
4
138
61
120
43
105
15
42
127
97
23
60
119
52
113
45
139
65
82
25
118
99
116
74
21
92
4
129
77
102
5
70
74
125
105
12
117
115
137
48
25
3
112
136
34
7
106
90
108
73
34
109
38
46
22
83
49
69
10
132
107
62
61
131
59
127
128
89
81
65
67
87
56
43
13
84
122
141
143
88
137
64
30
16
2
32
76
36
93
97
30
29
99
9
80
8
78
90
70
52
96
77
76
114
126
130
88
92
22
56
101
114
111
96
132
68
89
57
87
139
71
49
104
121
82
24
125
38
143
142
5
64
127
4
79
108
116
126
2
62
51
112
18
45
104
98
135
18
98
119
144
111
103
99
102
6
141
65
137
115
43
73
82
3
138
118
42
106
86
54
33
16
14
58
126
13
31
93
141
45
41
52
61
72
39
138
142
25
30
2
20
9
65
123
79
54
99
59
108
143
81
70
72
89
78
128
75
131
1
17
123
140
67
12
80
121
107
19
130
67
46
109
5
41
66
55
122
132
94
105
48
13
60
28
40
109
43
19
92
27
37
29
21
49
112
136
7
77
1
133
63
83
36
22
8
42
30
50
17
25
103
70
68
84
117
90
33
26
15
84
56
118
87
39
28
52
48
115
47
81
32
75
59
100
124
106
47
90
122
96
131
50
53
114
94
134
135
76
61
60
34
78
71
24
110
6
10
85
53
46
107
57
100
119
125
105
76
86
133
69
120
74
117
95
102
101
20
51
4
14
140
27
44
85
91
113
144
113
21
97
73
124
88
32
11
116
129
35
64
40
55
3
26
91
29
137
9
23
63
95
34
74
58
11
127
38
31
80
35
97
66
134
16
8
44
12
83
69
93
139
7
128
136
77
37
110
120
36
62
10
129
15
23
1
13
25
26
14
15
3
4
16
28
40
41
29
30
31
19
18
17
5
6
7
8
9
10
22
23
11
12
24
36
48
60
59
58
46
47
35
34
33
45
57
56
44
43
55
67
68
69
70
71
83
82
94
93
81
80
79
91
92
104
105
106
118
119
120
132
144
143
131
130
142
141
140
139
138
126
127
115
114
113
101
102
90
78
66
54
42
41
53
65
77
89
88
76
75
63
64
52
51
50
62
74
86
87
99
98
97
109
110
111
123
122
134
133
121
109
97
85
73
61
49
37
38
39
27
28
29
30
42
54
55
43
31
32
20
21
9
10
22
34
46
58
70
82
94
95
96
108
107
106
118
117
129
128
116
115
103
102
114
113
112
100
101
89
77
76
88
100
112
124
136
137
125
124
125
137
138
126
127
139
140
141
142
143
144
132
120
108
96
84
72
71
59
47
35
23
11
12
24
36
48
60
72
84
83
95
107
119
131
130
129
128
116
117
105
104
103
91
90
78
66
67
79
80
92
93
81
69
68
56
57
45
44
32
33
21
20
8
7
19
18
6
5
17
16
15
27
39
40
52
53
65
64
63
51
50
62
74
75
87
99
111
123
135
136
135
134
133
121
122
110
98
86
85
73
61
49
37
38
26
25
13
1
2
14
2
3
4
144
132
131
130
142
141
140
139
138
137
136
135
123
124
112
100
101
89
88
87
75
74
73
61
49
50
38
37
25
26
14
13
1
2
3
4
16
28
40
41
53
52
51
39
27
15
3
4
5
17
29
30
42
54
66
65
64
76
77
78
90
102
103
115
114
113
125
126
127
128
116
104
105
106
94
95
96
84
83
71
72
60
59
47
48
36
24
23
22
10
9
8
7
6
18
19
20
21
33
45
57
69
70
58
46
34
35
36
48
60
72
84
96
108
120
119
107
106
118
117
129
141
140
128
116
115
103
91
79
67
68
80
81
82
83
71
59
47
35
34
46
58
70
69
57
56
44
32
31
43
55
54
66
78
90
102
101
100
99
111
110
122
121
109
97
98
86
85
73
61
62
74
86
85
97
98
110
109
121
133
134
133
134
122
123
135
136
137
138
139
127
126
114
113
125
124
112
111
99
87
88
89
77
76
75
63
62
50
49
37
38
39
51
63
64
65
53
52
40
28
27
26
25
13
1
2
14
15
16
17
5
6
7
19
18
30
29
41
42
43
31
32
20
8
9
10
11
12
24
12
11
23
22
21
33
45
44
56
55
67
68
80
79
91
92
93
105
117
129
130
118
119
131
143
142
143
144
132
120
108
107
95
94
82
81
93
92
104
127
42
68
36
89
1
19
38
124
32
116
5
112
15
83
128
110
85
76
131
129
109
63
60
55
20
74
22
49
137
30
18
109
117
126
73
80
103
49
53
59
115
70
16
23
14
8
106
84
93
101
133
24
64
86
21
136
25
100
31
142
120
94
4
125
69
123
46
120
113
96
37
59
97
130
16
104
35
136
7
122
39
1
35
37
72
117
62
83
112
108
107
131
51
144
78
54
56
28
12
3
138
46
75
27
30
34
24
22
13
119
126
86
80
128
141
33
97
41
44
45
43
92
10
88
140
9
8
142
130
5
135
62
26
47
121
44
125
23
19
9
87
10
92
72
63
94
48
42
51
89
102
82
71
21
56
57
12
17
98
68
77
106
2
118
93
85
139
122
110
65
129
96
116
67
115
67
95
32
105
11
137
38
48
18
124
139
99
132
88
47
13
11
58
101
6
61
90
98
134
114
81
99
17
105
138
66
71
60
31
143
53
33
54
29
78
79
76
81
75
2
25
3
121
77
14
4
90
143
87
50
15
74
70
141
26
95
20
82
40
52
27
65
7
69
36
133
111
132
114
119
6
111
113
57
66
135
73
118
52
102
61
134
29
144
58
41
100
28
140
108
103
91
91
50
84
107
79
43
127
123
39
64
45
55
40
104
34
119
122
37
92
121
69
50
45
130
9
119
102
29
6
114
15
19
22
127
3
108
133
33
75
45
29
77
59
140
118
102
2
48
20
113
60
135
113
61
144
127
53
54
88
130
61
74
103
41
42
23
88
4
40
85
94
5
97
11
6
63
91
57
68
138
133
14
82
86
80
66
129
78
59
83
21
7
32
110
52
41
32
107
108
17
71
24
72
101
124
104
40
90
98
85
123
94
84
51
35
55
54
62
65
117
73
120
118
136
53
131
15
55
92
132
37
79
67
97
63
93
104
134
69
73
1
64
122
58
111
62
33
142
115
125
87
23
4
81
95
25
76
52
38
125
138
12
5
110
106
17
95
91
109
141
117
10
19
99
134
49
7
26
68
71
35
18
11
126
49
70
57
135
137
141
103
9
31
89
72
81
84
107
56
3
47
24
48
144
116
25
96
14
116
31
16
131
121
128
66
12
105
132
43
139
86
77
65
16
20
43
47
111
8
46
120
18
44
50
26
39
13
140
22
142
93
2
70
89
129
46
27
75
67
13
105
99
36
38
83
90
112
100
58
21
51
100
56
123
124
27
34
42
109
115
143
79
1
114
136
34
126
139
101
64
36
76
10
8
60
106
39
137
82
44
87
112
78
28
96
28
98
80
143
128
30
30
74
