##Rat 2 Day 3
 ##rewards
18
29
107
##Vertices
144
143
142
141
140
128
129
117
118
106
105
104
103
102
114
113
101
89
90
78
77
65
64
76
75
63
62
61
73
85
86
74
75
87
88
100
112
124
125
137
136
135
134
133
121
122
110
109
97
98
99
111
123
135
136
137
138
126
127
115
116
117
118
130
131
119
120
108
96
84
83
82
94
93
92
80
79
91
90
89
88
87
99
100
101
102
103
104
105
106
107
95
96
84
72
71
70
69
68
56
44
32
33
45
46
47
48
36
24
23
22
34
35
36
48
60
59
58
57
45
33
21
9
8
7
19
31
43
55
54
53
52
51
50
49
37
25
13
1
2
3
4
16
17
5
6
18
30
42
41
40
28
29
41
40
39
27
15
14
26
38
39
27
28
29
30
42
54
66
67
55
56
68
67
66
65
53
52
51
63
64
76
77
78
79
91
92
93
94
95
83
82
81
80
81
69
57
58
70
71
72
60
59
47
46
34
35
23
22
10
11
12
24
12
11
10
9
8
20
21
20
32
44
43
31
19
7
6
18
17
5
4
16
15
3
2
1
13
14
26
25
37
38
50
49
61
62
74
73
85
86
98
97
109
121
133
134
122
110
111
123
124
112
113
125
126
114
115
116
128
127
139
138
139
140
141
129
130
142
143
131
119
107
108
120
132
144
132
12
24
23
22
34
35
36
48
60
59
71
72
84
83
82
94
95
96
108
107
106
118
130
131
119
120
132
144
143
142
141
140
128
127
115
116
104
105
93
81
80
68
67
55
56
57
69
70
58
46
45
33
21
20
8
9
10
11
12
24
36
35
47
46
45
44
32
31
43
42
30
18
17
5
6
7
19
31
30
29
41
40
28
27
26
14
15
16
4
3
2
1
13
25
37
38
50
49
61
73
85
86
74
62
63
75
76
88
100
112
111
110
109
97
98
99
87
75
63
51
39
40
52
64
65
53
54
66
78
79
91
103
102
90
89
77
76
88
87
99
111
123
122
121
133
134
135
136
137
138
139
140
141
129
117
105
106
94
93
92
104
103
115
114
126
125
113
101
100
112
124
125
124
123
122
121
133
134
135
136
137
138
139
127
126
114
113
101
102
90
89
77
78
66
65
64
52
53
54
55
43
42
41
29
28
27
39
51
50
62
74
86
98
110
109
97
85
73
61
49
37
38
26
25
13
1
2
14
15
3
4
16
17
5
6
18
19
7
8
20
21
9
10
11
23
22
34
33
32
44
56
68
67
79
91
92
80
81
82
83
71
70
69
57
58
59
47
48
60
72
84
96
95
107
108
120
119
131
132
144
143
142
130
118
117
116
128
129
67
53
24
54
62
75
19
90
113
29
125
139
143
138
107
112
43
114
51
110
85
50
59
122
120
11
43
132
136
63
41
46
20
88
136
8
65
137
54
95
10
61
35
15
1
32
66
20
111
72
25
133
61
142
33
91
104
55
113
22
7
105
67
105
96
119
58
84
79
85
31
89
40
93
133
58
77
69
17
128
2
144
86
97
24
116
5
48
42
36
45
81
115
117
62
49
73
73
78
69
25
109
70
26
122
107
83
28
14
82
2
77
80
87
141
94
47
131
76
26
90
111
86
1
142
30
134
40
140
51
134
119
9
18
84
74
135
106
44
60
138
4
124
79
104
99
31
118
32
48
71
46
3
23
64
39
59
60
88
135
129
29
6
38
128
41
143
141
96
95
53
117
21
13
72
36
106
124
108
7
127
56
34
130
49
63
87
3
65
57
121
45
139
71
15
70
103
23
93
52
50
129
81
19
27
76
137
99
130
55
125
16
37
80
37
17
18
35
28
34
64
13
30
39
109
78
82
12
38
68
100
11
47
56
92
101
100
140
10
33
120
52
118
44
89
98
112
127
115
8
16
27
116
97
126
83
6
22
4
102
91
75
5
114
92
108
57
110
102
123
74
21
131
126
132
103
42
123
66
121
12
68
98
94
144
101
14
9
4
119
70
27
61
96
27
69
65
21
139
90
88
117
24
110
108
110
114
133
48
11
16
131
10
12
91
44
18
77
135
130
39
13
100
118
72
83
58
120
37
94
2
48
138
30
53
47
142
144
3
97
44
85
37
128
122
36
116
107
107
82
75
60
38
89
102
52
143
100
43
86
73
113
11
35
66
40
26
53
121
101
119
105
6
127
61
95
63
106
29
55
87
6
134
132
20
25
112
128
113
106
12
60
81
31
34
132
32
104
56
84
138
76
124
35
79
19
122
129
66
54
105
17
26
77
112
114
64
101
8
108
42
80
127
39
124
5
3
50
83
111
74
1
141
72
57
56
25
137
55
14
30
5
125
33
131
24
109
123
121
29
129
41
140
63
22
67
38
104
140
73
89
17
18
10
90
42
62
28
70
8
45
43
65
134
32
115
81
52
15
69
59
16
58
80
141
34
133
115
74
91
93
4
126
84
136
7
1
21
111
123
36
20
62
93
116
137
78
41
144
120
98
68
98
82
96
40
68
50
139
67
19
92
85
13
97
51
86
94
64
95
71
49
126
49
7
75
31
130
14
103
46
109
136
23
54
15
87
2
23
79
71
33
46
59
78
45
125
28
47
143
22
102
118
103
51
135
57
9
142
117
88
92
99
99
76
9
1
2
3
15
14
26
25
13
1
2
3
4
5
6
7
8
9
10
22
34
35
36
48
60
72
84
96
95
107
108
120
119
131
143
142
141
129
130
118
106
94
82
83
71
70
69
81
93
92
91
103
102
90
78
79
80
68
67
66
54
42
41
29
17
16
28
27
39
51
50
49
37
38
39
40
52
64
76
77
65
53
52
40
41
53
65
66
54
55
56
57
58
59
47
46
45
44
43
31
32
33
21
20
19
18
30
31
32
44
45
57
58
70
69
81
93
105
104
116
117
118
106
105
104
103
115
114
113
101
89
88
100
99
111
112
124
123
122
110
98
97
109
121
133
134
135
136
137
125
126
127
128
140
139
138
137
136
124
112
111
99
87
86
85
73
61
62
74
75
63
51
50
38
26
27
28
29
30
42
43
55
56
68
67
79
78
77
76
64
63
62
74
75
87
86
98
110
122
123
135
134
133
121
109
97
85
73
61
49
37
25
13
14
15
16
4
5
17
18
6
7
19
20
8
9
10
22
21
33
34
46
47
35
23
24
23
11
12
11
12
24
36
48
60
59
71
72
84
83
82
94
95
96
108
107
119
120
132
144
143
144
132
131
130
142
141
129
117
116
115
127
128
140
139
138
126
125
113
114
102
101
100
88
89
90
91
92
80
133
121
109
110
111
112
124
125
126
127
139
138
137
136
135
123
122
134
135
136
137
138
126
114
113
101
102
90
91
79
80
68
56
55
54
66
78
77
76
75
63
51
50
62
61
49
37
25
26
27
39
38
37
49
61
73
85
97
98
99
87
86
74
75
87
88
100
101
89
90
78
79
67
68
69
81
93
105
104
116
128
129
117
118
130
131
119
107
108
96
95
94
82
83
84
72
71
59
58
57
45
46
34
22
10
11
12
24
23
35
36
48
60
72
84
96
108
120
132
144
143
142
141
140
139
127
115
103
91
92
80
81
69
70
58
57
45
33
21
20
19
31
32
44
43
42
30
18
6
5
17
29
41
53
65
64
52
40
28
16
15
14
13
1
2
3
4
5
6
7
8
7
19
18
30
29
17
16
4
3
15
14
2
1
13
25
26
38
39
27
28
40
52
51
50
62
63
64
76
88
89
77
65
53
41
42
54
66
67
55
56
44
43
31
32
20
8
9
10
9
21
33
34
22
23
11
12
24
36
35
47
46
47
48
60
59
71
70
82
83
95
107
106
118
130
131
119
120
132
144
143
142
141
140
128
129
117
105
106
94
93
92
104
116
115
103
102
114
113
112
100
99
111
110
98
86
74
73
85
97
109
121
133
134
122
123
124
125
11
100
46
140
127
89
121
71
28
105
24
41
64
36
41
127
13
78
5
12
84
107
50
47
125
67
62
87
56
144
45
52
110
114
58
109
123
99
80
85
133
96
115
31
21
131
131
101
97
37
17
130
104
24
8
118
126
138
138
34
11
141
72
25
68
78
77
13
21
23
61
29
108
18
40
93
18
43
90
121
44
88
69
112
58
132
74
60
51
27
1
98
88
39
124
76
94
42
73
48
91
135
74
84
3
135
89
79
102
119
34
37
115
65
96
68
71
120
139
61
144
101
65
49
104
39
31
141
40
142
9
49
103
20
105
118
64
26
94
70
117
38
136
122
2
73
4
59
8
50
95
128
140
81
93
51
116
116
142
44
15
108
143
52
20
25
129
30
23
57
66
128
28
72
63
86
47
30
103
4
99
33
14
2
81
22
98
113
7
76
123
77
129
42
14
130
53
107
122
59
111
60
102
82
12
10
16
43
69
70
26
57
3
75
67
63
19
113
29
85
36
134
35
33
86
143
110
114
19
55
120
82
6
17
45
95
87
125
139
35
54
79
32
134
112
80
38
124
90
106
126
137
48
133
46
62
109
119
66
32
5
83
7
75
97
111
83
53
92
9
16
117
56
55
27
91
137
1
22
54
106
92
136
15
10
132
6
100
58
28
54
114
6
112
120
9
12
63
4
144
115
51
49
140
122
105
31
62
138
32
44
59
113
66
47
107
95
65
138
86
100
89
43
69
33
50
97
110
79
111
5
101
135
21
127
94
117
19
134
24
24
45
81
75
87
100
67
71
26
129
141
122
144
58
54
91
18
21
70
64
64
91
85
119
19
7
53
80
52
131
11
55
46
117
109
10
40
9
61
17
29
61
15
80
110
77
29
7
84
13
83
25
75
15
4
108
43
62
34
59
30
95
136
68
76
25
72
136
8
133
12
8
44
106
94
70
124
99
74
72
57
118
48
39
56
37
23
57
121
5
20
71
30
143
82
26
3
27
37
36
77
48
2
129
36
130
126
99
83
35
85
18
13
87
52
114
41
113
41
96
31
102
42
73
142
127
49
92
22
137
76
38
123
106
82
56
51
130
32
22
126
73
120
81
111
139
23
107
33
137
42
20
142
84
98
14
38
45
115
90
143
103
39
88
98
128
60
134
28
68
78
119
112
132
124
93
69
92
118
16
97
53
1
105
66
90
96
116
11
78
55
131
121
3
133
139
14
27
46
79
101
67
10
88
40
123
47
50
93
2
125
125
104
104
17
86
65
74
132
109
60
63
135
108
16
102
89
103
6
34
141
140
116
1
128
35
144
143
142
141
129
128
140
139
138
137
136
135
134
133
121
122
110
109
97
98
99
100
88
89
101
102
114
115
103
91
79
80
81
69
70
82
94
95
107
106
118
119
131
132
120
108
96
84
72
60
59
47
48
36
24
12
11
10
9
21
22
23
35
34
33
45
44
56
55
54
42
43
31
32
20
19
18
17
16
4
5
6
7
8
9
10
22
34
46
58
57
45
46
58
70
71
83
82
81
93
105
104
92
91
90
78
77
65
66
67
68
80
92
93
94
106
105
117
116
104
103
115
127
126
125
113
112
124
123
111
99
87
86
85
73
74
62
61
49
50
38
37
25
26
14
13
1
2
3
15
27
28
29
41
40
52
64
76
75
63
51
39
27
28
40
41
53
52
64
76
88
87
86
85
73
61
62
74
75
63
51
39
38
50
49
37
25
26
14
13
1
2
3
15
16
4
5
17
29
30
42
30
31
19
18
6
7
8
20
21
33
32
44
43
55
56
57
69
68
67
79
78
66
54
53
65
77
89
90
102
114
126
127
128
116
117
118
130
129
130
131
119
107
95
83
71
59
47
35
23
11
12
24
36
48
60
72
84
96
108
120
132
144
143
142
141
140
139
138
137
125
124
136
135
123
122
134
133
121
109
97
98
110
111
112
100
101
113
133
134
135
123
111
99
98
86
74
62
61
73
85
97
109
110
122
121
109
97
85
73
74
75
87
88
76
77
65
66
54
55
56
68
80
79
78
90
102
114
115
116
128
127
139
140
141
142
130
118
117
129
141
140
139
138
137
136
124
112
113
125
126
114
113
101
100
88
89
77
78
66
67
55
43
42
41
40
52
51
50
38
39
27
26
14
15
16
4
5
17
29
30
18
6
7
19
20
32
44
45
33
34
35
36
24
12
11
23
22
10
9
8
7
6
5
4
3
2
1
13
25
37
49
61
62
63
64
65
53
54
42
43
31
32
44
45
46
47
59
71
70
58
57
69
81
82
83
84
96
95
94
93
92
91
103
104
105
106
107
119
131
143
144
132
120
108
96
84
72
60
72
71
83
82
94
95
107
108
120
119
131
132
144
143
142
130
129
117
118
106
105
104
116
128
127
115
103
102
101
89
90
91
92
93
81
80
79
67
68
56
57
69
70
58
59
60
48
36
48
47
46
34
35
23
24
12
11
10
22
21
33
21
9
8
20
19
31
30
18
17
16
28
27
26
14
15
3
2
1
13
25
37
49
50
38
39
40
28
29
41
53
52
51
63
64
76
75
87
99
100
112
111
123
124
125
126
138
137
136
135
134
133
121
122
110
98
86
80
34
126
41
131
26
108
94
112
141
114
77
138
123
9
143
4
128
116
95
30
54
97
115
69
89
31
42
19
54
66
114
86
105
4
28
144
111
57
53
33
11
104
94
74
91
83
79
74
78
87
84
16
39
37
61
134
104
84
5
36
28
102
58
27
90
41
11
103
106
68
8
44
15
10
113
87
102
85
34
111
29
72
24
38
92
65
125
25
36
99
73
96
45
140
10
142
47
49
132
83
52
85
67
75
127
106
43
134
42
76
20
60
56
24
53
50
113
100
35
116
17
38
108
80
3
46
14
124
86
44
32
76
98
43
107
96
88
51
66
1
61
78
35
23
27
64
139
6
47
98
99
62
14
12
107
12
70
131
133
119
133
25
2
119
70
109
139
135
1
69
140
73
19
22
23
121
82
93
22
91
127
18
8
136
55
33
101
48
59
17
67
21
90
57
110
40
126
56
130
117
39
117
29
71
64
112
109
115
60
49
132
45
120
18
72
55
71
5
122
101
122
59
15
26
130
81
20
123
137
137
144
37
142
118
129
135
31
95
46
124
63
89
97
50
2
48
9
51
6
143
65
100
136
120
52
125
3
129
103
77
32
16
81
79
75
21
88
121
118
7
82
58
93
63
68
13
7
128
110
105
62
138
40
141
13
92
30
66
113
119
2
133
14
61
30
82
101
24
70
43
134
144
115
85
133
121
130
7
49
78
2
57
49
50
15
93
77
73
62
9
43
129
71
30
16
79
35
68
99
63
126
114
141
136
13
116
112
8
98
40
91
109
41
25
67
58
84
38
101
132
47
109
130
51
34
129
92
106
89
83
31
48
131
135
10
84
82
37
90
74
120
56
74
28
127
107
93
97
6
20
52
96
1
122
97
118
105
81
139
114
86
23
9
115
12
64
63
75
88
3
46
56
40
55
15
72
22
33
59
138
69
144
77
47
25
94
105
99
27
38
106
117
107
36
27
28
79
111
45
100
58
23
102
122
42
26
137
68
31
119
118
39
125
110
112
46
21
19
75
94
62
6
76
113
91
32
104
125
124
32
124
50
10
12
80
3
73
70
61
57
29
37
36
92
17
80
103
26
71
21
128
66
42
59
24
67
121
5
110
8
88
1
60
39
100
11
19
96
111
18
35
132
131
127
53
65
11
139
136
85
22
95
48
140
143
98
83
4
54
138
137
81
45
87
54
142
69
64
134
128
142
17
123
78
108
34
29
140
41
60
65
120
4
44
143
141
102
52
72
108
87
33
5
117
126
104
123
116
76
53
44
89
55
13
16
20
95
51
86
14
135
18
90
7
103
