##Rat 2 Day 28
 ##rewards
18
29
107
##Vertices
141
13
3
88
140
108
120
43
2
58
36
22
130
17
59
112
60
87
97
19
49
58
5
84
3
66
130
134
56
132
31
19
17
77
24
135
70
88
133
70
118
143
64
10
37
112
78
15
111
90
81
38
35
41
103
127
84
21
32
40
117
73
65
95
61
30
63
96
5
82
34
117
75
6
26
142
51
140
109
96
27
100
142
34
9
106
37
104
25
42
10
12
136
18
95
113
110
92
125
121
52
78
129
71
48
105
32
119
63
46
106
61
39
93
100
56
43
131
121
108
11
31
115
51
28
83
69
91
14
50
93
131
9
62
77
13
86
4
22
105
72
27
52
87
110
138
45
82
1
122
18
6
99
73
139
41
124
102
132
122
98
53
98
123
144
20
109
1
116
90
67
91
66
44
120
57
113
85
137
99
4
15
7
20
144
16
134
36
59
54
138
55
69
47
126
94
133
11
38
72
107
135
126
129
39
74
128
8
76
80
33
7
57
42
44
119
143
49
136
24
137
115
118
127
50
139
76
68
33
83
53
92
68
40
111
29
16
74
2
80
124
23
101
26
85
29
114
46
25
116
55
86
21
103
128
30
62
67
48
81
114
23
125
12
102
75
65
28
94
79
54
47
79
101
104
107
141
89
60
89
8
14
35
64
45
97
71
123
80
32
144
130
95
86
75
30
55
60
137
54
4
79
61
121
1
31
91
102
98
19
10
14
50
87
67
109
43
110
57
107
104
52
18
115
4
21
82
25
88
107
22
41
51
3
19
106
120
15
7
108
141
85
2
38
68
25
49
91
142
138
30
74
71
99
80
7
12
37
78
88
96
100
5
39
143
53
123
82
90
46
65
17
131
10
26
29
23
109
83
101
55
120
95
16
35
124
114
125
136
68
131
78
101
113
129
50
39
133
22
33
140
58
15
118
92
20
125
13
21
72
64
56
108
116
132
93
90
54
130
72
12
47
24
16
87
129
66
36
103
34
81
41
140
76
99
84
27
111
18
139
5
11
77
89
100
59
106
29
105
116
104
97
42
2
58
38
138
124
94
112
35
44
70
75
83
114
70
37
89
141
8
26
6
139
126
66
49
28
128
56
105
61
77
9
98
69
48
65
81
73
48
33
142
20
135
79
97
31
134
47
122
64
57
8
53
27
85
93
134
43
96
115
71
40
126
24
34
60
117
127
132
69
45
135
143
63
119
63
137
92
62
111
51
3
86
13
52
133
6
118
9
76
67
128
23
40
59
28
123
127
45
73
94
17
102
144
119
112
11
84
46
110
62
14
74
36
1
44
121
103
122
113
136
42
32
117
133
121
109
97
85
86
98
110
122
134
135
123
111
112
100
88
89
77
76
64
52
51
63
62
61
49
50
38
37
25
13
14
15
16
4
5
17
29
41
53
54
42
43
55
67
79
80
68
69
81
93
92
104
103
91
90
78
66
65
53
41
40
39
27
26
25
37
49
61
73
74
75
87
99
100
101
113
114
102
101
113
125
137
136
124
112
111
99
87
88
76
64
52
40
28
29
30
31
19
20
21
9
10
22
34
33
32
44
56
57
45
46
58
59
47
48
36
35
23
24
12
11
10
9
8
7
6
18
30
42
43
44
56
57
45
46
58
70
82
83
71
72
84
96
108
107
95
94
106
118
130
129
128
116
117
105
104
116
115
127
139
140
141
142
143
144
132
131
119
120
108
107
119
120
132
144
143
131
130
142
141
129
117
118
106
105
93
92
80
81
82
94
95
96
84
83
71
70
69
68
67
55
54
66
65
77
89
90
78
79
91
103
102
114
115
127
128
140
139
138
126
125
126
138
137
136
124
123
135
134
133
121
122
110
109
97
98
86
85
73
74
75
63
62
50
38
26
14
13
1
2
1
2
3
15
3
4
5
6
7
8
20
21
22
23
11
12
24
36
48
60
72
60
59
47
35
34
33
32
31
19
18
17
16
28
27
39
51
1
13
25
37
49
50
38
26
14
2
3
15
27
28
40
52
53
65
64
76
88
87
75
74
73
85
86
98
97
109
121
122
123
124
136
137
125
113
101
89
90
102
103
91
79
67
68
80
81
69
57
56
44
43
55
54
66
78
77
89
101
100
99
111
110
109
97
85
73
61
62
63
51
39
40
41
29
30
42
41
29
17
5
4
16
28
27
39
51
52
64
76
88
100
112
113
114
115
127
128
129
141
142
130
118
117
116
104
92
93
105
106
94
95
107
108
120
119
131
132
144
143
142
141
140
139
138
126
114
102
103
104
92
93
105
106
94
82
70
71
83
84
72
60
48
47
59
58
46
34
22
21
20
32
33
45
44
32
31
19
7
8
9
10
11
12
24
23
35
36
48
47
35
36
24
12
11
23
22
10
9
21
33
34
46
45
57
56
68
69
70
58
59
60
72
71
83
82
81
80
79
91
90
78
77
65
53
54
66
67
55
43
42
30
31
19
20
8
7
6
18
17
18
6
5
4
16
15
3
2
1
13
14
26
25
37
38
50
49
61
62
63
75
74
86
98
110
122
121
133
134
133
134
135
123
135
136
137
138
139
140
128
129
130
131
143
144
132
120
108
96
84
96
95
107
119
118
117
116
115
127
126
125
124
112
111
99
87
129
33
34
97
123
125
5
26
134
64
55
45
77
12
94
113
47
106
79
2
78
95
56
121
2
144
16
10
110
4
51
109
11
85
143
90
101
80
60
116
56
9
93
24
108
104
14
39
138
74
50
73
103
60
32
121
65
3
126
33
7
67
30
1
66
48
25
61
31
38
5
17
46
12
93
95
42
69
76
44
17
119
23
120
117
142
120
75
144
96
140
74
78
130
15
98
135
37
107
48
46
107
118
39
20
89
96
67
29
82
119
139
35
87
133
62
82
71
23
140
124
109
13
122
81
57
32
84
55
112
75
139
94
134
38
49
128
14
19
111
10
40
70
4
37
21
52
83
13
122
28
30
87
85
31
16
68
53
118
1
105
57
28
73
86
84
99
125
36
110
6
50
20
58
9
111
99
123
112
92
71
69
63
43
132
142
135
128
127
65
115
101
24
143
136
79
106
89
124
18
88
41
100
141
115
102
66
91
116
100
64
141
26
88
29
92
76
19
54
58
59
25
40
131
18
15
27
114
11
61
83
59
138
130
113
98
126
68
132
36
3
90
7
22
108
131
72
136
105
8
127
114
45
41
103
44
77
81
102
137
8
104
49
86
133
21
22
51
6
52
35
137
43
97
117
34
91
54
70
72
80
62
47
42
27
53
129
63
118
40
58
33
2
8
15
4
121
89
113
34
60
78
19
9
40
93
127
86
106
96
47
90
57
143
9
7
133
28
73
22
137
128
1
20
95
144
38
48
54
121
125
42
107
84
1
78
138
55
114
30
11
23
85
134
62
120
17
6
38
18
103
35
140
44
68
68
106
136
115
126
140
139
16
29
143
144
110
14
128
104
97
125
20
72
74
96
122
34
5
25
105
98
110
126
51
79
83
135
55
72
130
129
86
24
105
47
104
94
64
134
132
112
42
12
127
10
66
142
27
123
83
100
129
39
11
117
130
119
60
115
111
26
43
51
141
54
29
71
89
92
50
33
119
136
101
97
80
67
63
61
53
64
76
53
41
124
74
124
113
70
25
41
43
66
56
102
13
50
65
117
133
19
131
23
107
73
101
95
76
88
69
15
32
69
18
8
3
109
84
109
57
58
120
36
138
48
30
45
75
32
118
45
17
112
87
81
99
37
141
87
37
94
6
10
70
90
122
132
81
14
12
22
44
49
91
71
103
46
65
39
5
31
62
49
75
80
21
142
77
24
26
91
88
79
82
4
135
93
63
56
82
139
100
52
3
92
131
99
31
77
61
111
46
67
16
116
123
59
52
137
7
2
116
108
36
28
27
13
59
85
102
21
35
98
108
114
144
132
120
119
131
130
142
141
129
117
105
104
116
115
114
126
127
128
140
139
138
137
136
135
123
122
134
133
121
109
97
85
86
87
99
98
110
111
112
100
88
89
101
102
90
78
77
76
75
74
62
63
51
52
64
65
66
54
53
41
40
39
27
26
25
13
1
2
14
15
3
4
5
6
7
19
18
30
31
32
44
43
55
67
79
91
103
104
92
80
68
56
57
69
70
82
81
93
94
95
83
71
59
58
46
47
48
36
35
34
22
23
11
12
24
36
48
60
72
84
96
108
107
106
118
117
116
115
103
91
90
102
114
113
125
124
136
135
123
111
99
87
75
63
51
50
49
37
38
39
27
28
16
17
29
30
42
43
31
32
33
45
44
56
68
69
57
45
33
21
9
8
20
21
20
8
7
19
18
6
5
4
3
2
1
13
25
37
49
61
73
74
86
98
110
122
134
133
121
109
97
85
73
61
62
50
38
26
14
15
16
17
29
28
40
41
42
54
55
67
79
78
66
65
53
52
64
76
77
89
88
100
101
113
112
124
125
137
138
126
127
139
140
128
129
130
118
106
105
93
92
80
81
82
94
95
83
71
70
58
46
34
22
10
9
10
11
12
24
23
35
47
59
60
72
84
96
108
107
119
120
132
144
143
131
143
142
141
12
11
23
35
36
48
60
72
84
96
108
120
119
107
106
105
93
92
104
116
115
127
139
138
137
125
124
136
135
123
122
134
133
121
109
97
98
99
100
88
89
101
113
112
111
110
109
97
85
86
87
75
76
77
78
90
102
103
91
79
80
81
69
70
82
94
95
83
71
59
58
57
45
33
32
20
8
7
19
18
6
5
17
16
4
3
2
14
26
25
37
49
61
73
74
62
50
38
39
40
41
42
30
29
28
27
15
3
4
5
6
7
8
9
10
22
21
33
34
46
47
48
60
59
58
70
69
68
67
66
54
55
43
31
19
18
17
16
15
27
28
29
30
42
41
53
52
51
63
64
65
77
78
79
80
81
93
105
117
118
130
131
143
142
141
129
128
140
139
138
126
127
128
140
141
129
130
142
143
144
132
144
132
131
119
120
108
96
84
72
71
83
82
94
95
107
106
118
117
116
104
92
91
103
115
114
126
125
137
136
124
112
113
114
102
90
89
101
100
99
111
123
135
134
133
121
122
110
98
86
85
73
61
62
74
75
87
88
76
64
63
51
50
49
37
25
13
1
2
1
13
14
26
38
39
40
52
53
65
66
54
55
67
68
56
44
45
46
47
35
34
22
23
24
36
24
12
11
10
9
21
20
32
31
43
44
56
57
144
76
37
21
133
15
50
70
124
98
137
91
101
138
61
81
118
60
25
85
97
78
48
33
134
122
123
89
40
83
112
68
103
57
51
96
140
19
62
86
57
80
39
106
66
75
67
128
76
45
7
35
117
113
31
64
118
102
129
6
73
59
125
10
31
23
123
52
47
18
3
136
112
74
133
79
102
107
125
30
141
43
93
40
46
75
66
93
87
32
42
49
23
95
105
139
28
127
2
45
77
132
22
142
131
135
3
90
94
29
24
117
129
49
138
94
64
11
91
71
34
115
82
9
69
14
11
122
114
96
62
14
48
115
99
50
111
19
63
116
67
29
6
74
88
35
131
84
103
111
141
82
143
108
120
8
53
70
32
144
56
72
12
92
73
63
79
12
84
105
127
5
34
13
55
106
56
114
104
143
109
71
18
65
7
17
80
100
1
121
119
36
52
86
83
113
65
136
4
58
72
27
9
126
41
135
61
54
89
104
20
78
16
28
137
38
17
119
2
95
58
39
77
43
37
51
33
41
27
44
44
8
99
130
60
26
100
98
42
110
90
121
140
20
22
10
1
4
30
126
134
109
92
101
46
68
116
59
128
69
142
110
130
139
55
25
36
47
120
38
88
124
108
15
21
13
26
132
97
54
16
87
53
107
5
85
81
24
133
126
86
76
55
46
138
51
6
109
50
35
34
2
141
137
29
15
27
4
50
42
46
13
122
14
82
140
119
64
105
124
110
112
98
6
52
2
40
39
134
143
25
139
13
26
49
135
66
99
91
89
40
81
92
102
22
51
23
37
88
102
71
96
32
136
110
38
49
18
93
128
10
103
95
36
65
121
8
126
14
68
99
91
34
62
120
41
137
79
69
120
41
125
138
8
118
70
121
80
109
48
76
87
94
39
114
5
44
24
61
30
127
101
47
100
65
44
74
108
106
74
112
4
117
59
57
63
105
31
144
68
133
122
103
130
3
58
104
62
142
28
129
117
59
87
116
69
134
22
116
113
75
19
98
18
130
60
84
78
142
115
97
27
54
67
21
127
107
115
45
96
10
132
53
84
104
60
19
136
73
33
57
77
131
64
61
139
53
111
70
31
24
95
125
20
58
55
28
131
119
144
38
85
20
123
23
11
35
1
90
67
106
88
17
32
12
73
63
54
17
72
3
16
90
89
124
42
56
83
36
129
85
135
113
132
29
45
101
21
9
37
12
16
94
77
82
108
9
30
83
43
75
107
71
11
81
5
66
7
114
25
15
118
100
128
43
72
111
48
123
47
79
93
33
52
56
78
80
97
143
141
86
1
26
7
140
92
144
143
131
119
120
108
96
84
72
60
48
36
35
47
46
45
57
56
44
32
31
19
7
6
5
17
16
4
3
15
14
2
1
13
25
37
38
39
40
52
53
41
29
28
27
26
25
37
49
50
51
63
64
65
66
54
42
43
55
67
68
69
81
82
70
58
59
71
83
95
94
93
105
117
116
128
140
139
127
126
138
137
125
124
136
135
134
122
110
109
97
85
73
61
62
74
86
98
99
100
101
102
114
113
112
111
123
135
136
137
138
139
140
141
142
130
129
117
118
106
107
108
96
95
94
82
81
80
79
78
90
91
103
115
127
126
125
124
123
111
112
113
114
102
101
89
88
87
75
76
77
65
66
67
68
69
57
45
33
34
22
23
11
10
9
21
20
8
7
6
18
19
20
8
9
21
22
10
11
12
24
12
24
23
35
36
48
60
72
84
83
71
70
58
59
47
46
34
33
32
44
56
55
43
31
30
18
17
5
4
16
28
29
30
42
54
53
41
40
39
27
15
3
2
1
13
14
26
38
50
49
61
73
74
62
63
51
52
64
76
75
87
86
85
97
109
121
133
134
133
121
122
110
98
99
100
88
89
77
78
90
91
79
80
92
104
105
106
107
119
118
130
131
132
120
132
144
143
142
141
129
128
116
115
103
104
92
93
133
134
122
110
109
97
85
73
61
49
37
25
26
38
39
40
52
53
41
29
30
18
6
7
8
20
21
9
10
22
23
11
12
24
36
48
47
46
45
57
56
44
32
33
34
35
36
48
60
59
58
70
69
68
67
55
43
42
54
66
65
64
76
75
63
51
50
62
74
86
87
88
100
112
113
125
137
138
126
127
139
140
128
129
141
142
143
131
119
120
108
96
84
72
71
83
95
107
106
105
104
103
115
116
117
118
130
142
141
140
139
138
137
136
135
123
124
112
111
99
98
97
85
86
87
75
76
77
78
79
91
90
102
114
126
127
128
129
130
118
117
116
115
103
104
92
93
94
82
81
80
68
67
66
65
64
52
40
28
27
15
14
2
3
4
16
17
5
6
7
19
18
17
5
4
16
15
3
2
1
13
1
13
14
26
25
37
49
61
73
74
62
63
51
50
38
39
27
28
29
41
53
54
42
30
31
19
20
8
9
21
33
32
31
43
55
56
44
45
46
34
22
10
11
12
24
23
35
47
59
60
72
84
83
71
70
58
57
69
81
82
94
95
96
108
120
132
144
143
144
132
131
119
107
106
105
93
92
80
79
91
90
78
77
89
101
100
99
98
110
111
123
122
121
109
121
133
134
135
136
124
125
113
114
102
101
89
88
