##Rat 4 Day 19
 ##rewards
126
113
47
##Vertices
133
134
122
110
111
112
100
99
87
86
85
97
109
121
133
134
135
136
124
123
135
136
137
138
139
140
141
142
143
144
132
120
119
131
130
118
117
129
128
127
115
116
104
103
91
90
78
79
80
68
56
55
67
66
54
42
30
29
17
18
19
7
6
5
4
16
28
27
39
38
50
62
63
51
52
40
41
53
65
64
76
88
89
77
76
75
74
73
61
49
37
25
26
14
15
3
2
1
13
25
37
49
61
73
85
97
98
86
87
88
100
101
113
114
102
103
104
92
93
94
95
96
84
83
82
70
69
57
58
46
45
44
32
33
21
22
23
35
36
24
12
11
10
9
8
20
32
31
43
42
41
53
65
77
89
90
91
92
80
81
93
105
106
107
108
96
84
72
60
59
71
70
58
46
45
44
43
55
54
66
78
79
67
68
56
57
69
81
82
94
106
105
117
116
115
114
102
101
113
112
111
99
98
110
109
121
122
123
124
125
126
125
137
138
126
127
139
140
128
129
141
142
143
144
132
131
130
118
119
120
108
107
95
83
71
72
60
59
47
48
47
48
36
35
34
33
34
22
23
24
12
11
10
9
21
20
8
7
6
18
19
31
30
29
17
16
15
27
28
40
39
51
52
64
63
75
74
62
50
38
26
14
13
1
2
3
4
5
144
132
131
130
118
106
105
117
116
128
140
141
142
143
144
132
120
108
107
119
120
108
96
84
72
60
48
36
24
12
11
10
22
23
35
34
46
47
59
71
70
58
57
69
68
80
79
67
55
54
53
65
66
78
77
76
75
87
86
74
62
61
73
85
97
98
99
111
112
124
125
126
114
113
101
100
88
89
90
102
103
104
92
91
103
115
127
139
138
137
136
135
123
122
110
109
121
133
134
135
136
137
138
139
140
141
129
128
116
104
105
93
94
82
81
69
57
56
44
32
20
8
7
19
31
30
42
41
29
28
40
52
51
39
38
26
14
15
3
2
1
13
25
37
49
50
51
63
64
76
88
89
90
91
92
80
68
56
55
43
44
45
33
21
9
8
7
6
5
17
18
30
29
28
40
52
64
65
77
78
79
67
66
54
53
41
42
43
31
32
33
45
46
58
70
82
81
93
94
106
118
117
129
130
142
143
131
119
107
95
83
95
96
84
83
71
72
60
59
47
48
36
24
12
11
23
35
34
22
10
9
21
20
19
18
6
5
17
16
4
16
4
3
15
27
39
27
26
14
2
1
13
25
37
38
50
49
61
73
74
62
63
75
87
86
98
110
111
99
100
112
113
101
102
114
115
127
126
125
124
123
122
134
133
121
109
97
85
24
32
128
109
123
25
130
117
1
53
87
21
111
65
68
16
105
137
74
55
101
42
31
73
86
76
60
136
136
37
57
15
125
71
64
53
54
102
95
14
141
84
12
72
7
86
65
68
58
45
73
91
67
10
131
19
99
63
100
58
77
20
138
138
100
97
111
106
75
52
104
18
39
115
98
47
85
22
129
13
80
48
112
93
26
36
57
60
33
29
66
44
140
32
69
112
17
10
107
14
28
70
142
94
5
33
67
114
38
41
114
51
88
97
83
104
108
30
39
88
81
143
27
144
129
82
101
49
56
27
77
134
124
56
3
9
26
123
134
66
4
7
139
135
75
116
11
13
43
121
93
1
96
98
23
131
116
48
34
8
17
135
44
46
49
143
30
133
18
78
6
72
64
8
128
79
22
103
121
119
91
42
89
61
2
4
110
95
21
90
117
63
35
25
142
109
105
126
76
126
36
52
115
54
50
122
12
125
78
133
61
24
119
137
59
87
113
59
85
69
19
108
28
89
43
23
127
41
71
81
79
15
50
120
132
83
99
102
16
118
103
140
90
74
84
31
92
62
11
3
82
34
40
96
55
70
120
130
107
92
124
80
9
2
122
132
62
38
45
51
106
35
118
94
47
139
127
46
144
113
29
110
37
141
20
6
5
40
106
87
60
132
137
47
42
109
44
136
114
115
84
71
31
144
138
32
59
91
122
70
72
22
80
39
54
94
117
56
45
118
135
133
43
100
15
101
97
74
140
97
139
138
82
68
55
93
31
141
120
21
34
33
16
79
53
103
99
65
116
51
133
89
89
107
130
3
91
6
7
77
105
123
86
118
142
57
125
99
121
23
3
104
107
61
109
33
95
83
144
69
49
19
20
28
32
113
88
56
126
57
95
34
69
108
75
41
113
48
121
93
143
108
119
25
73
13
14
60
67
90
62
78
87
127
85
24
85
79
139
36
58
94
123
61
126
80
92
2
36
130
21
50
45
26
78
116
40
137
27
6
67
37
42
9
84
105
143
25
92
15
27
4
55
62
110
98
66
48
37
4
18
131
43
63
39
66
103
128
75
46
35
1
111
98
70
104
102
90
76
124
38
63
122
29
5
142
83
129
1
12
54
64
74
125
100
52
112
71
72
7
140
134
132
2
76
115
38
77
86
124
110
47
10
65
64
96
11
49
9
88
112
13
8
30
120
23
81
18
30
68
135
136
29
129
52
20
111
24
53
131
117
127
41
119
96
46
28
134
19
5
51
82
102
17
12
81
128
50
44
73
106
17
14
114
10
40
22
58
26
59
141
16
11
8
101
35
12
11
23
35
34
46
58
57
56
44
32
31
19
7
8
20
21
9
10
22
34
33
45
46
47
48
60
72
71
83
84
96
95
94
106
107
119
131
130
142
141
129
128
140
139
127
126
114
115
103
102
101
113
125
124
136
135
123
111
112
100
99
87
86
98
97
85
73
74
75
76
64
63
62
61
49
50
38
37
25
26
14
15
3
2
1
13
25
37
49
61
73
85
97
109
110
122
121
133
134
135
136
137
138
139
140
141
142
143
144
132
120
108
96
84
72
60
59
71
70
82
81
93
105
117
118
130
129
128
116
104
92
80
68
69
81
80
79
78
66
67
55
43
42
54
53
52
51
39
40
41
29
17
5
4
16
28
27
26
38
50
62
74
86
87
88
89
77
65
66
54
53
41
29
30
18
17
5
6
7
6
18
19
31
30
42
43
55
67
79
78
77
65
64
52
40
28
16
4
3
2
1
13
14
15
27
39
51
63
75
76
88
100
99
98
110
109
121
133
134
122
123
111
112
124
125
137
138
126
127
115
103
102
114
113
101
89
90
91
90
91
92
93
94
106
105
104
116
117
118
119
131
143
144
132
120
108
107
95
83
82
70
58
57
69
68
56
44
45
33
32
20
8
9
21
22
10
11
12
24
23
35
36
24
36
48
47
59
1
13
14
15
27
28
29
41
53
52
51
63
62
61
49
50
38
37
25
26
27
39
40
28
16
4
5
6
18
19
7
8
20
32
33
21
22
23
35
36
48
47
59
60
72
71
83
82
70
69
81
93
94
95
107
108
120
119
118
106
105
117
116
128
129
141
140
139
127
115
103
102
114
126
138
137
125
124
136
135
123
122
110
109
121
133
134
135
136
137
138
139
140
141
142
130
131
143
144
132
120
108
96
84
72
60
48
36
24
12
11
10
9
8
7
6
5
17
18
30
31
43
44
45
46
34
35
47
59
58
57
56
55
54
42
43
55
67
79
78
66
65
64
76
77
89
101
113
112
100
88
87
86
85
97
98
99
111
123
124
125
126
127
128
116
104
92
91
90
78
77
89
88
87
75
74
86
85
73
61
73
74
62
63
75
76
64
65
66
67
79
91
90
102
101
100
99
98
97
109
121
133
134
122
110
111
112
113
114
115
103
104
105
117
129
130
142
143
144
132
131
119
118
106
107
95
96
84
83
71
70
69
81
82
94
93
92
80
68
80
68
56
44
32
33
45
57
58
46
34
22
23
24
12
11
10
9
21
20
19
31
30
29
41
42
54
53
52
40
39
51
50
49
37
38
26
25
13
1
2
14
15
3
2
3
4
16
17
43
141
99
64
103
34
142
116
144
45
62
81
57
113
70
114
63
108
23
96
42
109
91
120
138
21
53
92
50
130
70
66
74
24
8
133
100
68
93
137
127
113
101
114
2
59
101
18
143
84
66
137
92
3
117
55
88
78
20
12
82
63
118
57
107
88
115
86
127
75
27
112
6
25
96
121
39
85
104
77
15
10
136
71
1
24
14
26
19
129
119
72
97
30
75
62
11
93
48
105
32
142
13
68
124
51
28
129
87
128
46
89
81
44
65
17
22
33
56
125
82
8
91
78
45
56
72
30
131
67
11
131
41
60
58
29
7
6
36
115
59
1
42
136
109
7
18
48
121
21
5
143
133
89
138
85
107
112
141
98
76
83
13
9
122
20
37
76
135
126
32
110
94
69
103
26
90
95
79
132
106
135
139
134
74
5
17
128
69
25
36
126
14
15
47
50
83
43
34
40
22
105
123
35
37
27
130
77
139
35
29
47
54
117
2
94
97
65
61
61
67
58
73
40
31
54
144
79
84
87
111
73
3
12
53
38
98
52
104
4
44
49
119
106
49
64
102
123
134
80
55
122
38
102
100
86
140
28
16
46
132
23
51
19
41
110
10
52
80
140
16
108
116
39
33
111
4
120
124
99
60
95
90
71
31
9
125
118
80
114
131
19
67
104
9
134
17
15
144
44
30
27
33
95
139
61
60
136
132
110
122
8
107
111
16
84
106
34
65
73
12
65
47
86
44
109
28
31
6
77
126
17
15
5
31
128
123
92
101
127
93
55
103
104
49
21
25
43
129
4
135
79
49
99
142
141
30
142
3
95
47
143
99
56
38
140
29
33
116
66
98
97
54
57
92
75
85
97
102
67
29
89
76
13
77
80
90
21
100
66
84
138
58
82
46
94
78
112
129
69
40
7
64
75
136
72
63
42
110
12
137
22
83
93
39
48
52
133
91
141
73
38
105
16
32
2
83
89
78
127
121
87
79
106
96
94
14
107
37
121
59
130
20
69
52
125
108
105
125
26
117
48
139
115
32
101
120
81
123
70
41
51
124
35
45
100
56
42
58
23
18
88
91
11
82
124
122
85
57
61
120
130
126
35
7
118
117
64
41
119
36
43
19
1
20
68
112
24
88
71
63
119
46
1
135
114
10
55
27
113
62
54
26
13
133
53
118
70
76
134
50
53
72
23
11
45
28
51
74
50
102
60
2
6
113
131
39
137
116
108
5
143
109
86
81
98
71
3
37
115
90
18
87
62
25
24
74
140
138
14
10
111
40
9
103
4
36
132
68
8
59
144
96
34
128
22
144
143
142
130
129
141
140
128
116
115
103
91
79
78
77
65
53
41
42
43
44
45
46
58
57
69
68
80
92
93
94
82
81
69
70
71
83
84
72
60
48
47
35
23
24
12
11
10
22
34
33
21
9
8
7
6
18
17
16
15
27
28
40
39
38
50
62
61
49
37
25
26
14
2
3
4
5
6
7
19
31
32
20
8
9
10
22
21
20
19
31
30
29
28
27
39
51
52
64
63
75
74
73
85
86
98
97
109
121
133
134
135
136
124
112
113
125
126
127
139
138
137
136
135
123
122
110
111
99
100
101
102
90
89
88
76
75
87
88
89
101
113
114
102
90
78
66
67
55
56
68
67
79
91
103
104
105
117
118
106
107
95
96
108
120
119
131
132
120
108
107
119
118
130
131
132
144
143
142
141
140
128
129
117
105
106
94
93
81
80
92
104
116
115
114
126
127
139
138
137
125
124
123
111
112
100
99
87
86
98
110
122
134
133
121
109
97
85
73
74
62
61
49
50
38
37
25
26
14
13
1
13
1
2
3
15
16
4
5
17
18
30
29
41
40
52
51
63
64
76
77
65
66
54
53
54
42
43
55
56
44
32
33
45
57
58
70
82
83
95
96
84
72
71
59
60
59
47
46
34
35
36
48
36
24
12
11
23
133
121
109
110
98
97
85
86
87
75
76
77
78
66
54
55
56
57
69
81
93
105
117
116
104
103
91
90
89
101
113
114
102
103
115
127
126
138
139
140
141
129
130
131
143
144
132
120
119
118
106
107
108
96
84
72
71
59
47
35
34
46
45
33
21
20
19
7
8
9
10
22
23
24
36
48
60
72
84
83
82
94
95
96
108
120
119
107
95
83
82
70
58
46
34
33
32
44
43
31
30
18
6
5
17
16
4
3
2
1
13
25
37
38
39
51
50
62
74
73
61
49
37
25
26
14
15
27
28
40
52
64
65
53
41
42
30
29
41
53
52
51
63
64
65
66
67
79
80
92
91
79
78
77
76
88
100
99
111
112
124
125
137
136
135
123
122
134
135
136
124
123
111
110
122
134
133
121
109
97
85
86
98
99
100
112
113
101
102
90
89
88
87
75
63
62
74
73
61
49
50
38
26
27
39
40
28
29
17
16
15
14
13
1
2
3
4
5
6
18
19
7
8
20
21
9
10
22
23
11
12
11
12
24
36
35
47
48
60
59
71
70
58
57
45
44
32
31
43
42
54
55
67
68
56
68
69
81
80
92
93
94
106
105
104
116
115
114
126
125
137
138
139
127
128
140
128
129
117
118
130
142
141
142
143
144
132
131
100
127
86
126
55
21
109
126
10
2
131
39
43
57
88
133
91
41
14
114
24
52
71
13
1
87
26
23
57
98
51
137
89
25
3
16
63
29
27
99
60
32
138
18
33
119
15
7
99
44
110
28
66
61
125
79
68
132
40
9
143
93
135
72
19
86
141
74
142
85
11
138
12
19
75
53
28
32
48
92
129
94
102
49
59
125
35
124
52
27
140
4
76
134
80
70
53
54
101
43
82
7
45
90
30
84
128
141
113
96
112
20
105
106
127
122
88
80
37
133
64
136
81
71
94
123
106
47
38
42
33
72
139
93
95
117
45
78
121
5
17
17
85
1
22
82
10
14
44
111
110
128
8
136
58
115
78
91
18
59
2
116
56
69
64
124
120
50
13
46
109
69
61
65
60
12
6
67
42
26
41
87
121
104
34
102
132
108
24
107
107
108
15
23
89
66
56
97
114
123
129
111
35
31
122
81
70
84
8
22
36
62
40
63
103
62
65
98
144
68
131
101
144
97
116
55
96
48
95
79
34
83
39
73
73
46
67
54
118
135
105
38
112
120
117
119
142
77
130
11
5
75
3
137
130
9
47
103
143
30
140
49
36
31
104
139
118
58
21
100
92
83
25
29
113
77
4
74
51
90
16
115
6
134
20
37
50
76
108
38
135
137
143
26
56
36
50
18
98
139
17
92
66
144
7
27
74
122
16
18
73
135
116
140
122
120
75
30
115
143
35
127
61
102
64
57
72
39
80
96
13
52
127
21
47
134
28
82
85
65
137
58
79
129
103
132
70
97
53
71
117
125
101
128
38
44
37
130
133
123
3
89
42
74
55
83
26
47
106
76
109
62
103
80
111
2
93
51
24
133
68
46
81
123
7
104
50
142
124
8
51
82
9
119
19
110
129
97
132
87
10
67
42
40
44
142
2
45
109
12
25
63
87
54
59
6
84
25
95
34
100
1
28
117
91
33
121
21
115
59
45
17
119
105
65
67
23
120
111
36
22
116
84
6
61
95
48
64
49
113
83
29
107
88
90
110
130
41
118
90
62
43
89
55
81
131
141
114
140
108
34
49
37
141
138
41
76
11
79
99
101
15
113
144
13
94
4
30
20
46
71
1
40
70
32
86
43
131
136
56
15
3
112
126
10
77
92
35
91
124
66
107
24
12
118
14
52
75
68
104
106
69
112
39
77
100
5
31
114
31
72
16
54
125
138
11
139
121
85
20
23
134
63
19
78
58
27
57
98
94
60
78
102
99
73
22
32
128
4
126
88
48
105
14
93
69
53
60
5
8
9
29
136
96
33
86
