##Rat 7 Day 18
 ##rewards
62
51
129
##Vertices
8
33
17
69
96
116
84
126
9
25
135
50
86
89
67
8
117
71
127
13
69
4
128
112
3
81
123
31
61
124
41
92
92
73
59
19
107
91
95
57
35
98
75
109
85
18
120
131
49
76
129
84
37
2
100
139
3
60
136
24
105
78
68
115
51
83
138
50
65
62
1
90
111
90
121
88
100
125
11
22
29
133
70
57
131
7
143
101
54
43
34
70
136
72
112
55
37
110
56
97
144
72
108
19
18
31
64
33
125
2
78
108
83
10
138
117
80
52
121
87
42
45
6
16
1
130
47
15
48
17
11
32
54
94
48
102
38
51
39
144
107
75
59
77
36
99
142
115
20
71
91
21
118
64
118
7
95
52
53
97
66
62
5
47
111
55
67
122
40
43
114
58
143
140
49
4
14
141
119
99
128
139
10
120
79
14
41
20
93
93
98
104
40
21
13
5
68
24
113
88
38
132
65
27
29
76
28
140
12
42
53
110
101
105
44
113
60
16
124
77
44
114
133
94
130
126
12
26
81
79
6
28
129
109
23
137
35
82
82
63
106
45
34
103
46
56
23
122
73
96
58
25
22
9
39
137
123
141
46
80
127
74
102
63
32
106
26
104
134
132
135
30
74
134
61
30
86
89
103
15
142
36
119
87
116
66
27
85
3
65
7
10
118
129
137
94
100
131
144
61
99
20
102
143
142
84
76
128
54
39
62
78
18
12
21
22
71
104
98
124
105
141
125
70
126
74
68
56
74
52
130
96
31
142
87
44
4
96
43
1
29
89
60
123
32
101
49
30
42
128
120
10
107
143
53
23
41
47
104
81
141
103
138
41
90
140
82
117
33
11
53
110
35
132
49
132
60
63
48
130
90
45
139
126
25
125
9
92
134
112
99
110
79
51
64
144
136
9
135
14
121
92
66
114
133
88
80
101
36
2
43
106
17
34
65
16
7
86
85
98
106
31
127
109
113
33
61
59
137
69
100
122
91
42
55
2
75
139
97
121
37
89
18
136
134
6
95
80
28
71
15
78
29
109
135
72
62
45
123
58
5
51
138
64
127
13
57
117
67
54
19
44
83
107
85
34
108
23
3
69
105
119
113
28
26
30
5
91
68
133
81
27
86
122
72
76
32
82
114
50
94
21
26
6
19
39
47
36
56
52
83
124
25
73
8
95
87
116
103
12
8
112
84
38
20
115
73
120
11
97
140
131
70
16
46
37
119
46
50
77
35
22
58
129
15
79
63
38
102
111
88
40
48
4
116
24
67
59
24
111
93
118
75
77
55
93
66
40
17
13
1
115
108
27
14
57
133
134
135
136
137
125
124
112
113
114
102
101
100
88
89
77
76
64
65
66
67
55
43
42
54
53
41
40
52
51
50
62
61
49
37
38
39
27
26
14
13
1
2
3
4
5
17
29
30
18
19
31
32
33
34
46
58
70
69
81
80
92
104
105
117
118
106
94
93
92
91
90
78
79
91
103
115
116
128
127
126
138
139
140
141
129
130
131
143
144
132
120
108
96
84
83
95
107
119
120
108
96
84
72
71
59
60
48
47
35
36
24
12
11
23
22
10
9
21
20
8
7
6
5
4
16
28
40
39
51
63
75
87
99
98
97
85
73
74
86
87
99
111
123
122
121
109
110
111
112
100
88
76
77
65
66
54
55
56
68
80
81
82
70
69
57
45
44
43
31
32
20
19
18
6
7
8
9
10
11
12
24
23
22
21
33
34
46
47
35
36
48
60
72
71
59
58
57
45
44
56
68
67
79
78
90
89
101
102
114
113
125
126
127
115
103
104
116
128
129
117
105
93
94
82
83
95
107
106
118
119
131
132
144
143
142
130
142
141
140
139
138
137
136
124
123
135
134
133
121
122
110
109
97
98
86
85
73
74
62
61
49
50
38
37
25
26
25
13
1
2
3
15
14
15
27
28
16
17
29
30
42
41
53
52
64
63
75
12
24
36
48
60
59
47
46
58
70
69
57
45
44
56
55
43
42
54
66
78
77
76
64
65
53
52
40
41
29
17
18
6
5
4
16
28
27
15
14
2
1
13
25
37
49
50
51
63
62
74
75
87
99
111
112
113
114
102
103
91
92
93
105
106
118
117
116
104
92
80
68
67
79
80
81
82
94
95
83
71
72
84
96
108
107
119
131
132
144
143
142
141
140
139
127
128
129
130
142
141
140
139
138
126
125
137
136
124
123
135
134
133
121
122
110
109
97
98
86
85
73
61
49
37
38
39
40
28
29
30
31
32
33
21
9
8
7
19
20
32
33
34
35
23
11
10
22
34
46
45
44
43
55
54
66
65
77
89
90
91
103
115
114
102
101
100
88
76
75
87
86
74
62
61
73
85
97
109
121
133
134
122
110
98
99
111
112
124
123
135
136
137
138
126
125
113
101
100
88
89
90
78
79
67
68
56
57
69
70
58
59
71
83
82
81
93
94
95
107
106
105
104
116
115
127
128
129
117
118
130
131
143
144
132
120
119
120
108
96
84
72
60
48
47
35
36
24
12
11
23
22
10
9
21
20
8
7
19
18
6
5
17
16
4
3
15
3
2
1
13
25
26
14
26
27
39
38
50
51
63
64
52
53
41
42
30
31
10
80
82
119
44
72
2
106
131
6
15
106
123
102
121
66
81
144
58
21
142
129
80
125
9
99
75
35
84
111
1
109
22
102
75
38
140
118
63
98
113
57
112
115
36
17
89
47
49
13
58
89
137
128
85
104
5
25
37
98
109
48
70
41
143
85
35
127
69
22
56
45
101
136
77
138
124
24
4
15
96
41
12
101
36
82
44
55
33
77
90
28
138
136
61
6
2
12
86
111
63
71
81
139
92
133
78
67
43
74
91
137
87
93
93
92
65
105
123
72
11
135
42
34
16
59
96
50
42
7
69
131
105
83
103
84
144
128
95
142
49
31
18
118
117
108
68
90
54
13
20
79
88
116
71
91
40
116
83
43
59
141
64
76
100
57
4
104
99
114
39
25
19
119
95
34
52
130
79
129
8
121
117
70
28
140
46
113
50
23
67
29
31
56
107
108
40
130
143
5
39
19
100
64
122
21
122
52
11
32
10
45
139
53
125
124
23
110
14
16
135
3
30
46
120
97
27
97
1
74
26
53
126
120
26
88
3
107
20
51
18
132
30
60
115
62
62
134
33
87
103
61
24
133
66
68
94
112
76
17
51
32
114
38
73
55
126
7
48
134
9
37
141
73
8
110
132
27
94
127
78
60
29
86
47
54
65
14
57
35
136
20
71
90
33
84
123
117
67
43
120
116
73
125
30
3
30
101
89
25
72
87
8
80
29
91
77
64
57
142
137
98
104
110
99
106
97
144
106
47
56
36
14
99
49
32
69
48
39
17
74
118
35
4
54
31
131
81
20
6
113
82
65
104
83
70
85
36
42
59
69
123
88
77
71
143
19
143
68
91
135
39
88
64
66
34
32
144
24
61
95
127
14
96
15
109
3
16
93
44
139
7
21
105
26
135
7
75
28
1
45
42
62
70
33
34
23
80
124
22
44
16
46
87
2
133
117
50
58
94
112
9
40
132
28
93
48
85
105
2
128
82
83
45
100
129
102
5
137
12
142
78
119
102
13
19
114
61
63
40
25
76
115
108
63
41
84
133
130
107
6
60
22
118
60
37
52
68
10
54
136
121
122
138
76
134
47
95
23
113
27
140
41
86
86
100
140
27
101
92
126
46
131
5
98
124
53
79
55
134
18
94
78
62
125
52
114
51
1
9
15
79
65
103
121
66
141
24
138
129
72
97
12
53
103
11
96
31
58
126
38
51
73
89
59
132
107
26
18
112
37
4
120
8
128
139
109
74
49
56
127
115
110
21
122
43
116
29
55
130
111
119
11
38
81
50
90
67
108
13
111
10
141
17
92
75
1
13
14
2
3
15
16
4
5
17
29
28
40
41
42
30
18
6
7
8
20
19
31
32
33
34
46
47
59
58
57
56
55
43
44
45
33
21
9
10
22
23
11
12
24
36
48
60
72
84
83
71
70
69
68
80
79
78
77
65
64
76
88
100
101
102
90
91
103
115
116
104
105
117
129
128
140
141
142
143
144
132
131
130
118
106
107
119
120
108
96
95
94
93
92
80
81
82
70
69
81
82
94
93
92
91
103
102
114
126
125
124
123
122
110
98
97
85
86
74
75
87
99
111
112
113
101
89
88
100
112
113
114
115
127
139
138
137
136
135
134
133
121
109
97
85
73
61
49
50
62
63
51
39
27
26
25
37
38
39
27
28
29
30
42
54
53
52
51
63
75
87
99
98
86
74
73
61
62
50
49
37
38
26
25
13
1
2
14
15
3
4
16
17
5
6
18
19
7
8
20
32
31
43
55
54
66
78
90
89
77
76
64
52
40
41
53
65
66
67
79
67
68
56
44
45
57
58
46
34
35
47
35
23
22
21
9
10
11
12
24
36
48
60
59
71
72
84
83
95
96
108
107
119
120
132
144
143
131
130
142
141
129
117
118
106
105
104
116
128
140
139
127
126
138
137
125
124
136
135
123
122
134
133
121
109
110
111
144
143
131
132
120
119
107
108
96
95
94
106
105
93
81
82
83
84
72
60
59
71
70
58
46
34
33
21
20
32
44
56
68
69
57
45
46
47
48
36
35
23
24
12
11
10
9
8
7
6
18
19
31
43
55
54
66
78
90
91
103
102
101
100
88
76
77
65
64
63
51
52
40
39
38
50
49
37
25
13
1
2
14
26
27
28
16
15
3
4
5
17
29
41
53
54
42
30
31
43
42
30
29
41
53
65
64
76
75
74
86
98
110
122
123
124
136
137
125
126
114
113
112
111
99
87
88
89
101
100
99
87
75
63
62
61
73
85
97
109
121
133
134
135
136
137
138
139
140
128
127
115
116
117
118
130
142
141
129
117
118
106
94
82
81
80
92
104
116
115
114
113
112
124
125
126
138
139
127
128
140
141
129
130
142
143
144
132
131
119
120
108
107
95
96
84
83
71
72
60
59
58
70
69
68
80
79
78
77
89
90
102
103
104
105
93
92
91
79
67
66
67
55
56
57
45
44
32
33
34
22
21
22
23
35
47
48
36
24
12
11
10
9
8
20
19
7
6
18
17
5
4
16
15
3
2
1
13
14
26
25
37
38
39
27
28
40
52
51
50
49
61
62
74
73
85
86
98
97
109
110
122
121
133
134
135
123
111
110
83
123
109
141
36
111
94
28
122
106
75
82
69
127
119
90
79
98
18
128
96
42
105
19
17
13
68
45
21
134
140
84
4
53
24
96
125
102
84
30
53
39
30
44
59
42
64
25
43
123
86
83
126
76
88
97
124
131
57
136
61
70
34
78
29
41
129
87
9
37
31
134
65
114
49
117
24
73
14
3
101
39
111
57
22
99
141
119
117
76
116
139
47
74
67
56
58
5
44
33
23
1
15
48
122
36
6
46
80
28
81
131
133
63
81
137
107
3
67
74
10
85
103
121
93
91
75
5
50
98
40
87
86
112
143
72
7
54
132
129
20
26
11
95
22
100
4
133
45
11
40
38
143
52
72
66
60
107
31
138
48
102
56
47
95
113
99
66
82
85
49
121
126
77
7
63
73
23
69
9
104
112
21
13
16
65
62
35
142
25
41
94
14
135
101
108
100
136
59
130
33
8
89
90
110
88
12
2
92
20
135
97
15
8
55
128
130
71
64
139
37
34
71
1
52
18
19
104
58
142
144
91
32
51
26
103
118
54
6
27
114
62
124
29
10
61
32
138
140
70
144
16
68
78
105
92
79
77
106
118
120
80
125
127
55
109
116
50
2
12
46
132
60
43
89
93
27
17
108
115
120
35
113
38
115
137
51
51
118
132
49
122
46
59
120
16
92
97
89
22
93
124
74
63
64
8
45
8
26
36
138
82
42
124
97
115
72
63
142
48
39
14
34
47
127
11
138
41
47
120
113
103
24
111
49
144
100
125
50
37
112
21
136
106
125
62
87
66
68
111
98
130
131
85
122
104
106
75
72
12
115
95
32
6
38
84
41
30
15
133
54
144
10
61
83
33
141
121
74
100
29
104
119
28
129
92
62
128
123
94
24
117
137
88
57
51
37
40
81
3
70
30
110
20
1
112
114
84
90
46
85
133
76
71
19
38
137
82
105
4
2
143
121
70
123
109
18
101
61
105
119
12
135
116
128
134
27
71
20
139
69
78
40
140
18
23
86
130
108
102
66
55
135
54
59
7
127
143
32
77
53
101
50
107
80
53
126
16
114
134
136
99
91
96
60
77
67
76
31
48
102
94
35
15
110
39
141
35
56
55
73
29
67
19
9
69
91
31
22
118
57
65
34
26
2
58
3
58
75
36
131
44
5
79
42
83
95
93
109
52
23
98
60
68
103
73
25
44
81
21
25
9
79
28
14
52
132
80
113
90
11
43
117
126
10
108
107
139
17
116
43
88
140
99
129
33
13
4
1
27
17
5
13
64
7
142
86
89
6
87
45
56
78
65
96
12
11
10
9
21
22
34
35
23
24
36
48
60
72
71
59
58
46
47
48
60
59
58
70
82
83
95
94
106
107
108
96
84
72
71
70
69
81
80
79
67
55
43
42
30
29
41
40
28
27
39
38
26
14
15
3
2
1
13
25
37
49
61
73
85
97
109
121
133
134
135
123
122
110
111
112
100
101
102
90
89
77
65
53
54
66
78
77
76
88
87
86
98
99
87
75
63
51
52
64
76
75
74
62
50
49
37
38
39
27
28
16
4
5
6
18
17
29
30
31
32
20
8
7
19
31
43
44
45
57
56
68
69
81
93
92
91
103
115
114
126
127
139
140
128
116
104
105
117
129
141
142
130
131
119
120
132
144
143
142
141
140
139
138
137
125
113
114
102
90
78
66
65
53
54
42
41
40
52
64
63
51
50
62
61
73
74
86
85
97
98
99
100
88
89
101
113
125
124
136
135
134
133
121
109
110
122
123
111
112
124
136
137
138
126
127
128
116
115
103
104
105
117
129
130
118
106
118
119
131
143
144
132
120
108
107
95
96
84
83
82
94
93
92
91
79
80
68
67
55
56
57
45
46
47
35
36
24
12
11
23
22
10
9
8
7
6
5
4
3
2
1
13
25
26
14
15
16
17
18
19
20
21
33
34
33
32
44
1
13
25
37
38
26
27
15
14
2
3
4
5
6
18
17
29
28
16
4
5
17
29
30
31
19
20
32
33
21
9
8
7
6
18
30
42
43
55
67
66
65
64
76
75
87
88
100
99
111
112
124
123
122
110
109
121
133
134
135
136
137
138
139
140
141
142
143
144
132
120
119
131
130
118
106
105
93
81
80
92
91
90
89
77
78
79
91
103
104
116
128
129
117
116
115
114
113
101
102
103
115
127
126
125
137
136
124
112
111
99
98
97
85
73
74
86
87
75
63
51
50
49
61
62
63
64
52
40
41
53
54
42
43
44
56
68
69
70
82
83
71
72
60
59
58
57
45
46
47
48
36
35
23
22
10
11
12
24
36
48
60
72
84
96
95
94
82
81
80
79
78
90
89
77
76
88
100
101
102
114
113
125
126
138
139
127
128
140
141
129
117
105
104
92
93
94
95
107
108
120
132
144
143
142
130
131
119
118
106
107
108
96
84
83
71
59
58
70
69
57
45
46
47
35
34
33
34
22
23
24
12
11
10
9
21
20
8
7
19
31
32
44
56
68
67
55
54
66
65
53
41
40
28
16
15
3
2
1
13
14
26
25
37
49
61
73
85
97
109
121
133
134
135
123
122
110
98
86
74
62
50
38
39
27
39
51
52
