##Rat 5 Day 25
 ##rewards
74
87
21
##Vertices
1
13
14
2
3
15
16
4
5
17
29
28
40
41
42
30
18
6
7
8
20
19
31
32
33
34
46
47
59
58
57
56
55
43
44
45
33
21
9
10
22
23
11
12
24
36
48
60
72
84
83
71
70
69
68
80
79
78
77
65
64
76
88
100
101
102
90
91
103
115
116
104
105
117
129
128
140
141
142
143
144
132
131
130
118
106
107
119
120
108
96
95
94
93
92
80
81
82
70
69
81
82
94
93
92
91
103
102
114
126
125
124
123
122
110
98
97
85
86
74
75
87
99
111
112
113
101
89
88
100
112
113
114
115
127
139
138
137
136
135
134
133
121
109
97
85
73
61
49
50
62
63
51
39
27
26
25
37
38
39
27
28
29
30
42
54
53
52
51
63
75
87
99
98
86
74
73
61
62
50
49
37
38
26
25
13
1
2
14
15
3
4
16
17
5
6
18
19
7
8
20
32
31
43
55
54
66
78
90
89
77
76
64
52
40
41
53
65
66
67
79
67
68
56
44
45
57
58
46
34
35
47
35
23
22
21
9
10
11
12
24
36
48
60
59
71
72
84
83
95
96
108
107
119
120
132
144
143
131
130
142
141
129
117
118
106
105
104
116
128
140
139
127
126
138
137
125
124
136
135
123
122
134
133
121
109
110
111
144
143
131
132
120
119
107
108
96
95
94
106
105
93
81
82
83
84
72
60
59
71
70
58
46
34
33
21
20
32
44
56
68
69
57
45
46
47
48
36
35
23
24
12
11
10
9
8
7
6
18
19
31
43
55
54
66
78
90
91
103
102
101
100
88
76
77
65
64
63
51
52
40
39
38
50
49
37
25
13
1
2
14
26
27
28
16
15
3
4
5
17
29
41
53
54
42
30
31
43
42
30
29
41
53
65
64
76
75
74
86
98
110
122
123
124
136
137
125
126
114
113
112
111
99
87
88
89
101
100
99
87
75
63
62
61
73
85
97
109
121
133
134
135
136
137
138
139
140
128
127
115
116
117
118
130
142
141
129
117
118
106
94
82
81
80
92
104
116
115
114
113
112
124
125
126
138
139
127
128
140
141
129
130
142
143
144
132
131
119
120
108
107
95
96
84
83
71
72
60
59
58
70
69
68
80
79
78
77
89
90
102
103
104
105
93
92
91
79
67
66
67
55
56
57
45
44
32
33
34
22
21
22
23
35
47
48
36
24
12
11
10
9
8
20
19
7
6
18
17
5
4
16
15
3
2
1
13
14
26
25
37
38
39
27
28
40
52
51
50
49
61
62
74
73
85
86
98
97
109
110
122
121
133
134
135
123
111
115
74
70
116
64
42
66
37
61
68
43
81
81
80
142
90
82
58
110
91
140
50
125
70
105
62
87
6
39
3
128
119
9
41
49
37
58
11
96
51
36
38
80
46
47
8
38
45
22
24
136
30
2
107
47
56
124
2
13
64
31
143
131
48
16
29
113
18
99
61
32
18
98
83
96
46
17
28
107
125
19
138
95
103
88
6
25
44
23
57
15
119
33
76
131
79
57
59
56
132
28
14
111
26
100
118
121
123
73
110
45
101
30
136
73
60
84
23
8
144
140
102
95
78
68
99
33
143
75
109
84
66
85
129
134
101
139
54
48
10
52
109
19
12
5
51
26
92
89
39
94
82
83
111
21
43
122
41
72
127
98
116
13
50
106
108
9
63
24
49
135
20
1
123
106
65
44
124
55
139
114
117
129
102
93
22
130
76
128
35
134
91
75
78
126
11
5
72
14
114
79
122
103
7
94
130
4
100
127
35
137
90
93
144
71
21
1
141
16
55
113
86
87
112
135
31
92
86
88
97
104
69
77
104
59
40
105
89
12
3
53
121
60
42
20
65
141
74
132
34
137
69
36
10
126
67
112
108
7
120
34
15
54
27
40
25
29
52
32
142
118
63
17
133
133
71
53
120
115
97
4
117
62
67
85
77
27
138
19
119
77
55
66
121
71
9
94
35
78
139
104
132
117
36
90
56
16
7
136
6
120
27
98
104
67
1
79
107
23
4
129
115
62
38
13
39
96
53
46
92
83
91
133
141
74
50
75
64
1
108
101
144
24
110
40
105
140
20
85
30
21
42
94
68
135
29
78
18
90
126
93
33
66
47
144
135
96
109
54
12
127
33
41
31
3
127
111
14
34
60
85
100
63
59
37
95
22
13
69
87
125
88
57
8
81
97
142
4
51
28
51
103
54
125
143
128
10
86
43
42
31
77
7
82
80
126
11
43
118
47
52
129
140
142
23
65
113
108
50
32
116
58
130
137
18
101
138
123
95
15
122
121
128
134
11
97
73
114
91
41
5
99
72
62
69
111
131
17
132
70
76
113
3
61
124
130
2
35
73
27
115
70
106
114
45
84
122
67
64
92
59
12
63
49
79
139
44
16
98
72
9
107
112
26
29
58
93
103
39
80
133
102
2
22
68
20
32
25
24
89
86
110
30
40
105
83
137
38
119
141
118
109
87
14
117
143
100
21
15
60
106
52
36
89
45
71
61
131
56
112
10
17
44
28
84
48
123
76
102
34
88
57
75
26
19
65
99
120
8
53
124
6
55
49
116
138
25
48
74
136
82
46
5
134
37
81
133
134
135
136
124
123
111
110
122
121
109
97
85
73
74
86
87
99
98
97
85
86
87
75
63
62
50
51
39
38
37
49
61
73
74
75
76
64
65
66
78
90
102
103
115
116
104
105
117
118
106
107
119
131
130
142
143
144
132
120
108
96
84
72
60
48
36
24
12
11
10
22
23
35
34
33
45
44
43
55
56
68
80
92
91
79
67
68
69
57
58
59
47
46
58
70
82
94
93
81
69
70
71
83
95
96
108
107
106
118
117
129
141
140
139
127
128
116
115
114
113
125
137
138
126
114
102
101
100
88
89
77
76
64
52
53
54
42
30
31
19
18
6
5
17
29
41
40
28
16
4
3
15
14
26
25
13
1
2
3
4
5
6
7
8
20
32
31
43
55
67
79
80
92
91
103
104
105
93
81
82
94
95
83
84
72
71
59
60
48
47
46
45
57
56
44
32
20
21
9
10
11
12
24
36
35
23
22
34
33
21
9
8
7
19
18
17
29
30
42
41
40
28
16
15
27
39
27
26
14
2
1
13
25
37
38
50
49
61
62
63
51
52
53
54
66
65
77
78
90
89
88
100
99
98
110
109
121
133
134
122
123
135
136
137
138
139
140
141
142
143
144
132
120
119
131
130
129
128
127
126
125
124
112
111
112
113
101
12
24
36
48
47
35
34
22
23
11
10
9
8
7
19
20
32
33
21
9
8
20
32
31
30
18
17
29
28
16
4
5
6
7
19
31
43
42
54
66
67
68
69
81
82
94
93
105
106
118
117
129
130
131
119
120
132
144
143
142
141
140
139
138
137
136
135
134
133
121
109
110
122
123
111
99
100
88
76
77
89
90
91
92
80
79
78
90
102
101
113
125
124
112
113
114
115
116
104
103
102
114
126
127
128
140
141
129
117
118
106
107
108
96
84
83
95
94
82
70
58
59
60
72
71
70
69
57
45
44
56
55
43
42
41
53
65
64
63
75
74
62
61
49
50
51
52
40
39
38
37
25
26
14
15
3
2
1
13
25
37
49
61
73
85
86
87
75
76
77
78
79
91
92
80
81
93
105
104
103
115
116
128
127
139
138
126
125
137
136
124
112
100
101
89
88
87
86
98
97
109
121
133
134
135
123
122
110
111
99
98
97
85
73
74
62
50
51
63
64
52
40
39
38
26
27
28
27
15
14
13
1
2
3
4
16
17
5
6
18
30
29
41
53
65
66
54
55
67
68
56
44
45
33
21
22
10
11
12
24
23
35
36
48
60
72
84
96
108
120
132
144
143
142
130
131
119
107
95
83
71
59
47
46
34
46
58
57
36
113
96
111
103
11
10
67
121
19
10
61
39
59
100
93
69
104
30
14
50
77
31
63
26
131
2
38
71
113
4
119
109
65
105
73
116
76
112
81
34
40
142
51
28
115
130
102
57
139
7
63
53
35
8
115
95
86
81
96
97
46
13
37
52
41
90
17
42
78
15
98
3
79
45
114
34
47
74
48
141
138
32
31
85
88
6
135
43
41
139
27
1
52
127
66
117
85
23
94
72
119
83
50
4
91
99
8
82
13
116
106
101
70
15
22
83
120
23
134
111
110
88
107
42
24
84
61
133
91
20
118
132
73
95
107
128
123
110
62
90
102
60
117
7
121
65
94
66
36
143
53
68
20
144
38
54
5
40
123
37
21
67
16
87
1
124
97
104
62
46
135
101
27
114
28
29
118
136
70
12
18
112
89
80
79
138
92
108
103
143
16
33
35
137
21
129
9
120
82
25
55
57
77
44
125
141
48
109
105
29
45
3
131
140
137
127
72
18
5
84
2
133
106
58
44
11
142
25
129
98
74
75
58
19
144
64
87
124
86
99
55
47
71
32
39
93
76
134
49
140
132
56
126
68
54
126
33
80
128
22
64
6
75
89
122
78
130
69
108
92
51
136
49
122
56
17
30
100
60
43
9
12
24
125
26
59
14
93
47
97
121
50
24
105
135
17
61
14
56
92
35
97
39
48
86
38
109
37
40
78
117
123
13
51
54
125
126
129
76
74
62
43
8
25
34
143
23
77
42
142
2
134
41
52
91
7
86
48
53
137
16
120
56
75
84
103
51
27
103
88
63
114
135
65
8
38
44
113
115
75
68
128
112
12
140
54
33
29
73
1
74
11
98
36
82
26
44
66
57
139
112
136
91
104
139
92
99
131
84
34
4
107
96
141
77
136
130
87
35
11
95
118
60
79
59
39
109
101
120
107
142
15
99
55
10
53
79
13
128
26
25
106
9
41
37
134
20
70
138
102
105
122
12
6
90
14
83
96
131
61
36
3
80
132
94
5
24
30
23
9
32
10
22
115
133
43
49
1
82
49
19
28
73
67
29
80
21
71
129
123
90
40
65
132
66
4
108
50
124
88
122
71
127
133
64
31
55
46
63
45
116
114
117
32
59
119
98
62
45
95
89
67
64
21
93
27
101
46
130
57
58
110
72
138
126
119
83
69
87
111
6
124
110
19
106
118
60
76
144
5
42
89
58
69
104
85
30
81
121
140
72
22
94
33
47
3
144
70
52
7
68
102
125
108
15
20
113
100
141
100
137
143
28
116
2
18
111
127
85
17
81
16
18
31
78
133
121
122
123
111
99
100
112
113
125
137
136
135
134
133
121
109
97
98
110
109
97
85
73
61
49
37
25
13
1
2
3
15
14
26
27
39
38
50
62
63
51
52
64
65
77
78
66
54
55
56
68
67
79
80
81
82
94
95
83
71
72
84
96
108
107
106
118
117
129
128
127
115
116
104
105
93
92
91
103
102
101
89
90
102
114
126
138
139
140
141
142
130
131
119
120
132
144
143
142
141
140
139
138
137
136
124
125
113
101
100
88
87
75
76
64
52
53
41
29
17
5
6
18
30
31
43
44
32
33
45
57
58
46
47
35
23
22
10
11
12
24
36
48
60
59
58
70
69
81
93
92
91
90
89
77
65
53
54
42
41
40
28
16
4
5
6
7
8
20
19
31
32
33
45
57
69
68
80
79
78
66
67
55
56
44
43
42
30
29
28
40
39
51
63
75
76
88
87
99
111
112
124
123
135
134
122
110
98
86
74
86
85
73
74
62
61
49
50
38
37
25
13
1
2
14
26
27
15
3
4
16
17
18
19
7
8
20
21
9
21
9
10
22
34
46
34
35
23
11
12
24
36
48
47
59
60
72
84
83
71
70
82
94
95
107
119
118
106
105
117
116
104
103
115
114
126
127
128
129
130
131
143
144
132
120
108
96
12
11
23
35
34
33
45
46
58
59
60
48
36
24
12
11
10
9
21
22
10
9
8
7
6
5
4
3
2
1
13
25
26
14
15
27
28
16
17
18
30
29
41
42
54
55
67
66
65
77
89
90
78
79
91
103
115
116
128
127
126
138
139
140
141
129
117
118
106
107
95
83
82
94
93
105
104
92
80
81
69
57
56
68
69
70
71
72
84
96
108
120
119
131
130
142
143
144
132
120
108
96
84
72
60
48
47
59
58
57
45
44
32
31
43
42
41
53
52
51
50
49
61
62
63
75
76
88
87
99
100
101
113
112
124
123
122
110
109
121
133
134
135
136
137
125
113
114
102
103
104
92
80
68
56
55
54
53
65
64
52
40
39
38
37
49
61
73
85
86
74
75
87
99
100
101
102
90
91
79
67
66
78
77
89
88
76
64
63
51
39
40
28
29
30
31
43
44
32
33
34
46
47
35
36
24
23
22
21
20
19
20
8
7
19
18
6
5
17
16
4
3
2
1
13
14
15
27
26
25
37
38
50
62
74
73
85
86
98
97
98
97
109
110
111
112
111
123
122
121
133
134
135
136
124
125
137
138
139
127
126
114
115
116
128
129
130
118
117
105
106
94
93
81
82
70
71
83
95
107
119
131
132
144
143
142
141
140
3
120
121
100
8
80
13
113
132
79
36
71
32
117
70
140
42
67
124
142
143
98
67
73
92
139
30
128
2
81
126
114
79
94
44
20
11
76
14
12
22
92
83
52
7
3
19
45
18
140
82
117
99
46
15
103
9
55
82
61
54
129
61
40
38
97
84
19
72
142
41
75
84
134
57
88
77
131
97
8
138
91
33
56
64
105
43
55
127
28
32
20
52
90
99
88
115
23
16
126
23
135
132
40
74
68
18
143
60
124
111
122
98
101
63
87
43
107
25
93
85
11
81
138
7
109
25
78
94
22
42
51
86
141
114
125
78
133
35
10
144
130
93
136
17
15
21
16
69
73
27
110
29
133
50
125
106
91
47
70
51
1
9
112
33
53
137
39
31
59
96
53
95
36
48
101
34
66
65
96
141
77
21
118
137
95
130
89
26
107
66
38
59
64
49
144
34
75
37
118
112
135
106
57
74
103
139
60
86
58
46
102
24
17
83
29
39
116
87
115
80
104
4
71
85
119
12
63
108
50
27
37
6
5
49
35
109
62
14
100
116
122
123
89
4
119
10
134
90
62
104
54
2
26
108
123
76
136
65
105
56
47
45
5
120
68
24
69
121
127
72
128
110
58
31
129
13
1
41
102
28
113
6
131
48
111
30
44
24
87
7
50
112
101
132
129
18
61
116
114
26
96
119
24
128
81
134
130
11
134
53
103
144
17
108
97
75
57
117
20
35
94
88
74
5
107
37
140
98
58
34
36
141
6
105
47
10
9
129
33
69
127
131
132
105
137
19
135
60
63
93
97
56
59
58
109
85
8
25
31
74
83
111
16
117
76
102
119
43
51
94
45
15
8
93
52
120
10
6
41
92
73
44
88
82
32
65
108
43
5
72
87
2
39
137
45
142
66
4
31
65
106
126
78
48
91
20
136
17
131
19
78
116
49
12
80
67
139
95
100
86
68
140
12
66
122
121
40
120
114
123
143
113
54
60
115
86
21
30
139
124
39
41
14
122
144
92
70
106
101
2
143
9
15
64
40
33
72
80
68
141
98
52
104
111
3
38
70
123
28
99
57
55
138
62
135
79
71
27
16
13
89
124
25
69
110
18
83
127
11
96
42
3
82
126
136
35
21
7
29
130
103
1
62
13
79
53
133
100
55
133
71
47
50
125
26
61
104
22
64
42
49
30
32
99
89
36
109
29
34
46
85
118
14
95
118
54
138
107
125
46
75
90
128
77
37
48
91
113
23
112
77
102
22
76
73
51
59
84
4
44
63
56
28
38
121
1
81
27
110
90
115
142
67
84
23
