##Rat 7 Day 20
 ##rewards
62
51
129
##Vertices
114
34
53
96
99
34
104
19
13
88
140
118
46
92
50
118
29
77
4
1
84
65
85
103
65
60
14
35
64
129
122
135
24
18
41
97
55
52
48
81
131
82
126
127
90
46
40
144
139
52
49
68
58
116
93
105
60
69
109
30
102
1
89
29
54
139
2
23
59
92
62
79
130
95
131
36
110
107
80
122
104
130
15
64
53
77
11
87
83
55
98
81
58
76
107
121
4
136
39
112
44
57
37
120
23
51
73
39
143
73
102
8
117
6
10
63
8
45
124
144
42
20
96
86
105
3
101
45
136
138
108
113
93
70
111
36
124
142
79
127
32
41
17
24
26
126
83
28
135
89
33
128
28
16
59
106
14
87
100
115
33
80
103
114
31
106
78
25
9
27
63
42
2
99
97
32
56
27
116
15
70
91
84
123
137
43
121
141
142
91
125
134
138
134
143
5
47
110
75
19
71
38
85
141
129
112
119
111
133
75
18
86
109
68
44
3
21
140
66
20
26
25
40
94
101
74
76
115
12
74
82
133
7
49
123
9
31
11
12
94
72
50
54
48
98
22
72
35
13
90
95
108
17
62
125
78
6
100
117
61
71
43
10
88
67
132
57
120
5
128
119
51
67
113
47
22
132
30
69
7
16
137
66
21
37
38
61
56
67
98
42
73
124
61
4
65
113
36
84
6
117
41
126
12
46
17
82
139
15
45
85
124
134
108
28
22
6
131
30
115
137
27
89
107
128
70
90
74
93
79
71
69
138
95
56
44
133
87
115
31
30
81
119
92
94
129
76
35
59
26
53
121
106
132
88
18
104
55
12
109
2
58
130
18
40
14
5
60
24
96
23
41
53
127
81
117
46
61
62
13
23
2
67
139
54
116
21
34
132
40
73
32
44
9
33
88
106
83
57
38
91
54
103
87
25
111
70
85
120
78
20
128
68
84
108
143
114
104
75
62
110
45
101
123
97
141
66
76
131
103
92
96
105
126
144
11
32
118
3
72
125
56
80
79
66
122
137
116
110
8
49
1
64
122
127
9
37
136
93
74
138
142
48
11
55
50
34
95
90
52
39
43
19
111
140
130
112
63
25
136
121
82
29
105
114
102
71
72
39
78
58
64
141
112
31
51
35
140
3
1
16
68
36
100
113
99
120
13
38
7
49
16
86
143
80
7
60
134
129
75
144
100
69
51
10
37
119
109
118
57
22
123
47
26
15
133
102
21
48
17
77
52
19
125
50
42
97
14
43
94
5
20
47
28
83
135
10
86
24
29
77
98
101
89
59
99
63
33
4
135
27
8
91
107
65
142
144
143
142
141
140
128
116
115
127
139
138
126
114
102
90
91
103
104
105
117
129
130
131
132
120
119
118
106
94
95
96
108
107
106
94
82
70
69
81
93
92
80
68
67
79
78
66
65
64
52
40
41
53
54
42
30
29
17
18
6
5
4
3
15
16
28
27
39
38
37
25
13
14
26
25
37
49
50
51
63
62
74
86
98
97
85
73
61
49
50
38
39
51
52
40
28
29
30
31
19
7
8
9
21
20
32
33
45
57
56
55
43
44
45
46
58
59
71
83
84
72
60
48
47
35
36
24
23
11
10
22
34
46
58
57
69
81
93
105
104
116
115
103
102
101
100
99
87
75
76
77
89
88
87
99
111
112
113
125
124
136
135
123
122
134
133
121
109
110
111
112
124
123
135
134
133
121
122
110
109
97
98
86
85
73
61
62
74
75
63
64
65
53
41
42
54
55
56
68
67
66
78
79
80
92
91
90
89
77
76
88
100
101
113
114
126
125
137
136
137
138
139
127
128
140
141
142
130
129
117
118
119
131
143
144
132
120
108
107
95
96
84
83
82
70
71
72
60
59
47
48
36
35
23
22
34
33
21
20
32
44
43
31
19
18
17
16
15
27
26
14
2
1
13
1
2
3
4
5
6
7
8
9
10
11
12
24
12
133
121
109
97
85
86
87
75
74
73
61
62
63
64
65
77
76
88
100
99
98
110
122
134
135
123
111
112
113
125
137
136
124
112
113
114
115
103
102
101
89
90
91
79
78
66
67
55
43
44
45
57
56
68
69
70
58
59
71
72
60
48
36
35
47
46
34
33
21
9
10
11
23
22
10
9
8
20
32
31
19
18
17
16
4
5
6
7
8
20
21
33
32
44
45
46
58
70
82
83
84
96
108
107
95
94
106
105
104
92
80
81
93
105
117
116
128
127
126
138
139
140
141
129
130
142
143
131
132
120
119
118
117
116
104
103
102
101
100
88
87
75
76
64
52
40
28
29
30
42
54
53
41
29
28
27
39
51
50
38
37
25
26
14
13
1
2
3
15
27
39
38
26
25
13
1
2
14
15
3
4
16
17
5
6
7
19
18
30
31
43
55
56
57
69
68
80
92
91
79
67
66
78
90
89
77
65
53
54
42
41
40
52
51
63
62
50
49
37
49
61
73
74
86
85
97
109
110
98
99
111
123
122
121
133
134
135
136
124
125
137
138
126
114
115
127
139
140
128
129
141
142
130
131
119
118
106
107
95
94
93
81
82
83
71
59
47
35
34
22
23
24
12
11
12
24
36
48
60
72
84
96
108
120
132
144
143
144
60
94
122
107
103
39
109
133
139
62
87
40
85
127
20
8
72
99
58
74
6
112
140
136
116
29
128
30
10
118
64
83
83
100
4
65
23
134
37
50
5
28
131
108
13
96
72
113
15
61
71
21
129
2
124
46
67
124
86
76
144
117
104
7
135
95
7
113
125
19
30
138
84
76
99
116
127
36
24
141
55
50
25
117
38
63
42
46
120
45
38
41
1
43
10
17
79
53
89
110
31
114
44
22
123
37
130
68
126
105
89
98
130
60
110
34
82
41
118
8
57
26
15
59
102
22
48
73
78
141
2
11
111
5
144
17
54
65
18
123
52
77
75
109
66
105
23
69
64
106
25
134
53
32
115
27
82
142
56
71
51
106
91
19
92
132
126
16
18
6
24
143
63
90
35
75
12
59
61
49
90
94
14
88
35
121
81
12
104
52
87
93
74
47
112
57
129
11
67
34
115
91
36
97
125
86
120
21
122
101
107
78
119
32
102
26
79
143
142
44
56
70
66
95
13
55
39
98
103
48
77
33
136
31
121
69
45
84
27
33
108
131
3
4
139
133
43
20
132
92
58
54
49
119
80
29
28
101
88
93
9
100
81
9
80
40
135
3
114
70
62
137
51
138
68
85
47
14
137
111
16
96
42
128
140
73
1
97
105
97
113
44
114
141
140
24
75
46
65
101
60
34
52
57
128
134
18
39
72
54
104
120
8
102
114
140
127
80
96
63
76
3
78
85
70
131
86
115
74
38
136
116
92
51
138
35
131
91
31
35
111
117
107
87
12
124
57
68
89
59
98
79
62
126
93
90
13
108
7
11
39
110
9
122
121
83
104
137
143
37
40
32
97
50
113
142
95
44
99
19
55
77
18
27
13
84
84
125
59
28
92
8
93
22
16
101
132
82
11
9
119
81
70
12
94
112
139
118
80
42
53
55
47
106
121
137
6
78
33
5
7
98
49
126
133
123
138
117
1
72
4
135
143
122
51
144
28
100
142
48
99
27
90
110
81
25
107
64
125
82
127
124
119
32
95
23
58
14
6
40
130
83
103
76
15
102
41
19
116
36
61
103
37
33
88
91
52
73
4
100
123
129
26
73
66
1
115
50
10
17
61
21
34
15
134
69
26
60
105
136
43
29
16
48
135
23
5
49
42
88
14
74
77
58
130
94
3
133
46
17
45
67
20
67
29
25
106
89
120
21
96
129
87
109
118
56
38
112
64
43
71
86
45
30
10
111
22
36
128
24
141
54
71
41
139
68
2
65
20
53
30
69
108
144
79
109
75
132
63
47
2
56
85
66
62
31
12
24
36
48
47
46
58
59
60
72
84
96
108
107
95
94
106
118
117
129
130
131
143
144
132
120
119
118
117
105
93
81
82
70
71
83
84
72
60
48
36
35
23
11
10
9
8
7
6
18
17
5
4
3
2
1
13
25
26
38
37
49
61
73
74
62
50
51
52
53
41
42
30
31
19
20
21
22
34
33
32
44
45
57
69
68
56
55
54
66
78
77
76
75
87
88
89
90
91
103
104
116
128
140
139
138
137
125
113
114
126
127
115
116
104
92
80
79
67
68
69
57
56
44
43
31
30
29
28
16
15
27
39
40
41
29
28
40
52
64
65
77
89
101
102
103
115
114
102
101
100
99
98
110
111
123
135
136
124
112
100
88
87
86
85
97
109
121
122
134
133
134
133
121
122
110
109
97
98
99
111
123
135
136
124
112
113
125
137
138
126
127
139
140
128
129
141
142
141
142
130
131
143
144
132
120
119
107
108
96
95
94
106
105
93
92
91
90
78
66
65
53
54
42
43
55
67
79
80
81
82
83
71
70
58
59
47
35
23
24
12
11
10
22
34
46
45
33
32
20
21
9
8
7
19
18
6
5
17
16
4
3
2
14
15
27
39
38
50
51
63
64
76
75
63
62
74
86
85
73
61
49
37
25
26
14
13
1
1
2
3
4
16
28
29
17
5
6
7
8
9
21
20
32
33
34
46
47
35
23
24
12
11
10
22
34
46
45
44
43
31
30
18
19
7
6
5
4
3
15
14
13
25
37
49
61
73
74
86
85
97
109
121
133
134
135
123
124
136
137
138
139
127
126
125
113
101
89
88
76
75
63
62
50
38
26
27
39
51
52
40
41
42
54
53
65
77
78
79
91
103
115
116
104
92
80
68
69
57
58
59
60
72
84
96
95
94
82
83
71
70
58
57
56
55
67
66
54
42
41
53
52
64
63
75
87
99
98
110
111
112
100
88
87
99
100
101
102
90
91
92
93
81
69
70
82
81
93
105
117
129
130
118
119
120
108
107
106
105
104
116
128
140
141
142
143
131
132
144
132
144
143
131
130
142
141
129
117
118
119
120
108
107
106
94
95
96
84
83
71
72
60
59
47
48
36
48
36
35
23
24
12
11
10
22
21
9
8
20
32
33
45
44
56
68
80
79
78
90
89
77
76
64
65
66
67
55
43
31
19
18
30
29
17
16
15
14
2
1
13
25
26
27
28
40
39
51
50
38
37
49
61
62
74
73
85
86
98
97
109
121
122
110
111
112
124
125
113
114
102
103
115
114
126
127
128
140
139
138
137
136
135
123
122
134
133
66
60
56
142
127
34
119
57
48
76
106
81
64
2
79
52
127
1
139
94
101
17
72
108
133
25
84
133
5
44
77
111
35
58
50
10
135
102
120
107
89
11
25
34
144
116
42
122
61
32
74
130
38
42
93
14
53
65
103
105
138
22
104
41
67
77
30
93
18
122
134
99
24
70
102
4
9
130
1
30
72
12
23
131
13
69
74
62
22
132
78
128
46
21
73
10
131
11
111
8
54
19
86
65
69
57
85
84
136
141
141
120
118
95
90
108
44
110
40
88
106
59
49
71
140
110
79
20
107
142
97
126
114
80
16
67
140
82
51
83
27
17
64
115
46
5
16
38
90
76
58
121
28
29
27
113
109
92
88
71
12
66
52
103
48
37
73
33
80
53
39
126
75
26
118
112
123
91
31
96
37
125
78
143
63
35
96
113
143
6
45
98
31
63
29
14
19
47
138
137
99
32
94
15
100
97
9
144
92
117
47
82
8
59
43
68
45
54
33
21
62
18
87
139
137
100
7
24
129
129
39
89
124
68
91
115
28
112
105
15
20
61
85
70
56
132
109
23
49
117
36
101
128
87
125
116
124
2
51
13
121
40
75
43
134
104
3
136
123
114
81
26
41
55
4
50
119
60
95
135
83
86
3
36
7
6
55
98
85
99
96
31
30
46
92
15
90
140
86
25
94
1
115
69
45
52
77
133
80
29
142
142
40
37
110
88
70
112
89
21
134
130
111
53
33
9
16
58
101
86
91
95
50
38
74
46
21
143
32
71
75
106
1
125
129
29
60
34
119
12
42
12
106
34
100
81
120
55
77
125
96
122
108
102
109
47
31
95
64
129
6
99
39
53
132
143
55
131
62
107
23
73
19
74
138
111
90
39
44
4
104
8
93
137
70
41
10
131
67
105
58
38
137
67
71
15
87
68
26
20
27
127
57
18
84
79
123
35
115
132
79
20
48
116
107
19
114
61
144
13
13
65
101
104
43
122
138
59
134
22
92
136
56
17
126
94
139
23
73
54
24
76
114
47
83
41
78
3
36
7
7
28
88
102
89
69
124
10
36
118
62
133
118
98
113
50
117
108
93
45
126
121
130
87
8
51
40
33
49
32
105
91
103
2
121
120
4
128
127
14
117
144
135
5
2
35
85
63
59
124
83
60
54
75
128
110
98
82
82
141
24
136
65
100
11
17
16
11
3
76
27
63
103
61
123
97
113
64
112
84
42
72
52
51
140
139
18
135
43
116
22
56
9
6
119
28
141
78
26
57
48
81
44
97
49
72
68
30
5
80
37
109
14
66
66
25
1
2
14
26
38
37
25
13
1
2
3
4
5
17
29
41
42
30
31
43
55
54
53
65
66
67
79
80
68
69
81
93
94
82
70
71
83
84
96
95
107
108
120
119
118
106
105
117
129
130
131
132
144
143
142
141
140
139
127
126
114
113
125
124
123
122
121
133
134
135
136
137
138
139
140
128
116
115
103
102
90
91
92
104
103
91
79
78
77
76
88
87
86
98
99
100
112
111
110
109
97
85
73
61
62
74
75
63
64
52
40
28
16
15
27
39
51
50
49
61
73
85
97
98
86
74
75
87
99
100
101
89
88
76
64
52
40
41
29
30
18
6
7
19
20
8
9
21
22
10
11
23
24
36
35
34
33
45
57
56
44
32
33
34
46
47
48
60
72
84
96
108
107
106
118
130
131
119
120
132
144
143
142
141
129
117
116
128
127
115
114
126
138
137
125
124
136
135
134
133
121
109
110
122
123
111
112
113
101
102
90
89
77
78
66
65
53
54
42
43
44
45
57
56
55
67
68
80
92
104
105
93
94
95
83
82
81
69
70
58
46
58
59
71
72
60
59
47
48
36
35
23
22
21
20
32
31
19
18
17
16
28
27
39
51
63
62
50
49
37
38
26
25
13
14
15
3
4
5
6
7
8
9
10
11
12
24
12
144
132
131
130
129
141
142
143
144
132
120
108
96
95
94
93
81
82
70
69
68
80
92
91
79
67
66
54
55
43
42
41
29
30
31
19
18
6
5
17
16
4
3
15
27
28
40
39
38
26
14
2
1
13
25
37
49
61
62
74
75
87
86
98
110
122
134
133
121
109
97
85
73
61
49
50
51
63
64
76
77
65
53
52
64
65
66
78
90
102
101
113
125
124
112
100
99
111
123
135
136
137
138
139
127
126
114
115
103
104
105
106
107
119
118
117
116
128
140
139
138
137
136
124
125
126
114
113
112
100
88
89
101
102
103
104
105
93
94
82
83
84
72
71
59
60
48
47
35
36
24
23
11
10
22
34
46
45
44
56
57
58
46
34
33
21
9
8
7
6
5
4
16
28
27
26
14
15
3
2
1
13
25
37
38
39
51
50
62
63
75
74
73
85
86
98
97
109
121
133
134
135
123
122
110
111
99
87
88
76
77
89
90
78
79
91
92
80
81
69
57
45
44
56
68
67
55
54
53
52
40
41
29
17
18
30
42
43
31
32
33
32
20
19
7
8
20
21
9
10
22
23
35
47
59
58
70
71
83
95
107
106
118
117
116
115
127
128
140
141
129
130
142
143
131
119
120
108
96
84
72
60
48
36
24
12
11
12
