##Rat 7 Day 34
 ##rewards
62
51
129
##Vertices
32
95
82
132
24
34
42
104
16
27
68
24
44
66
129
124
112
116
106
29
94
73
5
6
97
127
69
81
45
46
111
66
77
27
114
131
89
70
48
144
90
133
92
131
135
87
115
53
6
2
99
110
20
23
56
103
40
141
69
30
50
38
132
31
138
137
142
138
71
60
102
43
119
109
91
45
8
39
74
93
134
30
33
49
35
84
113
15
130
89
83
43
94
100
72
32
10
9
21
65
88
52
61
73
39
93
52
101
92
14
80
96
41
10
56
70
140
22
12
124
36
16
120
68
140
123
87
143
85
11
18
54
127
46
103
14
61
20
71
85
122
17
107
80
19
33
62
83
19
67
126
137
134
105
13
59
75
90
76
129
12
111
84
55
133
118
143
1
139
57
59
64
42
126
57
76
3
51
88
139
37
117
110
117
105
21
55
31
47
81
82
135
17
63
9
64
26
25
136
114
112
102
78
35
2
118
50
37
47
28
86
74
48
67
128
54
115
23
7
18
28
58
65
123
75
100
128
8
4
34
125
104
121
79
125
3
22
13
96
36
101
40
63
86
1
72
109
7
62
121
53
108
78
95
106
113
5
141
98
136
97
29
49
142
44
91
108
130
38
119
41
77
144
15
98
79
51
116
26
122
60
58
25
99
120
107
11
4
144
47
19
114
10
135
58
74
107
95
66
62
139
68
52
45
64
87
121
90
12
8
37
42
144
41
132
39
49
130
79
101
39
17
13
52
3
134
120
35
104
131
141
123
18
103
16
78
63
139
119
69
24
61
130
34
26
99
40
71
93
70
62
135
73
127
82
124
57
100
1
29
89
124
13
67
9
109
38
126
29
56
1
111
55
60
116
4
96
49
6
94
61
138
72
3
109
15
34
136
95
20
98
141
41
76
99
35
115
121
27
46
8
92
85
24
89
22
60
5
91
43
59
81
83
97
65
42
88
93
45
126
53
30
86
110
66
38
110
77
58
84
115
63
88
117
55
137
14
81
76
80
118
128
51
15
23
70
91
82
94
96
69
47
85
14
103
7
90
131
23
123
9
59
10
125
53
33
11
40
67
116
56
72
105
102
113
80
18
11
102
26
79
48
138
57
31
118
5
133
106
122
108
54
6
143
21
101
16
134
28
65
19
54
129
132
92
25
120
112
114
125
107
21
32
140
2
75
133
28
98
143
36
44
2
51
73
129
36
46
104
68
17
43
33
20
137
12
122
105
71
27
86
87
77
32
48
75
140
4
74
78
97
117
111
30
37
100
7
84
142
127
128
31
22
106
50
112
119
108
64
50
113
142
83
136
44
25
133
134
122
110
98
97
109
121
133
134
135
136
137
125
113
101
102
114
115
103
91
90
89
77
78
79
67
68
80
81
69
57
58
70
82
83
71
72
60
59
47
48
36
35
34
46
45
33
21
22
23
24
12
11
10
9
8
7
19
18
30
29
17
16
15
14
13
1
2
3
4
5
6
7
8
20
32
31
43
42
54
55
56
44
43
55
67
66
65
64
52
51
50
38
39
40
28
27
26
25
37
49
61
73
74
62
63
75
76
88
100
112
124
123
111
99
87
86
85
73
61
49
37
38
50
62
63
51
39
40
41
53
52
64
76
88
100
101
113
114
126
138
139
127
128
140
141
129
130
142
143
131
132
120
119
118
117
105
93
92
104
116
117
118
106
107
108
96
84
72
60
48
47
46
34
22
23
35
36
24
12
11
10
9
21
33
32
20
19
31
30
18
6
5
17
16
4
3
2
1
13
25
26
14
15
27
28
29
41
42
54
53
65
66
78
77
89
90
102
103
104
105
93
92
91
79
80
68
56
44
45
57
58
59
71
70
69
81
82
94
106
94
95
83
84
96
95
107
108
120
119
131
130
129
128
116
115
127
126
125
124
112
111
99
87
75
74
86
85
97
98
110
109
121
122
123
135
136
137
138
139
140
141
142
143
144
132
144
12
24
23
22
21
9
10
11
12
24
36
48
60
59
58
57
69
70
82
81
80
68
56
55
67
79
78
90
91
103
102
101
113
114
115
127
126
138
137
125
124
136
135
123
111
112
100
99
98
110
122
134
133
121
109
97
85
73
74
62
63
51
50
38
26
14
2
1
13
25
37
49
61
73
85
86
87
75
76
64
65
77
89
88
76
77
78
66
54
42
41
29
17
16
28
40
39
27
15
3
4
5
6
7
19
18
30
31
43
44
45
46
47
35
34
33
32
20
8
7
6
5
4
16
17
18
30
29
28
40
52
53
41
42
43
44
45
57
58
70
71
72
84
83
95
96
108
107
119
120
132
131
143
142
130
118
106
105
104
92
93
94
106
118
117
129
141
140
139
138
137
136
124
112
111
110
122
123
135
134
133
121
109
97
98
99
87
86
74
75
63
62
61
49
50
38
37
25
13
1
2
3
15
14
26
27
39
51
52
64
65
53
54
66
67
55
56
68
69
81
93
105
104
92
80
79
91
90
89
88
100
101
113
125
126
114
102
103
115
116
117
116
128
127
139
140
128
129
141
142
130
131
119
107
95
94
82
83
71
59
47
46
34
33
32
31
19
20
8
9
21
22
10
11
23
35
36
48
60
72
84
96
108
120
132
144
143
144
1
7
109
21
81
28
117
63
68
107
96
87
143
24
137
101
48
130
50
45
95
121
13
47
77
123
31
81
28
75
32
34
90
49
67
124
53
89
127
16
26
34
20
27
31
70
32
58
126
52
90
121
110
38
66
59
89
37
19
92
55
36
36
98
20
39
76
97
65
119
103
61
44
13
113
47
106
40
19
61
107
14
124
73
9
114
22
116
76
128
54
55
57
21
91
123
17
82
5
4
38
50
131
93
72
4
74
68
67
16
29
10
108
141
122
83
64
111
141
25
63
88
77
15
35
10
140
69
42
2
103
26
80
138
99
135
17
8
106
49
2
80
39
133
86
11
51
139
11
25
134
24
66
53
84
143
18
137
104
115
73
69
35
98
75
46
144
104
115
33
8
102
122
72
56
51
108
125
116
136
135
78
71
79
27
33
65
46
78
6
139
92
43
130
48
83
88
30
113
138
132
29
62
84
99
118
110
126
62
7
45
64
136
85
30
57
6
144
105
120
131
15
52
3
94
112
102
14
96
85
70
37
97
87
58
111
129
127
117
22
100
142
41
43
12
12
133
120
56
119
44
71
42
94
140
74
142
93
112
5
82
118
60
125
59
114
101
91
95
128
23
86
132
105
109
129
3
134
54
40
1
18
100
23
60
41
79
9
45
78
8
77
9
22
112
67
34
133
100
86
128
142
83
53
137
141
82
48
114
114
107
63
62
26
133
135
42
64
31
109
131
85
139
96
75
21
127
17
135
55
140
138
16
128
77
36
65
5
143
15
50
43
76
71
131
108
45
124
66
31
27
51
24
129
92
119
62
99
61
98
97
26
72
8
137
144
85
13
93
25
21
71
136
14
5
11
86
29
2
144
47
14
6
7
65
143
41
60
3
35
40
2
116
10
69
81
9
73
141
108
17
112
49
102
81
29
68
121
52
88
125
18
92
98
23
89
140
88
76
130
120
123
57
103
115
70
69
33
106
3
1
40
46
130
101
110
100
134
55
37
97
91
42
60
28
95
116
30
50
38
70
4
105
132
109
51
104
118
127
56
33
59
134
113
1
99
101
7
39
87
94
126
11
12
12
103
84
39
107
37
117
138
136
79
30
61
82
59
36
74
95
58
74
120
72
44
73
80
104
15
20
4
126
66
67
78
115
44
111
16
119
54
68
90
52
93
79
83
90
53
142
22
118
96
57
102
24
58
89
27
35
111
32
20
84
64
10
25
19
32
75
124
139
18
121
91
132
43
13
6
47
23
122
125
80
122
87
49
105
34
123
106
63
46
41
48
56
38
54
129
110
28
19
113
94
117
1
2
14
26
25
13
1
2
3
15
16
17
29
41
42
54
66
67
68
69
70
58
57
45
46
47
59
60
72
71
83
84
96
95
107
106
118
119
120
108
96
84
72
60
48
36
35
23
24
12
11
10
22
34
33
21
9
8
7
19
31
30
18
6
5
4
3
15
27
28
40
52
64
76
88
89
90
78
77
65
53
52
51
39
38
37
49
61
62
74
73
85
86
98
110
109
97
85
73
61
49
50
62
63
75
87
99
100
101
102
114
126
125
137
138
139
140
128
116
117
129
141
142
143
131
130
118
117
105
104
92
91
103
115
127
139
138
137
136
124
123
122
121
133
134
135
136
124
112
113
101
102
90
89
77
65
53
54
55
56
44
32
20
8
9
21
33
45
57
69
81
80
79
78
66
67
79
91
103
104
116
115
114
113
125
126
127
128
140
141
129
130
142
143
144
132
144
132
131
119
120
108
107
106
94
95
83
71
59
47
48
36
35
23
24
12
11
10
22
34
46
58
70
82
94
82
81
93
105
93
92
80
68
56
55
43
42
41
29
30
31
43
44
32
20
19
7
6
18
17
5
4
16
28
40
39
27
26
14
13
25
37
38
50
51
63
64
76
75
87
88
100
112
111
99
111
110
122
123
135
134
133
121
109
97
98
86
74
144
132
131
130
142
143
144
132
120
119
107
95
94
93
81
80
79
67
55
43
31
32
44
45
33
21
20
8
7
19
18
6
5
17
16
28
27
15
3
4
5
6
7
8
9
10
22
23
11
12
24
36
35
34
46
47
48
60
72
71
70
82
83
84
96
108
120
119
118
106
105
104
103
102
101
89
77
78
90
91
92
104
116
117
129
141
140
139
127
126
138
137
125
124
123
135
136
137
138
139
140
128
127
115
114
113
112
100
88
76
75
74
86
85
73
61
49
50
51
39
38
37
25
13
14
26
27
39
40
52
53
65
64
63
62
61
73
85
97
98
110
122
134
133
121
109
97
98
99
87
88
76
77
89
90
91
92
80
68
56
57
58
59
60
48
47
46
45
44
43
42
54
66
78
79
67
66
65
64
52
51
63
75
87
86
74
62
50
49
37
38
26
25
13
1
2
1
2
14
15
3
4
16
28
29
17
18
19
20
21
9
10
22
23
11
12
24
36
35
34
33
32
31
30
29
30
42
41
40
41
53
54
55
56
68
69
81
93
94
82
70
69
57
58
59
71
72
84
83
95
96
108
107
106
105
117
118
130
131
143
142
141
129
128
116
115
103
102
114
113
101
100
99
111
112
111
123
122
110
109
121
133
134
135
136
124
125
126
59
95
138
77
74
135
80
109
4
82
31
137
96
14
116
78
58
110
125
96
56
12
69
144
129
112
123
59
111
136
140
48
25
35
71
61
120
21
92
94
46
20
32
66
31
121
103
100
129
73
55
26
18
11
64
33
15
83
68
130
12
110
127
86
1
17
85
67
62
58
52
124
122
44
16
140
19
143
68
39
78
50
112
43
17
114
48
104
62
21
116
109
32
95
76
24
139
125
23
28
84
6
22
97
119
115
89
136
15
105
94
97
106
60
98
86
134
30
34
106
102
84
36
55
119
46
128
91
72
101
25
76
39
117
56
103
81
13
40
52
83
144
89
88
24
41
82
16
131
107
126
64
8
92
91
11
14
75
115
9
47
113
73
6
132
27
3
53
7
28
101
22
139
132
45
114
63
44
9
66
108
49
35
87
69
42
85
100
13
54
118
135
75
113
128
108
20
70
38
37
3
18
2
51
77
37
142
60
74
133
79
127
7
137
117
42
57
104
50
93
134
99
36
71
72
142
63
10
143
5
111
61
65
19
124
67
81
98
70
99
130
138
54
93
51
57
2
105
107
27
141
45
90
121
8
102
29
65
120
118
79
38
133
141
126
122
49
1
47
131
41
33
88
30
80
29
43
90
26
87
23
10
4
5
123
40
53
34
61
44
6
25
46
63
46
37
94
17
57
113
78
131
71
31
36
120
40
2
104
1
45
60
22
60
28
130
76
39
82
10
64
137
95
139
3
122
94
140
11
72
63
54
97
83
135
98
73
14
131
32
100
124
127
141
137
105
130
123
95
48
101
111
37
4
98
85
68
4
22
59
43
16
84
26
85
88
111
134
26
68
67
120
3
13
34
50
106
107
88
69
92
92
101
21
42
17
114
89
52
113
34
49
128
28
141
83
20
47
118
116
127
76
65
102
5
64
1
118
61
57
91
51
75
33
79
109
66
29
7
129
119
144
74
47
112
103
23
36
115
65
71
69
121
142
133
32
132
20
77
52
15
78
119
114
23
56
81
96
108
103
136
2
82
24
8
5
122
7
90
86
116
75
136
19
51
90
25
9
31
49
91
125
110
70
79
53
13
38
12
93
102
109
99
55
27
62
62
16
126
117
128
87
41
33
14
123
40
48
15
143
73
117
72
108
139
35
54
70
35
53
19
8
144
80
44
140
97
29
77
24
11
143
134
39
74
105
99
12
138
124
138
81
6
84
30
10
55
43
58
121
104
132
96
93
41
135
59
38
125
18
86
129
89
45
58
18
9
66
21
56
42
106
80
115
133
67
126
107
142
110
100
30
27
50
87
112
12
11
10
9
8
20
21
22
23
24
36
35
34
46
45
44
56
55
43
42
41
29
30
18
6
5
17
16
4
3
2
14
26
38
37
49
50
51
52
53
65
64
76
77
78
79
91
90
102
103
104
92
93
81
80
68
67
66
54
53
52
40
28
27
15
3
4
5
6
7
19
31
32
33
45
57
58
70
69
57
58
59
60
48
47
46
34
33
32
44
43
42
41
40
39
51
63
75
74
86
98
97
109
110
111
99
87
88
89
101
100
112
113
125
124
136
135
123
122
134
133
121
109
97
85
73
61
62
63
64
76
88
89
101
100
112
113
114
115
127
126
138
139
140
141
129
128
116
117
118
119
107
95
94
106
105
93
94
82
83
84
96
108
120
132
144
143
131
130
142
141
129
130
142
143
144
132
131
119
120
108
107
106
118
117
105
104
92
91
103
115
116
128
140
139
127
126
114
102
90
78
77
65
66
54
55
56
68
67
79
80
81
69
70
82
83
95
96
84
72
71
59
71
72
60
48
47
35
36
24
12
11
23
22
10
9
21
20
8
7
19
31
30
18
17
16
15
14
2
1
13
1
13
25
26
25
37
49
61
73
85
86
98
110
122
121
133
134
135
136
137
138
137
125
124
123
111
99
87
75
74
62
50
38
39
27
28
29
1
2
14
26
25
37
49
61
73
85
97
109
110
98
99
100
88
89
101
113
114
126
138
139
140
128
129
141
142
130
131
143
144
132
120
108
107
106
105
93
92
104
116
117
118
119
120
108
96
95
94
82
81
80
79
91
103
102
90
78
77
76
64
63
75
87
86
74
62
50
51
52
40
28
29
17
5
6
18
19
7
8
20
21
9
10
11
23
35
36
48
60
72
84
83
71
59
47
46
45
44
43
31
32
33
34
22
10
9
8
7
6
5
4
3
15
16
28
27
39
38
37
49
50
51
63
64
65
66
67
55
54
42
30
18
19
20
21
22
34
33
32
31
43
44
56
57
58
70
69
68
80
79
78
77
76
88
100
112
111
123
122
134
135
136
124
125
137
138
139
127
126
125
137
136
124
123
135
134
133
121
133
121
122
110
109
97
85
73
61
62
74
75
87
86
98
99
111
112
113
101
89
90
102
114
115
127
128
140
141
129
117
116
115
103
91
92
104
105
106
118
130
142
143
144
132
131
119
107
95
96
84
72
71
83
82
94
93
81
69
70
58
59
60
48
36
24
12
11
12
24
23
35
47
46
45
57
56
68
67
55
54
66
65
53
41
40
39
38
26
27
15
14
13
25
13
1
2
3
4
16
17
29
30
42
41
53
52
