##Rat 3 Day 6
 ##rewards
127
116
38
##Vertices
52
81
31
98
110
113
91
80
142
120
45
134
51
36
2
47
73
4
10
105
121
26
114
101
76
29
75
8
26
51
75
55
43
140
44
133
117
107
79
117
109
2
23
48
22
119
143
19
93
129
70
48
132
89
106
132
46
144
78
84
42
76
94
99
97
90
38
7
34
18
52
141
36
57
78
84
141
29
14
121
96
129
94
59
98
118
64
19
20
49
35
68
40
137
131
42
128
11
54
110
100
46
32
135
99
17
95
108
127
37
57
6
71
111
10
61
45
59
27
12
96
123
77
68
74
136
91
69
87
28
107
85
115
56
49
77
1
130
58
3
20
32
125
130
47
55
71
103
80
21
6
112
24
5
139
89
43
115
97
79
108
22
53
72
63
106
100
118
4
21
70
90
60
62
14
116
112
92
86
60
34
61
1
95
83
105
33
127
3
86
25
5
30
138
9
102
125
119
53
63
88
114
102
74
30
93
64
123
13
82
82
13
8
116
109
124
142
128
103
126
122
56
134
54
9
39
104
24
66
35
104
92
81
7
101
138
33
25
11
83
126
73
144
39
120
50
87
41
65
88
15
137
50
16
62
135
17
37
67
28
140
31
38
143
111
18
23
131
27
67
133
69
40
12
124
139
85
15
113
72
136
58
122
66
44
65
41
16
92
118
131
134
72
138
63
130
22
128
38
73
88
12
61
127
19
67
36
77
144
11
30
126
117
102
72
131
124
98
30
73
9
64
37
27
103
141
36
45
55
67
41
35
76
20
118
129
68
39
87
6
38
34
34
19
56
132
59
42
85
89
47
46
104
113
75
57
139
86
122
76
70
115
101
66
82
107
100
85
65
23
143
92
141
62
33
1
33
32
125
21
115
60
69
90
136
4
10
58
74
50
78
122
94
68
28
137
105
23
25
75
13
136
53
99
121
91
111
137
106
25
135
108
95
2
52
100
61
99
48
129
119
140
103
71
142
89
91
39
87
116
22
43
119
37
113
15
9
29
63
60
46
80
139
74
55
17
134
65
51
52
16
84
48
5
56
78
114
64
53
50
31
44
66
6
3
21
97
135
130
110
2
81
5
54
126
144
31
44
28
110
18
143
84
24
13
107
79
125
29
112
27
133
51
58
111
90
43
117
77
7
93
83
132
142
123
71
97
128
120
62
93
86
57
101
121
106
94
109
14
1
138
127
26
54
120
40
70
18
83
3
15
98
81
4
112
20
35
80
124
42
24
123
47
17
49
69
116
40
26
7
133
109
8
95
82
105
108
14
12
96
96
41
45
88
59
104
102
10
140
8
49
16
32
79
11
114
144
143
131
119
118
106
94
93
92
104
116
115
127
139
140
128
129
141
142
130
118
117
105
106
107
108
96
84
83
71
72
60
59
58
46
47
35
23
22
10
9
21
20
8
7
19
18
30
31
43
42
41
29
17
16
4
3
15
27
28
40
39
51
50
38
37
49
61
62
63
64
76
75
74
73
85
86
98
97
109
110
122
123
135
134
133
121
109
97
85
73
61
49
37
25
26
14
13
1
2
3
4
5
6
7
8
9
10
11
12
24
36
48
60
72
84
96
95
83
82
70
69
57
45
33
34
22
21
20
32
44
56
68
80
81
69
68
67
66
78
79
91
103
102
90
89
88
87
99
100
101
113
125
137
136
124
112
111
110
98
86
74
62
50
51
52
53
65
77
78
90
89
101
113
114
126
125
137
138
139
138
126
127
115
114
102
103
91
79
67
66
65
77
76
88
100
112
124
136
135
134
133
121
122
123
111
99
87
75
63
64
52
40
39
38
26
25
13
1
2
14
15
27
28
16
17
5
6
18
19
31
43
42
30
29
41
53
54
55
54
55
56
57
58
46
45
44
32
33
34
35
23
11
12
24
36
48
47
59
71
70
82
94
93
81
80
92
104
105
117
116
128
140
141
129
130
142
143
144
132
131
119
120
132
120
108
107
95
133
121
122
123
111
112
113
101
89
88
87
75
74
73
85
86
98
97
109
110
111
99
100
112
124
136
137
138
126
127
139
140
128
116
117
129
130
131
119
120
108
107
95
96
84
83
71
70
82
81
69
57
58
59
47
48
36
35
34
46
45
33
32
20
21
9
8
7
19
31
43
42
30
18
6
5
17
16
4
3
15
14
26
25
13
1
2
3
4
5
6
7
8
9
10
22
23
11
12
24
36
48
60
72
84
96
108
120
132
144
143
142
141
140
139
138
137
125
126
114
115
103
104
105
106
118
119
107
95
94
93
92
91
90
102
103
91
79
67
66
78
77
76
64
65
53
41
29
28
40
52
51
50
49
37
38
39
27
15
16
17
18
19
20
32
44
56
55
54
66
65
53
52
51
63
62
50
49
61
73
61
62
74
75
63
64
76
77
78
79
67
55
54
42
41
40
39
38
37
25
13
1
2
14
26
27
28
29
30
31
43
44
45
33
21
22
10
11
12
24
23
35
34
46
47
59
60
72
71
83
82
81
69
70
58
57
56
68
80
68
80
92
104
116
117
105
93
94
106
118
130
131
132
144
143
142
141
129
128
127
115
114
113
101
102
90
89
88
100
99
87
86
85
97
98
110
109
121
133
134
122
123
135
134
135
136
124
125
30
41
98
6
69
48
128
79
83
141
18
102
94
59
93
87
43
42
9
73
24
114
62
14
9
13
91
139
28
30
110
39
109
96
48
55
64
16
131
5
65
57
106
21
126
136
116
21
126
82
19
112
114
81
22
90
97
14
121
80
101
75
15
34
37
95
101
117
115
122
26
11
35
133
113
16
20
56
57
103
106
122
142
76
66
137
108
38
68
143
32
4
33
42
18
45
132
100
29
135
123
50
36
102
8
77
127
2
86
142
107
129
19
70
141
125
65
95
130
120
144
111
28
140
89
70
116
61
59
60
27
139
47
11
144
33
32
86
12
118
67
15
54
103
24
76
94
44
99
80
79
84
4
124
138
125
136
71
63
105
90
49
13
140
134
143
92
124
117
72
49
135
1
75
77
31
120
36
137
44
129
34
119
25
72
108
89
31
47
113
43
55
85
87
2
88
131
20
105
134
51
100
74
104
10
6
1
85
78
39
68
83
45
112
10
93
118
26
84
119
23
40
17
78
53
37
60
82
41
53
12
52
104
56
29
52
58
110
3
109
111
25
81
3
107
99
50
17
54
40
74
132
64
123
61
133
35
38
73
62
128
58
66
7
46
63
27
130
71
127
138
8
67
121
23
51
115
98
92
46
5
91
69
7
88
22
97
96
44
69
18
87
113
56
101
105
73
28
141
39
85
67
51
125
45
132
140
79
60
36
40
120
15
136
134
84
12
41
17
97
104
77
20
88
13
102
87
143
3
115
100
77
82
47
9
33
96
91
89
39
108
25
107
63
48
26
121
117
60
78
72
92
94
46
17
26
129
76
58
20
138
7
44
16
116
25
75
137
32
64
5
142
100
27
89
80
46
24
118
123
117
16
126
22
15
128
1
114
125
85
8
97
101
14
36
66
98
4
12
139
50
136
86
131
61
74
42
111
7
35
56
55
115
4
38
98
142
53
93
81
80
58
62
88
122
2
5
122
24
31
114
9
71
48
11
112
40
66
19
112
94
92
54
18
90
75
62
96
14
41
38
54
128
29
35
65
23
51
22
47
131
43
61
83
33
11
118
21
141
103
69
57
68
133
27
74
120
42
91
45
109
130
144
127
130
126
119
134
10
19
121
113
49
53
99
140
124
103
81
59
111
55
6
95
50
104
70
68
52
34
70
64
135
37
123
6
83
72
133
57
84
65
73
32
119
10
106
108
31
110
29
138
63
143
76
8
95
110
28
82
78
106
109
52
127
59
49
34
105
116
107
102
129
86
43
79
139
71
135
132
93
30
30
21
3
2
90
1
37
124
144
137
23
99
67
13
1
2
3
15
16
4
5
17
29
30
42
54
66
67
68
80
92
104
103
102
101
100
99
87
88
76
77
65
53
52
51
63
64
76
75
74
62
61
73
85
97
98
110
122
121
133
134
135
123
111
112
124
136
137
138
139
127
128
129
130
118
117
105
106
107
95
83
84
96
108
120
119
131
143
142
141
140
139
138
126
114
113
125
137
136
135
123
124
125
126
114
115
116
117
118
106
94
93
81
82
70
71
72
60
59
47
48
36
24
12
11
10
9
21
33
32
20
19
18
6
7
8
9
10
22
23
35
34
46
45
44
43
55
56
57
69
70
58
57
56
44
32
31
43
55
67
79
78
90
89
77
78
66
54
42
41
40
28
27
39
38
50
49
37
25
26
14
13
25
37
38
26
27
15
14
13
1
2
3
4
5
17
16
28
40
39
51
52
64
65
53
41
29
30
31
19
18
6
7
8
20
21
22
34
33
45
46
58
59
47
35
23
11
12
24
36
48
60
72
71
83
84
96
95
107
108
120
119
131
132
144
132
144
143
142
130
129
141
140
128
127
115
116
104
105
93
94
82
81
69
68
80
79
91
92
91
103
102
90
89
101
113
112
100
88
87
75
63
62
50
49
61
73
74
86
85
86
98
99
111
110
109
97
109
121
133
134
122
12
24
36
35
47
48
60
59
58
70
69
68
67
79
91
90
89
88
76
64
52
40
28
29
41
42
54
55
56
44
32
31
43
42
30
18
19
7
6
5
4
16
15
14
2
1
13
25
26
27
39
38
37
49
61
73
74
86
98
110
111
99
100
112
124
125
126
138
137
136
135
123
122
121
109
97
85
73
61
62
63
51
50
49
37
25
26
38
50
62
63
75
87
99
111
112
113
101
102
114
115
127
139
140
128
129
141
142
143
144
132
120
108
107
106
94
95
83
71
72
84
96
108
120
119
131
130
118
117
105
93
81
80
92
104
103
115
116
104
92
93
94
82
81
80
79
78
66
65
53
54
66
67
68
69
57
45
46
34
33
21
20
8
9
10
22
23
11
10
9
21
22
34
35
23
11
12
24
36
48
60
59
47
46
45
33
32
44
43
55
56
57
58
70
82
83
71
72
84
96
95
107
119
118
106
105
117
116
128
129
130
131
132
144
143
142
141
140
139
127
126
138
137
125
124
136
135
123
122
134
133
134
133
121
109
110
98
97
85
86
74
75
87
88
100
101
113
114
102
103
91
90
78
77
89
77
76
64
65
53
52
51
39
40
41
29
30
31
19
20
8
7
6
18
17
5
17
16
28
27
15
3
4
3
2
1
13
14
93
66
129
113
32
99
126
107
119
51
28
105
119
123
100
91
56
121
100
59
36
128
36
79
143
20
57
7
44
137
3
23
53
61
39
104
102
6
103
44
49
107
61
5
19
77
22
133
104
54
65
76
116
109
43
37
6
27
50
144
13
19
4
125
102
128
31
22
4
143
32
17
78
24
95
13
124
91
50
21
11
30
47
25
49
81
87
62
10
55
15
23
52
2
126
45
87
136
105
114
86
79
34
132
80
114
52
122
71
38
69
144
96
9
134
109
97
121
108
122
18
30
65
112
75
130
58
134
106
85
129
12
76
123
33
101
142
120
135
66
88
56
16
142
53
125
41
64
68
72
17
77
42
81
88
110
60
84
27
16
101
68
80
82
67
86
124
103
58
48
3
95
118
118
120
93
2
113
34
29
40
130
75
112
99
115
140
133
26
5
11
94
47
69
31
24
62
116
98
55
28
137
106
135
85
64
115
94
8
46
108
96
25
138
15
111
35
14
71
136
117
59
20
78
14
35
51
140
90
138
70
73
54
82
98
10
74
141
131
97
41
73
127
39
92
139
63
89
72
92
111
1
139
46
131
83
37
89
60
117
63
48
127
9
40
141
18
45
67
1
90
70
12
7
26
110
21
33
84
38
74
29
83
43
57
132
8
42
141
125
134
18
111
73
20
30
103
40
86
138
110
128
82
78
4
57
66
119
117
5
43
21
112
50
98
139
1
96
131
113
70
57
29
1
120
10
59
25
114
122
31
135
73
115
53
74
41
87
131
35
107
64
116
129
137
124
104
75
77
109
69
46
55
102
113
72
66
39
114
117
24
17
104
2
144
140
9
142
56
17
3
94
107
26
14
105
13
40
12
37
54
79
144
99
12
19
123
68
26
19
98
97
118
42
45
80
81
123
91
44
25
136
118
68
54
31
3
39
32
42
108
50
139
23
64
86
140
30
62
119
61
60
27
79
95
102
132
65
92
103
108
67
47
58
71
133
21
5
127
23
36
77
44
34
49
96
90
35
92
22
101
109
61
63
121
75
6
126
138
6
33
59
71
85
29
7
93
15
11
83
2
14
116
43
46
38
120
47
67
74
55
132
65
112
28
100
97
48
137
69
53
52
142
105
48
95
32
106
125
82
141
106
85
72
56
143
49
84
60
24
122
134
70
28
135
89
133
45
84
78
99
130
129
20
88
110
80
38
115
76
37
9
93
81
128
15
62
87
143
83
33
136
101
130
91
8
126
51
27
8
18
16
41
127
16
13
58
94
52
76
51
7
10
36
100
111
11
89
121
22
90
124
34
4
88
63
144
132
120
108
96
95
94
82
83
84
72
71
70
69
68
80
81
93
105
106
107
119
131
143
142
130
118
117
116
128
140
141
129
117
116
115
114
102
103
104
92
91
90
78
79
67
66
54
42
41
40
52
53
65
64
63
51
50
62
61
49
37
25
26
38
39
27
28
16
4
3
2
14
15
3
4
5
17
29
30
18
19
20
21
9
8
7
6
5
17
16
28
29
41
40
39
51
63
75
74
73
85
97
98
86
87
99
100
101
89
77
76
88
100
112
113
125
126
127
139
138
137
136
124
123
135
134
122
121
109
110
111
112
113
101
102
103
104
105
93
94
82
81
69
57
45
33
32
31
43
55
56
44
32
33
34
46
58
59
47
48
36
35
23
24
12
11
10
22
34
46
47
35
36
24
12
11
23
22
10
9
21
20
8
7
6
18
19
31
30
42
54
53
52
64
65
77
89
90
78
66
67
79
91
92
80
68
56
55
43
44
45
57
58
70
71
59
60
48
60
72
84
83
95
96
108
120
119
107
106
118
130
131
132
144
143
142
141
129
128
140
139
127
115
114
126
138
137
125
124
136
135
123
122
110
111
99
98
86
87
88
76
75
74
62
50
38
26
27
15
14
13
1
2
1
13
25
37
49
61
73
85
97
109
121
133
134
133
1
2
3
4
5
17
29
30
18
6
7
19
31
43
55
54
42
41
40
28
16
15
14
13
25
26
27
39
51
50
49
37
38
39
51
63
75
76
64
52
53
65
77
78
66
67
79
80
81
93
105
104
92
91
103
115
116
128
127
139
140
141
142
130
129
117
118
106
107
108
120
132
131
119
120
108
96
95
94
82
83
71
59
47
48
60
72
84
96
95
107
106
94
93
105
117
116
115
114
126
138
137
136
124
125
113
112
100
88
89
90
102
101
100
99
87
86
74
62
61
73
85
97
98
110
109
121
122
134
135
123
111
99
87
88
76
64
52
40
41
29
30
42
43
44
45
46
58
70
69
68
56
57
58
46
34
33
32
20
21
9
10
22
23
11
12
24
36
35
34
33
21
22
10
11
12
24
23
35
36
48
47
59
60
72
84
83
71
70
82
81
80
92
104
103
91
90
89
77
78
79
67
66
65
53
54
55
56
68
69
57
45
44
32
31
19
20
8
9
8
7
6
18
17
5
4
3
15
16
28
27
26
14
2
1
13
25
37
38
50
49
61
62
63
75
74
73
85
86
98
97
109
110
122
123
111
112
124
125
113
101
102
114
126
127
128
129
130
118
119
131
143
144
132
144
143
142
141
140
139
138
137
136
135
134
133
121
133
