##Rat 2 Day 5
 ##rewards
18
29
107
##Vertices
133
134
122
121
109
110
98
97
85
86
87
99
100
88
76
75
74
73
61
49
50
62
63
51
39
27
28
16
17
29
41
53
65
64
52
40
39
38
37
25
26
14
13
1
2
3
4
5
6
7
19
18
30
42
54
55
67
79
91
90
102
103
104
105
93
81
80
68
69
70
58
57
45
46
47
59
60
48
36
24
12
11
23
35
34
33
21
22
10
9
8
20
32
44
56
55
43
31
30
42
43
31
32
44
56
68
69
81
82
83
95
107
119
131
130
129
141
140
128
127
115
116
117
118
106
94
93
92
104
105
106
94
82
70
71
72
84
96
108
120
132
144
143
142
141
140
139
138
137
125
126
114
113
112
111
123
135
136
124
112
111
99
87
75
76
77
89
101
113
114
115
116
117
129
128
127
139
138
126
125
137
136
124
123
135
134
133
121
122
110
109
97
98
86
85
73
74
62
61
49
50
51
63
64
65
77
78
79
80
92
91
103
102
101
100
88
89
90
78
66
67
66
54
53
52
40
41
29
28
27
15
16
15
14
26
38
37
25
13
1
2
3
4
5
17
18
6
7
19
20
8
9
21
22
10
11
12
24
23
35
36
48
47
46
34
33
45
57
58
59
60
72
71
83
84
96
95
107
108
120
119
131
132
144
143
142
130
118
144
132
131
143
142
130
129
141
140
128
116
117
105
104
103
115
127
139
138
137
125
126
114
113
112
111
99
98
86
87
88
89
90
102
101
100
112
124
136
135
123
122
134
133
121
109
97
85
73
61
62
74
75
76
77
65
66
67
68
80
81
69
57
45
44
43
55
54
42
30
29
41
40
28
16
17
5
4
3
2
1
13
14
15
27
39
38
26
25
37
49
50
51
52
53
65
64
63
75
76
64
63
51
52
53
54
42
43
31
19
20
21
22
23
35
47
48
60
59
71
70
58
46
34
33
32
44
56
57
45
33
32
31
30
18
6
7
8
9
10
11
12
24
36
48
60
72
84
96
95
83
82
94
106
118
119
120
108
107
106
118
117
116
115
103
91
92
93
94
82
70
58
46
47
59
71
72
84
83
95
96
108
107
119
120
132
144
143
131
130
142
141
129
128
140
139
127
126
138
137
125
113
114
102
90
91
79
67
55
56
68
69
81
93
105
104
92
80
79
78
66
78
77
89
101
100
88
87
99
111
110
98
110
122
123
124
136
135
134
133
121
109
97
85
86
74
73
61
62
50
49
37
38
26
25
13
1
2
14
15
3
4
16
28
27
39
40
41
29
17
5
6
18
19
7
8
20
21
9
10
22
23
11
12
24
36
35
34
33
1
73
144
25
107
71
136
134
43
119
11
11
103
26
138
23
30
34
15
84
5
10
98
88
45
6
54
52
94
69
13
87
52
62
58
128
86
129
91
37
44
123
58
143
122
75
126
40
70
20
13
89
111
50
142
12
109
83
10
137
7
97
72
1
60
26
142
48
114
4
110
132
37
133
131
16
139
47
106
5
75
80
106
89
113
64
124
97
126
109
19
118
118
83
116
112
22
63
63
56
70
99
46
79
141
141
65
18
140
102
28
108
91
41
136
81
78
31
80
115
45
99
140
101
84
68
39
40
66
43
111
73
76
21
3
117
130
107
77
36
133
95
53
49
93
15
14
129
51
7
42
95
46
98
100
90
79
60
119
29
78
71
114
27
123
54
116
47
27
67
68
24
29
19
48
122
35
76
81
59
17
23
51
4
42
44
39
2
96
2
8
105
67
74
93
143
92
6
85
87
120
125
115
85
77
113
121
64
130
50
41
9
33
94
38
127
104
21
69
22
30
36
31
134
24
59
124
96
110
82
139
104
18
62
61
117
56
131
112
132
138
14
65
28
55
12
82
66
101
135
32
137
9
72
105
53
34
20
86
125
74
55
35
57
144
8
102
108
61
90
128
57
92
32
88
127
103
3
135
16
121
38
25
100
49
17
120
7
44
69
38
53
116
41
26
27
100
2
143
93
21
111
46
120
14
24
20
52
41
46
114
62
29
100
72
141
108
141
83
126
49
9
58
82
35
36
115
97
134
59
28
95
54
48
64
64
30
5
108
56
79
119
143
37
57
77
113
138
97
3
6
52
36
15
7
113
78
90
105
122
77
125
76
90
93
61
87
83
65
22
98
132
33
22
79
126
103
138
140
134
130
123
94
62
103
98
2
68
18
112
114
55
42
40
118
50
144
91
128
29
38
101
84
13
12
81
21
1
34
132
66
4
5
58
67
144
30
51
121
23
10
37
18
32
94
131
69
127
42
96
56
99
95
8
137
80
110
23
47
74
34
70
49
40
140
25
43
87
136
89
20
124
68
16
104
133
31
106
122
129
32
118
11
139
142
70
109
91
10
28
9
33
71
44
107
80
112
106
75
110
43
27
135
104
78
8
57
50
105
111
3
61
131
89
24
31
1
92
11
17
63
96
17
137
51
16
6
25
74
133
4
19
85
136
127
39
125
39
71
26
19
14
130
60
115
53
124
86
135
55
81
88
60
45
48
139
117
123
84
59
102
45
107
88
73
73
12
67
102
65
15
142
54
82
13
85
63
66
117
129
75
120
72
121
86
92
116
35
47
119
128
76
99
101
109
1
13
25
37
38
26
27
15
14
2
3
4
5
6
18
17
29
28
16
4
5
17
29
30
31
19
20
32
33
21
9
8
7
6
18
30
42
43
55
67
66
65
64
76
75
87
88
100
99
111
112
124
123
122
110
109
121
133
134
135
136
137
138
139
140
141
142
143
144
132
120
119
131
130
118
106
105
93
81
80
92
91
90
89
77
78
79
91
103
104
116
128
129
117
116
115
114
113
101
102
103
115
127
126
125
137
136
124
112
111
99
98
97
85
73
74
86
87
75
63
51
50
49
61
62
63
64
52
40
41
53
54
42
43
44
56
68
69
70
82
83
71
72
60
59
58
57
45
46
47
48
36
35
23
22
10
11
12
24
36
48
60
72
84
96
95
94
82
81
80
79
78
90
89
77
76
88
100
101
102
114
113
125
126
138
139
127
128
140
141
129
117
105
104
92
93
94
95
107
108
120
132
144
143
142
130
131
119
118
106
107
108
96
84
83
71
59
58
70
69
57
45
46
47
35
34
33
34
22
23
24
12
11
10
9
21
20
8
7
19
31
32
44
56
68
67
55
54
66
65
53
41
40
28
16
15
3
2
1
13
14
26
25
37
49
61
73
85
97
109
121
133
134
135
123
122
110
98
86
74
62
50
38
39
27
39
51
52
12
11
10
9
21
22
34
35
23
24
36
48
60
72
71
59
58
46
47
48
60
59
58
70
82
83
95
94
106
107
108
96
84
72
71
70
69
81
80
79
67
55
43
42
30
29
41
40
28
27
39
38
26
14
15
3
2
1
13
25
37
49
61
73
85
97
109
121
133
134
135
123
122
110
111
112
100
101
102
90
89
77
65
53
54
66
78
77
76
88
87
86
98
99
87
75
63
51
52
64
76
75
74
62
50
49
37
38
39
27
28
16
4
5
6
18
17
29
30
31
32
20
8
7
19
31
43
44
45
57
56
68
69
81
93
92
91
103
115
114
126
127
139
140
128
116
104
105
117
129
141
142
130
131
119
120
132
144
143
142
141
140
139
138
137
125
113
114
102
90
78
66
65
53
54
42
41
40
52
64
63
51
50
62
61
73
74
86
85
97
98
99
100
88
89
101
113
125
124
136
135
134
133
121
109
110
122
123
111
112
124
136
137
138
126
127
128
116
115
103
104
105
117
129
130
118
106
118
119
131
143
144
132
120
108
107
95
96
84
83
82
94
93
92
91
79
80
68
67
55
56
57
45
46
47
35
36
24
12
11
23
22
10
9
8
7
6
5
4
3
2
1
13
25
26
14
15
16
17
18
19
20
21
33
34
33
32
44
122
100
35
127
21
14
49
65
85
40
128
132
2
97
140
117
19
33
22
26
66
95
58
134
61
17
53
51
108
86
28
47
110
142
120
46
6
23
31
143
59
82
38
98
109
1
91
29
12
105
16
27
133
98
10
7
7
102
122
38
3
24
67
45
32
71
84
65
132
130
60
70
118
80
138
9
37
41
91
101
42
141
70
14
55
41
77
129
73
131
92
124
71
20
36
16
44
18
115
39
43
137
108
136
73
42
115
125
106
116
85
66
33
49
127
94
134
142
77
88
104
87
119
39
96
89
93
62
76
83
90
74
67
109
50
84
125
69
34
82
144
112
92
94
26
81
128
78
129
25
48
96
34
87
111
116
121
112
118
83
136
61
63
52
113
104
121
59
89
97
63
48
8
64
79
2
68
57
10
60
57
86
114
119
75
76
135
103
5
13
93
114
144
88
139
40
101
80
90
15
81
46
8
45
56
18
4
117
135
138
55
11
22
36
64
15
123
31
131
58
143
74
75
19
100
9
54
107
126
102
111
139
107
11
17
62
141
113
106
72
95
54
126
72
68
5
44
23
69
21
32
53
99
130
37
1
51
27
52
105
120
43
110
35
25
30
4
79
29
13
3
124
99
133
103
28
137
78
24
47
50
56
12
140
20
6
123
30
139
25
55
113
88
5
143
136
101
119
7
78
96
61
27
75
16
103
65
73
46
83
112
47
107
74
102
31
31
37
33
45
2
114
28
98
87
123
32
142
84
62
127
24
57
144
117
12
142
36
110
140
113
126
15
115
13
50
125
111
1
68
115
131
5
54
18
121
37
121
14
70
2
88
101
61
141
59
126
9
42
117
83
38
99
34
82
42
24
41
48
100
69
130
8
143
52
44
86
87
55
20
92
79
137
105
76
4
43
106
124
29
104
105
1
8
40
130
63
64
90
71
100
39
99
30
102
132
33
139
77
93
138
78
58
89
80
116
3
41
17
60
63
7
138
17
56
133
128
85
50
98
72
109
40
60
84
43
57
91
26
70
49
94
85
114
95
53
11
27
103
51
136
35
69
11
125
123
64
129
19
91
140
119
47
134
39
110
21
36
124
94
80
53
133
141
62
90
26
23
51
112
48
79
81
111
127
116
49
3
82
72
12
59
92
118
75
137
10
107
65
28
104
77
122
15
54
38
13
44
68
6
97
34
29
10
22
132
95
131
81
120
76
19
67
58
30
109
9
22
135
122
21
73
108
89
135
86
128
106
120
97
6
96
66
93
46
74
18
23
66
134
20
4
118
45
52
16
56
108
67
129
144
32
71
25
14
35
144
143
131
119
118
117
105
106
94
95
96
108
120
132
144
143
142
141
129
130
142
141
140
139
138
137
136
135
134
133
121
109
110
122
123
111
112
124
125
126
114
113
101
102
90
91
79
78
77
65
53
54
66
67
55
43
31
32
20
19
18
6
7
8
9
21
33
34
46
47
59
71
70
58
57
45
44
56
68
69
81
93
92
80
81
82
83
84
72
60
48
36
35
23
22
10
11
12
24
36
48
60
72
84
96
108
107
95
94
93
105
104
116
115
103
102
101
89
88
87
86
85
73
74
75
63
64
52
51
39
40
41
29
28
16
15
14
26
25
13
1
2
3
4
5
17
29
30
42
43
44
56
68
80
92
91
90
89
77
76
88
100
99
98
97
85
73
61
49
50
62
63
51
39
40
41
42
54
55
67
79
78
66
65
53
52
64
76
75
87
99
100
112
113
114
115
103
104
116
117
118
106
107
119
120
132
131
130
129
128
127
128
140
139
127
126
138
137
125
124
136
135
134
133
121
122
123
111
110
109
97
98
86
74
62
61
49
50
38
37
38
37
25
26
27
28
27
15
14
13
1
2
3
4
16
17
5
6
7
19
18
30
31
32
20
21
22
34
33
45
46
58
57
69
70
82
83
71
59
47
35
23
24
12
11
10
9
8
12
24
23
22
34
46
45
33
32
20
8
9
10
11
12
24
36
48
47
35
36
48
60
72
84
96
108
120
132
144
143
142
130
131
119
118
106
107
95
83
82
94
93
81
80
68
67
79
91
90
89
77
78
66
65
64
63
51
50
62
74
73
61
49
37
38
39
27
28
16
17
18
30
29
41
40
52
53
54
42
43
44
56
55
43
31
19
7
6
5
4
3
15
14
26
25
13
1
2
3
4
5
6
7
8
9
21
20
32
44
45
57
58
70
69
81
93
92
104
116
128
140
139
127
115
114
102
101
113
112
100
88
87
99
98
110
122
123
135
134
133
121
109
97
85
86
87
75
76
64
52
53
54
55
56
68
80
92
91
103
104
105
117
129
141
140
139
138
137
125
126
114
113
112
100
88
76
77
65
66
67
79
78
90
89
101
102
103
115
116
117
105
106
94
82
70
69
57
58
46
34
33
21
22
10
11
23
35
47
59
71
59
60
72
71
83
84
96
95
107
108
120
132
144
143
131
119
118
130
142
141
129
128
127
126
138
137
125
124
136
124
136
135
123
111
99
111
110
122
134
133
121
109
97
98
86
85
73
61
62
74
75
63
51
50
38
26
27
39
40
28
29
41
42
30
31
19
18
17
16
15
14
2
1
13
25
37
49
88
41
131
10
100
109
109
95
123
135
118
52
98
59
56
90
120
137
135
113
86
19
36
133
12
84
77
93
133
117
129
9
124
131
42
28
141
115
116
139
71
51
32
21
73
110
6
5
6
37
4
69
111
99
80
37
139
67
60
40
113
22
94
102
112
24
105
25
108
138
63
53
59
25
87
75
74
70
107
54
118
62
129
89
142
94
104
8
19
123
85
16
76
110
121
74
23
93
136
128
8
27
27
107
10
15
134
100
143
81
65
40
72
29
48
17
136
70
126
11
35
51
31
3
91
18
60
52
75
2
13
130
122
38
29
88
83
45
34
64
105
12
62
143
11
82
17
66
122
33
5
44
95
114
91
80
124
119
78
84
46
30
58
38
54
7
111
2
39
14
104
64
66
120
16
97
138
20
86
7
4
132
72
87
69
121
92
78
112
9
71
103
34
97
39
81
103
3
96
116
130
102
140
115
77
83
79
137
47
68
22
61
142
13
85
125
32
35
14
26
1
68
26
21
127
73
82
23
144
67
43
58
57
127
63
50
50
57
18
140
96
126
33
45
99
144
134
117
106
61
98
55
65
106
76
20
53
101
41
79
43
92
56
119
90
101
36
141
46
42
49
44
15
132
49
55
89
24
1
128
48
108
28
114
125
47
30
31
122
136
121
76
86
12
22
49
45
91
39
138
68
44
62
71
137
16
113
105
83
124
68
59
4
75
71
99
36
89
4
97
141
59
95
60
101
135
2
43
37
26
2
17
19
130
79
111
64
33
107
95
102
58
31
129
23
140
56
117
74
80
52
120
74
131
114
14
50
117
125
18
3
98
139
13
80
21
86
55
57
127
34
124
87
25
123
92
5
61
118
120
75
78
6
84
81
37
128
96
15
102
116
89
118
31
70
93
142
112
113
13
90
67
72
100
67
70
30
137
85
66
3
43
20
81
63
119
32
83
103
100
106
46
82
134
142
107
55
23
69
11
135
29
144
133
56
132
48
139
129
77
69
72
27
104
119
121
123
35
8
8
88
41
64
126
94
73
128
40
1
30
63
24
19
18
41
96
138
61
94
27
33
134
88
25
141
6
66
144
76
9
85
10
24
42
32
125
38
109
48
109
103
15
62
28
114
52
104
143
60
73
131
51
132
111
54
38
46
93
101
116
39
91
7
78
21
12
79
110
133
54
53
14
34
98
108
126
58
122
49
57
26
1
36
29
82
87
99
108
90
5
112
92
42
50
11
35
9
65
47
84
51
44
105
10
130
143
65
77
136
110
28
140
115
45
106
47
97
17
40
16
7
22
53
20
127
115
