##Rat 6 Day 20
 ##rewards
83
94
16
##Vertices
31
111
92
49
46
111
41
126
132
57
5
27
99
53
95
27
116
68
141
144
61
80
60
42
80
85
131
110
81
16
23
10
121
127
104
48
90
93
97
64
14
63
19
18
55
99
105
1
6
93
96
77
87
29
52
40
85
76
36
115
43
144
56
116
91
6
143
122
86
53
83
66
15
50
14
109
35
38
65
23
41
15
130
81
92
68
134
58
62
90
47
64
87
69
38
24
141
9
106
33
101
88
108
25
122
94
72
106
2
72
43
137
28
139
135
82
137
100
21
1
103
125
49
59
40
142
44
100
9
7
37
32
52
75
34
109
21
3
66
18
113
104
128
121
119
19
62
117
10
56
112
17
117
129
86
39
131
58
45
30
112
65
42
31
114
39
67
120
136
118
82
103
143
46
48
113
89
118
29
130
75
54
61
22
8
102
24
4
3
54
20
11
7
11
2
140
98
35
70
126
74
107
60
4
16
33
26
34
12
70
127
59
36
77
101
142
124
5
79
125
119
120
105
51
44
71
69
30
133
71
63
12
138
96
22
136
114
134
133
51
73
95
91
97
47
123
73
110
132
55
50
37
128
83
20
67
139
45
28
84
74
102
135
57
78
13
88
25
140
17
26
94
78
32
98
123
13
115
76
138
129
8
79
124
108
107
84
89
78
47
103
72
21
84
141
80
32
109
61
139
28
104
19
133
99
128
63
6
130
100
60
21
11
37
117
123
139
14
115
30
8
118
56
38
17
75
55
71
52
66
74
76
7
50
89
101
12
58
30
114
115
64
26
53
51
16
69
110
86
119
92
24
39
13
57
127
41
90
133
36
143
87
15
127
105
131
140
85
121
49
122
104
92
18
64
28
99
84
83
132
122
143
78
6
91
29
124
111
13
105
72
113
101
136
112
57
39
62
88
107
54
91
42
58
120
34
75
60
25
67
125
17
77
61
37
2
31
41
70
83
35
100
44
22
48
4
79
69
14
42
53
49
40
19
1
134
113
27
142
73
20
89
65
66
79
23
8
29
35
137
96
144
81
23
18
136
108
9
52
71
7
3
97
134
90
95
111
50
55
93
106
102
126
34
5
15
33
82
120
9
24
63
116
40
31
43
74
73
106
67
87
81
4
33
114
94
110
5
142
144
129
77
109
45
32
46
25
132
107
138
96
129
59
2
65
138
85
11
16
70
1
45
76
94
135
108
26
36
27
88
123
22
98
119
130
12
43
124
97
128
68
93
126
20
95
103
48
131
102
51
140
125
98
117
62
10
135
59
121
116
68
47
44
56
86
46
82
112
141
10
118
137
54
38
80
3
1
2
3
4
5
17
29
30
18
6
7
19
31
43
55
54
42
41
40
28
16
15
14
13
25
26
27
39
51
50
49
37
38
39
51
63
75
76
64
52
53
65
77
78
66
67
79
80
81
93
105
104
92
91
103
115
116
128
127
139
140
141
142
130
129
117
118
106
107
108
120
132
131
119
120
108
96
95
94
82
83
71
59
47
48
60
72
84
96
95
107
106
94
93
105
117
116
115
114
126
138
137
136
124
125
113
112
100
88
89
90
102
101
100
99
87
86
74
62
61
73
85
97
98
110
109
121
122
134
135
123
111
99
87
88
76
64
52
40
41
29
30
42
43
44
45
46
58
70
69
68
56
57
58
46
34
33
32
20
21
9
10
22
23
11
12
24
36
35
34
33
21
22
10
11
12
24
23
35
36
48
47
59
60
72
84
83
71
70
82
81
80
92
104
103
91
90
89
77
78
79
67
66
65
53
54
55
56
68
69
57
45
44
32
31
19
20
8
9
8
7
6
18
17
5
4
3
15
16
28
27
26
14
2
1
13
25
37
38
50
49
61
62
63
75
74
73
85
86
98
97
109
110
122
123
111
112
124
125
113
101
102
114
126
127
128
129
130
118
119
131
143
144
132
144
143
142
141
140
139
138
137
136
135
134
133
121
133
12
24
36
48
60
59
58
70
71
72
84
83
82
81
80
68
69
57
45
46
47
35
23
11
10
22
34
33
32
20
8
9
21
33
32
31
30
42
43
44
56
55
54
66
67
79
78
90
102
101
100
88
89
77
76
75
87
86
74
73
85
97
109
110
98
99
111
112
124
136
135
134
122
123
135
136
137
125
113
114
126
127
128
129
141
140
139
138
137
125
124
112
113
101
100
99
87
75
63
62
61
49
37
38
50
51
39
40
41
53
65
64
52
40
28
29
17
18
19
7
6
5
4
16
15
3
2
14
13
25
26
27
28
29
41
42
43
44
45
57
58
70
69
81
93
105
117
116
115
103
91
92
104
116
117
118
106
94
95
107
108
120
119
131
132
144
143
142
130
118
106
107
119
120
132
144
143
131
130
142
141
129
128
140
139
138
126
127
115
114
102
90
89
88
76
77
65
53
54
66
78
79
67
55
56
68
80
92
91
103
104
105
93
94
82
83
95
96
108
96
84
72
71
59
60
48
36
35
47
46
34
22
23
24
12
11
10
9
21
20
8
7
19
31
30
18
6
5
17
16
4
3
15
14
26
27
39
38
50
51
52
64
63
62
74
86
98
110
111
123
122
121
133
134
133
121
109
97
85
73
61
49
37
25
13
1
2
1
85
51
23
38
42
106
36
12
6
83
58
105
60
18
125
137
73
46
87
71
139
33
5
9
29
116
17
115
135
27
81
62
62
45
141
80
122
11
108
95
140
117
14
37
132
49
73
32
130
84
74
124
16
143
21
99
78
21
59
69
1
28
41
138
10
50
138
32
20
126
115
7
61
69
46
29
18
109
121
4
90
95
120
28
107
82
103
99
25
100
107
104
144
102
135
128
66
92
56
35
114
31
101
123
22
108
15
77
19
40
56
47
15
85
35
111
63
104
27
137
88
119
130
86
43
123
97
72
67
4
143
134
34
140
1
128
91
80
127
22
93
68
70
36
79
40
122
76
81
39
120
11
92
113
30
118
63
3
89
74
94
39
54
126
53
13
19
129
127
139
121
2
82
55
110
70
133
86
84
96
55
51
131
57
110
24
64
133
41
93
58
52
71
98
33
88
16
134
78
111
30
54
109
48
20
59
25
124
23
44
38
67
26
113
43
119
66
2
3
101
89
75
79
50
132
90
106
47
42
97
68
112
9
114
24
76
100
61
118
112
37
14
142
141
6
12
102
125
13
53
87
91
96
26
65
116
117
44
57
52
136
45
64
136
65
105
10
142
31
75
83
8
94
7
77
60
98
131
8
34
129
49
103
17
5
72
144
48
40
48
32
101
31
4
5
121
70
99
80
44
85
111
93
88
17
11
127
106
73
91
41
25
137
43
31
5
18
65
49
82
69
142
67
60
75
14
59
30
71
107
9
29
53
94
7
110
14
54
114
110
34
28
38
58
133
21
88
77
56
86
47
66
83
19
52
55
132
37
138
134
106
35
136
23
24
62
41
8
2
108
105
113
48
95
32
3
50
101
46
126
90
68
127
118
132
61
61
20
86
117
53
137
52
123
129
44
13
63
134
136
26
64
75
133
51
33
6
27
65
103
92
90
98
39
24
8
139
67
112
140
138
47
96
19
12
22
7
28
144
73
141
10
2
23
94
1
117
45
3
97
46
118
55
35
64
120
38
81
20
63
18
21
26
113
50
122
87
131
139
105
15
62
42
69
130
43
104
126
29
109
84
42
108
112
57
54
93
72
141
45
22
16
119
72
79
144
30
95
135
128
84
124
111
130
11
76
119
85
40
9
102
116
129
97
10
122
140
96
103
57
131
71
68
87
15
51
142
12
99
128
100
78
125
78
116
120
39
56
25
124
49
16
58
36
27
89
107
33
81
102
74
59
100
115
135
34
123
109
17
121
4
91
74
104
6
77
143
80
125
92
115
76
37
1
66
36
70
13
82
98
143
89
60
79
83
114
133
121
109
97
98
99
87
86
85
73
61
49
37
38
50
51
39
27
28
16
15
14
2
1
13
25
26
27
28
40
52
64
63
75
74
62
61
73
85
97
109
110
122
134
135
136
137
138
139
127
128
140
141
142
143
144
132
120
119
107
108
96
84
72
71
83
95
94
93
92
104
103
115
114
126
125
124
123
111
112
113
101
100
88
76
77
89
90
91
79
67
68
69
70
58
57
56
55
54
42
41
29
17
5
6
7
8
20
32
31
19
18
30
29
41
53
65
66
78
77
76
88
89
101
102
114
115
116
117
129
130
118
106
105
104
116
117
105
93
81
80
68
56
44
43
42
30
31
43
44
45
46
47
35
34
22
10
9
21
33
45
57
58
59
60
48
36
24
23
11
12
11
12
24
23
35
36
48
47
46
34
22
10
9
21
33
32
20
8
7
19
18
6
5
17
16
4
3
4
3
15
14
2
1
13
25
26
38
37
49
50
51
39
40
52
53
54
55
67
79
80
92
91
103
102
90
78
66
65
64
63
62
74
75
87
86
98
110
122
121
133
134
135
123
111
99
100
112
113
125
124
136
137
138
126
127
139
140
128
129
141
142
143
131
130
118
106
107
95
94
82
81
69
70
82
83
71
59
60
72
84
96
108
120
119
131
132
144
144
143
142
141
129
117
116
128
140
139
138
137
136
124
125
113
112
111
99
98
110
122
121
133
134
135
123
111
99
100
101
102
114
115
127
126
138
139
140
141
142
130
131
132
120
108
96
84
72
71
59
60
48
36
24
12
11
10
22
21
9
8
7
6
18
19
20
32
44
56
57
69
70
82
83
95
107
119
118
106
94
93
105
104
103
91
92
80
68
67
66
54
42
30
29
41
53
65
77
76
88
87
86
85
73
61
49
50
51
63
62
74
75
87
88
89
90
78
79
91
103
104
92
93
81
82
70
58
46
47
35
34
33
45
57
58
46
45
44
43
55
54
53
52
64
76
75
63
64
52
40
28
16
15
27
26
25
37
38
39
40
41
29
17
5
4
3
2
14
13
1
13
1
2
14
15
3
4
16
28
27
26
25
37
38
39
51
50
49
61
62
74
73
85
86
98
97
109
97
109
110
122
121
133
134
135
123
124
136
137
125
113
112
100
101
89
77
65
66
67
55
56
68
69
81
80
79
78
90
102
114
126
127
115
116
128
129
130
131
143
144
132
120
119
118
117
105
106
94
95
107
108
96
84
83
71
72
60
59
47
48
36
24
23
35
34
33
21
20
32
31
43
42
30
31
19
18
17
5
6
7
8
9
10
22
23
11
12
79
85
89
3
18
111
26
88
97
69
39
64
81
143
66
93
18
144
6
51
44
128
73
37
12
120
61
12
140
101
68
34
110
87
95
135
10
43
25
38
56
134
120
111
1
29
103
23
84
113
71
15
107
103
52
131
92
80
42
40
7
123
41
104
78
68
115
52
127
23
11
46
121
75
43
141
136
15
144
115
73
133
122
14
132
76
71
83
123
13
67
17
99
124
72
135
14
134
34
137
91
126
59
80
76
88
60
61
9
4
4
25
27
50
55
37
101
35
105
57
39
86
96
74
5
35
66
125
38
3
48
19
31
65
129
78
5
63
94
62
118
128
81
30
99
140
129
107
55
69
87
24
117
116
118
32
36
53
57
74
133
79
93
42
97
108
72
112
65
92
106
19
70
119
27
33
22
54
114
49
108
20
67
2
82
110
49
32
2
139
100
47
114
82
116
131
126
98
7
8
46
113
51
130
45
48
136
1
53
28
98
63
137
86
102
77
100
91
112
124
83
127
58
6
8
45
138
121
16
16
106
56
21
77
54
30
117
33
40
130
125
84
60
75
89
13
36
122
96
28
109
44
17
58
20
29
21
143
94
132
24
105
70
102
11
41
142
9
22
31
64
119
104
90
141
95
26
85
50
10
62
59
142
109
138
139
90
47
60
46
49
114
115
99
53
130
55
5
59
120
51
144
30
76
100
93
68
12
65
116
3
3
105
108
35
57
75
33
56
124
11
15
34
92
112
136
129
87
44
59
54
50
95
107
71
99
124
2
113
74
70
39
144
20
16
116
85
111
26
133
103
133
39
111
45
64
25
90
68
20
49
23
37
43
36
98
114
50
81
16
139
46
106
92
13
2
90
14
83
38
122
72
126
71
7
34
55
106
101
141
41
137
52
8
75
104
135
14
78
40
87
107
8
78
74
130
58
77
119
125
118
18
88
127
61
66
22
110
30
13
66
125
97
29
38
126
31
84
1
132
132
80
44
41
102
23
7
86
11
123
53
9
89
128
19
51
6
122
72
91
121
69
31
98
62
104
67
142
109
138
138
117
57
43
56
76
21
135
109
27
83
12
27
47
32
95
28
37
52
100
19
24
15
58
137
94
105
112
96
113
40
54
42
143
24
25
141
17
18
131
28
1
10
140
143
110
60
82
86
21
62
85
91
70
17
35
47
63
63
4
121
9
80
45
134
128
129
134
142
69
118
82
42
84
22
48
32
81
33
61
103
73
93
94
5
6
127
10
102
29
123
89
136
139
26
117
4
67
119
88
97
64
101
48
96
73
77
115
140
65
108
36
131
79
79
120
144
143
131
119
107
108
120
132
144
143
142
141
140
128
116
104
103
115
114
102
90
91
92
80
79
78
66
65
77
76
64
52
51
63
75
74
62
61
49
50
38
37
25
26
27
39
40
28
16
15
14
13
1
2
3
4
5
6
18
19
31
32
20
21
22
23
24
12
11
10
9
8
7
6
5
17
29
30
42
43
55
54
53
41
42
54
66
67
68
69
57
58
59
47
46
45
33
34
35
36
48
60
72
84
83
71
70
82
81
93
105
117
129
130
118
106
94
95
96
84
72
60
48
47
59
71
70
58
46
45
44
56
57
69
81
93
105
104
116
115
127
139
138
126
125
137
136
124
123
135
134
122
121
109
110
111
112
100
88
89
101
113
112
111
99
98
97
85
73
61
49
37
38
39
27
15
14
26
25
13
1
2
3
4
16
28
29
17
18
30
31
19
7
8
20
21
9
10
11
12
24
36
35
23
22
34
33
32
44
43
55
56
68
67
79
80
92
91
103
102
101
100
88
89
90
78
77
65
53
41
40
52
51
50
62
63
64
76
75
87
99
87
86
74
73
85
86
98
97
109
110
122
123
124
125
113
114
126
127
128
129
117
118
106
94
82
83
95
96
108
107
119
120
132
131
130
142
141
140
139
138
137
136
135
134
133
121
133
1
13
14
15
16
4
3
2
1
13
25
37
49
50
51
52
64
63
75
76
77
65
53
54
66
78
79
91
90
102
103
104
116
115
114
126
127
139
140
128
129
141
142
130
118
117
105
106
107
119
131
143
144
132
120
108
96
84
83
71
70
58
59
47
35
23
11
12
24
36
48
60
72
84
96
95
94
82
81
69
68
80
92
93
81
80
79
67
55
43
44
32
20
21
33
45
46
34
22
10
9
8
7
6
18
19
31
30
42
41
40
39
38
26
27
28
29
17
5
6
7
8
9
21
20
19
31
32
33
45
57
56
44
43
42
41
40
52
51
63
62
61
73
74
86
85
97
98
110
109
121
122
134
135
123
111
99
100
101
89
88
87
99
111
112
124
136
137
138
139
140
141
129
117
118
119
131
130
142
143
144
132
120
108
107
106
94
95
83
82
70
71
72
60
59
47
48
36
24
12
11
10
22
23
35
34
46
58
57
69
68
56
55
67
66
54
53
65
64
76
88
100
101
89
77
78
90
91
92
93
105
104
116
128
127
115
103
102
114
113
112
113
125
126
138
137
125
124
136
135
123
122
110
98
86
87
75
74
62
50
38
39
27
28
29
30
18
17
5
4
16
15
3
2
14
26
25
37
49
61
73
85
97
109
121
133
134
133
