##Rat 8 Day 6
 ##rewards
71
58
124
##Vertices
101
43
63
129
130
94
68
55
36
10
40
132
113
3
121
16
139
97
25
45
143
123
82
93
103
87
115
49
123
113
115
65
64
60
52
144
46
21
67
46
142
121
14
4
26
22
24
62
44
47
30
4
11
92
33
11
28
12
79
7
76
103
32
117
141
80
124
61
27
74
101
48
3
41
79
7
48
87
122
143
8
47
32
17
129
34
102
62
50
137
15
54
100
96
23
76
59
13
77
130
105
28
51
120
117
86
20
9
71
136
41
73
18
118
25
138
40
17
111
1
8
119
91
54
127
108
68
42
116
99
21
140
70
53
137
91
133
35
29
109
50
51
95
35
16
65
18
69
55
38
73
106
2
85
72
92
64
70
141
67
9
26
89
6
114
33
105
34
97
38
30
80
5
126
122
58
106
56
128
5
27
138
133
20
19
45
39
71
109
128
135
85
75
84
37
81
95
22
89
114
104
82
81
127
75
44
102
119
134
31
31
134
49
58
142
107
36
59
69
83
131
53
132
77
37
112
57
2
78
15
57
56
43
61
93
84
39
135
13
19
83
139
12
112
10
125
116
88
90
104
110
96
125
98
126
120
86
136
66
99
60
63
124
24
118
74
14
23
111
66
144
42
100
1
107
72
140
110
94
6
108
29
131
78
52
90
88
98
56
34
23
132
6
84
114
35
26
59
124
139
104
1
138
71
62
66
3
91
12
13
75
83
46
81
6
23
107
129
75
139
37
102
136
111
69
48
3
40
65
66
88
15
103
50
34
47
54
112
116
73
124
27
27
62
53
11
17
76
140
92
16
28
57
94
115
41
72
128
131
103
30
70
93
78
31
21
105
140
90
14
24
56
48
126
39
133
39
51
95
38
70
5
42
80
108
97
25
29
127
125
79
131
32
54
99
96
45
14
135
115
134
108
89
117
143
68
118
96
33
135
120
9
20
121
101
105
138
117
4
47
22
60
69
18
36
92
68
112
116
58
26
64
22
136
94
110
37
87
114
5
28
55
72
127
65
86
132
90
113
101
98
7
4
85
53
79
82
102
89
125
63
52
78
73
109
38
141
120
35
130
121
43
85
77
83
12
63
52
99
130
74
24
7
2
134
21
67
95
87
106
111
144
113
29
118
80
64
46
91
61
44
19
11
36
119
18
141
59
10
126
44
128
41
93
143
33
32
142
122
133
84
71
123
77
10
100
30
74
19
109
110
129
43
97
106
50
15
55
107
76
2
119
16
86
137
42
58
100
123
61
144
142
49
20
31
45
9
122
1
8
8
88
40
104
17
57
81
25
60
49
137
98
51
67
13
82
12
24
23
22
34
33
32
44
56
57
58
70
71
72
60
59
47
48
36
35
34
46
45
33
21
9
8
7
19
18
6
5
17
29
28
16
15
14
26
25
37
38
50
49
61
62
74
75
63
64
76
88
87
86
98
97
109
110
111
99
100
112
113
125
124
136
137
138
126
114
102
103
115
127
139
140
128
129
141
142
130
131
119
120
132
144
143
142
141
140
139
138
137
136
135
123
122
134
133
121
109
97
85
73
61
49
37
25
13
1
2
3
4
5
6
7
8
20
19
31
30
42
41
40
39
27
26
38
50
51
52
53
54
55
43
42
54
66
78
79
67
68
69
81
80
92
104
116
117
105
93
94
95
96
108
107
106
118
130
129
128
127
126
125
113
101
89
90
91
79
80
92
93
94
82
83
95
96
84
72
84
83
71
70
82
81
69
68
67
66
78
90
91
103
104
105
106
107
108
120
132
144
143
131
119
118
117
116
115
114
102
101
100
112
124
123
135
134
133
121
122
110
111
99
98
86
85
73
74
62
63
64
76
75
87
88
89
77
65
77
65
53
41
29
28
40
52
51
39
27
15
14
13
1
2
3
4
16
17
18
30
31
32
44
43
55
56
57
45
46
58
59
60
48
47
35
36
24
12
11
23
22
10
11
10
9
21
20
144
143
131
119
118
106
94
93
92
104
116
115
127
139
140
128
129
141
142
130
118
117
105
106
107
108
96
84
83
71
72
60
59
58
46
47
35
23
22
10
9
21
20
8
7
19
18
30
31
43
42
41
29
17
16
4
3
15
27
28
40
39
51
50
38
37
49
61
62
63
64
76
75
74
73
85
86
98
97
109
110
122
123
135
134
133
121
109
97
85
73
61
49
37
25
26
14
13
1
2
3
4
5
6
7
8
9
10
11
12
24
36
48
60
72
84
96
95
83
82
70
69
57
45
33
34
22
21
20
32
44
56
68
80
81
69
68
67
66
78
79
91
103
102
90
89
88
87
99
100
101
113
125
137
136
124
112
111
110
98
86
74
62
50
51
52
53
65
77
78
90
89
101
113
114
126
125
137
138
139
138
126
127
115
114
102
103
91
79
67
66
65
77
76
88
100
112
124
136
135
134
133
121
122
123
111
99
87
75
63
64
52
40
39
38
26
25
13
1
2
14
15
27
28
16
17
5
6
18
19
31
43
42
30
29
41
53
54
55
54
55
56
57
58
46
45
44
32
33
34
35
23
11
12
24
36
48
47
59
71
70
82
94
93
81
80
92
104
105
117
116
128
140
141
129
130
142
143
144
132
131
119
120
132
120
108
107
95
75
88
129
73
42
4
59
67
19
48
74
81
32
17
44
116
64
76
37
139
2
82
126
122
37
134
68
72
99
75
130
112
142
8
4
65
102
98
23
85
90
41
33
38
83
108
58
38
83
31
62
106
82
43
26
80
141
122
143
55
93
115
110
27
136
20
93
46
70
131
123
13
15
144
94
98
50
53
41
69
33
131
36
103
78
96
9
124
54
24
51
97
39
76
74
40
11
105
87
120
119
125
3
81
49
91
71
121
128
36
21
47
62
30
48
95
90
20
35
10
12
118
99
60
92
30
58
138
17
5
111
72
16
13
12
39
51
128
1
34
66
110
77
69
2
103
32
52
117
55
67
7
97
107
84
95
108
18
114
45
80
137
134
60
132
24
56
107
46
6
137
120
133
115
91
63
10
3
96
52
47
27
22
135
6
9
92
63
16
94
64
65
140
116
121
104
23
50
45
132
113
105
127
57
25
73
133
140
79
112
54
19
40
106
25
44
34
123
7
22
14
100
86
79
89
136
5
31
88
89
1
101
57
53
87
101
29
130
109
142
118
135
43
109
21
117
125
86
77
100
127
11
102
119
138
144
15
124
139
126
59
29
78
61
28
114
111
35
18
71
84
49
66
143
14
113
70
129
56
28
85
68
42
61
104
26
141
8
52
42
74
116
94
53
93
45
139
99
48
112
140
66
113
95
40
11
60
67
5
3
100
10
110
108
132
7
1
88
86
141
57
91
50
104
134
81
116
24
109
70
105
91
31
16
37
39
8
68
92
112
9
135
21
114
4
123
143
46
5
79
6
56
32
28
86
123
47
103
29
50
84
61
52
98
58
135
115
96
51
102
85
36
105
111
92
55
28
2
34
119
46
98
83
26
110
59
133
82
95
140
49
141
93
122
3
78
129
97
1
72
125
108
128
23
138
127
76
118
61
15
53
65
70
97
124
129
36
89
44
43
55
29
126
104
131
121
85
131
2
63
82
37
18
4
13
106
100
78
62
106
32
56
77
74
80
115
126
8
122
88
124
77
59
87
15
90
14
113
26
16
23
64
138
19
39
13
34
38
48
69
42
41
54
144
111
127
10
76
68
40
142
35
12
71
35
83
22
132
25
62
143
94
137
89
117
60
107
69
43
17
118
65
73
20
125
57
30
54
101
27
30
102
120
136
119
73
19
6
144
41
7
90
139
51
22
25
33
9
63
130
87
84
114
24
103
49
20
130
99
31
79
33
142
101
71
17
137
27
45
58
21
81
47
128
64
67
72
18
120
11
44
75
75
38
109
121
80
133
136
107
12
96
14
117
66
134
133
121
109
110
98
97
85
86
87
75
76
77
78
66
54
55
56
57
69
81
93
105
117
116
104
103
91
90
89
101
113
114
102
103
115
127
126
138
139
140
141
129
130
131
143
144
132
120
119
118
106
107
108
96
84
72
71
59
47
35
34
46
45
33
21
20
19
7
8
9
10
22
23
24
36
48
60
72
84
83
82
94
95
96
108
120
119
107
95
83
82
70
58
46
34
33
32
44
43
31
30
18
6
5
17
16
4
3
2
1
13
25
37
38
39
51
50
62
74
73
61
49
37
25
26
14
15
27
28
40
52
64
65
53
41
42
30
29
41
53
52
51
63
64
65
66
67
79
80
92
91
79
78
77
76
88
100
99
111
112
124
125
137
136
135
123
122
134
135
136
124
123
111
110
122
134
133
121
109
97
85
86
98
99
100
112
113
101
102
90
89
88
87
75
63
62
74
73
61
49
50
38
26
27
39
40
28
29
17
16
15
14
13
1
2
3
4
5
6
18
19
7
8
20
21
9
10
22
23
11
12
11
12
24
36
35
47
48
60
59
71
70
58
57
45
44
32
31
43
42
54
55
67
68
56
68
69
81
80
92
93
94
106
105
104
116
115
114
126
125
137
138
139
127
128
140
128
129
117
118
130
142
141
142
143
144
132
131
1
2
3
15
16
4
5
17
29
30
42
54
66
67
68
80
92
104
103
102
101
100
99
87
88
76
77
65
53
52
51
63
64
76
75
74
62
61
73
85
97
98
110
122
121
133
134
135
123
111
112
124
136
137
138
139
127
128
129
130
118
117
105
106
107
95
83
84
96
108
120
119
131
143
142
141
140
139
138
126
114
113
125
137
136
135
123
124
125
126
114
115
116
117
118
106
94
93
81
82
70
71
72
60
59
47
48
36
24
12
11
10
9
21
33
32
20
19
18
6
7
8
9
10
22
23
35
34
46
45
44
43
55
56
57
69
70
58
57
56
44
32
31
43
55
67
79
78
90
89
77
78
66
54
42
41
40
28
27
39
38
50
49
37
25
26
14
13
25
37
38
26
27
15
14
13
1
2
3
4
5
17
16
28
40
39
51
52
64
65
53
41
29
30
31
19
18
6
7
8
20
21
22
34
33
45
46
58
59
47
35
23
11
12
24
36
48
60
72
71
83
84
96
95
107
108
120
119
131
132
144
132
144
143
142
130
129
141
140
128
127
115
116
104
105
93
94
82
81
69
68
80
79
91
92
91
103
102
90
89
101
113
112
100
88
87
75
63
62
50
49
61
73
74
86
85
86
98
99
111
110
109
97
109
121
133
134
122
44
78
47
94
51
117
83
21
22
113
99
45
22
119
105
68
53
143
105
17
3
59
3
67
24
50
41
61
52
96
109
14
89
138
112
57
81
73
69
52
137
21
138
85
62
91
26
144
57
77
90
103
58
142
64
136
73
111
125
12
134
62
97
95
81
59
63
26
97
24
51
86
79
2
20
134
107
68
125
38
13
75
16
135
137
43
116
126
25
65
110
14
101
121
83
40
116
108
45
82
128
67
27
11
55
82
101
131
18
124
42
12
8
37
132
142
141
143
9
131
74
75
90
106
115
35
29
132
33
140
47
1
103
119
39
93
36
10
120
78
104
53
98
36
89
95
88
102
54
6
86
91
76
43
104
130
5
7
111
98
93
54
55
31
66
128
107
69
29
4
109
20
34
34
10
44
121
94
27
87
100
35
115
106
117
70
60
144
123
85
13
32
16
42
63
2
126
58
129
65
99
96
33
120
140
102
70
32
49
28
9
8
135
84
110
118
15
122
18
108
46
17
50
79
122
15
113
60
80
84
30
139
77
31
129
25
127
48
23
141
88
139
71
112
56
72
114
92
6
56
118
133
72
28
23
19
136
92
5
46
114
4
71
37
100
48
74
40
66
133
80
30
1
61
123
130
38
39
7
124
127
87
19
64
41
11
49
76
48
95
132
74
118
139
50
75
69
100
128
84
130
59
31
79
97
41
78
22
46
85
64
38
106
125
129
72
133
8
23
94
30
41
87
133
10
25
17
135
82
131
63
120
139
70
89
127
88
116
23
15
21
102
58
47
96
107
57
115
91
142
42
28
65
81
94
6
78
112
82
46
2
86
57
121
12
60
37
36
53
86
109
32
21
123
122
45
134
100
1
136
77
67
12
117
1
62
119
54
123
62
129
141
34
76
40
55
43
119
68
52
135
108
34
54
77
63
109
112
51
76
9
125
72
14
102
128
60
75
126
22
138
5
111
67
20
81
11
90
56
69
9
66
16
29
18
144
38
85
71
14
3
91
52
27
137
8
80
15
56
26
93
142
138
114
143
115
73
83
84
73
39
17
18
140
87
61
44
110
13
19
121
122
58
64
28
124
10
16
66
127
65
11
90
106
99
105
141
4
96
42
89
101
36
45
4
20
51
33
95
31
48
33
140
6
53
24
137
7
5
2
131
132
30
99
120
92
144
40
7
79
117
35
47
50
104
130
55
124
70
103
136
37
44
43
59
110
126
116
24
19
39
108
93
35
68
49
83
113
111
49
74
98
88
71
98
134
29
32
101
103
113
61
25
3
105
118
13
92
143
26
80
107
27
97
104
114
12
11
10
9
8
20
32
31
19
7
6
18
30
42
54
55
43
44
45
33
21
22
23
24
36
35
34
46
58
59
60
48
47
46
58
70
82
81
69
57
56
68
80
79
67
66
78
77
76
88
100
101
89
90
102
114
113
125
126
138
137
136
135
123
124
112
111
99
98
97
109
121
122
110
109
97
85
86
87
75
74
62
50
38
37
49
61
73
85
86
98
99
87
88
100
112
113
114
115
127
139
140
141
129
128
116
117
105
93
92
91
103
104
105
106
94
95
83
71
72
84
96
108
107
119
120
132
131
143
142
130
118
106
94
93
81
69
57
45
44
32
31
43
42
41
40
39
51
63
64
65
53
52
51
39
27
28
29
17
16
4
3
15
14
2
1
13
25
26
27
28
16
15
3
2
1
13
14
26
25
37
38
50
49
61
73
74
62
63
75
76
77
89
101
102
90
91
92
80
79
78
66
67
68
56
55
54
53
65
64
52
40
41
29
30
18
17
5
4
5
6
7
19
20
8
9
10
22
21
33
34
35
23
11
12
24
36
48
47
59
60
72
71
70
82
83
84
96
95
107
108
120
119
131
130
118
117
129
128
116
104
103
115
127
126
125
124
123
111
110
122
134
133
121
133
134
135
136
137
138
139
140
141
142
143
144
132
144
133
121
109
97
85
86
87
75
74
73
61
62
63
64
65
77
76
88
100
99
98
110
122
134
135
123
111
112
113
125
137
136
124
112
113
114
115
103
102
101
89
90
91
79
78
66
67
55
43
44
45
57
56
68
69
70
58
59
71
72
60
48
36
35
47
46
34
33
21
9
10
11
23
22
10
9
8
20
32
31
19
18
17
16
4
5
6
7
8
20
21
33
32
44
45
46
58
70
82
83
84
96
108
107
95
94
106
105
104
92
80
81
93
105
117
116
128
127
126
138
139
140
141
129
130
142
143
131
132
120
119
118
117
116
104
103
102
101
100
88
87
75
76
64
52
40
28
29
30
42
54
53
41
29
28
27
39
51
50
38
37
25
26
14
13
1
2
3
15
27
39
38
26
25
13
1
2
14
15
3
4
16
17
5
6
7
19
18
30
31
43
55
56
57
69
68
80
92
91
79
67
66
78
90
89
77
65
53
54
42
41
40
52
51
63
62
50
49
37
49
61
73
74
86
85
97
109
110
98
99
111
123
122
121
133
134
135
136
124
125
137
138
126
114
115
127
139
140
128
129
141
142
130
131
119
118
106
107
95
94
93
81
82
83
71
59
47
35
34
22
23
24
12
11
12
24
36
48
60
72
84
96
108
120
132
144
143
144
