##Rat 3 Day 24
 ##rewards
127
116
38
##Vertices
121
85
36
122
44
82
142
77
67
94
143
101
102
47
60
40
75
24
75
126
9
103
26
87
33
73
30
144
105
10
54
25
135
72
141
108
91
116
109
42
66
121
7
26
124
11
49
84
131
134
63
95
27
41
133
101
114
63
50
125
51
92
128
98
138
106
21
108
29
16
4
32
59
18
93
99
96
116
126
143
60
13
8
37
117
38
35
1
61
128
94
35
87
59
39
92
31
104
80
43
88
120
104
130
64
90
113
15
98
19
81
20
134
43
85
112
52
100
79
39
4
70
10
46
55
97
137
33
79
48
8
83
129
131
3
53
69
127
119
20
140
83
3
30
95
11
52
111
86
89
48
6
36
56
88
13
14
14
89
122
114
120
90
64
5
40
19
73
62
100
68
112
12
71
141
129
118
34
91
7
45
103
41
56
6
80
57
123
93
16
44
142
24
82
71
68
76
132
118
2
5
12
18
102
28
105
136
46
124
28
127
65
74
113
78
119
130
72
15
47
86
2
84
61
17
55
31
49
54
107
21
42
77
57
51
67
106
76
22
70
115
144
50
22
110
65
37
53
96
81
25
137
117
109
62
29
27
133
23
32
111
97
1
9
135
78
99
23
138
132
107
139
45
136
74
140
69
123
110
34
66
139
58
38
58
115
125
17
35
1
93
122
90
88
142
27
62
37
34
79
81
127
128
53
75
66
116
40
51
97
92
76
49
125
124
103
91
104
82
64
63
12
28
126
67
113
14
9
110
91
133
99
75
66
74
69
86
136
5
74
59
70
83
89
63
112
127
129
68
2
93
58
27
120
98
95
22
26
13
118
55
85
60
140
113
56
24
12
134
138
43
110
141
24
45
38
122
6
49
81
106
144
132
20
47
11
89
57
124
64
40
31
14
67
84
9
102
95
143
117
53
136
33
71
10
65
139
112
115
23
109
138
19
61
115
41
65
61
116
25
44
46
78
108
60
32
73
105
17
59
119
132
18
128
72
20
13
17
82
114
140
10
39
70
32
100
114
15
45
131
50
121
119
22
34
133
143
69
48
54
90
109
46
137
26
105
106
16
96
79
23
77
15
42
134
142
111
1
4
55
80
88
129
94
3
85
56
71
117
126
25
52
101
51
98
103
38
31
99
141
39
30
47
86
2
135
41
58
28
144
5
94
21
68
102
125
107
35
130
54
108
123
83
104
42
62
29
52
120
100
123
7
21
121
131
77
130
44
135
8
36
29
11
57
30
84
76
4
87
36
139
43
7
96
97
111
19
101
18
73
118
3
92
78
80
50
48
16
6
37
137
72
33
107
8
87
144
132
120
119
131
130
142
143
144
132
120
108
96
84
72
60
48
36
35
34
22
10
9
8
7
6
5
17
16
4
3
15
14
13
25
37
38
26
27
28
29
30
18
19
31
43
42
41
53
65
64
76
77
78
66
54
55
67
79
80
81
93
94
95
107
106
118
117
116
128
140
141
129
117
105
104
103
102
90
91
92
104
105
93
92
91
79
80
68
56
44
32
20
21
33
45
57
69
70
58
46
47
59
71
83
82
70
58
57
45
44
32
31
43
42
41
40
52
51
39
27
28
40
52
64
63
75
87
88
89
101
100
112
111
99
98
110
122
123
124
136
135
134
133
121
109
97
85
86
74
62
50
49
61
73
85
97
98
99
111
112
113
125
137
138
139
127
126
114
115
116
128
129
130
118
106
94
82
81
69
68
56
55
67
66
78
90
102
103
115
127
126
114
113
125
124
123
122
110
109
121
133
134
135
136
137
138
139
140
141
142
143
131
119
107
108
96
95
83
84
72
71
59
60
48
36
35
47
46
34
33
21
22
23
11
23
24
12
24
12
11
10
9
8
20
19
7
6
18
30
29
17
5
4
16
15
3
2
1
13
1
2
14
26
25
37
38
39
51
63
62
50
49
61
73
74
86
87
75
76
88
100
101
89
77
65
53
54
133
121
109
110
122
123
135
134
133
121
109
97
85
73
61
49
37
25
26
27
15
3
4
5
6
7
8
20
21
9
10
22
23
24
36
48
47
35
34
33
32
31
19
18
30
42
43
44
56
68
69
81
80
79
67
55
54
66
78
77
76
88
87
86
98
99
111
112
113
125
137
136
124
112
100
101
102
103
91
90
89
101
100
88
89
90
78
77
65
53
41
29
17
16
28
40
52
64
63
51
39
38
50
62
74
75
63
51
52
40
41
29
30
42
43
44
45
57
58
46
34
33
45
57
69
70
82
94
93
92
104
105
117
118
106
107
119
131
130
129
141
142
143
144
132
120
108
96
95
83
71
59
60
72
84
96
108
107
106
118
117
116
128
140
139
138
126
127
115
114
113
125
124
123
111
99
87
75
76
64
65
53
54
66
67
79
91
103
102
114
126
127
115
116
128
129
130
131
119
120
132
144
143
142
141
140
139
138
137
136
135
134
122
110
98
97
85
86
74
73
61
62
50
49
37
25
26
38
39
27
28
16
15
14
2
14
13
1
13
1
2
3
4
5
17
18
6
7
19
31
32
20
8
9
21
22
10
11
12
24
12
11
23
35
36
48
47
46
58
70
71
59
60
72
84
83
95
94
82
81
93
105
104
92
80
68
56
55
141
1
5
50
122
141
76
3
21
129
90
25
73
29
36
133
144
106
136
111
74
63
122
91
88
2
22
117
94
110
68
2
13
114
118
66
123
106
44
115
104
125
17
65
49
95
86
39
8
45
135
108
111
108
37
69
42
133
62
34
44
72
75
120
87
121
24
80
57
120
33
4
78
94
67
3
121
105
97
80
79
138
144
139
55
52
123
63
12
139
88
10
82
86
26
68
107
116
138
85
31
34
27
128
93
19
109
59
7
124
70
45
23
84
8
112
50
43
99
76
119
81
5
75
124
103
78
143
53
134
113
116
20
21
35
115
58
25
98
54
6
55
136
102
41
143
29
91
127
83
89
64
100
48
33
11
90
84
12
113
107
49
62
16
35
114
10
83
7
87
61
134
47
110
137
14
131
47
40
66
130
28
39
14
142
11
60
74
130
61
104
92
92
105
9
17
72
18
85
99
51
32
97
60
19
81
26
42
53
46
142
77
137
23
37
28
18
132
71
89
117
27
118
82
6
32
96
79
56
9
109
54
126
125
67
56
96
13
43
38
101
15
1
101
57
30
95
22
52
31
102
38
131
73
70
112
77
16
127
129
100
51
93
140
36
71
46
135
103
41
48
119
24
64
65
140
58
98
69
30
4
132
126
20
128
59
40
15
38
50
17
101
129
31
39
75
39
13
121
83
18
104
84
114
26
118
19
64
107
7
20
107
66
8
63
143
56
11
87
92
123
99
57
66
102
51
106
89
20
103
69
35
68
31
3
77
111
100
49
85
30
70
24
27
86
144
132
81
45
73
54
6
2
58
96
114
79
61
141
70
105
33
138
54
85
55
18
115
140
103
124
63
32
125
34
40
76
14
9
49
87
88
13
137
45
93
76
132
73
23
104
67
5
58
16
142
100
5
42
43
25
134
4
67
126
140
28
22
127
77
108
109
86
96
24
126
43
46
74
28
101
16
117
128
65
7
135
97
93
1
41
130
59
94
46
47
29
136
94
23
129
112
37
62
6
41
29
82
21
51
50
1
52
11
52
82
119
98
65
78
88
90
102
128
89
3
90
111
9
44
72
38
68
139
95
59
99
142
71
12
109
136
15
8
95
121
22
120
139
110
122
98
53
80
10
133
131
48
91
19
33
37
10
115
36
117
75
14
78
21
127
60
27
32
42
106
134
74
44
36
55
53
30
48
60
64
97
71
144
137
143
135
113
83
125
131
56
72
79
57
2
81
105
118
130
124
110
35
112
61
84
123
91
141
34
47
69
26
25
62
119
116
15
92
12
113
40
138
4
122
80
108
116
120
17
133
12
11
10
22
23
35
47
48
36
24
12
11
10
9
8
7
6
5
17
18
30
42
41
53
52
40
39
27
15
3
4
16
28
29
41
42
43
31
32
20
21
33
34
46
58
59
71
70
69
57
56
44
45
57
58
70
82
94
95
83
84
96
108
120
119
131
130
118
106
107
108
120
132
144
143
142
141
140
128
127
115
103
102
90
89
101
113
114
126
138
139
140
141
129
117
116
104
105
93
92
80
79
78
66
54
55
67
68
69
81
80
68
56
55
67
79
91
90
78
77
76
64
63
62
50
51
52
40
39
38
26
14
2
1
13
25
37
49
61
73
74
75
87
88
100
99
111
112
124
123
122
121
133
134
135
136
137
125
113
101
89
88
100
112
111
110
109
97
85
86
98
110
122
123
135
134
133
121
109
97
98
86
85
73
74
62
61
49
37
25
13
1
2
3
4
16
17
5
6
7
19
20
8
9
21
22
23
24
36
48
60
72
60
72
84
96
95
107
119
131
132
144
143
142
130
129
128
116
115
127
139
138
137
136
124
125
126
114
102
103
91
92
104
105
117
118
106
94
93
81
82
83
71
59
47
35
34
46
45
33
32
44
43
31
19
18
30
29
28
27
15
14
26
38
50
51
63
64
65
66
54
53
65
77
76
75
87
99
1
13
25
26
14
15
16
4
3
2
1
13
25
37
49
61
73
85
86
74
75
76
88
89
101
100
112
111
110
109
97
98
99
87
88
76
64
63
51
50
38
39
27
28
29
17
18
30
42
41
53
52
40
41
29
30
31
32
20
19
7
8
9
10
22
23
35
34
33
21
9
10
11
12
24
36
48
60
59
71
70
69
81
80
92
93
94
82
83
84
72
60
48
47
46
58
57
45
44
56
55
67
79
78
77
65
66
54
42
43
55
54
53
65
66
67
68
80
79
91
103
102
114
126
125
113
101
100
112
124
123
122
121
133
134
135
136
137
138
139
127
115
116
104
105
117
118
106
107
119
131
143
144
132
120
108
96
95
94
93
92
104
105
106
118
130
142
141
140
128
129
130
131
119
120
132
144
143
142
141
129
128
140
139
127
126
138
137
136
135
134
133
121
109
97
98
86
85
73
61
62
50
49
37
38
26
14
2
3
4
5
6
5
6
7
8
20
21
22
23
11
12
24
36
35
47
59
58
70
71
72
84
96
108
107
95
83
82
81
69
68
56
57
45
46
34
33
32
44
43
31
19
18
17
16
15
27
28
40
39
51
52
64
63
62
74
75
87
99
111
110
122
123
124
125
113
114
102
90
78
77
89
90
91
103
115
116
117
133
94
28
100
107
82
101
93
61
113
3
28
15
72
71
127
17
129
105
48
125
66
24
136
103
123
56
111
92
121
17
139
87
25
31
137
7
77
134
116
70
120
59
103
142
88
126
143
50
106
5
52
33
87
73
81
127
131
72
34
53
85
38
115
47
64
125
29
136
107
67
139
90
11
84
138
56
128
1
79
89
124
9
41
117
55
41
30
14
74
60
140
106
121
42
102
137
27
120
24
6
13
68
104
71
47
144
21
10
110
15
13
51
37
95
132
102
8
105
80
126
49
19
66
6
75
113
92
51
4
65
89
58
61
32
57
62
33
38
144
23
62
16
46
11
69
22
1
37
5
79
135
50
27
52
43
3
19
74
134
10
46
109
91
73
21
67
49
119
80
122
54
86
101
141
60
16
64
26
118
124
78
20
36
85
14
117
4
141
75
55
32
45
119
54
133
35
129
77
9
91
132
70
88
93
12
22
118
23
112
131
143
76
135
97
18
130
44
98
122
81
94
57
65
48
83
53
86
8
115
111
76
20
100
116
39
34
112
90
114
84
140
2
45
7
58
128
104
12
63
123
99
25
82
26
110
114
98
18
69
130
142
30
29
95
44
40
40
42
2
97
138
99
36
39
35
109
43
96
68
108
108
83
63
31
59
78
96
2
61
79
33
124
59
138
44
36
46
33
114
57
133
79
35
20
40
144
99
10
73
106
112
83
103
138
39
120
97
49
56
26
50
100
119
71
9
118
18
32
6
91
136
55
32
123
129
71
77
104
25
14
130
108
52
123
120
114
133
139
113
66
140
81
21
108
81
38
65
78
125
45
2
127
72
78
40
116
29
142
47
42
134
135
28
75
117
113
30
111
137
16
141
57
126
6
126
84
99
24
102
122
91
63
86
31
69
87
37
93
39
22
37
97
42
89
56
131
19
74
67
118
23
62
105
9
21
134
29
26
34
15
54
109
112
12
67
43
13
111
129
98
93
88
27
34
54
60
27
143
124
137
84
46
104
115
17
128
11
121
31
131
1
140
12
53
48
25
14
80
135
102
85
68
128
119
36
90
144
3
90
141
74
7
10
76
142
121
38
18
132
87
89
82
30
88
83
75
8
47
23
52
5
58
72
86
117
85
41
122
109
50
41
64
65
51
101
20
66
127
95
69
5
70
115
19
51
68
15
8
125
44
136
139
4
107
103
48
96
4
49
17
110
7
107
92
63
73
1
110
3
94
82
132
55
28
16
53
106
45
22
60
80
43
13
11
96
35
62
76
58
92
77
98
105
61
143
64
94
116
101
24
95
59
130
100
70
144
132
120
108
96
95
107
106
94
82
81
93
105
104
92
91
103
102
90
78
66
65
64
76
77
89
88
100
101
113
125
126
138
137
136
124
112
111
123
122
134
133
121
109
97
85
86
87
75
74
62
63
51
39
27
28
29
30
42
43
55
56
57
45
46
34
33
32
44
56
68
80
79
67
68
69
70
58
59
71
83
84
72
60
48
47
35
23
24
12
11
10
9
8
7
19
20
21
22
10
9
8
7
6
18
17
5
4
16
15
3
2
1
13
14
26
25
37
38
50
49
61
73
85
97
98
99
100
112
113
114
115
116
117
129
141
140
139
127
128
116
117
118
119
131
143
142
130
118
106
105
104
103
91
90
78
77
65
53
54
55
43
31
30
42
41
40
52
64
63
51
50
62
74
73
61
49
37
25
13
1
2
14
26
38
39
27
28
16
15
3
4
5
6
18
17
29
41
40
52
53
54
66
67
79
80
92
93
81
82
94
95
83
71
70
69
57
58
59
47
46
45
44
32
31
19
20
21
33
34
22
23
11
12
24
36
35
36
48
60
72
84
96
108
107
119
120
132
144
143
131
130
142
141
129
128
140
139
127
126
138
137
125
124
136
135
123
135
134
133
121
109
110
122
110
111
99
98
86
87
75
76
88
89
101
102
114
115
133
134
135
136
137
125
124
112
113
114
102
101
100
88
89
77
76
64
65
66
67
55
43
42
54
53
41
40
52
51
50
62
61
49
37
38
39
27
26
14
13
1
2
3
4
5
17
29
30
18
19
31
32
33
34
46
58
70
69
81
80
92
104
105
117
118
106
94
93
92
91
90
78
79
91
103
115
116
128
127
126
138
139
140
141
129
130
131
143
144
132
120
108
96
84
83
95
107
119
120
108
96
84
72
71
59
60
48
47
35
36
24
12
11
23
22
10
9
21
20
8
7
6
5
4
16
28
40
39
51
63
75
87
99
98
97
85
73
74
86
87
99
111
123
122
121
109
110
111
112
100
88
76
77
65
66
54
55
56
68
80
81
82
70
69
57
45
44
43
31
32
20
19
18
6
7
8
9
10
11
12
24
23
22
21
33
34
46
47
35
36
48
60
72
71
59
58
57
45
44
56
68
67
79
78
90
89
101
102
114
113
125
126
127
115
103
104
116
128
129
117
105
93
94
82
83
95
107
106
118
119
131
132
144
143
142
130
142
141
140
139
138
137
136
124
123
135
134
133
121
122
110
109
97
98
86
85
73
74
62
61
49
50
38
37
25
26
25
13
1
2
3
15
14
15
27
28
16
17
29
30
42
41
53
52
64
63
75
