##Rat 1 Day 16
 ##rewards
19
32
98
##Vertices
97
35
82
123
89
90
13
37
122
84
110
109
105
99
137
59
105
33
141
8
143
29
135
50
6
73
117
8
10
134
79
16
7
138
75
34
76
80
129
126
123
77
20
131
68
84
93
104
95
69
33
139
12
82
110
14
53
137
47
144
34
91
4
65
115
42
142
1
119
18
141
72
108
124
103
54
125
57
121
126
44
52
7
58
12
54
64
132
140
69
18
79
125
78
36
71
6
41
104
28
136
98
87
9
102
94
41
57
88
21
27
128
100
11
37
136
122
66
3
135
49
61
46
11
117
44
50
51
48
31
116
32
118
27
93
134
25
2
76
66
130
16
75
80
63
138
96
60
2
142
109
22
143
17
87
5
67
25
129
13
127
86
24
26
139
96
9
23
114
38
101
40
98
43
106
45
26
63
38
23
24
53
4
92
81
114
99
97
74
115
52
17
127
55
78
36
113
73
22
85
118
74
31
91
46
107
81
49
132
32
28
40
140
86
14
19
130
90
5
116
39
60
59
124
3
133
83
39
45
64
107
61
62
113
77
56
128
108
65
89
30
42
85
95
103
112
131
71
121
92
30
1
119
94
120
29
106
144
35
20
67
56
15
133
112
111
55
100
102
47
51
48
72
21
70
10
15
120
70
19
68
88
101
62
83
43
111
58
36
75
36
25
17
90
16
49
52
48
124
61
93
89
61
7
7
38
59
88
57
10
91
123
83
52
33
125
79
98
87
120
20
53
141
95
53
12
76
5
60
80
107
135
47
105
40
3
25
100
4
115
106
28
92
136
23
31
143
11
114
73
117
132
34
112
104
50
73
27
115
111
69
68
102
22
144
114
60
46
6
66
22
108
37
142
19
4
112
85
41
132
117
17
55
24
110
94
119
133
26
88
138
142
118
134
138
6
1
51
71
8
21
42
119
29
78
135
42
93
96
64
37
101
21
23
124
20
35
3
31
130
94
56
19
29
107
82
111
74
123
68
9
129
121
79
125
63
47
9
18
103
72
13
116
72
62
65
32
131
91
126
83
34
8
16
1
81
77
45
116
82
26
64
85
95
122
44
70
134
139
43
67
11
15
143
90
27
137
118
38
127
32
28
14
87
102
129
30
50
65
24
77
104
2
44
98
66
54
120
86
40
127
14
70
2
140
81
144
137
18
74
51
43
131
139
84
56
86
67
54
130
41
84
89
5
46
109
92
108
136
33
58
15
30
103
96
78
59
80
101
100
13
105
48
140
106
63
99
55
76
12
99
113
110
121
109
113
49
10
62
71
69
126
128
122
39
97
97
141
45
39
128
58
57
133
75
35
144
132
120
108
107
95
96
84
72
60
48
36
24
12
11
23
22
10
9
21
33
45
44
56
57
69
70
82
81
80
79
91
103
102
114
115
116
128
129
117
118
130
131
143
142
141
140
139
138
137
125
124
136
135
134
133
121
109
97
98
110
122
123
111
99
100
88
89
77
65
64
76
75
87
86
74
62
50
38
37
49
61
73
85
97
109
110
111
112
113
101
100
112
113
114
126
127
115
103
104
105
93
92
80
68
67
55
54
66
78
90
91
92
104
116
117
105
106
94
93
81
82
83
71
59
58
46
47
35
34
33
32
20
8
7
19
18
6
5
17
16
4
3
15
14
2
1
13
25
26
27
39
51
52
40
41
42
43
31
30
29
28
27
39
40
52
53
41
42
43
44
32
20
8
7
6
18
19
31
30
29
28
16
17
5
4
3
15
14
2
1
13
25
26
38
37
49
50
51
63
64
63
75
74
62
61
73
85
86
98
99
87
88
76
77
89
101
102
90
78
79
67
66
65
53
54
55
56
68
69
70
71
83
95
94
106
118
119
107
119
131
130
129
128
127
126
125
124
123
122
121
133
134
135
136
137
138
139
140
141
142
143
144
132
120
108
96
84
72
60
59
47
48
36
35
23
24
12
11
10
9
21
22
34
46
45
57
58
1
13
25
26
27
28
16
17
18
19
7
6
5
4
3
15
14
2
3
4
5
6
18
30
29
41
42
54
55
67
68
80
92
91
90
78
66
65
64
63
75
87
86
74
73
85
97
109
110
111
99
98
97
85
73
61
49
37
38
39
51
50
62
63
51
52
40
41
53
54
66
67
79
80
81
69
57
45
44
32
20
21
33
34
22
23
35
47
48
60
59
58
70
71
72
84
83
95
94
93
105
106
118
130
142
143
144
132
131
119
120
108
96
84
72
60
48
36
24
12
11
10
9
8
7
19
31
43
55
56
68
69
81
82
94
93
105
117
129
128
127
115
116
104
103
102
114
126
138
137
125
113
101
89
77
76
88
100
112
124
123
122
121
133
134
135
136
137
138
139
140
139
127
126
114
113
125
124
136
135
123
122
134
133
121
109
110
98
99
111
112
100
88
87
86
74
75
76
64
52
53
65
77
89
101
102
90
78
79
91
92
104
103
115
116
128
140
141
142
141
129
117
118
130
131
143
144
132
120
119
107
106
107
108
96
95
83
82
70
71
59
47
46
34
22
23
35
36
24
12
11
10
9
8
20
21
33
45
46
58
57
56
44
32
31
43
42
30
29
28
40
39
27
26
38
50
62
61
49
37
25
13
1
2
14
15
16
17
76
114
86
86
85
80
5
123
143
10
21
8
23
119
125
117
67
31
6
26
26
111
143
34
24
126
29
47
59
112
32
116
14
134
27
91
30
59
103
92
16
142
93
25
23
77
34
115
1
14
97
12
107
116
46
68
138
110
91
22
117
75
124
46
94
73
17
132
97
128
78
138
58
136
13
8
137
64
125
101
49
57
140
69
87
24
62
141
42
12
72
15
1
103
74
58
131
56
84
3
121
122
124
9
61
54
130
81
53
133
54
28
107
19
38
9
71
73
127
20
53
92
105
144
7
136
2
31
120
68
70
141
74
57
108
106
88
72
50
22
108
113
43
11
69
140
100
104
65
48
84
21
65
121
33
45
60
120
11
122
10
118
64
132
76
2
50
42
43
139
30
3
109
62
112
123
94
82
102
37
82
25
134
52
45
66
16
44
113
118
114
99
142
90
130
104
61
6
127
133
79
115
111
37
88
100
5
52
4
90
128
39
19
15
105
95
131
96
106
79
135
40
17
137
129
13
110
87
39
47
18
4
44
80
93
95
98
78
63
77
102
135
49
36
101
55
71
27
35
38
70
36
99
126
83
89
33
89
40
60
98
7
83
129
66
41
18
51
144
20
56
85
63
29
119
51
96
75
35
67
81
109
48
32
41
55
28
139
80
97
134
50
97
134
18
144
115
99
60
127
111
105
87
65
136
84
34
27
21
23
83
40
108
135
125
108
11
54
52
88
98
56
42
53
5
123
1
131
71
13
110
25
101
121
8
106
3
44
69
144
5
78
42
77
103
129
90
133
21
93
73
118
126
132
74
43
85
116
67
110
103
26
45
122
70
61
69
13
82
9
22
7
136
27
35
113
91
120
66
49
112
32
143
65
46
70
88
14
53
17
86
47
38
114
48
60
30
46
63
76
126
141
119
50
16
62
107
37
58
104
98
2
68
138
12
119
64
31
94
67
85
101
17
4
140
75
82
89
44
1
59
19
94
36
15
116
96
10
72
81
55
40
19
15
91
139
24
6
140
125
137
131
137
49
47
93
78
18
41
80
29
135
38
109
114
16
79
66
77
20
8
130
57
123
130
105
102
128
23
7
84
115
104
6
73
29
57
79
113
120
122
124
100
12
62
10
35
87
33
109
92
128
45
14
83
71
58
9
92
138
51
68
89
22
34
100
11
63
132
61
28
99
30
48
96
41
111
25
107
142
129
55
142
112
31
33
74
76
36
4
102
28
95
2
3
54
117
141
52
20
133
95
26
75
39
24
117
124
64
118
72
37
106
86
43
32
139
56
59
127
143
121
81
90
39
51
133
121
109
97
98
86
85
73
61
49
37
25
13
1
2
14
15
3
4
16
28
40
41
53
52
64
63
75
76
77
78
90
102
103
115
114
113
125
124
112
111
123
122
134
135
136
137
138
139
140
128
129
141
142
143
144
132
120
108
107
119
131
130
118
106
105
93
92
80
68
69
81
82
94
95
83
71
59
47
48
60
72
84
96
108
120
119
118
117
116
104
105
117
116
115
127
126
114
102
101
100
88
89
77
65
66
54
55
67
79
91
90
89
101
113
112
100
99
87
88
76
75
74
62
50
51
39
38
26
27
28
29
17
5
6
18
19
7
8
20
21
9
10
22
23
11
12
24
36
35
34
46
58
57
45
44
43
42
30
31
32
33
34
46
45
57
56
44
43
42
41
29
17
5
6
7
19
18
30
31
32
33
21
20
8
9
10
22
23
11
12
24
36
35
47
48
60
59
58
70
69
70
82
83
71
72
84
96
95
107
106
94
93
81
80
92
104
103
91
79
78
66
67
68
56
55
54
53
65
64
63
62
74
86
87
99
111
110
98
110
122
123
124
125
126
127
128
129
130
131
132
144
143
142
141
140
139
138
137
136
135
134
133
121
109
97
85
73
61
49
50
38
37
25
26
14
13
1
2
3
4
16
15
27
39
40
52
51
12
11
23
35
34
22
10
9
8
20
19
7
6
18
30
29
17
5
4
16
28
27
26
14
15
3
2
1
13
25
37
49
50
62
63
51
52
40
41
42
54
55
67
68
56
44
43
31
32
33
45
46
47
59
60
48
36
24
12
11
10
22
21
33
45
57
58
70
69
81
82
83
95
96
84
72
71
70
82
94
93
105
106
118
130
131
119
107
108
120
132
144
143
142
141
129
128
140
139
138
137
125
126
127
115
114
102
101
100
99
111
123
135
136
124
112
113
114
115
116
117
105
104
103
91
92
80
79
78
66
65
64
76
77
89
90
102
101
113
112
111
110
122
134
133
121
109
97
85
73
61
49
37
38
39
40
28
29
41
53
52
64
63
75
74
86
87
88
100
99
98
86
98
110
122
134
133
121
109
97
85
73
61
62
74
75
87
88
76
77
89
90
78
79
91
103
104
92
80
68
69
81
93
94
106
118
117
116
128
127
126
125
124
123
135
136
137
138
139
140
141
129
130
142
143
144
132
131
119
120
108
107
95
96
84
83
71
72
60
59
47
48
36
24
23
35
34
46
58
57
56
55
67
66
65
53
54
42
30
18
19
31
43
44
32
20
21
9
8
7
6
5
17
16
4
3
15
14
2
1
13
25
26
27
39
51
50
38
98
39
85
114
55
142
42
128
15
44
104
7
138
26
81
96
83
75
44
113
64
45
119
43
16
13
87
92
106
132
88
6
16
41
26
66
46
31
115
32
109
3
133
90
34
92
80
105
31
88
39
139
35
71
67
54
14
143
60
73
100
46
22
116
72
61
57
117
52
71
20
67
121
137
65
49
109
138
48
38
11
52
141
2
120
99
139
74
8
64
70
144
123
120
144
130
134
103
1
19
59
135
136
107
143
61
121
131
110
133
33
3
56
41
22
33
12
96
37
100
77
128
124
94
95
125
57
25
6
79
86
63
141
134
1
117
129
63
95
72
70
19
118
24
21
47
102
12
119
62
113
43
136
60
89
24
59
58
35
114
108
106
115
112
102
98
85
76
49
104
17
18
14
135
5
27
101
9
110
40
87
84
50
125
76
116
38
45
21
122
11
111
118
111
2
20
66
42
126
40
123
103
101
83
54
36
51
47
107
89
86
4
78
124
30
127
137
91
108
132
8
51
122
18
9
29
68
56
50
112
81
142
27
13
36
129
130
65
93
53
74
75
10
93
10
7
94
99
55
23
140
69
68
53
17
78
15
84
82
48
5
4
37
77
73
69
62
97
34
140
82
25
80
126
79
23
90
58
28
29
28
127
97
105
32
30
91
131
69
15
140
49
126
73
17
100
47
22
48
10
121
90
61
142
112
103
98
126
125
90
120
27
115
37
138
131
29
71
97
20
14
33
93
83
95
25
134
16
133
55
113
122
12
40
104
58
74
103
50
18
4
110
14
118
121
143
137
131
36
104
79
51
40
65
52
39
130
127
101
109
102
23
128
8
117
41
73
43
66
9
81
71
33
18
61
80
99
20
59
26
125
89
28
64
54
21
77
108
91
1
136
85
119
106
101
37
34
122
47
82
97
35
2
124
80
3
35
114
27
91
64
56
66
83
94
132
17
114
77
123
76
96
3
30
4
129
9
86
23
82
68
29
139
78
81
30
60
86
92
62
68
45
75
112
10
107
38
57
16
5
132
92
31
87
105
19
13
63
43
110
39
62
135
128
34
137
144
100
38
108
72
36
111
51
143
22
45
133
69
94
32
135
141
78
13
58
15
46
95
136
102
70
120
139
98
28
53
127
12
31
63
6
93
111
2
109
24
84
115
11
67
88
41
54
42
117
46
130
106
141
76
44
140
1
65
88
99
75
48
59
55
25
6
89
57
96
7
74
87
124
107
44
5
52
11
50
85
142
53
113
7
49
56
119
26
79
70
84
116
19
118
116
123
129
67
138
42
144
8
24
105
32
134
72
60
21
133
134
122
110
111
123
135
136
137
125
126
138
139
127
115
116
128
140
141
129
117
118
119
131
130
142
143
144
132
120
108
96
95
83
82
94
93
105
104
103
91
90
78
77
89
101
102
114
113
112
100
99
98
86
85
97
109
121
133
134
135
123
124
112
100
88
87
75
76
64
63
62
50
49
61
73
74
75
63
51
52
40
39
27
15
14
26
38
37
25
13
1
2
3
4
16
17
5
6
7
8
20
19
18
30
31
43
44
45
46
34
22
10
9
21
33
32
31
30
29
28
40
41
42
54
53
65
66
67
79
80
81
69
68
56
55
43
44
32
33
34
35
23
11
12
24
36
48
60
72
84
96
108
107
106
105
117
116
104
92
93
81
82
70
71
59
58
57
45
46
47
59
47
35
23
11
12
24
36
48
60
72
84
83
71
70
58
57
69
68
56
55
67
66
54
42
41
53
65
77
76
64
52
51
39
27
28
29
17
18
19
20
21
22
10
9
8
7
6
5
4
16
15
3
2
1
13
14
26
25
37
38
50
49
61
62
74
73
85
86
98
97
109
121
122
110
111
99
87
88
89
90
78
79
80
92
91
103
115
127
126
114
102
101
113
125
124
136
137
138
139
140
128
129
141
142
130
131
143
144
132
120
119
118
106
94
95
107
144
132
120
108
96
95
107
106
118
117
105
93
81
69
70
58
57
56
68
67
55
54
42
43
31
30
18
6
7
8
20
19
31
32
44
45
46
47
59
60
48
36
24
12
11
23
22
10
9
21
33
34
35
36
48
60
72
71
83
82
94
106
118
119
131
130
142
141
140
139
127
115
116
104
92
91
79
80
68
56
44
32
33
45
57
69
81
93
105
117
129
128
140
139
138
126
114
102
90
89
88
87
99
100
112
124
136
135
134
122
110
111
123
135
136
137
125
113
101
100
99
98
97
85
73
74
75
76
77
65
53
41
29
17
5
4
3
2
1
13
25
37
38
50
49
61
62
63
64
52
40
39
51
52
40
28
27
26
14
15
16
28
27
39
51
63
64
65
66
78
77
89
90
78
66
54
53
41
29
30
42
43
55
67
79
80
92
104
116
128
127
115
103
91
103
102
101
113
114
126
138
137
125
124
112
111
123
122
110
109
121
133
134
133
121
109
97
85
86
98
86
87
88
76
75
74
73
61
62
50
49
37
38
26
25
13
1
2
14
15
3
4
16
17
5
6
18
19
7
8
20
21
9
10
11
12
24
23
22
34
35
47
46
58
59
71
70
82
94
95
83
84
72
84
96
108
107
119
120
132
131
130
129
141
142
143
144
143
