##Rat 4 Day 24
 ##rewards
126
113
47
##Vertices
132
96
25
131
41
75
135
80
66
87
134
104
103
38
49
45
82
13
82
127
4
102
35
94
28
84
31
133
100
3
55
36
142
61
136
97
90
113
120
43
67
132
6
35
129
2
60
73
122
143
70
86
34
44
144
104
115
70
59
128
58
89
125
107
139
99
16
97
32
21
9
29
50
19
88
106
85
113
127
134
49
24
5
48
112
47
26
12
72
125
87
26
94
50
46
89
30
101
77
42
93
109
101
123
69
91
116
22
107
18
76
17
143
42
96
117
57
105
78
46
9
63
3
39
54
108
140
28
78
37
5
74
124
122
10
56
64
126
110
17
137
74
10
31
86
2
57
118
95
92
37
7
25
53
93
24
23
23
92
131
115
109
91
69
8
45
18
84
71
105
65
117
1
62
136
124
111
27
90
6
40
102
44
53
7
77
52
130
88
21
41
135
13
75
62
65
81
121
111
11
8
1
19
103
33
100
141
39
129
33
126
68
83
116
79
110
123
61
22
38
95
11
73
72
20
54
30
60
55
98
16
43
80
52
58
66
99
81
15
63
114
133
59
15
119
68
48
56
85
76
36
140
112
120
71
32
34
144
14
29
118
108
12
4
142
79
106
14
139
121
98
138
40
141
83
137
64
130
119
27
67
138
51
47
51
114
128
20
26
12
88
131
91
93
135
34
71
48
27
78
76
126
125
56
82
67
113
45
58
108
89
81
60
128
129
102
90
101
75
69
70
1
33
127
66
116
23
4
119
90
144
106
82
67
83
64
95
141
8
83
50
63
74
92
70
117
126
124
65
11
88
51
34
109
107
86
15
35
24
111
54
96
49
137
116
53
13
1
143
139
42
119
136
13
40
47
131
7
60
76
99
133
121
17
38
2
92
52
129
69
45
30
23
66
73
4
103
86
134
112
56
141
28
62
3
68
138
117
114
14
120
139
18
72
114
44
68
72
113
36
41
39
79
97
49
29
84
100
20
50
110
121
19
125
61
17
24
20
75
115
137
3
46
63
29
105
115
22
40
122
59
132
110
15
27
144
134
64
37
55
91
120
39
140
35
100
99
21
85
78
14
80
22
43
143
135
118
12
9
54
77
93
124
87
10
96
53
62
112
127
36
57
104
58
107
102
47
30
106
136
46
31
38
95
11
142
44
51
33
133
8
87
16
65
103
128
98
26
123
55
97
130
74
101
43
71
32
57
109
105
130
6
16
132
122
80
123
41
142
5
25
32
2
52
31
73
81
9
94
25
138
42
6
85
108
118
18
104
19
84
111
10
89
79
77
59
37
21
7
48
140
61
28
98
5
94
133
121
109
110
122
123
135
134
133
121
109
97
85
73
61
49
37
25
26
27
15
3
4
5
6
7
8
20
21
9
10
22
23
24
36
48
47
35
34
33
32
31
19
18
30
42
43
44
56
68
69
81
80
79
67
55
54
66
78
77
76
88
87
86
98
99
111
112
113
125
137
136
124
112
100
101
102
103
91
90
89
101
100
88
89
90
78
77
65
53
41
29
17
16
28
40
52
64
63
51
39
38
50
62
74
75
63
51
52
40
41
29
30
42
43
44
45
57
58
46
34
33
45
57
69
70
82
94
93
92
104
105
117
118
106
107
119
131
130
129
141
142
143
144
132
120
108
96
95
83
71
59
60
72
84
96
108
107
106
118
117
116
128
140
139
138
126
127
115
114
113
125
124
123
111
99
87
75
76
64
65
53
54
66
67
79
91
103
102
114
126
127
115
116
128
129
130
131
119
120
132
144
143
142
141
140
139
138
137
136
135
134
122
110
98
97
85
86
74
73
61
62
50
49
37
25
26
38
39
27
28
16
15
14
2
14
13
1
13
1
2
3
4
5
17
18
6
7
19
31
32
20
8
9
21
22
10
11
12
24
12
11
23
35
36
48
47
46
58
70
71
59
60
72
84
83
95
94
82
81
93
105
104
92
80
68
56
55
144
132
120
119
131
130
142
143
144
132
120
108
96
84
72
60
48
36
35
34
22
10
9
8
7
6
5
17
16
4
3
15
14
13
25
37
38
26
27
28
29
30
18
19
31
43
42
41
53
65
64
76
77
78
66
54
55
67
79
80
81
93
94
95
107
106
118
117
116
128
140
141
129
117
105
104
103
102
90
91
92
104
105
93
92
91
79
80
68
56
44
32
20
21
33
45
57
69
70
58
46
47
59
71
83
82
70
58
57
45
44
32
31
43
42
41
40
52
51
39
27
28
40
52
64
63
75
87
88
89
101
100
112
111
99
98
110
122
123
124
136
135
134
133
121
109
97
85
86
74
62
50
49
61
73
85
97
98
99
111
112
113
125
137
138
139
127
126
114
115
116
128
129
130
118
106
94
82
81
69
68
56
55
67
66
78
90
102
103
115
127
126
114
113
125
124
123
122
110
109
121
133
134
135
136
137
138
139
140
141
142
143
131
119
107
108
96
95
83
84
72
71
59
60
48
36
35
47
46
34
33
21
22
23
11
23
24
12
24
12
11
10
9
8
20
19
7
6
18
30
29
17
5
4
16
15
3
2
1
13
1
2
14
26
25
37
38
39
51
63
62
50
49
61
73
74
86
87
75
76
88
100
101
89
77
65
53
54
136
12
8
59
131
136
81
10
16
124
91
36
84
32
25
144
133
99
141
118
83
70
131
90
93
11
15
112
87
119
65
11
24
115
111
67
130
99
41
114
101
128
20
68
60
86
95
46
5
40
142
97
118
97
48
64
43
144
71
27
41
61
82
109
94
132
13
77
52
109
28
9
79
87
66
10
132
100
108
77
78
139
133
138
54
57
130
70
1
138
93
3
75
95
35
65
98
113
139
96
30
27
34
125
88
18
120
50
6
129
63
40
14
73
5
117
59
42
106
81
110
76
8
82
129
102
79
134
56
143
116
113
17
16
26
114
51
36
107
55
7
54
141
103
44
134
32
90
126
74
92
69
105
37
28
2
91
73
1
116
98
60
71
21
26
115
3
74
6
94
72
143
38
119
140
23
122
38
45
67
123
33
46
23
135
2
49
83
123
72
101
89
89
100
4
20
61
19
96
106
58
29
108
49
18
76
35
43
56
39
135
80
140
14
48
33
19
121
62
92
112
34
111
75
7
29
85
78
53
4
120
55
127
128
66
53
85
24
42
47
104
22
12
104
52
31
86
15
57
30
103
47
122
84
63
117
80
21
126
124
105
58
88
137
25
62
39
142
102
44
37
110
13
69
68
137
51
107
64
31
9
121
127
17
125
50
45
22
47
59
20
104
124
30
46
82
46
24
132
74
19
101
73
115
35
111
18
69
98
6
17
98
67
5
70
134
53
2
94
89
130
106
52
67
103
58
99
92
17
102
64
26
65
30
10
80
118
105
60
96
31
63
13
34
95
133
121
76
40
84
55
7
11
51
85
115
78
72
136
63
100
28
139
55
96
54
19
114
137
102
129
70
29
128
27
45
81
23
4
60
94
93
24
140
40
88
81
121
84
14
101
66
8
51
21
135
105
8
43
42
36
143
9
66
127
137
33
15
126
80
97
120
95
85
13
127
42
39
83
33
104
21
112
125
68
6
142
108
88
12
44
123
50
87
39
38
32
141
87
14
124
117
48
71
7
44
32
75
16
58
59
12
57
2
57
75
110
107
68
79
93
91
103
125
92
10
91
118
4
41
61
47
65
138
86
50
106
135
62
1
120
141
22
5
86
132
15
109
138
119
131
107
56
77
3
144
122
37
90
18
28
48
3
114
25
112
82
23
79
16
126
49
34
29
43
99
143
83
41
25
54
56
31
37
49
69
108
62
133
140
134
142
116
74
128
122
53
61
78
52
11
76
100
111
123
129
119
26
117
72
73
130
90
136
27
38
64
35
36
71
110
113
22
89
1
116
45
139
9
131
77
97
113
109
20
144
1
2
3
15
14
26
38
37
25
13
1
2
3
4
5
6
7
8
20
19
31
43
44
56
57
45
46
34
22
10
9
21
33
32
44
43
42
30
29
17
16
28
27
39
51
50
62
63
64
52
53
41
40
52
51
63
75
87
86
74
73
85
97
109
110
122
123
111
99
98
97
109
121
133
134
135
136
137
125
126
114
102
103
91
92
104
116
115
127
139
138
137
136
124
112
113
101
100
88
89
77
78
79
67
55
54
66
65
64
76
77
65
53
54
66
78
90
91
79
80
81
69
70
71
59
58
57
45
46
47
35
23
11
12
24
36
48
60
72
84
83
82
94
93
105
106
118
117
129
130
131
132
144
143
142
141
140
128
116
104
92
93
105
117
118
119
120
108
96
95
107
119
131
130
142
143
144
132
120
108
107
95
96
84
83
71
72
60
48
36
24
12
11
10
9
21
20
8
7
6
18
17
5
4
16
15
14
13
25
37
49
61
49
61
73
85
86
98
110
122
121
133
134
135
123
124
125
113
114
126
138
139
140
141
129
128
127
115
103
102
90
89
101
100
112
111
99
87
88
76
75
74
62
50
38
26
27
39
40
28
29
41
42
30
18
19
31
32
33
34
22
23
35
47
59
58
70
69
68
67
55
56
68
80
81
82
94
106
12
24
36
35
23
22
21
9
10
11
12
24
36
48
60
72
84
96
95
83
82
81
93
92
104
105
117
118
119
120
108
107
106
94
93
81
69
70
58
59
47
46
34
33
32
20
19
31
43
44
56
57
45
44
32
31
30
29
17
18
6
5
4
3
15
14
26
27
28
16
4
3
2
1
13
25
37
49
50
62
63
64
76
77
89
88
87
75
74
73
61
49
37
38
39
51
52
40
41
53
54
66
78
79
80
68
67
55
43
42
54
55
56
68
67
66
65
77
78
90
102
103
115
127
128
116
104
105
117
129
130
131
132
144
143
142
141
140
139
138
126
114
113
101
100
112
111
99
98
110
122
134
133
121
109
97
85
86
87
88
89
101
100
99
111
123
135
136
137
125
124
123
122
110
109
121
133
134
135
136
124
125
137
138
126
127
139
140
141
142
143
144
132
120
108
107
95
96
84
72
71
59
60
48
47
35
23
11
10
9
8
7
8
7
6
5
17
16
15
14
2
1
13
25
26
38
50
51
63
62
61
73
85
97
98
86
74
75
76
64
65
53
52
40
39
27
28
29
41
42
30
18
19
20
21
22
34
33
45
46
58
57
69
70
71
83
82
94
106
118
119
131
130
129
128
116
115
103
91
79
80
92
91
90
102
114
113
112
144
87
33
105
98
75
104
88
72
116
10
33
22
61
62
126
20
124
100
37
128
67
13
141
102
130
53
118
89
132
20
138
94
36
30
140
6
80
143
113
63
109
50
102
135
93
127
134
59
99
8
57
28
94
84
76
126
122
61
27
56
96
47
114
38
69
128
32
141
98
66
138
91
2
73
139
53
125
12
78
92
129
4
44
112
54
44
31
23
83
49
137
99
132
43
103
140
34
109
13
7
24
65
101
62
38
133
16
3
119
22
24
58
48
86
121
103
5
100
77
127
60
18
67
7
82
116
89
58
9
68
92
51
72
29
52
71
28
47
133
14
71
21
39
2
64
15
12
48
8
78
142
59
34
57
42
10
18
83
143
3
39
120
90
84
16
66
60
110
77
131
55
95
104
136
49
21
69
35
111
129
79
17
25
96
23
112
9
136
82
54
29
40
110
55
144
26
124
80
4
90
121
63
93
88
1
15
111
14
117
122
134
81
142
108
19
123
41
107
131
76
87
52
68
37
74
56
95
5
114
118
81
17
105
113
46
27
117
91
115
73
137
11
40
6
51
125
101
1
70
130
106
36
75
35
119
115
107
19
64
123
135
31
32
86
41
45
45
43
11
108
139
106
25
46
26
120
42
85
65
97
97
74
70
30
50
79
85
11
72
78
28
129
50
139
41
25
39
28
115
52
144
78
26
17
45
133
106
3
84
99
117
74
102
139
46
109
108
60
53
35
59
105
110
62
4
111
19
29
7
90
141
54
29
130
124
62
80
101
36
23
123
97
57
130
109
115
144
138
116
67
137
76
16
97
76
47
68
79
128
40
11
126
61
79
45
113
32
135
38
43
143
142
33
82
112
116
31
118
140
21
136
52
127
7
127
73
106
13
103
131
90
70
95
30
64
94
48
88
46
15
48
108
43
92
53
122
18
83
66
111
14
71
100
4
16
143
32
35
27
22
55
120
117
1
66
42
24
118
124
107
88
93
34
27
55
49
34
134
129
140
73
39
101
114
20
125
2
132
30
122
12
137
1
56
37
36
23
77
142
103
96
65
125
110
25
91
133
10
91
136
83
6
3
81
135
132
47
19
121
94
92
75
31
93
74
82
5
38
14
57
8
51
61
95
112
96
44
131
120
59
44
69
68
58
104
17
67
126
86
64
8
63
114
18
58
65
22
5
128
41
141
138
9
98
102
37
85
9
60
20
119
6
98
89
70
84
12
119
10
87
75
121
54
33
21
56
99
40
15
49
77
42
24
2
85
26
71
81
51
89
80
107
100
72
134
69
87
113
104
13
86
50
123
105
63
133
121
109
97
85
86
98
99
87
75
76
88
100
101
89
90
102
103
91
79
67
68
69
81
80
92
93
105
104
116
128
127
139
140
141
129
117
118
130
131
143
144
132
120
108
96
95
94
82
83
71
70
58
46
34
33
32
31
43
42
54
53
52
40
39
27
28
29
41
53
65
77
78
66
65
64
63
51
50
62
74
73
61
49
37
38
26
14
13
1
2
3
4
5
6
18
17
16
15
3
4
5
6
7
19
20
8
9
21
22
10
11
12
24
23
35
36
48
47
59
60
72
84
96
108
107
106
105
117
116
115
114
113
112
124
136
137
138
126
125
113
112
111
110
122
134
135
123
111
99
100
101
102
90
91
79
80
68
56
55
54
42
30
31
43
44
45
57
69
70
58
59
71
83
84
72
60
48
36
24
12
11
23
35
47
46
34
33
21
22
10
9
8
7
19
20
32
44
45
57
56
55
67
66
78
77
89
88
76
75
87
86
74
62
63
64
52
51
50
38
39
40
41
29
30
18
17
16
28
27
15
14
2
1
13
25
26
25
37
49
61
73
85
97
98
110
109
121
133
134
122
123
135
136
124
125
137
138
126
127
139
140
128
129
141
142
130
142
143
144
132
120
119
131
119
118
106
107
95
94
82
81
93
92
104
103
115
114
144
143
142
141
140
128
129
117
116
115
103
104
105
93
92
80
81
69
68
67
66
54
42
43
55
56
44
45
57
58
59
71
72
60
48
47
46
34
35
23
24
12
11
10
9
8
20
32
31
19
18
30
29
28
27
39
51
63
64
76
77
89
101
100
112
111
99
87
88
89
90
91
79
78
90
102
114
113
125
126
127
139
138
137
136
124
123
122
134
133
121
109
97
85
73
74
86
98
110
109
97
85
73
61
62
50
49
37
38
26
25
13
1
2
14
15
3
4
16
17
5
6
7
8
9
21
33
45
46
58
70
82
94
106
107
108
96
84
83
95
94
106
118
130
131
132
120
119
118
117
105
93
81
80
68
67
55
54
53
65
77
76
75
63
64
52
40
41
42
30
29
17
18
19
7
6
5
4
3
2
1
13
14
15
16
28
27
39
38
26
25
37
49
61
62
50
51
52
40
41
53
65
66
78
79
91
92
104
103
115
116
128
127
126
114
102
101
113
125
124
112
100
88
87
75
74
86
98
99
111
110
122
121
133
134
135
123
135
136
137
138
139
140
141
129
130
142
143
144
132
131
119
120
108
107
95
96
84
83
71
72
60
59
47
48
36
35
36
24
12
11
10
22
23
22
34
33
21
20
32
31
43
44
56
57
69
70
82
