##Rat 4 Day 44
 ##rewards
126
113
47
##Vertices
119
65
31
3
103
132
109
115
100
141
140
92
130
27
98
105
28
97
91
85
16
20
90
60
52
138
6
45
80
129
62
133
56
87
47
104
108
24
137
34
26
15
61
72
88
128
69
136
74
45
37
4
11
30
36
14
20
136
105
53
35
133
67
33
127
59
81
115
91
127
18
25
62
75
55
77
123
94
3
54
140
12
93
97
16
128
21
81
95
78
19
71
101
9
64
42
117
48
25
30
121
73
49
38
102
116
49
23
143
96
46
46
10
38
29
112
8
10
13
17
22
132
111
141
135
60
13
114
92
126
87
59
125
76
23
35
22
103
100
72
116
34
58
1
39
42
137
83
139
113
57
82
26
110
84
2
104
77
41
129
15
139
28
7
84
121
47
112
114
119
106
63
6
40
108
107
27
125
76
44
74
66
5
144
32
41
53
64
93
50
79
51
124
67
44
99
50
14
31
130
99
75
71
142
39
80
95
32
7
96
123
86
68
122
61
69
52
83
54
106
131
58
118
131
17
57
29
120
66
113
117
21
111
135
138
79
1
70
102
78
89
120
122
109
9
43
110
144
101
68
134
143
107
86
134
85
90
126
12
18
142
118
24
2
36
70
98
37
73
89
55
88
19
82
124
33
5
51
8
94
11
4
43
48
56
40
65
63
27
47
140
142
19
117
119
15
26
28
103
80
77
113
89
123
18
34
109
65
92
66
102
78
144
97
82
1
136
28
8
141
98
95
133
24
42
131
125
8
44
111
134
76
80
7
72
12
14
101
103
4
116
137
64
118
73
130
134
70
98
96
128
138
65
2
13
94
127
56
57
59
20
73
4
44
85
58
47
60
35
90
17
137
107
20
69
38
54
15
83
75
88
45
16
93
25
40
36
97
67
105
13
32
114
112
29
39
144
52
51
104
37
136
61
101
63
18
69
48
32
99
140
62
139
6
17
141
55
49
23
33
68
46
115
42
92
90
1
3
100
91
76
43
124
66
6
108
138
109
108
10
62
143
67
63
81
100
143
106
132
88
48
22
12
45
51
115
83
53
5
9
129
64
75
43
130
135
39
120
102
110
27
68
86
87
10
120
11
71
81
34
33
38
59
41
131
77
74
79
35
26
50
123
30
125
107
105
5
11
9
127
61
40
110
2
117
119
31
129
111
41
30
71
91
36
95
93
114
52
122
104
99
74
135
128
49
72
132
57
85
112
3
86
21
84
60
126
31
54
121
29
70
84
19
78
50
122
58
94
24
79
142
116
139
21
22
87
106
113
56
126
23
46
16
96
53
37
121
124
118
14
55
89
133
82
25
7
12
24
36
35
34
33
21
20
19
18
6
7
8
9
10
22
23
11
10
9
8
7
19
31
32
44
43
55
54
66
65
77
89
90
91
79
67
68
69
70
82
94
95
83
84
96
108
120
119
118
106
107
108
96
84
72
60
48
47
46
58
59
71
70
58
57
45
44
56
55
67
66
78
77
76
64
52
40
41
29
17
16
28
27
15
14
26
38
37
49
50
51
63
62
61
73
74
86
87
88
100
99
111
123
135
134
133
121
122
110
109
97
85
73
61
49
37
25
13
1
2
3
4
5
6
18
30
42
54
53
65
64
76
75
87
88
100
112
124
125
126
114
113
101
102
103
115
127
139
140
128
116
104
92
80
81
93
105
117
129
130
131
132
144
143
142
141
140
139
138
137
138
126
127
115
116
128
129
141
142
130
131
143
144
132
120
119
107
106
118
117
105
93
94
95
83
82
81
69
57
56
68
80
92
104
103
91
79
78
90
89
101
102
114
113
125
137
136
135
136
124
112
111
123
122
134
133
121
109
110
98
99
98
97
85
86
74
75
63
62
50
38
39
27
15
14
26
25
13
1
2
3
4
5
17
16
28
40
39
51
52
53
41
29
30
42
43
31
32
33
45
46
34
35
47
59
71
72
60
48
36
24
12
11
23
22
21
20
133
121
122
123
111
110
109
97
85
86
74
73
61
62
63
51
50
49
37
38
39
27
15
14
26
25
13
1
2
3
4
5
17
18
30
29
41
40
52
64
65
77
78
90
89
88
76
75
87
99
100
112
124
125
137
136
135
134
133
121
109
110
98
99
100
101
113
114
102
103
115
127
128
140
139
138
126
114
115
116
104
105
117
118
119
131
130
129
141
142
143
144
132
120
108
107
95
96
84
72
60
59
71
83
82
70
69
57
45
33
34
35
36
48
47
46
58
70
82
94
106
105
93
81
80
92
91
79
67
66
54
42
43
55
56
68
69
57
58
46
34
22
23
24
12
11
10
9
8
7
6
5
4
16
28
40
39
51
52
53
41
42
30
31
19
20
32
44
45
33
21
20
21
22
23
24
12
11
10
9
8
7
6
18
19
31
32
44
43
55
56
68
67
79
80
81
93
92
91
90
102
103
104
116
117
118
106
94
95
83
71
59
47
35
36
48
60
72
84
96
108
107
119
120
132
144
143
131
130
142
141
129
128
140
139
127
126
138
137
125
124
136
135
134
122
123
111
112
113
101
89
77
78
66
54
53
65
64
63
62
74
75
76
88
87
86
98
97
85
73
61
49
50
38
37
25
26
14
13
1
2
3
15
27
28
29
17
16
30
129
115
57
114
105
3
46
59
37
79
68
15
6
47
44
60
82
113
70
137
17
117
111
108
144
33
58
50
141
126
141
11
8
83
100
62
48
33
110
32
11
110
99
77
60
95
53
93
136
7
64
38
1
4
52
14
138
101
78
12
99
85
4
87
59
78
26
10
119
107
34
29
13
54
101
143
32
90
134
54
138
140
41
118
123
56
28
137
53
108
37
104
127
5
72
75
12
22
89
43
18
47
119
85
139
97
36
71
116
39
100
8
20
49
23
31
76
27
35
109
91
132
39
1
29
69
80
112
61
118
107
50
21
105
136
64
75
66
38
61
55
30
79
142
128
65
82
21
90
106
9
120
125
88
16
62
19
120
19
26
88
81
43
18
40
69
89
68
124
86
93
55
40
124
95
20
73
123
27
36
10
52
7
127
49
72
130
102
121
67
65
94
122
22
111
42
117
112
92
131
116
28
130
143
2
128
14
131
35
25
17
144
97
9
103
96
132
125
77
80
63
135
42
34
87
63
16
113
114
133
67
13
83
70
122
44
5
140
104
73
41
135
109
98
133
51
58
76
25
98
71
121
56
81
31
86
102
57
126
106
15
142
48
92
94
23
129
84
115
2
74
84
74
24
139
96
6
46
45
51
45
3
91
134
66
103
24
42
40
25
27
131
61
75
125
119
27
81
58
137
49
23
56
15
91
31
136
96
28
23
115
11
98
79
52
65
2
24
66
73
71
114
16
17
87
77
140
107
59
69
69
103
102
6
19
70
120
141
45
60
87
111
62
37
45
111
99
142
46
34
66
131
103
112
133
128
126
84
110
50
89
130
13
28
68
21
95
140
104
82
42
55
84
29
76
63
104
59
32
49
54
29
117
113
90
107
30
101
80
22
14
99
72
7
17
18
136
26
76
123
33
72
52
19
85
48
74
25
33
105
89
101
133
127
134
38
118
119
54
36
86
77
10
137
26
94
96
122
125
58
83
61
82
55
2
40
141
109
135
31
16
138
1
139
124
75
114
100
51
24
47
73
118
39
39
106
143
15
50
132
67
9
22
116
64
74
88
142
51
127
4
67
3
62
44
86
12
93
109
63
8
38
47
113
91
138
32
6
44
132
65
4
143
43
139
11
53
144
121
112
10
20
126
110
105
14
117
71
121
98
43
5
78
8
92
122
68
106
124
129
88
128
12
13
7
115
79
18
21
5
135
120
85
48
134
57
20
81
108
37
80
56
70
97
90
35
36
64
97
53
95
30
130
9
83
123
46
35
94
116
93
34
100
78
57
1
41
41
60
108
102
92
144
3
129
144
143
142
130
131
119
107
108
120
132
144
143
142
141
140
139
138
137
125
126
114
102
101
89
88
100
99
111
123
135
136
124
112
113
101
102
103
115
116
128
129
117
118
106
94
95
83
82
81
93
92
104
105
93
94
82
70
58
59
71
72
60
48
36
35
23
22
34
46
47
48
36
24
12
11
10
9
8
20
19
31
43
42
54
53
41
29
30
18
6
7
8
9
21
33
32
44
45
57
56
68
67
66
78
90
91
79
80
81
69
68
80
92
91
79
67
55
54
66
65
64
76
75
74
86
87
88
100
99
98
110
122
134
133
121
109
97
85
73
61
62
63
51
52
40
39
27
28
16
15
14
13
1
2
3
4
5
17
29
41
53
52
40
28
27
26
25
37
49
50
38
26
14
15
3
2
1
13
25
37
38
50
49
61
62
74
73
85
97
109
121
133
134
135
136
124
125
137
138
139
127
128
140
141
129
130
131
132
120
108
96
84
96
84
72
60
59
47
35
23
24
12
11
10
22
21
20
32
31
19
7
6
5
4
16
17
18
30
42
43
55
56
44
45
33
34
46
58
57
69
70
71
83
95
107
119
118
106
105
117
116
104
103
115
127
126
114
113
112
111
123
122
110
98
86
87
75
76
77
78
90
89
77
65
64
63
51
39
1
13
25
26
14
15
16
4
3
2
1
13
25
37
49
61
73
85
86
74
75
76
88
89
101
100
112
111
110
109
97
98
99
87
88
76
64
63
51
50
38
39
27
28
29
17
18
30
42
41
53
52
40
41
29
30
31
32
20
19
7
8
9
10
22
23
35
34
33
21
9
10
11
12
24
36
48
60
59
71
70
69
81
80
92
93
94
82
83
84
72
60
48
47
46
58
57
45
44
56
55
67
79
78
77
65
66
54
42
43
55
54
53
65
66
67
68
80
79
91
103
102
114
126
125
113
101
100
112
124
123
122
121
133
134
135
136
137
138
139
127
115
116
104
105
117
118
106
107
119
131
143
144
132
120
108
96
95
94
93
92
104
105
106
118
130
142
141
140
128
129
130
131
119
120
132
144
143
142
141
129
128
140
139
127
126
138
137
136
135
134
133
121
109
97
98
86
85
73
61
62
50
49
37
38
26
14
2
3
4
5
6
5
6
7
8
20
21
22
23
11
12
24
36
35
47
59
58
70
71
72
84
96
108
107
95
83
82
81
69
68
56
57
45
46
34
33
32
44
43
31
19
18
17
16
15
27
28
40
39
51
52
64
63
62
74
75
87
99
111
110
122
123
124
125
113
114
102
90
78
77
89
90
91
103
115
116
117
67
44
19
90
46
24
4
103
106
95
124
2
79
55
101
119
8
24
95
1
27
18
103
140
74
105
143
3
99
107
96
116
26
8
108
122
21
133
38
130
126
87
80
128
30
131
138
78
22
109
51
69
104
68
10
99
120
119
25
88
118
62
54
94
104
92
40
83
67
5
118
6
43
131
6
38
48
142
122
42
78
107
39
139
97
90
140
89
112
76
120
83
75
18
65
73
37
70
23
113
56
59
53
7
121
124
16
17
111
93
26
93
33
112
77
31
114
84
117
144
11
59
129
110
106
127
144
91
14
49
92
117
60
134
27
57
52
14
51
137
12
84
143
72
113
86
128
2
64
114
32
64
125
20
71
123
41
110
22
82
1
44
16
125
35
46
89
85
9
132
54
136
28
30
34
34
63
13
135
25
29
43
74
80
33
108
31
82
37
52
105
21
7
58
45
126
96
71
29
40
50
142
121
13
63
48
36
100
20
101
66
32
12
88
98
60
11
47
47
130
56
81
36
139
116
86
50
69
45
75
134
138
79
73
109
66
97
85
98
135
141
91
42
62
100
111
35
81
68
61
57
102
72
65
127
77
4
133
76
94
132
5
9
41
58
141
10
28
137
55
15
102
3
129
115
39
136
70
123
17
23
15
49
61
19
115
87
53
69
115
68
54
22
14
49
42
72
107
55
95
133
116
68
103
9
29
4
134
97
51
28
85
2
101
62
15
38
61
29
112
84
109
91
106
134
102
16
144
89
55
47
5
34
108
7
14
105
66
115
136
126
7
1
1
11
18
41
13
64
72
131
81
100
77
15
132
58
61
51
8
80
135
6
119
25
122
75
21
143
142
44
48
125
23
35
92
143
88
17
79
139
25
56
79
139
64
22
49
65
33
124
111
121
45
132
43
141
114
114
131
116
106
83
42
104
41
74
40
100
70
37
122
94
126
140
111
27
12
129
23
135
137
108
105
62
125
8
94
24
34
65
129
104
35
127
47
110
30
24
127
32
73
31
76
85
39
128
45
50
77
13
36
71
33
5
90
27
3
39
88
60
67
30
50
123
87
136
123
37
120
84
82
138
10
99
113
10
99
54
6
119
117
9
128
11
32
76
48
90
40
56
144
75
78
57
124
67
2
66
142
113
74
20
60
53
140
120
121
59
109
52
70
133
96
19
52
81
130
26
98
26
103
118
141
63
58
93
97
137
117
53
46
130
20
78
112
86
43
36
107
80
86
17
73
87
57
69
102
91
98
19
92
46
3
138
95
21
110
71
59
31
101
89
118
63
28
83
96
12
18
82
38
44
4
16
93
1
13
25
37
49
50
38
39
51
63
64
52
40
41
53
54
42
43
55
67
79
80
81
69
68
56
57
45
44
32
20
19
7
8
9
21
33
34
22
23
11
12
24
36
48
60
59
58
70
71
83
82
94
106
118
117
116
115
103
102
90
89
88
100
99
111
112
113
101
89
77
65
66
78
77
76
75
87
86
74
62
61
73
85
97
98
110
122
121
133
134
135
136
137
138
126
125
124
123
135
136
137
138
139
127
128
140
141
129
130
142
143
144
132
131
119
120
108
107
95
96
84
72
60
48
47
46
45
33
32
31
30
29
28
16
4
5
6
18
17
29
28
27
26
14
2
3
15
27
39
40
41
42
54
55
67
68
80
92
91
90
102
114
115
103
104
105
93
81
82
94
95
83
71
72
84
96
108
120
132
144
143
131
119
107
106
118
117
129
130
142
141
140
139
127
128
116
104
105
93
92
91
79
78
66
65
53
52
64
63
51
50
62
74
75
76
88
87
86
98
99
100
101
113
114
126
125
124
112
111
123
122
134
133
121
109
110
109
97
85
73
61
49
37
38
26
25
13
1
2
14
15
3
4
16
17
5
6
18
19
7
8
20
21
9
10
22
10
11
12
24
36
35
23
35
34
46
47
59
58
70
69
57
56
44
43
31
30
144
143
142
141
140
128
129
117
116
115
103
104
105
93
92
80
81
69
68
67
66
54
42
43
55
56
44
45
57
58
59
71
72
60
48
47
46
34
35
23
24
12
11
10
9
8
20
32
31
19
18
30
29
28
27
39
51
63
64
76
77
89
101
100
112
111
99
87
88
89
90
91
79
78
90
102
114
113
125
126
127
139
138
137
136
124
123
122
134
133
121
109
97
85
73
74
86
98
110
109
97
85
73
61
62
50
49
37
38
26
25
13
1
2
14
15
3
4
16
17
5
6
7
8
9
21
33
45
46
58
70
82
94
106
107
108
96
84
83
95
94
106
118
130
131
132
120
119
118
117
105
93
81
80
68
67
55
54
53
65
77
76
75
63
64
52
40
41
42
30
29
17
18
19
7
6
5
4
3
2
1
13
14
15
16
28
27
39
38
26
25
37
49
61
62
50
51
52
40
41
53
65
66
78
79
91
92
104
103
115
116
128
127
126
114
102
101
113
125
124
112
100
88
87
75
74
86
98
99
111
110
122
121
133
134
135
123
135
136
137
138
139
140
141
129
130
142
143
144
132
131
119
120
108
107
95
96
84
83
71
72
60
59
47
48
36
35
36
24
12
11
10
22
23
22
34
33
21
20
32
31
43
44
56
57
69
70
82
