##Rat 8 Day 36
 ##rewards
71
58
124
##Vertices
11
48
116
37
23
7
34
85
123
57
43
88
79
124
34
103
64
26
46
76
9
54
94
46
13
105
137
140
18
56
109
58
72
59
27
126
5
21
40
142
137
74
80
33
100
93
143
98
62
107
38
22
42
33
69
6
55
135
1
84
12
124
104
41
132
25
115
112
10
132
134
50
127
143
44
31
129
131
4
92
81
117
73
87
60
110
139
79
39
84
18
66
101
53
90
57
136
65
114
77
89
70
59
67
15
105
127
13
32
61
75
122
6
16
19
106
51
99
38
118
60
144
28
54
120
138
115
130
139
68
40
136
8
75
39
27
86
141
128
122
83
82
90
106
36
125
29
91
23
81
15
128
133
110
68
94
140
78
102
77
67
11
116
14
72
80
43
30
104
20
2
95
52
82
62
108
45
36
45
138
52
97
129
70
86
112
93
108
85
47
102
7
135
4
83
96
49
12
99
73
111
64
10
48
107
61
1
49
95
24
96
35
111
50
97
28
113
98
121
16
120
130
131
125
30
121
22
118
63
78
76
101
141
41
31
3
53
14
37
5
55
19
8
71
44
47
114
123
17
17
20
65
24
66
21
56
71
103
119
119
126
142
100
117
35
58
69
134
89
144
29
109
25
91
26
42
92
2
3
9
88
87
32
133
74
51
113
63
94
70
25
59
60
61
144
124
72
62
46
88
97
32
10
94
84
11
65
19
144
143
9
38
137
2
8
66
112
95
14
55
122
53
67
22
113
32
77
40
39
18
23
18
29
64
85
51
37
63
134
60
117
58
90
91
65
111
58
87
82
31
100
81
50
10
75
79
99
41
110
108
69
44
16
129
115
81
141
79
103
109
45
36
69
42
5
74
80
52
101
77
113
96
34
4
131
16
142
75
100
37
14
50
31
95
135
66
137
56
25
114
119
12
89
28
1
29
36
3
136
92
48
106
73
71
135
76
101
116
22
39
143
119
123
98
5
112
17
120
21
42
126
128
136
121
140
12
128
105
68
118
47
102
46
20
93
20
106
47
68
138
78
41
122
54
82
109
141
93
67
78
71
97
99
59
140
117
123
73
84
125
4
64
133
115
125
2
24
9
26
30
120
55
88
15
52
85
129
142
130
86
3
92
90
6
15
80
130
7
114
13
98
76
11
124
19
139
54
6
43
86
28
53
27
131
49
40
103
102
134
91
89
116
139
35
87
108
30
96
56
26
8
48
126
74
104
33
34
23
110
107
57
43
72
49
104
33
118
45
121
27
133
127
62
13
57
21
111
35
138
83
63
44
38
107
132
83
70
51
17
132
105
127
24
61
1
7
1
13
25
37
49
50
38
39
27
28
40
52
64
76
75
87
88
89
77
78
90
91
103
102
114
115
127
139
138
137
125
126
114
113
101
100
99
98
86
85
97
109
121
133
134
122
123
135
136
124
112
111
110
109
97
85
73
74
62
63
51
39
27
26
14
15
3
4
5
6
18
30
29
41
53
54
66
65
77
89
101
113
112
100
88
76
64
52
40
28
16
17
5
6
7
19
31
43
55
56
57
58
46
45
33
21
9
10
11
23
35
34
22
10
9
8
20
32
44
45
46
47
48
60
72
71
70
69
68
80
92
104
116
128
140
141
142
143
144
132
120
108
107
95
96
84
83
82
81
93
105
106
94
93
105
117
118
119
131
130
129
117
118
106
94
82
81
80
79
67
68
56
55
67
79
91
92
104
116
115
103
102
90
78
66
65
53
41
29
17
18
30
42
54
42
43
44
32
31
19
7
8
20
21
33
34
22
23
35
36
24
12
11
12
24
36
48
60
59
47
59
58
57
69
70
71
72
84
83
95
96
108
107
119
120
132
144
143
131
130
142
141
129
128
140
139
127
126
138
137
125
124
136
135
134
133
121
122
123
111
110
98
99
87
86
74
75
63
51
50
62
61
73
61
49
37
38
26
25
13
14
15
16
4
3
2
1
2
133
134
135
123
122
110
109
121
133
134
135
136
137
138
139
140
141
142
130
118
119
120
108
96
84
72
60
59
47
48
36
35
23
11
10
9
21
22
34
46
58
70
71
83
82
81
69
57
56
55
43
42
54
66
67
68
80
79
78
90
102
101
113
125
124
112
111
99
87
86
85
97
98
99
100
88
76
64
65
77
89
88
100
101
89
77
78
90
91
92
93
94
95
107
106
105
104
103
115
116
117
129
128
127
126
114
115
116
104
105
93
94
82
81
69
57
45
44
32
33
34
46
45
44
43
31
30
29
41
53
52
40
39
27
28
16
15
14
26
38
37
25
13
1
2
3
4
5
17
18
19
20
8
7
6
5
4
16
28
27
39
51
50
49
61
73
74
62
63
75
87
86
98
110
111
112
113
114
102
103
91
92
80
79
67
66
65
64
76
75
74
62
63
51
50
38
26
14
15
3
2
1
13
25
37
49
61
73
85
97
109
121
122
123
124
136
137
125
126
138
139
127
128
140
141
142
130
129
117
118
106
107
119
131
132
131
143
144
143
144
132
120
108
96
95
83
84
72
71
70
58
59
60
48
47
35
36
24
12
11
12
24
23
22
10
9
21
33
32
31
19
20
8
7
6
18
17
29
30
42
41
40
52
53
54
55
56
68
127
72
72
137
79
89
44
8
43
6
36
48
120
112
49
135
120
21
73
28
15
9
34
55
105
66
94
63
133
27
92
47
135
2
13
56
141
19
82
80
24
122
15
46
115
52
31
13
67
60
144
54
130
100
45
104
17
109
2
23
116
70
111
62
7
131
30
125
121
78
126
76
96
22
119
1
19
40
118
52
8
18
45
89
114
82
136
138
54
87
61
97
5
26
106
12
70
123
139
66
20
49
102
100
133
34
63
64
61
123
76
62
102
121
50
50
32
91
86
129
59
42
88
86
37
24
81
83
107
134
129
6
26
128
108
111
20
33
98
103
122
124
142
77
113
14
42
94
17
144
131
125
139
12
74
3
109
78
99
136
90
4
38
98
41
23
69
60
56
69
85
39
30
71
32
140
110
140
22
93
113
64
55
103
138
65
75
142
130
39
143
73
31
119
51
10
68
115
80
83
57
1
95
10
16
65
117
104
116
21
79
84
25
33
95
117
112
16
7
127
92
126
141
67
101
96
118
4
105
71
53
36
81
58
28
90
85
44
35
108
58
29
48
99
46
124
74
25
110
37
97
43
132
57
53
88
137
40
106
11
41
38
87
47
59
77
101
134
128
93
107
51
11
35
75
68
29
84
114
27
91
14
18
9
132
5
143
3
127
90
65
60
36
122
93
96
78
69
5
46
42
66
43
8
67
2
3
3
1
26
47
79
44
129
142
133
21
109
116
122
99
53
12
144
96
107
48
13
105
16
143
56
35
135
119
63
62
89
62
75
83
73
11
72
100
68
48
28
97
84
120
103
17
44
26
2
115
116
117
69
85
123
33
91
15
1
10
95
103
106
125
76
86
110
108
121
121
99
140
132
30
49
102
134
113
94
54
24
139
68
54
120
142
19
95
71
126
80
39
87
135
7
8
61
23
22
105
85
94
98
46
17
92
141
21
112
76
32
118
81
88
106
55
52
50
86
93
74
41
119
19
14
77
128
143
117
59
33
40
43
14
98
22
101
124
7
34
16
52
30
81
80
6
78
59
51
82
56
60
5
25
114
79
57
72
63
4
49
90
9
91
27
24
29
114
15
29
38
45
73
11
104
101
107
20
9
138
50
39
111
67
4
31
130
12
100
139
126
140
25
32
31
37
137
35
51
28
141
36
129
134
83
61
41
27
113
104
131
130
77
20
102
97
138
71
89
65
115
37
87
128
38
88
109
144
131
132
45
6
133
47
74
34
18
64
57
136
13
66
58
124
64
75
112
42
111
40
82
58
53
23
118
127
18
70
55
84
110
137
125
70
136
108
92
10
123
12
11
10
9
8
20
21
33
34
46
45
44
43
42
30
29
41
53
54
66
65
77
76
64
63
75
74
73
61
49
50
62
63
51
52
40
28
16
17
5
4
3
2
1
13
14
26
25
37
38
39
27
15
3
4
5
6
18
19
31
32
33
34
22
23
35
36
48
60
72
71
70
58
57
56
68
67
55
54
53
52
51
39
40
41
42
43
44
45
46
47
59
60
72
84
83
82
81
80
92
104
116
117
105
106
107
108
120
132
131
130
118
119
120
108
96
95
94
93
105
117
129
141
140
139
127
115
103
91
90
89
88
87
86
85
97
109
121
133
134
135
136
124
125
137
138
126
114
102
101
100
112
113
101
100
99
111
123
122
110
98
99
111
112
113
114
102
90
78
79
91
92
80
79
78
77
89
88
87
75
76
64
65
66
67
55
56
57
58
59
71
70
69
68
69
81
93
94
82
83
84
96
95
107
106
118
119
131
130
142
143
144
132
144
143
142
141
140
128
129
128
116
104
103
115
127
139
138
126
125
137
136
124
123
135
134
133
121
122
110
109
97
98
86
85
73
74
62
61
49
50
38
37
25
13
1
2
14
26
27
15
16
28
29
17
18
30
31
32
20
19
7
6
7
8
9
21
22
10
11
23
35
47
48
36
24
12
24
144
143
131
119
118
130
142
141
140
128
127
139
138
126
114
113
125
137
136
124
112
111
110
122
123
135
134
133
121
109
97
85
86
74
75
87
88
100
101
102
90
91
79
80
92
104
103
115
116
117
105
106
107
95
96
108
120
132
144
143
142
130
129
117
105
93
94
82
81
69
70
71
59
60
72
84
83
82
70
58
57
45
46
34
22
23
35
47
48
36
24
12
11
10
9
21
20
8
7
6
5
17
18
19
31
30
42
41
40
39
27
15
3
4
16
28
29
30
31
32
33
45
44
43
55
56
68
67
66
78
77
76
64
65
53
54
42
41
29
28
27
26
14
2
1
13
25
37
49
61
73
85
97
98
99
100
112
113
101
89
88
76
75
63
62
50
51
52
40
39
38
50
38
26
14
2
1
13
25
37
49
61
73
74
62
63
51
52
64
65
53
54
66
67
55
43
44
56
68
80
81
69
57
58
46
34
33
32
20
19
18
17
16
15
3
4
5
6
7
8
9
21
22
10
11
12
24
23
35
36
48
47
59
60
72
71
83
84
96
95
107
108
120
132
131
119
118
106
94
93
92
91
79
78
77
89
90
102
114
126
127
115
103
104
116
128
129
141
140
139
138
137
125
124
136
135
123
122
134
133
121
109
110
111
99
87
86
98
73
68
112
143
131
99
16
90
11
144
109
115
39
78
129
33
54
66
47
20
55
32
74
142
26
11
50
77
143
40
106
117
64
15
131
8
136
59
5
141
24
34
109
65
43
119
111
33
27
81
118
137
9
4
129
17
134
93
136
59
34
61
40
35
101
104
43
120
72
42
38
47
30
64
135
20
81
139
42
52
124
2
113
130
63
61
97
27
99
22
125
88
108
130
21
110
98
101
44
30
105
10
45
13
87
48
114
140
79
14
133
67
78
32
58
134
12
91
4
65
51
71
62
1
19
28
118
96
85
41
77
60
141
138
49
51
84
8
144
87
127
54
36
17
67
92
122
97
7
58
121
119
83
133
31
116
104
14
108
114
69
36
132
138
111
100
66
74
93
103
112
2
92
37
39
55
115
86
70
124
50
69
35
142
89
41
79
137
22
23
56
82
83
45
68
123
95
128
125
10
103
117
98
3
76
102
107
80
1
12
63
19
44
126
102
139
126
62
53
26
25
13
52
38
82
110
95
46
24
37
31
120
6
56
29
116
86
6
18
113
128
121
23
7
80
96
88
94
76
18
127
28
90
71
135
140
48
122
49
16
57
73
84
46
5
94
72
29
107
9
106
85
91
57
100
70
75
60
15
21
132
105
53
25
75
3
89
123
144
97
13
105
74
6
87
52
125
94
10
130
27
66
91
40
51
81
104
49
102
24
3
56
120
2
134
20
27
141
60
22
105
82
41
94
4
58
48
122
100
115
124
6
37
84
108
136
74
139
98
60
25
112
33
50
46
102
110
67
143
126
137
4
30
2
32
96
39
24
119
95
13
133
89
28
5
51
132
128
139
130
76
65
90
120
11
109
80
140
68
26
28
31
142
47
14
16
64
86
1
33
48
19
17
97
34
65
144
96
113
62
88
78
70
111
71
46
63
91
23
100
113
8
109
92
136
92
78
127
93
138
50
52
87
15
69
90
56
31
25
84
18
16
138
21
137
58
141
118
115
83
95
12
85
129
29
34
26
99
121
64
41
119
9
18
71
20
75
67
101
9
35
7
10
59
62
66
30
80
73
83
3
76
45
7
42
11
133
101
103
53
70
107
17
98
73
103
132
43
61
118
43
79
57
123
45
110
32
135
127
142
135
75
82
79
40
22
114
38
54
129
35
36
77
63
59
81
49
86
72
99
21
39
12
117
42
23
36
8
15
57
131
88
112
5
69
122
121
85
14
44
131
124
108
89
126
140
117
134
55
1
123
106
143
68
44
29
37
106
55
19
125
93
61
53
54
116
107
128
104
47
116
111
77
38
114
72
12
24
23
22
34
35
36
48
60
59
71
72
84
83
82
94
95
96
108
107
106
118
130
131
119
120
132
144
143
142
141
140
128
127
115
116
104
105
93
81
80
68
67
55
56
57
69
70
58
46
45
33
21
20
8
9
10
11
12
24
36
35
47
46
45
44
32
31
43
42
30
18
17
5
6
7
19
31
30
29
41
40
28
27
26
14
15
16
4
3
2
1
13
25
37
38
50
49
61
73
85
86
74
62
63
75
76
88
100
112
111
110
109
97
98
99
87
75
63
51
39
40
52
64
65
53
54
66
78
79
91
103
102
90
89
77
76
88
87
99
111
123
122
121
133
134
135
136
137
138
139
140
141
129
117
105
106
94
93
92
104
103
115
114
126
125
113
101
100
112
124
125
124
123
122
121
133
134
135
136
137
138
139
127
126
114
113
101
102
90
89
77
78
66
65
64
52
53
54
55
43
42
41
29
28
27
39
51
50
62
74
86
98
110
109
97
85
73
61
49
37
38
26
25
13
1
2
14
15
3
4
16
17
5
6
18
19
7
8
20
21
9
10
11
23
22
34
33
32
44
56
68
67
79
91
92
80
81
82
83
71
70
69
57
58
59
47
48
60
72
84
96
95
107
108
120
119
131
132
144
143
142
130
118
117
116
128
129
144
143
142
130
118
106
107
95
83
71
72
84
96
108
120
119
131
132
120
108
96
84
83
82
94
93
81
80
68
67
55
54
53
65
77
78
79
91
103
115
114
113
125
126
138
137
136
135
123
111
112
124
136
137
138
139
140
141
129
117
116
128
127
115
116
104
105
93
92
80
79
67
66
54
42
43
44
45
57
58
59
47
46
34
35
23
22
21
9
8
20
32
31
19
7
6
18
17
29
41
40
28
27
26
25
13
1
2
14
15
3
4
5
6
7
8
9
10
11
12
24
36
48
60
72
71
70
69
68
56
55
43
42
30
29
41
40
39
38
50
62
63
51
52
64
76
75
74
73
85
86
87
88
89
90
102
101
100
99
98
110
122
134
133
121
109
97
85
73
61
49
61
62
74
75
87
86
98
97
109
110
122
121
133
134
135
123
124
112
111
99
100
101
113
125
126
114
102
103
104
92
91
90
89
88
76
77
78
66
65
53
52
64
63
51
50
49
37
25
37
38
39
27
26
14
13
1
2
3
15
16
28
16
4
5
17
18
30
31
19
20
21
33
34
35
23
22
10
11
12
24
36
48
60
59
47
46
45
33
32
44
56
57
58
70
69
81
82
94
106
105
117
118
130
129
128
127
139
140
141
142
143
144
132
131
119
107
95
