##Rat 2 Day 27
 ##rewards
18
29
107
##Vertices
12
11
10
9
21
33
32
20
8
7
6
5
4
16
17
29
28
27
39
38
26
14
13
1
2
3
15
27
39
40
41
42
30
31
19
18
6
7
8
9
10
22
23
24
36
48
60
72
84
83
95
96
108
120
132
144
143
142
130
129
141
140
139
138
126
127
128
116
104
92
93
81
82
70
71
59
47
35
34
46
58
57
45
44
43
55
56
68
80
79
78
90
102
114
113
101
89
77
65
64
52
51
50
49
61
73
85
86
87
75
74
62
63
51
52
53
54
66
67
55
43
44
56
57
69
70
82
94
106
107
119
118
117
105
93
94
106
105
104
103
91
90
89
88
76
64
63
75
76
88
100
112
124
123
111
110
109
97
98
99
100
101
113
125
137
136
135
134
122
121
133
121
133
134
122
123
135
136
124
112
111
110
109
97
98
99
87
86
85
73
74
62
61
49
50
38
37
25
37
25
26
14
13
1
2
3
15
16
4
5
17
29
28
40
41
53
65
77
78
79
91
92
80
81
69
68
67
66
54
42
30
18
19
31
32
20
21
22
23
11
12
24
36
35
34
33
45
46
58
59
47
48
60
72
71
83
84
96
95
107
108
120
132
131
119
118
117
129
128
116
115
103
102
114
115
127
126
125
137
138
139
140
141
142
130
131
143
144
144
132
120
108
107
106
94
95
96
84
72
60
48
47
59
58
46
34
33
21
22
23
11
12
24
36
35
34
33
45
57
69
70
82
83
71
72
84
96
108
120
119
131
143
142
141
140
139
138
126
125
137
136
135
134
133
121
109
110
98
97
85
73
61
62
74
86
87
88
89
101
102
114
115
127
128
129
130
118
117
116
104
105
93
81
80
92
91
90
78
66
65
64
63
51
52
53
54
55
43
44
32
20
8
7
6
5
17
29
30
18
19
31
32
44
56
68
67
79
80
81
93
92
104
103
115
114
113
112
124
123
111
99
100
101
113
112
100
88
76
77
65
53
41
42
43
31
30
42
41
40
39
38
26
27
15
3
4
16
28
40
52
51
50
49
37
25
13
14
2
1
2
1
13
14
26
25
37
38
39
27
15
3
4
16
28
29
17
5
6
18
19
7
8
20
21
9
10
9
10
22
23
11
12
24
36
35
47
48
60
59
58
46
45
57
56
55
54
66
78
77
89
90
102
103
91
79
67
68
69
70
71
83
82
94
95
107
119
131
132
144
143
142
130
118
106
105
117
116
128
129
141
140
139
127
126
138
137
125
124
136
135
134
122
123
111
99
98
86
87
75
76
64
63
75
74
62
50
49
61
73
85
97
109
110
122
121
133
79
23
41
100
13
88
13
9
110
48
6
117
31
18
84
17
89
88
107
28
21
54
138
122
124
115
101
92
113
31
50
139
109
94
128
123
132
51
109
1
60
129
60
134
50
36
5
106
20
5
52
27
143
39
10
132
53
56
14
102
21
127
103
47
67
78
140
136
122
35
92
80
65
126
36
136
9
63
118
114
90
130
115
104
55
65
32
117
127
73
26
72
51
43
81
86
112
89
8
125
114
57
96
66
2
137
116
44
143
78
108
61
23
11
98
135
85
83
103
28
4
87
34
111
29
37
138
48
142
70
87
96
95
22
46
45
58
15
40
70
6
80
142
106
11
29
131
110
105
52
18
39
22
8
144
62
112
30
66
67
16
25
120
113
119
34
100
135
76
129
91
123
97
69
83
72
119
105
94
19
131
76
33
12
30
104
118
137
55
86
133
24
82
4
91
121
45
57
7
42
144
84
111
77
43
71
99
20
56
99
32
128
139
19
35
97
74
95
120
1
101
98
71
26
69
37
44
27
59
75
54
85
49
141
133
130
61
38
74
15
102
41
47
24
16
90
7
140
25
93
126
62
108
79
42
63
14
46
64
64
73
141
125
107
3
75
82
40
3
77
2
58
81
12
53
116
17
121
134
10
68
59
124
93
33
68
38
49
41
144
101
15
129
48
48
29
119
95
136
115
116
139
58
42
123
99
36
24
26
65
9
125
122
34
38
55
4
141
69
22
43
121
143
136
100
8
97
113
10
134
44
68
25
90
119
70
53
60
79
127
76
92
104
109
93
18
61
3
8
49
33
80
132
21
66
89
32
84
128
10
118
14
110
135
63
107
127
85
43
30
110
13
81
39
73
3
116
124
121
31
45
67
1
28
138
120
141
130
68
56
64
1
82
102
71
134
51
15
56
41
86
112
89
98
64
11
104
135
63
126
138
139
61
140
17
6
103
114
85
13
125
72
54
18
111
91
99
132
59
42
112
80
19
94
105
106
109
69
54
20
77
91
58
87
39
53
78
88
96
9
49
24
133
4
62
35
88
16
93
92
62
129
87
31
17
140
28
37
102
103
82
60
34
90
79
38
27
5
117
122
83
75
35
137
46
57
7
2
19
98
55
32
75
118
100
44
83
120
131
2
128
59
86
16
14
22
36
137
115
52
26
40
5
45
142
95
123
78
11
33
71
144
25
108
111
50
133
113
94
67
81
76
20
51
66
70
29
131
23
40
126
27
12
143
46
6
107
101
52
72
84
73
130
47
114
142
108
57
12
23
21
37
124
50
74
47
30
106
96
77
74
7
117
105
65
97
133
121
122
123
124
136
135
134
133
121
109
97
85
86
87
88
76
75
63
64
65
77
89
90
78
66
67
55
54
42
43
44
32
31
30
18
19
7
8
20
21
9
10
22
34
33
45
46
47
35
23
11
12
24
36
48
60
72
71
83
82
94
95
107
119
131
143
144
132
120
108
96
84
72
60
59
58
70
69
81
80
68
56
57
69
68
67
79
91
103
104
116
128
129
117
105
106
118
130
142
141
140
139
138
126
127
115
114
102
101
100
99
98
110
111
112
113
125
137
138
139
140
141
129
128
127
115
116
117
105
93
92
104
103
102
101
100
88
87
75
74
73
61
62
50
49
37
38
26
25
13
14
2
3
15
27
39
40
41
53
52
51
39
27
28
16
4
5
6
7
8
9
21
33
34
35
23
22
10
11
12
24
36
48
47
46
58
59
71
70
82
83
84
96
95
107
108
120
132
144
143
142
130
131
119
118
106
94
93
81
80
92
91
79
78
90
89
77
76
64
52
40
41
53
65
66
54
55
56
57
45
44
32
20
19
31
43
42
30
29
28
29
17
18
6
5
17
16
4
3
15
14
26
38
50
51
63
62
74
86
98
99
111
112
113
114
126
125
137
136
124
123
135
134
122
110
109
97
85
73
61
49
37
25
13
1
2
1
1
2
14
26
38
37
25
13
1
2
3
4
5
17
29
41
42
30
31
43
55
54
53
65
66
67
79
80
68
69
81
93
94
82
70
71
83
84
96
95
107
108
120
119
118
106
105
117
129
130
131
132
144
143
142
141
140
139
127
126
114
113
125
124
123
122
121
133
134
135
136
137
138
139
140
128
116
115
103
102
90
91
92
104
103
91
79
78
77
76
88
87
86
98
99
100
112
111
110
109
97
85
73
61
62
74
75
63
64
52
40
28
16
15
27
39
51
50
49
61
73
85
97
98
86
74
75
87
99
100
101
89
88
76
64
52
40
41
29
30
18
6
7
19
20
8
9
21
22
10
11
23
24
36
35
34
33
45
57
56
44
32
33
34
46
47
48
60
72
84
96
108
107
106
118
130
131
119
120
132
144
143
142
141
129
117
116
128
127
115
114
126
138
137
125
124
136
135
134
133
121
109
110
122
123
111
112
113
101
102
90
89
77
78
66
65
53
54
42
43
44
45
57
56
55
67
68
80
92
104
105
93
94
95
83
82
81
69
70
58
46
58
59
71
72
60
59
47
48
36
35
23
22
21
20
32
31
19
18
17
16
28
27
39
51
63
62
50
49
37
38
26
25
13
14
15
3
4
5
6
7
8
9
10
11
12
24
12
44
98
10
28
60
94
61
127
138
88
46
115
140
114
58
77
79
92
54
68
134
12
23
59
101
1
20
94
22
69
41
24
78
52
38
131
33
70
49
100
111
128
108
8
23
109
117
69
73
27
120
114
68
129
122
34
50
101
96
6
125
126
76
75
36
99
144
137
141
120
133
100
20
74
96
7
105
95
57
106
107
123
97
106
144
81
38
102
88
87
123
4
134
91
15
7
112
104
5
67
66
108
75
39
46
113
32
85
51
40
116
43
129
53
47
55
5
73
121
89
43
52
64
126
29
87
30
72
93
16
104
110
48
119
12
21
119
84
136
31
93
28
45
18
11
44
27
109
118
9
71
79
37
102
128
51
59
3
36
1
29
25
97
90
13
137
86
130
127
132
41
49
136
116
115
22
98
141
99
111
66
122
35
84
2
70
135
17
26
40
132
31
32
54
37
117
81
83
30
14
103
125
62
90
107
39
2
103
19
143
77
80
42
26
95
143
110
61
57
89
6
140
142
124
47
33
8
17
133
82
72
105
19
139
62
63
135
121
74
124
130
16
92
83
112
78
11
65
15
118
18
76
64
25
56
48
138
80
10
14
86
65
53
3
131
42
35
24
56
71
139
45
4
82
13
60
58
85
34
91
9
113
142
67
63
55
50
21
39
49
17
131
74
18
91
7
104
121
101
101
49
6
116
96
86
4
114
56
16
94
7
2
110
13
107
12
24
95
122
19
10
61
52
130
140
9
98
57
46
115
97
141
48
108
10
29
65
3
87
139
135
144
113
69
13
51
54
87
99
55
88
117
41
46
85
18
69
96
25
100
34
131
144
5
143
14
66
142
117
38
20
31
81
37
78
119
136
65
93
77
63
32
139
82
57
128
36
64
120
127
115
100
51
91
106
63
19
53
62
43
75
79
108
31
3
109
62
84
21
28
64
60
105
50
92
82
23
50
130
76
125
20
73
30
42
104
90
83
58
24
114
118
109
83
81
103
71
59
132
22
37
45
140
129
111
71
52
29
30
134
73
136
133
44
8
43
129
41
105
111
80
89
26
94
34
27
123
137
133
116
127
48
25
86
74
4
53
61
45
68
106
1
21
78
38
120
35
77
126
33
55
90
6
12
66
72
35
58
54
89
107
42
97
75
5
134
143
32
102
40
132
112
36
9
15
79
113
2
17
118
112
92
124
14
70
124
88
126
141
11
125
84
22
16
1
80
44
67
110
15
135
47
123
138
70
102
138
47
128
56
122
76
59
67
119
72
103
28
68
60
142
33
98
85
8
93
95
99
26
137
39
27
121
40
11
23
12
11
23
35
36
24
12
11
10
22
21
20
32
44
43
55
67
66
65
64
63
51
52
40
39
38
50
49
61
62
74
73
85
86
98
99
111
110
109
97
85
73
61
49
37
25
26
14
13
1
2
3
15
27
28
16
4
5
6
18
30
31
19
7
8
9
10
22
34
33
45
57
69
81
93
92
91
79
80
68
56
57
58
46
47
48
60
72
71
83
84
96
95
107
119
120
108
96
84
72
60
59
71
70
82
94
106
105
104
103
115
127
128
140
139
138
137
125
113
112
124
136
135
134
122
123
111
112
100
101
89
90
102
114
126
138
139
140
141
129
130
131
132
144
143
142
141
129
117
116
104
103
91
92
80
68
56
55
54
53
41
29
17
5
4
16
28
40
52
64
76
77
78
79
67
66
78
90
102
101
113
114
115
116
128
127
126
125
137
136
124
123
135
134
133
121
133
121
122
110
109
97
98
99
87
86
74
62
50
38
37
25
26
14
13
1
2
3
15
27
39
51
63
75
87
75
76
88
100
88
89
77
65
53
54
42
43
44
32
31
30
42
41
29
17
18
6
7
19
20
8
9
21
33
45
46
34
35
23
24
36
48
47
59
58
70
69
81
82
94
93
105
117
118
106
118
119
131
130
142
143
144
132
120
108
107
95
83
133
134
122
110
109
97
85
73
74
75
76
77
65
66
54
53
41
29
30
42
43
55
67
68
56
57
58
70
71
72
84
96
108
120
119
118
117
116
128
140
141
129
130
131
143
144
132
120
108
107
95
83
82
81
69
57
45
46
34
33
21
20
19
18
6
7
8
9
10
22
23
11
12
24
36
48
60
59
47
35
34
46
58
70
69
81
93
94
106
105
104
103
91
90
78
79
80
92
93
105
104
116
115
114
113
125
126
127
139
138
137
136
124
123
135
136
137
125
113
112
111
99
87
86
98
97
85
73
61
62
63
64
52
40
39
27
26
25
37
38
50
49
37
25
13
1
2
14
15
3
4
5
17
16
28
29
30
31
32
44
43
42
41
53
54
66
78
90
102
101
100
88
100
101
89
88
89
77
65
64
76
75
87
99
111
112
124
123
135
134
122
121
133
121
109
110
98
86
74
62
61
49
50
51
63
51
52
40
39
38
26
14
13
1
2
3
15
27
28
16
4
5
17
18
6
7
8
20
19
31
32
44
45
33
21
9
10
22
23
11
12
24
36
35
47
48
60
59
71
72
84
96
95
83
82
94
106
107
119
131
132
144
143
142
141
142
130
118
117
129
128
140
139
138
126
127
115
114
102
103
91
79
67
55
56
68
80
92
136
70
119
93
50
41
100
42
64
88
52
115
51
53
38
8
105
36
130
63
50
121
144
96
29
30
20
47
74
79
10
1
108
80
19
136
141
101
4
37
6
93
9
14
19
22
127
68
42
52
121
115
49
113
13
11
67
87
30
77
86
111
28
90
104
80
56
33
120
71
88
65
23
109
138
83
48
130
16
25
117
107
95
14
78
110
124
70
68
107
123
41
141
35
132
103
94
140
76
39
77
47
46
37
143
73
64
55
61
108
135
112
110
112
75
27
12
4
94
87
89
126
84
125
118
76
44
58
116
31
82
38
114
74
63
66
2
16
102
32
101
89
82
8
85
117
126
17
15
24
2
5
84
81
69
43
13
96
28
133
103
34
98
44
1
128
81
144
22
15
57
140
98
139
133
111
143
131
54
26
104
142
116
109
20
72
106
18
73
131
25
54
31
91
92
137
5
67
34
78
39
46
125
66
106
120
124
122
60
90
123
49
29
119
45
75
79
61
59
86
58
71
134
36
137
122
62
43
134
142
53
60
3
95
100
83
129
128
9
45
97
97
51
139
91
72
113
24
129
127
57
114
55
85
40
3
92
21
135
62
21
11
6
40
138
7
132
10
99
26
7
102
32
105
65
69
99
35
33
118
18
27
17
23
56
12
59
48
138
84
86
89
67
112
77
7
139
138
69
71
71
58
100
14
64
8
29
69
47
132
55
98
54
116
136
1
94
144
49
107
134
9
34
66
117
87
135
9
82
99
30
130
83
57
129
5
84
76
90
46
25
142
102
131
59
6
29
48
4
140
32
104
42
120
114
51
63
2
60
119
2
126
33
38
40
113
65
35
20
74
80
81
61
36
122
74
135
58
40
6
103
105
86
33
39
123
39
10
128
61
107
45
19
78
77
72
73
65
60
106
11
28
104
99
121
55
93
123
28
52
17
126
50
82
125
92
18
130
18
52
43
62
133
122
132
98
56
96
92
35
63
8
70
24
62
25
137
108
30
7
4
3
75
44
90
51
41
120
144
68
133
115
114
127
57
23
97
139
41
26
23
108
125
124
140
93
111
43
85
97
66
44
21
59
80
117
91
76
110
46
36
14
70
5
27
22
12
143
22
136
143
83
134
95
19
81
42
118
113
37
13
87
109
31
10
111
101
95
48
119
15
34
128
37
110
31
91
89
1
56
103
102
67
79
15
11
17
16
115
73
141
131
3
79
21
49
105
72
45
16
12
88
26
53
13
75
94
127
100
20
68
50
53
137
118
106
27
116
112
54
85
142
141
78
24
88
64
96
129
109
47
121
101
124
32
38
