##Rat 4 Day 3
 ##rewards
126
113
47
##Vertices
12
11
10
9
8
20
21
33
34
46
45
44
43
42
30
29
41
53
54
66
65
77
76
64
63
75
74
73
61
49
50
62
63
51
52
40
28
16
17
5
4
3
2
1
13
14
26
25
37
38
39
27
15
3
4
5
6
18
19
31
32
33
34
22
23
35
36
48
60
72
71
70
58
57
56
68
67
55
54
53
52
51
39
40
41
42
43
44
45
46
47
59
60
72
84
83
82
81
80
92
104
116
117
105
106
107
108
120
132
131
130
118
119
120
108
96
95
94
93
105
117
129
141
140
139
127
115
103
91
90
89
88
87
86
85
97
109
121
133
134
135
136
124
125
137
138
126
114
102
101
100
112
113
101
100
99
111
123
122
110
98
99
111
112
113
114
102
90
78
79
91
92
80
79
78
77
89
88
87
75
76
64
65
66
67
55
56
57
58
59
71
70
69
68
69
81
93
94
82
83
84
96
95
107
106
118
119
131
130
142
143
144
132
144
143
142
141
140
128
129
128
116
104
103
115
127
139
138
126
125
137
136
124
123
135
134
133
121
122
110
109
97
98
86
85
73
74
62
61
49
50
38
37
25
13
1
2
14
26
27
15
16
28
29
17
18
30
31
32
20
19
7
6
7
8
9
21
22
10
11
23
35
47
48
36
24
12
24
144
132
131
130
118
119
120
108
96
95
83
84
72
71
70
58
59
60
48
47
46
34
22
23
35
36
24
12
11
10
9
8
20
19
31
32
44
45
57
69
68
80
79
91
92
93
81
82
94
106
105
117
129
128
140
141
142
143
144
132
120
119
107
106
105
104
116
115
103
102
114
126
125
137
138
139
127
115
114
113
101
100
112
111
110
122
123
124
136
135
134
133
121
109
97
98
86
85
73
61
49
50
62
74
75
63
64
52
40
28
27
26
25
37
38
39
51
63
75
87
99
100
88
76
77
89
90
78
66
67
55
43
42
54
53
65
64
52
51
39
27
15
14
13
1
2
3
4
5
6
7
8
9
21
33
45
46
58
57
56
44
43
31
30
18
17
29
41
40
28
16
17
16
15
14
13
1
2
3
4
5
6
7
19
18
30
29
41
42
54
53
65
66
78
77
76
88
89
90
91
103
102
101
113
112
111
99
87
86
74
62
50
38
26
25
37
49
61
73
85
97
98
110
109
121
133
134
122
123
135
136
124
125
137
138
126
127
139
140
128
129
141
142
143
131
130
118
117
116
104
92
80
79
67
55
56
68
69
70
71
83
82
81
93
94
95
107
108
96
84
72
60
59
47
48
36
35
23
24
12
11
10
22
34
33
32
20
21
79
89
132
90
74
63
127
54
29
113
17
7
11
6
47
28
103
30
87
26
49
86
95
14
36
143
103
24
4
75
101
106
128
52
4
140
77
5
90
59
142
73
119
123
133
116
78
128
27
84
109
1
73
10
117
55
44
91
29
130
139
45
79
45
60
35
94
72
67
49
115
53
100
57
1
94
65
81
125
20
134
12
50
37
132
32
137
108
102
120
105
69
31
33
74
85
61
61
66
81
109
25
82
110
14
47
71
112
122
70
134
65
68
51
9
58
107
23
64
110
54
27
50
133
10
114
2
100
8
87
2
35
141
126
72
62
3
46
104
96
6
136
16
67
44
39
115
34
116
108
83
106
135
131
76
99
95
96
52
3
21
113
138
98
20
101
11
9
60
59
89
33
129
121
84
120
46
16
48
139
19
92
118
22
85
75
51
135
77
93
13
105
7
83
123
82
43
131
57
88
86
21
69
127
111
64
5
39
22
91
17
124
97
68
97
125
126
119
112
118
76
121
114
99
25
66
70
144
98
80
40
143
107
92
56
41
40
8
142
117
36
88
34
104
53
38
28
19
31
140
124
111
32
37
18
71
138
130
136
42
55
63
137
30
56
48
93
26
42
15
62
129
23
18
24
43
102
15
78
13
144
80
38
58
12
41
122
141
136
35
82
111
73
60
111
81
77
129
7
54
52
33
132
26
48
26
30
1
108
143
124
23
142
144
55
104
126
65
3
22
99
121
40
34
84
71
94
36
97
58
134
108
6
114
89
107
10
12
135
37
104
49
97
20
14
120
32
47
47
70
63
96
98
53
42
88
11
40
103
50
61
29
143
119
78
100
110
89
13
41
35
45
138
19
73
59
75
46
113
91
51
138
2
24
128
109
28
20
29
46
144
96
69
115
118
24
116
44
92
72
6
64
16
119
67
127
14
21
78
90
45
125
110
65
28
30
76
41
140
48
102
68
19
99
16
137
135
86
71
27
62
133
9
84
93
92
109
5
91
122
114
137
17
117
23
132
25
15
13
113
21
101
8
75
130
79
98
44
8
61
53
125
126
142
54
102
74
112
82
140
105
103
77
2
116
31
69
88
123
81
95
124
94
68
9
118
1
31
62
55
57
136
18
72
4
139
133
129
27
15
120
128
74
57
32
5
66
101
12
36
38
80
38
70
60
100
80
86
7
79
127
56
49
121
37
87
50
58
76
59
83
85
18
85
139
63
115
22
122
43
106
25
4
131
90
123
51
134
131
67
83
117
106
95
66
105
17
112
107
11
130
42
34
43
87
3
93
141
10
33
52
56
39
39
64
141
133
134
135
123
122
110
109
121
133
134
135
136
137
138
139
140
141
142
130
118
119
120
108
96
84
72
60
59
47
48
36
35
23
11
10
9
21
22
34
46
58
70
71
83
82
81
69
57
56
55
43
42
54
66
67
68
80
79
78
90
102
101
113
125
124
112
111
99
87
86
85
97
98
99
100
88
76
64
65
77
89
88
100
101
89
77
78
90
91
92
93
94
95
107
106
105
104
103
115
116
117
129
128
127
126
114
115
116
104
105
93
94
82
81
69
57
45
44
32
33
34
46
45
44
43
31
30
29
41
53
52
40
39
27
28
16
15
14
26
38
37
25
13
1
2
3
4
5
17
18
19
20
8
7
6
5
4
16
28
27
39
51
50
49
61
73
74
62
63
75
87
86
98
110
111
112
113
114
102
103
91
92
80
79
67
66
65
64
76
75
74
62
63
51
50
38
26
14
15
3
2
1
13
25
37
49
61
73
85
97
109
121
122
123
124
136
137
125
126
138
139
127
128
140
141
142
130
129
117
118
106
107
119
131
132
131
143
144
143
144
132
120
108
96
95
83
84
72
71
70
58
59
60
48
47
35
36
24
12
11
12
24
23
22
10
9
21
33
32
31
19
20
8
7
6
18
17
29
30
42
41
40
52
53
54
55
56
68
1
13
25
26
27
28
16
17
18
19
7
6
5
4
3
15
14
2
3
4
5
6
18
30
29
41
42
54
55
67
68
80
92
91
90
78
66
65
64
63
75
87
86
74
73
85
97
109
110
111
99
98
97
85
73
61
49
37
38
39
51
50
62
63
51
52
40
41
53
54
66
67
79
80
81
69
57
45
44
32
20
21
33
34
22
23
35
47
48
60
59
58
70
71
72
84
83
95
94
93
105
106
118
130
142
143
144
132
131
119
120
108
96
84
72
60
48
36
24
12
11
10
9
8
7
19
31
43
55
56
68
69
81
82
94
93
105
117
129
128
127
115
116
104
103
102
114
126
138
137
125
113
101
89
77
76
88
100
112
124
123
122
121
133
134
135
136
137
138
139
140
139
127
126
114
113
125
124
136
135
123
122
134
133
121
109
110
98
99
111
112
100
88
87
86
74
75
76
64
52
53
65
77
89
101
102
90
78
79
91
92
104
103
115
116
128
140
141
142
141
129
117
118
130
131
143
144
132
120
119
107
106
107
108
96
95
83
82
70
71
59
47
46
34
22
23
35
36
24
12
11
10
9
8
20
21
33
45
46
58
57
56
44
32
31
43
42
30
29
28
40
39
27
26
38
50
62
61
49
37
25
13
1
2
14
15
16
17
143
40
106
8
19
53
13
83
112
45
132
101
76
120
101
19
121
66
137
144
72
47
86
107
17
79
74
51
92
12
105
88
26
30
94
25
15
39
68
49
1
60
31
115
129
23
23
41
37
97
125
22
44
132
140
34
18
6
6
118
143
9
84
109
80
66
65
121
129
131
73
113
48
126
100
57
126
103
54
13
104
52
81
28
94
24
62
96
87
111
133
38
52
99
16
64
58
102
61
108
55
3
62
72
135
3
53
67
42
35
118
97
31
77
60
80
83
36
7
73
12
41
77
85
44
99
115
9
100
10
141
85
43
128
45
34
76
110
58
82
33
98
4
14
134
61
136
95
140
86
59
20
8
69
57
87
32
32
10
104
123
48
11
88
128
109
21
114
131
93
78
20
112
84
75
50
107
114
43
136
39
117
122
134
69
130
38
29
139
64
15
65
21
102
122
22
89
47
14
95
27
96
42
70
144
142
124
103
81
82
110
93
135
63
79
75
127
29
113
49
120
2
119
117
50
11
26
30
127
91
36
70
138
125
105
59
51
17
7
119
90
67
116
2
28
68
98
16
54
46
18
5
108
1
106
74
25
35
78
116
137
71
139
63
37
27
71
89
56
141
124
33
92
91
111
55
5
133
130
90
46
56
4
123
142
24
138
40
94
112
90
30
138
28
36
141
144
75
136
12
31
87
85
8
14
45
115
74
6
116
104
95
29
78
107
47
59
77
6
50
40
53
103
81
117
86
37
26
67
27
137
41
3
129
19
58
33
127
2
132
132
105
69
63
51
40
79
83
110
21
9
14
12
94
90
55
126
129
82
76
76
55
49
35
127
139
89
68
88
23
143
91
106
33
25
142
100
141
73
125
113
73
123
68
26
65
113
139
72
121
71
109
63
123
136
48
103
74
118
95
114
59
4
80
64
109
84
4
140
1
144
140
104
46
58
82
16
39
62
84
93
34
108
99
92
97
131
93
13
137
128
83
114
11
70
110
135
111
97
120
65
108
134
21
120
22
18
39
71
119
49
126
121
51
88
30
101
29
101
60
115
42
102
61
10
19
85
56
130
5
64
98
15
46
70
92
87
22
116
130
18
61
36
69
27
7
131
47
117
5
102
128
10
72
38
122
98
105
31
54
11
43
99
52
38
20
96
2
112
80
66
35
28
24
16
57
81
56
34
124
37
89
133
45
78
54
60
32
143
66
91
23
13
135
1
7
122
111
106
67
41
79
142
52
100
15
107
86
57
134
17
17
44
44
125
50
77
62
24
25
96
75
3
48
124
42
53
43
138
118
9
8
32
133
20
119
12
11
10
9
21
20
8
7
6
5
4
3
2
1
13
14
26
25
37
38
39
40
52
53
41
42
30
31
43
55
67
68
69
81
82
70
58
59
47
46
34
35
23
24
36
48
60
72
84
96
95
107
108
120
132
144
143
142
141
129
130
131
119
118
117
105
104
92
91
90
102
103
115
116
128
127
126
125
124
136
137
138
139
140
141
142
130
118
106
94
93
105
106
94
82
83
71
70
69
57
45
44
56
55
54
66
65
77
78
79
80
68
56
57
58
46
45
33
32
44
43
31
19
18
17
29
28
16
15
27
39
51
50
49
61
62
74
73
85
86
98
97
109
110
122
121
133
134
135
123
111
112
113
101
100
88
76
64
63
75
87
99
111
112
100
101
89
88
76
64
52
51
50
49
61
73
74
62
63
75
87
99
98
86
85
97
109
110
122
121
133
134
135
123
124
136
137
125
113
114
102
114
115
127
126
138
139
140
128
129
117
116
104
103
91
92
93
81
80
79
67
66
78
90
89
77
65
53
54
42
30
18
19
20
32
33
34
22
21
22
23
35
47
59
71
83
95
107
119
131
143
144
132
120
108
96
84
72
60
48
36
24
12
11
10
9
8
7
6
5
17
16
4
3
15
14
2
1
13
25
37
38
26
27
28
40
41
29
1
2
3
15
27
39
38
50
62
74
73
61
49
37
25
26
14
13
25
37
49
61
62
63
51
52
64
65
77
78
90
91
92
80
68
67
66
54
42
30
31
32
20
19
7
8
9
10
22
34
33
21
9
8
7
6
5
4
16
28
29
17
18
30
29
41
40
52
53
65
66
78
79
91
103
102
101
100
88
87
86
98
99
111
110
122
123
124
136
137
125
113
114
126
138
139
127
128
116
104
105
117
118
119
120
132
144
143
131
130
142
141
140
139
138
137
136
135
134
133
121
109
97
85
73
74
75
76
77
89
90
102
103
115
116
104
105
106
107
95
83
82
94
93
81
69
70
71
72
60
59
58
57
56
55
43
44
45
46
47
35
23
11
12
24
36
48
60
72
84
96
84
83
71
70
58
59
47
48
36
35
23
24
12
11
10
22
21
33
34
46
45
44
32
20
19
31
43
42
41
53
54
55
56
57
69
68
67
79
80
92
93
81
82
94
95
96
108
120
108
107
106
118
119
131
132
144
143
142
130
129
117
129
141
140
128
127
115
114
126
125
124
112
111
110
122
123
135
134
133
121
109
97
85
86
98
99
100
112
113
101
89
88
87
75
76
64
63
51
39
40
28
27
15
16
17
18
6
5
4
3
2
1
13
14
26
38
50
68
118
18
101
23
110
48
58
28
9
30
65
6
15
141
11
136
20
32
59
114
90
37
31
81
53
115
102
127
90
78
30
50
45
136
112
12
27
93
89
117
143
44
58
62
55
71
67
62
66
51
72
124
99
97
73
2
44
72
137
120
112
42
94
111
54
101
143
43
46
80
140
104
123
142
29
51
42
49
118
27
113
84
132
98
56
77
17
109
120
39
61
60
105
8
142
10
107
85
24
71
88
49
79
63
19
46
103
2
102
64
128
96
92
132
89
86
29
40
119
32
125
98
48
68
135
106
122
16
50
104
116
64
38
103
47
60
52
87
78
133
73
66
119
131
111
76
7
138
107
38
39
74
122
144
47
144
82
23
1
35
1
109
134
35
82
25
7
3
133
81
8
61
127
130
131
13
70
57
130
55
19
126
140
4
91
117
41
108
95
125
79
129
54
93
26
100
18
92
22
33
99
33
113
83
76
28
25
31
96
85
24
105
36
126
84
91
83
137
14
41
14
95
123
110
22
69
128
15
5
5
12
97
10
34
21
3
115
59
106
16
75
53
37
86
134
108
141
87
138
11
77
40
4
36
88
17
135
21
43
65
116
124
69
67
63
129
52
13
34
139
70
94
57
75
80
121
139
20
26
45
74
6
100
9
121
56
114
78
29
35
134
1
122
73
114
70
41
132
82
103
2
12
31
49
1
13
22
139
85
66
134
93
85
86
123
57
65
61
74
141
103
21
83
114
124
67
119
80
39
75
18
30
9
4
121
32
28
140
38
100
55
25
101
109
79
94
72
98
41
24
107
25
22
87
118
21
56
46
53
71
115
108
23
3
142
72
70
97
54
62
36
92
62
112
19
47
57
37
138
128
88
60
133
14
37
34
45
69
7
30
50
131
141
31
144
76
75
63
52
135
106
92
100
91
123
84
130
117
95
6
81
12
65
107
109
58
45
39
111
98
46
33
47
120
111
112
67
27
105
40
94
131
42
14
102
110
5
80
115
35
34
99
17
26
28
106
129
127
63
58
74
138
64
29
55
116
44
17
16
116
16
86
142
144
68
135
61
82
73
93
113
97
120
56
125
68
43
110
83
129
20
78
102
95
132
79
13
137
26
140
52
133
96
99
40
143
127
60
27
126
119
24
23
19
89
77
143
7
4
49
130
59
108
8
11
38
71
136
90
6
5
69
105
51
90
10
81
76
2
20
10
125
15
66
48
118
113
8
101
96
77
36
136
104
11
9
42
88
84
48
51
117
137
33
18
44
15
32
64
89
104
53
91
121
124
128
59
87
50
122
3
126
54
139
43
