##Rat 8 Day 20
 ##rewards
71
58
124
##Vertices
115
27
56
85
106
27
101
18
24
93
137
111
39
89
59
111
32
80
9
12
73
68
96
102
68
49
23
26
69
124
131
142
13
19
44
108
54
57
37
76
122
75
127
126
91
39
45
133
138
57
60
65
51
113
88
100
49
64
120
31
103
12
92
32
55
138
11
14
50
89
71
78
123
86
122
25
119
98
77
131
101
123
22
69
56
80
2
94
74
54
107
76
51
81
98
132
9
141
46
117
41
52
48
109
14
58
84
46
134
84
103
5
112
7
3
70
5
40
129
133
43
17
85
95
100
10
104
40
141
139
97
116
88
63
118
25
129
135
78
126
29
44
20
13
35
127
74
33
142
92
28
125
33
21
50
99
23
94
105
114
28
77
102
115
30
99
79
36
4
34
70
43
11
106
108
29
53
34
113
22
63
90
73
130
140
42
132
136
135
90
128
143
139
143
134
8
38
119
82
18
62
47
96
136
124
117
110
118
144
82
19
95
120
65
41
10
16
137
67
17
35
36
45
87
104
83
81
114
1
83
75
144
6
60
130
4
30
2
1
87
61
59
55
37
107
15
61
26
24
91
86
97
20
71
128
79
7
105
112
72
62
42
3
93
66
121
52
109
8
125
110
58
66
116
38
15
121
31
64
6
21
140
67
16
48
47
72
53
66
107
43
84
129
72
9
68
116
25
73
7
112
44
127
1
39
20
75
138
22
40
96
129
143
97
33
15
7
122
31
114
140
34
92
98
125
63
91
83
88
78
62
64
139
86
53
41
144
94
114
30
31
76
110
89
87
124
81
26
50
35
56
132
99
121
93
19
101
54
1
120
11
51
123
19
45
23
8
49
13
85
14
44
56
126
76
112
39
72
71
24
14
11
66
138
55
113
16
27
121
45
84
29
41
4
28
93
99
74
52
47
90
55
102
94
36
118
63
96
109
79
17
125
65
73
97
134
115
101
82
71
119
40
104
130
108
136
67
81
122
102
89
85
100
127
133
2
29
111
10
61
128
53
77
78
67
131
140
113
119
5
60
12
69
131
126
4
48
141
88
83
139
135
37
2
54
59
27
86
91
57
46
42
18
118
137
123
117
70
36
141
132
75
32
100
115
103
62
61
46
79
51
69
136
117
30
58
26
137
10
12
21
65
25
105
116
106
109
24
47
6
60
21
95
134
77
6
49
143
124
82
133
105
64
58
3
48
110
120
111
52
15
130
38
35
22
144
103
16
37
20
80
57
18
128
59
43
108
23
42
87
8
17
38
33
74
142
3
95
13
32
80
107
104
92
50
106
70
28
9
142
34
5
90
98
68
135
133
134
135
136
137
125
113
114
126
138
139
127
115
103
91
90
102
101
100
112
124
123
122
121
109
110
111
99
87
86
85
97
98
99
87
75
63
64
76
88
89
77
65
66
78
79
67
68
69
57
45
44
56
55
43
31
32
20
19
7
8
9
10
22
21
33
34
46
47
48
36
24
23
35
36
48
60
59
58
70
71
83
95
107
108
96
84
72
60
59
47
46
58
57
45
33
32
31
30
18
6
5
4
16
17
29
28
40
52
53
54
42
41
40
39
51
50
62
74
73
61
49
37
38
26
25
13
14
2
3
15
27
39
51
52
64
76
88
100
101
113
114
102
103
104
105
106
94
82
81
80
92
93
94
106
118
117
116
128
129
141
142
130
131
143
144
132
120
119
118
117
129
130
142
143
144
132
131
119
120
108
107
95
96
84
72
71
83
82
70
69
68
56
44
43
55
54
53
65
66
67
79
78
77
89
90
91
92
80
81
93
105
104
116
115
127
128
140
141
140
139
138
126
125
137
136
135
123
124
112
111
110
122
134
133
121
109
97
98
86
85
73
74
75
63
62
61
49
50
38
37
25
26
14
15
27
28
16
17
29
41
42
30
18
19
20
21
22
34
35
23
11
12
24
12
11
10
9
8
7
6
5
4
3
2
1
13
1
144
132
120
108
96
95
94
82
83
84
72
71
70
69
68
80
81
93
105
106
107
119
131
143
142
130
118
117
116
128
140
141
129
117
116
115
114
102
103
104
92
91
90
78
79
67
66
54
42
41
40
52
53
65
64
63
51
50
62
61
49
37
25
26
38
39
27
28
16
4
3
2
14
15
3
4
5
17
29
30
18
19
20
21
9
8
7
6
5
17
16
28
29
41
40
39
51
63
75
74
73
85
97
98
86
87
99
100
101
89
77
76
88
100
112
113
125
126
127
139
138
137
136
124
123
135
134
122
121
109
110
111
112
113
101
102
103
104
105
93
94
82
81
69
57
45
33
32
31
43
55
56
44
32
33
34
46
58
59
47
48
36
35
23
24
12
11
10
22
34
46
47
35
36
24
12
11
23
22
10
9
21
20
8
7
6
18
19
31
30
42
54
53
52
64
65
77
89
90
78
66
67
79
91
92
80
68
56
55
43
44
45
57
58
70
71
59
60
48
60
72
84
83
95
96
108
120
119
107
106
118
130
131
132
144
143
142
141
129
128
140
139
127
115
114
126
138
137
125
124
136
135
123
122
110
111
99
98
86
87
88
76
75
74
62
50
38
26
27
15
14
13
1
2
1
13
25
37
49
61
73
85
97
109
121
133
134
133
49
87
131
98
102
46
120
144
138
71
94
45
96
126
17
5
61
106
51
83
7
117
137
141
113
32
125
31
3
111
69
74
74
105
9
68
14
143
48
59
8
33
122
97
24
85
61
116
22
72
62
16
124
11
129
39
66
129
95
81
133
112
101
6
142
86
6
116
128
18
31
139
73
81
106
113
126
25
13
136
54
59
36
112
47
70
43
39
109
40
47
44
12
42
3
20
78
56
92
119
30
115
41
15
130
48
123
65
127
100
92
107
123
49
119
27
75
44
111
5
52
35
22
50
103
15
37
84
79
136
11
2
118
8
133
20
55
68
19
130
57
80
82
120
67
100
14
64
69
99
36
143
56
29
114
34
75
135
53
62
58
99
90
18
89
121
127
21
19
7
13
134
70
91
26
82
1
50
72
60
91
87
23
93
26
132
76
1
101
57
94
88
83
38
117
52
124
2
66
27
114
90
25
108
128
95
109
16
131
104
98
79
110
29
103
35
78
134
135
41
53
63
67
86
24
54
46
107
102
37
80
28
141
30
132
64
40
73
34
28
97
122
10
9
138
144
42
17
121
89
51
55
60
110
77
32
33
104
93
88
4
105
76
4
77
45
142
10
115
63
71
140
58
139
65
96
38
23
140
118
21
85
43
125
137
84
12
108
100
108
116
41
115
136
137
13
82
39
68
104
49
27
57
52
125
143
19
46
61
55
101
109
5
103
115
137
126
77
85
70
81
10
79
96
63
122
95
114
83
47
141
113
89
58
139
26
122
90
30
26
118
112
98
94
1
129
52
65
92
50
107
78
71
127
88
91
24
97
6
2
46
119
4
131
132
74
101
140
134
48
45
29
108
59
116
135
86
41
106
18
54
80
19
34
24
73
73
128
50
33
89
5
88
15
21
104
121
75
2
4
110
76
63
1
87
117
138
111
77
43
56
54
38
99
132
140
7
79
28
8
6
107
60
127
144
130
139
112
12
61
9
142
134
131
58
133
33
105
135
37
106
34
91
119
76
36
98
69
128
75
126
129
110
29
86
14
51
23
7
45
123
74
102
81
22
103
44
18
113
25
72
102
48
28
93
90
57
84
9
105
130
124
35
84
67
12
114
59
3
20
72
16
27
22
143
64
35
49
100
141
42
32
21
37
142
14
8
60
43
93
23
83
80
51
123
87
10
144
39
20
40
66
17
66
32
36
99
92
109
16
85
124
94
120
111
53
47
117
69
42
62
95
40
31
3
118
15
25
125
13
136
55
62
44
138
65
11
68
17
56
31
64
97
133
78
120
82
121
70
38
11
53
96
67
71
30
1
13
25
37
38
39
51
50
49
61
73
85
97
98
86
87
99
111
112
124
123
122
134
133
121
109
110
111
112
100
88
76
75
63
62
74
73
61
49
37
25
26
14
2
3
4
5
6
7
19
20
8
9
10
11
12
24
36
35
47
48
60
72
84
83
71
59
58
57
56
44
43
31
30
18
17
16
15
27
28
29
41
40
52
64
65
53
54
55
67
79
80
81
82
94
93
92
91
90
102
101
113
125
137
138
139
140
128
116
115
127
126
114
113
101
89
77
78
66
65
64
52
53
41
42
30
31
32
33
21
22
34
46
45
44
32
33
45
57
69
68
80
92
104
103
102
114
115
103
104
105
106
107
119
118
130
142
141
129
117
105
93
94
95
96
108
120
132
131
143
144
143
144
132
131
119
120
108
107
106
118
130
142
141
129
117
116
128
140
139
127
126
138
137
125
124
136
135
136
135
123
122
134
133
121
109
110
98
97
85
86
87
99
100
88
89
90
91
79
67
68
56
55
43
42
54
66
78
77
76
75
74
62
63
51
50
38
26
14
13
1
2
3
15
27
39
40
28
29
17
16
4
5
6
18
19
7
8
20
21
9
10
11
23
22
34
46
47
59
58
70
69
81
82
70
71
83
95
96
84
72
60
48
36
35
23
24
12
12
11
10
9
21
33
32
20
8
7
6
5
4
16
17
29
28
27
39
38
26
14
13
1
2
3
15
27
39
40
41
42
30
31
19
18
6
7
8
9
10
22
23
24
36
48
60
72
84
83
95
96
108
120
132
144
143
142
130
129
141
140
139
138
126
127
128
116
104
92
93
81
82
70
71
59
47
35
34
46
58
57
45
44
43
55
56
68
80
79
78
90
102
114
113
101
89
77
65
64
52
51
50
49
61
73
85
86
87
75
74
62
63
51
52
53
54
66
67
55
43
44
56
57
69
70
82
94
106
107
119
118
117
105
93
94
106
105
104
103
91
90
89
88
76
64
63
75
76
88
100
112
124
123
111
110
109
97
98
99
100
101
113
125
137
136
135
134
122
121
133
121
133
134
122
123
135
136
124
112
111
110
109
97
98
99
87
86
85
73
74
62
61
49
50
38
37
25
37
25
26
14
13
1
2
3
15
16
4
5
17
29
28
40
41
53
65
77
78
79
91
92
80
81
69
68
67
66
54
42
30
18
19
31
32
20
21
22
23
11
12
24
36
35
34
33
45
46
58
59
47
48
60
72
71
83
84
96
95
107
108
120
132
131
119
118
117
129
128
116
115
103
102
114
115
127
126
125
137
138
139
140
141
142
130
131
143
144
67
49
53
135
126
27
110
52
37
81
99
76
69
11
78
57
126
12
138
87
104
20
61
97
144
36
73
144
8
41
80
118
26
51
59
3
142
103
109
98
92
2
36
27
133
113
43
131
72
29
83
123
47
43
88
23
56
68
102
100
139
15
101
44
66
80
31
88
19
131
143
106
13
63
103
9
4
123
12
31
61
1
14
122
24
64
83
71
15
121
79
125
39
16
84
3
122
2
118
5
55
18
95
68
64
52
96
73
141
136
136
109
111
86
91
97
41
119
45
93
99
50
60
62
137
119
78
17
98
135
108
127
115
77
21
66
137
75
58
74
34
20
69
114
39
8
21
47
91
81
51
132
33
32
34
116
120
89
93
62
1
67
57
102
37
48
84
28
77
56
46
127
82
35
111
117
130
90
30
85
48
128
79
134
70
26
85
116
134
7
40
107
30
70
32
23
18
38
139
140
106
29
87
22
105
108
4
133
89
112
38
75
5
50
42
65
40
55
28
16
71
19
94
138
140
105
6
13
124
124
46
92
129
65
90
114
33
117
100
22
17
72
96
63
53
121
120
14
60
112
25
104
125
94
128
113
129
11
58
24
132
45
82
42
143
101
10
141
130
115
76
35
44
54
9
59
110
49
86
142
74
95
10
25
6
7
54
107
96
106
85
30
31
39
89
22
91
137
95
36
87
12
114
64
40
57
80
144
77
32
135
135
45
48
119
93
63
117
92
16
143
123
118
56
28
4
21
51
104
95
90
86
59
47
83
39
16
134
29
62
82
99
12
128
124
32
49
27
110
1
43
1
99
27
105
76
109
54
80
128
85
131
97
103
120
38
30
86
69
124
7
106
46
56
121
134
54
122
71
98
14
84
18
83
139
118
91
46
41
9
101
5
88
140
63
44
3
122
66
100
51
47
140
66
62
22
94
65
35
17
34
126
52
19
73
78
130
26
114
121
78
17
37
113
98
18
115
72
133
24
24
68
104
101
42
131
139
50
143
15
89
141
53
20
127
87
138
14
84
55
13
81
115
38
74
44
79
10
25
6
6
33
93
103
92
64
129
3
25
111
71
144
111
107
116
59
112
97
88
40
127
132
123
94
5
58
45
28
60
29
100
90
102
11
132
109
9
125
126
23
112
133
142
8
11
26
96
70
50
129
74
49
55
82
125
119
107
75
75
136
13
141
68
105
2
20
21
2
10
81
34
70
102
72
130
108
116
69
117
73
43
61
57
58
137
138
19
142
42
113
15
53
4
7
110
33
136
79
35
52
37
76
41
108
60
61
65
31
8
77
48
120
23
67
67
36
12
11
23
35
47
48
36
24
12
11
10
9
8
20
32
44
43
31
30
42
54
55
56
68
67
66
78
77
65
64
76
88
87
75
63
62
74
73
85
86
98
97
109
110
111
99
100
112
124
123
122
121
133
134
135
136
137
138
126
127
115
116
128
129
130
131
132
144
143
142
141
140
139
138
137
125
113
114
102
103
91
90
89
101
102
90
78
79
80
81
93
94
95
107
106
105
117
118
119
120
108
96
84
72
71
83
82
70
69
57
45
33
21
22
34
46
58
59
60
72
84
96
108
107
95
83
82
94
106
105
104
92
93
81
69
57
45
44
32
31
19
7
6
18
17
5
4
16
15
3
2
14
13
25
26
27
28
40
52
53
41
29
28
27
39
38
37
49
61
73
85
97
98
99
111
123
122
110
109
121
133
134
135
136
124
112
113
125
126
114
115
127
139
140
128
129
141
142
143
144
132
120
119
131
130
118
117
116
104
103
91
92
80
79
67
68
56
55
43
42
41
40
52
53
54
66
65
77
89
101
100
88
87
86
74
75
76
64
63
51
39
51
50
62
61
49
50
38
37
25
26
14
15
16
17
29
30
18
19
20
21
33
34
46
58
70
71
59
60
48
47
35
36
24
23
22
10
9
8
7
6
5
4
3
2
1
13
1
133
121
122
123
124
136
135
134
133
121
109
97
85
86
87
88
76
75
63
64
65
77
89
90
78
66
67
55
54
42
43
44
32
31
30
18
19
7
8
20
21
9
10
22
34
33
45
46
47
35
23
11
12
24
36
48
60
72
71
83
82
94
95
107
119
131
143
144
132
120
108
96
84
72
60
59
58
70
69
81
80
68
56
57
69
68
67
79
91
103
104
116
128
129
117
105
106
118
130
142
141
140
139
138
126
127
115
114
102
101
100
99
98
110
111
112
113
125
137
138
139
140
141
129
128
127
115
116
117
105
93
92
104
103
102
101
100
88
87
75
74
73
61
62
50
49
37
38
26
25
13
14
2
3
15
27
39
40
41
53
52
51
39
27
28
16
4
5
6
7
8
9
21
33
34
35
23
22
10
11
12
24
36
48
47
46
58
59
71
70
82
83
84
96
95
107
108
120
132
144
143
142
130
131
119
118
106
94
93
81
80
92
91
79
78
90
89
77
76
64
52
40
41
53
65
66
54
55
56
57
45
44
32
20
19
31
43
42
30
29
28
29
17
18
6
5
17
16
4
3
15
14
26
38
50
51
63
62
74
86
98
99
111
112
113
114
126
125
137
136
124
123
135
134
122
110
109
97
85
73
61
49
37
25
13
1
2
1
