##Rat 8 Day 45
 ##rewards
71
58
124
##Vertices
12
24
23
11
10
22
21
9
8
20
32
33
45
44
43
31
19
7
6
5
17
18
30
29
28
27
39
38
50
51
52
53
54
42
41
40
28
16
4
3
15
14
2
1
13
25
37
49
61
73
74
62
63
64
65
77
78
79
80
68
69
81
93
105
104
103
91
90
102
114
113
101
100
112
124
125
137
136
135
134
133
121
122
123
111
99
98
110
109
97
85
86
87
88
89
77
76
75
63
64
76
75
87
88
89
90
102
103
115
127
128
129
130
131
119
107
108
96
95
83
82
94
106
118
117
116
104
92
93
105
117
116
115
114
126
138
139
140
141
142
143
144
132
120
108
96
84
72
60
59
71
70
58
46
34
35
36
48
47
46
34
33
32
31
43
55
56
57
58
70
82
94
106
107
95
83
84
72
71
59
60
48
47
35
36
24
12
11
23
22
10
9
21
20
8
7
19
18
6
5
17
29
30
42
54
55
67
79
91
92
80
81
69
57
45
44
56
68
67
66
78
66
65
53
41
40
52
51
39
27
26
38
26
14
15
16
4
3
2
1
13
25
37
49
50
62
61
73
74
86
85
97
98
110
109
121
133
134
122
123
135
136
124
112
111
99
100
101
113
125
137
138
126
127
139
140
128
129
141
142
130
131
143
144
132
120
119
118
1
2
14
13
25
26
38
37
49
50
51
39
40
52
64
63
62
61
73
85
86
74
75
87
99
111
112
124
125
113
101
89
77
76
88
100
99
98
97
109
110
122
121
133
134
135
136
137
138
139
127
126
114
102
90
91
79
67
55
54
42
43
44
45
57
69
68
80
81
82
94
93
105
106
107
95
96
108
120
132
144
143
131
119
118
117
129
130
142
141
140
128
116
104
92
91
103
115
114
102
103
115
116
104
92
80
81
69
70
71
59
47
35
23
22
21
9
8
20
19
31
32
33
34
46
58
57
56
44
45
46
58
70
82
83
84
72
60
48
36
24
12
11
10
9
8
7
6
5
17
18
30
29
28
27
15
3
4
16
28
27
39
51
63
64
65
53
41
29
30
31
32
33
21
20
19
7
6
18
17
5
4
16
15
3
2
1
13
14
26
25
37
38
50
49
61
62
74
73
85
86
87
75
76
77
65
66
67
68
56
55
43
42
41
40
52
53
54
66
78
79
78
90
89
88
100
101
113
112
111
123
124
123
122
110
98
97
109
121
133
134
135
136
137
125
126
138
139
127
128
140
141
129
130
142
143
144
132
131
119
120
108
107
106
118
117
105
93
94
95
96
84
83
71
72
60
59
47
48
36
35
23
24
12
11
10
22
34
23
17
54
10
123
107
69
104
10
106
97
56
69
71
119
137
33
88
76
131
15
127
121
133
51
89
94
49
58
21
80
124
73
115
65
98
80
60
78
42
77
25
93
138
39
30
36
83
126
40
116
141
50
95
49
32
135
138
39
29
136
133
64
24
75
143
100
18
85
52
92
19
48
8
110
141
22
47
53
41
129
132
70
4
3
101
98
8
57
42
105
53
125
137
72
40
100
32
94
112
52
95
12
30
76
22
9
9
113
26
61
74
45
77
56
72
111
44
55
113
104
57
7
119
48
11
5
67
123
63
83
7
24
46
120
55
27
36
88
136
125
68
99
118
142
78
54
66
50
139
23
129
105
128
2
101
144
65
111
58
122
92
31
112
63
97
118
139
114
66
96
4
15
26
144
140
34
91
16
11
25
5
103
31
28
59
127
131
130
110
85
68
90
18
79
41
132
89
61
108
143
75
115
44
114
47
117
43
87
103
86
87
21
134
43
51
38
73
20
79
12
6
96
37
142
2
13
93
27
120
81
91
135
108
67
82
84
17
82
1
140
90
16
117
102
13
124
35
74
59
128
28
81
38
20
64
19
70
134
14
35
3
33
71
109
14
126
121
109
106
29
37
6
60
99
46
122
130
107
84
1
62
102
62
34
116
86
45
144
7
60
46
130
42
16
51
121
2
48
67
14
72
103
49
94
63
87
65
144
42
135
57
130
9
125
93
84
46
89
72
96
69
112
113
54
109
79
78
39
92
117
14
80
101
33
69
71
33
118
22
4
91
23
121
66
56
27
95
75
3
97
38
136
40
88
137
74
5
116
116
77
15
108
30
8
24
112
98
8
63
32
48
12
75
7
54
123
44
94
123
81
25
10
103
126
120
60
2
70
44
138
82
64
86
88
81
90
110
36
70
73
28
109
124
53
5
91
43
1
134
128
80
134
122
99
126
77
92
132
18
82
1
141
15
76
118
99
27
13
143
79
106
61
10
131
127
29
21
52
120
76
37
129
31
71
133
65
100
20
40
4
22
140
19
85
34
89
136
35
37
39
36
6
59
84
68
61
95
111
74
12
83
43
115
53
108
52
41
113
137
128
51
35
11
58
104
139
102
50
139
119
56
62
105
133
24
102
98
111
66
41
49
57
59
140
34
85
11
90
78
38
25
97
132
30
32
67
62
20
31
100
115
47
29
6
135
64
105
119
106
141
114
26
143
18
55
58
107
110
26
122
138
19
50
142
114
68
117
131
47
124
101
23
104
55
17
107
129
142
86
45
93
3
73
125
28
87
17
9
16
83
13
127
21
96
45
133
134
135
136
124
123
111
110
122
121
109
97
85
73
74
86
87
99
98
97
85
86
87
75
63
62
50
51
39
38
37
49
61
73
74
75
76
64
65
66
78
90
102
103
115
116
104
105
117
118
106
107
119
131
130
142
143
144
132
120
108
96
84
72
60
48
36
24
12
11
10
22
23
35
34
33
45
44
43
55
56
68
80
92
91
79
67
68
69
57
58
59
47
46
58
70
82
94
93
81
69
70
71
83
95
96
108
107
106
118
117
129
141
140
139
127
128
116
115
114
113
125
137
138
126
114
102
101
100
88
89
77
76
64
52
53
54
42
30
31
19
18
6
5
17
29
41
40
28
16
4
3
15
14
26
25
13
1
2
3
4
5
6
7
8
20
32
31
43
55
67
79
80
92
91
103
104
105
93
81
82
94
95
83
84
72
71
59
60
48
47
46
45
57
56
44
32
20
21
9
10
11
12
24
36
35
23
22
34
33
21
9
8
7
19
18
17
29
30
42
41
40
28
16
15
27
39
27
26
14
2
1
13
25
37
38
50
49
61
62
63
51
52
53
54
66
65
77
78
90
89
88
100
99
98
110
109
121
133
134
122
123
135
136
137
138
139
140
141
142
143
144
132
120
119
131
130
129
128
127
126
125
124
112
111
112
113
101
144
132
120
108
107
119
118
130
131
143
142
141
140
139
127
128
116
117
129
141
140
128
116
115
114
126
125
113
112
124
136
137
138
139
127
115
103
102
90
78
79
80
81
69
70
58
57
45
46
34
33
21
22
23
35
36
24
12
11
10
9
8
7
6
5
4
3
2
1
13
25
26
14
15
27
39
40
52
64
65
53
54
55
56
68
67
66
54
42
41
29
17
16
28
29
30
31
32
44
43
42
30
18
19
20
8
9
21
33
34
46
47
48
60
72
71
59
58
70
82
94
95
96
84
83
82
81
93
105
104
92
91
103
102
101
89
77
76
75
63
62
74
73
85
86
87
88
100
99
98
97
109
110
122
123
135
134
133
121
109
97
85
73
61
49
50
51
63
64
65
66
67
55
56
68
69
57
45
44
43
31
32
20
19
7
6
18
17
5
4
16
28
40
41
53
52
51
50
38
37
25
13
1
2
3
15
14
26
27
39
38
37
49
61
62
74
86
87
75
76
88
100
99
98
110
111
112
111
123
122
121
133
134
135
136
124
125
137
138
126
114
113
101
89
77
78
90
91
79
80
92
104
105
117
129
130
142
143
144
132
131
119
120
108
96
84
72
60
48
36
24
12
11
10
22
23
35
47
59
71
83
95
107
106
118
106
94
93
69
11
85
55
134
115
121
82
39
142
71
26
76
54
122
140
115
128
137
75
138
116
108
131
97
65
118
29
89
119
13
140
81
141
91
27
15
100
5
9
143
76
117
134
88
38
59
102
54
125
15
94
64
66
139
62
67
113
114
79
110
24
73
83
106
19
133
84
63
92
57
22
31
81
82
14
16
74
20
21
83
144
44
58
118
61
40
117
74
31
50
59
113
87
2
80
51
68
130
105
39
5
13
26
41
129
52
103
32
131
67
78
56
51
132
11
49
24
37
125
86
47
28
52
37
16
28
136
36
41
109
4
46
137
10
133
127
17
90
96
50
139
86
1
107
1
80
112
47
10
109
132
116
57
23
18
135
73
79
108
101
144
71
92
45
25
44
129
106
27
100
8
60
7
136
29
6
45
30
38
70
2
62
21
35
94
12
87
138
4
69
119
34
124
91
126
8
6
141
99
3
53
40
120
107
72
130
3
143
43
121
127
65
19
114
85
123
20
22
98
70
56
142
111
9
103
99
33
33
60
49
77
124
72
66
104
90
126
93
48
34
12
7
64
35
98
53
88
123
112
42
75
122
48
36
95
23
25
68
89
14
110
104
63
84
43
32
101
55
77
78
111
128
42
102
18
135
105
46
93
61
17
58
95
30
96
120
97
111
45
35
144
33
29
114
60
135
39
126
143
55
89
58
97
113
39
17
6
57
9
13
83
99
96
141
44
94
76
81
66
83
32
124
26
37
111
118
47
112
64
119
5
75
73
132
9
7
14
50
1
115
24
87
23
73
100
49
11
13
52
85
82
90
100
62
139
70
93
29
17
37
63
94
42
108
136
121
30
104
134
69
110
38
24
15
71
35
59
11
31
23
108
98
65
20
10
28
56
26
41
34
137
135
21
42
77
109
34
10
125
92
4
110
138
30
127
103
116
117
2
130
14
15
114
104
127
8
133
58
90
57
61
19
89
8
106
105
79
5
66
129
47
125
6
40
16
86
19
20
55
3
138
142
107
33
144
36
7
84
120
96
130
16
2
62
98
99
133
48
103
27
137
87
54
122
102
44
129
25
109
65
41
12
132
115
76
74
12
84
72
107
131
50
53
123
140
139
45
91
43
128
88
67
118
126
71
53
81
63
28
97
124
78
3
131
4
122
64
60
61
88
80
141
59
113
134
1
46
77
54
49
142
105
80
75
27
43
143
18
93
74
119
32
67
31
95
52
123
70
51
68
82
40
18
106
72
21
120
86
102
116
22
112
69
121
128
25
78
51
117
38
95
46
68
79
85
92
36
140
56
91
48
136
101
22
101
12
24
23
22
34
46
45
33
32
20
8
9
10
11
12
24
36
48
47
35
36
48
60
72
84
96
108
120
132
144
143
142
130
131
119
118
106
107
95
83
82
94
93
81
80
68
67
79
91
90
89
77
78
66
65
64
63
51
50
62
74
73
61
49
37
38
39
27
28
16
17
18
30
29
41
40
52
53
54
42
43
44
56
55
43
31
19
7
6
5
4
3
15
14
26
25
13
1
2
3
4
5
6
7
8
9
21
20
32
44
45
57
58
70
69
81
93
92
104
116
128
140
139
127
115
114
102
101
113
112
100
88
87
99
98
110
122
123
135
134
133
121
109
97
85
86
87
75
76
64
52
53
54
55
56
68
80
92
91
103
104
105
117
129
141
140
139
138
137
125
126
114
113
112
100
88
76
77
65
66
67
79
78
90
89
101
102
103
115
116
117
105
106
94
82
70
69
57
58
46
34
33
21
22
10
11
23
35
47
59
71
59
60
72
71
83
84
96
95
107
108
120
132
144
143
131
119
118
130
142
141
129
128
127
126
138
137
125
124
136
124
136
135
123
111
99
111
110
122
134
133
121
109
97
98
86
85
73
61
62
74
75
63
51
50
38
26
27
39
40
28
29
41
42
30
31
19
18
17
16
15
14
2
1
13
25
37
49
144
143
131
119
118
117
105
106
94
95
96
108
120
132
144
143
142
141
129
130
142
141
140
139
138
137
136
135
134
133
121
109
110
122
123
111
112
124
125
126
114
113
101
102
90
91
79
78
77
65
53
54
66
67
55
43
31
32
20
19
18
6
7
8
9
21
33
34
46
47
59
71
70
58
57
45
44
56
68
69
81
93
92
80
81
82
83
84
72
60
48
36
35
23
22
10
11
12
24
36
48
60
72
84
96
108
107
95
94
93
105
104
116
115
103
102
101
89
88
87
86
85
73
74
75
63
64
52
51
39
40
41
29
28
16
15
14
26
25
13
1
2
3
4
5
17
29
30
42
43
44
56
68
80
92
91
90
89
77
76
88
100
99
98
97
85
73
61
49
50
62
63
51
39
40
41
42
54
55
67
79
78
66
65
53
52
64
76
75
87
99
100
112
113
114
115
103
104
116
117
118
106
107
119
120
132
131
130
129
128
127
128
140
139
127
126
138
137
125
124
136
135
134
133
121
122
123
111
110
109
97
98
86
74
62
61
49
50
38
37
38
37
25
26
27
28
27
15
14
13
1
2
3
4
16
17
5
6
7
19
18
30
31
32
20
21
22
34
33
45
46
58
57
69
70
82
83
71
59
47
35
23
24
12
11
10
9
8
46
29
137
28
18
129
28
12
89
68
9
24
120
91
1
124
142
27
79
16
23
86
42
93
53
112
140
131
58
137
84
141
99
98
70
45
97
123
36
119
73
135
77
113
6
118
108
33
46
15
85
37
60
119
100
85
96
36
44
90
40
15
70
123
143
129
26
115
95
80
65
7
92
103
113
11
49
25
125
41
91
90
111
138
31
5
109
34
74
117
25
109
116
51
53
19
87
103
23
44
29
61
100
130
61
110
18
66
58
50
6
102
105
55
43
14
5
127
127
35
75
67
16
141
136
96
72
42
139
38
38
30
43
54
40
94
71
139
115
21
20
142
37
45
76
33
69
48
122
84
95
104
52
31
4
106
121
47
135
59
138
13
88
41
62
126
59
133
64
49
3
82
136
4
108
67
9
8
133
77
132
110
78
63
74
88
97
128
3
65
75
10
134
66
1
63
124
87
98
112
35
60
102
73
72
144
121
26
32
134
62
82
14
80
17
93
140
81
114
17
143
34
68
107
81
22
79
39
94
131
78
120
2
12
99
57
101
86
118
22
114
125
111
50
32
54
56
71
89
11
107
117
7
8
76
105
55
83
56
106
10
132
30
13
48
39
19
116
21
130
52
101
51
2
69
83
128
126
104
24
122
47
144
20
57
27
64
92
120
66
141
92
117
109
34
116
55
7
91
119
21
144
5
67
115
46
104
80
45
63
99
34
45
129
118
38
39
52
39
75
40
105
143
115
121
35
97
94
63
18
56
110
20
111
51
98
117
81
88
102
83
41
28
9
87
126
77
122
8
27
138
4
14
3
8
107
84
74
91
50
23
19
31
113
133
89
18
108
41
3
85
44
50
86
96
98
127
99
55
54
38
116
24
56
132
103
140
114
16
118
61
87
127
93
131
6
53
46
30
61
54
103
21
136
66
85
143
128
5
132
44
135
95
144
57
82
106
142
100
51
42
32
19
94
62
53
67
23
14
92
96
112
10
1
112
84
30
65
60
13
137
100
78
134
107
73
64
109
135
78
129
125
124
124
93
32
119
47
90
25
17
28
77
104
70
68
13
12
2
52
29
90
139
15
15
114
68
20
75
26
139
36
58
22
102
76
25
24
121
2
69
88
7
36
69
17
58
60
82
106
76
101
130
141
9
86
16
123
49
133
110
49
65
12
1
40
37
137
126
10
108
48
71
33
120
4
111
31
138
140
79
136
123
64
43
128
73
26
97
37
47
71
80
79
57
33
131
42
74
72
59
125
59
62
35
142
22
134
27
11
11
81
70
130
122
89
48
83
6
113
72
29
43
101
105
95
