##Rat 4 Day 14
 ##rewards
126
113
47
##Vertices
70
131
21
125
47
82
80
4
74
134
111
20
114
84
51
56
13
133
108
128
65
119
108
13
55
91
29
117
128
121
51
57
9
30
78
138
90
135
119
3
23
63
92
52
75
77
126
56
132
36
46
97
141
113
1
118
127
135
110
40
43
70
122
17
80
137
60
19
104
103
143
7
123
116
93
67
39
49
33
68
25
95
41
32
83
136
138
14
84
64
107
50
115
120
89
122
61
62
126
92
87
43
64
17
26
85
74
47
46
95
94
26
16
10
29
81
15
98
109
8
100
116
72
140
105
94
67
142
23
130
101
59
107
22
5
73
110
61
106
30
62
31
86
133
142
112
66
130
132
9
39
31
93
27
55
14
34
109
60
127
89
8
88
115
28
129
7
136
12
18
57
91
90
1
112
104
144
125
44
124
54
34
72
11
105
121
99
106
16
85
12
53
45
18
35
48
103
6
114
100
69
19
3
42
82
86
4
27
24
123
117
58
28
83
58
87
25
143
79
120
53
48
52
2
88
35
45
139
42
20
33
5
102
32
137
73
71
139
97
75
68
99
66
118
77
78
102
44
71
38
76
63
22
24
98
129
49
6
113
65
140
40
10
37
141
124
50
37
2
134
59
79
101
111
36
69
11
96
38
76
96
144
41
54
131
21
15
81
40
83
126
136
101
94
27
47
20
85
36
25
127
5
90
7
1
27
109
9
50
124
77
39
53
19
32
59
84
42
82
8
95
13
50
4
97
62
90
107
115
69
70
34
119
116
45
103
63
59
129
10
2
62
130
66
117
63
17
22
75
60
96
81
89
71
58
30
3
133
7
37
33
115
21
121
74
108
85
43
136
23
116
87
117
112
126
104
26
1
96
57
137
19
67
73
36
93
123
47
104
143
68
79
121
52
111
119
6
91
79
140
129
54
37
24
128
98
31
105
103
86
122
53
52
140
51
109
78
32
16
11
64
17
143
23
29
2
48
124
99
45
100
110
26
142
95
91
88
56
101
112
25
120
60
83
114
73
3
6
12
80
125
89
65
77
139
55
102
64
49
74
125
14
65
107
71
54
80
24
99
70
84
35
78
4
142
61
106
131
21
130
98
118
34
18
88
144
49
38
122
22
141
46
43
138
61
82
114
11
128
44
123
139
133
46
38
120
105
132
44
55
13
68
92
41
56
33
108
15
14
113
86
41
28
8
31
5
66
18
12
132
28
135
87
93
9
134
72
135
92
30
110
100
127
40
20
111
102
141
76
94
51
134
58
75
69
106
72
42
76
48
35
39
138
10
15
67
118
137
144
81
131
16
97
29
113
57
144
132
131
130
129
141
142
143
144
132
120
108
96
95
94
93
81
82
70
69
68
80
92
91
79
67
66
54
55
43
42
41
29
30
31
19
18
6
5
17
16
4
3
15
27
28
40
39
38
26
14
2
1
13
25
37
49
61
62
74
75
87
86
98
110
122
134
133
121
109
97
85
73
61
49
50
51
63
64
76
77
65
53
52
64
65
66
78
90
102
101
113
125
124
112
100
99
111
123
135
136
137
138
139
127
126
114
115
103
104
105
106
107
119
118
117
116
128
140
139
138
137
136
124
125
126
114
113
112
100
88
89
101
102
103
104
105
93
94
82
83
84
72
71
59
60
48
47
35
36
24
23
11
10
22
34
46
45
44
56
57
58
46
34
33
21
9
8
7
6
5
4
16
28
27
26
14
15
3
2
1
13
25
37
38
39
51
50
62
63
75
74
73
85
86
98
97
109
121
133
134
135
123
122
110
111
99
87
88
76
77
89
90
78
79
91
92
80
81
69
57
45
44
56
68
67
55
54
53
52
40
41
29
17
18
30
42
43
31
32
33
32
20
19
7
8
20
21
9
10
22
23
35
47
59
58
70
71
83
95
107
106
118
117
116
115
127
128
140
141
129
130
142
143
131
119
120
108
96
84
72
60
48
36
24
12
11
12
1
2
14
26
38
37
25
13
1
2
3
4
5
17
29
41
42
30
31
43
55
54
53
65
66
67
79
80
68
69
81
93
94
82
70
71
83
84
96
95
107
108
120
119
118
106
105
117
129
130
131
132
144
143
142
141
140
139
127
126
114
113
125
124
123
122
121
133
134
135
136
137
138
139
140
128
116
115
103
102
90
91
92
104
103
91
79
78
77
76
88
87
86
98
99
100
112
111
110
109
97
85
73
61
62
74
75
63
64
52
40
28
16
15
27
39
51
50
49
61
73
85
97
98
86
74
75
87
99
100
101
89
88
76
64
52
40
41
29
30
18
6
7
19
20
8
9
21
22
10
11
23
24
36
35
34
33
45
57
56
44
32
33
34
46
47
48
60
72
84
96
108
107
106
118
130
131
119
120
132
144
143
142
141
129
117
116
128
127
115
114
126
138
137
125
124
136
135
134
133
121
109
110
122
123
111
112
113
101
102
90
89
77
78
66
65
53
54
42
43
44
45
57
56
55
67
68
80
92
104
105
93
94
95
83
82
81
69
70
58
46
58
59
71
72
60
59
47
48
36
35
23
22
21
20
32
31
19
18
17
16
28
27
39
51
63
62
50
49
37
38
26
25
13
14
15
3
4
5
6
7
8
9
10
11
12
24
12
86
81
122
101
64
9
96
41
139
100
30
63
111
77
78
126
69
93
109
142
18
7
1
94
101
98
138
23
142
17
108
23
136
9
54
102
75
16
52
5
118
137
92
60
1
133
34
103
95
53
14
90
130
37
88
66
34
96
29
55
83
56
8
124
24
52
76
122
121
141
48
109
133
84
106
134
13
67
62
107
135
123
139
125
53
47
119
114
29
2
119
40
25
74
111
68
116
5
36
37
31
104
140
112
81
26
35
110
20
97
71
6
129
33
88
36
97
33
44
2
64
105
113
46
17
10
16
49
32
27
13
31
136
40
12
28
10
67
22
57
121
19
102
4
130
3
95
84
15
115
107
100
93
28
42
125
42
70
11
92
140
116
51
117
115
129
32
117
91
108
112
132
45
85
94
123
60
45
55
73
128
79
75
6
134
50
30
69
70
73
39
43
38
99
22
35
137
113
144
25
51
114
127
24
131
49
66
90
7
72
77
59
144
87
54
103
141
65
135
41
57
91
127
110
104
15
56
143
39
89
82
120
19
21
50
98
99
131
43
89
11
128
83
118
26
12
20
126
44
71
59
72
46
85
132
58
14
27
61
48
105
106
4
87
3
82
63
38
18
80
58
138
86
68
65
21
80
143
120
61
62
8
76
124
74
47
79
78
127
137
107
71
106
89
3
60
57
128
83
129
62
36
50
140
120
84
104
124
25
23
28
17
37
88
126
121
21
55
79
52
132
67
140
123
118
125
118
12
109
30
47
139
91
103
115
144
133
132
30
75
74
135
85
73
142
57
25
133
43
86
116
63
15
13
114
122
119
42
109
14
39
95
4
20
69
71
51
116
11
54
32
72
90
98
29
60
113
143
72
49
34
141
27
82
19
58
26
40
48
5
24
39
131
68
131
28
41
95
110
102
2
69
135
88
85
22
18
12
66
77
127
59
45
111
46
10
7
120
70
53
143
105
55
61
139
110
119
27
40
76
101
9
107
1
56
94
92
123
6
104
8
112
101
50
87
90
13
129
81
62
14
56
80
82
18
2
137
26
6
37
16
36
98
48
24
5
96
61
92
59
144
134
54
29
108
46
65
7
9
113
87
15
4
33
52
63
68
75
141
138
130
77
74
1
31
79
32
122
8
121
64
10
93
70
93
78
84
44
125
103
97
35
42
114
53
102
124
66
16
97
126
142
99
65
58
3
83
112
105
64
80
73
94
38
19
34
38
45
99
136
108
100
51
134
44
11
49
17
47
43
67
20
81
100
23
21
136
128
76
130
96
91
31
117
89
22
35
33
86
111
138
117
78
41
106
115
12
24
36
35
23
22
10
9
21
33
45
44
32
31
30
18
19
20
8
7
6
5
4
3
15
14
2
1
13
25
37
49
50
51
39
38
26
27
28
40
52
53
41
42
54
66
65
64
63
62
74
75
87
88
76
77
78
90
89
101
100
99
111
110
109
121
133
134
122
123
135
136
137
138
139
127
126
114
115
116
104
103
91
79
67
55
43
44
56
68
80
92
93
81
82
70
69
57
58
59
71
83
95
94
106
107
108
120
119
118
130
131
143
144
132
120
108
96
84
72
60
48
47
46
34
33
32
31
43
55
54
42
30
29
17
16
4
3
15
27
39
51
63
75
87
86
85
97
98
99
111
112
124
125
113
114
102
103
115
116
117
105
104
92
80
81
93
105
117
129
141
140
128
129
128
140
139
127
126
138
137
136
135
134
133
121
109
97
85
73
61
62
50
38
26
14
2
1
13
25
37
49
61
73
74
86
98
110
122
123
124
125
113
112
100
101
102
90
91
79
67
66
78
77
89
88
76
64
65
53
52
40
41
29
28
16
17
5
6
18
19
7
8
20
21
22
34
46
45
57
56
68
69
70
58
59
71
83
82
94
106
118
130
142
141
142
143
144
132
131
119
107
95
96
84
72
60
48
47
35
36
24
12
11
23
11
10
9
133
134
122
110
109
97
85
73
74
75
76
77
65
66
54
53
41
29
30
42
43
55
67
68
56
57
58
70
71
72
84
96
108
120
119
118
117
116
128
140
141
129
130
131
143
144
132
120
108
107
95
83
82
81
69
57
45
46
34
33
21
20
19
18
6
7
8
9
10
22
23
11
12
24
36
48
60
59
47
35
34
46
58
70
69
81
93
94
106
105
104
103
91
90
78
79
80
92
93
105
104
116
115
114
113
125
126
127
139
138
137
136
124
123
135
136
137
125
113
112
111
99
87
86
98
97
85
73
61
62
63
64
52
40
39
27
26
25
37
38
50
49
37
25
13
1
2
14
15
3
4
5
17
16
28
29
30
31
32
44
43
42
41
53
54
66
78
90
102
101
100
88
100
101
89
88
89
77
65
64
76
75
87
99
111
112
124
123
135
134
122
121
133
121
109
110
98
86
74
62
61
49
50
51
63
51
52
40
39
38
26
14
13
1
2
3
15
27
28
16
4
5
17
18
6
7
8
20
19
31
32
44
45
33
21
9
10
22
23
11
12
24
36
35
47
48
60
59
71
72
84
96
95
83
82
94
106
107
119
131
132
144
143
142
141
142
130
118
117
129
128
140
139
138
126
127
115
114
102
103
91
79
67
55
56
68
80
92
125
88
66
15
125
81
16
131
60
144
64
51
111
98
95
109
105
55
92
91
34
97
73
69
52
85
103
21
60
115
82
85
119
138
59
49
11
102
66
45
126
33
57
112
93
46
4
34
89
44
5
18
52
136
70
56
97
92
47
88
109
40
83
139
7
79
140
21
107
99
12
54
90
26
55
31
87
45
61
135
78
16
53
57
76
122
89
82
77
137
41
112
36
26
50
30
134
29
50
22
41
118
6
72
42
54
80
71
68
102
43
120
71
3
62
37
91
43
114
22
25
143
121
9
116
77
107
48
35
24
74
124
18
139
121
70
53
17
113
105
13
104
46
111
131
59
129
103
133
123
27
35
38
80
67
106
28
132
98
25
75
23
62
140
101
106
14
99
96
8
23
30
108
117
10
94
90
15
119
29
24
79
76
93
64
81
39
72
58
28
33
2
127
65
117
5
67
12
51
40
13
128
61
116
118
58
1
94
86
134
110
100
130
63
20
115
75
132
83
47
2
95
63
32
74
38
130
14
141
84
39
69
6
141
42
138
142
31
135
101
11
73
127
10
114
68
110
7
48
4
136
126
19
122
96
123
3
108
128
137
19
37
104
9
86
56
133
65
100
84
36
49
32
87
8
20
113
27
44
144
124
142
1
17
78
120
129
143
90
126
43
12
123
115
61
21
78
11
93
24
67
30
104
139
14
139
41
29
138
116
49
101
1
4
109
110
63
68
36
96
4
135
95
34
131
57
88
7
66
16
45
47
121
62
92
112
79
142
31
122
142
53
129
123
89
26
118
39
48
43
60
144
63
68
99
91
77
61
36
120
111
71
85
73
106
54
83
37
85
35
134
75
14
143
80
51
49
39
138
84
30
32
2
8
55
91
144
67
77
70
111
54
140
25
65
28
108
107
89
117
137
128
115
119
87
99
56
3
98
143
140
105
23
13
23
128
5
141
122
11
137
9
27
22
51
119
81
19
132
27
13
44
71
96
32
42
3
90
15
118
93
44
10
121
31
125
102
133
126
33
45
12
100
84
53
50
131
78
21
124
55
19
100
52
83
109
130
117
20
120
127
18
124
103
65
86
16
59
113
9
35
127
72
48
26
22
116
110
97
102
76
75
64
17
87
130
92
58
28
108
70
134
74
18
1
57
20
37
136
56
41
114
2
98
6
105
8
104
125
80
82
106
113
38
40
135
81
129
62
97
141
69
74
46
60
5
6
94
47
52
64
15
82
38
73
24
136
86
69
76
42
94
10
46
40
50
66
17
132
25
33
114
88
133
34
112
58
107
29
101
7
103
72
79
95
59
12
24
23
22
10
9
8
7
19
31
43
55
54
66
65
53
52
51
63
64
76
77
78
90
89
101
113
114
126
138
139
140
141
142
130
118
106
94
95
96
108
107
119
131
132
144
143
142
141
129
128
127
115
103
102
101
100
112
111
99
98
86
74
62
61
73
85
97
109
110
122
121
133
134
135
136
137
125
124
123
111
112
113
114
102
103
104
116
117
105
93
81
80
68
67
79
91
92
104
105
93
94
82
70
58
59
71
83
84
72
60
48
47
35
36
48
60
59
58
46
34
33
32
20
21
9
8
7
6
18
30
42
41
40
28
27
15
3
4
16
17
5
4
3
2
1
13
14
26
25
37
49
50
38
39
51
63
75
87
88
76
64
52
53
65
66
67
68
69
57
45
44
45
57
56
44
56
55
54
42
43
31
32
33
34
46
47
35
36
24
23
11
12
11
10
22
21
20
19
18
6
5
17
29
30
29
41
40
28
16
15
14
2
1
13
25
26
27
39
38
37
49
50
62
61
73
85
86
74
75
87
88
100
99
98
97
109
110
122
121
133
134
135
123
124
136
137
125
126
138
139
140
128
127
115
116
117
129
130
131
143
144
132
120
108
120
119
118
106
107
95
96
84
72
71
83
82
70
69
81
80
79
78
77
89
90
91
92
1
13
14
15
3
4
5
6
7
8
9
10
22
21
33
45
44
56
57
58
70
71
72
84
96
95
107
108
120
119
131
132
144
143
142
141
129
117
105
104
92
93
94
106
118
130
142
141
140
128
116
115
103
91
79
80
81
69
68
67
55
43
42
30
31
32
20
19
18
17
29
41
40
39
51
50
49
61
62
74
73
85
86
98
97
109
121
122
123
135
136
137
138
139
127
126
125
124
112
100
88
76
75
87
99
111
110
109
97
85
73
61
49
37
25
26
38
39
27
28
16
4
5
17
29
30
42
54
66
78
77
65
64
63
62
74
86
98
110
111
99
87
75
76
88
89
101
113
114
102
90
91
79
67
55
43
44
45
46
34
35
23
24
36
48
47
59
60
72
84
83
71
59
60
48
47
35
36
24
12
11
12
11
23
22
10
9
8
7
6
18
19
31
32
20
21
33
34
46
58
57
56
68
69
70
82
83
95
96
108
107
106
94
82
81
80
92
93
105
117
118
119
120
132
144
143
131
130
129
128
140
139
138
126
127
115
116
104
103
102
114
113
125
137
136
135
134
133
121
133
134
122
123
124
112
100
101
89
90
78
77
65
66
54
53
52
40
28
16
15
27
26
14
2
3
2
1
13
25
37
38
50
51
63
64
52
53
41
