##Rat 2 Day 4
 ##rewards
18
29
107
##Vertices
26
27
63
116
143
80
137
16
142
9
100
97
51
133
21
124
70
87
117
34
1
57
34
121
116
113
25
42
13
129
77
33
26
104
123
88
92
142
8
75
139
70
44
114
102
69
31
51
97
29
66
30
6
82
127
37
78
144
105
56
121
130
77
135
19
28
112
141
20
47
123
20
31
46
16
81
35
119
106
85
115
85
87
5
80
95
108
83
122
39
104
108
38
106
98
10
39
90
53
84
99
94
48
32
73
18
45
17
7
10
65
69
53
95
139
98
127
135
40
13
40
6
140
71
22
5
120
90
3
43
79
131
144
3
12
91
115
134
58
66
125
131
41
122
72
136
41
25
91
84
102
136
64
47
19
118
96
44
92
120
50
72
52
62
132
107
2
129
140
74
29
67
42
81
105
54
15
30
56
128
99
55
59
101
111
74
36
132
89
8
76
128
49
65
27
110
125
100
76
45
38
1
2
62
126
107
119
88
89
7
86
94
114
17
37
49
57
54
109
61
11
36
50
43
101
21
68
14
82
58
11
71
4
35
79
14
137
18
141
126
12
133
23
9
61
103
110
143
109
67
24
24
33
111
15
96
113
112
130
23
75
60
48
103
64
28
83
59
138
63
4
68
52
134
55
93
60
118
86
78
46
73
32
138
22
117
124
93
15
76
9
38
131
111
28
26
30
118
90
8
138
79
1
19
59
120
25
11
34
35
64
71
97
40
39
69
41
47
5
57
135
92
12
126
128
17
117
61
129
79
60
44
105
119
70
29
48
33
65
31
13
50
42
107
74
59
63
135
60
34
35
81
99
22
26
44
98
40
11
52
88
17
15
139
83
58
53
64
36
55
6
14
45
142
104
39
9
72
106
130
86
45
56
23
51
54
125
136
16
72
123
94
110
2
12
4
71
103
114
111
7
65
108
43
108
123
126
77
10
82
119
48
32
87
46
142
137
66
91
120
20
66
74
131
19
7
68
100
38
109
103
68
52
97
43
63
139
91
89
116
24
114
81
14
90
101
84
94
104
57
105
10
32
95
25
27
143
37
27
41
13
96
78
58
92
22
121
115
83
134
67
21
46
102
76
112
107
136
4
85
122
55
130
127
3
3
8
93
101
6
62
47
80
16
78
49
88
49
144
18
116
137
112
110
2
143
89
125
132
96
75
141
24
73
50
70
138
140
118
127
36
133
53
124
122
56
80
129
99
31
21
134
132
93
85
113
33
98
77
69
102
37
20
87
67
75
128
140
30
141
86
133
51
54
115
73
29
95
124
42
18
5
28
121
144
113
117
106
84
61
82
62
100
1
109
23
1
13
25
37
49
50
38
39
27
28
40
52
64
76
75
87
88
89
77
78
90
91
103
102
114
115
127
139
138
137
125
126
114
113
101
100
99
98
86
85
97
109
121
133
134
122
123
135
136
124
112
111
110
109
97
85
73
74
62
63
51
39
27
26
14
15
3
4
5
6
18
30
29
41
53
54
66
65
77
89
101
113
112
100
88
76
64
52
40
28
16
17
5
6
7
19
31
43
55
56
57
58
46
45
33
21
9
10
11
23
35
34
22
10
9
8
20
32
44
45
46
47
48
60
72
71
70
69
68
80
92
104
116
128
140
141
142
143
144
132
120
108
107
95
96
84
83
82
81
93
105
106
94
93
105
117
118
119
131
130
129
117
118
106
94
82
81
80
79
67
68
56
55
67
79
91
92
104
116
115
103
102
90
78
66
65
53
41
29
17
18
30
42
54
42
43
44
32
31
19
7
8
20
21
33
34
22
23
35
36
24
12
11
12
24
36
48
60
59
47
59
58
57
69
70
71
72
84
83
95
96
108
107
119
120
132
144
143
131
130
142
141
129
128
140
139
127
126
138
137
125
124
136
135
134
133
121
122
123
111
110
98
99
87
86
74
75
63
51
50
62
61
73
61
49
37
38
26
25
13
14
15
16
4
3
2
1
2
133
134
122
110
111
123
135
136
137
125
126
138
139
127
115
116
128
140
141
129
117
118
119
131
130
142
143
144
132
120
108
96
95
83
82
94
93
105
104
103
91
90
78
77
89
101
102
114
113
112
100
99
98
86
85
97
109
121
133
134
135
123
124
112
100
88
87
75
76
64
63
62
50
49
61
73
74
75
63
51
52
40
39
27
15
14
26
38
37
25
13
1
2
3
4
16
17
5
6
7
8
20
19
18
30
31
43
44
45
46
34
22
10
9
21
33
32
31
30
29
28
40
41
42
54
53
65
66
67
79
80
81
69
68
56
55
43
44
32
33
34
35
23
11
12
24
36
48
60
72
84
96
108
107
106
105
117
116
104
92
93
81
82
70
71
59
58
57
45
46
47
59
47
35
23
11
12
24
36
48
60
72
84
83
71
70
58
57
69
68
56
55
67
66
54
42
41
53
65
77
76
64
52
51
39
27
28
29
17
18
19
20
21
22
10
9
8
7
6
5
4
16
15
3
2
1
13
14
26
25
37
38
50
49
61
62
74
73
85
86
98
97
109
121
122
110
111
99
87
88
89
90
78
79
80
92
91
103
115
127
126
114
102
101
113
125
124
136
137
138
139
140
128
129
141
142
130
131
143
144
132
120
119
118
106
94
95
107
139
64
88
79
128
68
21
105
70
41
26
23
71
105
93
66
31
126
100
33
39
80
3
93
14
74
22
17
12
16
112
76
102
2
33
144
117
22
134
107
142
13
31
115
90
76
62
59
58
98
12
72
133
87
67
42
123
109
87
139
136
90
127
16
59
54
135
91
14
35
94
20
114
40
17
26
131
130
11
29
85
19
10
62
15
40
61
121
5
82
123
9
57
47
114
84
11
78
58
3
27
84
49
138
21
121
86
24
116
50
106
69
106
37
125
69
8
89
83
8
72
112
129
50
81
98
120
97
131
63
109
79
73
124
65
122
32
28
125
67
60
36
143
136
117
127
52
36
113
88
46
6
94
7
13
25
51
122
56
129
19
38
4
128
96
103
85
99
53
104
46
103
42
144
61
113
63
7
37
56
44
48
66
48
18
34
77
119
38
111
99
126
23
96
95
141
71
118
75
132
65
81
47
138
64
132
141
140
10
104
35
133
108
130
24
55
70
120
1
143
5
44
78
75
52
111
74
30
95
92
80
101
97
142
34
54
135
134
83
116
110
73
27
92
29
30
25
15
124
100
86
57
119
45
45
2
89
140
49
18
91
110
6
20
9
60
107
137
108
101
137
4
82
77
43
118
32
68
43
1
115
41
28
102
53
39
51
55
73
43
48
17
98
127
23
45
21
105
58
13
27
143
144
10
54
43
3
96
108
130
19
70
89
91
109
113
86
139
24
6
121
32
127
121
15
1
69
38
16
48
116
106
104
141
58
34
99
95
14
56
60
28
118
119
136
62
42
53
20
22
134
116
128
56
47
142
137
94
119
44
78
7
141
24
35
123
125
38
18
126
39
79
5
27
77
5
113
31
46
33
69
13
61
83
64
123
95
46
133
63
122
84
101
97
49
76
26
110
107
120
135
65
26
74
111
106
41
102
117
75
44
71
129
64
72
107
78
93
132
25
42
138
108
117
54
89
55
140
100
52
37
71
134
50
112
81
76
18
11
103
45
40
120
85
110
21
34
28
6
41
88
4
100
131
90
23
50
87
115
125
131
137
98
136
92
80
1
29
62
109
88
81
2
67
17
72
135
84
12
143
4
90
114
115
15
139
124
82
19
66
37
20
112
122
99
49
51
7
85
70
68
128
114
22
31
138
142
36
129
25
132
79
39
47
16
103
83
67
75
29
9
36
60
40
68
140
126
73
10
80
77
32
12
52
97
133
3
111
101
93
66
59
105
74
55
82
92
30
124
53
86
94
33
63
9
65
8
61
130
14
2
8
104
11
96
102
59
30
57
51
91
118
57
35
144
87
144
143
142
130
131
119
107
108
120
132
144
143
142
141
140
139
138
137
125
126
114
102
101
89
88
100
99
111
123
135
136
124
112
113
101
102
103
115
116
128
129
117
118
106
94
95
83
82
81
93
92
104
105
93
94
82
70
58
59
71
72
60
48
36
35
23
22
34
46
47
48
36
24
12
11
10
9
8
20
19
31
43
42
54
53
41
29
30
18
6
7
8
9
21
33
32
44
45
57
56
68
67
66
78
90
91
79
80
81
69
68
80
92
91
79
67
55
54
66
65
64
76
75
74
86
87
88
100
99
98
110
122
134
133
121
109
97
85
73
61
62
63
51
52
40
39
27
28
16
15
14
13
1
2
3
4
5
17
29
41
53
52
40
28
27
26
25
37
49
50
38
26
14
15
3
2
1
13
25
37
38
50
49
61
62
74
73
85
97
109
121
133
134
135
136
124
125
137
138
139
127
128
140
141
129
130
131
132
120
108
96
84
96
84
72
60
59
47
35
23
24
12
11
10
22
21
20
32
31
19
7
6
5
4
16
17
18
30
42
43
55
56
44
45
33
34
46
58
57
69
70
71
83
95
107
119
118
106
105
117
116
104
103
115
127
126
114
113
112
111
123
122
110
98
86
87
75
76
77
78
90
89
77
65
64
63
51
39
12
24
36
35
23
22
21
9
10
11
12
24
36
48
60
72
84
96
95
83
82
81
93
92
104
105
117
118
119
120
108
107
106
94
93
81
69
70
58
59
47
46
34
33
32
20
19
31
43
44
56
57
45
44
32
31
30
29
17
18
6
5
4
3
15
14
26
27
28
16
4
3
2
1
13
25
37
49
50
62
63
64
76
77
89
88
87
75
74
73
61
49
37
38
39
51
52
40
41
53
54
66
78
79
80
68
67
55
43
42
54
55
56
68
67
66
65
77
78
90
102
103
115
127
128
116
104
105
117
129
130
131
132
144
143
142
141
140
139
138
126
114
113
101
100
112
111
99
98
110
122
134
133
121
109
97
85
86
87
88
89
101
100
99
111
123
135
136
137
125
124
123
122
110
109
121
133
134
135
136
124
125
137
138
126
127
139
140
141
142
143
144
132
120
108
107
95
96
84
72
71
59
60
48
47
35
23
11
10
9
8
7
8
7
6
5
17
16
15
14
2
1
13
25
26
38
50
51
63
62
61
73
85
97
98
86
74
75
76
64
65
53
52
40
39
27
28
29
41
42
30
18
19
20
21
22
34
33
45
46
58
57
69
70
71
83
82
94
106
118
119
131
130
129
128
116
115
103
91
79
80
92
91
90
102
114
113
112
91
140
80
12
138
100
73
68
6
28
31
17
56
49
3
98
55
66
39
57
105
92
2
139
116
24
9
85
137
79
132
37
128
5
56
125
96
47
25
8
92
15
108
126
82
41
81
53
101
76
72
67
78
46
26
143
90
90
129
18
101
36
119
99
40
75
122
95
48
43
126
22
84
77
13
69
16
108
7
52
32
98
4
48
88
54
97
13
71
103
42
8
81
32
129
23
59
44
89
122
140
79
11
112
45
111
24
131
119
44
63
87
141
27
71
138
109
51
89
120
4
94
83
130
1
104
53
10
130
123
127
80
117
41
51
125
42
142
114
31
115
9
116
121
52
27
102
38
10
16
60
133
39
77
123
142
106
137
134
105
135
29
28
64
46
43
86
100
69
85
75
96
14
26
22
99
59
25
58
97
73
135
34
74
127
74
12
65
1
93
19
82
61
60
120
106
29
5
139
47
68
34
33
91
7
102
84
111
55
18
112
72
113
37
20
78
141
38
3
124
87
136
65
94
143
6
113
70
144
49
63
93
124
131
103
121
35
62
76
109
88
14
128
144
20
30
62
70
61
57
2
118
136
83
104
66
67
36
132
133
17
50
21
33
58
107
95
134
115
110
45
50
117
30
86
118
15
35
110
64
19
114
21
40
11
23
107
54
111
144
100
109
82
78
56
6
84
86
18
98
141
94
34
84
108
35
59
113
2
27
21
74
139
67
112
131
28
75
20
41
43
125
132
67
23
58
95
69
65
101
123
117
20
46
123
45
116
47
126
128
109
107
125
9
136
80
48
43
100
30
117
83
23
114
39
1
96
38
26
21
106
52
131
17
63
81
130
141
62
35
105
75
29
38
104
103
7
55
39
50
61
133
106
122
140
134
79
93
76
83
135
24
70
92
102
129
76
68
71
50
61
136
87
59
48
66
55
37
133
42
66
121
97
79
15
110
62
40
18
119
102
51
124
78
25
64
10
98
5
60
118
53
134
99
88
139
80
124
121
9
144
24
64
6
40
29
49
137
82
142
16
15
63
49
19
72
33
126
19
89
120
14
52
44
2
22
114
32
70
96
138
143
42
7
73
94
27
127
1
105
13
90
26
132
127
46
11
119
112
143
89
51
93
108
54
68
13
113
69
5
16
54
103
12
53
110
31
91
77
128
97
85
32
44
22
130
91
90
71
58
33
142
4
73
72
74
14
135
87
120
85
57
104
88
17
99
36
31
57
10
3
95
30
25
47
140
11
118
34
65
116
3
8
138
137
122
86
12
111
92
4
115
107
41
45
37
77
81
129
8
28
115
60
56
101
36
144
132
120
108
96
95
107
106
94
82
81
93
105
104
92
91
103
102
90
78
66
65
64
76
77
89
88
100
101
113
125
126
138
137
136
124
112
111
123
122
134
133
121
109
97
85
86
87
75
74
62
63
51
39
27
28
29
30
42
43
55
56
57
45
46
34
33
32
44
56
68
80
79
67
68
69
70
58
59
71
83
84
72
60
48
47
35
23
24
12
11
10
9
8
7
19
20
21
22
10
9
8
7
6
18
17
5
4
16
15
3
2
1
13
14
26
25
37
38
50
49
61
73
85
97
98
99
100
112
113
114
115
116
117
129
141
140
139
127
128
116
117
118
119
131
143
142
130
118
106
105
104
103
91
90
78
77
65
53
54
55
43
31
30
42
41
40
52
64
63
51
50
62
74
73
61
49
37
25
13
1
2
14
26
38
39
27
28
16
15
3
4
5
6
18
17
29
41
40
52
53
54
66
67
79
80
92
93
81
82
94
95
83
71
70
69
57
58
59
47
46
45
44
32
31
19
20
21
33
34
22
23
11
12
24
36
35
36
48
60
72
84
96
108
107
119
120
132
144
143
131
130
142
141
129
128
140
139
127
126
138
137
125
124
136
135
123
135
134
133
121
109
110
122
110
111
99
98
86
87
75
76
88
89
101
102
114
115
1
2
3
4
5
17
16
28
29
30
42
41
40
52
53
65
64
76
77
78
79
91
103
102
90
89
101
100
88
87
86
74
73
85
97
98
99
111
110
122
121
133
134
135
136
137
125
113
114
126
127
115
116
117
118
106
94
82
81
69
68
56
44
45
33
34
46
58
57
56
55
54
66
67
55
43
31
32
20
19
18
6
7
8
9
21
22
23
11
12
24
36
48
60
72
71
59
47
35
36
48
60
72
84
83
95
96
108
107
119
120
132
144
143
131
130
142
141
129
128
140
139
138
137
136
124
112
100
99
87
75
63
51
39
38
37
49
61
62
50
51
39
27
15
14
13
25
26
27
28
40
52
64
65
77
78
90
91
92
80
68
69
70
82
81
93
105
104
103
115
116
128
127
126
138
139
140
141
142
143
144
132
131
130
129
117
118
106
107
119
120
108
96
84
83
95
94
93
105
104
92
80
79
67
66
54
53
41
42
30
29
17
18
19
31
43
44
32
20
21
33
45
57
58
70
71
59
47
46
34
35
23
24
12
11
10
22
10
9
8
7
6
5
4
16
15
3
2
1
13
14
26
25
37
38
50
49
61
62
74
73
85
86
98
97
109
110
109
121
133
134
135
123
122
123
111
112
124
125
113
114
102
101
89
88
76
75
63
