##Rat 5 Day 1
 ##rewards
74
87
21
##Vertices
1
2
14
26
25
37
49
61
62
63
64
65
77
78
90
89
101
113
114
102
103
91
79
80
92
93
94
82
83
84
72
60
48
36
35
34
33
32
20
8
9
21
22
23
11
12
24
36
48
47
59
71
70
69
81
93
105
106
118
117
129
128
127
126
138
139
140
141
142
130
131
143
144
132
120
108
96
95
107
119
118
106
94
82
81
69
57
58
46
45
44
43
55
54
66
67
68
56
57
45
44
32
31
30
29
17
18
19
7
6
5
4
16
15
3
4
5
17
29
28
27
39
51
50
38
37
49
61
73
74
75
76
88
100
99
111
110
109
97
98
86
85
97
109
121
133
134
122
123
135
136
137
125
124
112
113
114
115
116
104
103
102
101
89
90
78
66
54
42
41
40
52
40
41
53
52
53
65
77
76
64
63
51
39
27
28
16
15
3
2
14
13
1
13
25
26
38
50
62
74
73
85
86
87
75
87
88
100
99
98
110
122
121
133
134
135
123
111
112
124
136
137
125
126
138
139
140
128
127
115
116
104
105
117
129
141
142
130
131
143
144
132
120
119
107
108
96
95
83
84
72
60
59
71
70
58
46
47
35
23
24
12
11
10
9
10
22
34
33
21
20
8
7
6
18
19
31
30
42
43
55
67
79
91
92
80
68
56
133
134
122
110
109
97
85
73
74
75
76
77
65
66
54
53
41
29
30
42
43
55
67
68
56
57
58
70
71
72
84
96
108
120
119
118
117
116
128
140
141
129
130
131
143
144
132
120
108
107
95
83
82
81
69
57
45
46
34
33
21
20
19
18
6
7
8
9
10
22
23
11
12
24
36
48
60
59
47
35
34
46
58
70
69
81
93
94
106
105
104
103
91
90
78
79
80
92
93
105
104
116
115
114
113
125
126
127
139
138
137
136
124
123
135
136
137
125
113
112
111
99
87
86
98
97
85
73
61
62
63
64
52
40
39
27
26
25
37
38
50
49
37
25
13
1
2
14
15
3
4
5
17
16
28
29
30
31
32
44
43
42
41
53
54
66
78
90
102
101
100
88
100
101
89
88
89
77
65
64
76
75
87
99
111
112
124
123
135
134
122
121
133
121
109
110
98
86
74
62
61
49
50
51
63
51
52
40
39
38
26
14
13
1
2
3
15
27
28
16
4
5
17
18
6
7
8
20
19
31
32
44
45
33
21
9
10
22
23
11
12
24
36
35
47
48
60
59
71
72
84
96
95
83
82
94
106
107
119
131
132
144
143
142
141
142
130
118
117
129
128
140
139
138
126
127
115
114
102
103
91
79
67
55
56
68
80
92
54
74
26
85
19
79
25
35
136
57
118
129
60
10
127
16
82
107
61
2
116
73
85
86
28
108
97
32
47
50
129
40
88
54
50
8
98
37
2
45
128
27
132
19
81
55
60
96
39
64
45
44
33
67
40
29
70
59
133
82
120
138
12
38
4
84
37
101
120
56
25
1
128
92
58
107
31
38
35
49
103
75
43
14
98
71
55
144
41
143
53
142
79
69
53
32
76
5
26
15
24
93
115
4
130
31
137
70
57
125
113
23
36
126
124
44
88
141
122
144
140
68
134
17
123
138
42
89
119
16
97
117
30
77
75
121
111
87
126
33
102
76
12
18
112
52
105
102
115
139
41
22
114
94
111
6
62
139
108
39
66
63
64
95
15
94
68
106
104
133
106
46
3
84
134
135
140
104
100
8
61
137
59
36
141
27
58
114
131
14
103
142
51
6
20
5
136
118
86
20
135
72
124
18
65
47
143
109
95
63
9
78
13
17
83
132
34
93
91
48
113
30
105
62
9
69
13
10
73
7
90
66
99
28
130
123
51
91
65
3
131
81
83
7
77
48
46
29
78
119
110
112
80
72
71
21
90
21
116
11
92
11
87
22
23
49
125
117
67
74
127
1
122
43
42
34
52
101
96
121
80
110
99
24
100
56
89
109
113
46
82
80
35
121
108
68
50
13
8
97
53
139
85
9
108
127
58
73
143
7
32
14
12
129
95
15
131
66
86
105
23
38
119
81
89
52
115
24
15
62
28
5
83
74
79
74
19
10
78
1
128
45
16
92
42
41
126
9
93
46
137
69
132
36
85
2
47
3
25
110
122
27
97
13
96
122
47
2
22
140
19
129
112
106
63
16
20
30
11
26
92
18
36
6
67
88
56
43
7
73
10
79
96
48
31
59
23
75
14
120
51
28
76
77
49
54
29
135
133
54
119
35
21
105
104
55
94
40
18
93
17
111
103
71
84
63
128
39
143
102
90
123
136
102
57
59
100
37
42
81
44
12
111
134
104
136
33
98
135
26
72
103
126
8
100
134
64
138
34
109
113
66
65
83
43
124
141
78
80
125
25
61
101
144
121
98
22
117
38
29
130
70
84
89
116
82
1
144
52
55
31
60
33
6
86
44
48
142
116
40
64
117
3
37
131
20
127
138
68
95
69
71
118
106
45
4
142
51
27
56
90
118
137
39
107
130
34
72
58
112
11
30
99
4
50
24
107
124
75
41
67
87
115
17
132
91
114
76
114
120
139
70
110
57
62
61
91
32
87
140
101
53
21
5
77
49
60
133
99
88
109
125
65
94
123
141
12
11
10
22
23
35
36
48
47
46
45
57
58
70
82
83
71
59
60
72
84
96
108
120
119
131
132
144
143
142
141
140
128
116
117
129
130
118
106
105
104
92
93
81
80
79
91
103
115
127
126
114
113
101
102
90
78
77
89
88
100
112
111
123
135
134
133
121
122
110
109
97
85
73
61
62
74
75
63
51
52
64
65
66
67
68
69
57
56
55
54
53
41
42
30
31
43
44
32
20
19
18
17
29
28
16
4
3
15
27
26
14
13
1
2
3
4
5
6
7
8
9
21
33
34
46
58
70
69
68
80
81
82
94
95
107
108
120
119
118
117
116
115
114
113
125
137
136
124
112
111
99
98
86
87
75
76
64
63
51
39
40
52
53
54
42
41
40
39
38
37
49
50
38
50
49
61
62
74
73
85
97
109
121
133
134
135
136
137
138
139
127
128
129
130
131
132
144
143
142
141
140
139
138
126
125
124
123
122
110
98
86
87
99
100
88
76
77
65
66
67
79
78
90
89
101
102
103
91
92
104
105
93
94
106
107
95
96
84
83
71
72
60
59
47
35
34
33
45
44
56
55
43
31
32
20
19
18
30
29
28
27
26
25
37
25
13
1
2
14
15
16
17
5
6
7
8
9
21
22
10
11
12
24
23
24
36
48
144
132
131
130
142
143
144
132
120
119
107
95
94
93
81
80
79
67
55
43
31
32
44
45
33
21
20
8
7
19
18
6
5
17
16
28
27
15
3
4
5
6
7
8
9
10
22
23
11
12
24
36
35
34
46
47
48
60
72
71
70
82
83
84
96
108
120
119
118
106
105
104
103
102
101
89
77
78
90
91
92
104
116
117
129
141
140
139
127
126
138
137
125
124
123
135
136
137
138
139
140
128
127
115
114
113
112
100
88
76
75
74
86
85
73
61
49
50
51
39
38
37
25
13
14
26
27
39
40
52
53
65
64
63
62
61
73
85
97
98
110
122
134
133
121
109
97
98
99
87
88
76
77
89
90
91
92
80
68
56
57
58
59
60
48
47
46
45
44
43
42
54
66
78
79
67
66
65
64
52
51
63
75
87
86
74
62
50
49
37
38
26
25
13
1
2
1
2
14
15
3
4
16
28
29
17
18
19
20
21
9
10
22
23
11
12
24
36
35
34
33
32
31
30
29
30
42
41
40
41
53
54
55
56
68
69
81
93
94
82
70
69
57
58
59
71
72
84
83
95
96
108
107
106
105
117
118
130
131
143
142
141
129
128
116
115
103
102
114
113
101
100
99
111
112
111
123
122
110
109
121
133
134
135
136
124
125
126
22
69
75
97
54
13
131
2
32
35
9
55
105
116
26
129
120
20
22
8
99
135
124
3
121
117
50
90
26
105
116
67
63
83
51
81
77
83
102
100
10
6
73
60
117
108
87
78
74
143
10
122
104
103
20
125
106
52
38
70
108
118
121
21
35
123
58
67
76
55
15
15
41
74
47
125
84
8
139
115
71
96
40
144
3
144
129
25
135
94
51
17
92
53
1
24
98
79
126
25
24
82
112
127
18
95
38
50
127
100
30
126
142
39
119
57
137
42
95
71
93
34
65
36
64
60
99
33
132
75
19
130
29
111
143
110
13
102
58
81
103
46
85
133
49
42
4
128
37
56
64
96
36
45
114
27
109
109
28
88
138
141
61
2
120
12
97
43
31
66
132
140
21
5
87
133
39
94
118
130
90
89
32
91
89
119
72
142
14
107
43
122
44
113
93
37
53
110
136
123
29
61
12
136
104
48
91
65
17
16
124
76
14
84
131
79
69
56
141
6
82
107
92
5
59
16
137
72
88
68
18
31
46
113
48
54
23
86
19
28
63
11
134
7
62
98
62
68
140
138
44
66
52
57
86
101
112
45
40
106
101
33
77
85
34
11
80
59
115
7
73
49
30
114
78
128
1
139
9
4
111
80
27
134
47
70
23
41
85
120
130
31
70
26
33
23
105
134
90
65
127
26
99
34
98
133
27
135
139
129
20
119
106
69
6
45
10
114
123
30
93
23
48
137
5
123
82
113
80
44
56
116
15
134
64
63
25
21
124
12
102
50
21
1
8
57
120
104
29
97
17
81
55
95
128
128
117
121
45
119
4
70
2
96
101
140
66
49
68
94
78
83
14
142
57
24
41
74
118
80
42
141
116
29
73
30
90
1
129
71
81
112
138
7
86
68
13
50
142
18
121
59
115
133
84
144
48
136
132
38
60
88
37
125
28
98
72
27
122
78
102
137
54
130
61
104
89
117
13
67
46
87
97
2
46
63
67
88
141
4
8
40
100
140
9
107
83
79
96
143
37
34
131
53
89
111
40
10
107
36
22
51
79
39
11
77
125
39
58
59
109
55
76
92
143
126
91
32
3
65
18
112
5
135
43
19
75
7
54
28
64
105
25
138
35
122
87
115
109
127
100
82
20
86
95
131
113
99
47
62
103
110
75
60
92
108
72
106
56
41
114
16
33
144
14
44
3
101
12
85
31
132
53
77
93
9
118
84
16
19
91
42
51
136
110
49
61
43
24
124
73
52
52
76
69
15
58
108
22
71
94
11
35
103
62
38
74
111
17
36
126
6
32
47
139
66
133
121
109
97
85
86
98
110
122
134
135
123
111
112
100
88
89
77
76
64
52
51
63
62
61
49
50
38
37
25
13
14
15
16
4
5
17
29
41
53
54
42
43
55
67
79
80
68
69
81
93
92
104
103
91
90
78
66
65
53
41
40
39
27
26
25
37
49
61
73
74
75
87
99
100
101
113
114
102
101
113
125
137
136
124
112
111
99
87
88
76
64
52
40
28
29
30
31
19
20
21
9
10
22
34
33
32
44
56
57
45
46
58
59
47
48
36
35
23
24
12
11
10
9
8
7
6
18
30
42
43
44
56
57
45
46
58
70
82
83
71
72
84
96
108
107
95
94
106
118
130
129
128
116
117
105
104
116
115
127
139
140
141
142
143
144
132
131
119
120
108
107
119
120
132
144
143
131
130
142
141
129
117
118
106
105
93
92
80
81
82
94
95
96
84
83
71
70
69
68
67
55
54
66
65
77
89
90
78
79
91
103
102
114
115
127
128
140
139
138
126
125
126
138
137
136
124
123
135
134
133
121
122
110
109
97
98
86
85
73
74
75
63
62
50
38
26
14
13
1
2
1
2
3
15
3
4
5
6
7
8
20
21
22
23
11
12
24
36
48
60
72
60
59
47
35
34
33
32
31
19
18
17
16
28
27
39
51
144
143
142
130
131
119
120
108
107
106
105
93
94
82
70
71
83
95
96
84
72
60
48
36
35
23
24
12
11
10
9
8
20
32
33
21
22
34
46
45
44
56
57
69
68
67
55
43
31
19
18
30
29
41
42
54
66
65
53
52
40
28
27
15
3
2
1
13
14
26
25
37
49
61
73
74
62
63
75
87
88
76
77
78
79
80
81
93
92
91
90
89
101
102
114
115
103
104
116
128
127
126
125
113
112
124
136
135
123
111
110
122
121
133
134
135
136
137
138
139
140
141
129
117
118
106
94
82
81
80
68
69
70
58
59
47
48
36
35
34
33
32
31
30
29
17
5
4
16
28
27
39
38
50
51
63
64
76
75
87
99
100
88
89
90
102
101
100
99
98
97
85
86
98
86
85
73
74
62
61
49
37
25
13
1
2
3
4
5
6
7
19
20
21
22
23
24
12
11
10
9
8
7
6
18
17
16
15
14
26
38
50
51
39
40
52
64
65
77
78
79
67
66
54
53
41
42
43
55
56
44
45
57
58
46
47
59
60
72
71
83
84
96
95
107
119
118
117
105
104
92
91
103
115
116
128
127
126
114
113
112
111
110
109
97
109
121
133
134
122
123
124
125
137
138
139
140
141
129
130
142
143
144
132
131
132
120
108
77
137
92
23
74
89
132
50
74
109
20
49
130
22
129
48
78
144
9
30
47
85
8
138
96
106
134
52
98
19
96
53
136
45
116
13
12
28
63
57
94
111
35
6
18
86
62
136
5
82
2
101
11
135
71
58
114
32
115
95
7
79
46
141
28
56
43
66
116
71
142
69
67
1
99
91
143
75
61
17
54
72
25
29
113
97
2
27
50
76
59
67
57
14
54
61
94
143
142
56
122
134
104
68
127
137
41
85
78
11
68
4
123
39
15
98
5
105
8
126
1
99
90
127
10
27
36
58
84
77
76
128
139
139
110
133
55
3
38
125
20
92
53
108
80
33
31
24
140
141
26
45
48
34
109
113
126
117
129
138
100
65
16
60
10
66
44
21
88
26
90
123
3
119
21
107
101
55
112
72
12
115
38
14
9
40
59
104
83
4
31
64
37
35
18
24
86
105
51
43
119
132
103
73
106
103
107
93
108
140
70
118
93
81
133
81
91
121
73
124
37
40
17
25
144
95
64
83
80
33
47
131
87
89
29
114
7
19
97
118
42
15
16
62
22
125
122
131
112
117
88
51
6
30
100
70
34
69
120
84
124
46
111
36
75
49
44
102
135
63
121
60
87
52
128
110
32
65
82
79
39
130
120
102
13
23
42
41
101
15
8
40
89
12
53
41
70
37
26
107
131
11
71
104
137
80
96
86
4
132
130
131
61
6
101
46
51
140
109
129
144
21
93
38
65
134
28
143
103
136
142
37
75
118
141
81
73
125
3
43
127
44
143
2
109
79
123
74
41
86
121
125
17
72
89
27
112
30
58
67
52
68
116
5
10
112
77
72
94
95
36
116
138
48
24
113
88
79
135
83
49
92
128
33
135
97
63
136
20
9
58
33
110
45
32
19
43
137
105
69
132
54
93
82
19
87
129
144
87
75
118
3
39
59
138
77
62
51
90
74
70
100
121
62
47
14
98
67
61
39
113
111
100
84
83
139
111
65
50
11
64
23
45
24
42
57
114
99
92
32
9
106
141
7
21
104
17
63
117
55
13
54
128
53
35
97
46
23
96
8
28
119
16
4
1
60
107
88
52
44
26
34
7
31
108
114
57
36
122
102
5
91
95
15
122
80
22
117
48
29
69
108
115
126
31
105
94
55
130
106
102
139
126
2
124
119
25
142
27
103
76
68
6
1
12
110
56
90
120
115
50
84
134
59
60
85
133
73
85
22
78
18
56
66
82
66
16
124
42
127
78
76
18
120
10
98
64
25
34
123
133
20
49
140
13
99
47
30
40
38
14
35
91
29
81
71
