##Rat 4 Day 7
 ##rewards
126
113
47
##Vertices
144
143
142
141
129
117
116
128
140
139
138
137
136
124
125
113
112
111
99
98
110
122
121
133
134
135
123
111
99
100
101
102
114
115
127
126
138
139
140
141
142
130
131
132
120
108
96
84
72
71
59
60
48
36
24
12
11
10
22
21
9
8
7
6
18
19
20
32
44
56
57
69
70
82
83
95
107
119
118
106
94
93
105
104
103
91
92
80
68
67
66
54
42
30
29
41
53
65
77
76
88
87
86
85
73
61
49
50
51
63
62
74
75
87
88
89
90
78
79
91
103
104
92
93
81
82
70
58
46
47
35
34
33
45
57
58
46
45
44
43
55
54
53
52
64
76
75
63
64
52
40
28
16
15
27
26
25
37
38
39
40
41
29
17
5
4
3
2
14
13
1
13
1
2
14
15
3
4
16
28
27
26
25
37
38
39
51
50
49
61
62
74
73
85
86
98
97
109
97
109
110
122
121
133
134
135
123
124
136
137
125
113
112
100
101
89
77
65
66
67
55
56
68
69
81
80
79
78
90
102
114
126
127
115
116
128
129
130
131
143
144
132
120
119
118
117
105
106
94
95
107
108
96
84
83
71
72
60
59
47
48
36
24
23
35
34
33
21
20
32
31
43
42
30
31
19
18
17
5
6
7
8
9
10
22
23
11
12
133
121
109
97
98
99
87
86
85
73
61
49
37
38
50
51
39
27
28
16
15
14
2
1
13
25
26
27
28
40
52
64
63
75
74
62
61
73
85
97
109
110
122
134
135
136
137
138
139
127
128
140
141
142
143
144
132
120
119
107
108
96
84
72
71
83
95
94
93
92
104
103
115
114
126
125
124
123
111
112
113
101
100
88
76
77
89
90
91
79
67
68
69
70
58
57
56
55
54
42
41
29
17
5
6
7
8
20
32
31
19
18
30
29
41
53
65
66
78
77
76
88
89
101
102
114
115
116
117
129
130
118
106
105
104
116
117
105
93
81
80
68
56
44
43
42
30
31
43
44
45
46
47
35
34
22
10
9
21
33
45
57
58
59
60
48
36
24
23
11
12
11
12
24
23
35
36
48
47
46
34
22
10
9
21
33
32
20
8
7
19
18
6
5
17
16
4
3
4
3
15
14
2
1
13
25
26
38
37
49
50
51
39
40
52
53
54
55
67
79
80
92
91
103
102
90
78
66
65
64
63
62
74
75
87
86
98
110
122
121
133
134
135
123
111
99
100
112
113
125
124
136
137
138
126
127
139
140
128
129
141
142
143
131
130
118
106
107
95
94
82
81
69
70
82
83
71
59
60
72
84
96
108
120
119
131
132
144
2
96
1
10
76
23
41
38
110
92
48
114
38
120
140
116
28
127
39
31
18
37
59
102
140
117
113
130
110
8
112
60
68
44
4
35
127
118
45
141
52
62
115
77
117
103
32
21
105
46
30
53
59
4
20
27
106
98
129
132
101
57
87
53
122
58
107
62
100
43
19
69
100
12
66
47
55
73
34
3
124
137
125
105
75
85
108
22
119
8
112
92
88
128
61
116
1
22
89
44
136
67
51
3
18
84
111
54
43
12
108
89
78
51
138
85
91
28
19
134
29
64
5
97
46
95
69
94
72
82
133
139
144
61
23
126
121
115
71
82
30
36
55
15
54
90
66
24
91
141
137
78
6
48
84
9
15
5
129
27
47
93
17
25
101
42
99
49
26
144
65
143
88
56
40
67
109
9
133
80
31
107
39
29
121
124
76
68
102
40
97
34
21
83
136
81
74
74
70
17
125
106
16
13
120
37
96
20
71
41
56
131
86
130
79
60
45
123
132
10
64
142
26
16
90
14
24
35
7
113
63
135
49
126
86
87
52
123
14
94
73
7
104
135
134
58
32
118
65
104
93
33
81
70
99
131
95
80
11
25
138
142
63
36
143
33
13
50
139
111
122
128
109
57
72
11
6
83
2
114
79
50
42
75
119
103
77
98
1
20
10
143
46
82
75
18
33
59
37
92
65
70
49
85
78
122
8
59
2
17
134
64
42
71
107
119
1
7
17
31
18
50
29
38
79
130
62
136
93
125
56
31
138
4
22
133
129
128
110
67
135
5
7
64
114
43
124
30
111
84
57
61
97
94
130
32
134
117
108
53
8
80
129
139
52
127
41
58
3
103
28
46
118
96
72
121
95
36
117
69
60
83
24
113
77
48
101
39
61
54
89
30
42
132
112
22
72
125
26
80
121
66
45
6
51
83
107
79
39
124
88
141
76
52
95
33
104
86
116
110
137
55
62
91
105
86
93
138
98
4
111
102
136
106
104
88
105
142
47
144
120
49
120
53
140
55
98
85
99
116
35
123
109
67
126
65
84
71
82
73
76
54
103
68
70
37
25
74
28
109
44
20
35
13
11
25
119
126
75
144
21
142
23
112
118
19
131
24
27
139
34
73
10
66
9
50
135
5
122
40
94
132
45
141
29
114
77
34
16
11
74
16
140
21
89
63
106
96
90
14
99
32
26
143
48
123
15
38
131
81
92
12
14
9
100
19
69
63
41
78
36
87
100
43
115
56
51
91
97
60
27
58
90
102
3
133
2
81
127
47
23
113
101
15
44
128
13
6
57
137
87
115
40
12
108
68
1
13
14
15
16
4
3
2
1
13
25
37
49
50
51
52
64
63
75
76
77
65
53
54
66
78
79
91
90
102
103
104
116
115
114
126
127
139
140
128
129
141
142
130
118
117
105
106
107
119
131
143
144
132
120
108
96
84
83
71
70
58
59
47
35
23
11
12
24
36
48
60
72
84
96
95
94
82
81
69
68
80
92
93
81
80
79
67
55
43
44
32
20
21
33
45
46
34
22
10
9
8
7
6
18
19
31
30
42
41
40
39
38
26
27
28
29
17
5
6
7
8
9
21
20
19
31
32
33
45
57
56
44
43
42
41
40
52
51
63
62
61
73
74
86
85
97
98
110
109
121
122
134
135
123
111
99
100
101
89
88
87
99
111
112
124
136
137
138
139
140
141
129
117
118
119
131
130
142
143
144
132
120
108
107
106
94
95
83
82
70
71
72
60
59
47
48
36
24
12
11
10
22
23
35
34
46
58
57
69
68
56
55
67
66
54
53
65
64
76
88
100
101
89
77
78
90
91
92
93
105
104
116
128
127
115
103
102
114
113
112
113
125
126
138
137
125
124
136
135
123
122
110
98
86
87
75
74
62
50
38
39
27
28
29
30
18
17
5
4
16
15
3
2
14
26
25
37
49
61
73
85
97
109
121
133
134
133
12
11
23
35
47
48
36
24
12
11
10
9
8
20
32
44
43
31
30
42
54
55
56
68
67
66
78
77
65
64
76
88
87
75
63
62
74
73
85
86
98
97
109
110
111
99
100
112
124
123
122
121
133
134
135
136
137
138
126
127
115
116
128
129
130
131
132
144
143
142
141
140
139
138
137
125
113
114
102
103
91
90
89
101
102
90
78
79
80
81
93
94
95
107
106
105
117
118
119
120
108
96
84
72
71
83
82
70
69
57
45
33
21
22
34
46
58
59
60
72
84
96
108
107
95
83
82
94
106
105
104
92
93
81
69
57
45
44
32
31
19
7
6
18
17
5
4
16
15
3
2
14
13
25
26
27
28
40
52
53
41
29
28
27
39
38
37
49
61
73
85
97
98
99
111
123
122
110
109
121
133
134
135
136
124
112
113
125
126
114
115
127
139
140
128
129
141
142
143
144
132
120
119
131
130
118
117
116
104
103
91
92
80
79
67
68
56
55
43
42
41
40
52
53
54
66
65
77
89
101
100
88
87
86
74
75
76
64
63
51
39
51
50
62
61
49
50
38
37
25
26
14
15
16
17
29
30
18
19
20
21
33
34
46
58
70
71
59
60
48
47
35
36
24
23
22
10
9
8
7
6
5
4
3
2
1
13
1
15
5
80
9
93
14
12
79
7
129
115
141
24
58
74
9
95
7
87
61
60
127
2
19
30
40
125
66
32
88
38
6
135
90
51
88
83
75
65
105
53
92
59
107
108
62
120
17
35
25
95
51
112
49
47
124
137
108
128
43
22
144
140
85
109
116
54
11
121
64
23
90
52
132
52
2
66
126
78
122
119
77
20
118
100
111
82
117
31
102
91
111
10
23
105
100
57
93
124
56
135
114
63
4
141
37
24
97
27
80
61
46
107
16
33
142
40
132
54
139
134
34
28
142
101
18
81
8
55
89
63
56
70
94
48
137
113
131
29
13
1
110
73
58
79
71
43
45
21
125
59
81
130
15
76
27
36
44
67
50
42
136
96
42
115
131
143
133
64
10
87
136
50
83
12
26
72
68
26
140
104
44
16
74
133
99
106
20
57
38
86
69
104
91
98
129
8
139
3
78
97
143
82
84
5
31
120
36
1
33
123
121
101
25
6
106
29
13
14
22
39
30
99
85
72
122
34
41
130
62
126
32
39
41
21
102
76
49
96
113
123
75
65
68
103
70
114
37
138
94
48
118
46
127
55
117
35
60
128
67
112
73
28
45
19
77
84
98
144
71
89
116
3
4
53
17
11
109
110
134
69
138
86
18
47
92
103
119
99
60
91
110
102
89
127
28
47
79
42
16
84
70
137
73
71
59
62
75
139
122
61
19
60
20
67
100
6
36
105
98
40
143
71
91
90
8
55
69
135
109
58
133
73
117
86
105
12
122
50
108
66
123
30
48
23
86
132
37
94
114
119
56
136
32
1
77
115
21
59
85
22
92
49
104
58
32
98
11
76
97
33
44
83
128
124
55
4
10
130
95
144
68
13
5
53
138
10
15
43
140
27
90
103
144
12
19
99
129
116
69
31
3
38
88
68
51
7
117
41
126
119
64
96
75
123
16
107
62
17
129
14
133
82
120
102
21
112
8
20
101
113
85
46
34
84
96
74
9
142
3
97
83
88
53
25
111
94
134
39
87
18
131
43
57
13
22
50
137
82
80
38
131
26
92
127
11
107
104
132
72
2
124
1
63
65
35
18
24
143
25
106
115
141
34
28
74
81
54
45
78
128
7
121
31
77
140
126
116
64
95
121
81
33
142
54
48
101
130
29
56
138
134
24
9
57
113
112
42
44
4
108
29
100
78
51
66
5
52
61
67
120
114
41
65
63
30
141
37
106
111
15
110
118
2
79
17
49
35
39
89
70
6
47
26
76
36
46
136
80
23
27
93
125
52
40
45
103
118
109
72
14
87
135
139
125
93
12
24
36
35
23
22
10
9
21
33
45
44
32
31
30
18
19
20
8
7
6
5
4
3
15
14
2
1
13
25
37
49
50
51
39
38
26
27
28
40
52
53
41
42
54
66
65
64
63
62
74
75
87
88
76
77
78
90
89
101
100
99
111
110
109
121
133
134
122
123
135
136
137
138
139
127
126
114
115
116
104
103
91
79
67
55
43
44
56
68
80
92
93
81
82
70
69
57
58
59
71
83
95
94
106
107
108
120
119
118
130
131
143
144
132
120
108
96
84
72
60
48
47
46
34
33
32
31
43
55
54
42
30
29
17
16
4
3
15
27
39
51
63
75
87
86
85
97
98
99
111
112
124
125
113
114
102
103
115
116
117
105
104
92
80
81
93
105
117
129
141
140
128
129
128
140
139
127
126
138
137
136
135
134
133
121
109
97
85
73
61
62
50
38
26
14
2
1
13
25
37
49
61
73
74
86
98
110
122
123
124
125
113
112
100
101
102
90
91
79
67
66
78
77
89
88
76
64
65
53
52
40
41
29
28
16
17
5
6
18
19
7
8
20
21
22
34
46
45
57
56
68
69
70
58
59
71
83
82
94
106
118
130
142
141
142
143
144
132
131
119
107
95
96
84
72
60
48
47
35
36
24
12
11
23
11
10
9
144
132
120
108
96
95
107
119
131
143
142
130
118
117
105
93
92
80
81
69
57
58
70
71
72
60
59
47
48
36
24
23
22
21
9
8
20
32
44
56
55
43
42
54
66
78
77
65
64
76
88
89
101
102
90
91
79
67
68
56
44
45
46
34
35
36
48
60
72
84
83
82
94
106
105
104
116
115
103
104
116
128
140
141
129
117
118
106
94
93
81
69
57
45
33
32
31
30
18
17
16
4
3
15
27
28
29
41
53
52
40
39
51
50
38
37
25
26
14
13
1
2
3
4
5
6
7
19
31
43
42
41
53
52
40
39
51
63
75
74
62
61
73
85
97
98
86
87
99
111
123
124
125
113
112
100
101
113
114
126
138
137
136
135
134
133
121
122
110
109
97
98
110
109
121
133
134
122
123
135
136
124
112
111
99
100
88
89
77
76
75
87
86
85
73
74
62
63
64
65
66
54
55
67
68
80
92
91
79
78
90
102
103
115
114
126
125
137
138
139
127
128
127
139
140
141
129
130
142
143
144
132
131
119
120
108
107
95
96
84
83
82
70
71
59
47
35
23
24
12
11
12
11
10
22
10
9
8
7
6
5
17
16
15
14
2
1
13
25
37
49
61
49
50
38
26
27
28
29
30
18
19
20
21
33
34
46
58
26
143
52
9
17
23
114
87
41
141
64
109
40
126
104
133
65
29
33
108
120
139
121
144
124
1
114
58
68
125
58
47
117
94
53
8
39
30
91
113
97
38
128
98
129
67
62
18
101
113
55
20
139
5
33
127
30
76
92
127
78
136
77
132
71
72
54
18
16
71
140
106
26
43
75
11
141
56
21
142
68
44
24
69
4
85
137
75
122
103
57
65
135
82
83
123
120
22
4
37
123
49
36
13
98
19
12
3
73
27
5
28
97
118
115
140
125
11
130
7
62
25
138
135
102
86
49
35
84
42
112
142
117
104
47
43
77
41
14
22
17
63
119
79
103
134
28
35
101
32
143
110
136
90
87
66
132
60
95
99
45
2
63
80
40
112
38
93
15
19
42
124
79
57
100
116
110
83
144
23
51
96
107
16
85
133
74
131
8
73
32
74
70
67
105
61
46
92
55
89
29
128
37
14
129
105
7
3
6
89
102
39
70
93
81
100
81
54
138
2
31
56
6
91
21
36
111
69
48
27
25
121
45
59
94
106
59
111
53
116
31
119
60
90
109
108
88
15
44
131
137
82
9
84
88
99
86
13
52
78
34
76
96
50
64
12
50
80
61
51
122
10
107
126
115
118
130
1
24
20
72
95
34
66
134
48
10
46
39
88
59
32
25
26
103
136
8
50
75
32
82
73
74
121
116
134
124
14
77
22
62
30
36
134
47
18
54
52
68
84
40
106
65
10
29
4
99
49
2
91
108
75
139
15
2
4
11
78
72
117
23
109
114
97
86
71
26
53
43
129
5
103
16
44
83
108
93
111
11
13
68
73
12
35
141
85
125
102
123
133
60
90
3
100
94
30
50
55
62
70
95
94
81
22
127
9
86
88
142
130
121
106
23
54
138
105
55
99
1
56
14
109
96
142
91
63
10
76
21
107
20
35
83
42
82
67
28
19
98
124
9
61
144
122
137
38
120
38
20
87
48
79
21
78
37
17
34
15
102
8
53
13
64
48
46
61
113
79
144
101
105
87
100
17
126
58
136
66
123
135
89
93
34
138
92
27
128
5
107
131
118
116
95
112
6
57
63
3
129
119
104
101
19
57
27
65
125
67
39
118
111
114
92
77
74
140
143
52
115
45
33
122
12
47
58
18
117
132
59
126
131
71
6
128
31
104
49
89
41
72
120
7
135
130
37
81
119
46
24
115
33
42
69
70
110
1
25
80
60
127
112
66
45
143
36
84
133
24
16
40
64
51
141
44
90
51
76
41
139
28
137
69
97
140
98
110
132
31
85
80
96
113
43
7
29
56
