##Rat 5 Day 8
 ##rewards
74
87
21
##Vertices
15
45
88
10
77
32
112
136
140
46
12
94
55
106
80
112
64
127
78
14
36
24
122
133
61
89
117
69
141
139
1
12
51
72
101
99
133
32
90
95
99
80
134
144
107
85
26
137
40
46
3
119
37
106
129
104
121
49
79
113
111
67
6
39
65
141
88
115
86
41
6
21
118
123
123
34
138
60
92
54
91
48
48
45
87
38
8
131
57
96
128
1
102
65
13
20
93
25
66
62
81
108
33
60
27
101
23
75
29
37
50
51
47
42
76
91
82
143
2
9
50
118
115
119
2
110
120
128
16
124
85
54
130
59
18
110
25
17
8
31
138
82
38
68
58
105
97
136
62
121
73
104
59
120
135
19
70
11
3
67
47
126
135
33
108
98
70
53
124
29
103
35
129
87
86
36
44
140
7
132
22
122
114
49
53
137
41
61
43
15
71
125
14
105
17
97
116
42
5
73
39
22
26
132
109
102
28
142
18
24
144
100
103
71
69
11
43
13
56
113
126
143
98
139
90
7
100
66
5
35
63
107
16
92
89
83
116
10
114
78
72
130
58
30
117
63
9
28
68
52
81
84
127
4
96
31
56
125
95
27
4
74
93
109
76
83
64
111
94
23
20
142
34
57
84
30
52
75
74
40
77
21
19
55
131
79
134
44
8
109
45
31
34
135
73
28
108
140
41
131
31
99
44
77
120
85
19
3
52
126
140
1
60
15
61
21
75
63
8
86
74
65
132
71
122
103
43
26
13
78
93
142
3
94
76
39
72
11
124
114
13
75
91
49
51
111
18
104
19
66
125
9
77
56
112
139
117
12
83
20
47
121
6
79
51
26
48
30
63
132
85
111
137
24
38
128
33
30
89
79
67
90
27
131
107
16
36
46
95
83
58
40
18
93
22
61
14
120
48
119
40
41
129
35
54
116
73
50
67
143
17
69
16
46
44
82
115
64
122
60
141
142
144
133
80
91
110
10
28
107
39
42
106
53
92
144
17
76
11
59
42
22
96
2
101
138
29
121
80
66
71
23
35
115
102
27
21
55
136
7
128
137
4
143
5
123
57
29
97
81
14
32
118
65
95
130
4
37
1
20
135
113
56
7
126
59
70
64
138
23
84
141
88
100
57
117
58
43
49
96
33
92
74
81
108
94
134
87
101
98
68
34
106
124
118
15
87
25
139
99
72
55
38
54
9
127
136
123
36
32
127
50
105
130
129
82
68
109
97
110
125
69
134
70
24
62
114
133
89
86
25
102
112
10
37
62
45
119
12
100
116
6
52
5
84
47
103
90
113
104
88
53
2
78
105
98
144
132
120
119
131
130
142
141
129
117
105
104
116
115
114
126
127
128
140
139
138
137
136
135
123
122
134
133
121
109
97
85
86
87
99
98
110
111
112
100
88
89
101
102
90
78
77
76
75
74
62
63
51
52
64
65
66
54
53
41
40
39
27
26
25
13
1
2
14
15
3
4
5
6
7
19
18
30
31
32
44
43
55
67
79
91
103
104
92
80
68
56
57
69
70
82
81
93
94
95
83
71
59
58
46
47
48
36
35
34
22
23
11
12
24
36
48
60
72
84
96
108
107
106
118
117
116
115
103
91
90
102
114
113
125
124
136
135
123
111
99
87
75
63
51
50
49
37
38
39
27
28
16
17
29
30
42
43
31
32
33
45
44
56
68
69
57
45
33
21
9
8
20
21
20
8
7
19
18
6
5
4
3
2
1
13
25
37
49
61
73
74
86
98
110
122
134
133
121
109
97
85
73
61
62
50
38
26
14
15
16
17
29
28
40
41
42
54
55
67
79
78
66
65
53
52
64
76
77
89
88
100
101
113
112
124
125
137
138
126
127
139
140
128
129
130
118
106
105
93
92
80
81
82
94
95
83
71
70
58
46
34
22
10
9
10
11
12
24
23
35
47
59
60
72
84
96
108
107
119
120
132
144
143
131
143
142
141
133
134
135
136
137
125
124
123
122
121
109
110
111
99
100
101
89
90
102
103
104
116
115
127
139
140
128
129
141
142
143
131
119
107
108
96
95
94
93
92
80
81
69
68
67
66
54
55
43
42
41
53
52
64
65
77
78
79
91
92
93
105
117
118
130
142
141
140
139
138
126
114
113
112
100
88
87
75
76
88
87
86
85
97
98
99
111
112
113
101
102
103
104
105
106
94
82
70
71
59
47
48
36
35
34
46
58
57
56
44
45
33
32
20
21
9
10
22
23
11
12
24
36
48
60
72
84
83
82
81
69
57
56
44
45
33
32
31
30
18
19
7
6
5
4
16
17
29
28
27
26
38
50
51
39
40
52
51
63
62
61
49
37
25
13
1
2
14
15
3
4
16
15
3
2
1
13
14
26
25
37
38
39
27
28
40
41
53
54
42
30
29
17
5
6
18
19
31
43
55
67
68
80
79
91
90
89
77
78
66
65
64
76
75
63
62
50
49
61
73
74
86
74
73
85
97
98
110
109
121
133
134
122
123
135
136
124
125
137
138
126
114
115
127
128
129
130
131
143
144
132
144
132
120
119
120
108
96
84
72
60
59
47
35
23
24
12
11
10
9
8
7
8
20
21
22
34
46
58
70
71
83
95
107
106
118
117
116
88
124
95
28
30
103
78
73
104
61
34
30
76
13
47
124
50
134
94
84
92
6
15
81
59
48
74
2
42
44
52
54
127
41
94
63
90
69
100
52
45
137
8
103
89
60
20
74
64
142
120
36
70
105
9
8
83
2
109
109
143
117
10
135
32
82
93
73
35
42
77
93
22
131
127
39
77
17
21
32
16
131
29
85
49
126
102
101
18
130
122
38
107
67
72
18
129
82
26
126
68
61
129
69
62
24
72
75
62
64
102
139
85
121
70
46
33
3
22
115
44
65
57
19
56
78
90
76
98
110
89
125
114
107
39
12
35
65
123
29
112
17
7
58
134
58
115
144
13
45
1
108
138
114
106
36
104
86
91
130
11
25
116
84
4
51
92
3
125
53
12
14
140
41
11
31
67
79
79
40
117
38
101
37
97
81
100
136
50
25
136
63
14
57
99
37
33
20
106
48
87
68
26
111
88
137
66
47
113
1
15
108
141
128
23
55
19
46
99
95
51
144
113
111
132
80
56
23
91
43
49
59
71
139
10
53
71
4
122
5
66
123
54
87
34
128
135
97
120
133
121
119
28
16
5
138
96
118
116
110
96
60
133
143
27
80
55
86
98
6
140
31
83
9
21
7
112
27
141
105
119
118
40
43
75
24
142
132
52
61
65
124
43
102
31
87
104
121
34
5
93
36
131
27
121
117
11
5
45
51
100
44
123
10
13
107
9
15
8
3
56
80
3
99
84
89
29
17
67
9
19
49
17
58
129
35
72
74
40
2
65
131
97
127
30
13
47
6
24
1
122
46
120
115
104
14
14
45
78
43
26
4
47
117
139
73
84
55
64
86
82
143
81
92
39
96
62
51
88
133
133
129
72
28
88
101
101
28
66
59
21
1
112
107
20
24
83
77
126
110
15
30
26
120
143
59
33
140
73
7
42
69
96
70
42
32
34
124
123
90
136
41
52
108
137
50
103
128
111
35
98
21
71
18
85
7
114
44
48
66
106
128
29
4
49
87
139
25
79
67
144
138
85
105
12
100
31
91
106
60
132
70
132
75
89
108
83
62
94
103
32
27
95
82
141
22
113
116
109
111
53
58
99
60
95
12
79
130
78
94
54
105
38
33
144
134
140
119
112
54
125
56
41
116
135
23
122
11
76
74
109
36
68
90
110
135
18
80
38
77
55
57
68
137
16
48
25
98
71
46
118
138
64
118
76
81
8
86
10
127
126
2
53
91
50
22
16
142
61
69
119
97
134
20
75
19
6
114
39
141
63
142
40
113
37
37
130
57
115
136
125
92
102
93
63
23
1
13
25
37
49
50
38
26
14
2
3
15
27
28
40
52
53
65
64
76
88
87
75
74
73
85
86
98
97
109
121
122
123
124
136
137
125
113
101
89
90
102
103
91
79
67
68
80
81
69
57
56
44
43
55
54
66
78
77
89
101
100
99
111
110
109
97
85
73
61
62
63
51
39
40
41
29
30
42
41
29
17
5
4
16
28
27
39
51
52
64
76
88
100
112
113
114
115
127
128
129
141
142
130
118
117
116
104
92
93
105
106
94
95
107
108
120
119
131
132
144
143
142
141
140
139
138
126
114
102
103
104
92
93
105
106
94
82
70
71
83
84
72
60
48
47
59
58
46
34
22
21
20
32
33
45
44
32
31
19
7
8
9
10
11
12
24
23
35
36
48
47
35
36
24
12
11
23
22
10
9
21
33
34
46
45
57
56
68
69
70
58
59
60
72
71
83
82
81
80
79
91
90
78
77
65
53
54
66
67
55
43
42
30
31
19
20
8
7
6
18
17
18
6
5
4
16
15
3
2
1
13
14
26
25
37
38
50
49
61
62
63
75
74
86
98
110
122
121
133
134
133
134
135
123
135
136
137
138
139
140
128
129
130
131
143
144
132
120
108
96
84
96
95
107
119
118
117
116
115
127
126
125
124
112
111
99
87
12
11
23
35
36
48
60
72
84
96
108
120
119
107
106
105
93
92
104
116
115
127
139
138
137
125
124
136
135
123
122
134
133
121
109
97
98
99
100
88
89
101
113
112
111
110
109
97
85
86
87
75
76
77
78
90
102
103
91
79
80
81
69
70
82
94
95
83
71
59
58
57
45
33
32
20
8
7
19
18
6
5
17
16
4
3
2
14
26
25
37
49
61
73
74
62
50
38
39
40
41
42
30
29
28
27
15
3
4
5
6
7
8
9
10
22
21
33
34
46
47
48
60
59
58
70
69
68
67
66
54
55
43
31
19
18
17
16
15
27
28
29
30
42
41
53
52
51
63
64
65
77
78
79
80
81
93
105
117
118
130
131
143
142
141
129
128
140
139
138
126
127
128
140
141
129
130
142
143
144
132
144
132
131
119
120
108
96
84
72
71
83
82
94
95
107
106
118
117
116
104
92
91
103
115
114
126
125
137
136
124
112
113
114
102
90
89
101
100
99
111
123
135
134
133
121
122
110
98
86
85
73
61
62
74
75
87
88
76
64
63
51
50
49
37
25
13
1
2
1
13
14
26
38
39
40
52
53
65
66
54
55
67
68
56
44
45
46
47
35
34
22
23
24
36
24
12
11
10
9
21
20
32
31
43
44
56
57
119
25
34
31
63
78
139
92
53
41
87
106
39
110
44
32
128
45
70
77
124
16
75
54
102
88
114
21
48
82
12
4
125
74
57
8
88
86
11
56
22
14
124
86
64
132
90
80
122
87
142
28
110
20
27
72
63
31
134
120
51
119
107
136
101
128
140
101
103
6
113
109
61
35
50
95
82
46
40
13
69
38
59
112
65
116
2
14
105
9
80
125
24
6
69
62
112
118
52
135
106
73
85
140
53
76
120
66
59
75
117
139
97
50
111
26
93
20
41
38
127
143
17
89
77
55
104
99
99
15
122
39
133
61
136
35
130
34
117
95
65
68
33
143
144
3
126
49
118
72
93
15
62
3
11
73
81
27
123
114
10
7
67
43
24
131
116
78
2
54
83
10
126
90
57
36
9
115
121
1
42
32
144
22
23
135
100
115
103
58
36
137
91
76
49
94
109
30
26
84
100
138
74
44
25
5
97
107
102
19
96
16
67
33
37
29
28
58
134
104
43
137
133
29
92
1
131
40
18
108
7
37
30
47
130
56
98
81
68
4
12
42
51
132
127
98
129
94
71
113
141
108
105
96
21
18
17
129
89
141
8
13
142
47
46
71
45
121
83
138
79
70
55
85
60
64
79
84
52
111
5
48
91
60
19
66
23
123
50
114
108
87
36
142
57
6
60
32
19
134
97
88
85
16
10
100
69
47
73
65
85
95
107
29
5
75
25
101
40
129
92
123
59
2
126
136
12
28
133
48
21
135
113
58
109
33
76
59
11
103
63
84
106
80
115
132
132
134
144
72
144
29
99
26
108
8
99
87
17
69
40
73
120
131
126
45
77
53
142
22
127
43
122
38
121
98
34
7
5
56
91
116
9
39
84
86
102
117
37
110
8
141
128
42
6
104
81
4
90
26
61
62
127
79
125
55
34
90
1
83
68
37
33
119
80
32
27
70
105
138
129
9
66
78
22
2
140
44
100
101
124
43
58
135
96
62
64
86
112
54
23
118
31
103
35
20
1
60
12
16
104
117
76
35
113
11
143
66
10
106
102
13
133
115
71
52
27
125
128
24
49
67
53
93
25
41
139
19
138
91
51
89
123
39
41
57
63
137
7
114
46
20
30
18
65
122
61
3
83
141
31
105
139
107
137
56
111
23
36
130
64
95
143
42
15
52
116
18
136
88
112
51
89
97
74
21
14
46
67
45
124
79
4
82
50
77
72
81
94
55
109
38
98
118
24
13
30
82
3
94
14
120
28
70
47
131
78
17
68
119
48
110
49
140
74
111
71
75
44
54
15
130
92
93
121
96
12
24
23
22
10
11
12
24
36
35
47
59
58
57
69
68
67
79
91
103
115
116
104
105
117
129
128
140
139
127
126
138
137
125
124
112
111
123
135
136
137
138
139
140
141
142
130
131
143
144
132
120
119
118
106
107
108
96
84
83
82
70
71
72
60
48
36
35
34
46
45
44
43
42
41
53
65
66
54
55
56
44
32
33
21
9
8
7
19
18
6
5
17
16
15
3
4
5
6
7
8
20
19
31
30
29
28
40
52
64
63
62
50
49
61
73
85
86
87
99
98
97
109
121
122
110
111
99
100
88
89
77
76
75
74
73
61
49
37
38
26
14
2
1
13
25
37
38
39
51
52
64
65
53
54
55
56
68
80
92
93
94
95
96
108
107
106
105
104
103
102
90
78
66
67
79
78
77
76
88
87
75
63
51
50
62
74
86
85
97
98
110
109
121
133
134
133
134
122
123
135
136
124
112
113
125
126
127
128
129
141
142
130
131
143
144
132
120
119
118
117
116
115
114
113
114
102
101
100
101
89
90
91
92
80
81
69
57
58
70
82
81
93
94
95
83
84
72
71
59
60
48
47
46
45
33
34
22
23
11
10
9
21
20
32
31
43
42
30
29
41
40
39
27
28
27
15
14
26
25
13
1
2
3
4
16
17
18
144
143
131
119
120
108
96
84
83
82
81
80
68
67
55
56
44
32
31
43
42
54
66
65
53
52
51
63
62
61
73
85
97
109
110
111
112
113
125
137
136
124
123
122
134
133
121
109
97
98
86
74
75
76
64
52
40
39
27
28
16
17
18
19
7
6
5
4
3
15
14
2
1
13
25
37
49
50
38
26
27
39
51
63
64
76
88
87
99
100
101
102
90
91
79
78
77
89
88
100
101
113
114
115
116
128
127
126
138
139
140
141
129
130
142
141
140
128
116
117
118
106
94
95
107
108
96
84
72
71
70
69
57
45
46
34
35
36
48
47
59
60
48
36
24
12
11
23
22
10
9
8
20
21
33
32
31
30
29
41
42
43
44
56
55
67
79
91
103
104
105
93
105
104
92
93
92
80
68
69
81
82
94
106
118
117
129
130
142
143
131
132
144
132
120
119
107
95
83
71
72
60
59
58
70
58
57
45
46
47
35
23
24
12
11
10
22
34
33
21
9
8
20
19
7
6
5
17
18
30
29
41
40
28
16
4
3
15
14
2
1
13
25
26
38
37
49
50
62
61
73
85
86
74
75
87
99
98
110
122
121
133
134
135
136
135
123
111
112
124
125
137
138
139
127
126
114
115
103
102
90
78
66
54
53
65
77
89
