##Rat 6 Day 36
 ##rewards
83
94
16
##Vertices
143
108
32
97
131
139
118
49
15
93
103
52
67
16
118
43
76
110
106
64
141
90
58
106
121
45
5
8
126
92
25
94
84
95
111
18
137
129
100
10
5
62
68
117
40
57
11
38
74
47
98
130
102
117
81
138
91
3
133
72
144
16
44
101
24
109
31
28
142
24
2
86
19
11
104
115
21
23
136
56
69
33
61
51
96
26
7
67
99
72
126
78
41
89
54
93
4
77
30
65
53
82
95
79
123
45
19
121
116
73
63
14
138
124
127
46
87
39
98
34
96
12
112
90
36
6
31
22
7
80
100
4
140
63
99
111
50
9
20
14
71
70
54
46
120
17
113
55
131
69
123
20
1
26
80
58
8
66
42
65
79
143
32
122
84
68
103
114
44
128
134
59
88
70
74
48
105
120
105
6
88
37
21
82
50
28
57
48
49
107
42
139
3
136
71
60
85
144
39
61
27
76
142
108
47
73
133
85
59
132
60
119
27
86
37
112
29
38
13
124
36
22
23
17
114
13
130
34
75
66
64
41
9
101
115
135
89
122
97
137
91
127
140
83
104
107
30
15
125
125
128
77
132
78
129
92
83
43
35
35
18
10
40
33
119
94
81
2
53
12
113
25
109
55
110
102
56
134
135
141
52
51
116
1
62
87
29
75
58
82
109
95
96
73
12
16
84
74
106
52
37
116
142
58
72
143
77
127
12
11
141
98
5
134
140
78
28
59
122
91
14
89
79
130
29
116
65
100
99
126
131
126
113
76
49
87
97
75
2
96
33
94
54
55
77
27
94
51
70
115
40
69
86
142
63
67
39
101
26
48
81
104
124
21
31
69
9
67
43
25
105
120
81
102
137
62
68
88
41
65
29
60
118
136
23
124
10
63
40
97
122
86
115
59
3
78
5
92
109
30
35
144
53
112
133
113
120
135
4
56
108
46
61
83
3
64
41
32
130
99
11
35
15
38
137
28
125
36
129
102
18
20
4
13
8
144
20
45
80
34
107
42
106
128
57
128
46
107
80
6
66
101
14
90
70
25
9
57
79
66
83
37
39
95
8
33
15
61
72
17
136
76
1
31
17
134
132
141
110
114
36
91
52
123
88
49
21
10
22
50
135
56
54
138
123
68
22
139
30
121
38
64
143
16
127
7
90
138
103
50
112
89
111
23
85
100
43
42
2
55
53
32
7
119
51
48
114
60
92
110
140
108
18
62
44
117
118
131
26
47
93
103
84
85
44
117
34
105
13
111
1
19
74
121
93
129
27
119
6
71
75
104
98
47
24
71
82
87
125
24
45
19
132
73
133
139
133
121
109
97
85
86
98
99
111
112
100
88
76
64
63
51
52
53
65
66
54
55
43
42
30
31
19
7
6
5
17
18
30
29
41
40
39
38
50
49
37
25
13
1
2
14
15
3
4
16
28
27
26
25
37
49
61
62
74
75
87
99
111
110
122
123
135
136
137
138
126
114
113
101
89
90
78
77
65
53
41
29
28
40
52
64
76
88
100
112
124
125
137
138
139
127
115
103
91
92
93
94
106
105
117
129
141
142
143
131
119
118
130
142
141
140
128
116
104
105
106
107
108
96
84
83
82
81
80
68
56
44
32
20
8
9
10
11
12
24
36
48
47
59
60
72
71
70
69
57
45
46
58
57
45
33
34
35
23
22
21
33
34
46
58
70
69
68
67
79
80
92
91
79
67
55
56
44
32
31
43
42
54
66
78
77
89
101
113
125
126
114
102
90
102
103
104
116
115
127
139
140
128
129
117
118
130
131
119
120
132
144
143
144
132
120
108
96
95
107
95
94
93
81
82
83
84
72
71
59
60
48
47
35
36
24
12
11
23
22
10
9
21
20
8
7
19
18
6
5
17
16
4
3
2
1
13
14
15
27
26
38
39
51
50
62
63
75
87
86
74
73
61
73
85
97
98
110
109
121
122
123
124
136
135
134
133
134
1
2
3
15
14
26
25
13
1
2
3
4
5
6
7
8
9
10
22
34
35
36
48
60
72
84
96
95
107
108
120
119
131
143
142
141
129
130
118
106
94
82
83
71
70
69
81
93
92
91
103
102
90
78
79
80
68
67
66
54
42
41
29
17
16
28
27
39
51
50
49
37
38
39
40
52
64
76
77
65
53
52
40
41
53
65
66
54
55
56
57
58
59
47
46
45
44
43
31
32
33
21
20
19
18
30
31
32
44
45
57
58
70
69
81
93
105
104
116
117
118
106
105
104
103
115
114
113
101
89
88
100
99
111
112
124
123
122
110
98
97
109
121
133
134
135
136
137
125
126
127
128
140
139
138
137
136
124
112
111
99
87
86
85
73
61
62
74
75
63
51
50
38
26
27
28
29
30
42
43
55
56
68
67
79
78
77
76
64
63
62
74
75
87
86
98
110
122
123
135
134
133
121
109
97
85
73
61
49
37
25
13
14
15
16
4
5
17
18
6
7
19
20
8
9
10
22
21
33
34
46
47
35
23
24
23
11
12
11
12
24
36
48
60
59
71
72
84
83
82
94
95
96
108
107
119
120
132
144
143
144
132
131
130
142
141
129
117
116
115
127
128
140
139
138
126
125
113
114
102
101
100
88
89
90
91
92
80
19
84
84
5
67
53
104
140
103
138
120
108
36
28
85
3
36
129
61
112
123
141
118
91
45
78
58
75
1
111
56
107
3
134
121
92
9
127
70
68
132
14
123
106
31
88
115
121
79
96
12
90
22
40
105
44
125
25
134
131
32
82
27
74
139
23
114
17
13
66
18
64
60
130
35
133
127
100
34
88
140
126
105
53
30
70
4
6
90
51
73
37
137
110
46
144
82
15
7
78
128
85
42
40
1
118
75
76
73
15
64
74
42
13
86
86
116
55
50
21
95
102
52
50
97
132
69
71
47
2
21
138
110
20
48
27
128
117
38
43
14
16
10
65
29
122
102
58
125
12
23
17
7
144
62
135
25
66
39
4
54
136
98
38
101
131
81
96
92
81
49
99
114
83
116
8
26
8
130
57
29
76
91
43
6
77
63
10
22
99
11
61
115
35
87
142
80
31
68
71
93
133
59
142
124
77
33
44
32
129
67
72
109
117
59
33
28
124
139
19
56
18
9
79
41
60
34
136
45
83
89
120
69
94
112
54
49
104
119
48
94
113
108
39
106
16
62
109
26
97
37
103
24
93
89
52
5
100
46
143
101
98
51
107
95
65
41
2
20
57
47
87
143
119
63
80
113
72
30
111
55
122
126
141
24
137
11
135
19
54
77
96
120
14
57
60
66
81
137
106
102
78
103
140
79
134
135
135
133
110
107
67
104
21
10
1
129
25
32
14
39
89
144
12
60
47
108
121
45
124
11
92
119
3
35
75
74
53
74
63
71
61
143
84
40
80
108
112
37
72
36
43
125
104
110
134
31
32
33
81
49
15
117
55
123
133
142
59
43
46
17
64
50
26
48
13
13
39
8
24
114
85
42
2
29
58
90
132
7
80
90
36
10
127
59
83
18
68
99
51
3
139
140
73
131
130
45
49
58
38
106
125
56
9
129
28
64
116
34
69
52
46
91
88
86
50
57
62
101
35
127
122
65
20
11
33
95
117
100
103
122
38
130
41
16
139
118
124
88
114
69
68
138
66
95
87
70
92
96
137
109
30
67
93
84
75
136
85
54
141
55
111
132
113
30
123
113
98
105
61
143
44
41
47
128
141
6
86
99
27
79
136
115
22
144
40
7
18
8
109
116
115
97
5
119
87
112
9
120
21
2
71
73
101
111
29
44
23
22
65
128
42
37
6
83
53
77
31
97
51
20
98
52
25
12
23
24
105
138
1
107
62
118
126
76
93
4
121
78
94
16
76
63
28
102
27
100
70
94
89
131
34
19
126
82
91
72
26
5
17
82
4
48
56
142
15
144
143
142
141
140
128
129
117
118
106
105
104
103
102
114
113
101
89
90
78
77
65
64
76
75
63
62
61
73
85
86
74
75
87
88
100
112
124
125
137
136
135
134
133
121
122
110
109
97
98
99
111
123
135
136
137
138
126
127
115
116
117
118
130
131
119
120
108
96
84
83
82
94
93
92
80
79
91
90
89
88
87
99
100
101
102
103
104
105
106
107
95
96
84
72
71
70
69
68
56
44
32
33
45
46
47
48
36
24
23
22
34
35
36
48
60
59
58
57
45
33
21
9
8
7
19
31
43
55
54
53
52
51
50
49
37
25
13
1
2
3
4
16
17
5
6
18
30
42
41
40
28
29
41
40
39
27
15
14
26
38
39
27
28
29
30
42
54
66
67
55
56
68
67
66
65
53
52
51
63
64
76
77
78
79
91
92
93
94
95
83
82
81
80
81
69
57
58
70
71
72
60
59
47
46
34
35
23
22
10
11
12
24
12
11
10
9
8
20
21
20
32
44
43
31
19
7
6
18
17
5
4
16
15
3
2
1
13
14
26
25
37
38
50
49
61
62
74
73
85
86
98
97
109
121
133
134
122
110
111
123
124
112
113
125
126
114
115
116
128
127
139
138
139
140
141
129
130
142
143
131
119
107
108
120
132
144
132
12
11
23
35
34
22
10
9
8
20
19
7
6
18
30
29
17
5
4
16
28
27
26
14
15
3
2
1
13
25
37
49
50
62
63
51
52
40
41
42
54
55
67
68
56
44
43
31
32
33
45
46
47
59
60
48
36
24
12
11
10
22
21
33
45
57
58
70
69
81
82
83
95
96
84
72
71
70
82
94
93
105
106
118
130
131
119
107
108
120
132
144
143
142
141
129
128
140
139
138
137
125
126
127
115
114
102
101
100
99
111
123
135
136
124
112
113
114
115
116
117
105
104
103
91
92
80
79
78
66
65
64
76
77
89
90
102
101
113
112
111
110
122
134
133
121
109
97
85
73
61
49
37
38
39
40
28
29
41
53
52
64
63
75
74
86
87
88
100
99
98
86
98
110
122
134
133
121
109
97
85
73
61
62
74
75
87
88
76
77
89
90
78
79
91
103
104
92
80
68
69
81
93
94
106
118
117
116
128
127
126
125
124
123
135
136
137
138
139
140
141
129
130
142
143
144
132
131
119
120
108
107
95
96
84
83
71
72
60
59
47
48
36
24
23
35
34
46
58
57
56
55
67
66
65
53
54
42
30
18
19
31
43
44
32
20
21
9
8
7
6
5
17
16
4
3
15
14
2
1
13
25
26
27
39
51
50
38
61
80
28
11
23
39
124
54
143
12
25
31
99
66
21
117
90
78
107
128
91
116
62
10
110
143
86
65
11
100
46
33
76
123
23
140
4
95
137
9
132
118
25
77
103
35
27
117
111
69
34
5
141
136
21
125
2
57
4
95
118
73
100
119
41
44
103
36
84
102
98
107
114
76
3
128
69
7
102
88
16
134
29
22
75
73
37
111
39
130
17
52
48
22
129
26
38
41
104
114
45
142
105
121
51
108
30
8
67
122
1
79
66
116
94
2
144
55
136
77
87
83
74
133
127
112
34
60
49
101
65
96
9
6
85
87
72
140
12
51
19
90
120
125
79
56
14
37
139
94
13
35
71
1
115
32
44
122
48
30
81
120
24
6
27
40
78
62
57
43
28
134
56
97
99
91
31
50
82
16
86
81
119
10
53
101
67
5
130
131
92
70
71
105
80
15
59
20
17
142
43
33
38
135
64
42
47
68
133
144
75
127
104
18
42
7
18
74
89
110
109
121
88
98
70
26
59
106
132
97
115
36
138
92
113
32
50
138
126
29
20
13
131
139
68
60
52
58
64
126
19
112
54
83
3
8
108
14
85
124
93
61
72
106
137
58
84
113
47
141
46
49
55
93
40
82
63
96
123
129
24
45
89
109
63
135
53
15
12
37
121
45
62
138
51
88
17
58
142
22
111
78
55
100
87
69
44
85
42
132
135
92
36
134
2
128
111
9
96
130
45
70
101
58
136
94
108
14
40
31
16
138
97
72
48
4
62
7
38
96
109
28
117
86
106
42
26
79
11
18
5
136
114
134
116
60
99
132
35
59
121
1
53
112
137
87
24
20
7
22
64
77
54
36
143
25
68
8
80
110
112
115
10
107
122
124
76
50
133
117
108
127
125
37
118
77
12
60
29
74
52
66
82
27
83
106
75
55
131
40
29
140
25
56
4
56
66
19
57
6
86
88
51
123
81
54
92
115
109
72
126
124
6
129
5
94
9
34
31
71
59
144
49
21
113
118
110
39
13
76
101
35
141
126
83
128
63
79
41
141
119
139
142
95
74
78
114
68
61
71
135
64
105
139
102
143
1
41
43
89
82
47
125
38
61
43
24
103
73
34
103
67
93
15
105
26
116
3
19
10
3
63
70
67
100
130
30
98
90
21
119
120
65
75
95
69
85
50
84
39
129
99
144
33
102
131
120
140
123
93
23
52
28
137
81
14
13
49
122
104
23
16
48
53
18
8
33
2
91
133
15
46
11
80
104
113
97
46
91
127
17
57
73
89
90
32
47
20
44
107
32
27
65
98
30
84
144
132
131
130
118
119
120
108
96
95
83
84
72
71
70
58
59
60
48
47
46
34
22
23
35
36
24
12
11
10
9
8
20
19
31
32
44
45
57
69
68
80
79
91
92
93
81
82
94
106
105
117
129
128
140
141
142
143
144
132
120
119
107
106
105
104
116
115
103
102
114
126
125
137
138
139
127
115
114
113
101
100
112
111
110
122
123
124
136
135
134
133
121
109
97
98
86
85
73
61
49
50
62
74
75
63
64
52
40
28
27
26
25
37
38
39
51
63
75
87
99
100
88
76
77
89
90
78
66
67
55
43
42
54
53
65
64
52
51
39
27
15
14
13
1
2
3
4
5
6
7
8
9
21
33
45
46
58
57
56
44
43
31
30
18
17
29
41
40
28
16
17
16
15
14
13
1
2
3
4
5
6
7
19
18
30
29
41
42
54
53
65
66
78
77
76
88
89
90
91
103
102
101
113
112
111
99
87
86
74
62
50
38
26
25
37
49
61
73
85
97
98
110
109
121
133
134
122
123
135
136
124
125
137
138
126
127
139
140
128
129
141
142
143
131
130
118
117
116
104
92
80
79
67
55
56
68
69
70
71
83
82
81
93
94
95
107
108
96
84
72
60
59
47
48
36
35
23
24
12
11
10
22
34
33
32
20
21
12
11
10
22
34
46
47
59
71
83
84
72
60
48
36
35
23
24
36
48
60
72
71
70
58
57
69
68
80
79
91
90
89
77
65
66
67
55
43
31
30
29
17
18
6
5
4
3
15
27
28
16
4
5
6
7
8
9
21
33
32
20
19
31
32
44
45
57
56
68
67
79
78
90
102
103
104
105
93
94
95
107
106
118
119
131
130
129
141
140
128
116
115
127
139
138
126
125
113
101
100
112
111
110
109
121
133
134
122
123
135
136
137
138
139
140
141
142
143
144
132
120
108
96
84
83
82
81
80
92
91
103
102
114
113
101
100
99
98
86
74
75
87
88
76
64
63
62
61
49
50
51
52
53
54
42
41
40
39
38
26
14
2
1
13
25
37
49
61
73
85
73
74
62
63
51
50
38
37
25
26
14
13
1
2
3
15
16
28
27
39
40
41
29
17
18
30
42
43
44
56
55
54
53
52
64
65
66
78
77
89
88
76
75
87
86
85
97
109
97
98
99
111
110
122
121
133
134
135
123
124
112
124
136
137
125
126
114
115
127
128
129
117
118
119
131
130
142
143
144
132
120
108
96
95
107
106
105
117
116
104
92
93
94
82
81
69
70
58
46
45
33
34
22
21
20
19
7
8
9
10
11
12
24
23
35
47
59
