##Rat 2 Day 16
 ##rewards
18
29
107
##Vertices
108
26
75
130
92
91
24
48
131
73
119
120
100
106
140
50
100
28
136
5
134
32
142
59
7
84
112
5
3
143
78
21
6
139
82
27
81
77
124
127
130
80
17
122
65
73
88
101
86
64
28
138
1
75
119
23
56
140
38
133
27
90
9
68
114
43
135
12
110
19
136
61
97
129
102
55
128
52
132
127
41
57
6
51
1
55
69
121
137
64
19
78
128
79
25
62
7
44
101
33
141
107
94
4
103
87
44
52
93
16
34
125
105
2
48
141
131
67
10
142
60
72
39
2
112
41
59
58
37
30
113
29
111
34
88
143
36
11
81
67
123
21
82
77
70
139
85
49
11
135
120
15
134
20
94
8
66
36
124
24
126
95
13
35
138
85
4
14
115
47
104
45
107
42
99
40
35
70
47
14
13
56
9
89
76
115
106
108
83
114
57
20
126
54
79
25
116
84
15
96
111
83
30
90
39
98
76
60
121
29
33
45
137
95
23
18
123
91
8
113
46
49
50
129
10
144
74
46
40
69
98
72
71
116
80
53
125
97
68
92
31
43
96
86
102
117
122
62
132
89
31
12
110
87
109
32
99
133
26
17
66
53
22
144
117
118
54
105
103
38
58
37
61
16
63
3
22
109
63
18
65
93
104
71
74
42
118
51
25
82
25
36
20
91
21
60
57
37
129
72
88
92
72
6
6
47
50
93
52
3
90
130
74
57
28
128
78
107
94
109
17
56
136
86
56
1
81
8
49
77
98
142
38
100
45
10
36
105
9
114
99
33
89
141
14
30
134
2
115
84
112
121
27
117
101
59
84
34
114
118
64
65
103
15
133
115
49
39
7
67
15
97
48
135
18
9
117
96
44
121
112
20
54
13
119
87
110
144
35
93
139
135
111
143
139
7
12
58
62
5
16
43
110
32
79
142
43
88
85
69
48
104
16
14
129
17
26
10
30
123
87
53
18
32
98
75
118
83
130
65
4
124
132
78
128
70
38
4
19
102
61
24
113
61
71
68
29
122
90
127
74
27
5
21
12
76
80
40
113
75
35
69
96
86
131
41
63
143
138
42
66
2
22
134
91
34
140
111
47
126
29
33
23
94
103
124
31
59
68
13
80
101
11
41
107
67
55
109
95
45
126
23
63
11
137
76
133
140
19
83
58
42
122
138
73
53
95
66
55
123
44
73
92
8
39
120
89
97
141
28
51
22
31
102
85
79
50
77
104
105
24
100
37
137
99
70
106
54
81
1
106
116
119
132
120
116
60
3
71
62
64
127
125
131
46
108
108
136
40
46
125
51
52
144
82
26
133
121
109
97
98
86
85
73
61
49
37
25
13
1
2
14
15
3
4
16
28
40
41
53
52
64
63
75
76
77
78
90
102
103
115
114
113
125
124
112
111
123
122
134
135
136
137
138
139
140
128
129
141
142
143
144
132
120
108
107
119
131
130
118
106
105
93
92
80
68
69
81
82
94
95
83
71
59
47
48
60
72
84
96
108
120
119
118
117
116
104
105
117
116
115
127
126
114
102
101
100
88
89
77
65
66
54
55
67
79
91
90
89
101
113
112
100
99
87
88
76
75
74
62
50
51
39
38
26
27
28
29
17
5
6
18
19
7
8
20
21
9
10
22
23
11
12
24
36
35
34
46
58
57
45
44
43
42
30
31
32
33
34
46
45
57
56
44
43
42
41
29
17
5
6
7
19
18
30
31
32
33
21
20
8
9
10
22
23
11
12
24
36
35
47
48
60
59
58
70
69
70
82
83
71
72
84
96
95
107
106
94
93
81
80
92
104
103
91
79
78
66
67
68
56
55
54
53
65
64
63
62
74
86
87
99
111
110
98
110
122
123
124
125
126
127
128
129
130
131
132
144
143
142
141
140
139
138
137
136
135
134
133
121
109
97
85
73
61
49
50
38
37
25
26
14
13
1
2
3
4
16
15
27
39
40
52
51
12
24
36
35
34
33
21
20
19
18
6
7
8
9
10
22
23
11
10
9
8
7
19
31
32
44
43
55
54
66
65
77
89
90
91
79
67
68
69
70
82
94
95
83
84
96
108
120
119
118
106
107
108
96
84
72
60
48
47
46
58
59
71
70
58
57
45
44
56
55
67
66
78
77
76
64
52
40
41
29
17
16
28
27
15
14
26
38
37
49
50
51
63
62
61
73
74
86
87
88
100
99
111
123
135
134
133
121
122
110
109
97
85
73
61
49
37
25
13
1
2
3
4
5
6
18
30
42
54
53
65
64
76
75
87
88
100
112
124
125
126
114
113
101
102
103
115
127
139
140
128
116
104
92
80
81
93
105
117
129
130
131
132
144
143
142
141
140
139
138
137
138
126
127
115
116
128
129
141
142
130
131
143
144
132
120
119
107
106
118
117
105
93
94
95
83
82
81
69
57
56
68
80
92
104
103
91
79
78
90
89
101
102
114
113
125
137
136
135
136
124
112
111
123
122
134
133
121
109
110
98
99
98
97
85
86
74
75
63
62
50
38
39
27
15
14
26
25
13
1
2
3
4
5
17
16
28
40
39
51
52
53
41
29
30
42
43
31
32
33
45
46
34
35
47
59
71
72
60
48
36
24
12
11
23
22
21
20
81
115
95
95
96
77
8
130
134
3
16
5
14
110
128
112
66
30
7
35
35
118
134
27
13
127
32
38
50
117
29
113
23
143
34
90
31
50
102
89
21
135
88
36
14
80
27
114
12
23
108
1
98
113
39
65
139
119
90
15
112
82
129
39
87
84
20
121
108
125
79
139
51
141
24
5
140
69
128
104
60
52
137
64
94
13
71
136
43
1
61
22
12
102
83
51
122
53
73
10
132
131
129
4
72
55
123
76
56
144
55
33
98
18
47
4
62
84
126
17
56
89
100
133
6
141
11
30
109
65
63
136
83
52
97
99
93
61
59
15
97
116
42
2
64
137
105
101
68
37
73
16
68
132
28
40
49
109
2
131
3
111
69
121
81
11
59
43
42
138
31
10
120
71
117
130
87
75
103
48
75
36
143
57
40
67
21
41
116
111
115
106
135
91
123
101
72
7
126
144
78
114
118
48
93
105
8
57
9
91
125
46
18
22
100
86
122
85
99
78
142
45
20
140
124
24
119
94
46
38
19
9
41
77
88
86
107
79
70
80
103
142
60
25
104
54
62
34
26
47
63
25
106
127
74
92
28
92
45
49
107
6
74
124
67
44
19
58
133
17
53
96
70
32
110
58
85
82
26
66
76
120
37
29
44
54
33
138
77
108
143
59
108
143
19
133
114
106
49
126
118
100
94
68
141
73
27
34
16
14
74
45
97
142
128
97
2
55
57
93
107
53
43
56
8
130
12
122
62
24
119
36
104
132
5
99
10
41
64
133
8
79
43
80
102
124
91
144
16
88
84
111
127
121
83
42
96
113
66
119
102
35
40
131
63
72
64
24
75
4
15
6
141
34
26
116
90
109
67
60
117
29
134
68
39
63
93
23
56
20
95
38
47
115
37
49
31
39
70
81
127
136
110
59
21
71
98
48
51
101
107
11
65
139
1
110
69
30
87
66
96
104
20
9
137
82
75
92
41
12
50
18
87
25
22
113
85
3
61
76
54
45
18
22
90
138
13
7
137
128
140
122
140
60
38
88
79
19
44
77
32
142
47
120
115
21
78
67
80
17
5
123
52
130
123
100
103
125
14
6
73
114
101
7
84
32
52
78
116
109
131
129
105
1
71
3
26
94
28
120
89
125
40
23
74
62
51
4
89
139
58
65
92
15
27
105
2
70
121
72
33
106
31
37
85
44
118
36
98
135
124
54
135
117
30
28
83
81
25
9
103
33
86
11
10
55
112
136
57
17
144
86
35
82
46
13
112
129
69
111
61
48
99
95
42
29
138
53
50
126
134
132
76
91
46
58
144
132
120
108
107
95
96
84
72
60
48
36
24
12
11
23
22
10
9
21
33
45
44
56
57
69
70
82
81
80
79
91
103
102
114
115
116
128
129
117
118
130
131
143
142
141
140
139
138
137
125
124
136
135
134
133
121
109
97
98
110
122
123
111
99
100
88
89
77
65
64
76
75
87
86
74
62
50
38
37
49
61
73
85
97
109
110
111
112
113
101
100
112
113
114
126
127
115
103
104
105
93
92
80
68
67
55
54
66
78
90
91
92
104
116
117
105
106
94
93
81
82
83
71
59
58
46
47
35
34
33
32
20
8
7
19
18
6
5
17
16
4
3
15
14
2
1
13
25
26
27
39
51
52
40
41
42
43
31
30
29
28
27
39
40
52
53
41
42
43
44
32
20
8
7
6
18
19
31
30
29
28
16
17
5
4
3
15
14
2
1
13
25
26
38
37
49
50
51
63
64
63
75
74
62
61
73
85
86
98
99
87
88
76
77
89
101
102
90
78
79
67
66
65
53
54
55
56
68
69
70
71
83
95
94
106
118
119
107
119
131
130
129
128
127
126
125
124
123
122
121
133
134
135
136
137
138
139
140
141
142
143
144
132
120
108
96
84
72
60
59
47
48
36
35
23
24
12
11
10
9
21
22
34
46
45
57
58
1
2
14
26
27
15
3
4
5
17
18
6
7
19
31
32
20
8
9
21
33
34
35
23
22
10
11
12
24
36
48
60
59
71
70
58
57
45
44
43
55
54
66
65
53
41
42
30
29
28
40
39
38
50
49
37
25
13
1
2
3
15
16
28
40
52
51
63
64
76
75
74
86
85
73
61
62
63
75
87
88
100
99
111
123
122
110
98
97
109
121
133
134
135
136
124
125
137
138
139
140
128
127
126
114
115
103
104
105
106
118
130
142
141
129
117
116
115
114
113
112
100
101
102
90
89
77
78
79
67
68
69
81
80
92
91
103
104
116
117
118
119
131
143
144
132
120
108
96
84
72
60
48
47
46
45
33
32
44
56
57
69
70
82
83
95
94
93
105
106
107
95
107
119
131
143
144
132
120
108
96
84
72
71
83
82
94
93
81
80
92
91
79
78
90
102
101
89
77
65
64
76
88
87
99
111
112
113
125
126
127
128
129
130
142
141
140
139
138
137
136
124
123
135
134
133
121
122
110
109
97
98
86
85
73
74
62
61
49
50
38
37
25
13
14
26
27
39
51
52
53
54
66
67
68
56
55
43
31
19
18
30
42
41
29
17
16
4
5
6
7
8
20
21
9
10
22
23
11
12
24
36
35
34
46
58
59
47
107
46
96
115
54
135
43
125
22
41
101
6
139
35
76
85
74
82
41
116
69
40
110
42
21
24
94
89
99
121
93
7
21
44
35
67
39
30
114
29
120
10
144
91
27
89
77
100
30
93
46
138
26
62
66
55
23
134
49
84
105
39
15
113
61
72
52
112
57
62
17
66
132
140
68
60
120
139
37
47
2
57
136
11
109
106
138
83
5
69
63
133
130
109
133
123
143
102
12
18
50
142
141
98
134
72
132
122
119
144
28
10
53
44
15
28
1
85
48
105
80
125
129
87
86
128
52
36
7
78
95
70
136
143
12
112
124
70
86
61
63
18
111
13
16
38
103
1
110
71
116
42
141
49
92
13
50
51
26
115
97
99
114
117
103
107
96
81
60
101
20
19
23
142
8
34
104
4
119
45
94
73
59
128
81
113
47
40
16
131
2
118
111
118
11
17
67
43
127
45
130
102
104
74
55
25
58
38
98
92
95
9
79
129
31
126
140
90
97
121
5
58
131
19
4
32
65
53
59
117
76
135
34
24
25
124
123
68
88
56
83
82
3
88
3
6
87
106
54
14
137
64
65
56
20
79
22
73
75
37
8
9
48
80
84
64
71
108
27
137
75
36
77
127
78
14
91
51
33
32
33
126
108
100
29
31
90
122
64
22
137
60
127
84
20
105
38
15
37
3
132
91
72
135
117
102
107
127
128
91
109
34
114
48
139
122
32
62
108
17
23
28
88
74
86
36
143
21
144
54
116
131
1
45
101
51
83
102
59
19
9
119
23
111
132
134
140
122
25
101
78
58
45
68
57
46
123
126
104
120
103
14
125
5
112
44
84
42
67
4
76
62
28
19
72
77
106
17
50
35
128
92
33
69
55
16
80
97
90
12
141
96
110
99
104
48
27
131
38
75
108
26
11
129
77
10
26
115
34
90
69
53
67
74
87
121
20
115
80
130
81
85
10
31
9
124
4
95
14
75
65
32
138
79
76
31
49
95
89
71
65
40
82
117
3
98
47
52
21
8
121
89
30
94
100
18
24
70
42
119
46
71
142
125
27
140
133
105
47
97
61
25
118
58
134
15
40
144
64
87
29
142
136
79
24
51
22
39
86
141
103
63
109
138
107
33
56
126
1
30
70
7
88
118
11
120
13
73
114
2
66
93
44
55
43
112
39
123
99
136
81
41
137
12
68
93
106
82
37
50
54
36
7
92
52
85
6
83
94
129
98
41
8
57
2
59
96
135
56
116
6
60
53
110
35
78
63
73
113
18
111
113
130
124
66
139
43
133
5
13
100
29
143
61
49
16
144
143
131
119
118
130
142
141
140
128
127
139
138
126
114
113
125
137
136
124
112
111
110
122
123
135
134
133
121
109
97
85
86
74
75
87
88
100
101
102
90
91
79
80
92
104
103
115
116
117
105
106
107
95
96
108
120
132
144
143
142
130
129
117
105
93
94
82
81
69
70
71
59
60
72
84
83
82
70
58
57
45
46
34
22
23
35
47
48
36
24
12
11
10
9
21
20
8
7
6
5
17
18
19
31
30
42
41
40
39
27
15
3
4
16
28
29
30
31
32
33
45
44
43
55
56
68
67
66
78
77
76
64
65
53
54
42
41
29
28
27
26
14
2
1
13
25
37
49
61
73
85
97
98
99
100
112
113
101
89
88
76
75
63
62
50
51
52
40
39
38
50
38
26
14
2
1
13
25
37
49
61
73
74
62
63
51
52
64
65
53
54
66
67
55
43
44
56
68
80
81
69
57
58
46
34
33
32
20
19
18
17
16
15
3
4
5
6
7
8
9
21
22
10
11
12
24
23
35
36
48
47
59
60
72
71
83
84
96
95
107
108
120
132
131
119
118
106
94
93
92
91
79
78
77
89
90
102
114
126
127
115
103
104
116
128
129
141
140
139
138
137
125
124
136
135
123
122
134
133
121
109
110
111
99
87
86
98
133
121
109
97
85
86
98
99
111
112
100
88
76
64
63
51
52
53
65
66
54
55
43
42
30
31
19
7
6
5
17
18
30
29
41
40
39
38
50
49
37
25
13
1
2
14
15
3
4
16
28
27
26
25
37
49
61
62
74
75
87
99
111
110
122
123
135
136
137
138
126
114
113
101
89
90
78
77
65
53
41
29
28
40
52
64
76
88
100
112
124
125
137
138
139
127
115
103
91
92
93
94
106
105
117
129
141
142
143
131
119
118
130
142
141
140
128
116
104
105
106
107
108
96
84
83
82
81
80
68
56
44
32
20
8
9
10
11
12
24
36
48
47
59
60
72
71
70
69
57
45
46
58
57
45
33
34
35
23
22
21
33
34
46
58
70
69
68
67
79
80
92
91
79
67
55
56
44
32
31
43
42
54
66
78
77
89
101
113
125
126
114
102
90
102
103
104
116
115
127
139
140
128
129
117
118
130
131
119
120
132
144
143
144
132
120
108
96
95
107
95
94
93
81
82
83
84
72
71
59
60
48
47
35
36
24
12
11
23
22
10
9
21
20
8
7
19
18
6
5
17
16
4
3
2
1
13
14
15
27
26
38
39
51
50
62
63
75
87
86
74
73
61
73
85
97
98
110
109
121
122
123
124
136
135
134
133
134
