##Rat 3 Day 50
 ##rewards
127
116
38
##Vertices
35
137
92
107
144
98
67
10
84
112
50
78
29
86
137
103
24
17
30
59
11
72
62
18
95
3
54
29
141
2
140
121
65
126
123
134
109
72
71
97
53
102
135
82
87
23
49
103
135
124
86
50
56
66
48
66
111
37
60
36
28
106
38
96
43
67
104
119
131
8
110
14
52
33
15
34
58
99
89
94
111
112
37
138
25
16
44
110
139
13
100
57
17
136
19
95
132
81
130
80
26
20
4
114
42
133
5
126
48
102
113
118
2
129
96
115
34
131
101
107
79
40
21
115
62
51
60
69
80
3
81
53
35
91
128
26
4
127
94
105
5
125
52
99
91
69
76
121
61
39
120
8
57
144
77
116
122
58
23
84
122
59
32
63
40
20
78
55
79
39
139
108
76
31
93
87
89
142
82
70
105
51
143
77
1
130
141
24
47
41
68
9
22
41
138
64
74
45
18
71
120
68
47
6
140
101
127
104
119
12
88
106
12
63
22
85
27
74
83
36
54
90
133
114
143
70
125
65
116
9
97
16
118
55
30
117
128
83
28
11
13
1
113
124
132
134
100
14
6
129
92
33
88
15
32
73
38
123
44
7
64
45
46
108
75
85
27
136
61
25
109
75
7
43
49
46
21
90
142
73
56
19
42
31
93
10
117
98
45
128
143
62
46
83
142
144
1
23
55
59
92
127
108
58
141
135
124
2
99
134
85
6
11
50
58
83
74
27
89
38
86
4
106
51
72
93
88
18
54
90
50
57
100
37
112
69
9
82
68
81
81
66
111
117
29
54
89
131
35
34
67
16
102
122
125
70
109
63
16
27
21
43
80
95
61
26
32
39
134
12
129
114
121
73
25
17
132
67
104
22
99
49
72
52
44
140
93
124
78
100
144
105
125
14
133
5
127
9
41
129
84
74
112
92
76
97
20
137
19
29
4
96
143
85
116
101
107
105
24
95
119
66
115
71
113
118
40
20
62
38
26
126
75
56
47
34
96
87
53
128
138
77
80
91
139
12
3
53
10
70
108
52
136
120
139
107
73
102
90
11
130
7
123
79
131
121
109
120
130
116
41
14
18
24
37
82
42
28
115
141
69
15
45
68
19
71
88
2
78
111
84
117
5
10
87
113
75
8
49
7
106
132
110
36
25
36
98
61
64
32
77
63
86
136
118
126
30
138
21
23
55
137
142
15
44
57
3
103
48
13
39
119
101
35
31
51
40
8
103
64
94
76
65
47
31
122
33
33
98
46
133
110
28
48
79
91
104
114
56
30
43
42
65
59
135
17
123
140
60
13
60
22
6
1
97
94
1
2
3
15
27
39
38
50
62
74
73
61
49
37
25
26
14
13
25
37
49
61
62
63
51
52
64
65
77
78
90
91
92
80
68
67
66
54
42
30
31
32
20
19
7
8
9
10
22
34
33
21
9
8
7
6
5
4
16
28
29
17
18
30
29
41
40
52
53
65
66
78
79
91
103
102
101
100
88
87
86
98
99
111
110
122
123
124
136
137
125
113
114
126
138
139
127
128
116
104
105
117
118
119
120
132
144
143
131
130
142
141
140
139
138
137
136
135
134
133
121
109
97
85
73
74
75
76
77
89
90
102
103
115
116
104
105
106
107
95
83
82
94
93
81
69
70
71
72
60
59
58
57
56
55
43
44
45
46
47
35
23
11
12
24
36
48
60
72
84
96
84
83
71
70
58
59
47
48
36
35
23
24
12
11
10
22
21
33
34
46
45
44
32
20
19
31
43
42
41
53
54
55
56
57
69
68
67
79
80
92
93
81
82
94
95
96
108
120
108
107
106
118
119
131
132
144
143
142
130
129
117
129
141
140
128
127
115
114
126
125
124
112
111
110
122
123
135
134
133
121
109
97
85
86
98
99
100
112
113
101
89
88
87
75
76
64
63
51
39
40
28
27
15
16
17
18
6
5
4
3
2
1
13
14
26
38
50
12
11
10
22
23
35
36
24
12
11
10
9
8
7
6
5
4
3
15
27
26
25
37
49
61
73
85
86
98
97
109
110
122
134
135
136
124
123
111
99
87
75
74
62
63
64
76
88
89
90
102
103
91
79
78
77
65
66
67
55
43
44
32
20
21
33
34
46
58
59
60
48
47
46
45
57
69
81
80
68
56
57
45
44
56
68
67
55
54
53
52
51
50
38
39
40
41
42
30
29
28
16
17
18
19
31
30
29
41
40
52
51
63
64
76
88
100
101
113
112
111
99
100
101
102
114
115
116
104
92
93
105
106
118
117
129
130
131
119
107
108
120
132
144
143
142
141
140
128
127
126
125
137
138
139
140
141
129
117
118
106
94
95
96
84
72
71
83
82
70
58
59
47
35
34
33
32
31
43
42
54
53
65
66
78
79
80
81
69
70
71
83
82
94
95
107
119
131
130
142
143
144
132
120
108
96
84
72
60
48
36
24
23
22
21
9
8
20
19
7
6
18
17
5
4
3
15
16
28
27
39
38
26
14
13
14
2
1
2
1
13
25
37
49
50
62
61
73
74
75
87
86
85
97
98
110
109
121
133
134
133
121
122
123
135
136
124
112
113
114
126
125
137
138
139
127
128
116
115
103
104
105
93
92
91
90
89
77
131
120
96
107
61
23
116
117
140
46
78
123
43
135
1
118
50
138
94
92
49
43
93
133
132
72
7
129
40
14
4
79
44
129
88
76
21
46
96
30
76
137
69
83
31
138
112
15
16
142
24
5
70
111
16
3
104
66
22
23
14
117
134
130
63
11
63
110
18
106
8
126
133
2
50
27
53
95
90
122
124
111
10
71
128
68
9
32
34
130
6
38
57
35
5
94
54
48
64
102
65
75
80
55
26
99
113
33
42
88
144
87
120
114
132
4
139
38
115
86
89
67
73
69
136
49
29
57
126
119
17
103
127
125
24
97
61
121
17
82
95
60
91
114
141
102
27
79
34
92
48
84
10
100
37
98
64
15
36
25
124
51
136
45
35
68
85
110
47
105
41
85
134
41
72
39
26
119
54
51
128
123
101
86
56
25
81
73
104
2
108
97
90
36
99
141
74
84
83
135
70
109
108
44
31
106
30
18
77
22
32
77
91
13
118
1
62
100
3
19
12
52
13
19
87
140
78
127
62
74
42
113
37
6
142
47
65
81
28
82
67
103
101
20
33
11
131
59
98
121
8
52
53
107
7
56
39
109
89
12
20
122
137
75
55
66
40
9
112
139
60
59
71
80
21
105
58
144
116
115
45
93
143
29
143
28
125
58
90
74
109
76
75
131
88
6
97
43
92
62
57
30
122
38
84
28
118
54
18
111
79
23
114
69
81
66
86
70
13
143
87
94
51
94
89
2
10
112
8
65
1
112
27
103
144
91
109
32
61
44
66
14
101
82
142
20
57
61
110
60
64
125
24
9
45
95
113
20
30
14
138
17
27
128
33
68
69
119
50
92
114
71
104
26
50
73
122
100
35
18
38
99
95
108
25
124
142
9
59
51
59
55
135
110
80
53
108
52
41
5
62
48
91
119
34
97
28
48
102
74
128
67
134
124
117
104
85
15
116
137
80
139
129
2
98
29
126
70
12
44
83
117
3
21
29
130
36
107
7
105
6
22
115
106
132
134
3
37
71
140
58
32
107
130
12
127
19
78
10
118
93
123
64
4
25
99
7
43
26
81
33
125
73
8
96
131
113
103
13
98
135
63
55
77
39
85
19
49
132
90
75
127
76
111
24
42
63
82
121
4
141
39
83
15
46
138
102
115
96
101
133
36
93
143
129
86
31
106
54
58
136
41
141
78
84
120
16
88
120
139
23
37
11
72
22
89
47
116
121
52
60
140
136
144
67
68
105
17
53
126
31
40
137
56
34
46
40
5
45
42
100
16
123
1
21
65
56
87
133
47
79
72
11
49
35
77
133
134
135
123
111
99
98
86
74
62
61
73
85
97
109
110
122
121
109
97
85
73
74
75
87
88
76
77
65
66
54
55
56
68
80
79
78
90
102
114
115
116
128
127
139
140
141
142
130
118
117
129
141
140
139
138
137
136
124
112
113
125
126
114
113
101
100
88
89
77
78
66
67
55
43
42
41
40
52
51
50
38
39
27
26
14
15
16
4
5
17
29
30
18
6
7
19
20
32
44
45
33
34
35
36
24
12
11
23
22
10
9
8
7
6
5
4
3
2
1
13
25
37
49
61
62
63
64
65
53
54
42
43
31
32
44
45
46
47
59
71
70
58
57
69
81
82
83
84
96
95
94
93
92
91
103
104
105
106
107
119
131
143
144
132
120
108
96
84
72
60
72
71
83
82
94
95
107
108
120
119
131
132
144
143
142
130
129
117
118
106
105
104
116
128
127
115
103
102
101
89
90
91
92
93
81
80
79
67
68
56
57
69
70
58
59
60
48
36
48
47
46
34
35
23
24
12
11
10
22
21
33
21
9
8
20
19
31
30
18
17
16
28
27
26
14
15
3
2
1
13
25
37
49
50
38
39
40
28
29
41
53
52
51
63
64
76
75
87
99
100
112
111
123
124
125
126
138
137
136
135
134
133
121
122
110
98
86
144
143
142
141
140
128
129
117
118
106
105
104
103
102
114
113
101
89
90
78
77
65
64
76
75
63
62
61
73
85
86
74
75
87
88
100
112
124
125
137
136
135
134
133
121
122
110
109
97
98
99
111
123
135
136
137
138
126
127
115
116
117
118
130
131
119
120
108
96
84
83
82
94
93
92
80
79
91
90
89
88
87
99
100
101
102
103
104
105
106
107
95
96
84
72
71
70
69
68
56
44
32
33
45
46
47
48
36
24
23
22
34
35
36
48
60
59
58
57
45
33
21
9
8
7
19
31
43
55
54
53
52
51
50
49
37
25
13
1
2
3
4
16
17
5
6
18
30
42
41
40
28
29
41
40
39
27
15
14
26
38
39
27
28
29
30
42
54
66
67
55
56
68
67
66
65
53
52
51
63
64
76
77
78
79
91
92
93
94
95
83
82
81
80
81
69
57
58
70
71
72
60
59
47
46
34
35
23
22
10
11
12
24
12
11
10
9
8
20
21
20
32
44
43
31
19
7
6
18
17
5
4
16
15
3
2
1
13
14
26
25
37
38
50
49
61
62
74
73
85
86
98
97
109
121
133
134
122
110
111
123
124
112
113
125
126
114
115
116
128
127
139
138
139
140
141
129
130
142
143
131
119
107
108
120
132
144
132
90
121
22
54
7
33
73
31
111
35
18
137
27
31
103
44
78
116
21
107
100
140
130
22
137
18
142
71
125
47
62
107
74
76
102
122
64
13
44
54
105
129
11
75
57
118
96
23
112
79
141
94
42
87
16
144
97
41
17
79
50
24
125
127
104
56
39
27
106
110
132
50
134
131
130
45
117
63
93
84
34
52
49
3
68
34
118
139
71
32
135
106
57
69
73
48
32
82
12
30
25
41
39
108
17
46
115
82
142
120
89
122
4
20
88
89
119
81
67
133
35
99
144
111
51
2
124
85
88
141
95
29
108
90
48
24
98
114
59
11
5
75
13
1
131
38
98
14
58
100
16
67
65
112
101
93
19
113
104
47
52
96
60
21
40
84
128
109
9
40
8
61
91
6
26
20
117
43
42
139
86
70
87
123
12
36
72
80
65
25
53
36
95
138
37
121
55
76
105
132
77
2
126
102
15
124
56
37
9
109
8
49
123
113
133
69
70
127
28
53
116
74
92
114
14
92
6
83
51
120
15
115
81
99
58
66
63
43
29
77
143
85
3
28
136
94
110
66
33
126
134
72
7
10
46
91
10
135
68
4
136
26
64
61
143
62
60
86
45
140
78
129
101
128
97
103
80
59
23
138
5
83
38
19
55
1
119
30
64
44
7
129
55
88
137
24
36
19
54
84
43
141
53
65
18
144
127
52
103
117
126
77
109
76
64
122
114
130
46
34
91
71
131
30
6
47
81
31
66
52
43
87
8
13
26
110
17
126
82
71
77
142
67
97
128
10
92
119
116
9
107
37
22
123
38
106
56
59
63
4
50
101
75
58
61
144
5
124
28
82
111
132
3
112
134
1
120
128
87
70
47
3
35
60
120
5
16
40
131
101
29
57
25
102
37
53
98
41
38
135
68
48
30
17
42
19
69
136
39
108
74
33
134
105
68
127
57
96
80
33
123
59
106
100
89
70
49
85
13
142
80
11
61
132
48
32
63
50
26
130
78
22
20
21
29
90
20
7
49
89
51
79
45
118
10
138
139
54
86
4
79
36
125
32
27
51
135
8
93
138
44
76
16
99
111
34
84
104
60
69
95
121
2
133
72
98
42
100
46
23
103
1
28
40
136
66
11
62
109
108
143
67
85
25
116
81
15
23
72
73
65
2
140
62
55
94
124
118
91
102
83
78
12
113
12
14
137
31
121
94
107
24
58
129
133
56
97
114
88
14
9
83
122
96
21
139
15
113
95
143
90
110
119
6
73
141
117
140
41
105
45
99
93
39
27
92
75
35
115
104
112
115
86
74
125
18
1
13
25
26
27
28
16
17
18
19
7
6
5
4
3
15
14
2
3
4
5
6
18
30
29
41
42
54
55
67
68
80
92
91
90
78
66
65
64
63
75
87
86
74
73
85
97
109
110
111
99
98
97
85
73
61
49
37
38
39
51
50
62
63
51
52
40
41
53
54
66
67
79
80
81
69
57
45
44
32
20
21
33
34
22
23
35
47
48
60
59
58
70
71
72
84
83
95
94
93
105
106
118
130
142
143
144
132
131
119
120
108
96
84
72
60
48
36
24
12
11
10
9
8
7
19
31
43
55
56
68
69
81
82
94
93
105
117
129
128
127
115
116
104
103
102
114
126
138
137
125
113
101
89
77
76
88
100
112
124
123
122
121
133
134
135
136
137
138
139
140
139
127
126
114
113
125
124
136
135
123
122
134
133
121
109
110
98
99
111
112
100
88
87
86
74
75
76
64
52
53
65
77
89
101
102
90
78
79
91
92
104
103
115
116
128
140
141
142
141
129
117
118
130
131
143
144
132
120
119
107
106
107
108
96
95
83
82
70
71
59
47
46
34
22
23
35
36
24
12
11
10
9
8
20
21
33
45
46
58
57
56
44
32
31
43
42
30
29
28
40
39
27
26
38
50
62
61
49
37
25
13
1
2
14
15
16
17
12
24
36
35
23
22
10
11
12
24
36
48
60
72
84
96
108
120
119
118
130
142
141
140
139
138
137
125
124
136
135
123
122
121
109
97
98
110
111
112
113
114
126
127
115
103
102
101
89
77
76
64
65
66
78
90
91
79
67
68
69
57
58
59
47
46
34
33
32
20
8
9
21
33
45
44
43
42
54
55
56
44
45
57
56
55
67
68
80
92
104
116
128
129
117
105
93
81
82
94
106
107
95
83
71
70
82
94
93
105
104
116
115
103
102
101
100
88
87
99
111
112
100
88
76
75
63
51
52
53
41
40
28
27
39
38
26
14
15
16
4
3
2
1
13
25
37
49
50
62
74
86
85
73
61
49
37
38
39
27
28
29
17
5
6
7
19
18
30
31
32
20
21
22
34
46
58
70
69
81
80
92
91
79
78
66
54
42
43
31
19
18
30
29
17
16
15
14
26
25
13
1
2
3
4
5
6
7
8
9
10
11
23
35
47
48
60
59
71
72
84
83
95
96
108
120
119
107
106
118
117
129
130
131
143
131
132
144
132
144
143
142
141
140
128
127
139
138
126
114
113
125
137
136
124
123
135
134
133
121
133
134
122
110
109
97
98
99
87
75
74
86
85
73
61
62
50
51
63
64
52
40
41
53
65
77
89
90
