##Rat 1 Day 7
 ##rewards
19
32
98
##Vertices
1
2
3
4
16
28
29
17
5
6
7
8
9
21
20
32
33
34
46
47
35
23
24
12
11
10
22
34
46
45
44
43
31
30
18
19
7
6
5
4
3
15
14
13
25
37
49
61
73
74
86
85
97
109
121
133
134
135
123
124
136
137
138
139
127
126
125
113
101
89
88
76
75
63
62
50
38
26
27
39
51
52
40
41
42
54
53
65
77
78
79
91
103
115
116
104
92
80
68
69
57
58
59
60
72
84
96
95
94
82
83
71
70
58
57
56
55
67
66
54
42
41
53
52
64
63
75
87
99
98
110
111
112
100
88
87
99
100
101
102
90
91
92
93
81
69
70
82
81
93
105
117
129
130
118
119
120
108
107
106
105
104
116
128
140
141
142
143
131
132
144
132
144
143
131
130
142
141
129
117
118
119
120
108
107
106
94
95
96
84
83
71
72
60
59
47
48
36
48
36
35
23
24
12
11
10
22
21
9
8
20
32
33
45
44
56
68
80
79
78
90
89
77
76
64
65
66
67
55
43
31
19
18
30
29
17
16
15
14
2
1
13
25
26
27
28
40
39
51
50
38
37
49
61
62
74
73
85
86
98
97
109
121
122
110
111
112
124
125
113
114
102
103
115
114
126
127
128
140
139
138
137
136
135
123
122
134
133
12
24
36
48
47
46
58
59
60
72
84
96
108
107
95
94
106
118
117
129
130
131
143
144
132
120
119
118
117
105
93
81
82
70
71
83
84
72
60
48
36
35
23
11
10
9
8
7
6
18
17
5
4
3
2
1
13
25
26
38
37
49
61
73
74
62
50
51
52
53
41
42
30
31
19
20
21
22
34
33
32
44
45
57
69
68
56
55
54
66
78
77
76
75
87
88
89
90
91
103
104
116
128
140
139
138
137
125
113
114
126
127
115
116
104
92
80
79
67
68
69
57
56
44
43
31
30
29
28
16
15
27
39
40
41
29
28
40
52
64
65
77
89
101
102
103
115
114
102
101
100
99
98
110
111
123
135
136
124
112
100
88
87
86
85
97
109
121
122
134
133
134
133
121
122
110
109
97
98
99
111
123
135
136
124
112
113
125
137
138
126
127
139
140
128
129
141
142
141
142
130
131
143
144
132
120
119
107
108
96
95
94
106
105
93
92
91
90
78
66
65
53
54
42
43
55
67
79
80
81
82
83
71
70
58
59
47
35
23
24
12
11
10
22
34
46
45
33
32
20
21
9
8
7
19
18
6
5
17
16
4
3
2
14
15
27
39
38
50
51
63
64
76
75
63
62
74
86
85
73
61
49
37
25
26
14
13
1
143
49
144
135
69
122
104
107
35
53
97
31
107
25
5
29
117
18
106
114
127
108
86
43
5
28
32
15
35
137
33
85
77
101
141
110
18
27
100
4
93
83
30
68
28
42
113
124
40
99
115
92
86
141
125
118
39
47
16
13
44
88
58
92
23
87
38
83
45
102
126
76
45
133
79
98
90
72
111
142
21
8
20
40
70
60
37
123
26
137
33
53
57
17
84
29
144
123
56
101
9
78
94
142
127
61
34
91
102
133
37
56
67
94
7
60
54
117
126
11
116
81
140
48
99
50
76
51
73
63
12
6
1
84
122
19
24
30
74
63
115
109
90
130
91
55
79
121
54
4
8
67
139
97
61
136
130
140
16
118
98
52
128
120
44
103
46
96
119
1
80
2
57
89
105
78
36
136
12
65
114
38
106
116
24
21
69
77
43
105
48
111
124
62
9
64
71
71
75
128
20
39
129
132
25
108
49
125
74
104
89
14
59
15
66
85
100
22
13
135
81
3
119
129
55
131
121
110
138
32
82
10
96
19
59
58
93
22
131
51
72
138
41
10
11
87
113
27
80
41
52
112
64
75
46
14
50
65
134
120
7
3
82
109
2
112
132
95
6
34
23
17
36
88
73
134
139
62
143
31
66
95
103
70
26
42
68
47
144
125
135
2
99
63
70
127
112
86
108
53
80
75
96
60
67
23
137
86
143
128
11
81
103
74
38
26
144
138
128
114
127
95
116
107
66
15
83
9
52
20
89
114
7
141
123
12
16
17
35
78
10
140
138
81
31
102
21
115
34
61
88
84
48
51
15
113
11
28
37
92
137
65
16
6
93
18
104
87
142
42
117
99
27
49
73
24
50
109
28
76
85
62
121
32
68
97
44
106
84
91
56
115
103
13
33
123
73
20
119
65
24
79
100
139
94
62
38
66
106
21
57
4
69
93
50
112
41
59
29
35
8
90
83
54
40
59
52
7
47
141
34
43
9
39
41
57
40
3
98
1
25
96
25
92
5
90
47
60
46
29
110
22
36
78
19
80
61
74
63
72
69
91
42
77
75
108
120
71
117
36
101
125
110
132
134
120
26
19
70
1
124
3
122
33
27
126
14
121
118
6
111
72
135
79
136
95
10
140
23
105
51
13
100
4
116
31
68
111
129
134
71
129
5
124
56
82
39
49
55
131
46
113
119
2
97
22
130
107
14
64
53
133
131
136
45
126
76
82
104
67
109
58
45
102
30
89
94
54
48
85
118
87
55
43
142
12
143
64
18
98
122
32
44
130
101
17
132
139
88
8
58
30
105
133
37
77
144
132
131
130
129
141
142
143
144
132
120
108
96
95
94
93
81
82
70
69
68
80
92
91
79
67
66
54
55
43
42
41
29
30
31
19
18
6
5
17
16
4
3
15
27
28
40
39
38
26
14
2
1
13
25
37
49
61
62
74
75
87
86
98
110
122
134
133
121
109
97
85
73
61
49
50
51
63
64
76
77
65
53
52
64
65
66
78
90
102
101
113
125
124
112
100
99
111
123
135
136
137
138
139
127
126
114
115
103
104
105
106
107
119
118
117
116
128
140
139
138
137
136
124
125
126
114
113
112
100
88
89
101
102
103
104
105
93
94
82
83
84
72
71
59
60
48
47
35
36
24
23
11
10
22
34
46
45
44
56
57
58
46
34
33
21
9
8
7
6
5
4
16
28
27
26
14
15
3
2
1
13
25
37
38
39
51
50
62
63
75
74
73
85
86
98
97
109
121
133
134
135
123
122
110
111
99
87
88
76
77
89
90
78
79
91
92
80
81
69
57
45
44
56
68
67
55
54
53
52
40
41
29
17
18
30
42
43
31
32
33
32
20
19
7
8
20
21
9
10
22
23
35
47
59
58
70
71
83
95
107
106
118
117
116
115
127
128
140
141
129
130
142
143
131
119
120
108
96
84
72
60
48
36
24
12
11
12
133
134
122
110
98
97
109
121
133
134
135
136
137
125
113
101
102
114
115
103
91
90
89
77
78
79
67
68
80
81
69
57
58
70
82
83
71
72
60
59
47
48
36
35
34
46
45
33
21
22
23
24
12
11
10
9
8
7
19
18
30
29
17
16
15
14
13
1
2
3
4
5
6
7
8
20
32
31
43
42
54
55
56
44
43
55
67
66
65
64
52
51
50
38
39
40
28
27
26
25
37
49
61
73
74
62
63
75
76
88
100
112
124
123
111
99
87
86
85
73
61
49
37
38
50
62
63
51
39
40
41
53
52
64
76
88
100
101
113
114
126
138
139
127
128
140
141
129
130
142
143
131
132
120
119
118
117
105
93
92
104
116
117
118
106
107
108
96
84
72
60
48
47
46
34
22
23
35
36
24
12
11
10
9
21
33
32
20
19
31
30
18
6
5
17
16
4
3
2
1
13
25
26
14
15
27
28
29
41
42
54
53
65
66
78
77
89
90
102
103
104
105
93
92
91
79
80
68
56
44
45
57
58
59
71
70
69
81
82
94
106
94
95
83
84
96
95
107
108
120
119
131
130
129
128
116
115
127
126
125
124
112
111
99
87
75
74
86
85
97
98
110
109
121
122
123
135
136
137
138
139
140
141
142
143
144
132
144
130
140
65
136
52
131
133
66
138
16
30
4
121
87
71
136
50
138
58
84
85
18
143
126
115
105
20
79
113
57
107
139
10
55
94
57
62
70
80
40
92
53
86
38
37
83
25
128
110
120
50
94
33
96
98
21
8
37
17
102
123
1
5
60
36
29
91
134
24
81
122
55
93
13
93
143
79
19
67
23
26
68
125
27
45
34
63
28
114
43
54
34
135
122
40
45
88
52
21
89
10
31
82
141
4
108
121
48
118
65
84
99
38
129
112
3
105
13
91
6
11
111
117
3
44
127
64
137
90
56
82
89
75
51
97
8
32
14
116
132
144
35
72
87
66
74
102
100
124
20
86
64
15
130
69
118
109
101
78
95
103
9
49
103
30
14
2
12
81
135
58
9
95
62
133
119
73
77
119
5
41
101
129
71
12
46
39
125
88
107
59
76
41
54
47
16
137
6
142
67
48
2
63
61
140
114
25
109
144
112
22
24
44
120
139
39
116
132
131
123
106
115
46
60
73
23
111
104
15
83
19
113
106
104
124
43
69
96
49
32
22
70
80
77
42
75
31
108
7
51
97
27
99
18
90
28
110
85
17
78
33
72
117
100
126
68
61
47
1
74
56
29
142
141
92
128
134
36
35
11
76
7
59
127
98
53
42
26
46
85
54
35
43
56
18
117
98
66
103
129
61
75
8
72
74
86
83
70
6
23
84
126
85
125
78
45
139
109
40
47
105
2
74
54
55
137
90
76
10
36
87
12
72
28
59
40
133
23
95
37
79
22
115
97
122
59
13
108
51
31
26
89
9
113
144
68
30
124
86
60
123
53
96
41
87
113
47
134
69
48
112
101
62
17
21
90
141
135
15
50
1
77
132
140
92
7
135
130
102
5
118
55
42
1
133
126
46
16
29
76
114
142
107
57
77
94
138
28
104
19
26
81
49
70
22
129
38
83
128
16
131
12
63
25
43
124
33
137
125
44
32
60
99
111
61
49
71
136
3
142
48
62
57
92
120
34
51
11
106
58
127
14
102
88
132
123
95
8
63
65
107
14
119
53
18
134
38
41
13
73
143
21
144
82
80
110
127
121
2
120
39
30
4
111
117
71
64
91
100
67
17
138
24
114
68
5
19
29
81
50
24
64
112
3
91
97
44
15
116
89
7
11
121
136
88
32
33
103
101
141
37
116
45
67
94
79
140
93
84
78
25
31
104
80
82
115
4
108
39
34
130
35
27
143
66
128
96
110
106
56
75
139
98
119
69
109
99
9
65
122
118
52
20
93
105
100
42
27
36
73
131
58
10
6
20
52
133
121
109
110
122
123
135
136
124
112
100
101
113
114
115
127
126
125
137
138
139
140
141
142
130
131
143
144
132
120
108
96
95
94
106
107
119
118
117
105
93
92
104
103
91
79
80
81
82
83
71
70
58
57
69
68
67
55
56
44
45
46
34
35
36
24
12
11
23
22
10
9
8
7
6
18
19
31
30
29
41
42
54
66
78
90
102
101
89
77
65
53
52
64
63
75
76
88
87
86
74
62
50
51
39
38
37
25
26
27
15
14
2
1
13
25
37
49
61
73
85
97
98
99
111
112
113
114
102
90
91
103
115
116
128
129
141
142
130
118
106
94
82
70
58
59
60
48
47
46
34
33
21
20
32
31
43
42
30
29
28
40
41
53
65
64
52
40
28
16
4
5
17
16
17
5
6
18
19
7
8
9
10
11
12
24
36
48
60
72
84
83
95
107
119
131
143
144
132
120
108
96
84
72
71
59
47
35
23
22
21
20
32
33
45
44
43
55
54
66
78
79
67
68
56
57
69
81
80
92
93
105
104
116
117
129
128
140
139
127
126
138
137
125
124
123
111
99
100
88
89
77
76
75
87
86
74
62
63
51
39
27
15
3
4
3
2
1
13
14
26
38
50
49
61
73
85
97
98
110
109
121
133
134
122
134
135
136
1
13
25
37
49
50
38
26
14
2
3
15
27
28
40
52
53
65
64
76
88
87
75
74
73
85
86
98
97
109
121
122
123
124
136
137
125
113
101
89
90
102
103
91
79
67
68
80
81
69
57
56
44
43
55
54
66
78
77
89
101
100
99
111
110
109
97
85
73
61
62
63
51
39
40
41
29
30
42
41
29
17
5
4
16
28
27
39
51
52
64
76
88
100
112
113
114
115
127
128
129
141
142
130
118
117
116
104
92
93
105
106
94
95
107
108
120
119
131
132
144
143
142
141
140
139
138
126
114
102
103
104
92
93
105
106
94
82
70
71
83
84
72
60
48
47
59
58
46
34
22
21
20
32
33
45
44
32
31
19
7
8
9
10
11
12
24
23
35
36
48
47
35
36
24
12
11
23
22
10
9
21
33
34
46
45
57
56
68
69
70
58
59
60
72
71
83
82
81
80
79
91
90
78
77
65
53
54
66
67
55
43
42
30
31
19
20
8
7
6
18
17
18
6
5
4
16
15
3
2
1
13
14
26
25
37
38
50
49
61
62
63
75
74
86
98
110
122
121
133
134
133
134
135
123
135
136
137
138
139
140
128
129
130
131
143
144
132
120
108
96
84
96
95
107
119
118
117
116
115
127
126
125
124
112
111
99
87
119
2
93
136
128
122
31
58
104
4
81
36
105
19
41
12
80
116
112
37
25
6
24
1
21
144
31
87
77
20
87
98
28
51
92
137
106
115
54
32
48
107
17
47
16
78
83
127
44
32
90
125
6
140
112
18
115
69
53
18
67
9
68
13
74
73
91
127
129
74
5
39
119
102
70
134
4
89
124
3
77
101
121
76
141
60
8
70
23
42
88
80
10
63
62
22
25
123
141
108
22
96
109
132
47
126
133
142
72
118
140
117
48
27
30
5
20
134
15
138
83
120
7
10
43
59
96
110
61
103
33
3
28
41
98
102
68
104
131
123
128
82
26
66
42
11
117
110
44
113
2
35
9
55
58
79
13
85
50
46
100
143
82
65
105
33
107
52
130
126
103
21
66
88
45
29
35
62
1
122
94
49
38
129
60
12
71
14
137
72
113
71
75
78
40
84
99
53
90
56
116
17
108
131
16
40
138
142
139
56
43
106
75
52
64
45
64
91
7
143
114
89
139
54
124
109
34
76
97
118
120
24
100
86
51
39
86
34
92
29
114
26
85
55
36
37
57
130
101
14
8
63
136
61
57
46
59
132
93
67
111
69
49
95
81
133
95
65
84
94
23
135
38
19
30
27
15
144
121
125
73
50
111
79
11
97
135
99
106
57
86
113
120
119
42
9
137
95
70
113
63
72
71
24
29
11
21
131
68
123
83
115
109
11
98
127
91
93
77
61
105
39
80
135
116
141
46
96
143
54
37
70
6
130
143
141
134
67
73
28
122
36
31
48
59
74
119
92
102
16
140
42
129
101
62
37
52
34
134
132
77
72
133
110
4
60
20
43
22
12
85
55
142
45
51
115
95
90
83
75
50
51
64
123
18
136
59
57
3
15
24
39
122
91
7
40
90
46
144
89
131
36
49
3
54
82
135
69
124
38
125
110
62
103
63
78
117
126
47
21
136
84
1
23
8
107
25
107
125
58
97
66
124
67
108
128
111
130
43
137
92
132
81
97
99
84
32
66
1
44
40
58
45
128
19
87
9
79
22
10
56
52
111
7
53
118
17
140
38
14
27
29
50
33
139
88
82
142
16
26
41
44
126
88
118
80
20
78
106
27
34
31
53
68
71
5
2
93
30
100
112
23
133
98
87
127
28
13
86
19
14
74
139
17
114
41
96
56
104
73
25
138
10
15
108
64
26
99
121
30
112
103
76
75
35
144
120
65
85
18
33
79
100
2
109
61
12
121
129
105
81
94
4
101
55
94
69
104
6
117
8
76
48
5
47
35
13
114
60
65
49
32
102
138
116
89
