##Rat 4 Day 49
 ##rewards
126
113
47
##Vertices
1
2
14
26
25
37
49
61
62
63
64
65
77
78
90
89
101
113
114
102
103
91
79
80
92
93
94
82
83
84
72
60
48
36
35
34
33
32
20
8
9
21
22
23
11
12
24
36
48
47
59
71
70
69
81
93
105
106
118
117
129
128
127
126
138
139
140
141
142
130
131
143
144
132
120
108
96
95
107
119
118
106
94
82
81
69
57
58
46
45
44
43
55
54
66
67
68
56
57
45
44
32
31
30
29
17
18
19
7
6
5
4
16
15
3
4
5
17
29
28
27
39
51
50
38
37
49
61
73
74
75
76
88
100
99
111
110
109
97
98
86
85
97
109
121
133
134
122
123
135
136
137
125
124
112
113
114
115
116
104
103
102
101
89
90
78
66
54
42
41
40
52
40
41
53
52
53
65
77
76
64
63
51
39
27
28
16
15
3
2
14
13
1
13
25
26
38
50
62
74
73
85
86
87
75
87
88
100
99
98
110
122
121
133
134
135
123
111
112
124
136
137
125
126
138
139
140
128
127
115
116
104
105
117
129
141
142
130
131
143
144
132
120
119
107
108
96
95
83
84
72
60
59
71
70
58
46
47
35
23
24
12
11
10
9
10
22
34
33
21
20
8
7
6
18
19
31
30
42
43
55
67
79
91
92
80
68
56
133
121
109
97
85
86
98
110
122
134
135
123
111
112
100
88
89
77
76
64
52
51
63
62
61
49
50
38
37
25
13
14
15
16
4
5
17
29
41
53
54
42
43
55
67
79
80
68
69
81
93
92
104
103
91
90
78
66
65
53
41
40
39
27
26
25
37
49
61
73
74
75
87
99
100
101
113
114
102
101
113
125
137
136
124
112
111
99
87
88
76
64
52
40
28
29
30
31
19
20
21
9
10
22
34
33
32
44
56
57
45
46
58
59
47
48
36
35
23
24
12
11
10
9
8
7
6
18
30
42
43
44
56
57
45
46
58
70
82
83
71
72
84
96
108
107
95
94
106
118
130
129
128
116
117
105
104
116
115
127
139
140
141
142
143
144
132
131
119
120
108
107
119
120
132
144
143
131
130
142
141
129
117
118
106
105
93
92
80
81
82
94
95
96
84
83
71
70
69
68
67
55
54
66
65
77
89
90
78
79
91
103
102
114
115
127
128
140
139
138
126
125
126
138
137
136
124
123
135
134
133
121
122
110
109
97
98
86
85
73
74
75
63
62
50
38
26
14
13
1
2
1
2
3
15
3
4
5
6
7
8
20
21
22
23
11
12
24
36
48
60
72
60
59
47
35
34
33
32
31
19
18
17
16
28
27
39
51
73
83
50
31
42
29
137
73
23
138
29
13
27
25
80
9
132
10
90
105
125
57
112
46
59
109
82
91
87
131
106
5
135
144
70
8
142
80
84
49
43
62
110
76
115
36
133
122
100
68
95
55
121
66
13
48
67
134
35
99
117
53
86
129
84
50
104
139
70
14
130
92
140
122
1
31
12
6
39
97
129
123
19
113
61
38
103
55
60
21
126
96
40
48
71
93
124
94
59
58
90
89
75
2
94
15
64
15
85
51
3
141
118
37
44
77
125
95
78
140
93
45
28
130
143
8
113
14
102
105
102
119
141
28
81
67
108
131
49
106
135
7
38
45
128
108
63
22
62
75
112
26
65
34
121
47
34
1
109
52
63
126
18
12
23
4
144
85
78
46
83
53
71
139
52
6
4
51
127
3
35
41
19
54
103
65
99
97
137
16
60
110
142
11
24
27
17
88
143
54
37
41
114
36
98
56
86
76
11
79
74
74
118
9
40
25
81
107
5
18
91
66
16
119
22
44
72
69
47
136
17
104
30
2
33
39
87
32
134
127
26
64
32
82
128
88
30
68
92
56
138
111
120
79
116
24
69
111
58
96
77
72
116
120
98
61
114
124
33
115
133
101
42
43
101
57
100
20
107
123
136
10
21
7
117
89
20
132
26
59
130
34
20
139
140
47
49
38
68
98
52
133
88
111
5
83
82
45
24
121
34
29
41
33
87
12
29
35
5
89
28
57
16
3
59
89
118
65
70
122
2
55
99
120
23
11
61
109
127
116
133
71
139
138
127
125
6
52
79
83
134
97
91
45
61
75
105
58
90
107
142
54
123
132
128
14
64
113
7
128
67
69
113
80
76
126
67
60
105
109
135
86
48
86
112
36
84
73
37
55
101
92
132
94
42
27
102
137
130
114
26
78
65
70
56
82
87
84
98
68
92
9
103
62
16
63
17
50
85
115
51
122
64
104
28
21
40
51
142
71
72
79
18
129
46
143
129
30
47
23
75
6
131
117
93
63
15
78
90
101
95
27
76
62
111
114
56
108
135
123
99
2
85
96
91
96
95
144
42
117
49
39
37
8
31
106
93
7
44
137
32
60
57
14
77
39
100
17
43
9
22
25
81
38
118
115
10
74
102
36
40
10
104
134
46
30
136
121
3
141
108
1
18
31
12
131
125
32
13
138
4
72
8
97
88
54
13
110
15
19
107
22
120
53
119
81
106
24
124
141
119
112
143
11
35
110
103
126
20
69
77
4
41
50
80
74
136
19
33
43
1
48
58
21
100
124
73
66
25
144
66
140
44
53
94
116
12
24
36
48
47
59
60
72
84
96
108
120
132
144
143
131
130
142
141
129
117
105
104
92
93
81
82
70
69
68
67
55
43
42
30
31
32
20
21
33
34
22
23
11
10
9
8
7
6
5
17
16
4
3
2
1
13
25
37
38
26
14
15
27
39
40
52
53
65
77
76
64
63
51
50
62
74
86
98
97
85
73
61
49
37
25
26
27
28
29
41
40
28
29
30
18
19
31
43
44
45
57
56
68
80
79
91
90
78
66
54
55
56
44
32
33
45
46
58
57
69
70
71
83
95
94
106
107
119
118
117
116
128
140
139
127
126
138
137
125
124
136
135
123
122
134
133
121
109
110
111
99
87
88
100
101
102
103
115
114
113
112
111
99
100
88
89
101
102
103
104
116
128
140
139
138
126
127
115
114
113
112
124
125
137
136
135
123
122
134
133
121
109
110
98
97
85
86
87
75
76
75
63
62
74
73
61
49
50
38
39
51
52
64
65
53
41
42
54
66
67
79
78
77
89
90
91
92
80
81
82
83
71
59
58
46
34
35
47
35
23
22
21
20
19
18
17
16
15
14
13
1
2
3
4
5
6
7
8
9
10
11
12
24
36
48
60
72
84
96
95
107
108
120
119
131
132
144
143
142
141
129
130
118
106
105
93
94
144
143
142
130
131
119
120
132
144
143
142
141
140
139
138
137
136
135
123
111
110
109
97
85
73
61
49
50
38
37
25
26
14
2
3
4
16
15
27
39
51
63
62
74
75
76
64
52
53
54
42
43
55
67
66
65
77
78
79
91
103
104
116
128
129
117
118
106
94
95
96
108
107
106
105
93
81
69
68
80
92
93
105
104
92
80
79
91
90
89
88
87
86
98
99
100
101
102
114
113
112
124
125
126
127
115
114
113
101
100
88
87
75
76
64
52
40
41
29
28
27
39
40
41
42
30
31
32
44
56
57
45
46
34
33
21
22
23
35
47
48
36
24
12
11
10
9
8
20
19
18
17
5
6
7
8
9
21
33
34
46
58
59
60
72
84
83
71
70
82
94
95
107
119
118
117
116
115
103
102
90
89
77
78
66
67
68
69
81
82
83
71
70
58
59
47
35
23
22
10
11
12
24
36
48
60
72
84
96
108
120
132
131
130
129
141
140
128
127
139
138
126
125
137
136
135
123
124
112
111
99
98
110
122
121
122
134
133
134
133
121
109
97
85
86
74
73
61
62
63
51
50
49
37
38
26
25
13
1
2
1
13
14
15
3
4
16
28
29
30
18
17
5
6
7
19
20
32
31
43
44
45
57
56
55
54
53
65
62
105
99
24
9
97
31
72
138
93
60
58
120
130
111
74
68
92
71
115
29
26
89
144
6
136
112
109
110
42
138
36
119
16
143
3
68
100
65
18
71
44
107
44
96
103
1
108
124
95
22
143
81
125
133
34
79
55
139
139
7
15
10
83
133
122
29
108
110
27
15
40
109
9
121
69
21
69
99
125
12
89
52
50
32
38
66
127
82
45
75
88
54
46
77
8
4
46
64
49
8
127
106
14
82
100
141
121
30
123
14
141
93
19
116
54
10
33
76
20
134
137
124
11
126
50
144
41
112
55
56
83
114
42
91
76
60
106
20
102
80
57
120
97
37
92
101
34
104
37
103
122
52
117
101
36
90
66
84
98
30
48
94
117
7
85
53
11
61
128
6
17
113
123
41
28
104
102
43
17
12
63
137
64
2
39
67
21
59
1
23
79
58
24
72
86
142
115
140
88
28
67
49
107
118
47
25
61
142
57
13
119
111
31
23
113
90
81
86
2
129
56
118
105
35
126
70
98
87
80
130
73
38
78
39
53
114
85
62
70
18
132
45
91
73
65
19
47
35
13
26
77
51
96
135
4
132
128
33
32
94
25
129
78
135
75
43
16
40
59
63
95
51
116
136
131
84
27
134
3
48
87
5
74
131
140
22
5
72
107
45
77
83
62
129
72
14
17
129
138
40
66
56
37
61
117
19
143
36
65
105
102
105
121
132
122
42
127
60
69
123
17
27
59
118
131
30
73
127
70
138
133
128
38
24
27
98
44
61
81
9
18
95
92
79
106
83
140
80
16
115
95
63
70
21
101
81
29
94
15
116
119
113
47
142
60
54
7
121
1
93
140
40
76
86
20
10
6
94
5
139
78
35
63
100
56
28
2
108
71
125
32
71
19
97
34
51
125
120
49
118
50
88
16
134
124
112
99
106
114
20
11
75
96
24
4
108
103
141
33
21
141
78
77
69
112
29
47
96
33
13
98
85
104
91
35
45
137
124
51
80
41
110
8
111
57
101
30
37
18
68
131
53
130
130
75
109
8
32
48
134
52
36
31
44
64
26
136
86
25
92
120
67
11
43
128
97
139
12
119
55
9
58
25
114
142
13
84
126
87
23
136
89
3
2
4
107
50
53
89
10
3
90
103
12
26
22
82
57
122
42
62
43
41
5
111
144
87
58
110
126
22
49
7
100
55
104
38
102
115
135
54
59
15
109
132
123
135
91
39
144
90
65
74
113
76
1
46
99
68
6
73
48
74
84
88
64
34
116
66
82
137
117
67
133
14
28
23
39
143
46
85
52
79
93
31
133
134
135
136
124
125
137
138
139
140
141
142
143
144
132
131
119
120
108
107
106
105
93
92
104
103
115
114
102
90
78
77
76
64
63
75
87
86
98
99
111
110
122
121
109
97
85
73
61
49
50
38
37
25
13
1
2
3
4
16
15
14
26
27
28
40
41
53
54
55
43
42
30
29
17
18
19
20
21
9
8
7
6
5
4
3
15
27
39
51
52
40
39
51
63
62
74
75
76
88
100
101
89
90
91
79
80
68
67
66
65
77
89
88
87
99
100
112
113
101
102
114
126
127
128
116
117
129
130
118
106
94
95
96
84
83
71
72
60
59
47
48
36
35
23
24
12
11
10
22
34
33
32
44
45
57
69
81
82
70
58
46
34
33
45
44
56
57
69
81
93
94
95
96
84
72
71
83
82
70
58
46
47
59
60
48
36
35
23
24
12
11
10
22
21
9
8
20
32
31
43
31
30
18
19
7
6
5
17
16
28
29
41
42
54
53
52
64
65
66
78
79
67
55
56
68
80
92
91
103
115
127
126
125
113
112
111
123
124
123
122
110
98
86
74
62
50
38
26
14
2
1
13
25
37
49
61
73
85
97
109
121
133
134
135
136
137
138
139
140
128
129
141
142
130
131
143
144
132
120
108
107
119
118
117
105
104
116
12
24
23
22
34
35
36
48
60
59
71
72
84
83
82
94
95
96
108
107
106
118
130
131
119
120
132
144
143
142
141
140
128
127
115
116
104
105
93
81
80
68
67
55
56
57
69
70
58
46
45
33
21
20
8
9
10
11
12
24
36
35
47
46
45
44
32
31
43
42
30
18
17
5
6
7
19
31
30
29
41
40
28
27
26
14
15
16
4
3
2
1
13
25
37
38
50
49
61
73
85
86
74
62
63
75
76
88
100
112
111
110
109
97
98
99
87
75
63
51
39
40
52
64
65
53
54
66
78
79
91
103
102
90
89
77
76
88
87
99
111
123
122
121
133
134
135
136
137
138
139
140
141
129
117
105
106
94
93
92
104
103
115
114
126
125
113
101
100
112
124
125
124
123
122
121
133
134
135
136
137
138
139
127
126
114
113
101
102
90
89
77
78
66
65
64
52
53
54
55
43
42
41
29
28
27
39
51
50
62
74
86
98
110
109
97
85
73
61
49
37
38
26
25
13
1
2
14
15
3
4
16
17
5
6
18
19
7
8
20
21
9
10
11
23
22
34
33
32
44
56
68
67
79
91
92
80
81
82
83
71
70
69
57
58
59
47
48
60
72
84
96
95
107
108
120
119
131
132
144
143
142
130
118
117
116
128
129
10
62
76
23
42
81
64
118
84
115
77
86
71
107
106
139
112
36
50
92
52
93
74
38
140
134
94
57
66
52
72
106
59
54
45
100
81
64
58
102
32
123
24
68
23
116
44
65
141
31
38
20
120
29
128
139
33
125
50
46
4
40
51
19
39
95
56
70
109
90
104
53
43
122
94
105
6
135
79
117
60
142
83
69
26
103
22
80
143
53
67
137
3
12
104
3
58
129
62
130
110
48
124
99
132
60
133
1
121
89
7
84
16
11
91
33
5
39
108
133
35
19
113
2
22
36
13
10
93
120
61
89
111
125
63
119
131
31
126
54
121
73
136
117
51
66
20
140
87
21
107
29
135
73
78
115
88
63
127
119
110
1
68
144
41
14
118
98
85
26
30
142
116
100
34
95
101
25
15
30
75
55
8
47
43
103
113
83
72
91
122
114
112
132
136
87
49
82
7
85
138
96
97
37
41
102
21
57
137
9
55
124
17
49
74
109
46
32
61
14
88
97
8
9
13
28
105
143
78
71
76
17
56
18
98
40
70
34
75
131
80
111
96
27
6
126
86
144
37
77
101
15
24
128
18
108
48
25
2
12
67
79
4
82
42
92
130
47
123
11
127
45
59
44
134
27
65
69
28
141
35
138
99
129
90
16
114
5
63
110
63
94
83
142
13
73
20
113
67
6
60
107
32
71
96
9
27
89
112
134
125
132
135
103
39
100
23
129
82
120
57
51
77
3
75
141
87
46
110
88
114
75
61
48
40
108
54
16
106
53
85
52
105
89
40
86
55
95
68
137
67
124
87
33
49
11
45
80
34
58
29
142
81
132
6
97
66
61
120
7
115
93
140
76
28
103
112
39
91
131
111
26
17
93
11
10
62
99
70
97
1
41
119
56
26
141
69
43
98
50
50
43
131
14
12
125
90
133
133
123
117
31
144
109
143
42
2
84
48
8
21
121
28
41
140
118
101
62
101
9
77
8
21
95
105
81
128
34
122
38
80
29
20
126
139
14
47
38
31
78
5
126
129
92
30
59
4
18
82
116
117
119
104
74
36
69
72
47
122
57
56
44
51
59
33
128
85
3
22
4
134
71
46
130
35
102
79
36
113
83
25
91
65
92
137
114
66
88
70
60
123
118
22
138
13
68
30
55
78
12
54
100
94
116
96
84
58
127
7
42
23
15
107
138
19
64
35
106
79
2
109
49
1
15
127
143
25
102
99
65
24
136
64
130
10
136
5
16
53
76
115
124
19
104
139
24
37
44
17
121
108
144
32
52
90
74
135
37
45
73
18
27
72
98
111
86
