##Rat 7 Day 17
 ##rewards
62
51
129
##Vertices
1
13
25
26
27
28
16
17
18
19
7
6
5
4
3
15
14
2
3
4
5
6
18
30
29
41
42
54
55
67
68
80
92
91
90
78
66
65
64
63
75
87
86
74
73
85
97
109
110
111
99
98
97
85
73
61
49
37
38
39
51
50
62
63
51
52
40
41
53
54
66
67
79
80
81
69
57
45
44
32
20
21
33
34
22
23
35
47
48
60
59
58
70
71
72
84
83
95
94
93
105
106
118
130
142
143
144
132
131
119
120
108
96
84
72
60
48
36
24
12
11
10
9
8
7
19
31
43
55
56
68
69
81
82
94
93
105
117
129
128
127
115
116
104
103
102
114
126
138
137
125
113
101
89
77
76
88
100
112
124
123
122
121
133
134
135
136
137
138
139
140
139
127
126
114
113
125
124
136
135
123
122
134
133
121
109
110
98
99
111
112
100
88
87
86
74
75
76
64
52
53
65
77
89
101
102
90
78
79
91
92
104
103
115
116
128
140
141
142
141
129
117
118
130
131
143
144
132
120
119
107
106
107
108
96
95
83
82
70
71
59
47
46
34
22
23
35
36
24
12
11
10
9
8
20
21
33
45
46
58
57
56
44
32
31
43
42
30
29
28
40
39
27
26
38
50
62
61
49
37
25
13
1
2
14
15
16
17
133
121
109
110
111
112
124
125
126
127
139
138
137
136
135
123
122
134
135
136
137
138
126
114
113
101
102
90
91
79
80
68
56
55
54
66
78
77
76
75
63
51
50
62
61
49
37
25
26
27
39
38
37
49
61
73
85
97
98
99
87
86
74
75
87
88
100
101
89
90
78
79
67
68
69
81
93
105
104
116
128
129
117
118
130
131
119
107
108
96
95
94
82
83
84
72
71
59
58
57
45
46
34
22
10
11
12
24
23
35
36
48
60
72
84
96
108
120
132
144
143
142
141
140
139
127
115
103
91
92
80
81
69
70
58
57
45
33
21
20
19
31
32
44
43
42
30
18
6
5
17
29
41
53
65
64
52
40
28
16
15
14
13
1
2
3
4
5
6
7
8
7
19
18
30
29
17
16
4
3
15
14
2
1
13
25
26
38
39
27
28
40
52
51
50
62
63
64
76
88
89
77
65
53
41
42
54
66
67
55
56
44
43
31
32
20
8
9
10
9
21
33
34
22
23
11
12
24
36
35
47
46
47
48
60
59
71
70
82
83
95
107
106
118
130
131
119
120
132
144
143
142
141
140
128
129
117
105
106
94
93
92
104
116
115
103
102
114
113
112
100
99
111
110
98
86
74
73
85
97
109
121
133
134
122
123
124
125
48
71
40
4
95
83
83
5
55
66
132
138
140
75
46
78
19
130
134
36
93
96
6
62
1
136
124
43
45
8
144
50
71
49
133
96
57
131
121
103
67
26
52
16
56
60
134
84
7
2
114
117
122
111
94
136
69
24
92
12
50
72
82
67
33
90
20
129
118
108
90
107
21
135
73
38
30
123
87
65
15
9
128
39
104
92
27
143
132
142
26
122
16
21
35
111
125
115
34
112
86
58
52
81
70
17
47
14
18
18
36
45
110
80
135
116
68
13
79
72
87
68
22
55
53
91
40
112
6
60
94
121
98
51
41
47
19
15
59
99
10
131
117
95
138
28
109
127
64
102
3
37
124
37
30
102
66
101
3
54
44
22
142
143
113
32
91
51
31
35
120
105
11
97
69
81
4
86
130
49
20
73
59
141
89
57
116
31
120
41
88
103
10
23
33
93
133
137
85
8
119
65
89
17
84
63
97
54
139
43
78
144
119
7
62
24
129
99
125
118
25
76
64
5
107
58
110
140
126
23
39
76
61
106
77
12
123
48
42
2
53
101
63
113
11
70
105
127
28
104
74
80
98
79
44
82
77
61
109
9
13
126
56
115
75
29
108
32
100
88
14
38
85
100
29
74
25
137
141
106
1
34
139
128
114
27
46
42
69
69
109
2
34
102
113
56
14
80
109
134
29
76
8
121
24
119
2
66
79
6
112
89
127
134
111
9
67
64
7
100
96
57
142
68
136
113
141
33
118
26
21
126
106
16
36
97
135
125
17
3
141
32
72
125
101
131
144
97
73
114
90
20
36
47
45
51
132
140
105
62
138
130
71
117
123
118
116
110
99
41
4
78
104
82
17
54
126
135
12
104
140
30
12
133
85
84
114
19
52
88
50
24
4
78
142
16
103
60
44
95
86
131
108
19
92
108
122
76
65
98
105
103
129
53
93
143
77
138
70
22
45
41
31
70
120
20
31
129
82
73
63
88
38
5
54
27
35
94
136
46
28
55
18
119
1
139
9
139
13
124
112
100
61
43
123
92
98
65
42
35
59
49
83
56
29
40
74
34
68
116
63
144
122
143
64
46
121
74
48
28
110
11
127
57
87
91
38
27
53
39
50
96
72
111
59
58
86
13
99
10
42
21
81
11
30
47
130
83
85
37
117
25
79
5
90
60
120
10
62
128
91
77
84
106
44
7
51
23
48
128
43
58
61
80
115
40
66
101
81
33
89
55
107
39
67
32
133
93
49
25
52
15
15
37
132
1
75
137
115
71
14
22
75
102
6
95
87
8
18
94
124
107
26
3
23
137
144
132
120
108
107
95
96
84
72
60
48
36
24
12
11
23
22
10
9
21
33
45
44
56
57
69
70
82
81
80
79
91
103
102
114
115
116
128
129
117
118
130
131
143
142
141
140
139
138
137
125
124
136
135
134
133
121
109
97
98
110
122
123
111
99
100
88
89
77
65
64
76
75
87
86
74
62
50
38
37
49
61
73
85
97
109
110
111
112
113
101
100
112
113
114
126
127
115
103
104
105
93
92
80
68
67
55
54
66
78
90
91
92
104
116
117
105
106
94
93
81
82
83
71
59
58
46
47
35
34
33
32
20
8
7
19
18
6
5
17
16
4
3
15
14
2
1
13
25
26
27
39
51
52
40
41
42
43
31
30
29
28
27
39
40
52
53
41
42
43
44
32
20
8
7
6
18
19
31
30
29
28
16
17
5
4
3
15
14
2
1
13
25
26
38
37
49
50
51
63
64
63
75
74
62
61
73
85
86
98
99
87
88
76
77
89
101
102
90
78
79
67
66
65
53
54
55
56
68
69
70
71
83
95
94
106
118
119
107
119
131
130
129
128
127
126
125
124
123
122
121
133
134
135
136
137
138
139
140
141
142
143
144
132
120
108
96
84
72
60
59
47
48
36
35
23
24
12
11
10
9
21
22
34
46
45
57
58
12
11
23
35
34
22
10
9
8
20
19
7
6
18
30
29
17
5
4
16
28
27
26
14
15
3
2
1
13
25
37
49
50
62
63
51
52
40
41
42
54
55
67
68
56
44
43
31
32
33
45
46
47
59
60
48
36
24
12
11
10
22
21
33
45
57
58
70
69
81
82
83
95
96
84
72
71
70
82
94
93
105
106
118
130
131
119
107
108
120
132
144
143
142
141
129
128
140
139
138
137
125
126
127
115
114
102
101
100
99
111
123
135
136
124
112
113
114
115
116
117
105
104
103
91
92
80
79
78
66
65
64
76
77
89
90
102
101
113
112
111
110
122
134
133
121
109
97
85
73
61
49
37
38
39
40
28
29
41
53
52
64
63
75
74
86
87
88
100
99
98
86
98
110
122
134
133
121
109
97
85
73
61
62
74
75
87
88
76
77
89
90
78
79
91
103
104
92
80
68
69
81
93
94
106
118
117
116
128
127
126
125
124
123
135
136
137
138
139
140
141
129
130
142
143
144
132
131
119
120
108
107
95
96
84
83
71
72
60
59
47
48
36
24
23
35
34
46
58
57
56
55
67
66
65
53
54
42
30
18
19
31
43
44
32
20
21
9
8
7
6
5
17
16
4
3
15
14
2
1
13
25
26
27
39
51
50
38
47
114
132
99
59
64
22
69
53
123
82
93
42
39
138
105
87
69
111
103
73
46
4
79
129
104
7
106
125
3
17
139
126
139
52
65
26
104
80
6
32
48
8
121
31
114
77
37
92
120
85
124
33
118
120
70
84
143
50
12
115
85
74
11
16
76
91
84
41
136
81
96
45
31
77
61
88
90
78
58
113
47
127
53
9
8
55
20
72
19
44
143
142
11
112
38
16
144
122
4
87
115
89
6
7
97
2
101
89
117
71
78
63
61
29
86
103
121
10
63
131
80
141
35
37
95
124
28
60
39
33
138
46
102
14
35
26
135
140
81
44
20
135
134
107
68
123
17
118
109
34
23
49
54
21
1
110
116
129
113
68
132
137
117
65
76
86
75
18
55
24
128
52
128
107
110
41
32
119
94
49
15
116
95
57
62
105
5
30
130
22
125
97
70
75
99
134
79
36
23
67
108
127
98
109
10
133
111
29
19
36
142
27
42
54
102
96
56
98
2
57
62
50
28
64
101
25
18
48
27
141
56
140
106
1
30
108
100
60
100
25
43
34
126
93
45
92
40
122
91
66
136
66
133
24
9
58
13
83
144
14
130
12
73
21
119
72
94
83
43
51
13
131
3
74
67
82
5
59
88
137
71
38
112
15
90
51
40
49
32
140
119
75
28
50
23
122
38
21
127
12
42
111
124
126
82
27
112
46
71
1
28
9
133
81
128
62
61
23
99
130
43
110
105
143
141
129
113
125
33
77
37
52
58
83
19
70
14
117
130
136
22
64
96
7
80
71
138
101
43
60
30
132
59
89
72
122
12
60
144
15
8
54
142
13
6
40
22
40
140
96
34
107
67
8
136
133
15
59
120
4
35
69
30
103
64
20
63
3
45
84
57
106
137
50
75
135
26
58
65
92
44
139
115
25
2
36
41
105
66
29
55
45
90
68
10
74
90
54
101
118
18
37
63
109
57
47
3
31
24
111
51
100
138
11
76
79
107
104
2
14
82
114
114
53
81
137
62
25
72
118
85
48
39
21
27
41
5
103
52
129
86
119
123
16
66
106
109
17
131
116
87
87
78
36
126
92
115
102
121
67
56
10
73
131
5
93
42
86
142
31
88
9
139
73
125
38
53
56
48
108
102
98
99
123
94
34
16
13
26
120
20
110
91
83
104
18
94
24
98
141
44
77
65
19
47
135
1
69
89
91
4
100
112
95
35
46
32
74
108
6
121
88
70
17
78
79
80
127
39
134
143
29
124
61
95
144
68
84
132
113
93
116
85
128
76
55
97
97
117
33
51
134
11
7
49
12
24
36
35
23
22
21
9
10
11
12
24
36
48
60
72
84
96
95
83
82
81
93
92
104
105
117
118
119
120
108
107
106
94
93
81
69
70
58
59
47
46
34
33
32
20
19
31
43
44
56
57
45
44
32
31
30
29
17
18
6
5
4
3
15
14
26
27
28
16
4
3
2
1
13
25
37
49
50
62
63
64
76
77
89
88
87
75
74
73
61
49
37
38
39
51
52
40
41
53
54
66
78
79
80
68
67
55
43
42
54
55
56
68
67
66
65
77
78
90
102
103
115
127
128
116
104
105
117
129
130
131
132
144
143
142
141
140
139
138
126
114
113
101
100
112
111
99
98
110
122
134
133
121
109
97
85
86
87
88
89
101
100
99
111
123
135
136
137
125
124
123
122
110
109
121
133
134
135
136
124
125
137
138
126
127
139
140
141
142
143
144
132
120
108
107
95
96
84
72
71
59
60
48
47
35
23
11
10
9
8
7
8
7
6
5
17
16
15
14
2
1
13
25
26
38
50
51
63
62
61
73
85
97
98
86
74
75
76
64
65
53
52
40
39
27
28
29
41
42
30
18
19
20
21
22
34
33
45
46
58
57
69
70
71
83
82
94
106
118
119
131
130
129
128
116
115
103
91
79
80
92
91
90
102
114
113
112
133
134
135
123
122
110
98
97
109
121
133
134
135
136
137
138
139
140
128
127
115
103
104
92
93
105
106
118
130
142
141
129
117
116
104
103
102
114
113
125
124
112
111
99
87
86
74
75
76
88
89
101
100
88
87
75
63
51
50
62
61
49
37
25
26
14
15
27
39
38
37
25
13
1
2
3
4
5
17
18
30
42
43
55
56
44
32
31
19
7
6
5
4
16
28
29
41
40
52
53
65
66
67
79
91
90
78
77
76
64
65
77
89
90
78
66
54
55
67
68
69
81
82
83
95
94
93
105
106
107
119
131
143
144
132
120
108
96
84
72
71
70
58
57
45
46
34
33
21
22
23
24
12
11
10
9
8
20
32
44
56
57
45
33
34
35
36
48
60
59
47
35
23
22
10
11
12
24
36
48
47
59
60
72
71
83
84
96
108
120
132
144
143
142
141
129
128
140
139
138
126
125
137
136
124
123
122
121
109
97
85
73
85
73
61
49
50
38
26
14
13
1
2
3
15
16
17
29
30
18
6
7
8
9
21
20
19
31
43
42
54
53
41
40
28
27
39
51
52
64
63
62
74
86
98
110
111
99
100
112
113
101
102
114
126
127
115
116
117
118
130
131
119
107
95
94
82
81
80
79
91
92
80
68
69
70
58
46
128
3
116
101
130
21
56
80
33
49
24
132
106
65
92
132
70
46
76
125
108
79
106
131
48
42
18
68
71
29
122
83
66
48
75
82
126
40
22
100
83
93
98
139
121
124
134
23
105
96
2
113
16
63
86
49
125
26
71
52
114
66
51
65
38
44
73
28
61
9
80
74
119
110
95
103
6
102
88
11
5
141
69
55
25
3
55
133
20
114
32
107
81
97
45
142
72
54
10
15
57
64
91
69
134
58
32
60
23
58
47
117
115
26
133
142
33
107
135
136
41
29
94
62
36
5
34
89
135
14
118
90
88
109
121
75
16
37
35
46
62
9
95
124
127
59
139
52
122
109
127
79
96
40
130
128
116
74
73
45
60
111
113
70
77
118
72
31
87
30
10
39
81
120
82
143
31
12
77
43
104
64
141
19
90
42
140
123
7
99
39
63
84
99
22
30
25
27
104
12
120
67
13
97
14
136
53
34
4
126
24
50
101
36
112
8
138
6
86
137
68
4
105
98
19
59
92
51
144
78
35
17
85
1
47
21
27
76
57
78
123
61
129
18
38
103
8
100
89
131
50
117
110
115
93
43
87
67
53
1
28
41
11
44
20
15
7
102
56
140
85
91
119
112
13
138
143
94
137
144
111
37
2
54
108
129
17
84
73
78
2
44
4
65
81
137
130
107
121
92
28
109
71
9
23
2
86
93
144
128
48
140
6
134
120
115
66
138
128
126
47
62
52
47
37
69
60
18
100
113
122
55
17
91
51
7
25
27
82
102
53
1
115
75
59
55
80
143
63
85
74
81
134
33
38
110
21
8
34
89
118
117
42
35
16
35
73
64
131
43
13
53
100
37
127
111
6
139
91
114
96
133
75
24
121
79
98
43
44
142
9
131
132
140
106
16
84
31
136
67
80
23
49
76
97
32
33
36
28
41
8
119
113
114
112
21
70
87
72
83
38
142
101
90
54
20
123
101
36
68
87
103
109
26
76
24
124
50
57
25
26
105
58
17
32
102
127
67
107
58
125
105
118
129
30
22
143
95
79
108
46
68
89
123
15
82
97
31
106
42
56
141
136
3
27
98
11
94
40
46
103
139
19
41
52
12
45
84
69
39
5
39
48
141
29
117
92
63
99
72
11
71
56
14
40
93
108
86
70
137
45
15
111
34
120
96
135
61
90
13
62
65
18
110
5
112
135
12
77
10
104
10
95
61
83
4
54
77
116
66
50
60
129
22
116
138
104
133
7
85
57
122
29
88
30
51
88
99
144
125
126
124
94
74
64
20
78
3
119
1
132
14
130
49
19
59
