##Rat 6 Day 16
 ##rewards
83
94
16
##Vertices
4
130
114
26
53
65
11
9
14
138
15
3
100
28
49
128
100
106
97
96
121
58
25
20
72
6
99
96
120
13
78
47
84
61
30
118
42
90
98
62
26
54
95
122
91
138
101
88
125
103
106
73
144
114
15
23
56
49
129
133
118
77
48
55
75
69
109
12
123
71
97
139
136
38
76
68
50
104
2
62
93
44
84
116
144
68
43
134
85
103
71
78
50
66
142
127
72
57
88
46
37
16
29
108
64
113
57
104
41
107
34
86
40
132
9
37
14
67
36
25
8
7
117
132
99
93
20
32
141
82
87
94
111
34
101
13
10
24
42
67
110
47
30
90
31
61
137
140
24
109
3
119
121
59
29
60
79
10
98
11
74
17
143
22
73
137
108
131
63
21
52
45
16
81
112
105
22
31
21
131
143
56
48
89
102
63
28
4
18
75
44
59
74
80
66
142
51
6
119
5
111
18
82
77
117
124
102
8
134
94
46
45
85
17
23
83
110
65
60
87
33
140
128
38
36
1
126
33
105
43
124
7
19
51
54
92
86
136
55
53
70
69
5
125
76
39
122
127
2
89
70
12
123
113
135
58
112
133
130
95
79
92
35
1
39
27
80
40
64
129
32
141
139
107
115
120
35
135
115
83
91
41
52
19
126
81
27
116
142
30
142
10
59
65
47
8
44
141
38
7
101
53
7
84
84
21
128
41
104
120
77
26
126
44
106
50
78
16
29
135
95
56
97
125
56
144
42
60
140
90
124
25
129
100
45
36
10
40
48
75
112
46
89
37
131
82
121
132
63
6
99
134
118
39
88
20
6
34
75
27
103
91
64
119
133
63
140
117
72
67
119
136
9
109
83
48
39
5
57
134
99
59
80
143
15
113
123
1
22
41
61
109
111
13
61
72
12
32
127
96
107
69
123
58
66
25
69
101
137
43
9
52
107
131
38
95
130
36
82
110
113
92
83
58
124
114
27
18
26
91
108
98
2
78
50
31
129
108
71
76
139
11
87
139
19
55
94
122
77
62
126
118
96
47
12
102
54
105
87
114
22
43
5
125
14
93
115
13
73
81
79
132
35
121
65
34
49
111
21
74
94
46
23
29
64
98
70
20
55
143
54
88
24
93
16
67
68
135
17
45
74
23
115
24
85
102
133
49
71
18
32
81
122
73
138
92
17
79
68
110
57
138
53
60
117
3
89
136
37
106
116
35
70
76
137
66
128
90
52
40
11
100
141
85
112
31
28
80
42
144
28
51
15
2
3
51
8
120
19
127
103
62
86
14
33
4
4
97
105
33
86
116
104
1
30
130
133
134
135
136
124
125
137
138
139
140
141
142
143
144
132
131
119
120
108
107
106
105
93
92
104
103
115
114
102
90
78
77
76
64
63
75
87
86
98
99
111
110
122
121
109
97
85
73
61
49
50
38
37
25
13
1
2
3
4
16
15
14
26
27
28
40
41
53
54
55
43
42
30
29
17
18
19
20
21
9
8
7
6
5
4
3
15
27
39
51
52
40
39
51
63
62
74
75
76
88
100
101
89
90
91
79
80
68
67
66
65
77
89
88
87
99
100
112
113
101
102
114
126
127
128
116
117
129
130
118
106
94
95
96
84
83
71
72
60
59
47
48
36
35
23
24
12
11
10
22
34
33
32
44
45
57
69
81
82
70
58
46
34
33
45
44
56
57
69
81
93
94
95
96
84
72
71
83
82
70
58
46
47
59
60
48
36
35
23
24
12
11
10
22
21
9
8
20
32
31
43
31
30
18
19
7
6
5
17
16
28
29
41
42
54
53
52
64
65
66
78
79
67
55
56
68
80
92
91
103
115
127
126
125
113
112
111
123
124
123
122
110
98
86
74
62
50
38
26
14
2
1
13
25
37
49
61
73
85
97
109
121
133
134
135
136
137
138
139
140
128
129
141
142
130
131
143
144
132
120
108
107
119
118
117
105
104
116
12
11
10
22
34
46
47
59
71
83
84
72
60
48
36
35
23
24
36
48
60
72
71
70
58
57
69
68
80
79
91
90
89
77
65
66
67
55
43
31
30
29
17
18
6
5
4
3
15
27
28
16
4
5
6
7
8
9
21
33
32
20
19
31
32
44
45
57
56
68
67
79
78
90
102
103
104
105
93
94
95
107
106
118
119
131
130
129
141
140
128
116
115
127
139
138
126
125
113
101
100
112
111
110
109
121
133
134
122
123
135
136
137
138
139
140
141
142
143
144
132
120
108
96
84
83
82
81
80
92
91
103
102
114
113
101
100
99
98
86
74
75
87
88
76
64
63
62
61
49
50
51
52
53
54
42
41
40
39
38
26
14
2
1
13
25
37
49
61
73
85
73
74
62
63
51
50
38
37
25
26
14
13
1
2
3
15
16
28
27
39
40
41
29
17
18
30
42
43
44
56
55
54
53
52
64
65
66
78
77
89
88
76
75
87
86
85
97
109
97
98
99
111
110
122
121
133
134
135
123
124
112
124
136
137
125
126
114
115
127
128
129
117
118
119
131
130
142
143
144
132
120
108
96
95
107
106
105
117
116
104
92
93
94
82
81
69
70
58
46
45
33
34
22
21
20
19
7
8
9
10
11
12
24
23
35
47
59
42
63
17
17
5
90
60
26
121
120
107
96
131
123
50
99
79
82
72
22
22
27
121
118
143
62
58
129
128
39
94
87
23
13
34
77
70
128
76
89
47
109
101
10
131
54
118
75
12
23
4
144
124
87
117
91
61
15
77
119
99
30
38
117
113
6
59
134
4
86
66
61
116
37
11
96
49
43
50
52
8
104
85
103
29
143
19
97
69
144
139
35
12
76
18
116
122
92
138
36
2
14
38
108
7
68
110
102
56
1
68
46
124
83
21
108
127
6
74
95
56
89
100
133
84
37
24
82
135
91
115
97
18
104
136
112
41
139
20
119
136
51
81
132
103
85
40
88
55
141
138
107
55
2
106
105
140
135
132
14
120
111
43
134
42
24
20
69
81
73
70
36
3
19
39
26
113
114
64
9
114
10
13
44
105
67
47
93
51
111
63
28
109
65
110
88
7
72
74
1
78
75
27
9
41
40
60
44
48
65
86
33
83
35
100
125
122
137
112
78
25
45
59
49
98
11
15
29
33
129
71
48
93
90
101
125
16
66
31
54
64
25
8
142
52
80
127
34
130
21
115
142
28
62
126
53
106
53
45
140
16
84
126
98
67
57
71
32
133
95
92
5
31
58
123
32
137
30
130
79
102
3
141
94
57
80
46
73
90
4
13
20
4
13
71
133
75
28
140
74
27
100
29
55
37
138
118
34
107
131
126
45
136
25
50
136
132
68
44
41
16
92
69
56
60
26
12
122
127
11
15
10
52
2
96
112
36
93
103
133
60
66
69
54
76
98
65
1
107
101
6
111
62
134
18
81
5
87
79
15
76
22
105
14
115
7
103
11
114
108
119
84
37
34
130
51
77
135
67
8
39
94
121
55
117
115
41
23
56
59
17
129
21
63
141
140
70
117
31
42
62
97
123
20
47
19
124
9
116
88
16
24
91
61
144
123
43
82
113
79
5
52
59
48
85
30
114
53
93
12
128
83
113
142
35
87
137
120
139
102
80
45
83
35
77
73
143
72
85
50
49
122
49
8
129
101
66
71
57
90
58
25
21
3
63
47
78
67
54
95
96
110
104
26
110
100
64
86
131
84
138
75
88
72
6
58
104
78
51
135
14
38
40
144
19
120
130
29
106
3
89
86
105
23
126
127
116
108
89
61
32
91
53
119
118
40
132
31
134
7
46
28
70
141
137
57
27
10
124
109
98
80
109
39
82
106
18
42
142
48
64
46
125
24
36
68
99
97
44
95
1
125
22
30
33
143
99
38
43
111
139
9
112
17
81
94
73
92
128
74
121
2
102
65
33
32
1
2
3
4
16
17
5
6
7
8
9
10
11
12
24
23
35
36
48
47
46
45
57
56
44
43
31
30
42
54
66
65
64
76
75
63
51
50
38
39
27
26
14
13
25
37
49
61
73
85
86
98
97
109
121
133
134
135
136
124
123
122
110
111
112
100
101
89
90
91
103
102
114
113
125
126
127
128
129
141
140
139
138
137
136
135
123
111
99
87
88
100
99
87
75
74
62
63
64
52
40
41
53
54
55
67
68
80
79
78
77
65
53
52
51
39
40
28
29
41
42
30
18
19
20
32
33
21
22
34
46
58
59
60
72
71
83
84
96
95
107
108
120
119
131
132
144
143
142
130
118
117
116
104
105
93
81
69
70
82
94
106
118
117
105
104
92
93
81
69
57
58
59
60
72
84
83
71
70
82
94
106
107
95
96
108
120
119
131
132
144
143
142
130
129
141
140
128
116
115
103
115
114
126
127
139
138
137
125
124
112
113
101
102
90
89
88
76
77
78
66
67
79
91
92
80
68
56
55
43
31
19
18
17
29
28
27
15
16
15
14
26
38
50
62
74
86
98
110
122
134
133
121
109
97
85
73
61
49
37
25
13
1
2
3
4
5
6
7
8
20
21
9
10
22
23
11
12
24
36
48
47
35
34
33
45
44
32
144
132
131
130
118
119
120
108
96
95
83
84
72
71
70
58
59
60
48
47
46
34
22
23
35
36
24
12
11
10
9
8
20
19
31
32
44
45
57
69
68
80
79
91
92
93
81
82
94
106
105
117
129
128
140
141
142
143
144
132
120
119
107
106
105
104
116
115
103
102
114
126
125
137
138
139
127
115
114
113
101
100
112
111
110
122
123
124
136
135
134
133
121
109
97
98
86
85
73
61
49
50
62
74
75
63
64
52
40
28
27
26
25
37
38
39
51
63
75
87
99
100
88
76
77
89
90
78
66
67
55
43
42
54
53
65
64
52
51
39
27
15
14
13
1
2
3
4
5
6
7
8
9
21
33
45
46
58
57
56
44
43
31
30
18
17
29
41
40
28
16
17
16
15
14
13
1
2
3
4
5
6
7
19
18
30
29
41
42
54
53
65
66
78
77
76
88
89
90
91
103
102
101
113
112
111
99
87
86
74
62
50
38
26
25
37
49
61
73
85
97
98
110
109
121
133
134
122
123
135
136
124
125
137
138
126
127
139
140
128
129
141
142
143
131
130
118
117
116
104
92
80
79
67
55
56
68
69
70
71
83
82
81
93
94
95
107
108
96
84
72
60
59
47
48
36
35
23
24
12
11
10
22
34
33
32
20
21
16
33
5
63
80
109
69
86
35
93
88
84
61
22
102
137
126
30
93
51
43
105
123
81
47
11
29
89
112
134
41
72
47
57
22
67
117
82
75
94
3
36
1
65
118
89
90
100
82
41
33
73
130
127
79
68
23
121
140
6
40
117
119
87
139
7
104
99
44
127
95
79
2
49
55
8
3
61
141
21
132
44
97
24
135
28
73
18
96
43
115
133
26
135
133
110
13
76
12
83
128
25
37
124
121
7
2
122
15
1
106
36
92
57
119
106
144
137
9
40
54
86
38
113
125
50
104
10
72
78
17
31
97
13
12
99
98
31
125
139
115
83
111
143
107
129
64
144
123
19
51
81
37
140
53
143
128
116
130
63
136
112
75
39
64
16
5
42
8
88
59
71
23
25
60
34
52
108
15
45
29
138
20
50
42
87
21
105
107
14
132
27
111
27
24
95
67
69
62
45
26
76
52
126
68
142
32
129
124
53
17
48
66
38
70
74
49
77
136
134
96
32
14
71
108
58
91
92
20
39
102
109
34
11
142
98
110
55
101
56
18
30
120
101
120
84
113
28
80
131
85
103
91
56
59
66
35
138
114
141
60
48
9
54
6
103
19
4
118
85
114
10
90
62
78
131
65
116
46
58
46
74
4
100
94
70
77
122
103
35
85
8
62
6
59
40
129
119
141
120
2
65
7
109
39
76
16
62
50
65
135
34
75
9
61
122
58
127
4
95
23
106
101
126
125
10
13
47
1
80
51
14
144
45
88
116
18
76
20
71
48
15
23
111
2
121
49
122
142
88
78
32
45
55
44
33
110
74
52
3
64
131
86
96
99
57
6
81
67
108
102
127
106
71
7
90
28
95
128
22
50
53
46
43
68
107
54
136
77
12
37
5
123
112
52
9
118
14
129
114
4
130
24
38
90
36
130
63
34
77
43
92
67
126
113
134
59
63
54
26
42
137
36
70
48
98
108
17
131
114
91
58
73
66
102
70
140
17
89
19
91
105
30
39
120
124
21
104
47
60
134
89
82
29
100
83
11
31
81
15
33
19
25
86
118
49
133
40
21
136
139
142
27
32
121
119
105
1
103
113
94
25
97
66
11
116
35
117
125
37
64
115
135
73
16
46
56
74
144
82
31
72
101
27
24
3
143
138
75
132
79
41
57
68
69
99
117
110
112
97
42
93
85
12
55
41
28
30
141
128
80
10
72
53
104
137
84
18
29
38
124
93
60
44
132
20
5
109
56
51
84
8
92
123
22
78
115
138
87
83
111
87
26
98
79
61
69
133
96
143
100
94
13
139
140
107
1
13
14
15
27
26
25
37
49
50
62
61
73
74
75
87
86
85
97
98
99
111
123
122
110
109
121
133
134
135
136
137
125
126
114
113
101
100
88
76
77
65
66
54
53
52
64
63
51
39
40
28
16
17
5
4
3
2
1
13
25
26
38
39
40
41
29
30
42
43
31
19
20
8
7
6
18
30
31
32
44
45
33
34
35
23
22
21
9
10
11
12
24
36
48
47
59
60
72
84
96
95
83
71
70
82
81
93
105
117
118
119
120
108
107
106
94
82
70
58
46
45
57
69
68
56
55
67
79
78
90
102
103
91
92
80
81
93
94
106
118
130
131
132
144
143
142
141
140
139
138
137
136
124
112
100
99
87
88
89
101
102
114
115
127
128
116
104
105
117
129
128
129
130
131
132
144
143
142
141
140
139
138
126
127
115
116
104
103
91
92
80
79
67
68
69
57
56
55
54
42
43
44
32
33
34
46
58
59
71
83
95
107
119
120
108
96
84
72
60
48
47
35
36
24
12
11
23
22
10
9
21
20
8
7
19
18
6
5
17
16
4
3
2
14
15
27
28
29
41
53
65
66
78
90
89
77
76
75
74
62
63
64
52
51
50
38
37
49
61
73
85
86
98
97
109
110
122
121
133
134
135
123
111
112
113
125
124
133
134
135
136
137
125
124
112
111
99
100
101
102
103
115
116
104
92
91
79
80
68
69
81
82
70
71
72
84
96
95
83
82
94
93
105
117
129
128
140
141
142
143
144
132
131
119
120
108
107
106
118
130
142
141
140
139
127
126
114
113
112
111
123
122
110
109
97
85
73
74
75
87
88
89
77
78
90
91
92
93
94
106
105
104
103
102
101
100
99
98
86
85
73
61
62
63
64
65
53
41
29
28
40
39
38
37
25
13
14
15
27
26
25
37
49
50
51
52
40
28
16
4
5
6
18
30
42
54
55
56
57
58
59
60
48
36
24
12
11
10
9
21
20
8
7
19
31
43
44
45
33
32
44
45
46
34
22
23
35
47
46
34
33
32
31
43
55
67
66
54
53
65
66
67
68
56
57
58
70
69
81
80
79
78
90
89
88
87
86
74
75
76
77
76
64
52
51
63
62
61
49
50
38
39
27
26
14
15
3
2
1
13
1
2
3
4
5
17
16
17
29
41
42
30
18
6
7
19
20
8
9
21
22
10
11
12
24
23
35
36
48
47
59
60
72
71
83
84
96
95
107
108
120
132
144
143
131
119
118
130
129
117
116
128
127
115
114
113
125
126
138
139
138
137
136
124
123
135
134
122
110
98
97
109
121
133
121
