##Rat 5 Day 45
 ##rewards
74
87
21
##Vertices
133
121
122
134
135
123
124
136
137
125
113
112
100
101
102
114
126
138
139
140
128
127
115
116
117
118
106
107
95
94
93
92
91
103
104
105
117
129
141
142
130
131
143
144
132
120
108
96
84
72
71
83
82
81
80
68
67
66
65
77
76
64
52
40
41
42
54
55
43
31
32
44
45
33
21
20
8
9
10
11
12
24
23
22
34
46
47
35
36
48
60
59
58
57
56
68
69
70
82
81
69
70
58
57
56
55
43
42
30
18
17
16
15
14
26
38
37
49
50
62
63
51
39
27
28
29
41
53
52
40
28
29
30
31
19
7
6
5
4
3
2
1
13
25
37
49
61
73
85
86
74
75
87
99
111
110
109
97
98
99
111
112
113
114
102
90
89
88
87
75
63
51
39
38
50
62
61
73
74
86
85
97
98
110
109
121
133
134
122
123
135
136
124
125
137
138
126
127
139
140
128
116
115
103
91
90
78
66
54
53
65
64
76
88
100
101
89
77
78
79
67
79
80
92
104
105
93
94
106
118
119
107
119
131
130
129
141
142
143
144
132
120
108
96
95
83
84
72
71
59
60
48
47
35
36
24
12
11
23
22
10
9
21
33
34
46
45
44
32
20
8
7
19
18
6
5
17
16
4
3
15
14
2
1
13
25
26
27
144
143
131
132
120
119
107
108
96
95
94
106
105
93
81
82
83
84
72
60
59
71
70
58
46
34
33
21
20
32
44
56
68
69
57
45
46
47
48
36
35
23
24
12
11
10
9
8
7
6
18
19
31
43
55
54
66
78
90
91
103
102
101
100
88
76
77
65
64
63
51
52
40
39
38
50
49
37
25
13
1
2
14
26
27
28
16
15
3
4
5
17
29
41
53
54
42
30
31
43
42
30
29
41
53
65
64
76
75
74
86
98
110
122
123
124
136
137
125
126
114
113
112
111
99
87
88
89
101
100
99
87
75
63
62
61
73
85
97
109
121
133
134
135
136
137
138
139
140
128
127
115
116
117
118
130
142
141
129
117
118
106
94
82
81
80
92
104
116
115
114
113
112
124
125
126
138
139
127
128
140
141
129
130
142
143
144
132
131
119
120
108
107
95
96
84
83
71
72
60
59
58
70
69
68
80
79
78
77
89
90
102
103
104
105
93
92
91
79
67
66
67
55
56
57
45
44
32
33
34
22
21
22
23
35
47
48
36
24
12
11
10
9
8
20
19
7
6
18
17
5
4
16
15
3
2
1
13
14
26
25
37
38
39
27
28
40
52
51
50
49
61
62
74
73
85
86
98
97
109
110
122
121
133
134
135
123
111
122
128
91
135
22
38
76
41
135
39
48
89
76
74
26
8
112
57
69
14
130
18
24
12
94
56
51
96
87
124
65
21
72
30
80
47
65
85
67
103
68
120
52
7
106
115
109
62
19
105
29
4
95
50
96
113
10
7
106
116
9
12
81
121
70
2
45
127
60
93
53
126
97
137
35
4
123
98
92
104
16
13
75
141
142
44
47
137
88
103
40
92
20
8
73
105
45
113
51
33
93
50
133
115
69
123
136
136
32
119
84
71
100
68
89
73
34
101
90
32
41
88
138
26
97
134
140
78
22
82
62
138
121
99
25
90
118
109
57
9
20
77
46
27
3
67
91
79
95
6
122
16
40
17
143
44
1
80
34
87
23
53
114
33
82
48
27
6
31
79
49
141
130
119
1
5
111
54
129
134
120
140
42
114
117
86
18
14
15
35
60
77
55
127
66
104
13
56
84
37
2
70
30
101
31
98
28
102
58
42
59
58
124
11
102
94
107
72
125
66
133
139
49
108
3
143
132
52
118
25
64
54
10
37
78
63
61
128
63
144
5
55
129
28
43
132
21
110
71
86
17
117
64
107
125
81
126
75
11
131
110
142
112
74
36
131
19
24
36
39
116
108
139
85
46
99
23
15
38
61
144
83
43
83
111
29
59
100
1
138
85
99
15
103
129
94
24
143
97
78
131
73
42
96
51
82
58
80
1
103
10
88
15
136
20
52
61
99
56
73
49
76
33
32
91
36
66
67
106
53
28
131
65
44
112
76
74
112
27
123
141
54
122
24
79
89
118
50
70
142
48
107
9
105
57
8
71
140
29
29
68
130
37
115
137
121
33
47
137
82
113
97
133
70
138
91
22
101
51
22
64
120
135
42
19
25
85
143
75
101
7
63
81
59
57
64
55
35
109
75
72
117
36
21
92
140
54
102
144
11
17
65
11
23
46
19
68
53
13
127
63
144
4
130
69
27
46
118
132
2
66
39
84
135
14
18
116
124
93
25
69
108
16
114
74
12
80
45
125
105
141
123
5
126
60
111
56
9
110
108
106
109
139
86
61
77
84
50
34
71
133
62
102
30
92
37
93
104
32
8
17
94
110
134
87
41
6
43
95
6
26
89
83
40
12
121
43
47
34
79
104
96
88
86
5
111
60
134
55
67
107
120
48
13
115
113
78
83
125
114
45
30
98
116
139
10
81
40
26
39
4
31
119
2
127
90
87
38
35
119
23
7
126
95
3
31
77
28
14
98
21
44
122
41
90
128
38
16
3
59
100
52
142
72
20
117
58
128
136
129
62
132
18
124
49
100
12
11
10
9
21
22
34
35
23
24
36
48
60
72
71
59
58
46
47
48
60
59
58
70
82
83
95
94
106
107
108
96
84
72
71
70
69
81
80
79
67
55
43
42
30
29
41
40
28
27
39
38
26
14
15
3
2
1
13
25
37
49
61
73
85
97
109
121
133
134
135
123
122
110
111
112
100
101
102
90
89
77
65
53
54
66
78
77
76
88
87
86
98
99
87
75
63
51
52
64
76
75
74
62
50
49
37
38
39
27
28
16
4
5
6
18
17
29
30
31
32
20
8
7
19
31
43
44
45
57
56
68
69
81
93
92
91
103
115
114
126
127
139
140
128
116
104
105
117
129
141
142
130
131
119
120
132
144
143
142
141
140
139
138
137
125
113
114
102
90
78
66
65
53
54
42
41
40
52
64
63
51
50
62
61
73
74
86
85
97
98
99
100
88
89
101
113
125
124
136
135
134
133
121
109
110
122
123
111
112
124
136
137
138
126
127
128
116
115
103
104
105
117
129
130
118
106
118
119
131
143
144
132
120
108
107
95
96
84
83
82
94
93
92
91
79
80
68
67
55
56
57
45
46
47
35
36
24
12
11
23
22
10
9
8
7
6
5
4
3
2
1
13
25
26
14
15
16
17
18
19
20
21
33
34
33
32
44
1
13
25
37
38
26
27
15
14
2
3
4
5
6
18
17
29
28
16
4
5
17
29
30
31
19
20
32
33
21
9
8
7
6
18
30
42
43
55
67
66
65
64
76
75
87
88
100
99
111
112
124
123
122
110
109
121
133
134
135
136
137
138
139
140
141
142
143
144
132
120
119
131
130
118
106
105
93
81
80
92
91
90
89
77
78
79
91
103
104
116
128
129
117
116
115
114
113
101
102
103
115
127
126
125
137
136
124
112
111
99
98
97
85
73
74
86
87
75
63
51
50
49
61
62
63
64
52
40
41
53
54
42
43
44
56
68
69
70
82
83
71
72
60
59
58
57
45
46
47
48
36
35
23
22
10
11
12
24
36
48
60
72
84
96
95
94
82
81
80
79
78
90
89
77
76
88
100
101
102
114
113
125
126
138
139
127
128
140
141
129
117
105
104
92
93
94
95
107
108
120
132
144
143
142
130
131
119
118
106
107
108
96
84
83
71
59
58
70
69
57
45
46
47
35
34
33
34
22
23
24
12
11
10
9
21
20
8
7
19
31
32
44
56
68
67
55
54
66
65
53
41
40
28
16
15
3
2
1
13
14
26
25
37
49
61
73
85
97
109
121
133
134
135
123
122
110
98
86
74
62
50
38
39
27
39
51
52
76
134
60
90
11
30
24
63
106
3
74
119
69
91
23
5
30
17
8
70
7
29
37
14
48
80
27
116
56
26
132
5
64
4
54
118
130
45
140
136
2
69
28
11
57
107
86
43
91
20
130
51
81
79
6
83
78
32
31
66
35
121
72
62
39
126
12
61
82
53
88
123
114
64
63
131
129
71
125
124
62
1
101
87
27
84
105
28
71
114
95
86
32
58
143
65
94
77
15
40
106
140
132
119
104
16
93
42
113
14
78
67
89
94
13
134
96
121
108
20
59
98
117
93
108
129
117
9
109
104
36
141
99
8
135
12
18
128
55
49
95
6
59
144
38
144
65
33
98
135
36
13
29
88
122
127
10
72
66
37
44
1
74
53
100
120
101
16
39
118
45
137
85
138
9
116
139
100
115
107
75
143
83
124
110
51
133
58
7
141
76
26
111
21
54
19
137
139
4
46
142
92
105
25
38
73
15
142
2
102
24
18
80
126
31
60
22
125
123
47
75
89
3
34
136
42
46
112
112
85
96
68
21
73
79
41
55
19
52
97
111
133
138
81
110
47
92
57
22
33
103
70
23
97
109
50
122
120
77
56
131
35
41
82
61
102
113
44
90
68
67
34
17
103
43
127
10
40
99
52
84
128
87
50
115
49
25
48
34
100
110
1
112
116
31
85
10
106
19
2
90
56
87
48
32
106
128
139
88
136
132
62
46
49
4
101
51
69
64
79
62
113
21
119
108
34
27
98
33
81
26
140
70
72
13
136
138
131
95
144
30
121
58
122
72
45
96
134
132
93
60
63
55
45
83
6
75
52
116
128
108
82
51
103
37
9
24
115
41
11
76
35
107
121
130
74
110
86
134
114
122
37
47
80
125
135
117
89
119
104
111
8
10
124
103
68
36
111
135
20
53
141
35
7
115
18
42
29
28
143
15
131
130
31
41
18
137
12
87
55
88
84
126
56
137
39
40
66
140
79
16
98
20
139
105
129
59
126
125
90
142
7
3
38
112
1
109
138
61
25
49
15
129
143
83
47
46
12
97
42
118
8
58
91
23
43
101
16
120
36
80
104
133
13
30
69
71
133
61
73
38
14
95
92
22
5
6
100
54
102
17
57
78
27
19
74
92
64
82
117
48
21
67
142
14
141
23
81
85
84
57
65
4
86
32
11
144
99
68
91
96
3
40
65
70
118
102
2
127
52
71
26
113
78
114
50
93
22
75
94
77
63
105
127
39
73
124
25
59
43
29
123
33
76
24
17
120
67
94
28
107
50
99
77
66
60
53
109
5
89
54
97
9
44
123
44
133
121
122
123
111
99
100
112
113
125
137
136
135
134
133
121
109
97
98
110
109
97
85
73
61
49
37
25
13
1
2
3
15
14
26
27
39
38
50
62
63
51
52
64
65
77
78
66
54
55
56
68
67
79
80
81
82
94
95
83
71
72
84
96
108
107
106
118
117
129
128
127
115
116
104
105
93
92
91
103
102
101
89
90
102
114
126
138
139
140
141
142
130
131
119
120
132
144
143
142
141
140
139
138
137
136
124
125
113
101
100
88
87
75
76
64
52
53
41
29
17
5
6
18
30
31
43
44
32
33
45
57
58
46
47
35
23
22
10
11
12
24
36
48
60
59
58
70
69
81
93
92
91
90
89
77
65
53
54
42
41
40
28
16
4
5
6
7
8
20
19
31
32
33
45
57
69
68
80
79
78
66
67
55
56
44
43
42
30
29
28
40
39
51
63
75
76
88
87
99
111
112
124
123
135
134
122
110
98
86
74
86
85
73
74
62
61
49
50
38
37
25
13
1
2
14
26
27
15
3
4
16
17
18
19
7
8
20
21
9
21
9
10
22
34
46
34
35
23
11
12
24
36
48
47
59
60
72
84
83
71
70
82
94
95
107
119
118
106
105
117
116
104
103
115
114
126
127
128
129
130
131
143
144
132
120
108
96
1
2
14
26
27
28
40
39
51
50
49
37
25
13
1
2
3
4
16
15
3
4
5
6
7
8
9
10
11
12
24
36
35
23
22
34
33
21
20
19
31
32
44
43
55
54
66
67
68
80
92
91
79
78
90
102
114
113
125
126
127
139
138
137
136
124
112
111
99
98
86
74
75
87
88
100
101
89
77
76
64
52
53
65
64
63
62
61
73
85
97
109
110
122
123
135
134
133
121
109
97
85
73
61
49
37
38
50
51
52
40
41
29
30
42
43
44
56
57
58
59
60
72
71
70
82
81
93
94
106
105
104
116
117
129
130
131
119
120
132
144
143
142
141
140
128
116
115
103
102
101
89
77
65
53
54
55
56
68
69
57
45
46
47
48
60
72
84
96
95
83
82
94
106
105
104
103
91
90
78
66
67
79
80
92
93
81
69
70
58
46
45
33
32
31
30
42
41
29
28
27
39
38
26
25
13
14
15
16
17
18
17
5
6
18
19
7
8
20
21
9
10
11
12
24
23
22
34
35
36
48
47
59
71
83
84
96
95
107
108
107
108
120
119
118
117
118
130
131
132
144
143
142
141
129
128
140
139
138
126
127
115
114
113
125
124
123
111
112
100
99
87
88
76
75
63
62
74
86
98
110
122
121
133
134
135
136
137
99
116
8
117
127
16
117
133
56
77
136
121
25
54
144
21
3
118
66
129
122
59
103
52
92
33
5
14
87
8
61
4
46
47
75
100
48
22
109
26
72
10
68
32
139
27
37
112
99
130
60
108
85
26
45
60
49
109
101
55
105
130
75
22
2
16
119
30
50
65
80
138
53
42
32
134
96
120
20
104
54
55
34
7
114
140
36
111
71
28
120
36
29
94
92
126
58
42
122
101
116
84
45
15
84
35
127
79
87
95
139
43
40
90
102
131
140
18
18
110
70
78
129
4
9
49
73
103
6
107
107
115
102
91
105
51
74
6
30
124
125
3
108
100
69
112
76
97
23
61
50
41
93
114
141
39
24
98
10
86
7
132
57
104
83
19
86
12
81
96
142
63
9
141
37
78
136
137
12
68
13
35
67
82
71
57
48
17
142
80
70
135
11
79
144
82
21
58
47
33
110
85
43
72
73
1
24
119
113
11
83
63
131
65
128
52
5
64
31
128
2
111
77
38
64
123
66
106
51
14
67
25
143
133
46
88
44
59
27
123
31
20
34
95
113
91
89
74
56
134
38
28
138
137
69
40
90
62
89
39
135
13
115
132
97
106
126
29
124
15
93
44
94
143
76
62
17
19
41
121
23
98
1
125
88
118
81
53
25
79
4
53
28
36
111
29
90
138
54
26
124
1
140
78
30
99
41
65
100
82
46
111
100
16
27
107
106
93
106
70
105
40
2
30
24
110
48
51
82
127
89
35
125
34
94
47
28
64
57
43
62
104
117
136
58
19
68
23
137
118
7
141
131
142
137
38
61
71
54
95
122
126
114
32
12
56
127
37
104
142
60
101
95
59
49
47
18
46
90
91
107
29
121
89
13
42
5
31
129
27
84
58
18
52
14
139
92
99
115
84
91
42
124
9
79
60
2
17
140
13
101
10
50
1
88
63
39
3
45
94
103
113
126
51
83
92
78
122
131
53
49
33
135
144
33
61
115
80
85
132
8
45
67
11
38
72
81
36
10
67
16
20
21
21
52
113
26
98
55
120
128
117
68
41
75
77
132
133
143
93
116
55
6
130
130
31
77
125
70
119
6
109
87
123
43
69
120
121
24
143
76
57
138
109
76
128
87
85
63
39
69
44
15
4
136
59
129
22
96
12
35
96
80
133
144
105
108
8
19
135
37
97
74
112
25
141
34
114
7
5
66
9
22
81
102
17
72
119
48
108
98
74
65
66
88
112
14
103
71
73
86
20
86
83
110
3
123
11
118
134
134
64
75
15
23
56
97
62
139
32
73
116
102
44
40
50
