##Rat 1 Day 12
 ##rewards
19
32
98
##Vertices
78
26
14
13
61
6
87
118
108
7
3
58
113
138
40
131
94
102
144
140
48
21
82
48
133
129
19
142
83
42
33
83
101
72
23
113
43
22
127
75
12
67
50
75
105
100
36
96
65
127
86
15
68
25
92
2
66
132
119
34
42
135
24
44
61
116
103
86
18
96
52
41
4
19
68
43
110
29
88
60
56
63
54
35
17
17
1
137
53
45
121
135
99
60
65
120
53
46
114
8
115
54
32
131
58
128
107
10
133
28
46
67
7
98
69
112
11
132
105
142
39
94
33
110
143
116
143
47
59
85
115
95
69
30
102
9
74
76
93
122
82
126
13
23
84
123
25
79
55
72
90
2
104
71
24
114
5
4
9
36
144
5
119
139
126
122
136
62
108
130
88
56
99
81
134
64
81
57
125
128
136
31
73
8
29
77
20
63
73
37
123
20
49
37
85
112
57
140
109
111
28
3
92
109
27
97
134
74
64
49
51
21
106
101
32
77
90
89
62
138
40
107
79
84
70
38
55
111
124
22
52
121
80
1
30
10
26
78
124
141
87
120
18
27
125
95
103
98
6
91
66
76
59
141
91
35
70
31
16
104
118
129
50
71
45
139
14
39
16
41
89
93
51
130
11
100
106
34
80
12
97
117
137
38
44
47
117
15
90
67
122
47
116
47
24
119
14
21
121
94
64
48
141
112
115
97
35
102
51
69
120
86
136
94
75
63
30
121
52
102
37
27
124
103
136
55
19
109
22
134
97
141
9
98
59
43
48
128
27
38
71
137
90
7
96
101
23
110
61
57
91
45
68
105
14
122
82
65
33
124
139
13
62
101
4
42
5
12
70
8
89
143
93
84
11
18
24
16
17
8
105
107
50
135
1
108
79
32
20
1
15
55
63
89
127
59
58
118
78
43
140
32
22
86
6
109
113
26
73
123
44
31
31
107
88
35
123
66
54
30
40
77
132
76
74
56
131
67
52
134
137
126
80
34
77
114
46
142
28
40
16
128
72
78
82
17
81
66
19
72
83
96
95
85
41
49
133
68
29
125
87
28
20
138
126
42
130
46
144
70
130
34
98
117
129
61
76
135
58
104
99
108
39
85
18
38
4
64
62
115
104
39
26
132
127
140
114
56
142
80
74
111
91
138
93
84
51
3
13
81
110
2
7
99
144
25
6
9
44
88
113
2
106
129
54
95
100
106
5
50
119
57
103
41
33
36
120
10
69
87
83
65
139
29
15
112
49
10
92
23
60
60
75
53
12
73
100
37
25
3
133
71
125
143
117
116
53
79
21
11
92
36
111
131
118
45
144
132
120
108
107
119
118
130
131
143
142
141
140
139
127
128
116
117
129
141
140
128
116
115
114
126
125
113
112
124
136
137
138
139
127
115
103
102
90
78
79
80
81
69
70
58
57
45
46
34
33
21
22
23
35
36
24
12
11
10
9
8
7
6
5
4
3
2
1
13
25
26
14
15
27
39
40
52
64
65
53
54
55
56
68
67
66
54
42
41
29
17
16
28
29
30
31
32
44
43
42
30
18
19
20
8
9
21
33
34
46
47
48
60
72
71
59
58
70
82
94
95
96
84
83
82
81
93
105
104
92
91
103
102
101
89
77
76
75
63
62
74
73
85
86
87
88
100
99
98
97
109
110
122
123
135
134
133
121
109
97
85
73
61
49
50
51
63
64
65
66
67
55
56
68
69
57
45
44
43
31
32
20
19
7
6
18
17
5
4
16
28
40
41
53
52
51
50
38
37
25
13
1
2
3
15
14
26
27
39
38
37
49
61
62
74
86
87
75
76
88
100
99
98
110
111
112
111
123
122
121
133
134
135
136
124
125
137
138
126
114
113
101
89
77
78
90
91
79
80
92
104
105
117
129
130
142
143
144
132
131
119
120
108
96
84
72
60
48
36
24
12
11
10
22
23
35
47
59
71
83
95
107
106
118
106
94
93
12
11
10
9
21
22
34
35
23
24
36
48
60
72
71
59
58
46
47
48
60
59
58
70
82
83
95
94
106
107
108
96
84
72
71
70
69
81
80
79
67
55
43
42
30
29
41
40
28
27
39
38
26
14
15
3
2
1
13
25
37
49
61
73
85
97
109
121
133
134
135
123
122
110
111
112
100
101
102
90
89
77
65
53
54
66
78
77
76
88
87
86
98
99
87
75
63
51
52
64
76
75
74
62
50
49
37
38
39
27
28
16
4
5
6
18
17
29
30
31
32
20
8
7
19
31
43
44
45
57
56
68
69
81
93
92
91
103
115
114
126
127
139
140
128
116
104
105
117
129
141
142
130
131
119
120
132
144
143
142
141
140
139
138
137
125
113
114
102
90
78
66
65
53
54
42
41
40
52
64
63
51
50
62
61
73
74
86
85
97
98
99
100
88
89
101
113
125
124
136
135
134
133
121
109
110
122
123
111
112
124
136
137
138
126
127
128
116
115
103
104
105
117
129
130
118
106
118
119
131
143
144
132
120
108
107
95
96
84
83
82
94
93
92
91
79
80
68
67
55
56
57
45
46
47
35
36
24
12
11
23
22
10
9
8
7
6
5
4
3
2
1
13
25
26
14
15
16
17
18
19
20
21
33
34
33
32
44
88
89
133
98
23
137
136
83
46
18
5
138
128
4
111
131
39
82
125
142
114
139
68
31
73
86
113
115
53
11
6
3
47
36
91
119
53
125
95
64
120
8
50
93
71
133
79
23
16
54
124
47
140
14
25
90
74
143
85
144
57
102
71
134
26
110
22
110
75
126
80
52
105
93
21
20
24
127
90
96
139
1
85
118
12
40
109
37
135
75
69
106
120
33
111
33
38
138
12
70
101
4
129
40
18
42
44
49
3
7
17
55
134
128
89
98
34
104
61
96
97
94
113
21
132
43
73
91
84
122
8
59
66
51
68
87
123
135
131
79
119
9
88
30
2
67
77
70
28
27
13
7
43
80
63
67
76
48
76
19
72
10
9
52
63
25
82
5
121
74
54
65
44
35
35
29
50
99
137
24
97
49
45
130
38
62
140
99
92
100
129
46
13
11
48
31
28
34
108
117
124
127
112
6
62
10
72
61
32
41
58
81
107
114
55
101
143
27
65
36
69
26
106
122
45
87
94
109
102
51
123
92
81
56
104
95
19
136
103
78
56
37
77
78
58
39
64
141
42
117
107
66
121
20
2
116
112
30
1
130
118
126
116
105
16
132
15
144
41
103
60
14
57
115
141
100
60
142
84
108
32
29
59
86
15
83
22
17
123
144
64
101
77
78
90
32
47
58
113
99
88
19
94
30
57
44
124
83
95
118
56
128
43
136
55
135
132
112
143
20
73
1
61
89
121
91
133
129
53
76
71
116
70
141
68
111
50
82
49
7
10
40
115
14
27
102
98
107
67
66
13
124
28
100
76
81
107
114
50
22
60
82
121
60
10
81
104
14
48
116
79
113
123
127
51
87
30
53
8
138
101
126
111
21
120
7
32
23
96
35
55
105
80
93
63
2
8
54
133
134
65
47
25
86
70
119
36
67
17
125
122
143
57
138
12
106
75
4
132
106
109
54
126
86
59
46
41
85
142
23
118
58
39
56
127
96
69
45
2
103
29
80
66
98
120
37
6
110
117
41
44
49
72
141
5
48
69
3
40
128
99
24
38
109
9
94
93
136
104
85
110
108
1
33
130
112
11
18
33
74
28
39
71
37
22
92
102
77
83
139
119
117
26
65
114
115
35
16
89
38
78
129
122
137
15
52
15
140
4
142
21
36
97
63
91
131
45
61
25
9
144
74
51
135
5
62
34
24
34
29
13
95
17
73
87
27
79
11
97
134
52
84
26
43
137
100
64
72
6
18
131
68
130
31
105
59
90
108
16
20
19
92
84
88
42
62
31
75
12
46
140
125
3
42
103
139
1
2
14
26
27
28
40
39
51
50
49
37
25
13
1
2
3
4
16
15
3
4
5
6
7
8
9
10
11
12
24
36
35
23
22
34
33
21
20
19
31
32
44
43
55
54
66
67
68
80
92
91
79
78
90
102
114
113
125
126
127
139
138
137
136
124
112
111
99
98
86
74
75
87
88
100
101
89
77
76
64
52
53
65
64
63
62
61
73
85
97
109
110
122
123
135
134
133
121
109
97
85
73
61
49
37
38
50
51
52
40
41
29
30
42
43
44
56
57
58
59
60
72
71
70
82
81
93
94
106
105
104
116
117
129
130
131
119
120
132
144
143
142
141
140
128
116
115
103
102
101
89
77
65
53
54
55
56
68
69
57
45
46
47
48
60
72
84
96
95
83
82
94
106
105
104
103
91
90
78
66
67
79
80
92
93
81
69
70
58
46
45
33
32
31
30
42
41
29
28
27
39
38
26
25
13
14
15
16
17
18
17
5
6
18
19
7
8
20
21
9
10
11
12
24
23
22
34
35
36
48
47
59
71
83
84
96
95
107
108
107
108
120
119
118
117
118
130
131
132
144
143
142
141
129
128
140
139
138
126
127
115
114
113
125
124
123
111
112
100
99
87
88
76
75
63
62
74
86
98
110
122
121
133
134
135
136
137
133
121
122
123
111
99
100
112
113
125
137
136
135
134
133
121
109
97
98
110
109
97
85
73
61
49
37
25
13
1
2
3
15
14
26
27
39
38
50
62
63
51
52
64
65
77
78
66
54
55
56
68
67
79
80
81
82
94
95
83
71
72
84
96
108
107
106
118
117
129
128
127
115
116
104
105
93
92
91
103
102
101
89
90
102
114
126
138
139
140
141
142
130
131
119
120
132
144
143
142
141
140
139
138
137
136
124
125
113
101
100
88
87
75
76
64
52
53
41
29
17
5
6
18
30
31
43
44
32
33
45
57
58
46
47
35
23
22
10
11
12
24
36
48
60
59
58
70
69
81
93
92
91
90
89
77
65
53
54
42
41
40
28
16
4
5
6
7
8
20
19
31
32
33
45
57
69
68
80
79
78
66
67
55
56
44
43
42
30
29
28
40
39
51
63
75
76
88
87
99
111
112
124
123
135
134
122
110
98
86
74
86
85
73
74
62
61
49
50
38
37
25
13
1
2
14
26
27
15
3
4
16
17
18
19
7
8
20
21
9
21
9
10
22
34
46
34
35
23
11
12
24
36
48
47
59
60
72
84
83
71
70
82
94
95
107
119
118
106
105
117
116
104
103
115
114
126
127
128
129
130
131
143
144
132
120
108
96
78
132
129
100
38
114
129
123
121
105
126
97
30
70
115
45
108
33
83
84
122
52
51
24
11
119
49
49
107
74
141
120
3
5
124
86
19
35
48
21
37
13
21
47
18
115
44
116
64
107
120
2
102
92
12
46
27
103
95
7
39
93
131
136
118
92
130
104
69
101
90
69
59
113
71
53
105
23
66
144
68
22
95
98
89
53
34
79
41
138
134
139
121
11
73
139
77
112
58
27
52
106
8
72
143
9
94
55
38
46
144
20
79
78
51
112
88
119
75
28
36
84
76
4
82
65
50
81
75
39
30
25
110
43
4
77
101
109
76
133
31
124
111
13
116
114
98
25
10
34
110
57
65
71
36
91
99
141
17
8
43
54
17
3
74
133
16
14
26
6
128
9
106
142
14
7
90
64
96
22
131
61
128
62
60
73
33
134
35
67
126
111
88
86
12
81
87
85
45
59
50
89
97
93
91
125
140
28
1
29
140
15
123
41
37
18
117
5
99
96
127
103
31
138
61
26
135
108
48
44
24
117
57
87
142
54
63
56
83
66
72
60
127
2
63
58
47
16
135
143
23
132
94
80
125
113
82
19
40
122
85
80
104
130
67
42
10
70
42
6
100
1
118
29
55
68
56
20
62
137
15
136
32
40
32
137
102
109
49
4
101
67
58
2
68
117
137
105
113
82
121
74
48
25
62
124
142
131
70
84
125
89
51
54
50
43
7
94
121
98
58
66
47
116
128
143
101
20
73
108
40
86
106
51
112
78
100
44
78
36
6
132
95
64
127
102
83
29
54
5
57
55
32
138
34
8
96
83
17
122
20
135
105
40
45
96
42
16
134
33
118
31
111
60
11
25
73
109
21
10
93
28
97
12
43
136
116
39
138
95
97
80
110
84
89
72
3
77
18
91
109
74
38
93
47
52
76
17
134
144
63
61
139
129
30
75
88
13
141
14
81
110
19
103
14
90
108
36
137
50
19
140
45
112
130
124
98
99
23
125
133
85
129
26
64
63
53
56
12
106
128
11
87
24
117
15
88
139
87
27
60
123
16
41
46
140
65
23
120
42
62
46
4
122
7
1
59
76
10
104
123
86
32
82
35
132
18
79
104
37
66
99
69
13
15
126
27
80
118
22
142
77
107
56
92
1
9
113
114
119
48
133
67
52
22
72
9
59
92
21
115
28
70
71
114
102
131
8
2
91
130
49
143
6
35
120
71
68
126
39
37
111
38
69
57
85
3
135
127
26
53
144
24
29
90
103
79
136
119
34
5
94
44
107
31
61
33
81
141
65
41
75
115
30
55
100
144
143
131
119
118
106
94
93
92
104
116
115
127
139
140
128
129
141
142
130
118
117
105
106
107
108
96
84
83
71
72
60
59
58
46
47
35
23
22
10
9
21
20
8
7
19
18
30
31
43
42
41
29
17
16
4
3
15
27
28
40
39
51
50
38
37
49
61
62
63
64
76
75
74
73
85
86
98
97
109
110
122
123
135
134
133
121
109
97
85
73
61
49
37
25
26
14
13
1
2
3
4
5
6
7
8
9
10
11
12
24
36
48
60
72
84
96
95
83
82
70
69
57
45
33
34
22
21
20
32
44
56
68
80
81
69
68
67
66
78
79
91
103
102
90
89
88
87
99
100
101
113
125
137
136
124
112
111
110
98
86
74
62
50
51
52
53
65
77
78
90
89
101
113
114
126
125
137
138
139
138
126
127
115
114
102
103
91
79
67
66
65
77
76
88
100
112
124
136
135
134
133
121
122
123
111
99
87
75
63
64
52
40
39
38
26
25
13
1
2
14
15
27
28
16
17
5
6
18
19
31
43
42
30
29
41
53
54
55
54
55
56
57
58
46
45
44
32
33
34
35
23
11
12
24
36
48
47
59
71
70
82
94
93
81
80
92
104
105
117
116
128
140
141
129
130
142
143
144
132
131
119
120
132
120
108
107
95
12
24
23
22
34
33
32
44
56
57
58
70
71
72
60
59
47
48
36
35
34
46
45
33
21
9
8
7
19
18
6
5
17
29
28
16
15
14
26
25
37
38
50
49
61
62
74
75
63
64
76
88
87
86
98
97
109
110
111
99
100
112
113
125
124
136
137
138
126
114
102
103
115
127
139
140
128
129
141
142
130
131
119
120
132
144
143
142
141
140
139
138
137
136
135
123
122
134
133
121
109
97
85
73
61
49
37
25
13
1
2
3
4
5
6
7
8
20
19
31
30
42
41
40
39
27
26
38
50
51
52
53
54
55
43
42
54
66
78
79
67
68
69
81
80
92
104
116
117
105
93
94
95
96
108
107
106
118
130
129
128
127
126
125
113
101
89
90
91
79
80
92
93
94
82
83
95
96
84
72
84
83
71
70
82
81
69
68
67
66
78
90
91
103
104
105
106
107
108
120
132
144
143
131
119
118
117
116
115
114
102
101
100
112
124
123
135
134
133
121
122
110
111
99
98
86
85
73
74
62
63
64
76
75
87
88
89
77
65
77
65
53
41
29
28
40
52
51
39
27
15
14
13
1
2
3
4
16
17
18
30
31
32
44
43
55
56
57
45
46
58
59
60
48
47
35
36
24
12
11
23
22
10
11
10
9
21
20
