##Rat 3 Day 21
 ##rewards
127
116
38
##Vertices
144
132
131
130
142
141
140
139
127
115
103
91
90
78
77
89
88
87
75
76
64
65
66
54
53
41
29
30
18
6
7
8
9
10
22
34
46
58
59
60
48
47
35
23
24
12
11
10
9
21
20
19
31
43
42
41
40
28
27
39
38
50
62
74
73
61
49
37
25
26
14
13
1
2
3
4
5
17
16
15
27
28
29
30
42
43
44
32
33
45
57
69
68
80
79
67
55
56
44
45
57
58
70
82
94
95
83
71
72
84
96
108
107
119
120
108
96
95
94
106
118
117
116
128
129
141
140
139
138
126
114
102
101
100
112
111
123
135
136
124
125
137
136
135
134
133
121
122
110
109
97
85
86
98
99
87
75
63
51
52
64
76
88
89
77
78
79
80
81
93
105
104
105
93
92
104
92
91
90
102
103
115
116
117
118
106
107
119
120
132
131
143
144
143
142
130
129
128
127
126
138
137
125
113
114
113
101
100
112
124
123
122
134
133
121
109
110
111
99
98
97
85
86
74
73
61
49
50
62
63
51
52
40
39
38
37
25
26
14
13
1
2
3
15
16
4
5
17
18
6
7
8
20
19
31
32
33
21
22
23
11
12
24
36
48
36
35
34
46
47
59
60
72
84
83
71
70
82
81
69
68
67
66
65
53
54
55
56
133
134
122
110
109
97
85
73
61
49
37
25
26
38
39
40
52
53
41
29
30
18
6
7
8
20
21
9
10
22
23
11
12
24
36
48
47
46
45
57
56
44
32
33
34
35
36
48
60
59
58
70
69
68
67
55
43
42
54
66
65
64
76
75
63
51
50
62
74
86
87
88
100
112
113
125
137
138
126
127
139
140
128
129
141
142
143
131
119
120
108
96
84
72
71
83
95
107
106
105
104
103
115
116
117
118
130
142
141
140
139
138
137
136
135
123
124
112
111
99
98
97
85
86
87
75
76
77
78
79
91
90
102
114
126
127
128
129
130
118
117
116
115
103
104
92
93
94
82
81
80
68
67
66
65
64
52
40
28
27
15
14
2
3
4
16
17
5
6
7
19
18
17
5
4
16
15
3
2
1
13
1
13
14
26
25
37
49
61
73
74
62
63
51
50
38
39
27
28
29
41
53
54
42
30
31
19
20
8
9
21
33
32
31
43
55
56
44
45
46
34
22
10
11
12
24
23
35
47
59
60
72
84
83
71
70
58
57
69
81
82
94
95
96
108
120
132
144
143
144
132
131
119
107
106
105
93
92
80
79
91
90
78
77
89
101
100
99
98
110
111
123
122
121
109
121
133
134
135
136
124
125
113
114
102
101
89
88
24
103
25
47
144
91
139
128
71
14
9
89
72
75
65
56
116
81
70
50
93
95
122
74
40
126
33
25
60
132
28
1
43
44
36
109
54
38
51
129
40
22
66
104
55
131
85
13
121
58
133
97
4
100
49
4
138
5
54
18
137
15
78
84
140
135
126
117
111
105
12
113
61
102
31
113
119
11
77
134
140
108
101
31
57
42
79
128
127
5
19
80
81
120
18
87
76
131
90
20
142
12
3
143
68
63
60
10
75
83
17
112
63
68
67
72
79
141
37
14
15
136
28
23
132
99
7
51
119
32
67
59
39
94
137
34
43
130
22
42
104
138
74
116
8
45
122
21
91
58
59
111
30
38
118
26
93
88
92
53
33
133
46
46
123
92
129
52
48
76
65
136
49
114
97
120
82
57
94
134
47
135
96
123
62
82
3
52
107
8
109
55
56
44
112
83
90
16
64
115
86
37
13
124
105
66
95
23
35
86
24
34
53
141
41
106
110
110
7
69
29
121
88
139
16
71
2
20
107
103
39
124
99
41
50
118
106
77
85
30
108
62
32
98
10
73
101
84
89
73
27
17
70
9
48
125
115
1
80
2
6
78
130
21
36
144
19
11
127
64
117
6
29
35
142
45
98
26
61
96
102
69
87
143
100
27
125
114
127
108
123
118
109
81
60
38
115
124
35
71
100
84
54
41
69
8
30
105
33
10
3
104
69
32
26
59
6
134
110
55
127
80
43
15
7
44
124
28
120
14
138
49
135
48
53
19
19
122
18
93
46
96
90
97
36
63
12
37
21
67
92
86
56
77
57
101
140
113
29
126
65
25
83
7
63
47
43
2
94
35
142
75
108
74
92
49
121
9
5
143
51
4
99
141
138
143
61
27
116
40
78
34
67
29
125
103
114
74
17
112
50
131
64
129
73
42
25
60
103
95
129
66
31
68
9
134
130
77
119
5
62
137
73
123
10
87
82
106
102
91
116
114
22
39
128
126
132
88
111
32
4
107
133
33
58
48
78
13
41
93
105
47
83
45
68
22
125
18
16
1
13
45
94
141
39
85
50
70
84
1
56
104
14
133
37
119
110
101
87
40
76
61
115
51
21
46
36
81
2
24
34
96
140
26
88
6
79
79
24
72
27
120
23
144
54
76
12
17
98
98
111
117
139
109
97
80
8
52
99
121
113
130
122
72
137
139
144
44
66
136
55
118
20
42
59
86
135
107
89
28
131
31
132
71
75
95
100
52
82
91
20
53
136
38
64
11
57
85
117
142
16
89
106
3
62
70
128
15
11
102
90
112
23
65
30
58
1
13
14
15
3
4
5
6
18
30
42
54
55
67
68
56
57
58
70
69
81
80
79
91
92
104
116
115
127
139
138
137
136
135
123
111
99
87
86
85
97
98
110
122
121
133
134
135
136
124
125
126
114
102
103
104
105
117
118
106
107
95
83
71
72
84
96
108
120
119
131
132
144
143
142
141
140
128
129
130
118
117
116
115
103
102
101
113
112
100
88
76
77
65
66
78
90
89
101
100
88
87
75
63
51
50
62
74
73
61
49
37
38
26
25
37
49
50
51
39
27
28
29
17
16
4
5
6
7
19
31
43
44
45
33
34
22
10
9
21
20
8
9
10
11
12
24
23
35
36
48
60
59
47
46
58
70
82
94
93
81
69
57
56
68
67
66
65
64
52
40
41
40
52
53
41
53
54
55
43
42
30
29
28
27
39
38
26
25
13
14
2
1
2
3
15
16
17
18
19
7
8
20
32
31
32
44
45
33
21
22
23
11
12
24
36
35
34
46
47
48
60
59
71
72
84
96
95
83
82
94
93
105
106
107
108
120
119
131
132
144
143
142
130
129
141
140
128
127
139
138
137
125
126
114
113
112
124
123
122
134
133
121
109
97
109
110
111
99
98
86
85
73
61
62
74
75
63
64
76
77
78
79
80
92
91
90
89
12
11
10
9
8
20
21
22
23
24
36
35
34
46
45
44
56
55
43
42
41
29
30
18
6
5
17
16
4
3
2
14
26
38
37
49
50
51
52
53
65
64
76
77
78
79
91
90
102
103
104
92
93
81
80
68
67
66
54
53
52
40
28
27
15
3
4
5
6
7
19
31
32
33
45
57
58
70
69
57
58
59
60
48
47
46
34
33
32
44
43
42
41
40
39
51
63
75
74
86
98
97
109
110
111
99
87
88
89
101
100
112
113
125
124
136
135
123
122
134
133
121
109
97
85
73
61
62
63
64
76
88
89
101
100
112
113
114
115
127
126
138
139
140
141
129
128
116
117
118
119
107
95
94
106
105
93
94
82
83
84
96
108
120
132
144
143
131
130
142
141
129
130
142
143
144
132
131
119
120
108
107
106
118
117
105
104
92
91
103
115
116
128
140
139
127
126
114
102
90
78
77
65
66
54
55
56
68
67
79
80
81
69
70
82
83
95
96
84
72
71
59
71
72
60
48
47
35
36
24
12
11
23
22
10
9
21
20
8
7
19
31
30
18
17
16
15
14
2
1
13
1
13
25
26
25
37
49
61
73
85
86
98
110
122
121
133
134
135
136
137
138
137
125
124
123
111
99
87
75
74
62
50
38
39
27
28
29
58
125
34
132
127
90
50
117
135
8
115
36
18
10
63
11
138
59
52
120
2
43
3
140
13
89
27
134
129
15
16
97
105
55
87
85
107
12
126
101
126
78
16
48
97
76
123
94
110
72
4
68
99
29
104
96
112
28
143
6
40
71
122
75
61
104
133
122
108
66
79
107
111
7
119
22
63
27
57
119
143
139
98
110
112
38
17
80
75
1
106
49
93
58
49
94
41
22
91
33
128
93
86
26
137
90
141
130
125
40
83
101
35
1
115
2
15
13
32
127
69
55
89
30
84
132
142
128
51
131
50
70
59
38
31
91
24
47
124
53
26
95
14
81
10
138
44
99
44
25
21
83
60
113
111
133
42
12
121
23
3
74
9
92
87
102
86
56
100
67
46
144
20
78
80
43
67
116
41
84
100
8
117
136
6
73
36
103
45
123
102
19
37
131
96
35
88
29
105
7
77
70
109
34
39
32
62
129
56
136
21
65
42
137
82
62
17
45
144
33
31
5
108
109
135
28
4
118
139
46
54
48
61
118
25
98
106
130
71
85
81
142
24
47
74
73
23
95
19
20
53
69
77
79
51
92
103
121
72
14
9
11
52
5
76
114
124
134
116
64
120
57
37
114
113
39
141
68
140
66
54
82
88
60
65
64
30
18
22
52
56
130
92
41
30
27
60
24
80
53
93
51
7
83
85
44
13
70
132
17
98
11
10
137
76
19
136
67
48
32
18
134
74
87
28
126
105
44
38
3
126
38
35
12
27
43
39
42
138
9
77
5
31
103
61
70
135
6
34
102
46
50
90
117
124
122
94
18
121
115
57
9
105
101
88
73
84
99
6
10
109
114
134
128
141
77
15
67
90
39
95
48
11
69
82
84
53
66
20
63
23
133
125
15
8
79
144
68
13
47
127
22
79
106
25
137
101
78
91
14
24
58
45
108
121
96
112
100
25
103
127
56
111
97
113
129
85
28
4
139
65
133
1
75
71
120
130
140
102
114
86
125
109
43
82
80
72
33
54
117
110
123
72
92
34
51
99
112
88
108
31
107
69
116
63
95
40
16
46
107
54
14
60
23
86
89
30
58
2
3
64
73
96
118
66
83
132
26
138
142
49
89
106
47
93
40
35
17
45
64
50
1
81
36
62
33
59
42
41
128
87
136
122
8
111
104
49
55
29
12
29
129
37
61
16
52
116
143
32
21
119
76
100
91
135
110
55
113
5
141
131
75
59
118
62
94
143
19
98
115
68
119
37
78
2
124
140
104
144
71
81
57
7
139
20
4
65
97
26
36
120
74
142
21
123
131
133
121
109
110
122
123
135
136
124
112
100
101
113
114
115
127
126
125
137
138
139
140
141
142
130
131
143
144
132
120
108
96
95
94
106
107
119
118
117
105
93
92
104
103
91
79
80
81
82
83
71
70
58
57
69
68
67
55
56
44
45
46
34
35
36
24
12
11
23
22
10
9
8
7
6
18
19
31
30
29
41
42
54
66
78
90
102
101
89
77
65
53
52
64
63
75
76
88
87
86
74
62
50
51
39
38
37
25
26
27
15
14
2
1
13
25
37
49
61
73
85
97
98
99
111
112
113
114
102
90
91
103
115
116
128
129
141
142
130
118
106
94
82
70
58
59
60
48
47
46
34
33
21
20
32
31
43
42
30
29
28
40
41
53
65
64
52
40
28
16
4
5
17
16
17
5
6
18
19
7
8
9
10
11
12
24
36
48
60
72
84
83
95
107
119
131
143
144
132
120
108
96
84
72
71
59
47
35
23
22
21
20
32
33
45
44
43
55
54
66
78
79
67
68
56
57
69
81
80
92
93
105
104
116
117
129
128
140
139
127
126
138
137
125
124
123
111
99
100
88
89
77
76
75
87
86
74
62
63
51
39
27
15
3
4
3
2
1
13
14
26
38
50
49
61
73
85
97
98
110
109
121
133
134
122
134
135
136
12
24
23
22
10
9
8
7
6
5
4
3
15
16
28
40
41
53
52
51
63
62
61
73
85
86
98
97
109
110
122
121
133
134
135
136
124
112
100
101
89
88
87
99
111
123
135
136
137
125
113
114
102
90
78
77
76
64
65
66
54
42
43
31
30
29
17
18
19
20
32
44
45
46
58
59
60
72
71
83
84
96
95
107
108
120
132
131
130
142
141
140
139
138
126
127
128
129
117
105
93
81
82
94
106
118
119
120
108
96
84
72
60
48
36
35
47
46
34
33
21
9
8
20
32
31
43
55
67
79
80
68
69
70
71
83
95
107
119
118
106
94
82
81
93
92
104
116
115
103
91
90
78
66
54
42
41
40
39
27
26
14
13
25
37
38
50
49
61
73
74
62
50
49
37
38
26
25
13
1
2
1
2
14
15
3
4
5
6
7
19
18
30
29
17
16
28
27
39
51
52
53
65
64
63
75
74
86
85
97
98
99
87
75
76
77
89
88
100
112
111
110
109
121
133
134
122
123
124
125
137
138
139
127
126
114
113
101
102
103
115
116
128
140
141
142
143
144
132
144
143
131
130
129
117
105
104
92
91
79
80
68
67
55
56
57
45
33
21
22
34
35
23
11
10
11
12
24
36
48
47
59
58
70
69
57
56
44
19
102
80
120
53
133
127
98
16
116
32
137
28
123
71
20
26
49
64
23
21
25
75
96
91
128
62
130
85
5
114
126
25
33
18
61
68
43
85
89
95
31
82
124
131
122
140
46
72
57
41
1
132
76
50
129
4
109
40
115
10
36
58
136
17
81
15
106
36
29
60
97
95
37
22
124
44
119
4
139
14
99
133
119
97
84
33
74
71
28
48
47
23
87
12
66
90
92
112
144
135
6
106
63
111
114
118
132
130
121
35
18
50
68
20
9
117
37
101
104
105
103
56
142
52
8
141
140
10
22
137
3
74
110
107
13
104
17
131
127
141
51
142
56
84
75
58
108
102
87
53
42
70
83
129
92
93
144
125
38
80
65
46
134
34
57
49
7
14
26
77
21
60
32
79
31
79
59
116
45
143
5
98
108
126
16
7
39
24
52
107
121
143
94
41
138
73
54
38
2
30
69
39
125
45
6
78
83
96
115
11
89
117
90
113
66
67
64
69
63
134
109
135
13
65
122
136
54
11
51
86
123
62
82
9
110
59
128
70
100
88
111
77
139
81
120
1
27
24
30
35
138
27
29
93
78
3
61
34
88
42
73
2
113
12
94
101
40
112
8
48
43
55
55
86
72
47
67
103
19
15
99
76
105
91
100
44
118
35
14
97
56
13
81
86
105
22
141
35
42
113
138
30
123
127
130
19
135
48
1
117
63
105
113
65
95
8
34
42
134
108
128
29
96
3
29
73
12
19
89
90
52
22
73
62
43
101
102
131
52
136
100
49
58
137
37
143
138
75
55
93
80
6
1
122
70
50
68
78
21
66
95
71
129
139
116
26
88
101
116
47
48
125
83
132
84
41
16
44
100
54
38
49
15
58
72
87
119
91
90
74
77
33
61
36
34
4
89
23
123
91
56
24
97
67
79
37
75
57
44
2
81
61
133
76
14
94
27
74
117
10
31
17
51
131
136
69
59
109
64
88
98
17
6
144
137
26
46
125
59
55
25
9
33
142
127
39
2
85
139
110
80
83
119
126
143
18
85
82
93
3
5
9
43
141
115
53
84
69
72
47
92
135
107
132
108
12
32
109
60
122
32
115
124
23
13
20
78
144
45
24
103
7
50
65
77
124
128
103
107
27
140
106
36
126
104
86
110
99
121
8
130
10
57
134
82
53
21
106
111
63
79
121
45
39
120
98
71
54
28
40
94
129
87
40
92
15
16
111
118
102
25
31
11
67
133
30
4
118
18
7
41
76
120
64
142
140
96
46
99
5
70
104
51
28
66
112
60
112
38
68
11
20
114
114
62
