##Rat 2 Day 22
 ##rewards
18
29
107
##Vertices
128
121
140
50
71
38
1
54
104
79
108
4
126
58
30
25
101
12
130
144
109
42
26
113
6
65
127
13
72
52
135
97
73
95
19
131
121
65
135
131
24
29
114
86
141
136
138
115
133
80
70
78
3
92
117
120
72
81
7
139
14
30
58
133
105
117
85
102
100
56
75
76
68
142
49
134
67
99
5
37
52
88
42
75
57
50
4
70
115
76
35
44
107
27
122
12
19
130
77
2
41
113
39
95
77
46
68
116
33
6
139
132
5
74
59
28
82
23
108
89
34
137
41
100
32
57
107
96
110
91
18
120
43
21
127
142
1
20
93
13
55
74
21
102
89
143
11
16
112
48
78
25
83
80
66
49
22
64
9
129
103
40
17
67
38
94
140
44
137
18
60
61
87
31
105
51
116
98
9
98
54
119
15
60
118
71
86
81
83
141
90
62
53
82
106
55
22
118
62
53
124
134
101
104
51
39
24
136
119
79
69
126
10
7
29
109
2
138
46
35
16
63
96
114
94
27
123
20
8
87
90
125
110
103
8
99
85
59
10
63
45
31
112
36
111
37
47
36
124
128
40
143
14
123
64
93
34
43
45
97
32
73
106
91
132
56
84
26
23
3
129
47
66
88
48
92
144
15
28
69
122
17
61
33
125
84
11
111
18
128
106
7
138
5
32
59
44
46
123
81
100
75
40
40
82
90
17
94
103
104
104
131
106
64
32
109
116
83
15
97
45
121
44
17
56
96
103
107
8
1
25
52
62
67
13
51
16
110
80
86
66
37
61
16
114
50
82
60
72
73
34
120
113
126
116
22
95
65
78
42
35
107
65
74
114
38
31
27
53
126
90
2
108
79
97
61
70
136
142
141
23
88
57
105
68
77
119
125
117
30
85
12
79
14
63
83
124
14
86
129
100
25
127
45
4
132
85
24
130
78
39
9
112
122
128
137
117
41
139
3
3
15
69
43
89
105
33
111
43
21
111
54
98
102
12
125
31
136
22
88
101
74
71
72
34
77
75
18
29
73
99
113
55
20
42
6
69
70
51
101
144
10
33
63
122
99
84
52
71
58
134
28
118
108
9
96
39
144
54
1
143
23
142
112
41
48
110
11
139
140
87
127
19
109
132
68
7
121
49
20
26
123
87
98
24
92
53
11
124
133
6
47
67
143
137
141
118
138
19
28
36
62
135
115
129
93
48
60
95
26
115
55
89
27
81
102
5
10
131
140
135
58
64
47
36
92
94
46
50
35
76
91
38
130
29
37
119
21
8
56
80
49
2
59
120
30
4
93
57
13
133
84
66
91
134
76
12
24
23
22
10
11
12
24
36
35
47
59
58
57
69
68
67
79
91
103
115
116
104
105
117
129
128
140
139
127
126
138
137
125
124
112
111
123
135
136
137
138
139
140
141
142
130
131
143
144
132
120
119
118
106
107
108
96
84
83
82
70
71
72
60
48
36
35
34
46
45
44
43
42
41
53
65
66
54
55
56
44
32
33
21
9
8
7
19
18
6
5
17
16
15
3
4
5
6
7
8
20
19
31
30
29
28
40
52
64
63
62
50
49
61
73
85
86
87
99
98
97
109
121
122
110
111
99
100
88
89
77
76
75
74
73
61
49
37
38
26
14
2
1
13
25
37
38
39
51
52
64
65
53
54
55
56
68
80
92
93
94
95
96
108
107
106
105
104
103
102
90
78
66
67
79
78
77
76
88
87
75
63
51
50
62
74
86
85
97
98
110
109
121
133
134
133
134
122
123
135
136
124
112
113
125
126
127
128
129
141
142
130
131
143
144
132
120
119
118
117
116
115
114
113
114
102
101
100
101
89
90
91
92
80
81
69
57
58
70
82
81
93
94
95
83
84
72
71
59
60
48
47
46
45
33
34
22
23
11
10
9
21
20
32
31
43
42
30
29
41
40
39
27
28
27
15
14
26
25
13
1
2
3
4
16
17
18
1
13
14
15
3
4
5
6
7
8
9
10
22
21
33
45
44
56
57
58
70
71
72
84
96
95
107
108
120
119
131
132
144
143
142
141
129
117
105
104
92
93
94
106
118
130
142
141
140
128
116
115
103
91
79
80
81
69
68
67
55
43
42
30
31
32
20
19
18
17
29
41
40
39
51
50
49
61
62
74
73
85
86
98
97
109
121
122
123
135
136
137
138
139
127
126
125
124
112
100
88
76
75
87
99
111
110
109
97
85
73
61
49
37
25
26
38
39
27
28
16
4
5
17
29
30
42
54
66
78
77
65
64
63
62
74
86
98
110
111
99
87
75
76
88
89
101
113
114
102
90
91
79
67
55
43
44
45
46
34
35
23
24
36
48
47
59
60
72
84
83
71
59
60
48
47
35
36
24
12
11
12
11
23
22
10
9
8
7
6
18
19
31
32
20
21
33
34
46
58
57
56
68
69
70
82
83
95
96
108
107
106
94
82
81
80
92
93
105
117
118
119
120
132
144
143
131
130
129
128
140
139
138
126
127
115
116
104
103
102
114
113
125
137
136
135
134
133
121
133
134
122
123
124
112
100
101
89
90
78
77
65
66
54
53
52
40
28
16
15
27
26
14
2
3
2
1
13
25
37
38
50
51
63
64
52
53
41
6
93
142
13
65
99
21
44
135
2
122
37
61
68
26
106
28
114
5
133
100
75
68
44
107
123
96
97
9
100
59
83
43
123
55
71
105
17
40
141
75
31
53
139
62
20
77
94
120
24
13
135
41
121
34
85
78
29
124
63
49
84
16
4
121
72
94
38
82
108
113
12
136
8
3
89
10
37
4
119
69
117
47
48
57
35
5
8
29
99
88
144
118
130
115
34
27
93
114
54
21
80
79
130
52
103
53
92
82
36
64
112
115
45
33
125
90
124
87
50
70
11
67
133
51
67
43
138
71
30
132
95
118
30
64
42
131
65
110
1
1
95
9
7
72
134
74
61
42
2
92
140
18
14
56
39
54
48
11
111
128
81
20
117
79
38
113
111
63
80
143
25
60
58
103
110
17
3
51
18
109
77
141
112
57
101
125
98
45
105
97
143
108
78
131
27
142
74
136
137
81
36
132
101
35
98
46
22
46
140
91
16
86
109
104
96
120
127
139
25
19
144
6
19
129
14
127
62
60
32
32
39
22
138
55
23
107
122
24
128
119
47
23
58
15
70
137
86
59
26
106
126
52
116
73
66
49
91
50
104
102
33
76
116
90
88
76
69
66
28
126
85
7
129
73
134
84
56
89
10
31
102
87
41
15
12
40
83
4
78
121
108
123
19
40
124
116
112
54
55
138
86
102
27
105
21
100
4
13
82
135
45
135
42
59
5
84
47
58
102
92
74
87
34
7
49
52
121
137
117
9
37
23
127
85
72
94
108
114
41
110
111
77
141
57
97
3
143
142
131
139
10
68
5
51
17
140
51
141
115
127
52
38
136
115
69
134
113
113
98
129
144
119
68
71
28
62
62
14
60
104
8
80
6
25
106
107
103
73
7
6
28
109
44
88
79
1
29
122
32
75
114
90
10
12
82
120
123
125
2
46
43
79
91
18
124
77
23
104
17
116
128
64
33
89
95
99
54
83
30
9
56
134
43
36
89
30
75
132
129
63
109
90
130
40
41
56
84
35
49
65
58
14
110
92
1
61
12
19
72
70
29
70
38
83
32
53
122
107
13
78
142
16
126
93
132
11
22
57
130
119
26
117
81
69
35
50
76
100
25
91
131
20
24
15
26
96
99
93
67
31
105
87
31
66
33
67
3
101
16
140
59
39
112
86
98
66
133
96
42
24
11
94
36
95
48
128
138
111
63
106
15
85
2
18
45
34
133
21
64
20
76
137
53
37
60
65
118
143
48
50
71
74
118
103
126
88
47
120
73
39
81
125
80
27
8
55
61
139
101
22
136
144
97
46
44
133
134
122
110
109
97
85
73
61
49
37
25
26
38
39
40
52
53
41
29
30
18
6
7
8
20
21
9
10
22
23
11
12
24
36
48
47
46
45
57
56
44
32
33
34
35
36
48
60
59
58
70
69
68
67
55
43
42
54
66
65
64
76
75
63
51
50
62
74
86
87
88
100
112
113
125
137
138
126
127
139
140
128
129
141
142
143
131
119
120
108
96
84
72
71
83
95
107
106
105
104
103
115
116
117
118
130
142
141
140
139
138
137
136
135
123
124
112
111
99
98
97
85
86
87
75
76
77
78
79
91
90
102
114
126
127
128
129
130
118
117
116
115
103
104
92
93
94
82
81
80
68
67
66
65
64
52
40
28
27
15
14
2
3
4
16
17
5
6
7
19
18
17
5
4
16
15
3
2
1
13
1
13
14
26
25
37
49
61
73
74
62
63
51
50
38
39
27
28
29
41
53
54
42
30
31
19
20
8
9
21
33
32
31
43
55
56
44
45
46
34
22
10
11
12
24
23
35
47
59
60
72
84
83
71
70
58
57
69
81
82
94
95
96
108
120
132
144
143
144
132
131
119
107
106
105
93
92
80
79
91
90
78
77
89
101
100
99
98
110
111
123
122
121
109
121
133
134
135
136
124
125
113
114
102
101
89
88
144
143
142
130
131
119
120
108
107
106
105
93
94
82
70
71
83
95
96
84
72
60
48
36
35
23
24
12
11
10
9
8
20
32
33
21
22
34
46
45
44
56
57
69
68
67
55
43
31
19
18
30
29
41
42
54
66
65
53
52
40
28
27
15
3
2
1
13
14
26
25
37
49
61
73
74
62
63
75
87
88
76
77
78
79
80
81
93
92
91
90
89
101
102
114
115
103
104
116
128
127
126
125
113
112
124
136
135
123
111
110
122
121
133
134
135
136
137
138
139
140
141
129
117
118
106
94
82
81
80
68
69
70
58
59
47
48
36
35
34
33
32
31
30
29
17
5
4
16
28
27
39
38
50
51
63
64
76
75
87
99
100
88
89
90
102
101
100
99
98
97
85
86
98
86
85
73
74
62
61
49
37
25
13
1
2
3
4
5
6
7
19
20
21
22
23
24
12
11
10
9
8
7
6
18
17
16
15
14
26
38
50
51
39
40
52
64
65
77
78
79
67
66
54
53
41
42
43
55
56
44
45
57
58
46
47
59
60
72
71
83
84
96
95
107
119
118
117
105
104
92
91
103
115
116
128
127
126
114
113
112
111
110
109
97
109
121
133
134
122
123
124
125
137
138
139
140
141
129
130
142
143
144
132
131
132
120
108
59
63
3
80
48
129
105
91
6
136
69
23
34
112
62
126
64
5
19
97
94
1
26
96
21
23
36
57
130
59
47
24
102
7
15
128
99
33
100
95
32
127
2
116
112
139
7
58
113
92
85
58
123
71
73
121
35
87
116
46
10
41
9
62
85
56
65
95
69
61
92
111
107
132
123
61
30
14
52
135
124
78
138
31
15
104
51
4
141
32
11
84
76
13
19
113
117
44
24
68
67
75
93
94
144
137
118
128
125
83
67
110
102
28
2
81
103
66
8
3
6
25
143
42
140
131
76
115
98
120
51
57
36
115
42
31
44
13
41
50
12
60
89
109
53
39
114
56
18
54
17
29
120
131
108
88
109
125
16
139
119
130
39
68
8
66
140
104
55
142
16
43
82
126
99
133
87
101
52
40
38
10
97
122
37
108
35
49
88
98
46
141
136
80
124
5
33
101
27
53
45
105
133
20
107
90
4
27
114
118
45
70
106
54
70
34
144
137
40
134
22
22
38
121
64
83
21
72
71
30
47
143
1
77
119
106
82
138
96
75
37
135
127
89
86
17
122
18
129
55
86
63
90
79
25
74
73
93
142
77
29
84
78
81
91
11
20
103
28
50
134
14
110
111
132
79
48
117
26
74
49
65
9
12
100
60
43
72
32
64
82
45
114
17
26
60
102
12
66
67
98
97
117
132
30
83
122
105
76
53
21
43
3
86
62
50
112
113
107
35
130
11
71
127
124
7
15
48
44
109
10
129
133
75
79
1
10
78
58
87
107
19
5
82
36
62
18
51
135
49
75
97
35
26
120
81
4
110
134
92
140
116
108
9
32
127
101
17
114
113
22
56
53
31
22
72
4
68
50
67
20
91
2
44
98
57
51
81
131
33
33
137
126
80
11
73
63
40
23
138
69
61
132
138
27
7
42
96
102
92
109
86
93
84
25
24
131
47
63
100
39
6
52
79
137
122
110
38
121
60
111
29
46
87
37
43
41
105
142
95
141
3
55
141
143
104
15
111
29
128
16
54
18
56
94
59
76
121
139
69
46
55
57
48
88
6
77
52
125
123
42
28
58
125
30
143
12
70
14
136
106
100
103
144
65
19
78
14
99
66
85
88
94
38
142
21
126
68
90
117
119
91
84
95
115
37
124
93
49
103
27
119
8
9
39
112
41
47
23
65
16
8
74
25
2
59
115
130
34
77
36
85
118
61
74
1
70
128
139
71
118
104
80
144
106
133
45
136
99
40
73
120
83
123
54
34
140
90
72
96
24
31
108
101
135
20
89
13
64
28
134
129
116
89
5
13
144
143
142
130
118
106
107
95
83
71
72
84
96
108
120
119
131
132
120
108
96
84
83
82
94
93
81
80
68
67
55
54
53
65
77
78
79
91
103
115
114
113
125
126
138
137
136
135
123
111
112
124
136
137
138
139
140
141
129
117
116
128
127
115
116
104
105
93
92
80
79
67
66
54
42
43
44
45
57
58
59
47
46
34
35
23
22
21
9
8
20
32
31
19
7
6
18
17
29
41
40
28
27
26
25
13
1
2
14
15
3
4
5
6
7
8
9
10
11
12
24
36
48
60
72
71
70
69
68
56
55
43
42
30
29
41
40
39
38
50
62
63
51
52
64
76
75
74
73
85
86
87
88
89
90
102
101
100
99
98
110
122
134
133
121
109
97
85
73
61
49
61
62
74
75
87
86
98
97
109
110
122
121
133
134
135
123
124
112
111
99
100
101
113
125
126
114
102
103
104
92
91
90
89
88
76
77
78
66
65
53
52
64
63
51
50
49
37
25
37
38
39
27
26
14
13
1
2
3
15
16
28
16
4
5
17
18
30
31
19
20
21
33
34
35
23
22
10
11
12
24
36
48
60
59
47
46
45
33
32
44
56
57
58
70
69
81
82
94
106
105
117
118
130
129
128
127
139
140
141
142
143
144
132
131
119
107
95
1
13
25
37
49
50
38
39
27
28
40
52
64
76
75
87
88
89
77
78
90
91
103
102
114
115
127
139
138
137
125
126
114
113
101
100
99
98
86
85
97
109
121
133
134
122
123
135
136
124
112
111
110
109
97
85
73
74
62
63
51
39
27
26
14
15
3
4
5
6
18
30
29
41
53
54
66
65
77
89
101
113
112
100
88
76
64
52
40
28
16
17
5
6
7
19
31
43
55
56
57
58
46
45
33
21
9
10
11
23
35
34
22
10
9
8
20
32
44
45
46
47
48
60
72
71
70
69
68
80
92
104
116
128
140
141
142
143
144
132
120
108
107
95
96
84
83
82
81
93
105
106
94
93
105
117
118
119
131
130
129
117
118
106
94
82
81
80
79
67
68
56
55
67
79
91
92
104
116
115
103
102
90
78
66
65
53
41
29
17
18
30
42
54
42
43
44
32
31
19
7
8
20
21
33
34
22
23
35
36
24
12
11
12
24
36
48
60
59
47
59
58
57
69
70
71
72
84
83
95
96
108
107
119
120
132
144
143
131
130
142
141
129
128
140
139
127
126
138
137
125
124
136
135
134
133
121
122
123
111
110
98
99
87
86
74
75
63
51
50
62
61
73
61
49
37
38
26
25
13
14
15
16
4
3
2
1
2
