##Rat 6 Day 27
 ##rewards
83
94
16
##Vertices
12
24
36
48
47
46
58
59
60
72
84
96
108
107
95
94
106
118
117
129
130
131
143
144
132
120
119
118
117
105
93
81
82
70
71
83
84
72
60
48
36
35
23
11
10
9
8
7
6
18
17
5
4
3
2
1
13
25
26
38
37
49
61
73
74
62
50
51
52
53
41
42
30
31
19
20
21
22
34
33
32
44
45
57
69
68
56
55
54
66
78
77
76
75
87
88
89
90
91
103
104
116
128
140
139
138
137
125
113
114
126
127
115
116
104
92
80
79
67
68
69
57
56
44
43
31
30
29
28
16
15
27
39
40
41
29
28
40
52
64
65
77
89
101
102
103
115
114
102
101
100
99
98
110
111
123
135
136
124
112
100
88
87
86
85
97
109
121
122
134
133
134
133
121
122
110
109
97
98
99
111
123
135
136
124
112
113
125
137
138
126
127
139
140
128
129
141
142
141
142
130
131
143
144
132
120
119
107
108
96
95
94
106
105
93
92
91
90
78
66
65
53
54
42
43
55
67
79
80
81
82
83
71
70
58
59
47
35
23
24
12
11
10
22
34
46
45
33
32
20
21
9
8
7
19
18
6
5
17
16
4
3
2
14
15
27
39
38
50
51
63
64
76
75
63
62
74
86
85
73
61
49
37
25
26
14
13
1
1
2
3
4
16
28
29
17
5
6
7
8
9
21
20
32
33
34
46
47
35
23
24
12
11
10
22
34
46
45
44
43
31
30
18
19
7
6
5
4
3
15
14
13
25
37
49
61
73
74
86
85
97
109
121
133
134
135
123
124
136
137
138
139
127
126
125
113
101
89
88
76
75
63
62
50
38
26
27
39
51
52
40
41
42
54
53
65
77
78
79
91
103
115
116
104
92
80
68
69
57
58
59
60
72
84
96
95
94
82
83
71
70
58
57
56
55
67
66
54
42
41
53
52
64
63
75
87
99
98
110
111
112
100
88
87
99
100
101
102
90
91
92
93
81
69
70
82
81
93
105
117
129
130
118
119
120
108
107
106
105
104
116
128
140
141
142
143
131
132
144
132
144
143
131
130
142
141
129
117
118
119
120
108
107
106
94
95
96
84
83
71
72
60
59
47
48
36
48
36
35
23
24
12
11
10
22
21
9
8
20
32
33
45
44
56
68
80
79
78
90
89
77
76
64
65
66
67
55
43
31
19
18
30
29
17
16
15
14
2
1
13
25
26
27
28
40
39
51
50
38
37
49
61
62
74
73
85
86
98
97
109
121
122
110
111
112
124
125
113
114
102
103
115
114
126
127
128
140
139
138
137
136
135
123
122
134
133
66
23
93
100
143
101
143
48
123
9
84
39
70
83
6
95
89
101
16
106
47
80
73
122
98
63
88
53
87
70
128
61
135
29
50
110
2
116
135
144
8
38
8
121
128
10
96
28
59
96
104
118
13
117
36
2
92
56
131
76
47
62
64
21
67
78
49
97
122
22
53
54
91
74
10
97
48
115
27
75
77
26
63
52
68
91
58
39
62
138
130
7
116
69
42
125
99
89
60
86
75
44
5
79
132
85
51
57
13
78
4
139
23
24
124
109
137
18
64
106
108
113
34
111
94
141
73
9
25
31
113
5
17
35
33
45
32
119
105
31
84
54
25
28
24
94
14
123
40
104
83
117
35
60
1
127
99
82
79
67
107
142
3
87
15
34
100
109
102
38
65
110
136
43
18
7
15
40
29
71
14
102
46
12
82
52
27
85
68
125
133
11
30
108
65
134
45
44
72
81
1
6
111
90
69
19
112
59
56
112
58
50
61
71
22
136
126
17
3
144
88
124
19
130
43
141
57
118
20
114
80
137
140
37
133
26
139
129
126
119
76
93
21
11
107
77
72
49
142
41
74
127
4
66
81
115
131
33
103
103
138
37
86
16
120
114
30
105
120
90
132
32
42
12
92
51
95
134
121
36
55
20
98
41
46
55
129
140
93
1
88
119
38
9
9
94
15
17
97
63
51
61
32
81
110
112
10
11
130
91
48
86
122
34
129
68
108
37
43
35
69
134
13
97
100
60
136
87
36
121
57
55
142
77
15
31
92
8
66
62
102
53
52
135
41
83
139
120
60
140
46
54
2
47
79
89
58
6
50
36
27
131
123
109
115
16
62
137
69
82
123
143
42
117
138
120
51
98
134
70
45
67
144
106
73
3
37
26
55
56
103
144
30
76
19
121
116
119
56
93
125
99
89
124
103
24
52
109
115
74
73
61
139
49
95
84
64
75
137
143
86
7
80
83
111
65
112
2
20
81
99
54
71
29
40
28
135
43
80
59
90
65
32
113
117
92
78
101
5
48
140
11
133
108
127
22
101
107
41
53
127
38
113
70
95
49
106
141
76
64
30
8
34
77
66
129
118
96
39
122
18
114
22
85
33
44
72
132
71
124
68
58
114
27
100
57
18
3
14
132
50
20
125
107
131
35
10
85
63
104
130
105
96
45
25
17
110
78
24
46
19
1
142
4
111
128
133
87
29
67
42
102
59
116
79
31
94
14
23
105
74
118
12
13
33
84
16
88
104
7
6
138
26
21
75
25
4
44
12
23
47
141
98
128
126
21
82
28
5
90
126
72
39
40
91
136
133
134
122
110
98
97
109
121
133
134
135
136
137
125
113
101
102
114
115
103
91
90
89
77
78
79
67
68
80
81
69
57
58
70
82
83
71
72
60
59
47
48
36
35
34
46
45
33
21
22
23
24
12
11
10
9
8
7
19
18
30
29
17
16
15
14
13
1
2
3
4
5
6
7
8
20
32
31
43
42
54
55
56
44
43
55
67
66
65
64
52
51
50
38
39
40
28
27
26
25
37
49
61
73
74
62
63
75
76
88
100
112
124
123
111
99
87
86
85
73
61
49
37
38
50
62
63
51
39
40
41
53
52
64
76
88
100
101
113
114
126
138
139
127
128
140
141
129
130
142
143
131
132
120
119
118
117
105
93
92
104
116
117
118
106
107
108
96
84
72
60
48
47
46
34
22
23
35
36
24
12
11
10
9
21
33
32
20
19
31
30
18
6
5
17
16
4
3
2
1
13
25
26
14
15
27
28
29
41
42
54
53
65
66
78
77
89
90
102
103
104
105
93
92
91
79
80
68
56
44
45
57
58
59
71
70
69
81
82
94
106
94
95
83
84
96
95
107
108
120
119
131
130
129
128
116
115
127
126
125
124
112
111
99
87
75
74
86
85
97
98
110
109
121
122
123
135
136
137
138
139
140
141
142
143
144
132
144
144
132
131
130
129
141
142
143
144
132
120
108
96
95
94
93
81
82
70
69
68
80
92
91
79
67
66
54
55
43
42
41
29
30
31
19
18
6
5
17
16
4
3
15
27
28
40
39
38
26
14
2
1
13
25
37
49
61
62
74
75
87
86
98
110
122
134
133
121
109
97
85
73
61
49
50
51
63
64
76
77
65
53
52
64
65
66
78
90
102
101
113
125
124
112
100
99
111
123
135
136
137
138
139
127
126
114
115
103
104
105
106
107
119
118
117
116
128
140
139
138
137
136
124
125
126
114
113
112
100
88
89
101
102
103
104
105
93
94
82
83
84
72
71
59
60
48
47
35
36
24
23
11
10
22
34
46
45
44
56
57
58
46
34
33
21
9
8
7
6
5
4
16
28
27
26
14
15
3
2
1
13
25
37
38
39
51
50
62
63
75
74
73
85
86
98
97
109
121
133
134
135
123
122
110
111
99
87
88
76
77
89
90
78
79
91
92
80
81
69
57
45
44
56
68
67
55
54
53
52
40
41
29
17
18
30
42
43
31
32
33
32
20
19
7
8
20
21
9
10
22
23
35
47
59
58
70
71
83
95
107
106
118
117
116
115
127
128
140
141
129
130
142
143
131
119
120
108
96
84
72
60
48
36
24
12
11
12
57
124
36
106
8
29
139
62
73
101
33
63
49
75
32
90
66
53
80
55
121
12
23
20
88
144
59
29
35
43
93
11
78
104
129
14
46
31
140
100
111
50
4
60
23
135
39
43
138
118
3
75
55
38
122
34
128
88
5
84
86
74
102
114
10
112
1
85
37
3
133
100
59
126
5
72
40
17
44
28
16
110
136
28
1
42
129
76
101
113
110
108
121
65
119
72
99
52
96
67
79
4
114
117
33
87
58
137
116
105
51
69
38
92
21
68
96
138
134
89
69
104
103
74
94
113
82
7
41
107
52
123
9
15
12
47
15
6
97
70
41
106
45
83
24
57
118
135
27
48
19
66
141
76
50
116
20
120
10
144
94
142
136
77
143
85
125
26
62
2
93
140
97
51
63
35
124
37
112
111
79
122
22
6
132
31
109
95
130
105
2
70
58
80
141
39
42
18
82
131
64
86
127
77
16
117
132
64
71
13
90
54
81
130
17
13
123
139
44
89
84
49
25
98
21
46
60
95
133
30
7
40
71
61
127
115
109
134
126
98
26
107
53
18
99
78
24
91
119
27
83
102
103
142
56
9
73
54
36
131
125
91
92
120
14
81
22
11
56
19
61
45
108
30
143
8
32
137
34
65
48
87
25
67
115
68
128
47
117
140
95
14
126
83
65
72
52
134
88
88
140
84
51
5
125
108
75
56
107
29
72
132
123
143
16
12
11
17
122
71
36
139
104
26
49
48
124
44
33
63
136
37
9
4
36
94
91
120
113
61
109
1
87
43
143
116
80
113
112
68
101
39
93
33
137
83
43
5
142
100
34
14
1
96
13
131
79
25
39
129
59
70
42
141
78
15
97
91
41
90
115
58
61
30
44
50
10
103
3
62
63
100
116
65
28
115
71
92
127
69
114
66
4
70
120
135
127
6
47
106
103
8
40
128
53
30
23
128
26
102
86
59
138
82
81
52
77
18
32
11
75
27
135
18
42
64
19
20
2
35
141
45
49
38
111
19
104
94
82
121
138
97
133
57
60
69
38
93
40
111
54
89
130
29
34
118
110
85
133
51
62
9
142
125
126
108
92
139
45
55
28
144
47
78
129
3
22
90
74
46
68
77
84
12
79
7
22
32
80
89
16
81
136
114
96
121
13
58
76
105
2
99
10
48
119
66
87
132
95
27
99
53
98
131
31
98
101
74
37
24
86
6
35
107
144
54
57
67
123
119
109
21
110
73
31
76
73
21
50
56
122
102
20
67
15
7
64
106
55
8
25
46
124
137
60
41
17
112
130
85
117
118
134
105
24
23
12
24
23
22
10
11
12
24
36
35
47
59
58
57
69
68
67
79
91
103
115
116
104
105
117
129
128
140
139
127
126
138
137
125
124
112
111
123
135
136
137
138
139
140
141
142
130
131
143
144
132
120
119
118
106
107
108
96
84
83
82
70
71
72
60
48
36
35
34
46
45
44
43
42
41
53
65
66
54
55
56
44
32
33
21
9
8
7
19
18
6
5
17
16
15
3
4
5
6
7
8
20
19
31
30
29
28
40
52
64
63
62
50
49
61
73
85
86
87
99
98
97
109
121
122
110
111
99
100
88
89
77
76
75
74
73
61
49
37
38
26
14
2
1
13
25
37
38
39
51
52
64
65
53
54
55
56
68
80
92
93
94
95
96
108
107
106
105
104
103
102
90
78
66
67
79
78
77
76
88
87
75
63
51
50
62
74
86
85
97
98
110
109
121
133
134
133
134
122
123
135
136
124
112
113
125
126
127
128
129
141
142
130
131
143
144
132
120
119
118
117
116
115
114
113
114
102
101
100
101
89
90
91
92
80
81
69
57
58
70
82
81
93
94
95
83
84
72
71
59
60
48
47
46
45
33
34
22
23
11
10
9
21
20
32
31
43
42
30
29
41
40
39
27
28
27
15
14
26
25
13
1
2
3
4
16
17
18
133
121
122
123
135
136
137
138
126
114
102
90
91
79
80
92
93
94
82
81
69
68
67
55
56
44
32
31
19
7
6
5
4
3
15
27
39
51
50
49
37
38
26
14
13
1
2
3
4
16
17
18
30
42
43
44
45
33
34
46
47
59
71
83
84
72
60
48
36
35
23
24
12
11
10
9
8
20
21
22
34
33
32
31
43
42
41
29
28
40
52
64
65
77
78
66
54
53
41
40
52
51
63
75
87
86
74
62
61
73
85
97
98
110
109
97
85
86
87
99
111
112
113
125
124
136
137
138
139
127
115
103
104
105
117
118
130
142
141
129
128
140
141
142
143
144
132
131
119
120
108
96
95
107
106
94
82
70
58
57
69
81
93
92
80
79
78
77
76
88
100
101
100
88
89
101
89
90
91
103
102
114
113
112
111
99
98
110
109
121
122
134
133
134
135
123
124
125
126
127
139
140
128
116
115
116
104
105
117
129
130
131
143
144
132
120
119
118
106
107
108
96
95
83
84
72
60
59
71
70
58
57
45
46
47
48
36
35
23
24
12
11
10
22
21
9
8
20
19
7
6
5
17
18
30
29
28
16
15
14
2
1
13
25
37
25
26
27
39
38
50
49
61
73
74
62
63
75
76
64
65
66
67
68
56
55
54
53
97
31
15
41
128
93
100
81
103
101
104
63
116
92
129
60
40
10
26
115
128
134
1
5
94
82
59
21
126
66
36
144
4
54
71
97
37
88
108
141
84
41
48
131
71
35
62
55
81
104
134
63
140
87
143
24
67
113
82
90
125
111
106
77
52
54
56
46
3
19
101
91
23
135
73
18
9
26
107
142
39
16
17
131
78
123
98
31
55
16
110
93
37
22
2
64
29
49
102
117
90
21
33
141
13
138
103
68
139
4
109
99
123
99
114
118
12
108
29
113
89
74
6
86
27
102
57
32
51
70
30
129
75
126
115
79
132
107
76
58
88
89
30
60
137
39
74
95
119
11
132
96
6
42
43
69
143
5
106
133
64
34
124
57
144
50
42
1
35
119
44
49
124
61
133
111
13
14
80
130
52
25
51
135
59
7
28
83
138
14
142
80
70
65
53
85
96
67
34
78
117
33
86
79
28
3
98
122
8
77
110
140
94
15
45
114
66
139
20
125
32
19
121
10
85
122
127
69
121
25
92
8
120
17
100
18
38
50
48
45
136
136
116
61
65
7
87
11
38
62
44
75
68
137
105
120
53
47
109
127
47
24
84
105
73
72
2
36
112
130
72
76
58
40
91
43
112
22
46
27
83
118
95
23
56
12
20
9
73
6
125
89
67
99
90
72
61
73
43
19
19
32
100
131
103
60
94
43
21
2
68
124
80
51
97
144
29
1
140
16
121
48
34
79
39
113
109
48
30
112
82
26
18
44
38
96
6
102
77
33
142
25
76
14
20
84
94
9
108
49
58
52
81
3
75
116
115
132
8
15
132
74
46
129
105
87
91
22
59
126
54
42
139
10
122
126
109
32
105
84
64
40
125
46
117
110
117
36
50
139
16
45
71
78
90
7
138
91
8
28
24
106
52
112
134
68
41
110
106
104
95
74
128
30
86
53
83
26
83
104
69
127
133
122
2
124
56
5
53
22
115
60
31
11
127
142
85
4
82
72
108
120
114
57
77
116
93
3
1
55
133
63
75
62
44
23
136
61
93
130
23
4
86
98
49
41
111
69
137
136
79
57
47
20
54
39
65
102
123
33
10
131
31
96
118
35
12
13
35
97
13
18
121
17
71
42
81
27
87
141
143
113
135
70
36
111
88
17
9
15
119
34
50
141
123
70
65
89
144
56
64
76
67
66
119
24
95
107
63
138
37
14
120
66
47
140
40
7
45
107
12
101
130
92
143
114
29
62
100
59
55
128
92
85
27
28
118
51
99
80
137
25
37
78
11
101
103
5
38
135
21
134
88
98
58
129
