##Rat 4 Day 27
 ##rewards
126
113
47
##Vertices
144
143
142
141
129
117
116
128
140
139
138
137
136
124
125
113
112
111
99
98
110
122
121
133
134
135
123
111
99
100
101
102
114
115
127
126
138
139
140
141
142
130
131
132
120
108
96
84
72
71
59
60
48
36
24
12
11
10
22
21
9
8
7
6
18
19
20
32
44
56
57
69
70
82
83
95
107
119
118
106
94
93
105
104
103
91
92
80
68
67
66
54
42
30
29
41
53
65
77
76
88
87
86
85
73
61
49
50
51
63
62
74
75
87
88
89
90
78
79
91
103
104
92
93
81
82
70
58
46
47
35
34
33
45
57
58
46
45
44
43
55
54
53
52
64
76
75
63
64
52
40
28
16
15
27
26
25
37
38
39
40
41
29
17
5
4
3
2
14
13
1
13
1
2
14
15
3
4
16
28
27
26
25
37
38
39
51
50
49
61
62
74
73
85
86
98
97
109
97
109
110
122
121
133
134
135
123
124
136
137
125
113
112
100
101
89
77
65
66
67
55
56
68
69
81
80
79
78
90
102
114
126
127
115
116
128
129
130
131
143
144
132
120
119
118
117
105
106
94
95
107
108
96
84
83
71
72
60
59
47
48
36
24
23
35
34
33
21
20
32
31
43
42
30
31
19
18
17
5
6
7
8
9
10
22
23
11
12
12
24
36
48
47
46
58
59
60
72
84
96
108
107
95
94
106
118
117
129
130
131
143
144
132
120
119
118
117
105
93
81
82
70
71
83
84
72
60
48
36
35
23
11
10
9
8
7
6
18
17
5
4
3
2
1
13
25
26
38
37
49
61
73
74
62
50
51
52
53
41
42
30
31
19
20
21
22
34
33
32
44
45
57
69
68
56
55
54
66
78
77
76
75
87
88
89
90
91
103
104
116
128
140
139
138
137
125
113
114
126
127
115
116
104
92
80
79
67
68
69
57
56
44
43
31
30
29
28
16
15
27
39
40
41
29
28
40
52
64
65
77
89
101
102
103
115
114
102
101
100
99
98
110
111
123
135
136
124
112
100
88
87
86
85
97
109
121
122
134
133
134
133
121
122
110
109
97
98
99
111
123
135
136
124
112
113
125
137
138
126
127
139
140
128
129
141
142
141
142
130
131
143
144
132
120
119
107
108
96
95
94
106
105
93
92
91
90
78
66
65
53
54
42
43
55
67
79
80
81
82
83
71
70
58
59
47
35
23
24
12
11
10
22
34
46
45
33
32
20
21
9
8
7
19
18
6
5
17
16
4
3
2
14
15
27
39
38
50
51
63
64
76
75
63
62
74
86
85
73
61
49
37
25
26
14
13
1
67
131
101
40
121
52
121
141
26
108
138
33
115
126
72
125
53
52
47
112
129
90
6
14
16
31
41
56
29
115
86
7
25
58
20
15
24
87
25
133
96
21
96
2
86
120
137
46
128
137
88
111
11
99
142
24
89
92
122
42
129
19
43
107
79
66
8
4
14
119
56
68
77
18
120
4
141
75
34
30
54
22
31
44
91
77
116
33
19
61
110
84
87
103
69
50
28
53
140
17
30
93
60
78
134
5
32
104
11
66
48
73
131
143
38
3
49
71
43
112
136
51
118
27
113
97
6
108
10
82
51
60
59
130
106
105
94
123
100
82
138
68
10
46
143
113
23
26
45
88
126
99
130
140
12
74
28
114
78
79
124
109
36
29
35
118
40
3
64
21
55
15
37
81
71
84
35
45
58
127
23
64
117
144
114
44
34
5
91
50
1
132
70
136
55
13
105
93
139
102
12
72
27
65
103
83
39
128
92
39
116
20
7
127
119
37
62
59
36
133
41
38
83
110
81
97
104
111
95
63
90
49
85
9
1
22
73
98
62
123
42
101
107
132
124
54
139
8
109
57
18
74
48
67
102
75
122
106
76
76
61
9
17
47
135
63
70
100
135
65
134
94
69
144
89
32
125
13
2
142
80
95
16
57
117
80
98
85
101
12
41
123
21
108
108
113
35
59
4
31
32
7
94
102
15
39
120
132
110
77
141
17
14
118
98
91
136
9
81
130
103
13
11
4
40
140
37
29
142
2
104
80
109
54
35
82
89
96
67
19
64
56
44
25
57
126
73
135
140
85
117
68
24
129
78
53
116
72
20
142
34
122
26
3
75
47
19
49
103
114
26
121
69
99
61
135
32
16
13
115
105
79
133
112
6
36
9
22
80
92
76
133
70
42
83
2
87
123
92
101
50
28
53
38
76
143
44
3
75
18
6
7
73
8
125
138
43
30
49
121
17
84
90
126
27
55
39
24
95
102
28
68
127
58
45
46
25
81
90
128
65
55
94
51
99
89
66
52
60
141
85
132
1
136
74
119
52
124
57
56
74
21
51
115
125
8
112
97
42
43
70
96
118
54
67
98
111
137
33
14
71
63
119
5
106
93
139
134
127
38
91
116
63
34
40
104
71
36
23
134
20
95
50
124
122
130
120
5
31
88
110
100
137
105
10
59
15
66
143
117
83
12
109
48
27
86
1
29
58
79
69
64
128
87
78
82
113
23
131
100
18
111
144
11
106
138
47
41
88
84
72
61
22
107
30
10
48
93
144
131
129
97
16
86
62
107
114
46
60
65
62
139
33
45
77
37
1
13
14
15
16
4
3
2
1
13
25
37
49
50
51
52
64
63
75
76
77
65
53
54
66
78
79
91
90
102
103
104
116
115
114
126
127
139
140
128
129
141
142
130
118
117
105
106
107
119
131
143
144
132
120
108
96
84
83
71
70
58
59
47
35
23
11
12
24
36
48
60
72
84
96
95
94
82
81
69
68
80
92
93
81
80
79
67
55
43
44
32
20
21
33
45
46
34
22
10
9
8
7
6
18
19
31
30
42
41
40
39
38
26
27
28
29
17
5
6
7
8
9
21
20
19
31
32
33
45
57
56
44
43
42
41
40
52
51
63
62
61
73
74
86
85
97
98
110
109
121
122
134
135
123
111
99
100
101
89
88
87
99
111
112
124
136
137
138
139
140
141
129
117
118
119
131
130
142
143
144
132
120
108
107
106
94
95
83
82
70
71
72
60
59
47
48
36
24
12
11
10
22
23
35
34
46
58
57
69
68
56
55
67
66
54
53
65
64
76
88
100
101
89
77
78
90
91
92
93
105
104
116
128
127
115
103
102
114
113
112
113
125
126
138
137
125
124
136
135
123
122
110
98
86
87
75
74
62
50
38
39
27
28
29
30
18
17
5
4
16
15
3
2
14
26
25
37
49
61
73
85
97
109
121
133
134
133
133
134
122
110
98
97
109
121
133
134
135
136
137
125
113
101
102
114
115
103
91
90
89
77
78
79
67
68
80
81
69
57
58
70
82
83
71
72
60
59
47
48
36
35
34
46
45
33
21
22
23
24
12
11
10
9
8
7
19
18
30
29
17
16
15
14
13
1
2
3
4
5
6
7
8
20
32
31
43
42
54
55
56
44
43
55
67
66
65
64
52
51
50
38
39
40
28
27
26
25
37
49
61
73
74
62
63
75
76
88
100
112
124
123
111
99
87
86
85
73
61
49
37
38
50
62
63
51
39
40
41
53
52
64
76
88
100
101
113
114
126
138
139
127
128
140
141
129
130
142
143
131
132
120
119
118
117
105
93
92
104
116
117
118
106
107
108
96
84
72
60
48
47
46
34
22
23
35
36
24
12
11
10
9
21
33
32
20
19
31
30
18
6
5
17
16
4
3
2
1
13
25
26
14
15
27
28
29
41
42
54
53
65
66
78
77
89
90
102
103
104
105
93
92
91
79
80
68
56
44
45
57
58
59
71
70
69
81
82
94
106
94
95
83
84
96
95
107
108
120
119
131
130
129
128
116
115
127
126
125
124
112
111
99
87
75
74
86
85
97
98
110
109
121
122
123
135
136
137
138
139
140
141
142
143
144
132
144
104
38
142
112
96
58
73
19
6
52
106
31
8
30
94
65
67
56
90
80
2
144
131
95
41
133
128
58
130
81
101
132
66
88
98
23
117
82
85
40
27
20
48
140
131
25
33
81
61
111
36
30
80
21
14
118
86
41
60
138
17
18
64
63
120
39
12
5
9
36
1
40
128
62
60
139
45
59
93
46
47
15
37
46
12
69
98
42
52
51
15
136
2
55
123
139
28
44
137
79
78
48
63
99
106
29
116
49
87
100
32
103
21
89
107
91
137
61
13
53
103
88
76
18
113
51
114
84
57
124
44
26
108
35
144
129
35
72
4
115
57
112
105
126
143
104
111
25
34
141
83
67
97
42
20
87
95
135
120
133
113
109
37
54
121
5
50
22
19
24
101
85
4
32
31
130
38
9
39
27
78
14
119
72
134
82
3
125
110
100
24
115
116
90
97
33
69
71
114
122
43
17
74
54
47
99
134
43
127
11
65
68
102
110
59
11
26
73
93
53
138
8
10
16
107
117
140
125
1
70
84
45
127
7
74
75
3
13
62
16
22
124
56
71
28
66
143
77
123
34
126
64
76
109
92
108
6
68
142
122
50
77
89
135
23
102
119
132
92
83
7
105
136
70
121
96
94
49
118
55
141
29
10
79
75
91
86
129
99
85
125
23
62
126
55
139
44
13
41
41
85
138
32
60
50
136
30
92
124
58
139
134
26
121
47
144
132
59
14
127
142
73
88
22
8
141
38
93
106
31
37
9
108
48
142
113
77
135
51
7
3
12
29
81
121
87
90
51
39
91
52
33
101
106
49
126
81
60
109
40
118
23
12
137
11
122
78
10
33
98
128
115
69
97
66
35
4
77
57
65
75
116
7
70
93
20
120
76
36
19
31
40
87
55
46
75
127
89
74
103
63
67
48
115
135
25
74
72
129
112
76
96
45
86
56
70
131
86
22
64
17
128
61
114
102
44
54
71
94
132
30
34
25
71
69
43
83
95
24
130
97
105
8
21
27
83
88
113
114
2
61
4
1
104
140
103
21
101
45
27
68
53
110
58
118
111
15
5
1
32
19
108
109
50
62
136
89
73
105
80
46
133
129
66
98
36
119
65
18
117
91
54
138
144
78
84
119
94
90
53
47
102
37
63
137
2
11
116
42
100
24
28
120
141
123
67
29
134
125
34
28
56
16
122
82
16
52
18
9
143
17
72
130
124
133
68
104
79
26
123
3
107
15
6
82
42
6
107
20
92
14
64
95
79
35
84
43
112
80
96
10
117
38
49
140
57
59
39
110
5
99
111
13
100
143
131
144
143
131
119
120
132
144
143
142
130
129
128
116
104
103
91
79
78
77
76
75
87
88
100
99
98
86
85
73
74
62
61
49
50
38
39
27
26
25
37
49
61
73
85
97
109
110
122
121
133
134
135
123
111
112
124
136
137
138
126
114
115
127
139
140
141
142
130
118
117
105
93
81
69
57
56
55
67
68
80
92
93
94
106
107
108
96
84
83
71
72
60
59
47
35
36
48
60
72
84
96
95
83
82
70
58
46
45
44
43
31
19
20
8
7
6
5
17
29
28
16
4
3
2
14
15
27
28
40
41
53
54
42
30
18
6
7
8
9
21
22
23
24
12
11
10
9
21
33
32
44
43
55
56
68
80
92
91
90
89
101
113
125
137
136
124
112
100
88
76
64
65
66
67
79
78
66
54
42
41
29
30
31
32
20
19
18
17
5
4
16
15
3
2
1
13
1
13
14
26
25
37
38
39
51
50
62
74
86
98
97
109
110
122
121
133
134
135
123
111
99
87
75
63
51
63
64
52
40
52
53
65
77
89
90
102
103
104
116
115
114
102
101
113
125
126
138
139
127
128
140
141
129
117
105
106
118
119
131
132
120
108
107
95
94
82
81
69
70
58
57
45
33
34
46
34
35
23
22
10
11
12
24
36
48
47
59
71
1
2
14
26
25
37
49
61
62
63
64
65
77
78
90
89
101
113
114
102
103
91
79
80
92
93
94
82
83
84
72
60
48
36
35
34
33
32
20
8
9
21
22
23
11
12
24
36
48
47
59
71
70
69
81
93
105
106
118
117
129
128
127
126
138
139
140
141
142
130
131
143
144
132
120
108
96
95
107
119
118
106
94
82
81
69
57
58
46
45
44
43
55
54
66
67
68
56
57
45
44
32
31
30
29
17
18
19
7
6
5
4
16
15
3
4
5
17
29
28
27
39
51
50
38
37
49
61
73
74
75
76
88
100
99
111
110
109
97
98
86
85
97
109
121
133
134
122
123
135
136
137
125
124
112
113
114
115
116
104
103
102
101
89
90
78
66
54
42
41
40
52
40
41
53
52
53
65
77
76
64
63
51
39
27
28
16
15
3
2
14
13
1
13
25
26
38
50
62
74
73
85
86
87
75
87
88
100
99
98
110
122
121
133
134
135
123
111
112
124
136
137
125
126
138
139
140
128
127
115
116
104
105
117
129
141
142
130
131
143
144
132
120
119
107
108
96
95
83
84
72
60
59
71
70
58
46
47
35
23
24
12
11
10
9
10
22
34
33
21
20
8
7
6
18
19
31
30
42
43
55
67
79
91
92
80
68
56
4
82
35
57
86
101
40
102
76
52
88
31
87
89
98
140
45
120
22
75
86
13
12
60
113
114
128
107
62
67
142
133
48
68
127
4
9
41
136
97
138
57
141
122
127
130
19
80
102
88
13
31
85
29
121
143
79
51
114
65
50
27
112
54
44
68
92
117
36
83
52
77
131
25
6
71
108
22
124
109
33
47
59
122
66
26
16
82
80
47
15
101
9
119
24
43
58
8
64
99
65
107
106
97
11
61
76
91
73
48
3
28
26
28
63
111
144
136
58
51
53
18
72
17
34
64
104
94
32
115
70
98
30
62
75
78
134
124
42
116
41
53
70
140
49
33
18
125
123
132
134
137
72
69
81
103
121
60
112
1
43
118
38
104
133
20
69
12
130
123
93
8
38
7
1
27
11
23
90
110
44
10
32
25
128
84
46
126
61
23
109
90
115
55
56
5
137
79
118
66
99
106
17
78
46
36
16
14
96
54
15
85
113
35
105
63
67
73
95
50
94
83
2
120
5
14
74
103
2
10
89
96
135
59
40
71
21
20
141
105
37
37
87
7
55
84
29
132
21
19
93
30
91
49
100
135
56
129
3
74
129
143
138
100
6
139
24
142
39
110
139
42
116
45
77
81
39
119
117
34
126
111
125
131
92
144
95
108
6
72
50
53
79
28
65
139
7
6
81
83
83
94
40
122
76
140
113
81
107
24
91
38
90
32
4
133
58
12
85
47
2
141
118
78
33
51
3
141
70
39
114
22
71
93
21
137
72
64
54
106
109
10
42
23
95
138
113
108
136
8
116
44
102
36
30
87
75
134
96
35
134
18
117
98
100
29
77
119
128
62
68
69
73
120
14
62
3
94
100
138
43
45
50
117
99
15
99
142
20
73
47
105
127
66
65
84
61
77
96
46
143
112
44
39
13
91
57
15
112
88
125
18
86
70
17
56
126
22
126
88
103
74
1
14
24
38
92
60
56
119
75
140
82
132
74
109
5
48
114
139
136
135
63
104
54
87
101
36
12
80
1
31
30
19
93
131
37
7
101
110
131
48
17
16
8
57
27
103
49
37
78
104
129
95
68
33
55
64
26
106
120
122
82
137
111
130
144
11
130
4
11
71
2
59
127
69
102
34
29
97
121
51
25
115
142
27
41
59
108
35
123
118
20
97
26
115
55
53
133
92
43
42
79
67
123
143
125
124
31
61
9
23
135
67
129
85
45
84
105
124
144
52
110
89
121
63
58
19
40
128
80
86
89
5
34
46
111
32
28
90
49
10
9
66
132
52
76
60
21
25
107
13
41
16
116
98
