##Rat 8 Day 31
 ##rewards
71
58
124
##Vertices
12
24
36
35
23
22
21
9
10
11
12
24
36
48
60
72
84
96
95
83
82
81
93
92
104
105
117
118
119
120
108
107
106
94
93
81
69
70
58
59
47
46
34
33
32
20
19
31
43
44
56
57
45
44
32
31
30
29
17
18
6
5
4
3
15
14
26
27
28
16
4
3
2
1
13
25
37
49
50
62
63
64
76
77
89
88
87
75
74
73
61
49
37
38
39
51
52
40
41
53
54
66
78
79
80
68
67
55
43
42
54
55
56
68
67
66
65
77
78
90
102
103
115
127
128
116
104
105
117
129
130
131
132
144
143
142
141
140
139
138
126
114
113
101
100
112
111
99
98
110
122
134
133
121
109
97
85
86
87
88
89
101
100
99
111
123
135
136
137
125
124
123
122
110
109
121
133
134
135
136
124
125
137
138
126
127
139
140
141
142
143
144
132
120
108
107
95
96
84
72
71
59
60
48
47
35
23
11
10
9
8
7
8
7
6
5
17
16
15
14
2
1
13
25
26
38
50
51
63
62
61
73
85
97
98
86
74
75
76
64
65
53
52
40
39
27
28
29
41
42
30
18
19
20
21
22
34
33
45
46
58
57
69
70
71
83
82
94
106
118
119
131
130
129
128
116
115
103
91
79
80
92
91
90
102
114
113
112
133
134
135
123
122
110
98
97
109
121
133
134
135
136
137
138
139
140
128
127
115
103
104
92
93
105
106
118
130
142
141
129
117
116
104
103
102
114
113
125
124
112
111
99
87
86
74
75
76
88
89
101
100
88
87
75
63
51
50
62
61
49
37
25
26
14
15
27
39
38
37
25
13
1
2
3
4
5
17
18
30
42
43
55
56
44
32
31
19
7
6
5
4
16
28
29
41
40
52
53
65
66
67
79
91
90
78
77
76
64
65
77
89
90
78
66
54
55
67
68
69
81
82
83
95
94
93
105
106
107
119
131
143
144
132
120
108
96
84
72
71
70
58
57
45
46
34
33
21
22
23
24
12
11
10
9
8
20
32
44
56
57
45
33
34
35
36
48
60
59
47
35
23
22
10
11
12
24
36
48
47
59
60
72
71
83
84
96
108
120
132
144
143
142
141
129
128
140
139
138
126
125
137
136
124
123
122
121
109
97
85
73
85
73
61
49
50
38
26
14
13
1
2
3
15
16
17
29
30
18
6
7
8
9
21
20
19
31
43
42
54
53
41
40
28
27
39
51
52
64
63
62
74
86
98
110
111
99
100
112
113
101
102
114
126
127
115
116
117
118
130
131
119
107
95
94
82
81
80
79
91
92
80
68
69
70
58
46
87
62
66
102
20
104
119
133
110
56
92
91
45
43
23
75
24
131
55
1
137
109
18
57
9
49
140
143
78
64
6
114
76
144
61
70
96
124
99
117
130
135
108
80
72
34
85
48
15
65
5
84
115
110
129
58
58
77
90
44
20
55
25
108
137
123
23
81
47
141
4
113
32
39
57
78
89
124
10
96
132
21
117
82
125
41
51
25
28
61
107
129
42
86
13
103
143
136
16
63
116
48
38
63
59
119
127
3
9
134
3
135
126
68
73
19
97
22
98
39
103
66
35
88
6
35
7
41
17
85
11
16
131
44
128
76
24
111
40
18
31
139
2
83
14
12
101
33
142
60
112
126
138
69
77
89
26
90
62
74
59
1
15
67
128
86
123
53
118
4
17
75
14
111
122
94
27
73
101
80
28
42
115
91
33
65
56
38
13
113
43
26
54
118
60
37
46
45
79
94
142
36
52
88
138
30
120
8
120
100
49
83
71
106
29
19
37
140
8
54
72
132
27
11
47
40
107
136
22
46
130
82
79
87
105
102
71
141
116
144
122
105
52
121
7
10
92
50
34
121
68
70
2
125
21
50
53
69
67
36
93
5
112
29
139
31
93
134
30
32
109
95
106
99
51
95
98
97
100
84
104
64
74
114
133
127
12
81
89
11
110
95
17
23
80
42
32
54
106
28
61
69
107
93
74
14
70
24
78
1
118
75
68
115
95
46
47
21
111
77
25
73
140
87
89
107
20
37
129
98
4
83
142
109
122
21
34
141
55
28
91
118
87
79
8
59
51
40
14
61
59
36
30
2
56
125
136
27
41
75
33
92
26
101
11
64
111
27
131
72
44
43
47
84
82
130
34
76
91
66
96
114
129
37
63
99
44
35
43
106
30
39
117
19
56
74
29
35
116
105
143
119
137
46
119
136
7
96
109
126
39
12
124
108
104
117
124
65
60
125
13
86
88
139
123
110
60
3
18
67
85
79
22
140
116
50
128
134
53
88
82
26
53
55
90
49
19
78
70
77
33
127
81
97
137
64
92
102
25
10
38
48
42
68
113
93
120
54
4
29
138
105
45
24
131
38
86
48
126
123
99
7
20
72
63
122
142
144
57
66
62
10
121
52
17
15
5
102
133
101
18
23
16
85
2
84
62
32
50
134
71
9
6
22
103
5
98
36
138
9
65
57
81
40
97
31
114
52
103
132
3
127
94
132
58
113
1
67
6
120
51
13
31
100
58
139
130
112
8
135
45
90
133
121
69
128
94
12
41
141
80
115
143
16
112
76
71
73
104
108
83
15
144
135
49
100
1
2
3
4
5
17
16
28
29
30
42
41
40
52
53
65
64
76
77
78
79
91
103
102
90
89
101
100
88
87
86
74
73
85
97
98
99
111
110
122
121
133
134
135
136
137
125
113
114
126
127
115
116
117
118
106
94
82
81
69
68
56
44
45
33
34
46
58
57
56
55
54
66
67
55
43
31
32
20
19
18
6
7
8
9
21
22
23
11
12
24
36
48
60
72
71
59
47
35
36
48
60
72
84
83
95
96
108
107
119
120
132
144
143
131
130
142
141
129
128
140
139
138
137
136
124
112
100
99
87
75
63
51
39
38
37
49
61
62
50
51
39
27
15
14
13
25
26
27
28
40
52
64
65
77
78
90
91
92
80
68
69
70
82
81
93
105
104
103
115
116
128
127
126
138
139
140
141
142
143
144
132
131
130
129
117
118
106
107
119
120
108
96
84
83
95
94
93
105
104
92
80
79
67
66
54
53
41
42
30
29
17
18
19
31
43
44
32
20
21
33
45
57
58
70
71
59
47
46
34
35
23
24
12
11
10
22
10
9
8
7
6
5
4
16
15
3
2
1
13
14
26
25
37
38
50
49
61
62
74
73
85
86
98
97
109
110
109
121
133
134
135
123
122
123
111
112
124
125
113
114
102
101
89
88
76
75
63
144
132
120
108
96
95
107
106
94
82
81
93
105
104
92
91
103
102
90
78
66
65
64
76
77
89
88
100
101
113
125
126
138
137
136
124
112
111
123
122
134
133
121
109
97
85
86
87
75
74
62
63
51
39
27
28
29
30
42
43
55
56
57
45
46
34
33
32
44
56
68
80
79
67
68
69
70
58
59
71
83
84
72
60
48
47
35
23
24
12
11
10
9
8
7
19
20
21
22
10
9
8
7
6
18
17
5
4
16
15
3
2
1
13
14
26
25
37
38
50
49
61
73
85
97
98
99
100
112
113
114
115
116
117
129
141
140
139
127
128
116
117
118
119
131
143
142
130
118
106
105
104
103
91
90
78
77
65
53
54
55
43
31
30
42
41
40
52
64
63
51
50
62
74
73
61
49
37
25
13
1
2
14
26
38
39
27
28
16
15
3
4
5
6
18
17
29
41
40
52
53
54
66
67
79
80
92
93
81
82
94
95
83
71
70
69
57
58
59
47
46
45
44
32
31
19
20
21
33
34
22
23
11
12
24
36
35
36
48
60
72
84
96
108
107
119
120
132
144
143
131
130
142
141
129
128
140
139
127
126
138
137
125
124
136
135
123
135
134
133
121
109
110
122
110
111
99
98
86
87
75
76
88
89
101
102
114
115
86
133
111
114
51
11
73
67
79
128
4
76
35
69
46
45
27
97
75
54
102
91
37
81
32
56
120
42
65
125
123
16
104
24
8
7
60
48
144
16
117
112
132
15
49
38
133
100
11
137
106
119
6
96
113
78
60
112
14
101
140
19
13
77
31
61
115
82
129
123
135
42
49
50
144
70
85
24
131
99
96
114
74
59
107
87
141
53
29
44
71
77
115
27
106
26
120
111
80
17
86
17
126
30
44
9
108
95
116
33
80
55
102
78
140
40
94
84
134
30
54
89
108
93
83
14
87
57
131
43
118
129
88
21
63
39
64
66
122
132
82
83
72
1
68
143
10
62
103
36
6
9
95
79
73
43
109
143
23
66
57
15
139
28
125
28
81
105
74
138
100
63
117
94
104
136
121
36
127
20
97
118
58
58
69
103
110
136
128
51
90
124
34
8
121
1
2
101
19
25
25
41
99
56
142
105
127
72
26
67
52
70
142
5
119
32
135
40
20
126
124
90
31
76
71
34
134
41
37
68
12
29
3
33
5
75
141
137
92
3
98
138
130
22
85
139
55
122
47
113
2
65
110
21
91
18
116
45
39
10
22
12
62
107
61
84
53
7
18
35
46
47
92
98
48
88
59
4
130
89
64
23
50
52
38
93
109
13
127
119
45
114
111
42
80
55
30
95
100
64
64
99
115
133
111
29
122
7
113
57
31
29
130
82
65
67
14
14
117
118
80
38
84
11
33
136
66
123
133
139
106
36
38
19
6
4
25
27
83
108
17
5
138
112
140
13
97
74
81
120
69
99
23
2
131
32
50
95
24
20
59
137
13
42
45
56
4
28
121
39
78
104
87
31
135
98
94
127
91
84
53
107
71
98
113
55
109
24
68
59
60
1
40
101
75
33
25
139
134
15
70
108
9
26
3
138
47
5
142
143
77
73
109
46
135
12
62
49
22
89
125
79
72
18
140
47
9
131
141
1
86
63
52
15
92
65
23
19
2
122
17
96
90
136
88
85
69
41
81
134
129
117
121
92
115
3
50
110
103
67
58
102
6
53
71
105
76
116
7
34
12
125
8
93
21
105
20
118
11
89
126
75
120
107
68
58
21
34
30
16
44
87
22
63
52
143
124
32
49
112
85
43
79
96
86
10
119
46
72
82
141
116
144
51
35
88
51
40
56
37
28
123
106
26
8
35
128
126
62
54
78
76
142
66
36
18
128
102
132
37
43
94
101
104
144
39
57
27
41
10
100
103
48
132
110
70
124
60
77
61
93
83
74
54
137
16
114
73
44
48
129
61
97
90
130
91
12
24
23
11
10
22
21
9
8
20
32
33
45
44
43
31
19
7
6
5
17
18
30
29
28
27
39
38
50
51
52
53
54
42
41
40
28
16
4
3
15
14
2
1
13
25
37
49
61
73
74
62
63
64
65
77
78
79
80
68
69
81
93
105
104
103
91
90
102
114
113
101
100
112
124
125
137
136
135
134
133
121
122
123
111
99
98
110
109
97
85
86
87
88
89
77
76
75
63
64
76
75
87
88
89
90
102
103
115
127
128
129
130
131
119
107
108
96
95
83
82
94
106
118
117
116
104
92
93
105
117
116
115
114
126
138
139
140
141
142
143
144
132
120
108
96
84
72
60
59
71
70
58
46
34
35
36
48
47
46
34
33
32
31
43
55
56
57
58
70
82
94
106
107
95
83
84
72
71
59
60
48
47
35
36
24
12
11
23
22
10
9
21
20
8
7
19
18
6
5
17
29
30
42
54
55
67
79
91
92
80
81
69
57
45
44
56
68
67
66
78
66
65
53
41
40
52
51
39
27
26
38
26
14
15
16
4
3
2
1
13
25
37
49
50
62
61
73
74
86
85
97
98
110
109
121
133
134
122
123
135
136
124
112
111
99
100
101
113
125
137
138
126
127
139
140
128
129
141
142
130
131
143
144
132
120
119
118
144
143
131
132
120
119
107
108
96
95
94
106
105
93
81
82
83
84
72
60
59
71
70
58
46
34
33
21
20
32
44
56
68
69
57
45
46
47
48
36
35
23
24
12
11
10
9
8
7
6
18
19
31
43
55
54
66
78
90
91
103
102
101
100
88
76
77
65
64
63
51
52
40
39
38
50
49
37
25
13
1
2
14
26
27
28
16
15
3
4
5
17
29
41
53
54
42
30
31
43
42
30
29
41
53
65
64
76
75
74
86
98
110
122
123
124
136
137
125
126
114
113
112
111
99
87
88
89
101
100
99
87
75
63
62
61
73
85
97
109
121
133
134
135
136
137
138
139
140
128
127
115
116
117
118
130
142
141
129
117
118
106
94
82
81
80
92
104
116
115
114
113
112
124
125
126
138
139
127
128
140
141
129
130
142
143
144
132
131
119
120
108
107
95
96
84
83
71
72
60
59
58
70
69
68
80
79
78
77
89
90
102
103
104
105
93
92
91
79
67
66
67
55
56
57
45
44
32
33
34
22
21
22
23
35
47
48
36
24
12
11
10
9
8
20
19
7
6
18
17
5
4
16
15
3
2
1
13
14
26
25
37
38
39
27
28
40
52
51
50
49
61
62
74
73
85
86
98
97
109
110
122
121
133
134
135
123
111
82
39
116
113
58
129
78
112
19
27
64
127
49
143
73
12
50
16
140
11
116
91
69
56
135
61
126
9
136
13
29
29
55
83
30
138
106
125
89
33
84
144
23
105
60
122
38
50
142
56
52
67
65
17
36
30
97
84
41
118
14
139
128
71
144
132
22
8
142
92
87
143
64
107
15
33
106
131
95
63
13
41
40
74
136
8
123
107
47
24
95
22
114
4
124
128
103
110
5
104
9
3
63
45
7
57
126
10
67
130
1
124
117
59
77
21
37
42
24
85
66
141
109
127
115
138
134
100
18
69
48
110
86
73
90
52
15
121
37
131
134
54
76
72
94
32
121
31
21
26
25
98
76
68
47
53
62
99
45
75
57
79
133
111
32
19
140
65
10
86
92
42
129
48
137
88
109
80
115
7
70
93
130
89
59
111
49
20
117
83
80
58
4
93
70
91
120
51
101
77
34
75
120
11
94
25
133
99
39
35
40
38
123
61
6
71
85
105
68
114
51
46
72
5
90
14
23
28
104
141
12
103
87
82
31
20
2
43
60
17
102
139
54
26
135
122
34
16
78
35
113
125
27
2
81
100
3
88
66
101
44
6
18
132
119
28
43
112
98
46
81
62
96
36
96
108
53
97
1
137
55
118
44
102
108
74
119
79
115
48
32
8
91
99
133
121
120
25
139
91
95
33
66
140
33
112
9
132
81
44
46
82
136
57
118
116
15
93
47
137
24
9
60
65
134
107
71
20
14
62
78
127
72
73
22
81
67
101
31
111
52
77
42
135
122
94
97
102
77
8
137
117
38
68
110
102
56
50
105
67
39
128
72
105
26
26
64
78
99
121
108
126
69
64
76
29
24
17
63
111
31
61
40
54
13
132
60
104
63
36
109
40
84
61
138
27
100
38
90
53
19
127
143
114
74
110
142
6
68
13
123
29
6
106
1
134
92
107
55
95
98
25
75
21
46
88
79
58
98
113
11
123
126
48
45
131
23
83
58
142
117
65
113
138
119
22
21
144
135
14
96
86
75
45
83
23
125
3
122
141
41
94
15
85
80
52
12
101
18
11
90
59
35
47
131
7
129
53
89
19
93
43
43
50
41
96
103
118
16
106
87
34
16
141
39
17
76
116
109
97
124
51
51
104
80
1
139
55
32
79
87
100
28
37
28
4
7
108
92
56
30
35
71
73
62
59
44
5
136
70
143
114
3
124
133
128
86
144
69
20
85
10
18
88
57
129
103
140
70
37
30
130
36
27
34
10
66
89
115
49
2
5
54
49
12
42
2
130
74
125
120
84
112
82
119
4
