##Rat 7 Day 27
 ##rewards
62
51
129
##Vertices
133
121
109
97
98
99
87
86
85
73
61
49
37
38
50
51
39
27
28
16
15
14
2
1
13
25
26
27
28
40
52
64
63
75
74
62
61
73
85
97
109
110
122
134
135
136
137
138
139
127
128
140
141
142
143
144
132
120
119
107
108
96
84
72
71
83
95
94
93
92
104
103
115
114
126
125
124
123
111
112
113
101
100
88
76
77
89
90
91
79
67
68
69
70
58
57
56
55
54
42
41
29
17
5
6
7
8
20
32
31
19
18
30
29
41
53
65
66
78
77
76
88
89
101
102
114
115
116
117
129
130
118
106
105
104
116
117
105
93
81
80
68
56
44
43
42
30
31
43
44
45
46
47
35
34
22
10
9
21
33
45
57
58
59
60
48
36
24
23
11
12
11
12
24
23
35
36
48
47
46
34
22
10
9
21
33
32
20
8
7
19
18
6
5
17
16
4
3
4
3
15
14
2
1
13
25
26
38
37
49
50
51
39
40
52
53
54
55
67
79
80
92
91
103
102
90
78
66
65
64
63
62
74
75
87
86
98
110
122
121
133
134
135
123
111
99
100
112
113
125
124
136
137
138
126
127
139
140
128
129
141
142
143
131
130
118
106
107
95
94
82
81
69
70
82
83
71
59
60
72
84
96
108
120
119
131
132
144
144
143
142
141
129
117
116
128
140
139
138
137
136
124
125
113
112
111
99
98
110
122
121
133
134
135
123
111
99
100
101
102
114
115
127
126
138
139
140
141
142
130
131
132
120
108
96
84
72
71
59
60
48
36
24
12
11
10
22
21
9
8
7
6
18
19
20
32
44
56
57
69
70
82
83
95
107
119
118
106
94
93
105
104
103
91
92
80
68
67
66
54
42
30
29
41
53
65
77
76
88
87
86
85
73
61
49
50
51
63
62
74
75
87
88
89
90
78
79
91
103
104
92
93
81
82
70
58
46
47
35
34
33
45
57
58
46
45
44
43
55
54
53
52
64
76
75
63
64
52
40
28
16
15
27
26
25
37
38
39
40
41
29
17
5
4
3
2
14
13
1
13
1
2
14
15
3
4
16
28
27
26
25
37
38
39
51
50
49
61
62
74
73
85
86
98
97
109
97
109
110
122
121
133
134
135
123
124
136
137
125
113
112
100
101
89
77
65
66
67
55
56
68
69
81
80
79
78
90
102
114
126
127
115
116
128
129
130
131
143
144
132
120
119
118
117
105
106
94
95
107
108
96
84
83
71
72
60
59
47
48
36
24
23
35
34
33
21
20
32
31
43
42
30
31
19
18
17
5
6
7
8
9
10
22
23
11
12
79
122
52
45
2
44
2
97
22
136
61
106
75
62
139
50
56
44
129
39
98
65
72
23
47
82
57
92
58
75
17
84
10
116
95
35
143
29
10
1
137
107
137
24
17
135
49
117
86
49
41
27
132
28
109
143
53
89
14
69
98
83
81
124
78
67
96
48
23
123
92
91
54
71
135
48
97
30
118
70
68
119
82
93
77
54
87
106
83
7
15
138
29
76
103
20
46
56
85
59
70
101
140
66
13
60
94
88
132
67
141
6
122
121
21
36
8
127
81
39
37
32
111
34
51
4
72
136
120
114
32
140
128
110
112
100
113
26
40
114
61
91
120
117
121
51
131
22
105
41
62
28
110
85
144
18
46
63
66
78
38
3
142
58
130
111
45
36
43
107
80
35
9
102
127
138
130
105
116
74
131
43
99
133
63
93
118
60
77
20
12
134
115
37
80
11
100
101
73
64
144
139
34
55
76
126
33
86
89
33
87
95
84
74
123
9
19
128
142
1
57
21
126
15
102
4
88
27
125
31
65
8
5
108
12
119
6
16
19
26
69
52
124
134
38
68
73
96
3
104
71
18
141
79
64
30
14
112
42
42
7
108
59
129
25
31
115
40
25
55
13
113
103
133
53
94
50
11
24
109
90
125
47
104
99
90
16
5
52
144
57
26
107
136
136
51
130
128
48
82
94
84
113
64
35
33
135
134
15
54
97
59
23
111
16
77
37
108
102
110
76
11
132
48
45
85
9
58
109
24
88
90
3
68
130
114
53
137
79
83
43
92
93
10
104
62
6
25
85
5
99
91
143
98
66
56
87
139
95
109
118
14
22
36
30
129
83
8
76
63
22
2
103
28
7
25
94
47
11
75
100
78
1
39
72
142
108
119
90
89
42
1
115
69
126
24
29
26
89
52
20
46
56
21
42
121
93
36
30
71
72
84
6
96
50
61
81
70
8
2
59
138
65
62
34
80
33
143
125
64
46
91
74
116
105
117
10
102
65
86
55
80
113
32
28
53
67
44
140
97
5
134
12
37
18
123
44
38
104
92
18
107
32
75
50
96
39
4
69
81
115
137
111
68
79
16
27
49
106
23
127
31
123
60
112
101
73
13
74
21
77
87
31
118
45
88
127
142
131
13
95
125
20
38
14
110
135
60
82
41
15
40
49
100
120
128
35
67
121
99
126
144
3
141
34
17
12
58
116
78
103
43
86
29
66
114
51
131
122
40
71
27
133
132
112
61
129
57
41
138
139
7
119
124
70
120
141
101
133
122
98
4
47
17
19
124
63
117
140
55
19
73
106
105
54
9
12
11
23
35
47
48
36
24
12
11
10
9
8
20
32
44
43
31
30
42
54
55
56
68
67
66
78
77
65
64
76
88
87
75
63
62
74
73
85
86
98
97
109
110
111
99
100
112
124
123
122
121
133
134
135
136
137
138
126
127
115
116
128
129
130
131
132
144
143
142
141
140
139
138
137
125
113
114
102
103
91
90
89
101
102
90
78
79
80
81
93
94
95
107
106
105
117
118
119
120
108
96
84
72
71
83
82
70
69
57
45
33
21
22
34
46
58
59
60
72
84
96
108
107
95
83
82
94
106
105
104
92
93
81
69
57
45
44
32
31
19
7
6
18
17
5
4
16
15
3
2
14
13
25
26
27
28
40
52
53
41
29
28
27
39
38
37
49
61
73
85
97
98
99
111
123
122
110
109
121
133
134
135
136
124
112
113
125
126
114
115
127
139
140
128
129
141
142
143
144
132
120
119
131
130
118
117
116
104
103
91
92
80
79
67
68
56
55
43
42
41
40
52
53
54
66
65
77
89
101
100
88
87
86
74
75
76
64
63
51
39
51
50
62
61
49
50
38
37
25
26
14
15
16
17
29
30
18
19
20
21
33
34
46
58
70
71
59
60
48
47
35
36
24
23
22
10
9
8
7
6
5
4
3
2
1
13
1
1
13
14
15
16
4
3
2
1
13
25
37
49
50
51
52
64
63
75
76
77
65
53
54
66
78
79
91
90
102
103
104
116
115
114
126
127
139
140
128
129
141
142
130
118
117
105
106
107
119
131
143
144
132
120
108
96
84
83
71
70
58
59
47
35
23
11
12
24
36
48
60
72
84
96
95
94
82
81
69
68
80
92
93
81
80
79
67
55
43
44
32
20
21
33
45
46
34
22
10
9
8
7
6
18
19
31
30
42
41
40
39
38
26
27
28
29
17
5
6
7
8
9
21
20
19
31
32
33
45
57
56
44
43
42
41
40
52
51
63
62
61
73
74
86
85
97
98
110
109
121
122
134
135
123
111
99
100
101
89
88
87
99
111
112
124
136
137
138
139
140
141
129
117
118
119
131
130
142
143
144
132
120
108
107
106
94
95
83
82
70
71
72
60
59
47
48
36
24
12
11
10
22
23
35
34
46
58
57
69
68
56
55
67
66
54
53
65
64
76
88
100
101
89
77
78
90
91
92
93
105
104
116
128
127
115
103
102
114
113
112
113
125
126
138
137
125
124
136
135
123
122
110
98
86
87
75
74
62
50
38
39
27
28
29
30
18
17
5
4
16
15
3
2
14
26
25
37
49
61
73
85
97
109
121
133
134
133
88
21
109
39
137
116
6
83
72
44
112
82
96
70
113
55
79
92
65
90
24
133
122
125
57
1
86
116
110
102
52
134
67
41
16
131
99
114
5
45
34
95
141
85
122
10
106
102
7
27
142
70
90
107
23
111
17
57
140
61
59
71
43
31
135
33
144
60
108
142
12
45
86
19
140
73
105
128
101
117
129
35
9
117
144
103
16
69
44
32
35
37
24
80
26
73
46
93
49
78
66
141
31
28
112
58
87
8
29
40
94
76
107
53
124
77
49
7
11
56
76
41
42
71
51
32
63
138
104
38
93
22
136
130
133
98
130
139
48
75
104
39
100
62
121
88
27
10
118
97
126
79
4
69
95
29
125
25
135
1
51
3
9
68
2
60
20
119
83
143
52
5
48
94
82
110
21
108
33
34
66
23
123
139
13
114
36
50
15
40
143
75
87
65
4
106
103
127
63
14
81
59
18
68
129
28
13
81
74
132
55
91
64
15
128
132
22
6
101
56
61
96
120
47
124
99
85
50
12
115
138
105
74
84
18
30
36
11
19
47
119
38
92
127
46
67
121
54
26
118
62
43
42
3
89
136
72
91
109
14
20
54
53
25
131
64
123
134
89
126
84
100
37
115
2
137
113
8
111
80
97
58
120
78
30
77
17
98
28
5
50
131
19
62
80
73
93
11
57
57
5
61
94
140
20
37
70
89
38
116
73
13
22
2
129
133
134
128
23
74
109
6
41
119
96
97
21
101
112
82
9
108
136
141
109
51
54
25
32
84
36
144
58
102
2
29
65
32
33
77
44
106
52
112
8
62
102
140
3
45
111
131
144
49
132
14
66
120
106
16
86
75
103
4
67
130
48
54
104
55
30
87
84
115
101
95
135
42
142
83
82
45
29
80
117
30
74
53
18
76
31
79
141
75
25
10
18
139
98
39
42
137
105
17
92
115
122
17
119
43
59
86
7
63
64
93
68
127
113
134
70
118
10
127
103
81
126
125
143
110
4
100
96
107
34
126
41
51
63
24
7
48
12
88
85
76
107
52
105
34
91
56
15
116
111
27
35
60
12
94
83
136
3
20
19
37
53
6
100
90
117
1
98
67
16
142
123
55
71
99
77
68
61
133
66
138
123
113
65
56
129
64
9
31
49
24
132
87
69
40
143
46
135
97
26
79
58
13
50
118
46
92
47
14
114
47
44
71
108
121
59
139
110
38
1
91
88
78
22
26
36
124
35
72
114
69
72
124
95
89
23
43
125
78
130
138
81
39
90
137
120
99
21
8
85
104
128
33
15
60
28
27
11
40
121
122
133
121
122
123
135
134
133
121
109
110
98
86
87
88
76
77
78
66
54
42
30
29
41
40
28
16
17
5
6
18
19
7
8
20
21
33
34
22
10
9
8
7
6
5
4
3
15
14
2
1
13
25
26
27
39
38
37
49
61
62
63
75
74
73
85
97
109
110
111
99
100
101
102
103
104
92
80
79
91
90
89
101
113
112
124
136
137
138
126
127
139
140
128
129
130
142
141
140
139
138
137
125
126
114
115
116
117
105
93
81
82
83
95
96
84
72
60
59
58
46
47
48
36
24
23
35
34
46
45
57
56
68
69
70
71
72
84
96
108
107
119
131
143
144
132
120
108
107
106
94
93
81
80
92
91
90
89
77
65
53
52
51
50
49
37
38
39
40
41
42
43
55
67
79
78
66
67
68
69
57
58
70
82
94
95
83
71
59
60
48
47
35
36
24
12
11
12
11
23
22
10
9
21
33
32
20
19
18
17
16
4
3
15
14
2
1
13
25
26
27
28
29
30
31
32
31
43
44
45
44
56
55
54
53
65
64
76
88
87
75
63
64
52
51
50
62
61
73
74
86
85
97
98
99
100
112
111
123
122
134
135
136
124
125
113
114
102
103
115
116
104
105
106
118
117
118
130
131
119
120
132
144
143
142
141
129
128
127
12
24
23
22
10
9
8
7
19
31
43
55
54
66
65
53
52
51
63
64
76
77
78
90
89
101
113
114
126
138
139
140
141
142
130
118
106
94
95
96
108
107
119
131
132
144
143
142
141
129
128
127
115
103
102
101
100
112
111
99
98
86
74
62
61
73
85
97
109
110
122
121
133
134
135
136
137
125
124
123
111
112
113
114
102
103
104
116
117
105
93
81
80
68
67
79
91
92
104
105
93
94
82
70
58
59
71
83
84
72
60
48
47
35
36
48
60
59
58
46
34
33
32
20
21
9
8
7
6
18
30
42
41
40
28
27
15
3
4
16
17
5
4
3
2
1
13
14
26
25
37
49
50
38
39
51
63
75
87
88
76
64
52
53
65
66
67
68
69
57
45
44
45
57
56
44
56
55
54
42
43
31
32
33
34
46
47
35
36
24
23
11
12
11
10
22
21
20
19
18
6
5
17
29
30
29
41
40
28
16
15
14
2
1
13
25
26
27
39
38
37
49
50
62
61
73
85
86
74
75
87
88
100
99
98
97
109
110
122
121
133
134
135
123
124
136
137
125
126
138
139
140
128
127
115
116
117
129
130
131
143
144
132
120
108
120
119
118
106
107
95
96
84
72
71
83
82
70
69
81
80
79
78
77
89
90
91
92
48
114
130
104
17
52
45
64
42
44
41
82
29
53
16
85
105
135
119
30
17
11
144
140
51
63
86
124
19
79
109
1
141
91
74
48
108
57
37
4
61
104
97
14
74
110
83
90
64
41
11
82
5
58
2
121
78
32
63
55
20
34
39
68
93
91
89
99
142
126
44
54
122
10
72
127
136
119
38
3
106
129
128
14
67
22
47
114
90
129
35
52
108
123
143
81
116
96
43
28
55
124
112
4
132
7
42
77
6
141
36
46
22
46
31
27
133
37
116
32
56
71
139
59
118
43
88
113
94
75
115
16
70
19
30
66
13
38
69
87
57
56
115
85
8
106
71
50
26
134
13
49
139
103
102
76
2
140
39
12
81
111
21
88
1
95
103
144
110
26
101
96
21
84
12
34
132
131
65
15
93
120
94
10
86
138
117
62
7
131
3
65
75
80
92
60
49
78
111
67
28
112
59
66
117
142
47
23
137
68
35
5
51
130
100
31
79
6
125
20
113
126
24
135
60
23
18
76
24
120
53
137
25
128
45
127
107
95
97
100
9
9
29
84
80
138
58
134
107
83
101
70
77
8
40
25
92
98
36
18
98
121
61
40
72
73
143
109
33
15
73
69
87
105
54
102
33
123
99
118
62
27
50
122
89
133
125
136
72
139
20
56
78
46
55
73
84
72
102
126
126
113
45
14
42
85
51
102
124
143
77
21
65
94
48
1
116
144
5
129
24
97
111
66
106
32
36
97
115
33
63
119
127
101
107
49
139
43
68
112
3
120
69
131
125
61
51
136
37
96
87
93
64
142
70
29
30
13
137
130
13
71
99
16
40
58
54
123
86
19
91
103
6
135
23
19
36
113
40
61
81
105
20
99
28
35
28
109
95
6
129
100
74
67
55
138
7
54
137
117
121
39
93
33
11
77
104
35
39
41
50
71
17
115
59
92
62
119
62
41
76
18
12
23
143
21
89
140
92
123
30
85
114
134
18
3
60
141
63
73
37
25
31
88
68
29
52
142
144
90
12
82
70
83
101
122
9
84
52
15
122
141
59
47
96
104
34
76
8
9
66
88
98
125
91
106
80
43
22
112
135
14
114
49
27
110
133
132
110
48
132
127
24
128
74
103
64
118
58
4
2
32
10
75
109
34
57
128
136
130
26
111
95
4
22
75
80
56
1
89
81
69
78
79
26
121
50
38
82
7
108
131
25
79
98
5
105
138
100
38
133
44
15
53
2
31
116
83
45
86
90
17
53
60
118
117
27
94
46
65
8
120
108
67
134
44
42
140
107
10
124
11
57
47
87
16
