##Rat 7 Day 12
 ##rewards
62
51
129
##Vertices
79
123
122
134
138
73
116
34
9
61
109
29
94
84
100
23
32
81
12
60
4
38
31
4
144
47
62
36
19
76
39
19
93
6
14
94
64
26
71
115
1
66
125
115
45
105
3
8
90
71
128
110
54
135
56
121
78
11
22
27
76
120
2
52
138
58
69
128
74
8
101
88
97
62
54
64
130
87
104
5
53
114
77
15
86
86
133
96
89
40
143
120
117
5
90
10
89
28
82
49
70
77
51
23
29
59
21
25
144
99
28
66
61
129
42
106
13
11
45
36
112
32
39
130
24
58
24
16
17
140
70
20
42
75
81
37
127
103
44
131
31
83
134
14
7
119
135
67
65
6
80
121
57
18
2
82
85
97
37
3
12
85
22
72
83
131
108
126
9
35
104
53
117
43
132
102
43
41
95
59
108
63
139
49
87
91
50
114
139
136
119
50
137
136
140
106
41
60
142
118
99
109
56
142
111
141
132
127
102
137
113
38
33
93
51
91
80
92
126
84
100
21
67
7
30
124
65
118
107
26
101
143
55
133
75
25
123
79
107
48
116
10
74
111
95
20
69
129
73
68
78
103
17
48
68
15
30
63
98
57
34
47
125
18
40
72
122
112
98
88
92
44
113
35
13
105
33
27
55
1
141
46
96
124
52
16
46
110
80
66
131
16
58
16
2
22
122
38
143
32
102
4
48
106
70
141
15
81
113
42
10
128
108
32
115
114
75
143
101
81
136
111
107
69
108
65
62
142
26
132
141
48
37
129
17
64
4
59
111
124
18
96
80
61
8
93
14
130
138
41
68
40
54
45
122
131
31
90
39
107
72
134
126
93
97
76
85
1
30
49
92
24
44
7
13
74
2
98
86
49
45
21
125
120
133
9
67
51
50
133
110
65
114
92
71
17
29
34
79
64
60
51
26
128
73
142
94
123
139
119
52
63
63
21
104
15
119
78
77
75
100
91
11
103
127
53
23
66
101
132
96
83
55
27
91
82
28
36
99
100
98
59
6
79
31
86
43
78
62
6
19
8
20
140
88
137
144
54
87
95
116
99
50
84
83
76
35
28
12
30
35
27
129
46
47
138
103
120
29
57
117
9
112
140
74
124
97
102
126
70
57
112
123
11
71
60
82
53
36
55
127
118
68
84
44
7
113
109
134
43
130
121
61
117
12
135
73
37
52
104
94
121
33
47
77
20
105
33
85
125
22
41
69
88
39
3
10
25
42
116
19
90
72
87
110
106
137
25
56
14
5
5
115
89
1
139
105
136
135
109
144
18
95
24
46
58
89
67
38
13
56
3
118
23
34
40
12
11
10
9
21
22
34
35
23
24
36
48
60
72
71
59
58
46
47
48
60
59
58
70
82
83
95
94
106
107
108
96
84
72
71
70
69
81
80
79
67
55
43
42
30
29
41
40
28
27
39
38
26
14
15
3
2
1
13
25
37
49
61
73
85
97
109
121
133
134
135
123
122
110
111
112
100
101
102
90
89
77
65
53
54
66
78
77
76
88
87
86
98
99
87
75
63
51
52
64
76
75
74
62
50
49
37
38
39
27
28
16
4
5
6
18
17
29
30
31
32
20
8
7
19
31
43
44
45
57
56
68
69
81
93
92
91
103
115
114
126
127
139
140
128
116
104
105
117
129
141
142
130
131
119
120
132
144
143
142
141
140
139
138
137
125
113
114
102
90
78
66
65
53
54
42
41
40
52
64
63
51
50
62
61
73
74
86
85
97
98
99
100
88
89
101
113
125
124
136
135
134
133
121
109
110
122
123
111
112
124
136
137
138
126
127
128
116
115
103
104
105
117
129
130
118
106
118
119
131
143
144
132
120
108
107
95
96
84
83
82
94
93
92
91
79
80
68
67
55
56
57
45
46
47
35
36
24
12
11
23
22
10
9
8
7
6
5
4
3
2
1
13
25
26
14
15
16
17
18
19
20
21
33
34
33
32
44
1
13
25
37
38
26
27
15
14
2
3
4
5
6
18
17
29
28
16
4
5
17
29
30
31
19
20
32
33
21
9
8
7
6
18
30
42
43
55
67
66
65
64
76
75
87
88
100
99
111
112
124
123
122
110
109
121
133
134
135
136
137
138
139
140
141
142
143
144
132
120
119
131
130
118
106
105
93
81
80
92
91
90
89
77
78
79
91
103
104
116
128
129
117
116
115
114
113
101
102
103
115
127
126
125
137
136
124
112
111
99
98
97
85
73
74
86
87
75
63
51
50
49
61
62
63
64
52
40
41
53
54
42
43
44
56
68
69
70
82
83
71
72
60
59
58
57
45
46
47
48
36
35
23
22
10
11
12
24
36
48
60
72
84
96
95
94
82
81
80
79
78
90
89
77
76
88
100
101
102
114
113
125
126
138
139
127
128
140
141
129
117
105
104
92
93
94
95
107
108
120
132
144
143
142
130
131
119
118
106
107
108
96
84
83
71
59
58
70
69
57
45
46
47
35
34
33
34
22
23
24
12
11
10
9
21
20
8
7
19
31
32
44
56
68
67
55
54
66
65
53
41
40
28
16
15
3
2
1
13
14
26
25
37
49
61
73
85
97
109
121
133
134
135
123
122
110
98
86
74
62
50
38
39
27
39
51
52
104
92
144
129
14
96
108
19
28
74
85
84
59
97
118
23
112
31
95
36
82
72
54
63
139
128
94
70
89
13
73
109
16
3
68
22
89
95
20
102
10
49
125
44
18
144
67
14
98
77
107
16
60
122
135
80
127
24
140
12
41
81
18
132
123
130
26
130
115
83
55
101
45
44
38
50
2
71
80
8
72
133
140
34
1
100
142
136
120
115
42
33
10
39
118
39
124
84
1
30
93
97
47
100
74
76
52
137
109
61
86
65
132
59
92
129
27
57
138
8
141
32
94
38
11
64
139
68
7
131
49
17
78
113
54
116
119
120
23
67
22
37
104
75
121
66
91
30
99
111
134
61
64
55
114
66
103
4
103
62
6
25
37
101
114
135
31
85
143
127
77
90
52
15
15
87
125
117
96
2
141
137
40
35
124
126
60
117
56
105
47
28
134
13
4
63
99
27
9
46
107
71
106
73
126
25
6
138
51
88
29
43
21
82
65
93
24
111
90
3
42
123
33
131
40
116
32
142
81
113
119
56
43
53
57
20
62
108
69
79
53
136
91
79
29
112
102
48
76
46
21
78
143
50
121
58
106
75
133
35
34
83
58
45
98
11
110
12
88
69
5
122
41
70
48
105
5
36
7
9
51
87
17
128
110
19
26
86
119
12
102
93
91
79
80
51
16
29
94
117
104
62
32
75
41
52
107
19
20
34
53
59
64
108
65
120
11
106
24
50
139
133
138
92
143
68
144
47
89
103
18
58
30
48
54
118
125
31
137
61
25
100
70
122
111
81
129
21
66
78
134
107
99
105
103
43
21
82
125
26
5
31
143
5
25
43
57
122
4
58
67
94
119
71
113
116
75
89
49
84
93
83
118
38
10
61
51
14
8
15
65
45
55
44
114
121
49
77
144
132
90
16
135
128
30
22
3
66
86
95
131
24
41
84
1
33
115
97
11
33
142
77
83
128
17
28
88
140
36
14
34
29
112
53
71
8
42
40
121
69
87
55
78
129
10
136
73
130
46
88
52
137
6
48
85
4
42
109
100
59
117
2
124
142
37
32
44
108
57
140
130
9
133
39
35
106
13
74
39
127
99
112
18
136
26
56
81
91
19
72
22
46
123
90
82
70
15
98
92
124
79
47
131
96
110
101
110
60
97
36
38
3
141
114
68
23
40
138
135
37
12
127
113
120
85
126
27
2
27
87
134
20
86
139
116
111
67
13
141
132
101
7
123
64
96
105
102
6
73
74
23
54
35
63
45
17
80
9
98
50
62
56
7
104
76
126
63
115
1
28
60
95
109
76
69
72
133
121
122
123
111
99
100
112
113
125
137
136
135
134
133
121
109
97
98
110
109
97
85
73
61
49
37
25
13
1
2
3
15
14
26
27
39
38
50
62
63
51
52
64
65
77
78
66
54
55
56
68
67
79
80
81
82
94
95
83
71
72
84
96
108
107
106
118
117
129
128
127
115
116
104
105
93
92
91
103
102
101
89
90
102
114
126
138
139
140
141
142
130
131
119
120
132
144
143
142
141
140
139
138
137
136
124
125
113
101
100
88
87
75
76
64
52
53
41
29
17
5
6
18
30
31
43
44
32
33
45
57
58
46
47
35
23
22
10
11
12
24
36
48
60
59
58
70
69
81
93
92
91
90
89
77
65
53
54
42
41
40
28
16
4
5
6
7
8
20
19
31
32
33
45
57
69
68
80
79
78
66
67
55
56
44
43
42
30
29
28
40
39
51
63
75
76
88
87
99
111
112
124
123
135
134
122
110
98
86
74
86
85
73
74
62
61
49
50
38
37
25
13
1
2
14
26
27
15
3
4
16
17
18
19
7
8
20
21
9
21
9
10
22
34
46
34
35
23
11
12
24
36
48
47
59
60
72
84
83
71
70
82
94
95
107
119
118
106
105
117
116
104
103
115
114
126
127
128
129
130
131
143
144
132
120
108
96
144
143
131
119
118
117
105
106
94
95
96
108
120
132
144
143
142
141
129
130
142
141
140
139
138
137
136
135
134
133
121
109
110
122
123
111
112
124
125
126
114
113
101
102
90
91
79
78
77
65
53
54
66
67
55
43
31
32
20
19
18
6
7
8
9
21
33
34
46
47
59
71
70
58
57
45
44
56
68
69
81
93
92
80
81
82
83
84
72
60
48
36
35
23
22
10
11
12
24
36
48
60
72
84
96
108
107
95
94
93
105
104
116
115
103
102
101
89
88
87
86
85
73
74
75
63
64
52
51
39
40
41
29
28
16
15
14
26
25
13
1
2
3
4
5
17
29
30
42
43
44
56
68
80
92
91
90
89
77
76
88
100
99
98
97
85
73
61
49
50
62
63
51
39
40
41
42
54
55
67
79
78
66
65
53
52
64
76
75
87
99
100
112
113
114
115
103
104
116
117
118
106
107
119
120
132
131
130
129
128
127
128
140
139
127
126
138
137
125
124
136
135
134
133
121
122
123
111
110
109
97
98
86
74
62
61
49
50
38
37
38
37
25
26
27
28
27
15
14
13
1
2
3
4
16
17
5
6
7
19
18
30
31
32
20
21
22
34
33
45
46
58
57
69
70
82
83
71
59
47
35
23
24
12
11
10
9
8
79
11
47
105
124
82
47
119
143
45
83
141
75
30
70
40
9
39
19
7
131
101
113
2
13
22
137
137
21
127
48
10
109
85
107
128
62
15
4
38
136
134
38
16
74
70
52
58
102
21
10
121
81
56
1
28
111
69
20
61
112
44
23
108
34
56
35
57
42
93
80
42
17
94
18
89
45
14
78
12
54
26
20
129
92
89
27
67
88
84
132
72
143
13
139
72
91
106
29
111
101
33
49
6
24
37
32
65
124
28
12
50
67
79
113
106
104
22
115
99
3
7
103
97
31
90
125
43
115
112
75
135
130
64
97
91
93
142
103
144
63
107
118
134
58
82
129
135
25
27
130
41
90
18
3
68
117
48
86
49
64
77
86
109
127
144
98
122
123
73
59
37
33
36
122
61
80
102
8
26
23
138
59
126
5
139
39
132
15
66
83
118
104
128
1
43
116
140
40
17
125
92
141
44
68
95
60
99
133
87
60
110
119
88
136
74
46
85
117
8
71
69
63
84
138
123
120
9
4
52
2
46
41
116
36
77
114
53
19
78
6
5
71
121
114
29
16
98
120
24
14
11
32
55
95
94
31
62
100
131
140
55
57
35
66
76
25
30
76
73
105
133
34
87
65
54
53
50
126
96
110
108
51
100
51
96
81
142
137
97
93
66
29
121
54
46
96
45
94
31
143
127
4
135
126
107
36
23
30
7
95
92
113
77
125
64
61
32
143
129
29
78
16
58
59
24
93
50
139
9
100
128
33
113
106
79
105
52
79
3
73
11
20
102
71
81
19
87
77
85
41
65
51
84
27
49
8
19
86
131
50
120
45
100
40
8
76
98
132
39
34
63
118
5
13
135
139
142
38
25
44
99
141
1
64
108
58
112
84
20
141
55
130
7
92
6
109
91
74
68
142
127
124
44
16
101
103
86
132
12
114
138
72
47
75
115
104
134
48
122
43
130
62
69
122
80
9
3
96
125
62
60
40
106
35
107
129
117
14
95
144
140
47
123
102
114
89
53
1
33
59
13
116
2
46
110
104
72
116
111
5
119
98
88
28
60
90
14
10
76
126
28
97
131
61
133
17
103
25
57
119
128
51
31
15
11
74
67
57
136
78
117
42
134
110
83
111
55
34
26
36
91
21
53
56
133
37
94
82
22
4
144
66
101
26
6
37
17
56
38
70
99
30
18
82
81
23
49
121
68
35
137
24
73
15
10
18
54
83
112
136
118
124
42
41
140
109
120
71
123
89
12
2
87
80
69
67
108
22
27
85
32
52
21
63
138
39
43
48
90
88
115
70
75
65
105
12
24
23
22
34
33
32
44
56
57
58
70
71
72
60
59
47
48
36
35
34
46
45
33
21
9
8
7
19
18
6
5
17
29
28
16
15
14
26
25
37
38
50
49
61
62
74
75
63
64
76
88
87
86
98
97
109
110
111
99
100
112
113
125
124
136
137
138
126
114
102
103
115
127
139
140
128
129
141
142
130
131
119
120
132
144
143
142
141
140
139
138
137
136
135
123
122
134
133
121
109
97
85
73
61
49
37
25
13
1
2
3
4
5
6
7
8
20
19
31
30
42
41
40
39
27
26
38
50
51
52
53
54
55
43
42
54
66
78
79
67
68
69
81
80
92
104
116
117
105
93
94
95
96
108
107
106
118
130
129
128
127
126
125
113
101
89
90
91
79
80
92
93
94
82
83
95
96
84
72
84
83
71
70
82
81
69
68
67
66
78
90
91
103
104
105
106
107
108
120
132
144
143
131
119
118
117
116
115
114
102
101
100
112
124
123
135
134
133
121
122
110
111
99
98
86
85
73
74
62
63
64
76
75
87
88
89
77
65
77
65
53
41
29
28
40
52
51
39
27
15
14
13
1
2
3
4
16
17
18
30
31
32
44
43
55
56
57
45
46
58
59
60
48
47
35
36
24
12
11
23
22
10
11
10
9
21
20
1
2
14
26
27
39
51
52
53
41
29
30
18
6
5
17
16
4
3
15
27
28
40
39
38
37
49
61
62
74
73
85
86
87
99
98
110
122
123
135
136
124
125
137
138
126
127
115
114
102
103
104
116
128
129
141
142
130
118
117
105
106
94
95
107
108
96
84
83
82
81
69
70
71
72
60
59
47
48
36
35
23
22
10
11
12
24
36
48
60
72
84
96
108
120
119
131
132
144
143
142
141
140
139
138
137
136
135
134
133
121
109
97
85
73
61
49
50
62
63
75
76
88
100
112
111
123
124
125
113
101
89
77
65
64
76
77
78
79
67
66
54
42
43
55
56
57
58
46
45
44
32
20
8
9
21
33
34
35
47
59
71
83
95
94
93
92
80
68
67
55
56
44
32
31
19
20
8
7
6
7
19
18
30
31
43
42
54
66
78
79
80
68
69
57
45
33
21
9
10
11
12
24
23
22
34
46
58
70
82
81
93
105
106
107
119
120
132
144
143
131
130
118
117
129
128
140
139
127
126
114
102
103
115
116
104
92
91
90
91
90
89
88
87
99
100
101
113
112
111
110
122
134
133
121
109
97
98
86
74
75
63
51
52
64
65
53
41
40
28
29
17
5
4
16
15
3
2
1
13
14
26
25
13
25
37
38
50
