##Rat 1 Day 23
 ##rewards
19
32
98
##Vertices
1
13
14
15
27
26
25
37
49
50
62
61
73
74
75
87
86
85
97
98
99
111
123
122
110
109
121
133
134
135
136
137
125
126
114
113
101
100
88
76
77
65
66
54
53
52
64
63
51
39
40
28
16
17
5
4
3
2
1
13
25
26
38
39
40
41
29
30
42
43
31
19
20
8
7
6
18
30
31
32
44
45
33
34
35
23
22
21
9
10
11
12
24
36
48
47
59
60
72
84
96
95
83
71
70
82
81
93
105
117
118
119
120
108
107
106
94
82
70
58
46
45
57
69
68
56
55
67
79
78
90
102
103
91
92
80
81
93
94
106
118
130
131
132
144
143
142
141
140
139
138
137
136
124
112
100
99
87
88
89
101
102
114
115
127
128
116
104
105
117
129
128
129
130
131
132
144
143
142
141
140
139
138
126
127
115
116
104
103
91
92
80
79
67
68
69
57
56
55
54
42
43
44
32
33
34
46
58
59
71
83
95
107
119
120
108
96
84
72
60
48
47
35
36
24
12
11
23
22
10
9
21
20
8
7
19
18
6
5
17
16
4
3
2
14
15
27
28
29
41
53
65
66
78
90
89
77
76
75
74
62
63
64
52
51
50
38
37
49
61
73
85
86
98
97
109
110
122
121
133
134
135
123
111
112
113
125
124
144
143
142
141
129
128
140
139
138
137
136
135
134
133
121
122
110
109
97
98
99
100
88
89
101
102
114
115
103
91
79
80
81
69
70
82
94
95
107
106
118
119
131
132
120
108
96
84
72
60
59
47
48
36
24
12
11
10
9
21
22
23
35
34
33
45
44
56
55
54
42
43
31
32
20
19
18
17
16
4
5
6
7
8
9
10
22
34
46
58
57
45
46
58
70
71
83
82
81
93
105
104
92
91
90
78
77
65
66
67
68
80
92
93
94
106
105
117
116
104
103
115
127
126
125
113
112
124
123
111
99
87
86
85
73
74
62
61
49
50
38
37
25
26
14
13
1
2
3
15
27
28
29
41
40
52
64
76
75
63
51
39
27
28
40
41
53
52
64
76
88
87
86
85
73
61
62
74
75
63
51
39
38
50
49
37
25
26
14
13
1
2
3
15
16
4
5
17
29
30
42
30
31
19
18
6
7
8
20
21
33
32
44
43
55
56
57
69
68
67
79
78
66
54
53
65
77
89
90
102
114
126
127
128
116
117
118
130
129
130
131
119
107
95
83
71
59
47
35
23
11
12
24
36
48
60
72
84
96
108
120
132
144
143
142
141
140
139
138
137
125
124
136
135
123
122
134
133
121
109
97
98
110
111
112
100
101
113
130
136
30
1
129
94
11
63
101
38
127
44
87
22
68
81
21
85
90
73
44
140
40
115
31
73
111
59
133
76
105
123
114
46
100
113
7
18
61
93
79
91
20
57
20
80
49
6
8
137
72
120
124
52
58
143
116
56
9
119
59
94
72
33
114
34
82
9
110
49
132
139
142
102
23
64
27
106
36
127
108
36
131
89
142
3
57
128
14
113
111
141
53
138
38
60
112
104
55
99
88
76
33
90
4
51
40
119
86
17
95
2
69
37
79
75
15
54
23
138
112
95
15
122
52
110
83
24
29
92
81
125
6
117
31
45
60
123
98
75
84
136
78
121
103
27
69
11
68
3
126
130
41
22
56
66
109
19
134
131
43
102
106
10
18
42
92
118
77
37
66
47
63
35
120
117
100
89
25
12
17
97
125
21
84
128
143
13
104
134
118
91
16
122
50
71
8
25
144
26
32
133
24
51
93
139
67
5
74
53
96
83
70
46
34
70
67
71
42
103
50
2
80
65
55
19
101
64
126
137
135
96
107
13
74
135
86
87
132
28
10
88
48
39
144
43
48
140
12
47
30
16
41
58
105
62
108
82
29
54
28
109
129
85
62
107
35
39
124
4
5
14
99
98
78
26
65
141
7
121
97
115
45
1
32
77
61
116
10
100
136
93
44
8
20
135
33
2
92
21
141
55
96
88
89
99
121
65
64
67
128
77
52
128
53
88
118
1
144
130
78
23
82
82
84
100
106
137
58
131
24
89
95
71
139
18
76
63
74
21
81
91
129
106
3
53
72
75
94
28
72
102
113
69
65
15
132
77
55
127
126
70
10
98
137
116
27
58
37
90
7
143
57
119
1
80
30
34
134
142
31
7
133
41
42
37
48
59
105
60
46
32
49
144
81
28
85
139
74
143
109
35
56
4
35
16
86
114
14
43
12
126
86
123
73
102
140
127
31
13
93
75
27
83
108
36
51
38
117
36
119
22
138
96
123
97
99
110
131
5
23
48
16
111
79
101
22
125
113
101
68
66
29
109
97
50
11
112
62
56
25
38
12
122
18
134
40
87
69
107
142
112
20
62
8
64
17
6
63
9
103
19
9
34
52
79
92
39
30
6
114
91
85
124
138
110
19
104
49
54
60
54
59
2
44
136
94
25
3
125
29
132
24
103
105
46
133
130
26
95
83
66
121
5
141
76
4
40
71
129
118
45
11
117
98
45
57
61
107
43
70
32
140
61
115
80
39
68
73
78
116
47
42
67
14
47
120
41
108
15
13
90
122
111
51
26
135
104
124
84
17
115
50
33
87
120
133
121
109
110
122
123
135
134
133
121
109
97
85
73
61
49
37
25
26
27
15
3
4
5
6
7
8
20
21
9
10
22
23
24
36
48
47
35
34
33
32
31
19
18
30
42
43
44
56
68
69
81
80
79
67
55
54
66
78
77
76
88
87
86
98
99
111
112
113
125
137
136
124
112
100
101
102
103
91
90
89
101
100
88
89
90
78
77
65
53
41
29
17
16
28
40
52
64
63
51
39
38
50
62
74
75
63
51
52
40
41
29
30
42
43
44
45
57
58
46
34
33
45
57
69
70
82
94
93
92
104
105
117
118
106
107
119
131
130
129
141
142
143
144
132
120
108
96
95
83
71
59
60
72
84
96
108
107
106
118
117
116
128
140
139
138
126
127
115
114
113
125
124
123
111
99
87
75
76
64
65
53
54
66
67
79
91
103
102
114
126
127
115
116
128
129
130
131
119
120
132
144
143
142
141
140
139
138
137
136
135
134
122
110
98
97
85
86
74
73
61
62
50
49
37
25
26
38
39
27
28
16
15
14
2
14
13
1
13
1
2
3
4
5
17
18
6
7
19
31
32
20
8
9
21
22
10
11
12
24
12
11
23
35
36
48
47
46
58
70
71
59
60
72
84
83
95
94
82
81
93
105
104
92
80
68
56
55
12
11
10
22
34
46
47
59
71
83
84
72
60
48
36
35
23
24
36
48
60
72
71
70
58
57
69
68
80
79
91
90
89
77
65
66
67
55
43
31
30
29
17
18
6
5
4
3
15
27
28
16
4
5
6
7
8
9
21
33
32
20
19
31
32
44
45
57
56
68
67
79
78
90
102
103
104
105
93
94
95
107
106
118
119
131
130
129
141
140
128
116
115
127
139
138
126
125
113
101
100
112
111
110
109
121
133
134
122
123
135
136
137
138
139
140
141
142
143
144
132
120
108
96
84
83
82
81
80
92
91
103
102
114
113
101
100
99
98
86
74
75
87
88
76
64
63
62
61
49
50
51
52
53
54
42
41
40
39
38
26
14
2
1
13
25
37
49
61
73
85
73
74
62
63
51
50
38
37
25
26
14
13
1
2
3
15
16
28
27
39
40
41
29
17
18
30
42
43
44
56
55
54
53
52
64
65
66
78
77
89
88
76
75
87
86
85
97
109
97
98
99
111
110
122
121
133
134
135
123
124
112
124
136
137
125
126
114
115
127
128
129
117
118
119
131
130
142
143
144
132
120
108
96
95
107
106
105
117
116
104
92
93
94
82
81
69
70
58
46
45
33
34
22
21
20
19
7
8
9
10
11
12
24
23
35
47
59
135
29
39
66
84
26
95
48
86
102
119
75
106
28
8
73
70
20
117
137
89
31
37
47
141
111
75
126
31
35
10
29
9
42
35
136
83
33
125
123
30
138
130
136
144
83
26
108
36
15
15
130
40
94
7
97
129
87
53
93
2
23
12
6
32
95
19
124
133
143
140
16
59
127
135
11
12
125
90
46
51
100
103
139
109
7
69
16
37
56
71
106
65
60
84
63
118
68
17
70
54
141
81
23
14
79
100
34
87
116
128
33
64
76
117
47
4
14
134
38
25
69
52
3
3
55
85
50
17
50
11
119
143
112
133
92
39
58
129
22
112
21
96
94
115
79
48
57
19
107
6
110
63
115
49
22
82
113
56
74
76
62
138
25
93
140
134
41
9
86
120
132
114
98
1
91
44
113
61
82
8
92
142
51
40
105
102
53
98
120
89
32
104
101
30
62
105
78
88
41
34
128
107
124
90
137
44
13
45
77
114
96
139
71
88
97
28
127
103
66
5
18
80
65
68
131
144
78
122
64
45
99
27
111
80
74
2
43
126
121
72
132
52
54
27
38
13
24
1
67
122
21
10
108
20
72
46
101
104
91
60
116
55
49
18
85
24
109
59
81
42
57
67
43
121
36
58
61
5
142
73
4
131
110
77
123
99
118
64
15
42
124
56
46
2
75
99
31
110
50
85
61
74
48
116
137
117
35
82
3
120
140
111
35
113
94
55
114
91
33
41
114
103
36
135
7
30
79
54
20
76
16
111
34
34
23
132
95
99
54
73
12
93
19
68
105
141
144
94
81
8
5
106
32
121
118
10
80
127
10
38
106
6
136
104
4
128
14
69
40
20
131
40
68
90
82
21
41
28
71
134
49
92
64
18
112
25
117
89
91
67
84
140
51
62
137
59
52
53
96
121
102
142
70
136
112
60
17
83
92
47
85
67
86
142
7
101
79
144
26
76
25
49
22
21
95
44
129
80
104
44
126
43
133
18
69
126
119
12
135
98
6
139
143
88
55
125
39
19
107
102
134
132
59
130
123
52
81
48
100
86
57
11
46
93
43
61
120
83
5
128
138
3
24
74
77
143
23
141
98
57
97
115
1
31
63
108
116
71
15
130
47
124
66
9
113
119
29
38
53
87
84
127
30
58
42
65
56
50
77
88
27
78
73
131
105
33
28
8
13
123
63
103
122
72
32
87
66
16
27
96
1
70
110
17
39
4
90
45
14
51
133
60
13
122
125
78
11
45
109
101
58
29
24
129
115
72
36
37
108
139
138
22
89
62
65
107
26
100
97
109
118
9
2
75
37
144
143
131
119
118
130
142
141
140
128
127
139
138
126
114
113
125
137
136
124
112
111
110
122
123
135
134
133
121
109
97
85
86
74
75
87
88
100
101
102
90
91
79
80
92
104
103
115
116
117
105
106
107
95
96
108
120
132
144
143
142
130
129
117
105
93
94
82
81
69
70
71
59
60
72
84
83
82
70
58
57
45
46
34
22
23
35
47
48
36
24
12
11
10
9
21
20
8
7
6
5
17
18
19
31
30
42
41
40
39
27
15
3
4
16
28
29
30
31
32
33
45
44
43
55
56
68
67
66
78
77
76
64
65
53
54
42
41
29
28
27
26
14
2
1
13
25
37
49
61
73
85
97
98
99
100
112
113
101
89
88
76
75
63
62
50
51
52
40
39
38
50
38
26
14
2
1
13
25
37
49
61
73
74
62
63
51
52
64
65
53
54
66
67
55
43
44
56
68
80
81
69
57
58
46
34
33
32
20
19
18
17
16
15
3
4
5
6
7
8
9
21
22
10
11
12
24
23
35
36
48
47
59
60
72
71
83
84
96
95
107
108
120
132
131
119
118
106
94
93
92
91
79
78
77
89
90
102
114
126
127
115
103
104
116
128
129
141
140
139
138
137
125
124
136
135
123
122
134
133
121
109
110
111
99
87
86
98
1
2
3
4
16
17
5
6
7
8
9
10
11
12
24
23
35
36
48
47
46
45
57
56
44
43
31
30
42
54
66
65
64
76
75
63
51
50
38
39
27
26
14
13
25
37
49
61
73
85
86
98
97
109
121
133
134
135
136
124
123
122
110
111
112
100
101
89
90
91
103
102
114
113
125
126
127
128
129
141
140
139
138
137
136
135
123
111
99
87
88
100
99
87
75
74
62
63
64
52
40
41
53
54
55
67
68
80
79
78
77
65
53
52
51
39
40
28
29
41
42
30
18
19
20
32
33
21
22
34
46
58
59
60
72
71
83
84
96
95
107
108
120
119
131
132
144
143
142
130
118
117
116
104
105
93
81
69
70
82
94
106
118
117
105
104
92
93
81
69
57
58
59
60
72
84
83
71
70
82
94
106
107
95
96
108
120
119
131
132
144
143
142
130
129
141
140
128
116
115
103
115
114
126
127
139
138
137
125
124
112
113
101
102
90
89
88
76
77
78
66
67
79
91
92
80
68
56
55
43
31
19
18
17
29
28
27
15
16
15
14
26
38
50
62
74
86
98
110
122
134
133
121
109
97
85
73
61
49
37
25
13
1
2
3
4
5
6
7
8
20
21
9
10
22
23
11
12
24
36
48
47
35
34
33
45
44
32
136
102
31
95
132
120
135
142
24
12
54
68
141
68
133
75
43
41
106
37
73
34
108
127
28
37
71
19
18
25
112
48
81
128
65
125
36
12
84
75
20
119
138
50
80
55
120
98
21
44
125
8
17
72
15
109
35
2
57
142
122
4
53
131
64
79
42
117
92
69
133
132
116
91
11
83
8
91
136
126
137
59
81
28
127
16
63
107
92
88
130
78
71
47
83
117
27
5
94
53
130
30
21
39
110
90
15
32
6
30
82
51
6
74
36
52
93
114
11
99
99
139
42
77
119
137
49
109
48
89
65
5
58
66
101
39
144
102
123
104
138
66
98
113
70
69
104
23
77
4
2
80
85
78
134
97
45
74
90
31
111
33
105
89
43
49
95
33
94
140
14
13
63
113
144
52
82
58
64
3
124
112
9
9
110
10
27
121
100
88
50
20
61
29
61
115
103
97
141
107
106
70
44
1
86
7
7
101
100
56
46
124
122
116
108
34
16
22
32
103
115
111
55
134
87
10
86
87
25
59
76
38
62
26
139
114
26
85
3
118
62
84
35
22
135
17
121
123
129
47
18
105
67
79
41
96
67
72
46
38
45
51
76
129
126
143
14
19
56
60
128
23
140
1
57
143
96
54
29
118
73
40
40
60
13
24
131
93
38
49
37
111
94
60
107
34
57
105
64
22
95
96
89
80
56
53
91
86
51
102
35
27
59
109
126
99
28
66
4
49
141
55
100
130
70
134
133
98
130
82
107
21
9
31
135
106
83
92
93
101
72
95
41
101
125
88
33
143
37
115
15
30
62
16
31
18
141
113
91
36
50
127
21
118
103
53
11
121
3
79
85
122
34
86
44
104
139
75
77
26
28
117
62
71
38
88
102
66
1
104
61
55
65
23
44
99
116
72
84
123
50
115
12
8
143
123
138
54
46
137
67
121
96
40
48
85
93
26
116
45
52
19
42
138
9
144
24
17
110
135
114
124
39
20
24
29
10
81
4
47
52
140
125
29
70
14
133
77
87
23
124
142
46
14
12
92
36
103
60
19
90
112
32
61
129
58
137
98
119
51
108
69
32
1
120
33
35
11
78
17
131
126
10
56
25
22
144
7
76
20
109
80
140
128
136
117
75
63
40
114
120
13
131
89
48
68
139
43
110
16
82
67
54
90
6
119
68
74
65
127
41
129
59
84
74
136
5
132
78
94
30
106
27
45
83
2
64
25
71
128
8
111
6
79
7
15
57
87
2
97
47
118
108
43
100
112
13
5
105
42
122
81
39
18
63
76
3
142
134
132
73
113
58
73
69
97
