##Rat 4 Day 1
 ##rewards
126
113
47
##Vertices
144
132
131
130
142
141
140
139
127
115
103
91
90
78
77
89
88
87
75
76
64
65
66
54
53
41
29
30
18
6
7
8
9
10
22
34
46
58
59
60
48
47
35
23
24
12
11
10
9
21
20
19
31
43
42
41
40
28
27
39
38
50
62
74
73
61
49
37
25
26
14
13
1
2
3
4
5
17
16
15
27
28
29
30
42
43
44
32
33
45
57
69
68
80
79
67
55
56
44
45
57
58
70
82
94
95
83
71
72
84
96
108
107
119
120
108
96
95
94
106
118
117
116
128
129
141
140
139
138
126
114
102
101
100
112
111
123
135
136
124
125
137
136
135
134
133
121
122
110
109
97
85
86
98
99
87
75
63
51
52
64
76
88
89
77
78
79
80
81
93
105
104
105
93
92
104
92
91
90
102
103
115
116
117
118
106
107
119
120
132
131
143
144
143
142
130
129
128
127
126
138
137
125
113
114
113
101
100
112
124
123
122
134
133
121
109
110
111
99
98
97
85
86
74
73
61
49
50
62
63
51
52
40
39
38
37
25
26
14
13
1
2
3
15
16
4
5
17
18
6
7
8
20
19
31
32
33
21
22
23
11
12
24
36
48
36
35
34
46
47
59
60
72
84
83
71
70
82
81
69
68
67
66
65
53
54
55
56
133
121
122
123
135
136
137
138
126
114
102
90
91
79
80
92
93
94
82
81
69
68
67
55
56
44
32
31
19
7
6
5
4
3
15
27
39
51
50
49
37
38
26
14
13
1
2
3
4
16
17
18
30
42
43
44
45
33
34
46
47
59
71
83
84
72
60
48
36
35
23
24
12
11
10
9
8
20
21
22
34
33
32
31
43
42
41
29
28
40
52
64
65
77
78
66
54
53
41
40
52
51
63
75
87
86
74
62
61
73
85
97
98
110
109
97
85
86
87
99
111
112
113
125
124
136
137
138
139
127
115
103
104
105
117
118
130
142
141
129
128
140
141
142
143
144
132
131
119
120
108
96
95
107
106
94
82
70
58
57
69
81
93
92
80
79
78
77
76
88
100
101
100
88
89
101
89
90
91
103
102
114
113
112
111
99
98
110
109
121
122
134
133
134
135
123
124
125
126
127
139
140
128
116
115
116
104
105
117
129
130
131
143
144
132
120
119
118
106
107
108
96
95
83
84
72
60
59
71
70
58
57
45
46
47
48
36
35
23
24
12
11
10
22
21
9
8
20
19
7
6
5
17
18
30
29
28
16
15
14
2
1
13
25
37
25
26
27
39
38
50
49
61
73
74
62
63
75
76
64
65
66
67
68
56
55
54
53
80
126
130
137
71
66
142
22
97
44
27
38
8
36
62
107
30
16
139
132
51
138
137
125
106
4
136
58
21
128
38
105
101
80
128
60
124
141
132
45
50
118
2
71
42
68
8
5
117
103
45
57
46
67
105
94
31
20
133
30
3
73
12
129
108
6
141
88
3
56
142
144
50
53
32
16
70
129
22
140
64
114
69
131
124
19
68
1
93
13
92
25
66
43
92
58
102
96
130
119
11
41
63
108
26
70
85
31
44
86
87
23
10
74
98
57
101
37
122
1
49
55
121
95
110
73
81
89
15
107
136
39
82
90
114
134
111
113
74
46
76
102
12
83
99
104
40
76
63
61
93
35
75
29
111
84
127
61
4
117
79
115
103
17
119
29
55
28
52
133
28
33
120
6
121
109
49
52
100
60
139
85
20
10
37
118
32
75
14
131
64
25
116
84
59
96
97
27
125
59
109
7
98
83
91
21
13
135
17
115
48
78
143
95
18
2
34
41
65
9
87
82
40
127
48
43
143
36
138
72
77
79
112
106
26
110
116
65
91
120
14
42
18
72
90
9
33
94
78
15
123
99
54
7
19
47
77
47
51
24
53
24
113
35
23
140
86
39
67
126
62
144
122
69
81
34
104
88
5
134
54
123
112
11
100
56
89
135
87
33
30
54
22
134
4
55
128
143
60
136
92
61
137
48
4
62
32
138
13
72
58
131
12
38
17
119
14
79
125
40
23
129
15
42
89
104
63
11
119
127
106
96
18
126
66
126
71
36
78
144
50
45
107
53
81
93
74
48
41
33
85
43
2
10
137
132
21
120
142
123
122
118
136
143
5
122
21
132
35
49
71
38
99
28
115
107
59
82
24
130
53
83
10
84
67
101
56
69
72
138
36
66
5
9
70
20
23
114
131
3
116
106
102
90
140
80
94
109
133
80
15
22
47
40
52
68
29
105
83
41
95
111
64
19
6
115
50
117
13
76
77
110
97
76
44
20
100
141
81
42
57
12
111
121
52
97
46
124
109
130
7
64
74
60
100
121
103
73
34
135
87
79
91
18
69
98
37
78
54
86
142
139
88
1
134
124
35
39
129
94
26
31
6
89
51
30
144
1
104
68
70
8
46
84
125
57
9
25
51
105
103
39
120
141
14
59
62
73
55
17
43
19
27
28
45
108
25
116
118
56
77
27
85
117
16
26
34
7
32
99
24
82
112
108
128
11
16
98
114
93
67
113
63
95
2
65
75
102
75
3
61
31
123
44
127
139
65
58
113
49
88
92
47
96
90
140
8
133
112
101
135
86
91
29
110
37
12
24
36
35
23
22
10
9
21
33
45
44
32
31
30
18
19
20
8
7
6
5
4
3
15
14
2
1
13
25
37
49
50
51
39
38
26
27
28
40
52
53
41
42
54
66
65
64
63
62
74
75
87
88
76
77
78
90
89
101
100
99
111
110
109
121
133
134
122
123
135
136
137
138
139
127
126
114
115
116
104
103
91
79
67
55
43
44
56
68
80
92
93
81
82
70
69
57
58
59
71
83
95
94
106
107
108
120
119
118
130
131
143
144
132
120
108
96
84
72
60
48
47
46
34
33
32
31
43
55
54
42
30
29
17
16
4
3
15
27
39
51
63
75
87
86
85
97
98
99
111
112
124
125
113
114
102
103
115
116
117
105
104
92
80
81
93
105
117
129
141
140
128
129
128
140
139
127
126
138
137
136
135
134
133
121
109
97
85
73
61
62
50
38
26
14
2
1
13
25
37
49
61
73
74
86
98
110
122
123
124
125
113
112
100
101
102
90
91
79
67
66
78
77
89
88
76
64
65
53
52
40
41
29
28
16
17
5
6
18
19
7
8
20
21
22
34
46
45
57
56
68
69
70
58
59
71
83
82
94
106
118
130
142
141
142
143
144
132
131
119
107
95
96
84
72
60
48
47
35
36
24
12
11
23
11
10
9
1
2
14
26
25
13
1
2
3
15
16
17
29
41
42
54
66
67
68
69
70
58
57
45
46
47
59
60
72
71
83
84
96
95
107
106
118
119
120
108
96
84
72
60
48
36
35
23
24
12
11
10
22
34
33
21
9
8
7
19
31
30
18
6
5
4
3
15
27
28
40
52
64
76
88
89
90
78
77
65
53
52
51
39
38
37
49
61
62
74
73
85
86
98
110
109
97
85
73
61
49
50
62
63
75
87
99
100
101
102
114
126
125
137
138
139
140
128
116
117
129
141
142
143
131
130
118
117
105
104
92
91
103
115
127
139
138
137
136
124
123
122
121
133
134
135
136
124
112
113
101
102
90
89
77
65
53
54
55
56
44
32
20
8
9
21
33
45
57
69
81
80
79
78
66
67
79
91
103
104
116
115
114
113
125
126
127
128
140
141
129
130
142
143
144
132
144
132
131
119
120
108
107
106
94
95
83
71
59
47
48
36
35
23
24
12
11
10
22
34
46
58
70
82
94
82
81
93
105
93
92
80
68
56
55
43
42
41
29
30
31
43
44
32
20
19
7
6
18
17
5
4
16
28
40
39
27
26
14
13
25
37
38
50
51
63
64
76
75
87
88
100
112
111
99
111
110
122
123
135
134
133
121
109
97
98
86
74
35
43
114
136
80
143
14
132
58
22
48
68
40
51
130
38
3
59
35
60
112
109
98
120
134
39
128
77
130
40
51
67
115
18
116
42
90
18
76
100
36
84
138
8
39
4
113
78
126
13
36
122
52
64
59
86
28
104
129
31
4
27
134
47
22
110
32
67
102
68
119
119
93
126
21
86
6
60
61
63
19
5
105
1
120
1
38
142
109
29
116
95
53
92
144
11
124
66
74
142
11
30
99
62
83
17
129
128
62
100
82
74
25
117
15
44
85
81
17
19
41
34
91
10
103
8
112
46
2
114
71
26
94
111
13
123
143
76
32
42
64
33
137
133
140
81
108
50
141
56
103
5
10
45
75
118
135
135
106
101
73
37
139
132
3
12
136
69
70
79
2
49
47
96
113
133
117
29
27
26
77
89
58
65
89
15
7
25
131
16
69
122
57
87
41
141
92
123
97
110
94
139
12
97
52
9
65
91
95
107
98
102
131
6
14
66
43
56
37
84
30
16
53
96
20
107
85
7
101
55
83
70
33
87
9
80
23
125
71
106
115
24
121
72
127
124
127
55
49
73
57
79
104
44
125
88
99
45
105
28
88
46
90
137
34
24
54
20
63
72
138
140
82
75
78
50
144
61
48
108
111
54
118
121
21
31
23
93
137
3
26
70
31
130
46
23
40
121
77
91
62
130
112
34
124
133
118
109
61
38
59
15
28
43
84
45
36
75
110
82
41
23
9
85
96
110
30
87
54
57
56
51
119
121
103
115
142
47
98
12
76
128
47
144
60
44
3
52
94
136
95
42
68
17
50
50
39
134
45
15
108
31
132
5
88
49
79
140
55
29
78
18
131
25
44
11
93
126
27
54
81
37
51
94
138
82
77
144
38
19
42
99
73
72
125
55
143
128
25
83
134
20
63
133
6
1
9
97
2
129
8
101
141
86
106
124
7
118
122
78
76
85
80
26
139
52
89
39
143
67
33
113
136
132
33
115
67
101
37
108
60
105
100
49
48
16
18
66
5
13
141
34
14
92
89
111
105
36
16
10
35
116
66
117
24
90
86
117
32
20
135
68
102
53
13
74
65
58
120
91
83
99
96
109
69
71
114
72
80
106
103
40
142
73
22
122
113
63
135
62
100
30
59
125
17
14
87
112
21
127
64
123
114
8
53
4
7
28
56
93
75
107
46
1
131
57
120
88
12
137
70
2
92
90
41
48
27
6
107
71
65
81
116
97
123
140
139
69
11
98
138
104
104
102
43
119
32
4
35
19
29
24
22
64
127
129
126
111
95
10
74
84
58
21
61
79
133
134
135
136
137
125
124
123
122
121
109
110
111
99
100
101
89
90
102
103
104
116
115
127
139
140
128
129
141
142
143
131
119
107
108
96
95
94
93
92
80
81
69
68
67
66
54
55
43
42
41
53
52
64
65
77
78
79
91
92
93
105
117
118
130
142
141
140
139
138
126
114
113
112
100
88
87
75
76
88
87
86
85
97
98
99
111
112
113
101
102
103
104
105
106
94
82
70
71
59
47
48
36
35
34
46
58
57
56
44
45
33
32
20
21
9
10
22
23
11
12
24
36
48
60
72
84
83
82
81
69
57
56
44
45
33
32
31
30
18
19
7
6
5
4
16
17
29
28
27
26
38
50
51
39
40
52
51
63
62
61
49
37
25
13
1
2
14
15
3
4
16
15
3
2
1
13
14
26
25
37
38
39
27
28
40
41
53
54
42
30
29
17
5
6
18
19
31
43
55
67
68
80
79
91
90
89
77
78
66
65
64
76
75
63
62
50
49
61
73
74
86
74
73
85
97
98
110
109
121
133
134
122
123
135
136
124
125
137
138
126
114
115
127
128
129
130
131
143
144
132
144
132
120
119
120
108
96
84
72
60
59
47
35
23
24
12
11
10
9
8
7
8
20
21
22
34
46
58
70
71
83
95
107
106
118
117
116
1
13
25
26
14
15
3
4
16
28
40
41
29
30
31
19
18
17
5
6
7
8
9
10
22
23
11
12
24
36
48
60
59
58
46
47
35
34
33
45
57
56
44
43
55
67
68
69
70
71
83
82
94
93
81
80
79
91
92
104
105
106
118
119
120
132
144
143
131
130
142
141
140
139
138
126
127
115
114
113
101
102
90
78
66
54
42
41
53
65
77
89
88
76
75
63
64
52
51
50
62
74
86
87
99
98
97
109
110
111
123
122
134
133
121
109
97
85
73
61
49
37
38
39
27
28
29
30
42
54
55
43
31
32
20
21
9
10
22
34
46
58
70
82
94
95
96
108
107
106
118
117
129
128
116
115
103
102
114
113
112
100
101
89
77
76
88
100
112
124
136
137
125
124
125
137
138
126
127
139
140
141
142
143
144
132
120
108
96
84
72
71
59
47
35
23
11
12
24
36
48
60
72
84
83
95
107
119
131
130
129
128
116
117
105
104
103
91
90
78
66
67
79
80
92
93
81
69
68
56
57
45
44
32
33
21
20
8
7
19
18
6
5
17
16
15
27
39
40
52
53
65
64
63
51
50
62
74
75
87
99
111
123
135
136
135
134
133
121
122
110
98
86
85
73
61
49
37
38
26
25
13
1
2
14
2
3
4
90
85
53
23
126
89
2
128
126
135
59
140
26
35
38
9
78
1
48
82
21
137
60
73
5
28
121
104
124
71
5
92
97
45
51
143
12
106
115
44
29
111
22
84
83
125
127
97
96
30
132
88
24
109
19
32
75
58
63
17
72
66
33
37
106
56
69
79
51
19
25
43
67
144
112
65
13
114
139
95
80
7
142
94
87
136
132
118
128
102
20
67
44
131
80
139
29
13
25
56
122
121
52
55
62
85
93
137
78
24
55
108
110
117
119
124
96
40
60
74
144
112
77
62
36
118
10
32
6
90
102
50
61
61
123
133
68
120
129
86
59
53
92
4
54
46
70
11
49
37
130
45
9
34
135
87
74
39
38
73
100
91
107
8
36
79
57
47
101
130
77
110
120
15
47
16
88
68
99
7
12
63
129
131
48
105
20
52
18
108
70
103
141
22
83
11
125
40
116
69
15
2
64
138
28
64
16
41
4
49
31
27
41
42
133
42
65
134
138
98
141
105
95
142
1
17
103
18
54
46
21
14
113
89
94
75
72
71
136
27
81
119
107
127
35
86
122
14
99
39
101
116
84
82
100
31
34
43
3
6
98
33
111
10
114
140
57
76
109
115
134
8
113
104
50
123
58
91
30
66
117
26
3
76
143
23
81
93
88
119
60
105
89
12
92
93
31
141
130
16
14
24
19
52
85
54
5
125
108
2
26
14
139
84
88
33
116
49
135
38
1
47
41
129
91
121
106
13
64
97
25
141
114
27
37
42
138
86
120
69
62
57
13
132
135
66
110
126
93
125
134
86
95
7
89
118
99
82
32
67
104
55
51
96
36
99
90
7
29
17
10
51
73
9
11
87
101
66
109
18
140
53
50
46
109
136
115
97
59
48
32
46
123
45
58
71
69
85
40
43
2
80
41
30
71
113
38
1
113
114
27
120
117
20
73
90
127
116
77
126
31
100
134
127
21
131
124
67
139
117
87
111
100
6
18
61
111
91
128
24
103
23
45
11
81
44
75
112
53
58
48
28
37
72
47
52
95
115
39
68
143
80
50
92
22
136
33
23
5
60
106
15
107
108
144
8
16
101
104
57
130
34
72
70
4
75
44
10
122
76
96
65
17
119
122
54
35
39
9
94
43
4
63
74
70
40
29
68
26
28
76
61
74
132
98
15
142
25
118
64
102
55
84
144
12
123
56
77
3
63
128
6
121
20
8
137
133
138
137
35
78
83
56
79
30
79
107
98
81
62
78
102
83
3
36
124
103
142
34
110
133
59
140
49
143
112
21
82
105
129
131
22
65
94
42
19
