##Rat 7 Day 4
 ##rewards
62
51
129
##Vertices
15
27
30
94
132
91
60
38
120
97
45
9
29
12
98
47
114
32
106
111
1
101
111
11
94
58
3
64
2
107
55
99
15
93
35
44
92
120
85
31
84
114
88
70
69
102
75
29
9
51
66
63
61
115
83
4
67
144
105
89
11
119
55
36
74
39
46
108
86
124
35
86
75
112
38
103
123
130
117
8
82
8
32
49
91
128
141
127
23
28
93
141
16
117
21
109
28
68
53
139
33
116
136
87
7
62
100
50
73
109
54
102
53
128
84
21
83
36
40
2
40
61
96
126
110
49
142
68
25
76
79
131
144
25
133
80
82
24
113
66
59
131
52
23
138
48
52
3
80
139
69
48
42
124
74
118
140
88
92
142
17
138
41
18
143
129
13
107
96
19
51
78
64
103
105
65
26
63
89
95
33
77
125
57
34
19
135
143
56
85
43
95
5
54
27
22
59
45
43
100
16
1
13
18
71
129
130
44
56
73
20
116
70
50
4
5
101
65
10
6
121
135
17
76
57
98
90
14
115
113
121
126
37
123
79
14
60
62
108
71
133
12
122
97
6
81
22
132
10
78
134
134
99
34
26
140
58
46
119
122
31
137
136
81
42
39
127
125
72
30
37
90
41
24
77
104
137
118
20
67
112
7
87
72
110
106
47
104
26
43
97
16
131
34
39
15
63
118
68
85
72
79
1
74
125
142
3
121
111
123
42
126
9
40
28
102
52
124
49
101
36
92
133
71
95
50
106
6
107
79
137
88
105
130
114
51
136
99
54
75
2
17
64
129
19
125
30
36
137
111
123
103
33
110
15
88
21
40
121
41
44
50
26
84
127
113
53
42
135
77
61
14
100
120
93
28
97
138
117
119
20
100
89
122
29
65
59
48
38
138
35
116
22
13
133
37
126
81
70
34
73
54
141
76
141
35
71
55
109
115
130
136
87
32
112
120
60
66
80
142
86
66
19
131
74
73
90
45
16
10
81
90
41
9
76
30
84
80
56
94
134
70
103
14
68
57
139
116
93
101
105
109
87
128
3
27
132
4
27
52
2
140
67
113
92
110
11
82
127
24
78
98
112
69
43
46
129
48
37
8
23
77
119
83
25
25
85
104
57
61
18
124
91
38
67
5
44
5
144
62
94
60
46
22
13
132
56
59
143
140
31
108
134
7
17
114
72
96
118
83
135
12
53
47
23
89
91
107
33
75
98
24
143
104
8
58
99
21
55
102
69
4
86
32
78
31
95
96
63
108
20
12
29
65
82
7
51
128
47
64
62
49
39
11
144
58
106
117
139
6
115
18
45
1
10
122
1
2
3
4
5
17
16
28
27
39
40
41
42
43
31
32
44
56
55
67
68
80
81
69
70
82
83
84
72
60
59
71
70
58
57
45
33
21
20
8
9
10
11
12
24
23
35
36
48
47
46
34
22
10
9
8
7
19
18
30
29
28
27
15
14
26
25
37
49
61
62
63
51
52
53
65
66
54
55
56
57
58
46
45
44
43
42
41
40
39
38
50
49
61
73
74
75
76
77
89
101
113
112
100
99
98
97
109
121
122
123
111
110
109
97
85
86
87
88
100
112
124
136
137
138
126
114
102
90
91
92
93
94
95
96
108
120
132
144
143
142
141
129
128
140
139
127
115
103
104
105
117
116
104
105
106
118
130
131
119
107
106
118
117
116
115
103
91
79
78
90
89
77
78
79
80
92
93
94
82
81
69
68
67
66
54
53
52
51
50
62
63
64
65
64
76
88
87
75
74
73
85
86
98
99
111
110
122
123
135
134
133
121
133
134
135
136
137
125
124
125
113
101
102
114
126
138
139
127
128
140
141
129
130
142
143
144
132
131
119
120
108
107
95
96
84
83
71
72
60
59
47
48
36
24
12
11
23
35
34
22
21
33
32
20
19
31
30
29
17
18
6
7
6
5
4
16
15
3
2
14
26
38
37
25
13
1
13
12
24
23
22
34
35
36
48
60
59
71
72
84
83
82
94
95
96
108
107
106
118
130
131
119
120
132
144
143
142
141
140
128
127
115
116
104
105
93
81
80
68
67
55
56
57
69
70
58
46
45
33
21
20
8
9
10
11
12
24
36
35
47
46
45
44
32
31
43
42
30
18
17
5
6
7
19
31
30
29
41
40
28
27
26
14
15
16
4
3
2
1
13
25
37
38
50
49
61
73
85
86
74
62
63
75
76
88
100
112
111
110
109
97
98
99
87
75
63
51
39
40
52
64
65
53
54
66
78
79
91
103
102
90
89
77
76
88
87
99
111
123
122
121
133
134
135
136
137
138
139
140
141
129
117
105
106
94
93
92
104
103
115
114
126
125
113
101
100
112
124
125
124
123
122
121
133
134
135
136
137
138
139
127
126
114
113
101
102
90
89
77
78
66
65
64
52
53
54
55
43
42
41
29
28
27
39
51
50
62
74
86
98
110
109
97
85
73
61
49
37
38
26
25
13
1
2
14
15
3
4
16
17
5
6
18
19
7
8
20
21
9
10
11
23
22
34
33
32
44
56
68
67
79
91
92
80
81
82
83
71
70
69
57
58
59
47
48
60
72
84
96
95
107
108
120
119
131
132
144
143
142
130
118
117
116
128
129
84
42
44
79
95
90
98
105
114
52
15
122
126
105
104
66
75
71
45
99
28
91
25
104
14
19
110
50
133
38
46
43
69
13
99
144
106
110
24
129
120
2
75
82
68
43
18
125
113
21
133
138
12
32
78
64
35
10
32
84
48
68
83
38
125
65
36
80
14
123
116
86
70
40
50
15
131
119
121
51
8
74
109
18
26
40
6
11
49
115
35
97
101
124
70
139
121
67
113
25
27
139
5
72
98
11
20
134
94
17
117
102
117
4
59
102
85
56
127
85
138
46
107
17
103
21
142
9
131
30
10
79
7
47
54
23
87
39
59
78
137
135
132
48
106
83
41
135
58
44
112
61
116
73
2
3
29
23
89
107
74
16
37
95
140
81
8
33
53
93
112
81
64
144
6
58
30
73
4
89
88
136
66
136
62
111
55
130
16
34
33
71
122
140
128
108
126
118
31
143
54
103
124
72
42
143
108
96
109
93
123
12
141
119
134
77
114
142
1
132
49
88
67
31
41
34
19
63
128
92
91
57
9
120
111
65
36
24
127
94
22
7
27
92
51
63
3
26
47
45
20
101
130
100
100
13
56
96
5
62
80
22
61
86
97
137
129
60
141
57
60
37
115
55
76
118
87
90
76
1
82
52
39
69
53
28
29
77
7
76
136
50
21
83
122
100
98
105
113
2
27
132
144
109
65
76
25
140
141
119
74
114
56
80
10
58
20
84
134
61
11
87
83
11
26
1
102
16
38
136
94
117
93
108
113
111
33
128
14
89
137
39
118
130
48
18
64
53
86
110
24
94
95
89
124
120
60
116
130
88
67
73
108
134
123
35
59
16
62
71
28
79
49
27
55
49
58
75
112
99
102
2
6
127
42
35
128
112
12
30
23
139
57
9
5
43
15
22
129
142
36
54
15
19
34
117
52
69
106
31
88
126
107
42
138
129
67
104
143
3
64
72
141
106
65
56
77
96
45
41
4
126
24
17
46
103
43
62
121
81
100
40
142
8
22
98
111
39
61
52
44
37
45
131
68
122
17
32
82
59
131
60
21
48
92
91
1
51
18
10
44
103
13
78
50
138
36
139
133
132
37
68
70
82
26
84
47
115
74
66
4
86
46
23
33
5
29
73
8
114
90
95
70
110
75
72
120
135
107
3
143
79
28
124
38
81
127
78
31
51
97
135
137
40
90
96
71
7
109
91
55
87
133
41
9
12
25
34
57
104
66
125
105
19
77
115
92
63
47
53
20
116
99
30
97
54
85
6
119
14
13
85
93
121
140
69
125
63
101
29
80
118
101
123
144
32
144
132
120
119
131
130
129
141
142
143
144
132
120
108
96
84
72
60
59
71
70
69
57
56
44
45
33
34
35
36
48
47
46
58
57
69
81
82
94
95
107
106
118
117
116
128
127
115
103
104
92
93
105
104
116
115
114
113
125
126
138
137
136
135
123
122
110
111
112
124
136
135
134
133
121
109
97
85
86
74
75
76
64
65
53
52
51
63
62
61
73
85
97
98
99
87
88
100
101
89
90
78
66
67
68
80
79
91
103
102
90
91
92
80
79
78
77
65
66
54
42
43
31
19
20
32
44
45
33
21
22
23
24
12
11
10
9
8
7
6
18
30
29
41
40
28
27
39
38
26
14
2
1
13
25
37
49
50
51
52
53
41
40
39
27
15
3
4
5
17
16
15
14
26
25
13
1
2
3
4
16
17
5
6
18
19
7
8
9
10
11
12
24
36
48
47
59
60
72
84
83
95
96
108
107
119
131
143
142
141
140
139
140
139
138
137
125
124
123
122
134
133
121
109
110
98
86
87
75
74
73
61
49
37
38
50
62
63
64
76
77
89
88
100
99
111
112
113
101
102
114
126
127
128
129
130
118
117
105
106
94
93
81
82
83
71
70
58
46
34
35
23
22
21
20
32
31
43
55
67
68
56
55
54
42
30
29
28
133
134
135
123
122
110
98
97
109
121
133
134
135
136
137
138
139
140
128
127
115
103
104
92
93
105
106
118
130
142
141
129
117
116
104
103
102
114
113
125
124
112
111
99
87
86
74
75
76
88
89
101
100
88
87
75
63
51
50
62
61
49
37
25
26
14
15
27
39
38
37
25
13
1
2
3
4
5
17
18
30
42
43
55
56
44
32
31
19
7
6
5
4
16
28
29
41
40
52
53
65
66
67
79
91
90
78
77
76
64
65
77
89
90
78
66
54
55
67
68
69
81
82
83
95
94
93
105
106
107
119
131
143
144
132
120
108
96
84
72
71
70
58
57
45
46
34
33
21
22
23
24
12
11
10
9
8
20
32
44
56
57
45
33
34
35
36
48
60
59
47
35
23
22
10
11
12
24
36
48
47
59
60
72
71
83
84
96
108
120
132
144
143
142
141
129
128
140
139
138
126
125
137
136
124
123
122
121
109
97
85
73
85
73
61
49
50
38
26
14
13
1
2
3
15
16
17
29
30
18
6
7
8
9
21
20
19
31
43
42
54
53
41
40
28
27
39
51
52
64
63
62
74
86
98
110
111
99
100
112
113
101
102
114
126
127
115
116
117
118
130
131
119
107
95
94
82
81
80
79
91
92
80
68
69
70
58
46
80
96
91
133
72
45
7
90
61
39
75
50
89
5
25
21
77
66
28
101
105
92
13
84
94
134
97
8
60
79
143
4
95
49
89
59
140
124
3
85
92
26
141
71
115
52
103
53
57
43
138
78
67
112
15
132
68
68
107
62
57
135
130
33
40
31
23
128
136
76
71
110
139
55
2
102
38
141
73
41
87
21
37
136
44
65
9
2
126
81
64
85
103
87
107
122
125
88
56
23
96
79
121
46
100
34
134
131
130
88
30
32
108
27
126
72
10
29
56
142
37
116
127
119
1
93
53
109
119
35
83
91
106
52
29
59
64
120
70
75
82
97
94
11
41
27
69
16
109
38
137
12
28
55
35
120
117
60
24
105
36
51
39
42
112
76
20
45
102
8
31
140
14
15
110
33
125
3
113
9
7
36
111
19
83
19
133
54
1
104
74
115
6
137
142
117
51
49
84
124
90
111
99
80
73
69
139
34
77
62
46
138
58
4
86
67
108
16
25
47
32
48
54
116
132
61
58
114
144
5
30
104
47
131
81
11
123
18
43
10
44
14
95
144
86
63
18
114
6
101
13
118
48
127
93
66
78
135
143
12
50
17
98
99
113
129
128
24
82
22
100
17
106
63
20
118
26
123
22
42
74
70
98
40
121
122
129
65
34
144
45
10
115
67
89
61
139
20
62
21
108
116
111
139
141
123
125
58
13
27
98
19
84
78
46
131
39
31
86
52
76
59
143
78
122
113
128
102
54
57
35
106
86
112
35
100
94
124
71
95
10
129
59
97
48
91
136
76
45
63
106
127
122
70
28
1
140
16
15
98
117
41
131
50
30
103
119
108
18
123
105
31
51
16
93
81
73
77
28
17
6
12
117
23
96
24
79
104
43
127
36
134
114
92
69
107
43
90
126
17
6
48
32
125
136
66
77
4
12
64
66
11
9
79
26
22
18
40
62
130
69
29
47
67
3
42
109
21
49
137
118
53
24
33
44
84
91
47
11
97
144
134
42
61
40
51
5
60
115
120
38
26
30
5
74
138
99
71
74
56
142
14
41
88
13
110
70
87
114
140
72
132
64
73
7
116
27
83
1
105
2
68
15
143
83
112
121
130
46
132
56
29
104
141
65
90
2
58
102
49
38
65
81
133
53
22
75
80
55
95
9
8
87
88
110
119
80
68
126
113
99
120
37
7
138
19
14
36
32
142
8
101
93
44
50
33
135
75
101
109
25
128
63
3
124
96
121
118
111
54
94
25
85
72
60
23
20
133
34
92
37
82
129
52
100
4
55
103
107
85
39
82
137
89
57
135
144
143
142
141
140
128
129
117
116
115
103
104
105
93
92
80
81
69
68
67
66
54
42
43
55
56
44
45
57
58
59
71
72
60
48
47
46
34
35
23
24
12
11
10
9
8
20
32
31
19
18
30
29
28
27
39
51
63
64
76
77
89
101
100
112
111
99
87
88
89
90
91
79
78
90
102
114
113
125
126
127
139
138
137
136
124
123
122
134
133
121
109
97
85
73
74
86
98
110
109
97
85
73
61
62
50
49
37
38
26
25
13
1
2
14
15
3
4
16
17
5
6
7
8
9
21
33
45
46
58
70
82
94
106
107
108
96
84
83
95
94
106
118
130
131
132
120
119
118
117
105
93
81
80
68
67
55
54
53
65
77
76
75
63
64
52
40
41
42
30
29
17
18
19
7
6
5
4
3
2
1
13
14
15
16
28
27
39
38
26
25
37
49
61
62
50
51
52
40
41
53
65
66
78
79
91
92
104
103
115
116
128
127
126
114
102
101
113
125
124
112
100
88
87
75
74
86
98
99
111
110
122
121
133
134
135
123
135
136
137
138
139
140
141
129
130
142
143
144
132
131
119
120
108
107
95
96
84
83
71
72
60
59
47
48
36
35
36
24
12
11
10
22
23
22
34
33
21
20
32
31
43
44
56
57
69
70
82
1
13
25
37
49
50
38
39
51
63
64
52
40
41
53
54
42
43
55
67
79
80
81
69
68
56
57
45
44
32
20
19
7
8
9
21
33
34
22
23
11
12
24
36
48
60
59
58
70
71
83
82
94
106
118
117
116
115
103
102
90
89
88
100
99
111
112
113
101
89
77
65
66
78
77
76
75
87
86
74
62
61
73
85
97
98
110
122
121
133
134
135
136
137
138
126
125
124
123
135
136
137
138
139
127
128
140
141
129
130
142
143
144
132
131
119
120
108
107
95
96
84
72
60
48
47
46
45
33
32
31
30
29
28
16
4
5
6
18
17
29
28
27
26
14
2
3
15
27
39
40
41
42
54
55
67
68
80
92
91
90
102
114
115
103
104
105
93
81
82
94
95
83
71
72
84
96
108
120
132
144
143
131
119
107
106
118
117
129
130
142
141
140
139
127
128
116
104
105
93
92
91
79
78
66
65
53
52
64
63
51
50
62
74
75
76
88
87
86
98
99
100
101
113
114
126
125
124
112
111
123
122
134
133
121
109
110
109
97
85
73
61
49
37
38
26
25
13
1
2
14
15
3
4
16
17
5
6
18
19
7
8
20
21
9
10
22
10
11
12
24
36
35
23
35
34
46
47
59
58
70
69
57
56
44
43
31
30
