##Rat 1 Day 44
 ##rewards
19
32
98
##Vertices
26
80
114
142
42
13
36
30
45
4
5
53
15
118
47
40
117
48
54
60
129
125
55
85
93
7
139
100
65
16
83
12
89
58
98
41
37
121
8
111
119
130
84
73
57
17
76
9
71
100
108
141
134
115
109
131
125
9
40
92
110
12
78
112
18
86
64
30
54
18
127
120
83
70
90
68
22
51
142
91
5
133
52
48
129
17
124
64
50
67
126
74
44
136
81
103
28
97
120
115
24
72
96
107
43
29
96
122
2
49
99
99
135
107
116
33
137
135
132
128
123
13
34
4
10
85
132
31
53
19
58
86
20
69
122
110
123
42
45
73
29
111
87
144
106
103
8
62
6
32
88
63
119
35
61
143
41
68
104
16
130
6
117
138
61
24
98
33
31
26
39
82
139
105
37
38
118
20
69
101
71
79
140
1
113
104
92
81
52
95
66
94
21
78
101
46
95
131
114
15
46
70
74
3
106
65
50
113
138
49
22
59
77
23
84
76
93
62
91
39
14
87
27
14
128
88
116
25
79
32
28
124
34
10
7
66
144
75
43
67
56
25
23
36
136
102
35
1
44
77
11
2
38
59
11
60
55
19
133
127
3
27
121
143
109
75
47
108
72
56
90
57
126
63
21
112
140
94
137
51
134
141
102
97
89
105
80
82
118
98
5
3
126
28
26
130
119
117
42
65
68
32
56
22
127
111
36
80
53
79
43
67
1
48
63
144
9
117
137
4
47
50
12
121
103
14
20
137
101
34
11
69
65
138
73
133
131
44
42
141
29
8
81
27
72
15
11
75
47
49
17
7
80
143
132
51
18
89
88
86
125
72
141
101
60
87
98
85
110
55
128
8
38
125
76
107
91
130
62
70
57
100
129
52
120
105
109
48
78
40
132
113
31
33
116
106
1
93
94
41
108
9
84
44
82
127
76
97
113
46
5
83
6
139
128
4
90
96
122
112
77
99
30
103
53
55
144
142
45
54
69
102
21
79
139
37
7
36
37
135
83
2
78
82
64
45
2
39
13
57
97
123
133
100
94
30
62
92
140
136
16
81
70
102
15
10
106
25
43
35
118
77
59
58
135
25
134
74
64
111
112
107
86
104
14
68
71
66
110
119
95
22
115
20
38
40
140
134
136
18
84
105
35
143
28
26
114
16
34
104
115
74
54
109
50
52
31
93
23
41
46
71
10
17
96
73
13
88
60
33
142
59
124
61
85
19
114
91
24
116
75
61
126
67
95
23
87
51
121
66
3
29
6
124
123
58
39
32
89
19
122
99
129
49
92
108
24
21
27
131
90
56
12
63
120
138
133
121
109
110
111
112
124
125
126
127
139
138
137
136
135
123
122
134
135
136
137
138
126
114
113
101
102
90
91
79
80
68
56
55
54
66
78
77
76
75
63
51
50
62
61
49
37
25
26
27
39
38
37
49
61
73
85
97
98
99
87
86
74
75
87
88
100
101
89
90
78
79
67
68
69
81
93
105
104
116
128
129
117
118
130
131
119
107
108
96
95
94
82
83
84
72
71
59
58
57
45
46
34
22
10
11
12
24
23
35
36
48
60
72
84
96
108
120
132
144
143
142
141
140
139
127
115
103
91
92
80
81
69
70
58
57
45
33
21
20
19
31
32
44
43
42
30
18
6
5
17
29
41
53
65
64
52
40
28
16
15
14
13
1
2
3
4
5
6
7
8
7
19
18
30
29
17
16
4
3
15
14
2
1
13
25
26
38
39
27
28
40
52
51
50
62
63
64
76
88
89
77
65
53
41
42
54
66
67
55
56
44
43
31
32
20
8
9
10
9
21
33
34
22
23
11
12
24
36
35
47
46
47
48
60
59
71
70
82
83
95
107
106
118
130
131
119
120
132
144
143
142
141
140
128
129
117
105
106
94
93
92
104
116
115
103
102
114
113
112
100
99
111
110
98
86
74
73
85
97
109
121
133
134
122
123
124
125
12
24
23
22
34
35
36
48
60
59
71
72
84
83
82
94
95
96
108
107
106
118
130
131
119
120
132
144
143
142
141
140
128
127
115
116
104
105
93
81
80
68
67
55
56
57
69
70
58
46
45
33
21
20
8
9
10
11
12
24
36
35
47
46
45
44
32
31
43
42
30
18
17
5
6
7
19
31
30
29
41
40
28
27
26
14
15
16
4
3
2
1
13
25
37
38
50
49
61
73
85
86
74
62
63
75
76
88
100
112
111
110
109
97
98
99
87
75
63
51
39
40
52
64
65
53
54
66
78
79
91
103
102
90
89
77
76
88
87
99
111
123
122
121
133
134
135
136
137
138
139
140
141
129
117
105
106
94
93
92
104
103
115
114
126
125
113
101
100
112
124
125
124
123
122
121
133
134
135
136
137
138
139
127
126
114
113
101
102
90
89
77
78
66
65
64
52
53
54
55
43
42
41
29
28
27
39
51
50
62
74
86
98
110
109
97
85
73
61
49
37
38
26
25
13
1
2
14
15
3
4
16
17
5
6
18
19
7
8
20
21
9
10
11
23
22
34
33
32
44
56
68
67
79
91
92
80
81
82
83
71
70
69
57
58
59
47
48
60
72
84
96
95
107
108
120
119
131
132
144
143
142
130
118
117
116
128
129
115
16
30
88
31
40
142
99
86
108
66
77
130
139
98
101
85
63
32
75
8
128
28
34
37
1
112
87
95
4
19
4
134
137
62
45
83
97
112
35
113
134
35
46
68
85
50
92
52
9
138
81
107
144
141
93
131
7
44
67
133
46
60
141
58
86
67
119
135
26
38
111
116
132
91
44
2
113
55
11
91
7
5
104
27
22
89
117
8
92
37
108
41
18
140
73
70
133
123
56
102
127
98
26
60
6
48
109
74
29
106
45
137
125
96
122
114
69
118
110
36
54
13
106
144
116
76
65
33
84
27
38
95
124
40
9
81
70
79
107
84
90
115
66
3
17
80
63
124
55
39
136
25
20
57
129
83
126
25
126
119
57
64
102
127
105
76
56
77
21
59
52
90
105
21
50
125
72
22
118
109
135
93
138
18
96
73
15
43
24
78
80
51
23
123
34
103
28
33
53
14
29
117
15
2
143
17
131
14
110
120
128
1
48
136
42
49
13
20
68
65
82
10
103
111
58
82
129
32
31
12
78
132
62
75
23
101
140
5
41
72
104
10
36
47
12
94
87
69
120
47
74
24
89
64
114
59
43
88
19
39
130
3
97
53
51
122
16
61
30
143
71
61
71
121
6
49
139
99
100
94
100
142
54
11
79
42
121
103
105
120
118
14
84
70
20
26
118
64
87
8
96
122
89
130
54
114
9
49
117
122
30
134
47
66
93
80
143
121
79
72
74
31
129
128
58
68
5
38
86
76
76
42
43
139
126
75
25
4
100
85
58
34
83
108
100
34
46
3
99
111
79
14
42
33
12
17
19
61
35
95
56
15
132
117
77
124
50
5
41
63
103
90
61
116
69
82
41
86
113
96
91
116
28
32
55
38
115
44
65
123
131
46
73
138
128
127
9
119
69
22
112
73
93
126
60
97
71
120
112
40
56
44
12
18
11
107
27
26
91
109
59
68
135
8
119
51
49
23
20
87
62
84
63
90
143
105
4
36
10
114
129
7
144
6
21
70
31
45
94
121
98
72
27
106
106
39
2
130
95
13
78
136
123
29
81
71
57
3
94
18
141
78
142
83
101
59
133
52
36
82
137
107
98
32
54
7
113
139
101
13
80
141
2
102
6
134
92
1
24
33
135
125
19
35
40
131
28
74
24
47
102
140
67
137
53
23
77
39
21
16
57
17
133
132
138
30
66
127
124
140
10
25
60
97
11
88
125
64
37
108
65
89
75
48
55
110
109
81
48
92
50
115
15
136
62
22
99
110
51
29
52
111
45
67
88
144
104
104
85
37
43
53
1
142
16
1
2
3
15
14
26
38
37
25
13
1
2
3
4
5
6
7
8
20
19
31
43
44
56
57
45
46
34
22
10
9
21
33
32
44
43
42
30
29
17
16
28
27
39
51
50
62
63
64
52
53
41
40
52
51
63
75
87
86
74
73
85
97
109
110
122
123
111
99
98
97
109
121
133
134
135
136
137
125
126
114
102
103
91
92
104
116
115
127
139
138
137
136
124
112
113
101
100
88
89
77
78
79
67
55
54
66
65
64
76
77
65
53
54
66
78
90
91
79
80
81
69
70
71
59
58
57
45
46
47
35
23
11
12
24
36
48
60
72
84
83
82
94
93
105
106
118
117
129
130
131
132
144
143
142
141
140
128
116
104
92
93
105
117
118
119
120
108
96
95
107
119
131
130
142
143
144
132
120
108
107
95
96
84
83
71
72
60
48
36
24
12
11
10
9
21
20
8
7
6
18
17
5
4
16
15
14
13
25
37
49
61
49
61
73
85
86
98
110
122
121
133
134
135
123
124
125
113
114
126
138
139
140
141
129
128
127
115
103
102
90
89
101
100
112
111
99
87
88
76
75
74
62
50
38
26
27
39
40
28
29
41
42
30
18
19
31
32
33
34
22
23
35
47
59
58
70
69
68
67
55
56
68
80
81
82
94
106
144
132
120
119
131
130
129
141
142
143
144
132
120
108
96
84
72
60
59
71
70
69
57
56
44
45
33
34
35
36
48
47
46
58
57
69
81
82
94
95
107
106
118
117
116
128
127
115
103
104
92
93
105
104
116
115
114
113
125
126
138
137
136
135
123
122
110
111
112
124
136
135
134
133
121
109
97
85
86
74
75
76
64
65
53
52
51
63
62
61
73
85
97
98
99
87
88
100
101
89
90
78
66
67
68
80
79
91
103
102
90
91
92
80
79
78
77
65
66
54
42
43
31
19
20
32
44
45
33
21
22
23
24
12
11
10
9
8
7
6
18
30
29
41
40
28
27
39
38
26
14
2
1
13
25
37
49
50
51
52
53
41
40
39
27
15
3
4
5
17
16
15
14
26
25
13
1
2
3
4
16
17
5
6
18
19
7
8
9
10
11
12
24
36
48
47
59
60
72
84
83
95
96
108
107
119
131
143
142
141
140
139
140
139
138
137
125
124
123
122
134
133
121
109
110
98
86
87
75
74
73
61
49
37
38
50
62
63
64
76
77
89
88
100
99
111
112
113
101
102
114
126
127
128
129
130
118
117
105
106
94
93
81
82
83
71
70
58
46
34
35
23
22
21
20
32
31
43
55
67
68
56
55
54
42
30
29
28
78
101
126
55
99
121
141
42
39
50
21
143
66
90
44
26
137
121
50
144
118
127
42
5
71
40
2
142
46
38
49
29
119
137
37
23
124
12
107
15
19
58
65
17
115
14
7
67
123
36
94
76
41
77
135
46
25
26
120
57
27
83
91
51
41
53
105
62
78
140
27
139
102
14
139
107
97
3
23
103
67
38
106
6
48
55
5
56
33
69
25
62
70
127
80
72
108
75
122
32
89
86
92
138
24
21
129
128
34
52
119
52
112
33
68
114
31
61
28
1
134
86
16
35
39
18
1
54
131
96
53
28
85
11
118
88
93
131
94
8
133
61
2
73
32
59
17
143
81
31
113
81
20
125
74
22
104
35
123
63
144
101
129
20
110
99
56
60
136
13
91
9
117
115
111
111
82
132
10
120
116
102
71
65
112
37
114
63
108
93
40
124
138
87
100
19
49
74
116
105
95
3
24
132
82
97
109
45
125
44
79
113
133
57
47
85
134
98
98
15
89
64
109
6
29
59
95
76
100
70
11
7
66
72
36
79
48
60
47
10
4
54
103
83
45
34
110
64
77
84
88
43
73
80
18
68
141
12
69
51
13
140
136
104
87
4
135
117
8
90
130
43
142
16
30
106
9
75
22
128
122
130
96
84
126
30
58
92
76
30
77
91
123
131
96
103
73
38
90
50
12
29
77
42
136
116
141
11
48
94
117
60
143
44
83
130
107
84
116
33
61
36
54
39
11
43
129
1
56
90
98
140
111
37
138
131
40
79
30
9
19
138
144
144
134
127
104
132
81
73
14
64
45
68
130
13
87
84
94
137
65
10
139
26
120
23
70
124
2
3
101
97
20
122
110
53
2
57
128
66
6
120
89
66
6
81
123
96
80
112
21
34
24
100
13
102
4
31
31
14
29
39
62
103
41
104
71
105
45
75
108
23
51
19
5
34
118
133
16
122
10
8
37
40
83
20
137
51
121
111
80
16
41
110
18
98
35
115
121
18
113
72
114
69
60
106
17
100
95
68
132
109
74
112
140
55
118
142
106
57
85
78
115
95
22
58
9
22
108
25
61
63
7
135
46
32
135
46
91
139
26
28
136
17
134
113
69
97
55
105
89
1
70
67
88
21
78
143
79
3
32
71
125
85
92
5
25
24
86
36
93
75
12
49
126
93
64
15
119
47
119
42
27
4
82
87
52
48
8
28
92
99
15
125
67
33
59
102
109
38
65
59
128
72
58
88
76
43
54
47
126
53
99
142
7
50
124
35
74
86
114
44
56
27
82
117
62
49
133
127
63
107
101
141
129
52
144
132
120
108
96
95
107
106
94
82
81
93
105
104
92
91
103
102
90
78
66
65
64
76
77
89
88
100
101
113
125
126
138
137
136
124
112
111
123
122
134
133
121
109
97
85
86
87
75
74
62
63
51
39
27
28
29
30
42
43
55
56
57
45
46
34
33
32
44
56
68
80
79
67
68
69
70
58
59
71
83
84
72
60
48
47
35
23
24
12
11
10
9
8
7
19
20
21
22
10
9
8
7
6
18
17
5
4
16
15
3
2
1
13
14
26
25
37
38
50
49
61
73
85
97
98
99
100
112
113
114
115
116
117
129
141
140
139
127
128
116
117
118
119
131
143
142
130
118
106
105
104
103
91
90
78
77
65
53
54
55
43
31
30
42
41
40
52
64
63
51
50
62
74
73
61
49
37
25
13
1
2
14
26
38
39
27
28
16
15
3
4
5
6
18
17
29
41
40
52
53
54
66
67
79
80
92
93
81
82
94
95
83
71
70
69
57
58
59
47
46
45
44
32
31
19
20
21
33
34
22
23
11
12
24
36
35
36
48
60
72
84
96
108
107
119
120
132
144
143
131
130
142
141
129
128
140
139
127
126
138
137
125
124
136
135
123
135
134
133
121
109
110
122
110
111
99
98
86
87
75
76
88
89
101
102
114
115
1
2
3
4
5
17
16
28
29
30
42
41
40
52
53
65
64
76
77
78
79
91
103
102
90
89
101
100
88
87
86
74
73
85
97
98
99
111
110
122
121
133
134
135
136
137
125
113
114
126
127
115
116
117
118
106
94
82
81
69
68
56
44
45
33
34
46
58
57
56
55
54
66
67
55
43
31
32
20
19
18
6
7
8
9
21
22
23
11
12
24
36
48
60
72
71
59
47
35
36
48
60
72
84
83
95
96
108
107
119
120
132
144
143
131
130
142
141
129
128
140
139
138
137
136
124
112
100
99
87
75
63
51
39
38
37
49
61
62
50
51
39
27
15
14
13
25
26
27
28
40
52
64
65
77
78
90
91
92
80
68
69
70
82
81
93
105
104
103
115
116
128
127
126
138
139
140
141
142
143
144
132
131
130
129
117
118
106
107
119
120
108
96
84
83
95
94
93
105
104
92
80
79
67
66
54
53
41
42
30
29
17
18
19
31
43
44
32
20
21
33
45
57
58
70
71
59
47
46
34
35
23
24
12
11
10
22
10
9
8
7
6
5
4
16
15
3
2
1
13
14
26
25
37
38
50
49
61
62
74
73
85
86
98
97
109
110
109
121
133
134
135
123
122
123
111
112
124
125
113
114
102
101
89
88
76
75
63
