##Rat 6 Day 26
 ##rewards
83
94
16
##Vertices
82
111
59
130
109
31
142
98
28
3
117
105
134
81
132
32
108
49
111
40
17
33
34
112
140
57
136
118
134
119
121
20
144
63
140
94
141
73
129
56
133
139
1
74
131
62
113
7
128
79
44
39
66
104
144
39
60
21
123
100
118
41
6
36
18
8
84
50
95
103
122
93
11
122
48
42
101
30
54
58
78
22
36
67
11
7
77
70
74
27
9
27
95
14
25
72
87
35
114
25
41
64
106
137
75
28
84
119
120
66
5
71
143
18
127
83
90
124
19
10
71
29
62
141
26
42
121
105
3
67
19
102
80
110
46
47
56
81
16
116
89
88
124
98
1
87
90
52
15
76
63
8
135
2
80
37
94
13
143
13
135
96
126
53
49
53
24
51
50
79
89
116
34
78
110
58
99
129
127
44
48
30
23
51
88
115
128
99
61
6
108
46
107
32
83
77
31
112
102
86
109
104
92
40
55
35
69
38
65
68
24
85
73
91
33
131
125
96
113
52
100
82
85
115
125
75
120
22
15
23
76
43
69
130
70
103
37
54
17
86
101
107
91
4
2
133
97
132
38
142
106
123
5
68
114
55
138
139
137
14
72
136
97
12
12
47
16
29
60
126
10
4
43
93
65
57
92
20
59
64
138
45
61
45
117
26
9
21
44
65
22
78
41
43
139
144
126
60
20
67
122
75
133
55
95
19
138
116
48
21
117
27
36
14
39
10
51
141
32
114
107
95
54
105
58
97
72
38
105
9
82
110
4
98
43
131
10
5
66
8
104
81
50
35
71
87
49
46
127
90
36
21
7
120
25
122
53
56
67
144
37
65
24
132
11
31
129
100
15
53
4
38
126
134
61
94
33
69
119
69
77
123
5
133
92
37
3
124
131
101
88
71
111
137
135
42
123
80
111
55
27
70
109
31
96
139
86
141
41
116
98
93
115
57
140
135
29
51
107
91
34
74
92
6
1
49
76
23
110
58
56
11
113
26
47
137
132
16
142
57
54
42
13
40
16
59
121
3
28
109
79
93
52
136
68
60
80
108
73
120
138
79
48
1
143
17
108
84
26
90
17
62
83
100
136
64
130
45
23
9
128
81
50
68
117
127
99
24
61
12
97
106
78
118
128
104
15
22
62
87
39
19
66
6
45
85
85
2
89
88
86
112
28
63
112
29
84
125
106
113
72
115
25
142
44
13
76
30
64
8
83
52
102
70
140
82
18
34
74
118
7
129
32
12
125
91
124
30
20
134
101
47
114
89
103
35
18
77
63
2
40
102
94
99
59
75
130
103
14
143
46
121
33
119
73
96
1
13
14
15
27
28
29
41
53
52
51
63
62
61
49
50
38
37
25
26
27
39
40
28
16
4
5
6
18
19
7
8
20
32
33
21
22
23
35
36
48
47
59
60
72
71
83
82
70
69
81
93
94
95
107
108
120
119
118
106
105
117
116
128
129
141
140
139
127
115
103
102
114
126
138
137
125
124
136
135
123
122
110
109
121
133
134
135
136
137
138
139
140
141
142
130
131
143
144
132
120
108
96
84
72
60
48
36
24
12
11
10
9
8
7
6
5
17
18
30
31
43
44
45
46
34
35
47
59
58
57
56
55
54
42
43
55
67
79
78
66
65
64
76
77
89
101
113
112
100
88
87
86
85
97
98
99
111
123
124
125
126
127
128
116
104
92
91
90
78
77
89
88
87
75
74
86
85
73
61
73
74
62
63
75
76
64
65
66
67
79
91
90
102
101
100
99
98
97
109
121
133
134
122
110
111
112
113
114
115
103
104
105
117
129
130
142
143
144
132
131
119
118
106
107
95
96
84
83
71
70
69
81
82
94
93
92
80
68
80
68
56
44
32
33
45
57
58
46
34
22
23
24
12
11
10
9
21
20
19
31
30
29
41
42
54
53
52
40
39
51
50
49
37
38
26
25
13
1
2
14
15
3
2
3
4
16
17
144
143
131
119
118
106
94
93
92
104
116
115
127
139
140
128
129
141
142
130
118
117
105
106
107
108
96
84
83
71
72
60
59
58
46
47
35
23
22
10
9
21
20
8
7
19
18
30
31
43
42
41
29
17
16
4
3
15
27
28
40
39
51
50
38
37
49
61
62
63
64
76
75
74
73
85
86
98
97
109
110
122
123
135
134
133
121
109
97
85
73
61
49
37
25
26
14
13
1
2
3
4
5
6
7
8
9
10
11
12
24
36
48
60
72
84
96
95
83
82
70
69
57
45
33
34
22
21
20
32
44
56
68
80
81
69
68
67
66
78
79
91
103
102
90
89
88
87
99
100
101
113
125
137
136
124
112
111
110
98
86
74
62
50
51
52
53
65
77
78
90
89
101
113
114
126
125
137
138
139
138
126
127
115
114
102
103
91
79
67
66
65
77
76
88
100
112
124
136
135
134
133
121
122
123
111
99
87
75
63
64
52
40
39
38
26
25
13
1
2
14
15
27
28
16
17
5
6
18
19
31
43
42
30
29
41
53
54
55
54
55
56
57
58
46
45
44
32
33
34
35
23
11
12
24
36
48
47
59
71
70
82
94
93
81
80
92
104
105
117
116
128
140
141
129
130
142
143
144
132
131
119
120
132
120
108
107
95
83
48
139
141
71
10
72
32
4
3
119
64
49
54
117
62
63
27
136
125
123
68
69
110
45
76
103
142
60
42
85
142
79
101
105
35
98
17
66
122
73
28
16
95
65
37
89
67
101
87
20
33
8
125
8
1
88
43
5
61
109
62
139
34
113
47
84
57
22
84
2
61
45
24
92
133
82
63
129
26
100
11
28
121
19
108
50
110
20
33
115
70
93
132
130
18
99
140
73
78
70
111
59
39
13
103
41
51
137
114
86
18
77
127
98
56
89
113
13
46
81
93
144
30
114
90
30
37
42
40
122
52
132
116
44
75
31
112
21
80
109
112
36
130
120
135
137
99
123
74
43
143
82
75
41
118
80
31
4
128
38
1
77
39
107
53
46
68
36
106
102
104
25
106
24
102
55
87
47
126
19
105
67
35
66
74
23
71
32
144
143
78
14
91
54
83
136
10
65
7
100
92
11
119
133
85
15
57
86
51
138
38
138
14
2
29
34
72
94
48
6
128
53
97
76
120
104
58
15
117
88
96
108
94
107
9
55
22
16
111
131
56
124
9
50
116
21
126
7
27
44
17
3
129
96
134
26
5
95
124
91
40
131
23
135
59
58
60
121
134
81
127
97
141
49
12
118
6
115
140
64
79
69
29
90
52
12
25
101
65
86
38
9
32
31
91
100
97
64
7
23
54
134
96
47
105
3
143
132
41
32
10
80
40
119
62
106
29
87
133
55
35
103
102
28
94
23
20
101
120
90
4
63
28
108
83
13
44
61
88
44
129
123
54
27
129
82
12
68
40
67
141
73
111
71
20
19
95
79
125
12
142
112
25
109
16
35
70
130
34
114
8
139
128
137
74
11
37
53
89
45
60
38
100
140
36
64
117
131
121
109
49
110
93
117
131
62
55
97
81
1
42
134
47
110
142
83
16
4
103
102
7
137
46
136
124
81
92
113
106
77
42
125
57
9
139
26
95
59
25
26
56
115
48
85
58
104
22
56
24
133
91
138
76
69
21
143
121
63
75
111
144
73
82
126
21
123
5
6
141
116
96
85
14
50
80
66
48
19
116
90
89
24
45
75
49
50
53
113
43
60
22
46
92
122
11
52
120
3
17
5
104
71
87
52
108
86
78
30
98
66
59
69
127
10
114
17
43
30
37
33
98
57
79
118
94
65
74
128
138
118
126
14
58
76
31
84
27
107
84
99
34
39
115
77
51
99
140
127
51
107
135
136
88
61
2
112
124
72
67
36
2
1
135
39
15
29
13
33
132
122
130
119
105
68
144
70
72
15
41
18
93
6
78
8
18
133
121
109
110
98
97
85
86
87
75
76
77
78
66
54
55
56
57
69
81
93
105
117
116
104
103
91
90
89
101
113
114
102
103
115
127
126
138
139
140
141
129
130
131
143
144
132
120
119
118
106
107
108
96
84
72
71
59
47
35
34
46
45
33
21
20
19
7
8
9
10
22
23
24
36
48
60
72
84
83
82
94
95
96
108
120
119
107
95
83
82
70
58
46
34
33
32
44
43
31
30
18
6
5
17
16
4
3
2
1
13
25
37
38
39
51
50
62
74
73
61
49
37
25
26
14
15
27
28
40
52
64
65
53
41
42
30
29
41
53
52
51
63
64
65
66
67
79
80
92
91
79
78
77
76
88
100
99
111
112
124
125
137
136
135
123
122
134
135
136
124
123
111
110
122
134
133
121
109
97
85
86
98
99
100
112
113
101
102
90
89
88
87
75
63
62
74
73
61
49
50
38
26
27
39
40
28
29
17
16
15
14
13
1
2
3
4
5
6
18
19
7
8
20
21
9
10
22
23
11
12
11
12
24
36
35
47
48
60
59
71
70
58
57
45
44
32
31
43
42
54
55
67
68
56
68
69
81
80
92
93
94
106
105
104
116
115
114
126
125
137
138
139
127
128
140
128
129
117
118
130
142
141
142
143
144
132
131
12
11
10
22
21
9
8
20
32
31
43
55
67
66
65
77
89
101
102
103
104
105
106
94
93
81
80
68
56
57
58
70
69
81
82
83
71
72
84
96
108
107
119
131
132
144
143
142
130
118
117
129
141
140
139
138
126
125
124
123
111
112
100
99
98
86
74
73
85
97
109
110
122
134
135
136
137
138
139
127
115
116
128
140
141
142
130
129
128
127
115
114
113
112
111
99
87
88
76
75
63
62
61
49
50
38
37
25
13
1
2
3
4
16
28
29
17
18
19
7
6
5
4
3
15
14
26
27
39
40
41
42
54
53
52
64
63
51
52
53
41
29
30
42
54
66
78
79
91
92
80
79
67
55
43
44
45
33
34
46
47
59
60
48
36
35
23
24
36
48
47
35
34
22
23
24
12
11
10
9
8
20
21
33
45
46
58
57
69
68
56
44
32
31
30
18
19
7
6
5
17
16
15
27
28
40
39
51
50
38
26
14
2
1
13
25
37
49
61
62
74
73
85
86
98
97
109
110
122
121
133
121
133
134
135
123
124
136
137
125
126
114
113
101
100
88
87
75
76
64
65
77
78
90
89
90
102
103
91
92
104
116
117
105
93
94
82
70
71
59
60
72
84
83
95
96
95
107
106
118
119
120
108
120
132
144
143
131
100
63
129
144
127
107
143
2
137
94
81
122
87
23
127
41
30
87
52
114
96
27
136
40
97
77
17
140
104
53
141
133
39
50
19
32
88
110
4
92
58
44
116
79
65
86
11
5
62
132
76
93
84
131
3
9
31
40
115
20
78
130
62
68
21
138
16
5
34
142
56
37
16
111
10
33
67
70
66
119
98
15
73
112
125
106
112
110
76
135
130
111
118
6
41
19
17
18
144
63
108
97
91
132
25
59
49
105
89
35
44
142
14
42
24
65
64
79
28
92
117
136
46
123
95
85
68
73
43
34
28
14
48
101
29
1
45
84
35
52
88
74
55
29
53
118
46
47
143
99
104
55
117
94
101
121
135
75
134
89
139
123
15
21
66
39
61
72
9
77
121
82
86
125
74
128
8
37
59
119
126
107
122
36
27
20
22
139
137
12
120
72
18
83
42
71
141
22
43
80
47
85
1
69
70
129
71
54
113
98
78
134
58
57
23
64
99
8
105
69
109
26
124
10
103
109
54
95
32
60
128
56
102
67
90
93
26
13
61
50
51
38
140
13
48
133
24
80
49
12
83
4
7
82
124
108
103
96
38
7
90
102
114
126
115
60
131
25
11
30
31
116
75
57
81
6
36
45
51
2
100
3
33
91
138
120
113
106
20
60
93
66
112
42
31
14
62
77
20
52
114
65
122
130
121
35
113
130
45
54
55
102
23
91
105
84
59
113
57
143
50
73
91
92
100
71
120
12
136
29
102
7
134
107
74
99
139
88
3
78
139
22
28
17
103
111
23
64
3
11
65
48
126
108
128
24
132
62
77
104
85
133
9
41
18
117
16
84
141
79
128
107
79
111
101
127
37
58
109
137
8
6
69
109
34
47
76
110
39
70
121
132
125
36
96
129
81
74
61
99
116
30
18
73
59
26
44
83
142
4
92
94
60
51
1
112
122
27
140
124
115
49
40
82
52
98
93
50
135
41
76
144
53
86
33
15
97
119
119
129
6
140
85
95
83
43
2
131
64
86
30
39
25
67
48
100
53
117
46
58
123
2
8
103
38
87
21
37
106
31
89
24
144
42
138
28
143
43
71
101
136
120
22
12
78
80
95
80
82
33
63
87
63
32
133
118
29
35
11
13
26
67
123
68
10
45
54
106
46
88
98
32
108
134
47
34
51
90
96
1
97
135
116
90
57
14
38
19
75
40
36
81
126
124
114
72
75
17
44
138
16
89
56
104
10
9
125
137
55
5
56
61
118
69
7
142
4
27
15
70
105
131
110
13
21
68
66
72
115
127
49
19
141
5
25
94
144
143
142
141
140
128
116
115
127
139
138
126
114
102
90
91
103
104
105
117
129
130
131
132
120
119
118
106
94
95
96
108
107
106
94
82
70
69
81
93
92
80
68
67
79
78
66
65
64
52
40
41
53
54
42
30
29
17
18
6
5
4
3
15
16
28
27
39
38
37
25
13
14
26
25
37
49
50
51
63
62
74
86
98
97
85
73
61
49
50
38
39
51
52
40
28
29
30
31
19
7
8
9
21
20
32
33
45
57
56
55
43
44
45
46
58
59
71
83
84
72
60
48
47
35
36
24
23
11
10
22
34
46
58
57
69
81
93
105
104
116
115
103
102
101
100
99
87
75
76
77
89
88
87
99
111
112
113
125
124
136
135
123
122
134
133
121
109
110
111
112
124
123
135
134
133
121
122
110
109
97
98
86
85
73
61
62
74
75
63
64
65
53
41
42
54
55
56
68
67
66
78
79
80
92
91
90
89
77
76
88
100
101
113
114
126
125
137
136
137
138
139
127
128
140
141
142
130
129
117
118
119
131
143
144
132
120
108
107
95
96
84
83
82
70
71
72
60
59
47
48
36
35
23
22
34
33
21
20
32
44
43
31
19
18
17
16
15
27
26
14
2
1
13
1
2
3
4
5
6
7
8
9
10
11
12
24
12
133
121
109
97
85
86
87
75
74
73
61
62
63
64
65
77
76
88
100
99
98
110
122
134
135
123
111
112
113
125
137
136
124
112
113
114
115
103
102
101
89
90
91
79
78
66
67
55
43
44
45
57
56
68
69
70
58
59
71
72
60
48
36
35
47
46
34
33
21
9
10
11
23
22
10
9
8
20
32
31
19
18
17
16
4
5
6
7
8
20
21
33
32
44
45
46
58
70
82
83
84
96
108
107
95
94
106
105
104
92
80
81
93
105
117
116
128
127
126
138
139
140
141
129
130
142
143
131
132
120
119
118
117
116
104
103
102
101
100
88
87
75
76
64
52
40
28
29
30
42
54
53
41
29
28
27
39
51
50
38
37
25
26
14
13
1
2
3
15
27
39
38
26
25
13
1
2
14
15
3
4
16
17
5
6
7
19
18
30
31
43
55
56
57
69
68
80
92
91
79
67
66
78
90
89
77
65
53
54
42
41
40
52
51
63
62
50
49
37
49
61
73
74
86
85
97
109
110
98
99
111
123
122
121
133
134
135
136
124
125
137
138
126
114
115
127
139
140
128
129
141
142
130
131
119
118
106
107
95
94
93
81
82
83
71
59
47
35
34
22
23
24
12
11
12
24
36
48
60
72
84
96
108
120
132
144
143
144
