##Rat 7 Day 50
 ##rewards
62
51
129
##Vertices
22
85
53
16
1
124
67
36
6
99
128
78
94
125
85
64
11
95
82
20
24
7
127
83
17
120
80
94
37
132
49
134
91
74
110
121
135
7
19
136
92
76
109
30
113
23
140
64
109
98
125
128
56
79
9
79
111
141
8
10
106
28
129
5
69
67
52
15
14
60
123
131
104
46
119
34
32
112
89
29
111
99
141
73
142
107
57
123
61
143
100
44
95
97
71
17
2
42
26
54
130
59
108
75
81
133
96
74
9
76
87
27
132
38
5
63
34
14
88
16
66
105
47
63
127
116
8
43
54
120
42
92
22
65
50
130
108
62
29
40
96
86
104
112
65
43
102
134
139
117
3
60
44
1
90
51
122
32
23
6
122
20
58
115
105
59
78
68
66
117
61
4
102
70
41
113
89
25
30
31
40
116
13
90
144
26
37
11
21
93
55
48
35
93
73
103
126
45
83
19
3
55
21
84
49
88
62
52
15
12
101
28
12
115
35
137
118
126
18
10
80
77
133
75
13
31
86
91
51
48
136
107
27
68
82
39
50
18
106
24
143
144
87
98
2
121
100
131
84
38
53
46
101
119
58
138
129
110
57
72
103
45
33
4
114
137
118
97
139
142
135
114
72
69
140
33
47
77
25
138
56
71
81
70
41
36
39
124
45
50
13
127
33
18
25
1
144
23
68
20
53
62
4
32
37
109
98
132
112
121
137
84
24
128
32
18
126
118
89
129
125
108
28
116
7
41
101
83
80
77
128
44
100
141
99
43
48
30
55
42
42
79
111
39
94
80
89
14
22
34
67
107
76
122
86
31
135
115
107
118
47
69
54
17
139
130
58
117
121
12
38
75
134
138
142
95
2
67
52
35
112
140
7
104
57
49
41
98
78
100
1
40
86
131
133
96
62
48
93
38
6
126
99
53
102
136
59
85
71
94
108
5
13
137
51
88
16
40
11
17
15
79
63
19
87
27
105
59
127
129
130
74
114
56
21
34
5
113
92
50
73
90
54
65
61
12
120
92
36
31
4
104
97
3
61
16
138
76
77
24
26
72
110
66
14
134
135
3
26
51
93
131
83
11
141
30
81
106
63
37
43
119
45
55
71
19
101
132
78
111
6
39
96
36
113
87
114
60
140
72
28
2
123
10
142
10
124
139
103
58
90
115
125
97
27
74
82
73
47
23
68
85
25
119
57
44
120
64
9
143
117
15
88
22
70
116
105
60
64
103
29
102
91
21
70
122
46
46
124
33
133
123
106
9
66
65
52
75
56
82
69
81
91
20
109
95
110
49
8
143
8
35
84
144
136
29
144
132
120
119
118
117
129
128
127
126
138
139
140
141
142
130
131
143
142
141
140
139
127
115
116
104
103
91
90
78
77
65
53
54
55
67
79
80
81
82
70
58
59
71
72
60
48
36
35
34
46
47
48
60
72
84
96
108
107
106
94
95
83
82
94
93
105
104
92
91
79
78
66
65
64
76
88
100
101
113
125
124
112
111
123
122
110
98
97
85
86
87
75
74
73
61
62
50
51
52
40
39
27
15
3
2
1
13
14
26
25
37
49
61
73
85
97
109
121
133
134
135
136
137
138
126
114
102
90
89
77
76
64
63
51
52
40
28
16
17
18
30
29
41
42
43
31
19
7
8
20
32
44
56
68
69
57
45
33
21
22
23
24
12
11
10
9
8
7
6
5
6
18
19
31
32
20
21
9
10
22
23
11
12
24
36
35
47
46
34
33
45
57
58
59
71
70
69
81
93
92
80
68
56
44
43
55
67
66
54
53
41
42
30
29
17
5
4
3
4
16
28
27
15
14
2
1
13
25
26
38
39
38
37
49
50
62
63
75
74
86
98
99
111
123
122
110
109
121
133
134
135
136
137
125
124
112
100
99
87
88
89
101
113
114
102
103
115
116
117
105
106
118
119
107
95
83
84
96
108
120
132
144
143
131
130
129
128
12
24
36
35
23
22
10
11
12
24
36
48
60
72
84
96
108
120
119
118
130
142
141
140
139
138
137
125
124
136
135
123
122
121
109
97
98
110
111
112
113
114
126
127
115
103
102
101
89
77
76
64
65
66
78
90
91
79
67
68
69
57
58
59
47
46
34
33
32
20
8
9
21
33
45
44
43
42
54
55
56
44
45
57
56
55
67
68
80
92
104
116
128
129
117
105
93
81
82
94
106
107
95
83
71
70
82
94
93
105
104
116
115
103
102
101
100
88
87
99
111
112
100
88
76
75
63
51
52
53
41
40
28
27
39
38
26
14
15
16
4
3
2
1
13
25
37
49
50
62
74
86
85
73
61
49
37
38
39
27
28
29
17
5
6
7
19
18
30
31
32
20
21
22
34
46
58
70
69
81
80
92
91
79
78
66
54
42
43
31
19
18
30
29
17
16
15
14
26
25
13
1
2
3
4
5
6
7
8
9
10
11
23
35
47
48
60
59
71
72
84
83
95
96
108
120
119
107
106
118
117
129
130
131
143
131
132
144
132
144
143
142
141
140
128
127
139
138
126
114
113
125
137
136
124
123
135
134
133
121
133
134
122
110
109
97
98
99
87
75
74
86
85
73
61
62
50
51
63
64
52
40
41
53
65
77
89
90
14
3
5
16
139
23
51
39
49
33
78
110
69
109
144
27
128
73
29
53
140
69
41
133
2
7
72
38
105
131
108
66
57
38
101
102
47
33
5
82
102
85
43
18
70
73
99
119
107
25
11
96
31
111
107
120
52
79
35
23
131
39
121
26
115
24
115
123
83
28
60
74
133
132
128
118
92
17
77
122
98
111
36
19
50
55
48
58
34
26
84
129
44
22
96
29
80
9
103
76
91
114
54
68
130
112
87
46
81
101
1
113
3
75
2
108
61
129
63
125
89
67
138
43
97
140
94
44
74
15
95
64
62
86
11
136
139
134
95
30
17
8
65
75
37
76
118
66
34
53
9
6
36
100
141
124
103
119
10
142
98
116
97
45
22
55
137
123
21
40
93
137
121
93
7
117
130
15
80
116
50
110
88
125
56
142
42
138
52
132
4
136
77
10
112
37
126
6
18
109
31
135
4
57
70
28
82
83
90
35
58
90
65
143
27
144
127
100
120
71
12
104
143
71
113
49
78
62
127
126
81
87
141
84
25
21
91
42
106
30
67
64
88
59
46
24
14
20
124
134
60
104
92
16
72
56
117
135
89
12
59
122
85
114
68
79
105
48
99
61
8
20
19
54
47
40
32
1
51
63
45
41
13
94
13
106
86
32
77
126
135
102
114
14
101
84
136
69
53
127
44
82
122
129
6
106
27
80
83
111
66
23
75
43
42
79
125
31
143
13
113
29
116
29
89
132
36
99
60
91
144
99
118
64
1
65
135
58
139
57
79
131
88
30
25
59
44
139
123
8
103
86
11
48
45
17
87
59
82
131
73
95
118
50
46
55
43
15
128
53
75
19
52
130
128
138
122
100
22
83
129
112
17
4
142
98
25
48
20
116
20
68
109
123
54
92
4
104
93
96
127
9
65
15
34
136
106
9
76
126
50
67
121
98
39
52
137
119
51
85
54
61
38
132
124
94
74
31
12
57
18
39
120
47
94
26
10
16
72
40
84
35
63
28
2
121
120
141
19
49
32
58
16
26
12
62
71
78
36
27
41
110
103
108
142
112
72
69
130
42
46
86
138
60
5
14
87
64
143
124
109
115
68
90
117
137
71
140
2
77
114
62
102
111
11
81
115
30
134
108
37
117
18
119
33
73
76
63
5
88
133
10
41
13
38
125
70
28
80
32
97
93
37
78
6
3
107
101
3
61
23
141
24
7
35
89
21
51
134
104
8
49
97
1
67
55
40
95
92
74
70
105
85
56
34
33
105
96
45
81
100
107
110
144
47
91
56
113
133
21
66
7
24
140
22
90
133
121
109
110
111
112
124
125
126
127
139
138
137
136
135
123
122
134
135
136
137
138
126
114
113
101
102
90
91
79
80
68
56
55
54
66
78
77
76
75
63
51
50
62
61
49
37
25
26
27
39
38
37
49
61
73
85
97
98
99
87
86
74
75
87
88
100
101
89
90
78
79
67
68
69
81
93
105
104
116
128
129
117
118
130
131
119
107
108
96
95
94
82
83
84
72
71
59
58
57
45
46
34
22
10
11
12
24
23
35
36
48
60
72
84
96
108
120
132
144
143
142
141
140
139
127
115
103
91
92
80
81
69
70
58
57
45
33
21
20
19
31
32
44
43
42
30
18
6
5
17
29
41
53
65
64
52
40
28
16
15
14
13
1
2
3
4
5
6
7
8
7
19
18
30
29
17
16
4
3
15
14
2
1
13
25
26
38
39
27
28
40
52
51
50
62
63
64
76
88
89
77
65
53
41
42
54
66
67
55
56
44
43
31
32
20
8
9
10
9
21
33
34
22
23
11
12
24
36
35
47
46
47
48
60
59
71
70
82
83
95
107
106
118
130
131
119
120
132
144
143
142
141
140
128
129
117
105
106
94
93
92
104
116
115
103
102
114
113
112
100
99
111
110
98
86
74
73
85
97
109
121
133
134
122
123
124
125
1
13
25
37
49
50
38
39
27
28
40
52
64
76
75
87
88
89
77
78
90
91
103
102
114
115
127
139
138
137
125
126
114
113
101
100
99
98
86
85
97
109
121
133
134
122
123
135
136
124
112
111
110
109
97
85
73
74
62
63
51
39
27
26
14
15
3
4
5
6
18
30
29
41
53
54
66
65
77
89
101
113
112
100
88
76
64
52
40
28
16
17
5
6
7
19
31
43
55
56
57
58
46
45
33
21
9
10
11
23
35
34
22
10
9
8
20
32
44
45
46
47
48
60
72
71
70
69
68
80
92
104
116
128
140
141
142
143
144
132
120
108
107
95
96
84
83
82
81
93
105
106
94
93
105
117
118
119
131
130
129
117
118
106
94
82
81
80
79
67
68
56
55
67
79
91
92
104
116
115
103
102
90
78
66
65
53
41
29
17
18
30
42
54
42
43
44
32
31
19
7
8
20
21
33
34
22
23
35
36
24
12
11
12
24
36
48
60
59
47
59
58
57
69
70
71
72
84
83
95
96
108
107
119
120
132
144
143
131
130
142
141
129
128
140
139
127
126
138
137
125
124
136
135
134
133
121
122
123
111
110
98
99
87
86
74
75
63
51
50
62
61
73
61
49
37
38
26
25
13
14
15
16
4
3
2
1
2
77
134
35
80
72
46
138
70
111
22
83
85
118
70
64
57
78
51
47
16
100
49
26
35
85
83
25
19
86
21
127
16
126
102
76
122
103
143
57
80
40
38
24
114
44
27
5
23
99
66
37
29
81
113
107
1
136
93
95
66
128
11
86
62
52
56
117
118
28
123
2
128
121
14
26
45
39
115
41
6
34
104
140
120
55
34
27
61
19
58
109
28
44
43
138
9
58
30
12
82
142
93
117
4
95
33
63
30
25
3
89
122
108
59
101
89
15
42
67
133
22
112
1
111
116
132
98
137
101
37
17
94
4
77
9
11
124
75
20
24
96
114
143
144
14
129
124
131
32
100
107
67
91
99
88
41
71
87
52
21
104
5
8
47
105
6
50
135
48
105
60
139
65
84
130
59
39
69
81
61
125
31
113
110
12
10
7
54
91
142
92
10
17
73
141
134
68
102
40
2
90
132
74
76
119
98
56
141
48
135
60
140
110
87
133
43
31
62
106
92
51
126
53
75
131
53
84
18
116
3
119
63
42
112
32
79
115
69
94
90
13
137
120
106
97
29
123
79
46
74
121
7
72
36
33
65
36
109
55
108
97
130
103
139
13
127
8
125
45
49
78
38
88
50
136
64
54
20
23
73
96
18
129
71
68
144
15
82
103
57
72
38
68
101
85
11
10
71
80
6
69
37
92
91
83
1
62
104
64
39
74
90
135
102
103
122
75
26
33
34
65
19
14
82
84
21
42
70
79
104
69
113
60
143
130
123
95
74
30
19
90
25
67
136
50
36
53
15
51
48
16
141
35
110
129
28
56
20
115
108
128
88
114
32
139
1
96
98
106
30
111
2
120
99
121
144
3
50
113
31
21
120
22
8
3
96
107
105
14
88
94
44
142
76
141
92
124
93
129
109
55
9
82
95
81
71
43
97
117
4
126
46
121
40
55
62
44
5
54
46
110
20
28
100
89
31
140
137
143
25
54
24
139
2
9
58
115
128
130
26
78
35
59
47
94
77
59
72
140
89
116
66
45
27
36
73
61
80
125
108
66
10
86
58
118
116
109
60
41
73
57
102
107
112
111
34
6
52
8
43
17
134
132
133
7
124
81
100
33
23
64
144
106
105
97
79
24
127
135
4
13
67
137
142
51
42
119
23
7
138
91
132
49
127
68
29
98
27
65
76
18
78
12
87
12
131
85
70
134
29
16
11
32
38
133
56
136
75
101
131
48
18
122
5
47
61
119
87
17
13
77
123
15
84
138
37
39
49
93
40
45
112
41
117
118
53
114
22
63
52
99
63
125
126
86
83
144
143
142
130
118
106
107
95
83
71
72
84
96
108
120
119
131
132
120
108
96
84
83
82
94
93
81
80
68
67
55
54
53
65
77
78
79
91
103
115
114
113
125
126
138
137
136
135
123
111
112
124
136
137
138
139
140
141
129
117
116
128
127
115
116
104
105
93
92
80
79
67
66
54
42
43
44
45
57
58
59
47
46
34
35
23
22
21
9
8
20
32
31
19
7
6
18
17
29
41
40
28
27
26
25
13
1
2
14
15
3
4
5
6
7
8
9
10
11
12
24
36
48
60
72
71
70
69
68
56
55
43
42
30
29
41
40
39
38
50
62
63
51
52
64
76
75
74
73
85
86
87
88
89
90
102
101
100
99
98
110
122
134
133
121
109
97
85
73
61
49
61
62
74
75
87
86
98
97
109
110
122
121
133
134
135
123
124
112
111
99
100
101
113
125
126
114
102
103
104
92
91
90
89
88
76
77
78
66
65
53
52
64
63
51
50
49
37
25
37
38
39
27
26
14
13
1
2
3
15
16
28
16
4
5
17
18
30
31
19
20
21
33
34
35
23
22
10
11
12
24
36
48
60
59
47
46
45
33
32
44
56
57
58
70
69
81
82
94
106
105
117
118
130
129
128
127
139
140
141
142
143
144
132
131
119
107
95
12
11
10
22
23
35
36
24
12
11
10
9
8
7
6
5
4
3
15
27
26
25
37
49
61
73
85
86
98
97
109
110
122
134
135
136
124
123
111
99
87
75
74
62
63
64
76
88
89
90
102
103
91
79
78
77
65
66
67
55
43
44
32
20
21
33
34
46
58
59
60
48
47
46
45
57
69
81
80
68
56
57
45
44
56
68
67
55
54
53
52
51
50
38
39
40
41
42
30
29
28
16
17
18
19
31
30
29
41
40
52
51
63
64
76
88
100
101
113
112
111
99
100
101
102
114
115
116
104
92
93
105
106
118
117
129
130
131
119
107
108
120
132
144
143
142
141
140
128
127
126
125
137
138
139
140
141
129
117
118
106
94
95
96
84
72
71
83
82
70
58
59
47
35
34
33
32
31
43
42
54
53
65
66
78
79
80
81
69
70
71
83
82
94
95
107
119
131
130
142
143
144
132
120
108
96
84
72
60
48
36
24
23
22
21
9
8
20
19
7
6
18
17
5
4
3
15
16
28
27
39
38
26
14
13
14
2
1
2
1
13
25
37
49
50
62
61
73
74
75
87
86
85
97
98
110
109
121
133
134
133
121
122
123
135
136
124
112
113
114
126
125
137
138
139
127
128
116
115
103
104
105
93
92
91
90
89
77
