##Rat 2 Day 34
 ##rewards
18
29
107
##Vertices
87
128
115
143
134
111
64
93
38
27
90
134
88
66
107
47
46
94
117
51
116
7
49
61
9
83
102
103
100
112
34
66
55
27
70
131
56
114
136
144
68
12
92
131
36
32
82
53
61
13
33
22
86
122
89
81
40
108
102
63
17
16
143
75
72
60
120
72
126
137
69
76
130
10
80
100
85
28
19
104
24
63
99
5
123
139
58
26
119
56
127
76
116
45
138
87
109
97
98
54
44
41
6
7
28
104
41
57
92
14
91
140
52
109
89
114
96
110
133
47
135
38
142
90
96
35
32
132
8
121
62
65
83
112
81
14
6
86
126
8
23
50
129
91
74
99
18
127
74
78
71
60
24
105
2
125
31
68
43
107
133
34
139
77
12
118
132
1
84
101
125
42
64
71
101
43
25
29
44
84
4
106
22
106
105
98
77
75
124
103
115
36
50
30
97
42
15
3
48
70
46
69
67
123
13
118
17
4
124
39
20
19
136
78
95
65
82
122
73
62
39
113
54
35
31
45
95
85
37
111
59
93
11
79
59
25
110
2
140
135
57
40
30
20
1
138
10
73
18
11
53
141
67
128
117
58
49
108
21
48
9
51
5
120
88
80
141
119
16
130
52
55
144
26
21
79
29
94
15
23
137
113
3
33
142
129
121
37
144
124
74
70
109
36
113
19
129
128
66
18
84
90
41
100
42
32
11
68
133
85
4
64
144
52
143
28
5
119
79
57
28
50
2
41
25
24
142
123
93
131
108
35
62
81
38
67
30
84
130
102
134
6
119
111
15
33
40
126
104
114
18
36
7
83
115
47
101
45
1
51
56
47
2
78
97
10
16
71
51
89
1
34
77
137
94
37
140
5
61
116
6
72
138
25
10
26
111
48
128
86
21
108
52
43
33
123
82
11
27
112
85
92
8
134
56
110
137
49
80
76
125
103
127
9
54
64
44
104
100
71
53
63
20
22
66
16
22
55
113
139
82
30
44
106
77
60
14
103
43
91
118
95
29
26
122
114
80
115
116
140
102
124
8
14
81
73
68
131
122
35
97
125
109
59
53
99
121
40
78
94
89
138
105
69
58
91
62
121
69
15
79
136
72
101
75
118
49
12
117
23
141
65
61
132
98
57
38
24
39
54
74
65
107
143
92
3
142
46
70
59
129
98
87
96
13
31
12
39
21
132
135
88
13
29
7
107
135
112
93
90
50
76
99
86
60
133
23
105
126
27
20
32
55
87
136
31
96
37
19
67
9
106
34
63
4
45
73
139
120
83
95
75
110
117
17
46
130
141
42
17
58
120
127
48
88
3
12
24
23
22
21
9
10
11
12
24
36
48
60
59
58
57
69
70
82
81
80
68
56
55
67
79
78
90
91
103
102
101
113
114
115
127
126
138
137
125
124
136
135
123
111
112
100
99
98
110
122
134
133
121
109
97
85
73
74
62
63
51
50
38
26
14
2
1
13
25
37
49
61
73
85
86
87
75
76
64
65
77
89
88
76
77
78
66
54
42
41
29
17
16
28
40
39
27
15
3
4
5
6
7
19
18
30
31
43
44
45
46
47
35
34
33
32
20
8
7
6
5
4
16
17
18
30
29
28
40
52
53
41
42
43
44
45
57
58
70
71
72
84
83
95
96
108
107
119
120
132
131
143
142
130
118
106
105
104
92
93
94
106
118
117
129
141
140
139
138
137
136
124
112
111
110
122
123
135
134
133
121
109
97
98
99
87
86
74
75
63
62
61
49
50
38
37
25
13
1
2
3
15
14
26
27
39
51
52
64
65
53
54
66
67
55
56
68
69
81
93
105
104
92
80
79
91
90
89
88
100
101
113
125
126
114
102
103
115
116
117
116
128
127
139
140
128
129
141
142
130
131
119
107
95
94
82
83
71
59
47
46
34
33
32
31
19
20
8
9
21
22
10
11
23
35
36
48
60
72
84
96
108
120
132
144
143
144
133
134
122
110
98
97
109
121
133
134
135
136
137
125
113
101
102
114
115
103
91
90
89
77
78
79
67
68
80
81
69
57
58
70
82
83
71
72
60
59
47
48
36
35
34
46
45
33
21
22
23
24
12
11
10
9
8
7
19
18
30
29
17
16
15
14
13
1
2
3
4
5
6
7
8
20
32
31
43
42
54
55
56
44
43
55
67
66
65
64
52
51
50
38
39
40
28
27
26
25
37
49
61
73
74
62
63
75
76
88
100
112
124
123
111
99
87
86
85
73
61
49
37
38
50
62
63
51
39
40
41
53
52
64
76
88
100
101
113
114
126
138
139
127
128
140
141
129
130
142
143
131
132
120
119
118
117
105
93
92
104
116
117
118
106
107
108
96
84
72
60
48
47
46
34
22
23
35
36
24
12
11
10
9
21
33
32
20
19
31
30
18
6
5
17
16
4
3
2
1
13
25
26
14
15
27
28
29
41
42
54
53
65
66
78
77
89
90
102
103
104
105
93
92
91
79
80
68
56
44
45
57
58
59
71
70
69
81
82
94
106
94
95
83
84
96
95
107
108
120
119
131
130
129
128
116
115
127
126
125
124
112
111
99
87
75
74
86
85
97
98
110
109
121
122
123
135
136
137
138
139
140
141
142
143
144
132
144
1
73
10
98
103
39
106
30
90
129
140
32
132
134
60
57
136
119
17
100
128
11
2
124
55
35
75
103
39
31
87
111
68
5
78
47
53
56
83
38
15
111
86
27
75
114
87
113
71
41
68
11
22
16
66
125
56
4
74
92
77
135
135
21
86
28
43
9
54
130
81
6
88
2
58
124
117
40
74
6
129
14
47
7
97
70
110
94
43
95
65
77
101
98
80
35
50
115
49
37
16
17
131
104
138
37
19
90
78
38
51
109
141
108
23
127
42
34
108
3
30
44
55
26
123
109
96
102
64
13
81
15
91
72
33
36
50
85
117
5
13
91
28
12
20
121
29
84
121
3
24
134
66
53
139
132
62
60
93
82
7
102
123
21
31
112
144
93
82
99
85
69
23
138
89
29
141
59
94
48
36
67
126
79
27
99
54
112
67
61
84
92
76
119
136
127
44
63
58
72
143
51
18
139
33
118
22
71
18
73
100
42
48
8
63
101
61
144
105
142
131
26
41
25
116
46
69
14
140
8
114
4
9
32
113
34
107
83
106
110
45
120
52
76
133
133
12
142
89
130
88
126
64
116
96
19
120
104
46
49
115
118
137
59
125
70
57
80
128
95
122
20
143
105
10
107
25
24
65
40
1
62
45
122
137
52
79
97
100
67
85
55
97
110
46
78
111
12
45
20
95
120
127
53
60
108
115
136
70
70
129
30
18
15
12
36
64
42
75
10
131
8
84
140
31
98
83
50
36
77
96
72
38
95
55
135
54
49
132
26
17
76
43
126
131
141
100
47
66
75
27
29
134
107
92
130
18
33
6
21
9
15
138
85
60
144
8
2
104
3
98
126
48
14
49
121
20
51
13
144
124
14
61
73
54
132
52
137
25
123
40
13
94
109
102
103
97
7
108
141
50
46
5
69
103
51
90
11
41
44
59
62
92
21
122
56
96
44
43
119
142
35
101
81
82
114
102
99
117
25
1
40
112
119
57
22
45
24
77
4
9
80
64
137
39
128
94
63
17
16
114
37
105
143
10
29
93
118
83
89
99
125
24
58
1
33
57
73
28
32
116
71
121
133
133
81
139
28
129
4
106
72
48
79
63
6
115
125
135
19
128
113
19
142
138
88
7
91
93
26
86
37
71
66
78
67
82
88
34
38
130
65
90
68
41
104
79
127
68
53
120
110
118
140
101
69
134
113
56
27
123
34
87
86
139
42
109
3
74
87
31
47
84
62
11
80
143
76
2
61
124
122
23
59
91
23
32
5
105
111
35
117
30
112
52
136
89
16
65
107
22
39
74
58
116
106
1
13
14
15
3
2
1
13
25
26
38
50
51
52
64
65
66
78
90
102
114
113
101
100
112
124
125
137
138
126
127
139
140
128
129
117
118
130
142
141
140
139
138
137
136
135
123
122
134
133
121
109
110
111
99
98
97
85
73
74
75
63
62
61
49
37
25
26
27
39
40
41
42
43
44
56
68
67
55
54
53
41
29
28
16
4
5
6
18
19
7
8
20
21
22
10
9
8
7
6
5
17
18
30
31
32
33
45
57
69
70
71
59
60
72
84
96
95
94
106
107
108
120
132
131
119
118
106
105
93
92
80
81
82
83
84
72
60
48
47
35
23
11
12
24
36
48
47
46
58
57
69
68
56
55
54
53
65
77
89
88
87
86
85
97
98
99
100
101
102
103
91
79
67
66
78
79
80
81
93
94
82
70
58
59
71
83
95
96
108
107
119
120
132
144
143
144
143
131
130
142
141
129
117
116
128
127
126
125
124
136
135
123
122
134
133
121
109
110
111
112
113
114
115
116
115
103
104
105
104
92
91
90
89
77
76
64
52
51
63
75
76
88
87
86
74
73
61
62
50
49
37
38
39
40
28
27
15
14
2
3
4
16
17
29
30
42
43
31
32
44
45
46
34
33
34
22
23
35
36
24
12
11
10
9
21
20
19
144
143
131
119
120
132
144
143
142
130
129
128
116
104
103
91
79
78
77
76
75
87
88
100
99
98
86
85
73
74
62
61
49
50
38
39
27
26
25
37
49
61
73
85
97
109
110
122
121
133
134
135
123
111
112
124
136
137
138
126
114
115
127
139
140
141
142
130
118
117
105
93
81
69
57
56
55
67
68
80
92
93
94
106
107
108
96
84
83
71
72
60
59
47
35
36
48
60
72
84
96
95
83
82
70
58
46
45
44
43
31
19
20
8
7
6
5
17
29
28
16
4
3
2
14
15
27
28
40
41
53
54
42
30
18
6
7
8
9
21
22
23
24
12
11
10
9
21
33
32
44
43
55
56
68
80
92
91
90
89
101
113
125
137
136
124
112
100
88
76
64
65
66
67
79
78
66
54
42
41
29
30
31
32
20
19
18
17
5
4
16
15
3
2
1
13
1
13
14
26
25
37
38
39
51
50
62
74
86
98
97
109
110
122
121
133
134
135
123
111
99
87
75
63
51
63
64
52
40
52
53
65
77
89
90
102
103
104
116
115
114
102
101
113
125
126
138
139
127
128
140
141
129
117
105
106
118
119
131
132
120
108
107
95
94
82
81
69
70
58
57
45
33
34
46
34
35
23
22
10
11
12
24
36
48
47
59
71
125
128
72
55
19
36
91
10
37
115
75
60
140
14
94
67
113
22
59
140
89
133
102
144
107
46
35
125
34
48
96
136
3
123
126
6
142
98
92
116
112
86
87
66
75
11
81
45
107
7
77
15
62
121
42
99
26
127
90
119
133
22
83
20
1
50
8
78
18
113
41
47
23
88
38
96
74
132
90
28
67
17
46
76
50
70
136
93
18
98
94
10
87
128
43
134
84
59
122
39
139
61
110
9
130
82
56
48
26
105
116
9
117
137
21
20
24
63
111
117
69
139
135
77
130
112
95
80
138
57
3
43
28
106
89
81
103
2
40
41
127
144
56
44
134
52
115
38
131
129
71
42
85
92
80
121
14
31
82
97
124
58
7
61
143
27
25
53
73
39
57
110
84
143
100
70
30
88
97
66
141
5
123
32
102
64
8
45
2
65
118
36
31
58
95
141
86
114
16
4
25
62
13
29
55
4
120
137
19
12
79
83
73
60
106
64
101
93
17
104
24
33
135
126
138
120
30
109
132
49
34
6
54
74
47
78
103
21
114
33
119
72
65
104
29
101
13
105
129
27
108
100
68
11
85
69
51
54
142
118
79
16
12
108
71
23
5
1
124
131
52
99
44
63
91
51
76
68
15
32
122
109
37
49
35
40
53
111
6
88
61
3
112
30
112
4
116
50
101
58
67
131
126
75
135
142
40
13
93
1
100
137
110
137
39
119
43
28
115
109
42
60
128
84
25
23
116
96
121
138
30
65
9
127
36
21
7
14
131
87
45
47
83
108
60
105
119
35
128
136
57
34
4
37
21
8
90
37
110
125
76
38
139
15
8
44
34
24
15
90
78
142
25
2
111
17
117
129
44
102
92
92
57
98
64
50
70
56
41
58
111
5
95
39
108
127
86
124
118
94
83
43
54
69
49
42
1
118
6
101
80
29
31
99
79
10
66
51
73
107
130
144
19
124
46
81
122
135
82
54
126
102
11
120
12
87
143
86
55
41
26
67
130
70
122
89
103
140
141
81
48
13
115
134
85
49
23
73
68
20
94
31
48
74
29
68
3
97
75
5
80
59
22
114
79
53
2
16
133
104
69
10
33
77
27
18
18
38
71
106
95
32
52
99
14
35
40
136
26
132
7
106
138
141
84
123
65
114
123
53
74
85
144
91
88
96
9
51
55
134
121
132
24
28
19
105
33
133
72
47
72
103
61
139
63
109
77
76
113
11
93
143
140
104
52
36
125
16
59
62
20
107
56
100
113
62
97
66
98
89
64
117
91
82
12
78
71
129
120
22
45
63
27
17
32
46
133
121
109
97
85
86
98
110
122
134
135
123
111
112
100
88
89
77
76
64
52
51
63
62
61
49
50
38
37
25
13
14
15
16
4
5
17
29
41
53
54
42
43
55
67
79
80
68
69
81
93
92
104
103
91
90
78
66
65
53
41
40
39
27
26
25
37
49
61
73
74
75
87
99
100
101
113
114
102
101
113
125
137
136
124
112
111
99
87
88
76
64
52
40
28
29
30
31
19
20
21
9
10
22
34
33
32
44
56
57
45
46
58
59
47
48
36
35
23
24
12
11
10
9
8
7
6
18
30
42
43
44
56
57
45
46
58
70
82
83
71
72
84
96
108
107
95
94
106
118
130
129
128
116
117
105
104
116
115
127
139
140
141
142
143
144
132
131
119
120
108
107
119
120
132
144
143
131
130
142
141
129
117
118
106
105
93
92
80
81
82
94
95
96
84
83
71
70
69
68
67
55
54
66
65
77
89
90
78
79
91
103
102
114
115
127
128
140
139
138
126
125
126
138
137
136
124
123
135
134
133
121
122
110
109
97
98
86
85
73
74
75
63
62
50
38
26
14
13
1
2
1
2
3
15
3
4
5
6
7
8
20
21
22
23
11
12
24
36
48
60
72
60
59
47
35
34
33
32
31
19
18
17
16
28
27
39
51
1
13
14
15
3
4
5
6
7
8
9
10
22
21
33
45
44
56
57
58
70
71
72
84
96
95
107
108
120
119
131
132
144
143
142
141
129
117
105
104
92
93
94
106
118
130
142
141
140
128
116
115
103
91
79
80
81
69
68
67
55
43
42
30
31
32
20
19
18
17
29
41
40
39
51
50
49
61
62
74
73
85
86
98
97
109
121
122
123
135
136
137
138
139
127
126
125
124
112
100
88
76
75
87
99
111
110
109
97
85
73
61
49
37
25
26
38
39
27
28
16
4
5
17
29
30
42
54
66
78
77
65
64
63
62
74
86
98
110
111
99
87
75
76
88
89
101
113
114
102
90
91
79
67
55
43
44
45
46
34
35
23
24
36
48
47
59
60
72
84
83
71
59
60
48
47
35
36
24
12
11
12
11
23
22
10
9
8
7
6
18
19
31
32
20
21
33
34
46
58
57
56
68
69
70
82
83
95
96
108
107
106
94
82
81
80
92
93
105
117
118
119
120
132
144
143
131
130
129
128
140
139
138
126
127
115
116
104
103
102
114
113
125
137
136
135
134
133
121
133
134
122
123
124
112
100
101
89
90
78
77
65
66
54
53
52
40
28
16
15
27
26
14
2
3
2
1
13
25
37
38
50
51
63
64
52
53
41
