##Rat 1 Day 29
 ##rewards
19
32
98
##Vertices
1
13
14
15
3
4
5
6
7
8
9
10
22
21
33
45
44
56
57
58
70
71
72
84
96
95
107
108
120
119
131
132
144
143
142
141
129
117
105
104
92
93
94
106
118
130
142
141
140
128
116
115
103
91
79
80
81
69
68
67
55
43
42
30
31
32
20
19
18
17
29
41
40
39
51
50
49
61
62
74
73
85
86
98
97
109
121
122
123
135
136
137
138
139
127
126
125
124
112
100
88
76
75
87
99
111
110
109
97
85
73
61
49
37
25
26
38
39
27
28
16
4
5
17
29
30
42
54
66
78
77
65
64
63
62
74
86
98
110
111
99
87
75
76
88
89
101
113
114
102
90
91
79
67
55
43
44
45
46
34
35
23
24
36
48
47
59
60
72
84
83
71
59
60
48
47
35
36
24
12
11
12
11
23
22
10
9
8
7
6
18
19
31
32
20
21
33
34
46
58
57
56
68
69
70
82
83
95
96
108
107
106
94
82
81
80
92
93
105
117
118
119
120
132
144
143
131
130
129
128
140
139
138
126
127
115
116
104
103
102
114
113
125
137
136
135
134
133
121
133
134
122
123
124
112
100
101
89
90
78
77
65
66
54
53
52
40
28
16
15
27
26
14
2
3
2
1
13
25
37
38
50
51
63
64
52
53
41
144
143
142
130
131
119
120
108
107
106
105
93
94
82
70
71
83
95
96
84
72
60
48
36
35
23
24
12
11
10
9
8
20
32
33
21
22
34
46
45
44
56
57
69
68
67
55
43
31
19
18
30
29
41
42
54
66
65
53
52
40
28
27
15
3
2
1
13
14
26
25
37
49
61
73
74
62
63
75
87
88
76
77
78
79
80
81
93
92
91
90
89
101
102
114
115
103
104
116
128
127
126
125
113
112
124
136
135
123
111
110
122
121
133
134
135
136
137
138
139
140
141
129
117
118
106
94
82
81
80
68
69
70
58
59
47
48
36
35
34
33
32
31
30
29
17
5
4
16
28
27
39
38
50
51
63
64
76
75
87
99
100
88
89
90
102
101
100
99
98
97
85
86
98
86
85
73
74
62
61
49
37
25
13
1
2
3
4
5
6
7
19
20
21
22
23
24
12
11
10
9
8
7
6
18
17
16
15
14
26
38
50
51
39
40
52
64
65
77
78
79
67
66
54
53
41
42
43
55
56
44
45
57
58
46
47
59
60
72
71
83
84
96
95
107
119
118
117
105
104
92
91
103
115
116
128
127
126
114
113
112
111
110
109
97
109
121
133
134
122
123
124
125
137
138
139
140
141
129
130
142
143
144
132
131
132
120
108
124
36
107
33
88
28
138
29
132
60
18
15
114
119
60
114
128
6
25
42
129
90
48
123
125
27
21
11
79
137
45
65
34
53
61
38
69
122
8
20
102
56
49
128
122
99
83
102
43
56
61
112
105
43
106
78
120
100
88
110
142
80
66
19
135
105
41
65
4
22
41
138
23
95
130
54
66
68
27
62
36
118
52
70
12
117
47
81
59
70
92
53
15
103
118
40
50
113
82
89
62
133
9
73
26
113
10
13
28
143
67
111
116
42
16
26
1
143
30
32
63
52
12
58
58
82
141
115
75
123
71
72
4
81
57
89
11
130
127
13
9
136
37
79
100
126
63
20
144
124
93
126
86
76
2
103
69
92
73
121
139
87
112
134
5
135
76
108
18
14
85
140
44
91
110
127
39
35
5
64
97
67
131
37
46
87
49
104
137
30
95
57
71
22
78
31
98
16
94
74
29
109
133
101
74
45
54
25
91
38
83
39
117
47
48
35
125
84
120
139
72
75
96
121
3
10
24
77
34
101
97
2
8
51
109
86
132
140
85
14
104
7
55
98
1
111
99
115
59
108
96
7
23
17
32
107
116
6
134
131
68
64
106
31
84
136
21
24
19
40
144
119
3
77
141
142
80
17
93
33
44
46
129
55
50
90
51
94
9
124
106
12
130
31
38
24
71
47
27
112
26
1
13
118
53
30
113
112
65
73
57
54
83
125
131
65
70
120
47
43
89
70
81
41
50
88
132
139
33
127
34
5
124
4
37
75
120
107
18
106
108
72
143
7
38
143
116
84
102
141
63
45
122
59
74
1
90
128
92
107
20
110
56
96
100
29
67
123
10
9
6
101
52
116
87
77
11
90
45
44
121
94
55
21
138
111
10
42
14
73
37
83
103
22
55
78
127
142
51
52
35
6
140
16
17
4
79
133
133
57
115
30
34
88
85
110
97
122
25
12
137
8
19
59
25
51
44
109
69
22
117
46
98
21
27
91
129
80
20
114
15
17
117
119
123
103
109
48
19
66
58
81
84
56
16
3
68
2
46
53
136
86
54
64
131
134
49
39
144
129
28
89
15
58
82
135
72
7
42
66
79
49
130
115
105
63
24
74
60
18
125
137
136
95
138
35
135
62
142
32
85
98
99
8
93
118
102
140
48
104
132
126
39
100
50
60
23
23
141
75
77
40
93
3
62
95
111
97
69
33
108
41
31
121
40
76
11
113
5
119
128
87
67
43
28
139
76
26
114
91
134
71
61
2
99
36
14
86
29
126
61
64
82
101
36
80
104
92
32
78
94
96
105
144
68
13
133
134
122
110
111
123
135
136
137
125
126
138
139
127
115
116
128
140
141
129
117
118
119
131
130
142
143
144
132
120
108
96
95
83
82
94
93
105
104
103
91
90
78
77
89
101
102
114
113
112
100
99
98
86
85
97
109
121
133
134
135
123
124
112
100
88
87
75
76
64
63
62
50
49
61
73
74
75
63
51
52
40
39
27
15
14
26
38
37
25
13
1
2
3
4
16
17
5
6
7
8
20
19
18
30
31
43
44
45
46
34
22
10
9
21
33
32
31
30
29
28
40
41
42
54
53
65
66
67
79
80
81
69
68
56
55
43
44
32
33
34
35
23
11
12
24
36
48
60
72
84
96
108
107
106
105
117
116
104
92
93
81
82
70
71
59
58
57
45
46
47
59
47
35
23
11
12
24
36
48
60
72
84
83
71
70
58
57
69
68
56
55
67
66
54
42
41
53
65
77
76
64
52
51
39
27
28
29
17
18
19
20
21
22
10
9
8
7
6
5
4
16
15
3
2
1
13
14
26
25
37
38
50
49
61
62
74
73
85
86
98
97
109
121
122
110
111
99
87
88
89
90
78
79
80
92
91
103
115
127
126
114
102
101
113
125
124
136
137
138
139
140
128
129
141
142
130
131
143
144
132
120
119
118
106
94
95
107
12
24
36
48
47
59
60
72
84
96
108
120
132
144
143
131
130
142
141
129
117
105
104
92
93
81
82
70
69
68
67
55
43
42
30
31
32
20
21
33
34
22
23
11
10
9
8
7
6
5
17
16
4
3
2
1
13
25
37
38
26
14
15
27
39
40
52
53
65
77
76
64
63
51
50
62
74
86
98
97
85
73
61
49
37
25
26
27
28
29
41
40
28
29
30
18
19
31
43
44
45
57
56
68
80
79
91
90
78
66
54
55
56
44
32
33
45
46
58
57
69
70
71
83
95
94
106
107
119
118
117
116
128
140
139
127
126
138
137
125
124
136
135
123
122
134
133
121
109
110
111
99
87
88
100
101
102
103
115
114
113
112
111
99
100
88
89
101
102
103
104
116
128
140
139
138
126
127
115
114
113
112
124
125
137
136
135
123
122
134
133
121
109
110
98
97
85
86
87
75
76
75
63
62
74
73
61
49
50
38
39
51
52
64
65
53
41
42
54
66
67
79
78
77
89
90
91
92
80
81
82
83
71
59
58
46
34
35
47
35
23
22
21
20
19
18
17
16
15
14
13
1
2
3
4
5
6
7
8
9
10
11
12
24
36
48
60
72
84
96
95
107
108
120
119
131
132
144
143
142
141
129
130
118
106
105
93
94
96
144
46
2
46
124
130
127
52
141
111
84
29
131
17
66
65
120
115
133
92
83
41
120
13
26
12
82
36
15
98
3
74
69
102
135
78
101
111
133
95
96
57
8
17
67
41
5
84
63
29
85
4
131
123
16
130
108
44
116
82
55
61
72
51
35
86
101
68
94
44
10
37
25
56
27
92
139
48
28
87
13
31
58
135
106
141
75
117
106
23
33
127
93
88
128
7
87
89
118
47
110
76
53
20
56
5
75
86
97
118
6
85
18
32
114
47
9
108
134
136
20
134
81
102
23
65
116
137
1
24
25
45
49
48
132
30
51
113
97
105
14
83
37
3
38
67
100
63
129
99
136
126
140
57
80
128
80
11
98
39
91
54
122
78
70
58
138
30
107
14
77
138
99
129
115
22
55
31
10
81
38
1
73
123
79
125
117
52
112
103
103
15
66
49
40
91
54
72
104
143
42
35
53
27
59
112
132
70
100
143
113
76
126
34
68
77
137
119
110
121
62
45
59
22
21
88
6
69
7
18
9
12
95
21
107
34
142
40
50
16
94
24
109
11
140
4
121
93
32
60
36
89
28
43
90
62
19
43
90
71
33
64
79
64
109
60
39
50
71
114
26
105
74
119
142
122
124
2
61
144
104
73
19
125
139
8
42
23
130
14
28
62
81
35
11
78
22
116
122
123
141
57
107
100
51
108
1
70
111
119
16
101
67
136
131
96
2
86
101
29
121
1
56
37
13
43
30
51
30
28
113
97
6
141
92
36
110
39
67
7
105
135
140
75
21
137
54
113
61
40
87
120
79
99
49
133
68
16
109
91
132
9
95
12
111
102
8
130
26
97
7
14
18
104
71
85
55
77
31
13
18
85
82
126
33
110
22
95
124
9
47
132
115
53
118
83
50
48
4
20
70
134
62
69
89
99
45
131
74
15
57
142
126
114
86
24
55
124
137
38
128
76
81
52
129
66
17
46
79
25
20
80
39
127
56
49
58
32
31
44
11
27
103
143
105
48
23
50
96
42
71
3
87
88
64
103
128
135
74
38
42
117
58
8
41
98
83
66
33
143
24
144
78
43
5
133
93
32
106
64
72
2
104
125
29
89
4
119
139
17
65
142
144
44
52
80
127
73
136
121
63
54
69
77
63
112
138
25
45
5
109
72
3
100
12
82
125
46
68
93
84
117
120
53
134
88
75
65
59
26
112
114
73
34
60
102
21
91
19
129
27
15
140
122
40
115
76
116
123
138
84
37
94
34
94
90
60
10
59
61
139
47
6
90
35
108
41
19
118
10
98
92
106
107
36
12
11
10
9
21
20
8
7
6
5
4
3
2
1
13
14
26
25
37
38
39
40
52
53
41
42
30
31
43
55
67
68
69
81
82
70
58
59
47
46
34
35
23
24
36
48
60
72
84
96
95
107
108
120
132
144
143
142
141
129
130
131
119
118
117
105
104
92
91
90
102
103
115
116
128
127
126
125
124
136
137
138
139
140
141
142
130
118
106
94
93
105
106
94
82
83
71
70
69
57
45
44
56
55
54
66
65
77
78
79
80
68
56
57
58
46
45
33
32
44
43
31
19
18
17
29
28
16
15
27
39
51
50
49
61
62
74
73
85
86
98
97
109
110
122
121
133
134
135
123
111
112
113
101
100
88
76
64
63
75
87
99
111
112
100
101
89
88
76
64
52
51
50
49
61
73
74
62
63
75
87
99
98
86
85
97
109
110
122
121
133
134
135
123
124
136
137
125
113
114
102
114
115
127
126
138
139
140
128
129
117
116
104
103
91
92
93
81
80
79
67
66
78
90
89
77
65
53
54
42
30
18
19
20
32
33
34
22
21
22
23
35
47
59
71
83
95
107
119
131
143
144
132
120
108
96
84
72
60
48
36
24
12
11
10
9
8
7
6
5
17
16
4
3
15
14
2
1
13
25
37
38
26
27
28
40
41
29
1
2
3
15
27
39
38
50
62
74
73
61
49
37
25
26
14
13
25
37
49
61
62
63
51
52
64
65
77
78
90
91
92
80
68
67
66
54
42
30
31
32
20
19
7
8
9
10
22
34
33
21
9
8
7
6
5
4
16
28
29
17
18
30
29
41
40
52
53
65
66
78
79
91
103
102
101
100
88
87
86
98
99
111
110
122
123
124
136
137
125
113
114
126
138
139
127
128
116
104
105
117
118
119
120
132
144
143
131
130
142
141
140
139
138
137
136
135
134
133
121
109
97
85
73
74
75
76
77
89
90
102
103
115
116
104
105
106
107
95
83
82
94
93
81
69
70
71
72
60
59
58
57
56
55
43
44
45
46
47
35
23
11
12
24
36
48
60
72
84
96
84
83
71
70
58
59
47
48
36
35
23
24
12
11
10
22
21
33
34
46
45
44
32
20
19
31
43
42
41
53
54
55
56
57
69
68
67
79
80
92
93
81
82
94
95
96
108
120
108
107
106
118
119
131
132
144
143
142
130
129
117
129
141
140
128
127
115
114
126
125
124
112
111
110
122
123
135
134
133
121
109
97
85
86
98
99
100
112
113
101
89
88
87
75
76
64
63
51
39
40
28
27
15
16
17
18
6
5
4
3
2
1
13
14
26
38
50
105
27
116
73
121
134
68
76
3
107
35
137
97
67
75
116
90
23
69
130
49
47
24
58
28
7
34
92
31
38
123
74
91
137
135
15
124
120
105
45
93
17
71
99
37
42
86
25
12
63
89
36
44
138
108
70
48
129
100
26
46
10
81
66
143
33
135
108
32
44
125
98
128
101
136
115
36
117
144
61
23
80
56
8
10
118
79
18
106
104
113
55
140
60
56
78
26
14
19
3
114
123
103
100
46
140
87
83
115
49
104
68
25
110
126
53
1
84
74
85
39
94
73
52
43
22
30
120
21
38
134
142
35
60
54
112
37
17
127
20
76
92
1
28
117
8
88
69
57
112
99
89
121
33
29
75
114
50
66
58
51
47
29
6
88
12
65
41
11
109
111
72
14
57
78
127
111
13
131
95
85
82
63
91
126
107
132
122
52
59
62
119
40
77
106
130
141
81
122
50
24
70
90
109
11
125
84
142
16
32
133
41
131
45
54
2
139
31
27
143
4
5
51
86
87
124
102
62
119
71
59
110
138
4
98
21
64
9
101
94
2
136
9
97
77
16
53
6
129
55
40
22
96
128
34
79
82
7
61
83
103
133
67
43
64
93
132
48
65
42
118
19
95
30
15
80
144
72
5
139
113
13
96
102
141
18
39
20
107
76
131
94
40
85
124
112
29
115
103
144
25
104
22
15
29
45
113
19
59
42
66
9
27
20
107
39
101
10
14
129
128
24
63
113
91
18
114
33
3
97
63
30
136
4
37
9
83
80
61
102
124
13
55
119
99
35
41
60
22
58
96
11
52
118
71
51
109
134
28
105
34
126
84
54
3
106
75
112
75
135
78
94
70
33
104
14
2
90
67
78
6
20
64
48
38
67
37
43
74
139
118
122
39
51
77
143
26
31
38
60
12
79
95
11
132
53
117
101
10
12
131
17
110
15
47
91
129
16
46
137
62
119
5
125
49
140
23
32
73
120
92
43
8
82
70
73
93
35
23
36
144
85
105
121
49
98
32
126
88
47
95
57
31
57
52
40
65
138
110
8
134
21
1
89
89
87
46
102
6
50
45
69
5
54
135
121
133
133
143
120
86
125
72
128
36
56
7
136
87
139
130
48
97
72
26
25
123
50
77
122
58
42
27
80
132
92
99
56
65
44
115
81
114
116
68
140
103
28
84
76
21
106
137
44
68
88
55
71
111
86
18
142
19
141
30
66
142
53
93
81
108
108
59
98
13
7
82
62
16
127
123
34
111
64
69
1
130
100
117
127
83
96
116
41
109
79
138
17
141
4
2
61
100
24
90
74
