##Rat 7 Day 11
 ##rewards
62
51
129
##Vertices
144
132
120
119
131
130
129
141
142
143
144
132
120
108
96
84
72
60
59
71
70
69
57
56
44
45
33
34
35
36
48
47
46
58
57
69
81
82
94
95
107
106
118
117
116
128
127
115
103
104
92
93
105
104
116
115
114
113
125
126
138
137
136
135
123
122
110
111
112
124
136
135
134
133
121
109
97
85
86
74
75
76
64
65
53
52
51
63
62
61
73
85
97
98
99
87
88
100
101
89
90
78
66
67
68
80
79
91
103
102
90
91
92
80
79
78
77
65
66
54
42
43
31
19
20
32
44
45
33
21
22
23
24
12
11
10
9
8
7
6
18
30
29
41
40
28
27
39
38
26
14
2
1
13
25
37
49
50
51
52
53
41
40
39
27
15
3
4
5
17
16
15
14
26
25
13
1
2
3
4
16
17
5
6
18
19
7
8
9
10
11
12
24
36
48
47
59
60
72
84
83
95
96
108
107
119
131
143
142
141
140
139
140
139
138
137
125
124
123
122
134
133
121
109
110
98
86
87
75
74
73
61
49
37
38
50
62
63
64
76
77
89
88
100
99
111
112
113
101
102
114
126
127
128
129
130
118
117
105
106
94
93
81
82
83
71
70
58
46
34
35
23
22
21
20
32
31
43
55
67
68
56
55
54
42
30
29
28
133
134
135
123
122
110
98
97
109
121
133
134
135
136
137
138
139
140
128
127
115
103
104
92
93
105
106
118
130
142
141
129
117
116
104
103
102
114
113
125
124
112
111
99
87
86
74
75
76
88
89
101
100
88
87
75
63
51
50
62
61
49
37
25
26
14
15
27
39
38
37
25
13
1
2
3
4
5
17
18
30
42
43
55
56
44
32
31
19
7
6
5
4
16
28
29
41
40
52
53
65
66
67
79
91
90
78
77
76
64
65
77
89
90
78
66
54
55
67
68
69
81
82
83
95
94
93
105
106
107
119
131
143
144
132
120
108
96
84
72
71
70
58
57
45
46
34
33
21
22
23
24
12
11
10
9
8
20
32
44
56
57
45
33
34
35
36
48
60
59
47
35
23
22
10
11
12
24
36
48
47
59
60
72
71
83
84
96
108
120
132
144
143
142
141
129
128
140
139
138
126
125
137
136
124
123
122
121
109
97
85
73
85
73
61
49
50
38
26
14
13
1
2
3
15
16
17
29
30
18
6
7
8
9
21
20
19
31
43
42
54
53
41
40
28
27
39
51
52
64
63
62
74
86
98
110
111
99
100
112
113
101
102
114
126
127
115
116
117
118
130
131
119
107
95
94
82
81
80
79
91
92
80
68
69
70
58
46
84
123
22
11
40
140
22
51
87
42
43
81
107
116
56
78
114
71
17
58
6
71
122
88
16
36
38
10
95
38
21
18
48
5
40
27
98
60
8
106
30
119
135
118
128
3
37
66
92
75
102
42
138
36
54
46
84
136
19
134
96
113
66
111
130
141
105
47
100
39
135
6
99
93
67
108
1
101
126
81
123
52
57
80
121
11
83
112
77
132
18
51
127
1
101
29
47
7
121
131
32
61
55
144
102
86
43
19
64
132
32
142
93
54
99
45
85
137
120
110
139
12
100
125
91
41
103
82
86
45
73
83
76
126
115
94
113
2
92
79
143
90
124
133
63
20
139
5
46
53
70
70
127
134
140
39
53
144
69
77
34
89
50
59
108
75
80
61
23
96
85
97
103
117
117
90
142
124
50
56
21
35
104
116
129
72
65
106
59
24
30
25
10
62
16
78
48
128
129
110
29
15
118
58
44
125
26
111
68
82
133
95
120
12
112
8
115
87
72
63
17
122
107
7
49
14
57
23
65
74
28
94
68
109
119
24
37
88
74
141
34
44
67
138
109
20
3
97
60
114
98
64
130
35
41
31
9
131
105
33
9
137
79
49
4
25
52
69
62
73
28
31
15
13
2
27
89
13
91
104
26
33
55
136
14
76
143
4
122
126
34
12
140
86
67
89
37
57
125
81
28
18
78
78
139
134
85
48
97
62
32
9
21
113
52
14
136
73
121
107
6
102
31
106
58
132
9
93
105
63
23
17
2
113
46
4
56
14
138
112
120
119
74
93
42
53
36
69
96
69
35
4
65
117
33
135
79
99
29
10
137
11
126
52
142
90
79
132
7
47
49
122
124
59
40
144
55
141
77
70
51
61
25
106
121
100
86
68
142
23
7
71
109
36
61
29
47
32
102
2
123
3
8
110
30
43
98
26
143
21
27
45
108
49
101
8
91
41
43
56
128
109
39
54
66
64
144
45
41
33
105
75
100
83
20
114
97
74
75
5
131
84
101
115
116
11
140
54
50
60
38
138
48
30
84
13
76
26
125
15
37
119
53
111
94
71
135
137
83
96
66
107
88
130
46
103
111
134
127
62
104
141
18
89
28
115
10
24
15
65
51
64
57
1
112
104
27
38
117
80
131
133
58
95
116
50
85
90
118
22
59
19
80
76
13
24
124
77
63
130
92
16
22
133
81
92
136
82
87
110
123
6
17
31
73
127
39
16
40
19
129
129
72
88
34
72
139
25
1
108
70
55
103
94
12
42
44
20
118
87
99
44
143
3
82
5
68
91
35
114
95
98
60
67
128
120
12
11
10
9
8
20
21
33
32
31
43
44
45
57
56
68
69
81
80
79
78
90
102
103
91
92
104
105
93
94
95
83
84
96
108
107
106
118
119
131
132
144
143
142
141
140
128
116
115
127
126
114
113
112
111
99
87
75
76
64
65
53
41
40
28
27
39
51
52
53
54
55
67
66
54
42
30
29
17
18
19
7
6
5
4
16
15
14
2
1
13
25
37
49
61
62
50
38
26
25
37
49
61
73
74
86
85
97
98
110
109
121
133
134
122
123
135
136
124
125
137
138
139
140
141
129
117
105
106
94
82
70
58
46
47
48
60
72
71
59
58
46
34
22
23
24
36
35
34
33
45
57
69
68
80
79
91
90
89
77
65
64
63
75
76
88
100
101
102
114
113
125
126
127
139
138
137
136
135
134
133
121
122
123
124
112
111
99
98
110
109
97
85
73
74
86
87
88
100
101
89
77
78
66
67
55
56
44
43
31
32
20
19
18
30
42
41
29
17
16
28
40
52
51
63
62
50
38
39
27
26
14
13
1
2
3
15
3
4
5
6
7
8
9
21
22
10
11
12
24
23
35
36
48
47
59
60
72
71
83
84
96
95
107
108
120
119
120
132
144
143
142
130
131
130
118
117
129
128
116
115
103
104
92
93
81
82
70
1
13
25
37
49
50
38
39
51
63
64
52
40
41
53
54
42
43
55
67
79
80
81
69
68
56
57
45
44
32
20
19
7
8
9
21
33
34
22
23
11
12
24
36
48
60
59
58
70
71
83
82
94
106
118
117
116
115
103
102
90
89
88
100
99
111
112
113
101
89
77
65
66
78
77
76
75
87
86
74
62
61
73
85
97
98
110
122
121
133
134
135
136
137
138
126
125
124
123
135
136
137
138
139
127
128
140
141
129
130
142
143
144
132
131
119
120
108
107
95
96
84
72
60
48
47
46
45
33
32
31
30
29
28
16
4
5
6
18
17
29
28
27
26
14
2
3
15
27
39
40
41
42
54
55
67
68
80
92
91
90
102
114
115
103
104
105
93
81
82
94
95
83
71
72
84
96
108
120
132
144
143
131
119
107
106
118
117
129
130
142
141
140
139
127
128
116
104
105
93
92
91
79
78
66
65
53
52
64
63
51
50
62
74
75
76
88
87
86
98
99
100
101
113
114
126
125
124
112
111
123
122
134
133
121
109
110
109
97
85
73
61
49
37
38
26
25
13
1
2
14
15
3
4
16
17
5
6
18
19
7
8
20
21
9
10
22
10
11
12
24
36
35
23
35
34
46
47
59
58
70
69
57
56
44
43
31
30
39
70
33
12
80
17
26
111
37
57
81
139
140
46
130
57
137
5
108
111
119
41
131
23
47
102
12
67
24
24
79
86
74
6
109
11
27
9
91
73
31
133
114
38
141
138
78
3
88
36
99
115
96
55
117
124
79
71
14
10
18
66
32
37
19
100
122
53
101
15
95
120
123
115
112
42
68
75
134
47
62
22
61
77
13
142
95
108
7
138
100
33
29
134
120
63
117
21
99
98
113
4
102
88
68
127
72
104
20
40
90
65
38
26
114
129
46
28
131
25
10
141
94
32
89
54
84
81
64
105
83
73
128
119
83
144
7
125
13
11
121
93
35
87
143
77
87
27
23
80
103
51
50
62
113
65
2
45
25
139
1
41
28
132
51
48
126
144
127
97
98
112
136
17
45
97
69
140
85
35
1
106
126
16
56
52
48
16
71
137
121
8
136
74
76
75
30
84
40
105
9
31
82
4
42
103
19
14
34
63
132
92
86
76
8
3
128
92
110
2
50
60
49
133
70
107
64
130
93
66
43
72
29
43
69
53
101
118
107
67
82
104
18
36
22
116
96
123
94
30
5
34
135
129
61
90
52
124
59
56
142
91
54
89
109
58
55
21
135
20
110
58
78
143
85
125
116
6
118
44
39
15
44
59
49
60
122
106
50
133
92
141
4
135
43
109
137
96
109
29
13
29
48
93
58
142
114
16
121
69
88
11
77
25
22
94
124
5
90
74
67
127
28
21
38
62
57
95
102
50
84
116
123
42
111
37
66
47
73
16
86
110
20
119
44
125
32
64
67
49
141
47
77
3
31
101
85
2
63
75
138
40
91
108
100
139
59
137
35
72
105
72
27
117
122
10
142
102
113
90
104
100
83
132
42
107
120
133
129
98
46
19
136
144
87
41
14
116
78
22
53
131
74
119
61
53
15
55
76
9
19
31
65
57
125
54
30
70
129
7
91
63
61
45
121
83
46
85
134
99
43
48
58
39
39
28
128
26
3
79
6
97
130
104
40
124
140
101
41
55
143
115
24
34
12
51
54
122
36
1
49
89
8
112
15
10
117
34
60
12
60
126
78
138
68
52
64
23
113
65
118
2
25
95
87
7
81
111
86
45
56
112
88
131
4
114
32
107
103
44
30
93
140
79
17
38
103
9
132
76
115
126
127
81
73
143
8
128
135
134
36
35
94
110
82
118
98
51
18
139
108
105
6
84
68
23
99
144
106
92
56
13
59
37
14
96
33
75
24
71
71
52
136
20
66
82
17
69
5
27
11
21
33
18
97
120
26
70
1
106
80
123
62
89
130
80
12
24
23
11
10
22
21
9
8
20
32
33
45
44
43
31
19
7
6
5
17
18
30
29
28
27
39
38
50
51
52
53
54
42
41
40
28
16
4
3
15
14
2
1
13
25
37
49
61
73
74
62
63
64
65
77
78
79
80
68
69
81
93
105
104
103
91
90
102
114
113
101
100
112
124
125
137
136
135
134
133
121
122
123
111
99
98
110
109
97
85
86
87
88
89
77
76
75
63
64
76
75
87
88
89
90
102
103
115
127
128
129
130
131
119
107
108
96
95
83
82
94
106
118
117
116
104
92
93
105
117
116
115
114
126
138
139
140
141
142
143
144
132
120
108
96
84
72
60
59
71
70
58
46
34
35
36
48
47
46
34
33
32
31
43
55
56
57
58
70
82
94
106
107
95
83
84
72
71
59
60
48
47
35
36
24
12
11
23
22
10
9
21
20
8
7
19
18
6
5
17
29
30
42
54
55
67
79
91
92
80
81
69
57
45
44
56
68
67
66
78
66
65
53
41
40
52
51
39
27
26
38
26
14
15
16
4
3
2
1
13
25
37
49
50
62
61
73
74
86
85
97
98
110
109
121
133
134
122
123
135
136
124
112
111
99
100
101
113
125
137
138
126
127
139
140
128
129
141
142
130
131
143
144
132
120
119
118
133
134
122
121
109
110
98
97
85
86
87
99
100
88
76
75
74
73
61
49
50
62
63
51
39
27
28
16
17
29
41
53
65
64
52
40
39
38
37
25
26
14
13
1
2
3
4
5
6
7
19
18
30
42
54
55
67
79
91
90
102
103
104
105
93
81
80
68
69
70
58
57
45
46
47
59
60
48
36
24
12
11
23
35
34
33
21
22
10
9
8
20
32
44
56
55
43
31
30
42
43
31
32
44
56
68
69
81
82
83
95
107
119
131
130
129
141
140
128
127
115
116
117
118
106
94
93
92
104
105
106
94
82
70
71
72
84
96
108
120
132
144
143
142
141
140
139
138
137
125
126
114
113
112
111
123
135
136
124
112
111
99
87
75
76
77
89
101
113
114
115
116
117
129
128
127
139
138
126
125
137
136
124
123
135
134
133
121
122
110
109
97
98
86
85
73
74
62
61
49
50
51
63
64
65
77
78
79
80
92
91
103
102
101
100
88
89
90
78
66
67
66
54
53
52
40
41
29
28
27
15
16
15
14
26
38
37
25
13
1
2
3
4
5
17
18
6
7
19
20
8
9
21
22
10
11
12
24
23
35
36
48
47
46
34
33
45
57
58
59
60
72
71
83
84
96
95
107
108
120
119
131
132
144
143
142
130
118
105
60
139
108
118
48
32
38
33
140
114
132
130
128
30
117
7
120
62
118
85
29
72
31
8
41
136
87
2
81
104
140
58
73
123
80
23
11
4
103
113
97
55
57
90
79
47
120
42
125
61
6
122
35
20
92
88
12
58
87
92
14
57
101
83
68
126
137
1
112
32
6
39
26
116
119
142
43
112
138
114
67
103
22
115
131
138
65
17
26
68
64
91
106
41
44
49
23
76
110
82
54
84
59
21
117
144
78
108
84
129
36
135
73
100
95
107
75
74
80
43
5
40
141
27
34
8
72
19
4
98
124
63
71
69
115
9
142
33
5
116
18
100
125
69
129
52
135
109
133
83
46
24
111
56
66
13
76
16
131
134
11
132
127
105
111
136
126
39
63
40
79
124
98
110
64
74
45
25
7
139
90
106
86
28
88
94
75
55
1
104
144
30
3
60
27
91
66
15
86
16
48
93
51
28
137
50
121
15
122
18
82
123
96
89
24
49
99
133
21
61
113
94
101
56
127
38
71
77
52
102
10
2
25
77
97
95
44
67
85
99
47
59
130
46
22
19
70
143
53
50
65
62
134
34
37
119
37
128
89
35
51
102
14
141
93
42
143
20
107
31
96
45
78
13
109
29
10
70
36
17
121
53
3
12
54
81
9
89
54
29
70
21
2
27
63
60
12
75
37
26
125
105
123
137
72
117
129
41
28
16
123
141
51
82
104
106
101
85
9
47
118
133
54
92
73
1
134
68
106
97
81
56
110
27
10
3
65
96
89
7
53
102
24
132
126
8
1
78
38
52
57
34
112
121
83
97
137
141
78
67
35
122
28
19
125
29
11
80
43
142
111
131
37
61
21
127
46
138
67
91
18
3
113
108
38
56
103
65
94
81
16
120
43
142
131
14
76
30
87
15
74
135
51
6
13
130
25
18
73
109
61
99
100
118
8
6
7
66
116
84
122
20
39
124
13
94
95
128
44
130
87
121
12
136
33
11
30
77
136
35
88
74
76
72
42
91
77
107
45
144
86
71
140
17
75
109
60
88
79
134
62
80
114
49
104
5
92
82
85
127
93
139
59
24
116
9
90
36
79
108
112
132
32
95
62
111
22
143
84
33
34
115
64
139
133
31
83
25
52
14
140
101
96
10
63
48
2
58
135
48
70
113
98
22
49
59
39
143
102
110
138
31
71
46
36
119
115
126
114
55
50
4
55
26
93
5
58
64
40
105
40
98
32
128
41
47
17
103
15
23
50
144
44
69
90
53
19
68
66
57
69
119
117
124
120
42
23
107
20
86
4
100
99
45
129
