##Rat 3 Day 11
 ##rewards
127
116
38
##Vertices
1
2
3
15
14
26
38
37
25
13
1
2
3
4
5
6
7
8
20
19
31
43
44
56
57
45
46
34
22
10
9
21
33
32
44
43
42
30
29
17
16
28
27
39
51
50
62
63
64
52
53
41
40
52
51
63
75
87
86
74
73
85
97
109
110
122
123
111
99
98
97
109
121
133
134
135
136
137
125
126
114
102
103
91
92
104
116
115
127
139
138
137
136
124
112
113
101
100
88
89
77
78
79
67
55
54
66
65
64
76
77
65
53
54
66
78
90
91
79
80
81
69
70
71
59
58
57
45
46
47
35
23
11
12
24
36
48
60
72
84
83
82
94
93
105
106
118
117
129
130
131
132
144
143
142
141
140
128
116
104
92
93
105
117
118
119
120
108
96
95
107
119
131
130
142
143
144
132
120
108
107
95
96
84
83
71
72
60
48
36
24
12
11
10
9
21
20
8
7
6
18
17
5
4
16
15
14
13
25
37
49
61
49
61
73
85
86
98
110
122
121
133
134
135
123
124
125
113
114
126
138
139
140
141
129
128
127
115
103
102
90
89
101
100
112
111
99
87
88
76
75
74
62
50
38
26
27
39
40
28
29
41
42
30
18
19
31
32
33
34
22
23
35
47
59
58
70
69
68
67
55
56
68
80
81
82
94
106
133
121
109
110
122
123
124
136
135
134
133
121
109
97
85
73
61
49
50
62
63
64
52
53
41
40
28
27
26
25
37
38
39
51
52
64
76
75
87
86
98
99
111
112
113
125
126
114
102
101
89
88
100
101
113
114
115
116
128
127
139
140
141
142
130
131
119
118
117
129
141
142
143
144
132
120
108
96
95
83
82
81
69
68
56
57
58
70
71
72
84
96
108
107
106
94
93
105
104
92
91
79
67
66
65
77
78
90
102
103
91
90
89
77
78
79
80
68
67
55
43
42
30
18
17
29
41
40
28
16
15
14
13
1
2
3
4
5
6
7
19
31
32
44
45
33
34
46
47
35
23
11
12
24
36
48
60
59
58
57
56
44
45
46
34
22
10
9
8
20
21
22
23
35
36
24
12
11
10
9
21
20
8
7
19
18
6
5
4
3
2
1
13
25
37
38
50
49
61
73
74
86
85
97
98
110
122
134
135
136
137
138
137
138
139
140
128
129
130
131
143
144
132
120
119
107
95
94
82
83
84
72
60
48
47
59
71
70
69
81
80
92
93
105
106
118
117
116
104
103
115
127
126
125
124
123
111
112
100
99
87
88
76
75
74
62
63
51
39
27
26
14
15
16
17
29
30
42
54
66
65
53
54
55
43
31
32
33
6
110
35
24
105
49
35
116
113
81
69
42
16
51
56
78
75
19
95
32
84
19
122
101
107
10
129
36
17
129
47
83
9
96
105
118
124
8
60
28
82
15
109
27
50
120
141
79
53
114
76
81
73
10
80
33
6
97
71
121
5
87
79
111
26
37
40
21
100
117
109
84
112
41
67
4
144
88
74
42
110
104
44
54
134
24
18
99
90
2
83
116
62
144
88
94
21
72
134
14
58
139
68
1
76
125
69
71
103
2
58
25
41
80
112
45
137
85
3
123
61
12
100
86
65
93
64
30
125
45
138
18
102
74
63
29
87
132
53
66
13
77
98
133
115
59
61
96
33
92
31
31
62
121
49
117
92
1
43
90
34
89
128
20
4
114
54
139
23
5
137
136
64
39
39
77
25
98
128
56
47
22
52
51
38
7
91
28
20
11
82
142
36
127
107
78
9
50
38
123
94
119
27
32
57
86
130
111
55
30
133
17
3
12
99
60
63
113
7
115
95
122
16
72
140
131
44
23
91
126
106
29
55
135
15
11
141
101
126
37
34
57
67
73
135
59
120
136
8
75
124
103
26
22
93
70
48
14
40
46
48
85
66
140
108
142
104
43
127
138
106
70
119
143
132
118
89
143
65
52
130
46
68
97
131
102
13
108
122
74
34
12
49
125
67
89
141
44
86
42
106
83
78
78
61
121
137
9
136
127
58
48
47
87
104
131
97
138
134
16
84
76
70
28
32
2
48
41
40
115
23
95
132
87
33
108
56
131
73
99
3
15
126
41
81
92
10
43
5
43
22
108
91
39
46
109
66
112
94
36
85
24
74
104
25
77
66
2
72
21
140
122
98
20
105
1
68
37
90
31
116
139
142
28
134
100
125
55
25
23
72
19
135
10
139
94
21
58
76
132
110
120
60
123
82
69
124
130
13
47
118
45
4
140
88
60
65
93
69
56
50
135
117
80
79
103
1
45
93
46
40
114
100
18
59
75
136
126
114
96
14
6
88
63
51
24
49
80
128
8
129
73
9
82
6
143
102
130
86
119
141
15
92
111
29
19
109
85
18
5
79
16
101
26
33
64
111
121
62
127
52
37
83
89
106
63
36
11
119
91
116
103
44
144
99
52
118
129
39
54
14
133
32
17
51
128
137
77
27
35
20
71
54
102
143
11
98
90
115
26
53
107
35
133
42
53
97
30
113
123
110
84
95
70
138
62
117
107
105
71
38
38
7
101
34
7
61
142
144
4
31
68
64
29
12
81
57
59
27
113
112
57
13
120
30
96
55
65
22
75
17
124
8
67
50
3
12
24
36
48
60
59
47
46
58
70
69
57
45
44
56
55
43
42
54
66
78
77
76
64
65
53
52
40
41
29
17
18
6
5
4
16
28
27
15
14
2
1
13
25
37
49
50
51
63
62
74
75
87
99
111
112
113
114
102
103
91
92
93
105
106
118
117
116
104
92
80
68
67
79
80
81
82
94
95
83
71
72
84
96
108
107
119
131
132
144
143
142
141
140
139
127
128
129
130
142
141
140
139
138
126
125
137
136
124
123
135
134
133
121
122
110
109
97
98
86
85
73
61
49
37
38
39
40
28
29
30
31
32
33
21
9
8
7
19
20
32
33
34
35
23
11
10
22
34
46
45
44
43
55
54
66
65
77
89
90
91
103
115
114
102
101
100
88
76
75
87
86
74
62
61
73
85
97
109
121
133
134
122
110
98
99
111
112
124
123
135
136
137
138
126
125
113
101
100
88
89
90
78
79
67
68
56
57
69
70
58
59
71
83
82
81
93
94
95
107
106
105
104
116
115
127
128
129
117
118
130
131
143
144
132
120
119
120
108
96
84
72
60
48
47
35
36
24
12
11
23
22
10
9
21
20
8
7
19
18
6
5
17
16
4
3
15
3
2
1
13
25
26
14
26
27
39
38
50
51
63
64
52
53
41
42
30
31
144
143
142
141
140
128
129
117
116
115
103
104
105
93
92
80
81
69
68
67
66
54
42
43
55
56
44
45
57
58
59
71
72
60
48
47
46
34
35
23
24
12
11
10
9
8
20
32
31
19
18
30
29
28
27
39
51
63
64
76
77
89
101
100
112
111
99
87
88
89
90
91
79
78
90
102
114
113
125
126
127
139
138
137
136
124
123
122
134
133
121
109
97
85
73
74
86
98
110
109
97
85
73
61
62
50
49
37
38
26
25
13
1
2
14
15
3
4
16
17
5
6
7
8
9
21
33
45
46
58
70
82
94
106
107
108
96
84
83
95
94
106
118
130
131
132
120
119
118
117
105
93
81
80
68
67
55
54
53
65
77
76
75
63
64
52
40
41
42
30
29
17
18
19
7
6
5
4
3
2
1
13
14
15
16
28
27
39
38
26
25
37
49
61
62
50
51
52
40
41
53
65
66
78
79
91
92
104
103
115
116
128
127
126
114
102
101
113
125
124
112
100
88
87
75
74
86
98
99
111
110
122
121
133
134
135
123
135
136
137
138
139
140
141
129
130
142
143
144
132
131
119
120
108
107
95
96
84
83
71
72
60
59
47
48
36
35
36
24
12
11
10
22
23
22
34
33
21
20
32
31
43
44
56
57
69
70
82
117
31
46
12
54
95
130
111
141
44
42
61
49
33
26
44
85
96
4
111
15
93
14
23
21
76
12
67
11
11
66
125
126
84
135
24
118
48
65
138
70
133
75
129
37
73
78
120
101
10
112
63
5
68
39
98
66
19
131
36
83
79
58
141
71
100
122
92
88
119
17
3
110
63
99
81
55
114
121
21
127
35
139
90
143
25
17
4
72
73
100
46
94
121
3
115
39
47
112
124
87
108
76
101
55
62
7
52
59
105
77
91
129
130
75
38
33
106
14
142
36
37
29
58
89
80
6
42
103
40
18
138
50
15
18
1
72
86
143
24
134
41
22
113
13
90
113
118
23
54
64
116
128
127
87
91
132
45
142
61
144
93
106
2
116
9
74
1
62
136
124
99
97
95
45
136
43
49
137
22
144
28
74
107
56
104
9
107
19
85
134
60
97
126
102
114
82
6
105
40
48
70
30
108
81
64
71
131
34
115
2
53
125
102
60
120
50
53
123
132
128
8
140
133
31
16
103
26
41
79
69
7
94
69
43
92
88
27
16
67
30
52
83
10
35
51
5
110
29
82
96
34
109
38
139
77
104
98
20
56
25
65
80
89
135
32
68
47
109
59
123
32
78
13
137
86
51
84
27
57
117
119
57
20
140
8
122
28
128
133
53
37
108
109
69
135
85
5
135
94
143
94
9
41
32
25
75
107
134
43
101
24
90
142
35
29
98
96
77
126
67
62
106
47
129
127
44
17
76
128
6
51
110
81
111
141
79
21
138
107
125
123
59
15
57
86
58
103
67
140
37
21
90
120
70
88
137
132
115
114
73
105
65
4
100
61
20
85
22
7
40
7
118
39
122
36
25
76
87
77
52
100
18
2
81
16
3
133
38
124
33
71
97
1
113
93
131
51
78
35
92
14
126
15
139
92
119
68
102
48
71
70
91
44
86
80
82
31
38
72
65
115
139
45
134
18
33
137
121
112
69
9
32
117
117
106
50
130
120
66
84
136
26
52
105
98
49
88
93
68
13
63
11
34
12
116
80
122
10
144
140
89
60
99
119
36
39
34
8
12
8
74
78
73
55
104
103
23
87
91
27
132
142
17
113
72
42
111
125
45
56
99
101
14
108
75
58
16
64
57
82
41
49
66
95
129
64
48
2
102
63
74
62
42
138
13
60
50
109
121
10
22
29
123
30
27
124
116
83
61
4
40
84
6
55
23
112
1
28
53
56
143
20
141
131
5
46
114
11
19
19
104
97
59
79
30
95
43
96
118
24
47
46
83
136
3
130
31
144
28
54
110
127
89
26
54
12
11
23
24
36
35
47
48
60
59
58
46
45
57
69
70
71
72
84
96
95
83
82
94
106
118
117
129
128
116
104
92
80
81
93
105
106
107
108
120
119
131
132
144
143
142
141
140
139
138
126
127
115
103
91
90
78
66
54
55
43
42
41
40
52
64
65
77
76
75
87
88
100
99
98
86
85
97
109
121
133
134
122
110
111
112
124
123
135
136
137
125
113
101
89
90
102
114
115
103
102
114
113
101
89
77
76
64
63
62
50
38
26
14
15
16
4
5
17
18
30
29
28
27
39
51
52
53
41
40
39
51
63
75
74
73
61
49
37
25
13
1
2
3
4
5
6
7
8
20
19
31
32
33
34
22
10
9
21
33
34
46
58
70
69
68
56
44
32
31
30
29
28
16
17
18
6
7
19
20
8
9
21
22
10
11
12
24
23
35
36
48
47
59
60
72
71
83
84
96
95
94
82
81
80
68
67
66
65
53
54
42
43
44
45
57
56
55
67
79
78
79
91
92
93
105
104
116
117
118
130
129
130
131
119
107
108
120
132
144
143
142
141
140
128
127
139
138
126
125
137
136
124
123
135
134
133
121
122
110
109
97
98
99
111
112
100
88
87
86
85
73
74
62
61
49
50
38
37
25
26
14
13
1
2
3
15
27
133
121
122
134
135
123
124
136
137
125
113
112
100
101
102
114
126
138
139
140
128
127
115
116
117
118
106
107
95
94
93
92
91
103
104
105
117
129
141
142
130
131
143
144
132
120
108
96
84
72
71
83
82
81
80
68
67
66
65
77
76
64
52
40
41
42
54
55
43
31
32
44
45
33
21
20
8
9
10
11
12
24
23
22
34
46
47
35
36
48
60
59
58
57
56
68
69
70
82
81
69
70
58
57
56
55
43
42
30
18
17
16
15
14
26
38
37
49
50
62
63
51
39
27
28
29
41
53
52
40
28
29
30
31
19
7
6
5
4
3
2
1
13
25
37
49
61
73
85
86
74
75
87
99
111
110
109
97
98
99
111
112
113
114
102
90
89
88
87
75
63
51
39
38
50
62
61
73
74
86
85
97
98
110
109
121
133
134
122
123
135
136
124
125
137
138
126
127
139
140
128
116
115
103
91
90
78
66
54
53
65
64
76
88
100
101
89
77
78
79
67
79
80
92
104
105
93
94
106
118
119
107
119
131
130
129
141
142
143
144
132
120
108
96
95
83
84
72
71
59
60
48
47
35
36
24
12
11
23
22
10
9
21
33
34
46
45
44
32
20
8
7
19
18
6
5
17
16
4
3
15
14
2
1
13
25
26
27
40
8
61
4
27
9
58
129
46
49
75
2
26
50
82
39
72
3
127
27
137
94
7
70
60
93
97
113
132
42
52
49
32
138
110
54
23
24
108
64
87
136
68
44
77
66
21
3
81
86
139
84
122
22
59
53
101
12
32
113
53
131
44
88
18
55
74
85
144
99
58
84
117
130
51
15
25
69
99
73
75
67
64
35
63
14
73
91
95
130
55
103
65
28
93
57
140
23
102
123
30
80
6
20
47
39
1
78
4
6
38
10
109
138
100
17
16
114
126
54
69
96
105
37
118
34
60
7
71
108
124
98
115
19
43
63
48
25
46
96
51
83
100
86
43
38
104
109
135
133
18
33
11
111
56
79
143
102
107
14
121
24
2
62
40
111
97
74
117
115
105
66
98
124
123
103
126
45
142
72
61
77
28
125
106
101
29
114
68
144
52
1
82
120
8
118
65
79
119
125
107
9
41
116
106
85
128
134
119
122
83
30
110
5
89
11
140
112
133
47
139
87
29
88
56
62
129
19
90
104
76
36
132
142
90
136
17
57
67
137
112
21
20
26
33
35
71
31
13
92
128
91
127
121
34
141
15
141
50
89
22
116
76
131
37
41
81
13
59
16
70
5
45
78
143
135
94
36
31
10
95
134
92
120
12
80
42
48
89
80
94
31
47
132
118
115
8
12
114
141
130
86
40
110
85
7
39
38
93
106
107
110
37
116
30
52
28
88
137
48
21
27
133
80
53
138
144
121
55
28
136
42
56
123
118
36
120
91
5
89
72
92
76
11
2
74
60
144
78
129
104
44
34
99
134
18
136
85
37
78
67
22
122
106
71
86
94
24
54
69
25
111
14
141
139
47
62
33
73
67
65
83
120
87
4
129
56
64
91
29
42
107
3
69
25
14
131
102
82
113
119
126
109
116
84
143
26
142
83
138
135
139
112
100
27
60
84
72
79
51
6
122
59
117
98
143
29
17
50
57
26
113
134
12
97
46
24
82
90
97
22
101
126
102
7
81
65
90
16
45
1
125
19
49
95
114
135
8
101
66
121
127
54
75
140
52
96
53
30
137
62
41
61
20
11
51
48
77
10
66
4
99
2
58
17
127
111
35
13
6
46
34
63
103
61
133
70
18
142
104
131
49
88
5
36
115
9
132
32
109
9
31
87
124
35
140
20
117
13
76
123
73
70
19
33
10
15
63
74
75
68
128
108
68
130
41
96
32
103
105
40
105
124
58
50
93
21
95
64
119
23
128
1
57
43
77
92
71
55
79
44
43
15
39
98
3
81
23
16
59
125
108
100
112
45
38
