##Rat 2 Day 25
 ##rewards
18
29
107
##Vertices
12
11
23
24
36
35
47
48
60
59
58
46
45
57
69
70
71
72
84
96
95
83
82
94
106
118
117
129
128
116
104
92
80
81
93
105
106
107
108
120
119
131
132
144
143
142
141
140
139
138
126
127
115
103
91
90
78
66
54
55
43
42
41
40
52
64
65
77
76
75
87
88
100
99
98
86
85
97
109
121
133
134
122
110
111
112
124
123
135
136
137
125
113
101
89
90
102
114
115
103
102
114
113
101
89
77
76
64
63
62
50
38
26
14
15
16
4
5
17
18
30
29
28
27
39
51
52
53
41
40
39
51
63
75
74
73
61
49
37
25
13
1
2
3
4
5
6
7
8
20
19
31
32
33
34
22
10
9
21
33
34
46
58
70
69
68
56
44
32
31
30
29
28
16
17
18
6
7
19
20
8
9
21
22
10
11
12
24
23
35
36
48
47
59
60
72
71
83
84
96
95
94
82
81
80
68
67
66
65
53
54
42
43
44
45
57
56
55
67
79
78
79
91
92
93
105
104
116
117
118
130
129
130
131
119
107
108
120
132
144
143
142
141
140
128
127
139
138
126
125
137
136
124
123
135
134
133
121
122
110
109
97
98
99
111
112
100
88
87
86
85
73
74
62
61
49
50
38
37
25
26
14
13
1
2
3
15
27
133
121
122
134
135
123
124
136
137
125
113
112
100
101
102
114
126
138
139
140
128
127
115
116
117
118
106
107
95
94
93
92
91
103
104
105
117
129
141
142
130
131
143
144
132
120
108
96
84
72
71
83
82
81
80
68
67
66
65
77
76
64
52
40
41
42
54
55
43
31
32
44
45
33
21
20
8
9
10
11
12
24
23
22
34
46
47
35
36
48
60
59
58
57
56
68
69
70
82
81
69
70
58
57
56
55
43
42
30
18
17
16
15
14
26
38
37
49
50
62
63
51
39
27
28
29
41
53
52
40
28
29
30
31
19
7
6
5
4
3
2
1
13
25
37
49
61
73
85
86
74
75
87
99
111
110
109
97
98
99
111
112
113
114
102
90
89
88
87
75
63
51
39
38
50
62
61
73
74
86
85
97
98
110
109
121
133
134
122
123
135
136
124
125
137
138
126
127
139
140
128
116
115
103
91
90
78
66
54
53
65
64
76
88
100
101
89
77
78
79
67
79
80
92
104
105
93
94
106
118
119
107
119
131
130
129
141
142
143
144
132
120
108
96
95
83
84
72
71
59
60
48
47
35
36
24
12
11
23
22
10
9
21
33
34
46
45
44
32
20
8
7
19
18
6
5
17
16
4
3
15
14
2
1
13
25
26
27
75
18
115
87
43
69
67
9
7
91
81
102
102
90
109
65
114
116
15
77
85
20
50
115
100
19
29
72
33
36
86
123
108
57
8
9
116
132
137
32
142
21
90
117
129
96
21
105
119
143
37
70
24
124
129
92
38
24
11
43
82
121
122
141
47
58
51
71
28
7
94
71
16
126
137
117
59
46
124
50
83
61
125
76
41
72
10
93
131
104
35
123
106
42
122
78
104
128
92
134
46
23
27
22
40
111
2
26
6
15
105
52
70
37
6
140
138
131
96
133
85
64
125
66
91
28
106
121
30
3
138
67
5
98
13
52
73
68
141
120
44
3
83
144
60
32
22
89
53
33
113
114
126
27
107
81
14
57
139
74
16
87
11
20
112
136
108
31
143
8
25
95
12
26
112
55
93
38
80
73
63
99
98
64
101
119
110
42
86
130
13
77
30
66
62
132
60
139
23
63
78
14
76
84
113
110
48
40
74
130
49
65
101
133
127
107
12
97
47
80
51
17
29
39
25
82
89
17
41
4
88
103
54
88
128
45
100
53
144
36
56
2
140
69
95
55
97
18
134
118
49
103
142
120
62
79
39
136
84
135
118
35
68
34
45
10
58
44
94
109
111
31
59
1
1
127
56
135
75
4
48
99
19
79
5
54
34
61
83
123
54
80
67
2
127
108
113
130
66
73
88
134
99
142
65
92
47
84
37
72
135
34
16
88
79
12
78
124
131
48
98
75
19
21
11
33
137
56
117
89
126
77
1
97
18
20
30
43
12
136
52
133
143
15
45
100
85
95
5
70
107
69
113
91
25
58
66
71
65
62
101
106
67
129
133
25
137
3
68
144
74
106
57
82
36
74
27
23
118
140
5
40
31
128
9
125
119
11
103
29
50
41
104
96
102
4
109
48
32
46
32
76
68
50
121
86
120
17
81
69
82
54
84
114
90
62
132
81
111
129
44
98
85
109
131
55
51
136
20
94
87
116
110
49
71
52
61
26
125
35
14
2
86
13
132
4
6
63
77
57
60
28
139
19
103
27
122
59
134
115
42
51
36
7
38
110
24
130
6
34
75
115
112
63
105
138
14
79
43
89
128
144
31
8
78
73
93
47
16
139
108
124
39
22
58
116
101
76
33
90
1
64
24
119
91
95
94
10
143
53
17
15
70
45
100
126
49
21
123
97
111
3
29
23
99
121
40
107
35
140
112
44
142
53
105
127
7
122
92
39
120
59
93
46
138
141
26
42
64
118
41
104
30
22
83
55
28
135
96
56
38
72
80
8
87
61
10
141
18
37
114
117
60
13
9
102
1
13
25
37
38
26
27
15
14
2
3
4
5
6
18
17
29
28
16
4
5
17
29
30
31
19
20
32
33
21
9
8
7
6
18
30
42
43
55
67
66
65
64
76
75
87
88
100
99
111
112
124
123
122
110
109
121
133
134
135
136
137
138
139
140
141
142
143
144
132
120
119
131
130
118
106
105
93
81
80
92
91
90
89
77
78
79
91
103
104
116
128
129
117
116
115
114
113
101
102
103
115
127
126
125
137
136
124
112
111
99
98
97
85
73
74
86
87
75
63
51
50
49
61
62
63
64
52
40
41
53
54
42
43
44
56
68
69
70
82
83
71
72
60
59
58
57
45
46
47
48
36
35
23
22
10
11
12
24
36
48
60
72
84
96
95
94
82
81
80
79
78
90
89
77
76
88
100
101
102
114
113
125
126
138
139
127
128
140
141
129
117
105
104
92
93
94
95
107
108
120
132
144
143
142
130
131
119
118
106
107
108
96
84
83
71
59
58
70
69
57
45
46
47
35
34
33
34
22
23
24
12
11
10
9
21
20
8
7
19
31
32
44
56
68
67
55
54
66
65
53
41
40
28
16
15
3
2
1
13
14
26
25
37
49
61
73
85
97
109
121
133
134
135
123
122
110
98
86
74
62
50
38
39
27
39
51
52
144
143
142
141
129
130
118
119
131
132
120
108
96
84
83
95
94
106
107
108
96
95
94
82
70
71
59
58
46
47
48
60
72
84
83
82
81
69
68
67
79
91
103
102
114
113
101
100
112
111
99
98
110
122
123
135
134
133
121
109
97
85
73
61
49
37
25
13
1
2
3
15
14
26
27
28
40
41
42
54
53
65
77
89
90
78
66
65
64
52
51
50
38
39
51
63
75
87
88
76
64
63
62
74
86
85
97
98
99
111
112
124
136
137
138
126
125
113
114
115
116
128
140
139
127
115
103
104
105
93
92
80
81
69
57
56
55
43
31
30
18
19
7
8
20
32
44
45
33
21
9
10
22
23
35
36
24
12
11
10
9
8
7
6
5
17
29
30
42
54
66
78
77
89
90
102
101
100
88
76
75
87
86
74
73
61
62
50
49
37
38
39
40
52
53
41
29
17
16
4
3
2
1
13
25
26
14
15
27
28
16
4
5
6
18
19
20
32
31
43
44
45
33
21
22
34
46
34
35
23
11
12
24
36
48
47
59
60
72
71
70
58
57
56
55
67
68
80
79
91
92
93
105
106
107
119
120
132
144
143
131
130
142
141
140
139
138
137
136
135
134
133
121
109
110
122
123
124
125
126
127
128
129
117
118
117
116
104
142
51
137
27
76
132
120
79
2
83
120
7
33
128
40
101
103
88
70
23
20
54
82
31
22
122
24
21
127
51
48
123
3
55
100
6
87
42
39
102
118
45
109
32
46
75
110
64
104
73
84
31
56
130
96
75
125
17
102
137
4
117
11
9
44
57
65
59
69
66
35
16
36
78
105
63
118
129
18
141
97
61
94
82
5
41
72
25
81
57
73
34
12
44
74
67
99
5
131
113
139
123
126
20
48
77
28
96
114
11
87
112
52
115
35
119
126
135
131
13
27
15
41
124
69
143
138
7
1
77
95
111
134
6
125
124
86
26
15
19
65
64
140
99
84
2
55
113
67
142
121
56
91
95
133
21
68
60
45
26
9
107
79
47
29
12
38
4
88
19
117
25
52
34
63
46
58
111
37
115
144
71
39
53
90
78
61
89
136
76
121
47
106
130
49
107
98
108
135
114
10
80
104
54
93
50
97
141
3
100
58
105
36
122
85
49
74
139
71
60
138
24
1
112
116
93
132
109
10
98
16
18
30
116
83
133
43
29
38
17
28
80
129
127
94
33
101
42
13
8
85
134
92
62
91
68
62
106
90
86
119
43
72
30
53
14
66
110
103
136
89
32
37
8
14
92
59
70
40
140
81
108
144
143
50
22
128
23
101
129
4
2
20
143
100
25
59
7
23
92
89
130
4
33
141
17
21
3
9
45
66
99
26
11
32
68
50
62
98
42
18
19
81
96
10
118
121
131
54
69
109
24
13
57
44
77
84
17
141
56
49
47
135
92
30
138
76
32
34
76
41
31
63
25
55
96
21
93
51
75
30
91
86
39
144
85
68
106
58
6
12
18
132
16
142
114
22
93
67
104
73
39
37
77
88
73
89
28
122
138
118
48
124
137
97
54
37
110
29
130
132
125
111
140
78
128
33
3
52
135
124
109
35
28
80
120
56
78
11
86
22
10
112
108
57
9
13
95
115
61
64
100
14
144
72
65
23
126
137
122
7
142
36
90
134
113
60
143
70
131
108
94
120
119
75
1
81
8
12
114
8
83
46
6
79
58
90
107
127
98
26
65
45
55
134
67
48
136
20
38
41
14
127
74
1
43
82
80
117
31
105
87
63
99
94
128
123
16
19
105
125
53
79
43
107
101
34
52
117
110
104
116
15
139
61
62
123
126
103
29
27
72
38
15
83
112
111
140
42
133
60
69
53
116
103
88
5
70
102
2
85
139
119
113
106
129
36
133
115
44
84
91
64
50
136
35
95
51
40
97
40
49
121
46
87
24
71
27
74
5
59
102
47
71
82
66
1
2
14
26
27
28
40
39
51
50
49
37
25
13
1
2
3
4
16
15
3
4
5
6
7
8
9
10
11
12
24
36
35
23
22
34
33
21
20
19
31
32
44
43
55
54
66
67
68
80
92
91
79
78
90
102
114
113
125
126
127
139
138
137
136
124
112
111
99
98
86
74
75
87
88
100
101
89
77
76
64
52
53
65
64
63
62
61
73
85
97
109
110
122
123
135
134
133
121
109
97
85
73
61
49
37
38
50
51
52
40
41
29
30
42
43
44
56
57
58
59
60
72
71
70
82
81
93
94
106
105
104
116
117
129
130
131
119
120
132
144
143
142
141
140
128
116
115
103
102
101
89
77
65
53
54
55
56
68
69
57
45
46
47
48
60
72
84
96
95
83
82
94
106
105
104
103
91
90
78
66
67
79
80
92
93
81
69
70
58
46
45
33
32
31
30
42
41
29
28
27
39
38
26
25
13
14
15
16
17
18
17
5
6
18
19
7
8
20
21
9
10
11
12
24
23
22
34
35
36
48
47
59
71
83
84
96
95
107
108
107
108
120
119
118
117
118
130
131
132
144
143
142
141
129
128
140
139
138
126
127
115
114
113
125
124
123
111
112
100
99
87
88
76
75
63
62
74
86
98
110
122
121
133
134
135
136
137
144
132
131
130
118
106
105
117
116
128
140
141
142
143
144
132
120
108
107
119
120
108
96
84
72
60
48
36
24
12
11
10
22
23
35
34
46
47
59
71
70
58
57
69
68
80
79
67
55
54
53
65
66
78
77
76
75
87
86
74
62
61
73
85
97
98
99
111
112
124
125
126
114
113
101
100
88
89
90
102
103
104
92
91
103
115
127
139
138
137
136
135
123
122
110
109
121
133
134
135
136
137
138
139
140
141
129
128
116
104
105
93
94
82
81
69
57
56
44
32
20
8
7
19
31
30
42
41
29
28
40
52
51
39
38
26
14
15
3
2
1
13
25
37
49
50
51
63
64
76
88
89
90
91
92
80
68
56
55
43
44
45
33
21
9
8
7
6
5
17
18
30
29
28
40
52
64
65
77
78
79
67
66
54
53
41
42
43
31
32
33
45
46
58
70
82
81
93
94
106
118
117
129
130
142
143
131
119
107
95
83
95
96
84
83
71
72
60
59
47
48
36
24
12
11
23
35
34
22
10
9
21
20
19
18
6
5
17
16
4
16
4
3
15
27
39
27
26
14
2
1
13
25
37
38
50
49
61
73
74
62
63
75
87
86
98
110
111
99
100
112
113
101
102
114
115
127
126
125
124
123
122
134
133
121
109
97
85
36
135
2
40
96
90
11
51
134
78
142
127
94
99
115
85
69
79
38
109
121
16
79
6
89
73
70
86
24
102
62
63
78
113
93
95
132
42
23
144
119
89
126
44
84
36
83
105
71
85
114
99
28
117
35
76
108
80
114
7
68
98
7
45
21
4
138
83
139
109
57
30
138
13
104
41
54
122
4
96
61
77
106
92
43
100
81
80
74
46
94
95
44
65
28
41
75
131
47
62
131
25
134
45
18
91
71
121
140
38
27
14
16
52
31
29
81
124
10
101
5
132
102
61
84
3
10
66
113
119
69
32
17
97
63
50
66
1
130
120
133
110
101
37
59
35
107
47
103
6
34
15
58
1
20
50
112
77
129
115
32
12
108
39
106
56
49
33
82
128
137
56
125
142
141
52
118
67
55
137
97
54
107
111
49
125
110
53
22
124
67
21
128
43
8
133
118
30
9
111
39
25
112
104
18
76
73
140
17
116
117
64
143
59
126
58
33
87
29
75
90
88
48
127
5
123
144
31
136
20
34
9
72
60
8
130
3
19
23
40
87
14
26
53
48
123
120
13
65
19
88
68
24
22
136
26
42
37
55
100
92
129
105
60
135
91
143
103
2
74
139
86
15
116
82
98
11
12
57
64
46
51
72
122
141
27
70
93
143
29
84
20
39
52
134
98
71
7
87
63
22
137
123
143
86
102
13
110
132
13
56
76
133
59
136
4
30
104
99
95
130
113
41
18
60
124
9
85
16
116
118
142
97
72
100
129
120
108
98
106
103
74
122
134
100
49
83
25
140
31
101
4
92
128
116
3
5
96
10
82
18
126
27
47
99
42
64
123
81
32
113
105
35
96
101
44
135
120
72
57
89
6
93
41
114
94
55
136
81
60
139
29
24
33
49
105
109
67
48
82
55
112
62
66
141
77
95
37
59
122
83
66
87
8
144
90
79
73
125
40
17
91
85
144
67
14
2
45
135
63
26
121
51
68
140
75
17
107
70
73
38
33
57
23
14
133
89
115
112
52
24
121
108
35
43
45
106
139
90
91
97
16
44
88
27
36
21
115
26
46
28
104
80
61
19
25
78
127
34
47
11
53
38
10
103
15
71
126
74
132
137
69
36
114
62
37
130
107
84
58
110
76
12
19
11
78
56
1
40
80
1
127
129
20
50
22
7
88
119
43
69
8
70
94
28
53
142
3
58
118
117
5
111
23
125
111
68
61
124
50
117
30
65
86
54
9
141
77
51
131
39
54
64
119
42
6
32
128
138
48
93
31
92
46
21
2
12
102
34
15
65
75
109
79
138
131
