##Rat 1 Day 22
 ##rewards
19
32
98
##Vertices
125
132
137
59
62
47
12
55
101
78
97
9
127
51
31
36
104
1
123
133
120
43
35
116
7
68
126
24
61
57
142
108
84
86
18
122
132
68
142
122
13
32
115
95
136
141
139
114
144
77
63
79
10
89
112
109
61
76
6
138
23
31
51
144
100
112
96
103
105
53
82
81
65
135
60
143
66
106
8
48
57
93
43
82
52
59
9
63
114
81
26
41
98
34
131
1
18
123
80
11
44
116
46
86
80
39
65
113
28
7
138
121
8
83
50
33
75
14
97
92
27
140
44
105
29
52
98
85
119
90
19
109
42
16
126
135
12
17
88
24
54
83
16
103
92
134
2
21
117
37
79
36
74
77
67
60
15
69
4
124
102
45
20
66
47
87
137
41
140
19
49
72
94
30
100
58
113
107
4
107
55
110
22
49
111
62
95
76
74
136
91
71
56
75
99
54
15
111
71
56
129
143
104
101
58
46
13
141
110
78
64
127
3
6
32
120
11
139
39
26
21
70
85
115
87
34
130
17
5
94
91
128
119
102
5
106
96
50
3
70
40
30
117
25
118
48
38
25
129
125
45
134
23
130
69
88
27
42
40
108
29
84
99
90
121
53
73
35
14
10
124
38
67
93
37
89
133
22
33
64
131
20
72
28
128
73
2
118
19
125
99
6
139
8
29
50
41
39
130
76
105
82
45
45
75
91
20
87
102
101
101
122
99
69
29
120
113
74
22
108
40
132
41
20
53
85
102
98
5
12
36
57
71
66
24
58
21
119
77
95
67
48
72
21
115
59
75
49
61
84
27
109
116
127
113
15
86
68
79
43
26
98
68
83
115
47
30
34
56
127
91
11
97
78
108
72
63
141
135
136
14
93
52
100
65
80
110
128
112
31
96
1
78
23
70
74
129
23
95
124
105
36
126
40
9
121
96
13
123
79
46
4
117
131
125
140
112
44
138
10
10
22
64
42
92
100
28
118
42
16
118
55
107
103
1
128
30
141
15
93
104
83
62
61
27
80
82
19
32
84
106
116
54
17
43
7
64
63
58
104
133
3
28
70
131
106
73
57
62
51
143
33
111
97
4
85
46
133
55
12
134
14
135
117
44
37
119
2
138
137
94
126
18
120
121
65
6
132
60
17
35
130
94
107
13
89
56
2
129
144
7
38
66
134
140
136
111
139
18
33
25
71
142
114
124
88
37
49
86
35
114
54
92
34
76
103
8
3
122
137
142
51
69
38
25
89
87
39
59
26
81
90
47
123
32
48
110
16
5
53
77
60
11
50
109
31
9
88
52
24
144
73
67
90
143
81
1
13
14
15
3
2
1
13
25
26
38
50
51
52
64
65
66
78
90
102
114
113
101
100
112
124
125
137
138
126
127
139
140
128
129
117
118
130
142
141
140
139
138
137
136
135
123
122
134
133
121
109
110
111
99
98
97
85
73
74
75
63
62
61
49
37
25
26
27
39
40
41
42
43
44
56
68
67
55
54
53
41
29
28
16
4
5
6
18
19
7
8
20
21
22
10
9
8
7
6
5
17
18
30
31
32
33
45
57
69
70
71
59
60
72
84
96
95
94
106
107
108
120
132
131
119
118
106
105
93
92
80
81
82
83
84
72
60
48
47
35
23
11
12
24
36
48
47
46
58
57
69
68
56
55
54
53
65
77
89
88
87
86
85
97
98
99
100
101
102
103
91
79
67
66
78
79
80
81
93
94
82
70
58
59
71
83
95
96
108
107
119
120
132
144
143
144
143
131
130
142
141
129
117
116
128
127
126
125
124
136
135
123
122
134
133
121
109
110
111
112
113
114
115
116
115
103
104
105
104
92
91
90
89
77
76
64
52
51
63
75
76
88
87
86
74
73
61
62
50
49
37
38
39
40
28
27
15
14
2
3
4
16
17
29
30
42
43
31
32
44
45
46
34
33
34
22
23
35
36
24
12
11
10
9
21
20
19
12
24
23
22
10
9
8
7
6
5
4
3
15
16
28
40
41
53
52
51
63
62
61
73
85
86
98
97
109
110
122
121
133
134
135
136
124
112
100
101
89
88
87
99
111
123
135
136
137
125
113
114
102
90
78
77
76
64
65
66
54
42
43
31
30
29
17
18
19
20
32
44
45
46
58
59
60
72
71
83
84
96
95
107
108
120
132
131
130
142
141
140
139
138
126
127
128
129
117
105
93
81
82
94
106
118
119
120
108
96
84
72
60
48
36
35
47
46
34
33
21
9
8
20
32
31
43
55
67
79
80
68
69
70
71
83
95
107
119
118
106
94
82
81
93
92
104
116
115
103
91
90
78
66
54
42
41
40
39
27
26
14
13
25
37
38
50
49
61
73
74
62
50
49
37
38
26
25
13
1
2
1
2
14
15
3
4
5
6
7
19
18
30
29
17
16
28
27
39
51
52
53
65
64
63
75
74
86
85
97
98
99
87
75
76
77
89
88
100
112
111
110
109
121
133
134
122
123
124
125
137
138
139
127
126
114
113
101
102
103
115
116
128
140
141
142
143
144
132
144
143
131
130
129
117
105
104
92
91
79
80
68
67
55
56
57
45
33
21
22
34
35
23
11
10
11
12
24
36
48
47
59
58
70
69
57
56
44
7
88
135
24
68
106
16
41
142
11
131
48
72
65
35
99
33
115
8
144
105
82
65
41
98
130
85
108
4
105
50
74
42
130
54
62
100
20
45
136
82
30
56
138
71
17
80
87
109
13
24
142
44
132
27
96
79
32
129
70
60
73
21
9
132
61
87
47
75
97
116
1
141
5
10
92
3
48
9
110
64
112
38
37
52
26
8
5
32
106
93
133
111
123
114
27
34
88
115
55
16
77
78
123
57
102
56
89
75
25
69
117
114
40
28
128
91
129
94
59
63
2
66
144
58
66
42
139
62
31
121
86
111
31
69
43
122
68
119
12
12
86
4
6
61
143
83
72
43
11
89
137
19
23
53
46
55
37
2
118
125
76
17
112
78
47
116
118
70
77
134
36
49
51
102
119
20
10
58
19
120
80
136
117
52
104
128
107
40
100
108
134
97
79
122
34
135
83
141
140
76
25
121
104
26
107
39
15
39
137
90
21
95
120
101
85
109
126
138
36
18
133
7
18
124
23
126
71
49
29
29
46
15
139
54
14
98
131
13
125
110
38
14
51
22
63
140
95
50
35
99
127
57
113
84
67
60
90
59
101
103
28
81
113
91
93
81
64
67
33
127
96
6
124
84
143
73
53
92
3
30
103
94
44
22
1
45
74
9
79
132
97
130
18
45
129
113
117
55
54
139
95
103
34
100
16
105
9
24
75
142
40
142
43
50
8
73
38
51
103
89
83
94
27
6
60
57
132
140
112
4
48
14
126
96
61
87
97
115
44
119
118
80
136
52
108
10
134
135
122
138
3
65
8
58
20
137
58
136
114
126
57
47
141
114
64
143
116
116
107
124
133
110
65
62
33
71
71
23
49
101
5
77
7
36
99
98
102
84
6
7
33
120
41
93
78
12
32
131
29
82
115
91
3
1
75
109
130
128
11
39
42
78
90
19
129
80
14
101
20
113
125
69
28
92
86
106
55
74
31
4
53
143
42
25
92
31
82
121
124
70
120
91
123
45
44
53
73
26
60
68
51
23
119
89
12
72
1
18
61
63
32
63
47
74
29
56
131
98
24
79
135
21
127
88
121
2
15
52
123
110
35
112
76
64
26
59
81
105
36
90
122
17
13
22
35
85
106
88
66
30
100
94
30
67
28
66
10
104
21
137
50
46
117
95
107
67
144
85
43
13
2
87
25
86
37
125
139
118
70
99
22
96
11
19
40
27
144
16
69
17
81
140
56
48
49
68
111
134
37
59
62
83
111
102
127
93
38
109
84
46
76
128
77
34
5
54
72
138
104
15
141
133
108
39
41
144
143
131
119
120
108
96
84
72
60
48
36
35
47
46
45
57
56
44
32
31
19
7
6
5
17
16
4
3
15
14
2
1
13
25
37
38
39
40
52
53
41
29
28
27
26
25
37
49
50
51
63
64
65
66
54
42
43
55
67
68
69
81
82
70
58
59
71
83
95
94
93
105
117
116
128
140
139
127
126
138
137
125
124
136
135
134
122
110
109
97
85
73
61
62
74
86
98
99
100
101
102
114
113
112
111
123
135
136
137
138
139
140
141
142
130
129
117
118
106
107
108
96
95
94
82
81
80
79
78
90
91
103
115
127
126
125
124
123
111
112
113
114
102
101
89
88
87
75
76
77
65
66
67
68
69
57
45
33
34
22
23
11
10
9
21
20
8
7
6
18
19
20
8
9
21
22
10
11
12
24
12
24
23
35
36
48
60
72
84
83
71
70
58
59
47
46
34
33
32
44
56
55
43
31
30
18
17
5
4
16
28
29
30
42
54
53
41
40
39
27
15
3
2
1
13
14
26
38
50
49
61
73
74
62
63
51
52
64
76
75
87
86
85
97
109
121
133
134
133
121
122
110
98
99
100
88
89
77
78
90
91
79
80
92
104
105
106
107
119
118
130
131
132
120
132
144
143
142
141
129
128
116
115
103
104
92
93
133
134
135
123
122
110
109
97
98
99
100
88
87
75
63
62
74
86
85
73
61
49
37
25
26
14
13
1
2
3
4
5
17
29
28
16
15
27
39
40
41
53
52
64
65
66
54
42
30
18
19
31
32
44
43
55
67
68
56
57
45
33
34
22
10
11
12
24
23
35
36
48
60
72
84
83
71
70
82
94
93
81
80
79
78
77
76
88
89
90
91
92
104
103
115
114
102
101
113
125
126
127
128
116
117
129
141
142
130
118
119
131
132
144
143
142
141
140
139
138
137
136
124
112
111
99
87
75
76
77
65
64
63
51
50
38
37
25
26
27
28
29
30
31
32
20
8
9
21
33
34
46
47
59
58
70
69
81
82
94
106
105
93
92
91
103
104
105
106
107
108
96
95
107
95
96
84
83
71
72
60
48
36
24
12
11
10
9
8
7
6
18
17
16
15
14
13
1
2
3
4
5
6
7
19
20
21
22
23
35
47
59
58
46
45
57
69
68
80
79
78
66
67
55
56
44
43
42
54
53
41
40
52
51
39
38
50
49
61
62
74
73
85
86
98
110
111
112
100
101
89
90
102
114
113
125
126
127
115
116
117
118
119
120
108
120
132
144
143
131
130
129
128
140
139
138
137
136
124
123
135
134
133
121
122
121
109
97
50
70
10
77
37
124
100
90
7
141
64
14
27
117
71
127
69
8
18
108
87
12
35
85
16
14
25
52
123
50
38
13
103
6
22
125
106
28
105
86
29
126
11
113
117
138
6
51
116
89
96
51
130
62
84
132
26
94
113
39
3
44
4
71
96
53
68
86
64
72
89
118
98
121
130
72
31
23
57
142
129
79
139
30
22
101
58
9
136
29
2
73
81
24
18
116
112
41
13
65
66
82
88
87
133
140
111
125
128
74
66
119
103
33
11
76
102
67
5
10
7
36
134
43
137
122
81
114
107
109
58
52
25
114
43
30
41
24
44
59
1
49
92
120
56
46
115
53
19
55
20
32
109
122
97
93
120
128
21
138
110
123
46
65
5
67
137
101
54
135
21
42
75
127
106
144
94
104
57
45
47
3
108
131
48
97
26
60
93
107
39
136
141
77
129
8
28
104
34
56
40
100
144
17
98
91
9
34
115
111
40
63
99
55
63
27
133
140
45
143
15
15
47
132
69
74
16
61
62
31
38
134
12
80
110
99
75
139
85
82
48
142
126
92
95
20
131
19
124
54
95
70
91
78
36
83
84
88
135
80
32
73
79
76
90
2
17
102
33
59
143
23
119
118
121
78
37
112
35
83
60
68
4
1
105
49
42
61
29
69
75
40
115
20
35
49
103
1
67
66
107
108
112
121
31
74
131
100
81
56
16
42
10
95
71
59
117
116
98
26
123
2
62
126
129
6
22
37
41
120
3
124
144
82
78
12
3
79
51
94
98
18
8
75
25
71
19
58
142
60
82
108
26
35
109
76
9
119
143
89
137
113
97
4
29
126
104
20
115
116
15
53
56
30
15
61
9
65
59
66
17
90
11
41
107
52
58
76
122
28
28
140
127
77
2
84
70
45
14
139
64
72
121
139
34
6
43
85
103
89
120
95
88
73
36
13
122
38
70
105
46
7
57
78
140
131
119
47
132
49
118
32
39
94
48
42
44
100
135
86
136
10
54
136
134
101
22
118
32
125
21
55
19
53
87
50
81
132
138
64
39
54
52
37
93
7
80
57
128
130
43
33
51
128
31
134
1
63
23
141
99
105
102
133
68
18
79
23
106
67
96
93
87
47
135
16
127
65
91
112
110
90
73
86
114
48
129
88
60
102
34
110
5
4
46
117
44
38
14
68
21
5
83
36
11
50
114
123
27
80
25
96
111
72
83
12
63
125
138
62
111
101
77
133
99
144
40
141
106
45
84
109
74
130
55
27
137
91
61
85
13
30
97
104
142
17
92
24
69
33
143
124
113
92
8
24
133
134
135
123
111
99
98
86
74
62
61
73
85
97
109
110
122
121
109
97
85
73
74
75
87
88
76
77
65
66
54
55
56
68
80
79
78
90
102
114
115
116
128
127
139
140
141
142
130
118
117
129
141
140
139
138
137
136
124
112
113
125
126
114
113
101
100
88
89
77
78
66
67
55
43
42
41
40
52
51
50
38
39
27
26
14
15
16
4
5
17
29
30
18
6
7
19
20
32
44
45
33
34
35
36
24
12
11
23
22
10
9
8
7
6
5
4
3
2
1
13
25
37
49
61
62
63
64
65
53
54
42
43
31
32
44
45
46
47
59
71
70
58
57
69
81
82
83
84
96
95
94
93
92
91
103
104
105
106
107
119
131
143
144
132
120
108
96
84
72
60
72
71
83
82
94
95
107
108
120
119
131
132
144
143
142
130
129
117
118
106
105
104
116
128
127
115
103
102
101
89
90
91
92
93
81
80
79
67
68
56
57
69
70
58
59
60
48
36
48
47
46
34
35
23
24
12
11
10
22
21
33
21
9
8
20
19
31
30
18
17
16
28
27
26
14
15
3
2
1
13
25
37
49
50
38
39
40
28
29
41
53
52
51
63
64
76
75
87
99
100
112
111
123
124
125
126
138
137
136
135
134
133
121
122
110
98
86
12
24
36
48
60
59
47
46
34
33
45
57
69
81
82
94
93
92
80
79
91
90
102
103
115
114
126
138
139
140
128
127
115
116
104
105
106
107
95
96
108
120
132
144
143
131
130
142
141
129
117
118
119
120
108
96
84
83
71
70
58
46
34
35
23
22
10
9
8
7
19
31
32
44
56
55
67
68
80
92
104
116
117
105
93
81
69
57
45
33
21
20
8
7
6
18
30
42
54
53
52
51
39
40
28
16
4
3
2
14
26
27
15
3
4
5
17
29
41
40
39
38
37
49
61
62
63
64
65
77
89
101
113
125
137
136
135
134
133
121
109
97
98
86
85
73
74
75
76
88
100
99
87
88
100
112
111
110
122
123
124
112
111
99
87
75
76
77
78
66
65
53
54
66
78
90
89
101
113
114
102
103
91
79
67
68
56
44
32
20
19
31
43
55
43
42
41
29
30
18
6
5
17
16
28
27
15
14
26
25
13
1
2
1
13
25
37
49
50
38
50
51
52
64
63
62
61
73
74
86
85
97
98
110
109
121
133
134
122
123
135
136
124
125
137
138
126
127
139
140
128
129
141
142
143
144
132
131
130
118
119
107
106
94
95
83
82
70
58
59
71
72
84
72
60
48
47
35
36
24
23
22
21
9
10
11
12
11
