##Rat 7 Day 44
 ##rewards
62
51
129
##Vertices
123
55
82
36
76
134
3
75
40
97
85
89
110
34
16
100
46
4
77
5
47
95
65
140
44
61
72
105
90
98
19
1
92
29
129
88
136
143
49
118
22
35
7
139
41
86
103
37
18
105
9
48
132
70
142
23
95
37
100
56
130
1
79
106
74
128
102
75
77
74
71
10
19
30
80
54
26
113
36
68
85
144
101
4
47
86
107
102
125
66
83
127
52
108
43
69
99
141
10
70
2
6
8
21
64
87
8
131
121
137
117
117
120
21
58
39
96
120
11
59
119
134
27
97
25
140
11
63
89
62
29
128
50
42
131
130
119
76
40
139
87
118
116
12
33
69
49
126
73
51
104
114
22
15
138
24
88
54
57
98
35
73
46
84
138
2
129
39
63
123
112
31
72
45
136
124
34
50
42
93
18
67
60
133
94
57
56
43
101
20
78
32
38
79
93
28
20
23
82
110
28
30
127
109
33
90
125
94
84
137
26
17
91
14
7
103
44
126
68
112
122
116
111
122
59
104
58
135
67
51
99
107
27
25
61
78
12
115
64
66
53
135
14
3
108
81
15
133
52
91
13
121
124
17
13
5
65
62
144
71
109
111
143
24
142
115
16
9
6
53
80
41
83
114
38
106
60
32
96
113
132
48
81
141
92
45
55
31
34
129
85
109
83
99
123
35
22
46
76
90
54
51
53
26
71
118
3
55
89
67
64
66
133
4
114
12
37
46
96
97
16
125
1
143
69
122
50
96
93
27
13
42
90
84
139
144
23
52
76
48
87
49
43
111
6
110
13
115
16
137
86
61
55
24
11
113
74
92
104
128
95
6
48
93
5
116
129
140
130
65
59
49
124
95
103
21
68
35
126
30
41
105
47
101
10
45
142
4
79
100
11
94
63
39
58
33
133
44
32
88
9
37
7
52
31
71
103
141
94
28
85
19
73
72
59
97
80
8
131
106
91
117
75
69
89
65
12
36
40
77
42
81
38
67
72
136
61
3
136
120
19
121
79
31
102
40
121
112
134
41
141
119
144
105
32
75
126
56
60
108
98
43
30
81
110
25
33
135
64
15
34
91
17
29
120
135
132
127
102
118
106
21
128
57
122
54
18
78
130
22
20
26
70
50
124
100
60
132
108
74
7
45
15
24
99
123
82
98
27
57
70
127
77
142
125
101
63
44
14
88
28
18
25
86
8
139
134
104
5
39
36
17
107
138
140
62
82
68
2
58
115
138
83
66
20
14
116
113
143
78
109
87
73
107
119
29
112
51
92
62
131
117
47
137
56
9
2
38
111
23
80
53
1
114
10
84
144
143
142
130
118
106
107
95
83
71
72
84
96
108
120
119
131
132
120
108
96
84
83
82
94
93
81
80
68
67
55
54
53
65
77
78
79
91
103
115
114
113
125
126
138
137
136
135
123
111
112
124
136
137
138
139
140
141
129
117
116
128
127
115
116
104
105
93
92
80
79
67
66
54
42
43
44
45
57
58
59
47
46
34
35
23
22
21
9
8
20
32
31
19
7
6
18
17
29
41
40
28
27
26
25
13
1
2
14
15
3
4
5
6
7
8
9
10
11
12
24
36
48
60
72
71
70
69
68
56
55
43
42
30
29
41
40
39
38
50
62
63
51
52
64
76
75
74
73
85
86
87
88
89
90
102
101
100
99
98
110
122
134
133
121
109
97
85
73
61
49
61
62
74
75
87
86
98
97
109
110
122
121
133
134
135
123
124
112
111
99
100
101
113
125
126
114
102
103
104
92
91
90
89
88
76
77
78
66
65
53
52
64
63
51
50
49
37
25
37
38
39
27
26
14
13
1
2
3
15
16
28
16
4
5
17
18
30
31
19
20
21
33
34
35
23
22
10
11
12
24
36
48
60
59
47
46
45
33
32
44
56
57
58
70
69
81
82
94
106
105
117
118
130
129
128
127
139
140
141
142
143
144
132
131
119
107
95
1
2
14
26
27
15
3
4
5
17
18
6
7
19
31
32
20
8
9
21
33
34
35
23
22
10
11
12
24
36
48
60
59
71
70
58
57
45
44
43
55
54
66
65
53
41
42
30
29
28
40
39
38
50
49
37
25
13
1
2
3
15
16
28
40
52
51
63
64
76
75
74
86
85
73
61
62
63
75
87
88
100
99
111
123
122
110
98
97
109
121
133
134
135
136
124
125
137
138
139
140
128
127
126
114
115
103
104
105
106
118
130
142
141
129
117
116
115
114
113
112
100
101
102
90
89
77
78
79
67
68
69
81
80
92
91
103
104
116
117
118
119
131
143
144
132
120
108
96
84
72
60
48
47
46
45
33
32
44
56
57
69
70
82
83
95
94
93
105
106
107
95
107
119
131
143
144
132
120
108
96
84
72
71
83
82
94
93
81
80
92
91
79
78
90
102
101
89
77
65
64
76
88
87
99
111
112
113
125
126
127
128
129
130
142
141
140
139
138
137
136
124
123
135
134
133
121
122
110
109
97
98
86
85
73
74
62
61
49
50
38
37
25
13
14
26
27
39
51
52
53
54
66
67
68
56
55
43
31
19
18
30
42
41
29
17
16
4
5
6
7
8
20
21
9
10
22
23
11
12
24
36
35
34
46
58
59
47
70
98
75
104
63
100
36
117
128
9
78
91
35
72
129
93
140
114
51
115
49
59
99
27
136
133
106
116
20
97
62
97
132
96
126
40
19
141
106
15
94
132
15
28
54
140
125
56
101
37
84
43
21
12
48
44
23
61
52
66
144
28
5
48
29
128
66
22
120
123
124
118
58
11
68
52
121
94
65
13
68
61
85
57
111
26
92
46
49
56
136
9
88
74
60
139
30
144
119
53
81
71
129
123
5
73
4
142
127
87
33
40
96
95
8
131
82
42
34
130
3
77
134
33
12
58
103
90
39
7
111
124
20
107
100
37
43
30
67
21
7
80
70
78
109
86
55
114
107
65
112
108
135
50
41
47
19
83
135
83
22
41
102
81
71
45
103
53
91
38
17
101
80
45
38
125
95
6
26
34
142
120
44
84
74
8
139
110
64
2
79
55
113
14
119
27
69
99
39
89
122
87
46
110
121
24
86
23
122
130
10
59
133
4
108
76
137
134
50
54
90
31
25
69
118
29
31
47
51
63
1
79
11
126
115
14
93
60
85
88
6
57
25
3
16
1
32
116
42
10
16
127
2
92
102
82
17
64
104
62
112
35
109
141
89
113
131
98
138
75
24
18
138
18
143
73
137
72
117
105
32
105
36
77
13
67
76
143
69
45
10
34
122
7
30
50
123
34
102
116
49
8
131
92
35
77
82
37
137
46
131
75
132
16
78
44
55
24
143
67
6
127
63
47
59
29
54
85
124
128
103
103
76
64
72
83
115
135
97
105
140
29
27
19
9
105
27
28
109
117
118
67
122
76
39
1
86
62
138
15
20
53
110
11
46
91
107
125
85
88
114
69
80
138
58
42
31
88
128
94
8
68
58
99
51
65
124
70
52
90
119
23
28
139
84
59
71
37
22
42
26
106
139
44
83
5
141
18
10
106
100
53
52
1
74
13
21
111
123
68
142
17
54
120
49
22
113
137
14
50
116
126
7
114
80
24
45
97
3
25
82
47
61
12
73
38
30
63
40
32
143
129
6
111
33
33
112
121
35
20
134
79
108
119
87
43
18
41
109
32
74
48
79
36
19
93
17
144
101
3
31
96
21
129
51
77
61
94
72
93
134
55
48
121
81
73
132
56
133
2
39
120
95
62
15
100
23
99
127
2
16
81
60
66
96
89
14
91
112
38
98
41
86
144
11
84
75
78
71
107
60
25
135
5
141
13
104
95
102
136
9
90
92
115
4
65
130
142
43
4
56
125
70
110
108
126
26
117
130
113
87
101
118
40
66
104
12
57
57
140
136
64
89
133
36
98
133
121
109
110
122
123
124
136
135
134
133
121
109
97
85
73
61
49
50
62
63
64
52
53
41
40
28
27
26
25
37
38
39
51
52
64
76
75
87
86
98
99
111
112
113
125
126
114
102
101
89
88
100
101
113
114
115
116
128
127
139
140
141
142
130
131
119
118
117
129
141
142
143
144
132
120
108
96
95
83
82
81
69
68
56
57
58
70
71
72
84
96
108
107
106
94
93
105
104
92
91
79
67
66
65
77
78
90
102
103
91
90
89
77
78
79
80
68
67
55
43
42
30
18
17
29
41
40
28
16
15
14
13
1
2
3
4
5
6
7
19
31
32
44
45
33
34
46
47
35
23
11
12
24
36
48
60
59
58
57
56
44
45
46
34
22
10
9
8
20
21
22
23
35
36
24
12
11
10
9
21
20
8
7
19
18
6
5
4
3
2
1
13
25
37
38
50
49
61
73
74
86
85
97
98
110
122
134
135
136
137
138
137
138
139
140
128
129
130
131
143
144
132
120
119
107
95
94
82
83
84
72
60
48
47
59
71
70
69
81
80
92
93
105
106
118
117
116
104
103
115
127
126
125
124
123
111
112
100
99
87
88
76
75
74
62
63
51
39
27
26
14
15
16
17
29
30
42
54
66
65
53
54
55
43
31
32
33
12
11
10
22
23
35
47
48
36
24
12
11
10
9
8
7
6
5
17
18
30
42
41
53
52
40
39
27
15
3
4
16
28
29
41
42
43
31
32
20
21
33
34
46
58
59
71
70
69
57
56
44
45
57
58
70
82
94
95
83
84
96
108
120
119
131
130
118
106
107
108
120
132
144
143
142
141
140
128
127
115
103
102
90
89
101
113
114
126
138
139
140
141
129
117
116
104
105
93
92
80
79
78
66
54
55
67
68
69
81
80
68
56
55
67
79
91
90
78
77
76
64
63
62
50
51
52
40
39
38
26
14
2
1
13
25
37
49
61
73
74
75
87
88
100
99
111
112
124
123
122
121
133
134
135
136
137
125
113
101
89
88
100
112
111
110
109
97
85
86
98
110
122
123
135
134
133
121
109
97
98
86
85
73
74
62
61
49
37
25
13
1
2
3
4
16
17
5
6
7
19
20
8
9
21
22
23
24
36
48
60
72
60
72
84
96
95
107
119
131
132
144
143
142
130
129
128
116
115
127
139
138
137
136
124
125
126
114
102
103
91
92
104
105
117
118
106
94
93
81
82
83
71
59
47
35
34
46
45
33
32
44
43
31
19
18
30
29
28
27
15
14
26
38
50
51
63
64
65
66
54
53
65
77
76
75
87
99
79
93
83
65
117
143
48
76
112
125
38
24
78
80
52
123
96
143
125
12
34
71
76
85
18
100
121
36
28
124
137
87
22
96
136
14
107
1
21
110
62
29
90
86
70
122
61
66
119
3
32
103
88
91
120
28
135
123
10
41
111
19
68
113
88
89
45
126
79
60
111
72
81
122
72
21
141
109
14
69
66
124
33
73
4
65
85
53
39
42
135
126
30
71
55
6
9
115
131
51
92
128
56
84
2
38
47
59
27
101
22
101
106
39
54
82
63
138
99
133
132
128
98
15
112
74
133
77
23
8
89
99
140
13
34
104
44
23
32
49
144
138
121
139
51
17
86
24
43
63
94
43
50
95
127
26
57
15
119
114
12
93
47
50
130
117
53
5
108
134
68
37
46
70
118
118
31
11
25
10
58
81
18
90
106
136
82
114
9
44
100
107
84
116
105
62
137
127
58
45
20
109
2
11
31
141
142
40
95
52
67
94
144
41
16
140
132
129
129
110
92
102
142
73
87
17
20
103
105
30
13
61
78
6
3
67
4
5
16
25
97
77
69
19
40
27
130
102
91
7
104
64
139
55
74
54
48
1
42
113
134
60
108
57
116
97
120
46
49
80
35
64
36
98
75
33
37
115
26
59
131
35
8
7
83
75
29
56
103
75
91
68
119
23
8
69
139
124
80
125
1
87
91
76
108
58
48
13
4
32
46
5
24
52
19
35
21
7
58
39
138
3
77
112
13
64
47
133
53
80
129
60
118
136
84
23
100
67
75
37
62
84
12
12
132
71
57
11
43
139
122
102
40
54
35
134
116
7
32
96
90
25
72
123
10
14
30
107
121
109
93
141
50
131
130
89
121
41
59
78
73
10
92
78
73
43
119
8
55
106
38
27
2
105
134
81
97
63
63
122
87
112
126
69
88
57
18
45
40
115
9
14
113
62
85
27
34
144
98
131
25
49
136
100
19
50
96
113
143
118
55
98
88
130
74
129
15
70
143
74
94
6
82
42
5
33
86
105
20
54
11
142
127
106
60
65
34
36
33
41
140
79
70
20
26
29
37
26
9
135
138
114
61
120
28
51
120
28
68
72
123
99
108
86
132
94
42
141
65
45
92
133
30
66
104
38
79
24
67
109
51
18
95
140
56
85
135
2
128
3
44
115
1
137
83
44
102
110
22
16
22
76
111
97
31
116
101
4
49
99
56
117
110
95
66
39
17
81
142
124
90
17
59
6
29
104
103
64
77
16
83
89
117
36
61
125
107
15
127
128
82
52
53
111
31
46
126
137
144
71
114
21
93
48
47
101
12
11
10
9
8
20
21
33
32
31
43
44
45
57
56
68
69
81
80
79
78
90
102
103
91
92
104
105
93
94
95
83
84
96
108
107
106
118
119
131
132
144
143
142
141
140
128
116
115
127
126
114
113
112
111
99
87
75
76
64
65
53
41
40
28
27
39
51
52
53
54
55
67
66
54
42
30
29
17
18
19
7
6
5
4
16
15
14
2
1
13
25
37
49
61
62
50
38
26
25
37
49
61
73
74
86
85
97
98
110
109
121
133
134
122
123
135
136
124
125
137
138
139
140
141
129
117
105
106
94
82
70
58
46
47
48
60
72
71
59
58
46
34
22
23
24
36
35
34
33
45
57
69
68
80
79
91
90
89
77
65
64
63
75
76
88
100
101
102
114
113
125
126
127
139
138
137
136
135
134
133
121
122
123
124
112
111
99
98
110
109
97
85
73
74
86
87
88
100
101
89
77
78
66
67
55
56
44
43
31
32
20
19
18
30
42
41
29
17
16
28
40
52
51
63
62
50
38
39
27
26
14
13
1
2
3
15
3
4
5
6
7
8
9
21
22
10
11
12
24
23
35
36
48
47
59
60
72
71
83
84
96
95
107
108
120
119
120
132
144
143
142
130
131
130
118
117
129
128
116
115
103
104
92
93
81
82
70
133
121
109
97
85
86
98
99
87
75
76
88
100
101
89
90
102
103
91
79
67
68
69
81
80
92
93
105
104
116
128
127
139
140
141
129
117
118
130
131
143
144
132
120
108
96
95
94
82
83
71
70
58
46
34
33
32
31
43
42
54
53
52
40
39
27
28
29
41
53
65
77
78
66
65
64
63
51
50
62
74
73
61
49
37
38
26
14
13
1
2
3
4
5
6
18
17
16
15
3
4
5
6
7
19
20
8
9
21
22
10
11
12
24
23
35
36
48
47
59
60
72
84
96
108
107
106
105
117
116
115
114
113
112
124
136
137
138
126
125
113
112
111
110
122
134
135
123
111
99
100
101
102
90
91
79
80
68
56
55
54
42
30
31
43
44
45
57
69
70
58
59
71
83
84
72
60
48
36
24
12
11
23
35
47
46
34
33
21
22
10
9
8
7
19
20
32
44
45
57
56
55
67
66
78
77
89
88
76
75
87
86
74
62
63
64
52
51
50
38
39
40
41
29
30
18
17
16
28
27
15
14
2
1
13
25
26
25
37
49
61
73
85
97
98
110
109
121
133
134
122
123
135
136
124
125
137
138
126
127
139
140
128
129
141
142
130
142
143
144
132
120
119
131
119
118
106
107
95
94
82
81
93
92
104
103
115
114
