##Rat 7 Day 1
 ##rewards
62
51
129
##Vertices
133
134
122
110
109
97
85
73
74
75
76
77
65
66
54
53
41
29
30
42
43
55
67
68
56
57
58
70
71
72
84
96
108
120
119
118
117
116
128
140
141
129
130
131
143
144
132
120
108
107
95
83
82
81
69
57
45
46
34
33
21
20
19
18
6
7
8
9
10
22
23
11
12
24
36
48
60
59
47
35
34
46
58
70
69
81
93
94
106
105
104
103
91
90
78
79
80
92
93
105
104
116
115
114
113
125
126
127
139
138
137
136
124
123
135
136
137
125
113
112
111
99
87
86
98
97
85
73
61
62
63
64
52
40
39
27
26
25
37
38
50
49
37
25
13
1
2
14
15
3
4
5
17
16
28
29
30
31
32
44
43
42
41
53
54
66
78
90
102
101
100
88
100
101
89
88
89
77
65
64
76
75
87
99
111
112
124
123
135
134
122
121
133
121
109
110
98
86
74
62
61
49
50
51
63
51
52
40
39
38
26
14
13
1
2
3
15
27
28
16
4
5
17
18
6
7
8
20
19
31
32
44
45
33
21
9
10
22
23
11
12
24
36
35
47
48
60
59
71
72
84
96
95
83
82
94
106
107
119
131
132
144
143
142
141
142
130
118
117
129
128
140
139
138
126
127
115
114
102
103
91
79
67
55
56
68
80
92
1
2
14
26
25
37
49
61
62
63
64
65
77
78
90
89
101
113
114
102
103
91
79
80
92
93
94
82
83
84
72
60
48
36
35
34
33
32
20
8
9
21
22
23
11
12
24
36
48
47
59
71
70
69
81
93
105
106
118
117
129
128
127
126
138
139
140
141
142
130
131
143
144
132
120
108
96
95
107
119
118
106
94
82
81
69
57
58
46
45
44
43
55
54
66
67
68
56
57
45
44
32
31
30
29
17
18
19
7
6
5
4
16
15
3
4
5
17
29
28
27
39
51
50
38
37
49
61
73
74
75
76
88
100
99
111
110
109
97
98
86
85
97
109
121
133
134
122
123
135
136
137
125
124
112
113
114
115
116
104
103
102
101
89
90
78
66
54
42
41
40
52
40
41
53
52
53
65
77
76
64
63
51
39
27
28
16
15
3
2
14
13
1
13
25
26
38
50
62
74
73
85
86
87
75
87
88
100
99
98
110
122
121
133
134
135
123
111
112
124
136
137
125
126
138
139
140
128
127
115
116
104
105
117
129
141
142
130
131
143
144
132
120
119
107
108
96
95
83
84
72
60
59
71
70
58
46
47
35
23
24
12
11
10
9
10
22
34
33
21
20
8
7
6
18
19
31
30
42
43
55
67
79
91
92
80
68
56
90
62
110
49
127
67
109
119
4
93
34
21
96
142
19
124
70
47
73
134
32
61
49
50
112
48
37
116
107
86
21
100
52
90
86
140
38
97
134
105
20
111
24
127
69
91
96
60
99
76
105
104
117
79
100
113
82
95
1
70
36
6
144
98
136
72
97
41
36
92
109
133
20
56
94
47
115
98
119
85
43
63
103
122
38
83
91
12
101
11
89
10
67
81
89
116
64
137
110
123
132
57
31
136
22
115
5
82
93
17
29
131
120
18
16
104
52
9
14
12
8
80
2
125
15
6
102
53
35
124
37
33
114
65
63
13
27
51
18
117
42
64
144
126
28
88
45
42
31
7
101
130
30
58
27
138
74
7
48
99
78
75
76
59
123
58
80
46
44
1
46
106
135
72
2
3
8
44
40
140
73
5
95
120
9
111
94
30
23
122
43
10
87
138
128
137
4
34
50
128
3
84
16
126
77
107
11
25
59
75
141
66
121
125
71
24
118
57
55
108
29
114
45
74
141
81
121
142
61
139
54
78
39
112
22
15
87
55
77
135
23
69
71
139
65
108
106
113
66
35
26
28
68
84
83
129
54
129
32
143
56
143
51
130
131
85
17
33
79
62
19
133
14
103
102
118
88
41
60
13
68
26
39
132
40
92
53
25
29
106
70
68
119
13
48
80
86
121
140
37
89
7
49
141
48
19
94
61
11
139
116
122
144
21
59
123
23
78
50
45
131
98
35
69
53
88
31
132
123
74
112
137
71
62
67
62
127
142
66
133
20
105
124
56
102
101
18
141
57
106
5
81
24
120
49
134
107
135
109
26
14
111
37
121
60
14
107
134
130
8
127
21
28
46
75
124
128
114
143
110
56
126
120
138
79
52
92
103
139
61
142
67
60
108
115
95
131
63
122
36
87
112
64
65
85
90
113
3
1
90
35
119
129
45
44
91
58
100
126
57
125
27
43
83
72
75
20
99
11
42
54
15
4
42
93
95
40
97
102
69
104
144
27
2
44
4
117
38
3
110
84
43
18
140
40
2
76
6
118
25
29
78
77
71
103
16
9
66
68
17
109
73
41
12
13
38
130
33
98
113
22
82
72
53
32
70
133
12
88
91
115
96
117
138
50
104
108
10
32
100
76
33
135
97
23
128
19
6
80
59
81
83
34
46
105
136
10
87
111
92
54
34
5
99
47
22
118
84
94
28
143
114
39
136
86
132
47
16
63
101
79
51
31
125
24
55
30
64
30
36
7
82
26
93
74
73
55
116
51
8
41
89
129
137
65
85
96
1
39
52
25
17
77
58
15
9
144
143
142
130
131
119
120
108
107
106
105
93
94
82
70
71
83
95
96
84
72
60
48
36
35
23
24
12
11
10
9
8
20
32
33
21
22
34
46
45
44
56
57
69
68
67
55
43
31
19
18
30
29
41
42
54
66
65
53
52
40
28
27
15
3
2
1
13
14
26
25
37
49
61
73
74
62
63
75
87
88
76
77
78
79
80
81
93
92
91
90
89
101
102
114
115
103
104
116
128
127
126
125
113
112
124
136
135
123
111
110
122
121
133
134
135
136
137
138
139
140
141
129
117
118
106
94
82
81
80
68
69
70
58
59
47
48
36
35
34
33
32
31
30
29
17
5
4
16
28
27
39
38
50
51
63
64
76
75
87
99
100
88
89
90
102
101
100
99
98
97
85
86
98
86
85
73
74
62
61
49
37
25
13
1
2
3
4
5
6
7
19
20
21
22
23
24
12
11
10
9
8
7
6
18
17
16
15
14
26
38
50
51
39
40
52
64
65
77
78
79
67
66
54
53
41
42
43
55
56
44
45
57
58
46
47
59
60
72
71
83
84
96
95
107
119
118
117
105
104
92
91
103
115
116
128
127
126
114
113
112
111
110
109
97
109
121
133
134
122
123
124
125
137
138
139
140
141
129
130
142
143
144
132
131
132
120
108
12
24
23
22
10
11
12
24
36
35
47
59
58
57
69
68
67
79
91
103
115
116
104
105
117
129
128
140
139
127
126
138
137
125
124
112
111
123
135
136
137
138
139
140
141
142
130
131
143
144
132
120
119
118
106
107
108
96
84
83
82
70
71
72
60
48
36
35
34
46
45
44
43
42
41
53
65
66
54
55
56
44
32
33
21
9
8
7
19
18
6
5
17
16
15
3
4
5
6
7
8
20
19
31
30
29
28
40
52
64
63
62
50
49
61
73
85
86
87
99
98
97
109
121
122
110
111
99
100
88
89
77
76
75
74
73
61
49
37
38
26
14
2
1
13
25
37
38
39
51
52
64
65
53
54
55
56
68
80
92
93
94
95
96
108
107
106
105
104
103
102
90
78
66
67
79
78
77
76
88
87
75
63
51
50
62
74
86
85
97
98
110
109
121
133
134
133
134
122
123
135
136
124
112
113
125
126
127
128
129
141
142
130
131
143
144
132
120
119
118
117
116
115
114
113
114
102
101
100
101
89
90
91
92
80
81
69
57
58
70
82
81
93
94
95
83
84
72
71
59
60
48
47
46
45
33
34
22
23
11
10
9
21
20
32
31
43
42
30
29
41
40
39
27
28
27
15
14
26
25
13
1
2
3
4
16
17
18
130
81
63
37
90
121
23
134
116
119
141
91
45
32
110
21
36
128
130
140
39
3
16
135
13
33
86
54
110
45
32
79
75
71
87
69
65
71
42
40
142
138
61
96
33
48
51
66
62
11
142
14
44
43
128
17
46
88
98
82
48
34
13
129
119
15
94
79
64
91
123
123
101
62
107
17
72
140
7
31
83
60
100
12
135
12
21
109
3
58
87
125
56
89
133
132
38
67
18
109
132
70
28
19
126
59
98
86
19
40
114
18
10
99
35
93
5
102
59
83
57
118
77
120
76
96
39
117
24
63
127
22
113
27
11
26
121
42
94
69
43
106
49
1
85
102
136
20
97
92
76
60
120
105
30
111
25
25
112
52
6
9
73
134
36
144
37
103
115
78
24
8
129
137
51
1
99
58
34
22
54
53
116
55
53
35
84
10
122
47
103
14
104
29
57
97
89
26
4
15
113
73
144
4
44
108
55
77
125
124
16
64
122
72
23
67
81
92
9
138
70
47
56
137
95
124
5
84
52
80
126
115
106
29
108
90
131
50
127
112
75
143
2
139
74
38
74
80
8
6
104
78
88
93
50
41
28
105
100
46
41
117
65
49
118
143
68
95
31
139
61
85
114
30
66
20
133
7
141
136
27
68
111
2
107
82
131
101
49
36
22
115
82
110
117
131
45
2
54
77
19
110
39
118
38
1
111
3
7
21
128
35
46
81
138
105
142
30
15
114
57
131
108
5
137
15
70
29
68
104
92
32
123
2
76
75
109
129
16
144
42
86
129
133
140
93
36
44
113
37
125
69
91
59
20
20
33
13
105
35
136
82
134
60
41
8
78
85
80
58
66
71
122
10
93
132
101
62
34
68
102
9
32
113
61
114
54
133
21
83
69
28
6
139
50
80
121
86
10
126
13
95
31
1
72
12
108
4
24
98
96
52
97
17
112
38
84
111
14
66
42
5
90
22
73
44
53
33
121
79
106
51
37
134
106
75
79
52
9
136
140
100
40
8
141
47
71
67
60
11
97
118
23
89
53
27
100
142
47
120
130
87
67
99
143
65
17
99
94
95
25
91
64
56
11
18
55
116
135
77
126
28
137
3
103
127
63
139
90
112
76
45
109
6
119
14
51
31
25
19
40
70
128
50
59
23
29
39
107
74
43
26
63
96
56
48
84
46
92
101
30
124
117
12
122
104
135
41
144
49
115
24
89
65
57
141
34
72
124
127
55
102
87
4
26
85
73
103
132
16
61
88
88
64
81
123
94
48
130
83
58
143
119
43
74
98
62
27
125
120
18
138
116
107
7
78
1
13
25
37
49
50
38
26
14
2
3
15
27
28
40
52
53
65
64
76
88
87
75
74
73
85
86
98
97
109
121
122
123
124
136
137
125
113
101
89
90
102
103
91
79
67
68
80
81
69
57
56
44
43
55
54
66
78
77
89
101
100
99
111
110
109
97
85
73
61
62
63
51
39
40
41
29
30
42
41
29
17
5
4
16
28
27
39
51
52
64
76
88
100
112
113
114
115
127
128
129
141
142
130
118
117
116
104
92
93
105
106
94
95
107
108
120
119
131
132
144
143
142
141
140
139
138
126
114
102
103
104
92
93
105
106
94
82
70
71
83
84
72
60
48
47
59
58
46
34
22
21
20
32
33
45
44
32
31
19
7
8
9
10
11
12
24
23
35
36
48
47
35
36
24
12
11
23
22
10
9
21
33
34
46
45
57
56
68
69
70
58
59
60
72
71
83
82
81
80
79
91
90
78
77
65
53
54
66
67
55
43
42
30
31
19
20
8
7
6
18
17
18
6
5
4
16
15
3
2
1
13
14
26
25
37
38
50
49
61
62
63
75
74
86
98
110
122
121
133
134
133
134
135
123
135
136
137
138
139
140
128
129
130
131
143
144
132
120
108
96
84
96
95
107
119
118
117
116
115
127
126
125
124
112
111
99
87
12
11
10
22
23
35
36
48
47
46
45
57
58
70
82
83
71
59
60
72
84
96
108
120
119
131
132
144
143
142
141
140
128
116
117
129
130
118
106
105
104
92
93
81
80
79
91
103
115
127
126
114
113
101
102
90
78
77
89
88
100
112
111
123
135
134
133
121
122
110
109
97
85
73
61
62
74
75
63
51
52
64
65
66
67
68
69
57
56
55
54
53
41
42
30
31
43
44
32
20
19
18
17
29
28
16
4
3
15
27
26
14
13
1
2
3
4
5
6
7
8
9
21
33
34
46
58
70
69
68
80
81
82
94
95
107
108
120
119
118
117
116
115
114
113
125
137
136
124
112
111
99
98
86
87
75
76
64
63
51
39
40
52
53
54
42
41
40
39
38
37
49
50
38
50
49
61
62
74
73
85
97
109
121
133
134
135
136
137
138
139
127
128
129
130
131
132
144
143
142
141
140
139
138
126
125
124
123
122
110
98
86
87
99
100
88
76
77
65
66
67
79
78
90
89
101
102
103
91
92
104
105
93
94
106
107
95
96
84
83
71
72
60
59
47
35
34
33
45
44
56
55
43
31
32
20
19
18
30
29
28
27
26
25
37
25
13
1
2
14
15
16
17
5
6
7
8
9
21
22
10
11
12
24
23
24
36
48
65
5
56
131
62
53
24
86
62
25
128
85
22
130
21
108
66
12
141
114
107
49
140
6
60
46
2
88
38
127
60
89
4
105
32
121
144
112
75
93
58
27
119
138
126
50
74
4
137
70
134
41
143
3
83
94
30
116
31
59
139
67
106
9
112
92
103
78
32
83
10
81
79
133
39
55
11
63
73
125
90
84
109
113
29
37
134
111
86
64
95
79
93
122
90
73
58
11
10
92
14
2
44
80
19
5
101
49
66
143
80
136
15
99
123
38
137
45
140
18
133
39
54
19
142
111
120
94
72
65
64
20
7
7
26
1
91
135
98
17
128
56
89
48
68
117
115
132
8
9
110
105
108
118
25
29
18
33
21
6
40
77
124
96
142
78
104
129
52
110
54
15
135
35
129
47
41
91
28
84
144
31
98
122
141
100
95
44
71
136
115
76
97
119
126
132
50
45
87
103
35
24
43
61
46
43
47
57
48
8
82
34
57
69
1
69
55
13
61
16
97
100
125
109
12
59
76
71
68
117
107
23
51
53
113
30
139
127
37
34
102
123
124
74
130
17
14
23
28
33
52
87
138
114
40
82
118
81
36
72
16
106
27
120
63
85
104
42
3
75
13
96
51
88
20
26
116
77
70
67
99
22
36
42
121
131
102
101
41
123
140
100
53
144
89
101
82
97
110
47
23
143
83
44
5
68
60
50
136
24
22
23
73
138
41
106
87
8
25
21
12
129
57
98
77
2
112
11
43
4
10
97
63
34
9
69
61
17
135
103
19
104
11
134
25
67
15
62
101
50
13
17
125
84
53
111
28
114
94
79
88
80
32
137
142
28
65
84
58
59
120
32
6
108
132
29
52
67
3
71
85
56
20
117
3
37
75
4
128
141
94
117
26
105
116
127
103
5
45
81
24
90
57
70
127
51
21
12
51
63
34
135
99
95
6
65
74
87
54
62
82
40
13
74
107
122
38
79
73
99
29
27
40
72
71
7
27
77
86
143
76
131
105
132
102
93
30
39
56
116
141
46
9
139
129
44
125
75
33
91
121
90
20
89
119
37
106
131
60
140
112
35
124
136
133
96
47
52
88
104
110
118
139
115
48
30
93
120
14
42
137
55
59
123
14
68
130
33
108
113
81
48
31
18
115
45
58
91
22
46
42
7
18
134
16
35
109
10
111
43
64
80
138
133
144
26
92
54
36
31
86
72
2
95
96
49
1
61
49
130
66
126
92
78
70
78
124
16
102
19
66
64
126
36
142
38
76
109
118
15
1
128
85
8
121
39
107
114
100
98
122
119
55
113
69
83
