##Rat 8 Day 16
 ##rewards
71
58
124
##Vertices
136
22
30
110
89
77
143
141
122
6
123
135
40
112
85
20
40
46
37
60
13
94
109
128
84
138
39
60
36
121
66
107
72
73
114
34
102
54
38
74
110
90
59
14
55
6
41
52
17
43
46
61
12
30
123
131
92
85
21
1
34
65
108
91
63
81
25
144
15
83
37
7
4
98
64
80
86
44
134
74
57
104
72
32
12
80
103
2
49
43
83
66
86
78
10
19
84
93
52
106
97
124
113
48
76
29
93
44
101
47
118
50
100
24
141
97
122
79
120
109
140
139
33
24
39
57
128
116
9
70
51
58
27
118
41
121
142
132
102
79
26
107
114
54
115
73
5
8
132
25
135
35
13
95
113
96
67
142
38
143
62
125
11
130
61
5
48
23
75
129
88
105
124
69
28
45
130
115
129
23
11
92
108
53
42
75
112
136
126
63
104
95
62
68
78
10
87
138
35
137
27
126
70
65
33
16
42
140
2
58
106
105
49
125
131
71
26
77
96
51
117
8
20
98
120
133
18
117
45
103
16
139
127
87
90
56
50
4
91
89
82
81
137
17
64
99
14
19
134
53
82
144
15
29
3
94
28
1
22
59
67
56
119
133
99
111
68
100
76
21
116
9
7
47
31
36
119
3
31
71
55
101
88
127
18
69
111
32
10
114
10
142
95
77
107
140
104
9
98
139
41
89
139
72
72
129
20
101
44
36
65
110
18
104
46
86
66
124
113
3
59
92
37
17
92
12
102
96
8
54
16
109
21
40
105
120
142
100
108
63
28
106
53
97
23
70
13
24
75
138
39
2
34
99
52
128
138
118
63
111
43
55
76
35
1
75
8
33
84
79
35
4
141
25
71
108
99
137
93
2
39
95
68
11
123
29
15
133
130
101
73
25
27
121
73
84
144
116
19
60
47
81
15
94
78
109
81
41
5
103
141
88
47
23
98
59
22
120
70
26
29
56
71
94
16
30
111
126
110
55
48
38
134
66
86
115
21
48
83
64
7
143
51
7
127
91
58
14
65
74
18
34
60
107
144
42
90
45
51
30
130
103
137
17
122
57
31
121
61
69
67
24
119
13
77
118
85
27
129
62
58
106
131
113
76
38
82
128
91
11
90
52
132
57
124
79
80
3
125
105
62
131
31
132
49
42
1
85
83
126
116
69
14
61
6
56
125
67
80
26
93
6
89
96
33
135
53
4
97
46
32
119
82
64
5
78
20
54
88
100
143
40
9
49
28
115
112
68
102
12
112
87
123
134
135
87
140
36
127
19
43
74
50
122
117
136
136
37
45
117
50
32
44
133
114
22
1
2
3
4
16
17
5
6
7
8
9
10
11
12
24
23
35
36
48
47
46
45
57
56
44
43
31
30
42
54
66
65
64
76
75
63
51
50
38
39
27
26
14
13
25
37
49
61
73
85
86
98
97
109
121
133
134
135
136
124
123
122
110
111
112
100
101
89
90
91
103
102
114
113
125
126
127
128
129
141
140
139
138
137
136
135
123
111
99
87
88
100
99
87
75
74
62
63
64
52
40
41
53
54
55
67
68
80
79
78
77
65
53
52
51
39
40
28
29
41
42
30
18
19
20
32
33
21
22
34
46
58
59
60
72
71
83
84
96
95
107
108
120
119
131
132
144
143
142
130
118
117
116
104
105
93
81
69
70
82
94
106
118
117
105
104
92
93
81
69
57
58
59
60
72
84
83
71
70
82
94
106
107
95
96
108
120
119
131
132
144
143
142
130
129
141
140
128
116
115
103
115
114
126
127
139
138
137
125
124
112
113
101
102
90
89
88
76
77
78
66
67
79
91
92
80
68
56
55
43
31
19
18
17
29
28
27
15
16
15
14
26
38
50
62
74
86
98
110
122
134
133
121
109
97
85
73
61
49
37
25
13
1
2
3
4
5
6
7
8
20
21
9
10
22
23
11
12
24
36
48
47
35
34
33
45
44
32
144
143
142
130
118
106
107
95
83
71
72
84
96
108
120
119
131
132
120
108
96
84
83
82
94
93
81
80
68
67
55
54
53
65
77
78
79
91
103
115
114
113
125
126
138
137
136
135
123
111
112
124
136
137
138
139
140
141
129
117
116
128
127
115
116
104
105
93
92
80
79
67
66
54
42
43
44
45
57
58
59
47
46
34
35
23
22
21
9
8
20
32
31
19
7
6
18
17
29
41
40
28
27
26
25
13
1
2
14
15
3
4
5
6
7
8
9
10
11
12
24
36
48
60
72
71
70
69
68
56
55
43
42
30
29
41
40
39
38
50
62
63
51
52
64
76
75
74
73
85
86
87
88
89
90
102
101
100
99
98
110
122
134
133
121
109
97
85
73
61
49
61
62
74
75
87
86
98
97
109
110
122
121
133
134
135
123
124
112
111
99
100
101
113
125
126
114
102
103
104
92
91
90
89
88
76
77
78
66
65
53
52
64
63
51
50
49
37
25
37
38
39
27
26
14
13
1
2
3
15
16
28
16
4
5
17
18
30
31
19
20
21
33
34
35
23
22
10
11
12
24
36
48
60
59
47
46
45
33
32
44
56
57
58
70
69
81
82
94
106
105
117
118
130
129
128
127
139
140
141
142
143
144
132
131
119
107
95
102
75
125
125
137
54
96
110
13
36
47
60
23
15
86
39
67
70
84
130
130
111
13
34
11
74
94
21
20
99
58
51
131
121
118
65
82
20
64
53
107
25
41
142
23
90
34
63
144
131
136
12
16
51
33
55
73
123
65
35
39
114
98
33
29
138
95
2
136
50
78
73
32
97
143
60
85
103
86
88
140
44
49
43
113
11
127
37
81
12
7
119
144
64
126
32
14
56
6
120
134
122
98
48
139
80
26
42
92
133
80
106
16
71
129
48
19
138
62
59
92
53
40
1
72
97
132
70
3
55
31
37
126
44
4
28
101
7
128
35
4
87
69
24
43
49
100
52
91
9
6
47
91
134
46
45
8
3
24
122
36
27
103
2
102
132
128
81
69
61
82
120
135
127
99
110
29
30
76
141
30
142
121
104
45
79
107
57
87
27
75
112
25
77
26
52
139
84
62
133
66
63
111
141
101
100
96
104
108
77
50
117
71
119
40
17
14
5
28
66
109
105
95
85
38
143
123
113
117
21
83
108
57
54
41
17
124
78
115
90
76
109
140
10
88
68
19
118
22
129
31
10
112
74
18
89
46
89
105
8
124
72
18
38
79
93
83
116
1
59
56
137
115
94
15
116
5
114
22
67
42
135
9
58
93
68
106
61
54
136
121
128
136
121
83
1
63
112
8
62
111
40
113
91
97
6
34
118
47
23
18
105
4
109
86
4
24
80
104
101
124
56
81
92
96
110
144
14
19
143
123
142
88
134
60
28
120
57
43
1
96
78
81
90
64
38
77
133
47
41
138
27
74
2
126
69
137
51
67
123
64
130
45
122
31
139
43
143
30
48
35
72
97
118
22
87
65
3
79
140
99
58
13
91
33
31
101
131
92
95
125
21
129
75
9
8
82
33
115
102
74
37
15
128
107
127
16
141
32
52
124
132
55
73
12
15
103
70
29
67
137
88
95
108
49
114
30
89
57
144
20
71
29
10
119
51
5
36
7
42
68
105
71
119
65
61
11
84
49
86
85
14
85
140
21
41
78
83
93
54
94
109
129
135
75
107
66
79
90
59
60
26
44
110
26
40
76
50
23
72
6
63
52
84
138
94
44
66
87
3
122
98
100
12
127
36
22
113
46
135
53
50
45
131
18
19
32
48
53
73
116
55
89
35
34
100
24
115
2
139
106
112
82
9
5
93
111
142
16
25
38
68
25
99
70
46
126
102
10
108
76
106
17
132
120
80
39
37
104
59
133
17
130
114
117
11
39
98
103
27
7
141
28
125
69
58
61
56
20
62
13
134
42
77
117
116
133
134
135
136
124
125
137
138
139
140
141
142
143
144
132
131
119
120
108
107
106
105
93
92
104
103
115
114
102
90
78
77
76
64
63
75
87
86
98
99
111
110
122
121
109
97
85
73
61
49
50
38
37
25
13
1
2
3
4
16
15
14
26
27
28
40
41
53
54
55
43
42
30
29
17
18
19
20
21
9
8
7
6
5
4
3
15
27
39
51
52
40
39
51
63
62
74
75
76
88
100
101
89
90
91
79
80
68
67
66
65
77
89
88
87
99
100
112
113
101
102
114
126
127
128
116
117
129
130
118
106
94
95
96
84
83
71
72
60
59
47
48
36
35
23
24
12
11
10
22
34
33
32
44
45
57
69
81
82
70
58
46
34
33
45
44
56
57
69
81
93
94
95
96
84
72
71
83
82
70
58
46
47
59
60
48
36
35
23
24
12
11
10
22
21
9
8
20
32
31
43
31
30
18
19
7
6
5
17
16
28
29
41
42
54
53
52
64
65
66
78
79
67
55
56
68
80
92
91
103
115
127
126
125
113
112
111
123
124
123
122
110
98
86
74
62
50
38
26
14
2
1
13
25
37
49
61
73
85
97
109
121
133
134
135
136
137
138
139
140
128
129
141
142
130
131
143
144
132
120
108
107
119
118
117
105
104
116
12
24
23
22
34
35
36
48
60
59
71
72
84
83
82
94
95
96
108
107
106
118
130
131
119
120
132
144
143
142
141
140
128
127
115
116
104
105
93
81
80
68
67
55
56
57
69
70
58
46
45
33
21
20
8
9
10
11
12
24
36
35
47
46
45
44
32
31
43
42
30
18
17
5
6
7
19
31
30
29
41
40
28
27
26
14
15
16
4
3
2
1
13
25
37
38
50
49
61
73
85
86
74
62
63
75
76
88
100
112
111
110
109
97
98
99
87
75
63
51
39
40
52
64
65
53
54
66
78
79
91
103
102
90
89
77
76
88
87
99
111
123
122
121
133
134
135
136
137
138
139
140
141
129
117
105
106
94
93
92
104
103
115
114
126
125
113
101
100
112
124
125
124
123
122
121
133
134
135
136
137
138
139
127
126
114
113
101
102
90
89
77
78
66
65
64
52
53
54
55
43
42
41
29
28
27
39
51
50
62
74
86
98
110
109
97
85
73
61
49
37
38
26
25
13
1
2
14
15
3
4
16
17
5
6
18
19
7
8
20
21
9
10
11
23
22
34
33
32
44
56
68
67
79
91
92
80
81
82
83
71
70
69
57
58
59
47
48
60
72
84
96
95
107
108
120
119
131
132
144
143
142
130
118
117
116
128
129
124
117
137
75
68
25
81
50
119
57
52
72
73
130
42
5
18
114
57
87
103
45
15
69
107
143
113
53
28
2
101
84
107
93
130
79
33
70
63
58
135
120
133
77
34
53
54
40
70
101
117
61
22
19
67
80
131
13
8
138
100
33
35
51
7
139
44
39
104
19
59
67
134
85
91
140
135
73
9
129
24
104
37
132
3
112
61
126
60
103
31
1
110
3
1
26
121
64
144
71
20
109
97
16
13
139
134
14
123
133
46
120
56
93
35
46
12
5
141
100
90
50
98
29
17
86
44
142
84
66
125
115
37
121
144
39
38
115
17
7
31
71
27
11
47
21
76
12
15
127
87
69
97
8
89
11
20
32
22
75
4
28
63
99
76
124
137
102
140
52
95
83
131
109
96
118
88
48
123
105
113
6
128
86
102
51
129
45
47
122
24
111
27
111
132
59
79
81
74
105
110
64
88
18
80
10
116
21
16
89
125
108
78
98
82
62
85
65
4
2
60
116
122
83
48
94
55
56
128
99
42
25
118
143
10
38
26
91
41
92
126
114
36
41
36
72
29
112
68
23
49
43
55
92
95
78
119
6
30
9
96
108
141
90
138
43
127
136
34
49
30
142
54
74
66
23
77
32
106
94
106
62
136
40
58
82
65
14
43
119
49
140
74
138
95
100
21
35
9
36
134
77
139
25
99
64
124
74
86
77
3
118
63
141
73
14
94
19
136
59
131
46
41
18
17
142
121
107
133
68
87
122
12
105
52
32
126
64
128
83
108
123
131
27
134
13
85
14
10
52
66
116
105
91
104
117
26
62
88
135
76
23
50
60
39
93
138
69
79
48
42
19
46
83
139
54
112
59
20
130
86
89
106
103
80
47
90
4
65
144
97
137
15
28
88
141
34
122
21
30
136
22
132
98
54
120
22
75
118
65
103
56
79
18
29
2
95
75
90
110
102
5
120
82
108
38
48
125
23
30
55
94
61
78
42
82
8
125
53
127
55
45
114
99
36
16
129
44
107
96
2
53
70
113
40
71
143
115
69
123
117
127
109
50
34
85
1
100
129
4
7
10
111
116
13
35
45
133
43
29
58
109
37
78
143
32
119
33
17
97
76
31
3
61
124
106
92
62
12
70
115
84
41
111
132
135
11
6
63
24
67
101
93
80
81
39
33
26
28
37
102
57
49
144
91
101
112
114
9
20
68
142
84
89
44
5
72
126
113
98
16
57
96
104
24
128
137
25
92
87
72
140
56
15
130
66
31
6
51
71
27
51
110
38
67
73
81
1
60
11
40
58
121
7
8
47
133
121
122
123
111
110
109
97
85
86
74
73
61
62
63
51
50
49
37
38
39
27
15
14
26
25
13
1
2
3
4
5
17
18
30
29
41
40
52
64
65
77
78
90
89
88
76
75
87
99
100
112
124
125
137
136
135
134
133
121
109
110
98
99
100
101
113
114
102
103
115
127
128
140
139
138
126
114
115
116
104
105
117
118
119
131
130
129
141
142
143
144
132
120
108
107
95
96
84
72
60
59
71
83
82
70
69
57
45
33
34
35
36
48
47
46
58
70
82
94
106
105
93
81
80
92
91
79
67
66
54
42
43
55
56
68
69
57
58
46
34
22
23
24
12
11
10
9
8
7
6
5
4
16
28
40
39
51
52
53
41
42
30
31
19
20
32
44
45
33
21
20
21
22
23
24
12
11
10
9
8
7
6
18
19
31
32
44
43
55
56
68
67
79
80
81
93
92
91
90
102
103
104
116
117
118
106
94
95
83
71
59
47
35
36
48
60
72
84
96
108
107
119
120
132
144
143
131
130
142
141
129
128
140
139
127
126
138
137
125
124
136
135
134
122
123
111
112
113
101
89
77
78
66
54
53
65
64
63
62
74
75
76
88
87
86
98
97
85
73
61
49
50
38
37
25
26
14
13
1
2
3
15
27
28
29
17
16
1
2
3
4
5
17
16
28
27
39
40
41
42
43
31
32
44
56
55
67
68
80
81
69
70
82
83
84
72
60
59
71
70
58
57
45
33
21
20
8
9
10
11
12
24
23
35
36
48
47
46
34
22
10
9
8
7
19
18
30
29
28
27
15
14
26
25
37
49
61
62
63
51
52
53
65
66
54
55
56
57
58
46
45
44
43
42
41
40
39
38
50
49
61
73
74
75
76
77
89
101
113
112
100
99
98
97
109
121
122
123
111
110
109
97
85
86
87
88
100
112
124
136
137
138
126
114
102
90
91
92
93
94
95
96
108
120
132
144
143
142
141
129
128
140
139
127
115
103
104
105
117
116
104
105
106
118
130
131
119
107
106
118
117
116
115
103
91
79
78
90
89
77
78
79
80
92
93
94
82
81
69
68
67
66
54
53
52
51
50
62
63
64
65
64
76
88
87
75
74
73
85
86
98
99
111
110
122
123
135
134
133
121
133
134
135
136
137
125
124
125
113
101
102
114
126
138
139
127
128
140
141
129
130
142
143
144
132
131
119
120
108
107
95
96
84
83
71
72
60
59
47
48
36
24
12
11
23
35
34
22
21
33
32
20
19
31
30
29
17
18
6
7
6
5
4
16
15
3
2
14
26
38
37
25
13
1
13
