##Rat 4 Day 26
 ##rewards
126
113
47
##Vertices
114
27
128
110
3
82
109
16
46
36
99
100
13
102
134
94
136
8
27
45
59
106
118
39
85
104
37
111
13
123
2
95
133
31
85
113
97
6
98
92
1
73
12
18
122
19
51
84
86
78
93
33
67
88
133
33
140
107
26
40
111
57
72
142
71
96
138
20
125
76
14
101
132
14
141
69
52
70
68
116
66
119
142
79
132
84
54
115
18
34
108
34
125
23
10
139
29
130
63
10
57
43
112
49
30
46
138
123
135
67
60
127
121
71
74
126
65
38
83
120
127
58
19
97
22
69
2
100
36
79
83
64
90
15
117
129
92
102
47
87
53
41
38
16
12
29
65
44
35
42
31
96
25
24
90
9
113
11
121
11
25
137
62
56
8
56
143
32
20
78
53
87
118
66
15
116
28
98
74
93
141
70
131
32
41
75
86
28
7
72
136
117
124
94
126
54
82
39
64
17
3
88
89
45
80
130
103
21
55
91
143
5
6
77
106
122
50
137
51
44
40
114
5
75
50
30
135
119
35
131
42
81
103
110
115
76
9
68
59
17
52
124
77
48
24
1
4
134
21
109
112
26
60
91
63
80
61
73
49
23
139
37
4
144
144
129
47
58
140
62
120
48
81
101
55
104
89
95
128
43
61
105
7
105
99
22
108
107
93
55
119
66
57
81
73
133
62
140
95
79
14
30
1
80
125
83
61
87
141
107
99
34
142
23
33
120
32
97
94
63
124
125
68
100
116
4
139
21
100
108
114
15
48
16
81
122
120
60
67
96
88
102
20
130
127
29
8
117
74
65
142
107
84
135
10
14
56
92
79
133
9
55
143
134
132
82
98
40
35
56
48
21
62
13
7
113
106
103
123
103
54
26
60
1
89
9
36
38
122
52
41
127
27
49
25
69
26
90
27
80
34
115
3
82
137
73
17
97
57
87
16
101
75
104
85
25
58
32
124
77
118
18
89
72
12
8
42
131
15
116
92
132
51
22
129
49
134
47
109
104
68
69
11
45
47
128
2
36
46
3
78
101
44
37
91
140
90
136
6
135
61
78
141
12
121
59
136
138
22
65
59
19
126
40
37
43
110
105
131
108
86
102
20
91
99
74
28
143
7
144
4
112
66
111
86
88
35
119
19
29
33
83
67
72
105
5
5
24
53
41
17
39
46
31
39
58
138
50
112
51
139
75
10
109
93
11
42
70
43
96
126
44
64
115
85
114
71
118
18
111
84
98
94
144
50
77
38
70
95
13
52
129
63
53
76
130
71
54
31
24
45
64
113
28
128
30
110
76
23
121
117
2
106
123
6
137
12
11
23
35
34
46
58
57
56
44
32
31
19
7
8
20
21
9
10
22
34
33
45
46
47
48
60
72
71
83
84
96
95
94
106
107
119
131
130
142
141
129
128
140
139
127
126
114
115
103
102
101
113
125
124
136
135
123
111
112
100
99
87
86
98
97
85
73
74
75
76
64
63
62
61
49
50
38
37
25
26
14
15
3
2
1
13
25
37
49
61
73
85
97
109
110
122
121
133
134
135
136
137
138
139
140
141
142
143
144
132
120
108
96
84
72
60
59
71
70
82
81
93
105
117
118
130
129
128
116
104
92
80
68
69
81
80
79
78
66
67
55
43
42
54
53
52
51
39
40
41
29
17
5
4
16
28
27
26
38
50
62
74
86
87
88
89
77
65
66
54
53
41
29
30
18
17
5
6
7
6
18
19
31
30
42
43
55
67
79
78
77
65
64
52
40
28
16
4
3
2
1
13
14
15
27
39
51
63
75
76
88
100
99
98
110
109
121
133
134
122
123
111
112
124
125
137
138
126
127
115
103
102
114
113
101
89
90
91
90
91
92
93
94
106
105
104
116
117
118
119
131
143
144
132
120
108
107
95
83
82
70
58
57
69
68
56
44
45
33
32
20
8
9
21
22
10
11
12
24
23
35
36
24
36
48
47
59
133
121
122
123
111
112
113
101
89
88
87
75
74
73
85
86
98
97
109
110
111
99
100
112
124
136
137
138
126
127
139
140
128
116
117
129
130
131
119
120
108
107
95
96
84
83
71
70
82
81
69
57
58
59
47
48
36
35
34
46
45
33
32
20
21
9
8
7
19
31
43
42
30
18
6
5
17
16
4
3
15
14
26
25
13
1
2
3
4
5
6
7
8
9
10
22
23
11
12
24
36
48
60
72
84
96
108
120
132
144
143
142
141
140
139
138
137
125
126
114
115
103
104
105
106
118
119
107
95
94
93
92
91
90
102
103
91
79
67
66
78
77
76
64
65
53
41
29
28
40
52
51
50
49
37
38
39
27
15
16
17
18
19
20
32
44
56
55
54
66
65
53
52
51
63
62
50
49
61
73
61
62
74
75
63
64
76
77
78
79
67
55
54
42
41
40
39
38
37
25
13
1
2
14
26
27
28
29
30
31
43
44
45
33
21
22
10
11
12
24
23
35
34
46
47
59
60
72
71
83
82
81
69
70
58
57
56
68
80
68
80
92
104
116
117
105
93
94
106
118
130
131
132
144
143
142
141
129
128
127
115
114
113
101
102
90
89
88
100
99
87
86
85
97
98
110
109
121
133
134
122
123
135
134
135
136
124
125
126
141
73
97
127
120
139
94
48
36
123
43
8
68
99
19
31
34
37
50
26
91
103
15
105
42
76
109
140
69
5
109
78
52
100
130
16
59
67
14
6
46
47
125
55
9
53
79
52
29
95
106
96
50
96
12
41
81
60
7
3
19
73
118
51
129
138
104
119
138
24
7
105
143
89
1
114
31
98
22
40
132
46
2
83
136
20
15
95
106
75
115
101
134
110
71
28
85
6
66
115
27
128
33
11
76
57
32
49
63
17
71
54
74
16
92
53
51
11
117
102
101
133
70
63
65
70
9
69
45
14
44
134
87
93
30
82
39
107
90
3
39
142
110
135
25
49
28
26
18
81
121
114
30
57
111
90
82
48
86
21
12
54
33
124
56
117
91
142
112
64
88
10
112
143
64
80
29
129
62
83
100
79
130
67
18
131
127
94
133
121
66
23
77
68
126
37
120
55
84
40
89
132
123
1
5
35
104
17
32
61
21
61
23
24
58
118
139
113
141
72
86
56
4
42
135
88
116
35
99
41
137
136
113
124
108
80
119
47
27
122
92
38
108
20
87
107
62
84
34
93
59
36
98
137
13
22
60
125
38
77
45
122
131
25
128
116
140
2
13
102
74
4
97
8
144
111
72
75
85
43
78
103
58
65
44
144
10
52
55
17
21
108
94
82
77
40
4
43
84
131
68
13
137
129
100
36
121
134
57
94
120
90
45
123
19
112
58
29
1
80
130
76
64
46
113
131
95
52
135
65
48
31
46
136
126
11
93
7
41
93
98
26
68
34
98
114
144
91
45
79
97
6
27
127
95
83
125
78
50
144
109
39
10
3
47
130
115
110
118
63
96
73
86
49
18
132
9
56
53
105
140
21
40
85
142
43
99
122
2
3
8
15
101
99
122
19
80
4
102
12
69
13
129
15
109
126
47
48
76
64
84
49
117
37
38
102
89
51
112
54
69
50
104
108
73
22
125
128
10
22
92
75
141
5
116
88
119
92
143
1
77
61
42
103
107
121
2
31
30
27
133
6
114
62
107
26
60
72
97
87
137
5
23
20
90
67
141
83
87
65
53
143
105
30
8
20
56
51
81
140
119
117
89
14
132
44
135
36
59
60
88
127
29
44
136
17
66
70
16
67
128
103
74
120
63
59
81
70
9
106
16
104
78
111
113
55
18
86
61
111
62
23
116
42
82
138
34
124
138
28
118
33
75
54
32
28
85
74
32
124
25
37
41
7
24
39
38
139
79
142
24
12
25
33
35
58
11
106
134
14
110
123
100
91
133
115
139
35
57
71
101
72
66
96
71
1
2
3
15
16
4
5
17
29
30
42
54
66
67
68
80
92
104
103
102
101
100
99
87
88
76
77
65
53
52
51
63
64
76
75
74
62
61
73
85
97
98
110
122
121
133
134
135
123
111
112
124
136
137
138
139
127
128
129
130
118
117
105
106
107
95
83
84
96
108
120
119
131
143
142
141
140
139
138
126
114
113
125
137
136
135
123
124
125
126
114
115
116
117
118
106
94
93
81
82
70
71
72
60
59
47
48
36
24
12
11
10
9
21
33
32
20
19
18
6
7
8
9
10
22
23
35
34
46
45
44
43
55
56
57
69
70
58
57
56
44
32
31
43
55
67
79
78
90
89
77
78
66
54
42
41
40
28
27
39
38
50
49
37
25
26
14
13
25
37
38
26
27
15
14
13
1
2
3
4
5
17
16
28
40
39
51
52
64
65
53
41
29
30
31
19
18
6
7
8
20
21
22
34
33
45
46
58
59
47
35
23
11
12
24
36
48
60
72
71
83
84
96
95
107
108
120
119
131
132
144
132
144
143
142
130
129
141
140
128
127
115
116
104
105
93
94
82
81
69
68
80
79
91
92
91
103
102
90
89
101
113
112
100
88
87
75
63
62
50
49
61
73
74
86
85
86
98
99
111
110
109
97
109
121
133
134
122
144
132
120
119
107
108
96
95
94
82
81
80
79
67
55
54
53
52
64
76
88
100
112
113
101
102
90
91
92
104
116
115
103
102
114
126
127
139
138
137
136
124
123
122
134
133
121
109
110
111
99
98
97
85
73
61
62
50
38
26
27
39
40
28
16
17
18
6
5
4
3
15
14
13
25
37
49
61
73
74
75
87
86
85
97
109
110
98
86
74
75
63
51
39
27
28
29
41
42
30
31
19
7
8
20
21
9
10
11
12
24
36
48
47
46
58
59
71
83
84
72
60
48
36
35
23
22
34
33
45
57
69
68
56
44
43
31
32
44
56
57
58
70
69
68
67
66
78
77
89
90
78
79
80
81
93
105
106
118
117
129
128
140
141
142
130
131
143
142
141
129
130
118
119
131
143
144
132
120
108
96
95
107
106
105
117
116
104
103
91
92
93
94
82
70
71
83
84
72
60
59
47
35
34
46
45
33
32
20
21
22
23
24
12
11
10
9
8
7
19
18
6
5
17
16
4
3
15
14
2
1
2
1
13
25
26
38
37
49
50
62
63
51
52
40
41
29
30
42
43
55
54
66
65
53
65
64
76
77
89
88
87
99
100
101
113
114
115
127
128
140
139
138
126
125
137
125
124
112
111
123
135
136
135
134
133
121
122
40
31
98
133
74
124
121
24
49
113
102
14
29
131
74
57
70
29
44
63
137
34
37
45
4
54
59
85
88
56
97
1
33
20
83
94
41
15
48
89
116
93
87
78
55
17
132
60
19
134
42
101
138
122
36
108
82
45
75
95
66
110
19
91
107
61
47
60
118
109
92
9
47
27
120
106
79
115
67
123
16
35
6
39
50
112
39
15
42
25
110
27
111
72
57
83
59
71
133
31
136
4
77
134
10
128
8
100
53
130
93
109
23
69
143
55
43
78
46
89
99
37
117
26
125
5
91
6
81
118
46
23
141
52
58
12
105
138
130
44
41
18
80
58
56
111
117
129
121
28
88
80
99
113
52
2
25
30
13
53
73
26
35
107
67
33
7
139
108
54
2
114
17
50
18
86
96
9
128
123
62
124
14
142
34
95
119
73
49
144
135
139
71
126
69
127
97
119
81
90
129
5
12
103
115
98
127
68
51
16
66
13
116
104
131
43
28
96
100
103
3
22
38
120
76
3
68
125
94
140
86
92
64
79
65
101
22
11
7
20
32
21
85
11
141
1
143
90
8
144
126
48
84
114
38
136
76
137
21
84
65
64
63
62
75
140
122
10
132
70
82
87
30
104
102
72
142
105
32
24
40
36
106
77
61
135
51
112
95
140
101
67
39
69
82
23
19
54
95
44
63
55
14
110
2
130
51
110
105
68
80
64
131
77
100
138
128
51
104
121
20
6
77
89
40
127
135
144
37
58
64
84
13
124
18
28
73
41
36
66
73
119
46
59
76
27
131
43
36
132
55
141
62
136
86
143
134
19
54
88
5
1
108
57
71
99
47
138
97
78
86
124
78
27
52
74
9
116
3
49
96
72
103
3
118
129
42
15
33
115
2
134
50
142
137
98
102
18
7
28
87
70
71
6
128
22
93
126
109
48
89
113
140
32
12
39
14
34
85
38
75
8
45
114
44
16
101
20
25
57
42
133
56
17
106
35
4
123
123
98
72
85
5
125
126
81
24
122
43
17
70
33
10
79
141
40
56
99
117
116
26
24
96
76
21
29
107
9
112
82
53
143
133
69
61
46
121
81
127
52
37
135
119
144
66
90
125
90
114
106
31
29
31
94
1
111
58
130
132
11
22
79
26
91
120
105
68
112
117
41
16
94
136
13
129
118
32
65
137
12
4
25
87
65
104
23
21
83
30
45
142
102
62
38
63
139
30
59
93
61
47
53
92
88
120
108
50
49
80
60
92
7
111
103
84
109
48
34
35
115
100
122
15
11
107
91
67
139
75
74
8
83
97
60
10
113
133
121
109
97
85
86
87
75
74
73
61
62
63
64
65
77
76
88
100
99
98
110
122
134
135
123
111
112
113
125
137
136
124
112
113
114
115
103
102
101
89
90
91
79
78
66
67
55
43
44
45
57
56
68
69
70
58
59
71
72
60
48
36
35
47
46
34
33
21
9
10
11
23
22
10
9
8
20
32
31
19
18
17
16
4
5
6
7
8
20
21
33
32
44
45
46
58
70
82
83
84
96
108
107
95
94
106
105
104
92
80
81
93
105
117
116
128
127
126
138
139
140
141
129
130
142
143
131
132
120
119
118
117
116
104
103
102
101
100
88
87
75
76
64
52
40
28
29
30
42
54
53
41
29
28
27
39
51
50
38
37
25
26
14
13
1
2
3
15
27
39
38
26
25
13
1
2
14
15
3
4
16
17
5
6
7
19
18
30
31
43
55
56
57
69
68
80
92
91
79
67
66
78
90
89
77
65
53
54
42
41
40
52
51
63
62
50
49
37
49
61
73
74
86
85
97
109
110
98
99
111
123
122
121
133
134
135
136
124
125
137
138
126
114
115
127
139
140
128
129
141
142
130
131
119
118
106
107
95
94
93
81
82
83
71
59
47
35
34
22
23
24
12
11
12
24
36
48
60
72
84
96
108
120
132
144
143
144
1
2
3
4
5
17
29
30
18
6
7
19
31
43
55
54
42
41
40
28
16
15
14
13
25
26
27
39
51
50
49
37
38
39
51
63
75
76
64
52
53
65
77
78
66
67
79
80
81
93
105
104
92
91
103
115
116
128
127
139
140
141
142
130
129
117
118
106
107
108
120
132
131
119
120
108
96
95
94
82
83
71
59
47
48
60
72
84
96
95
107
106
94
93
105
117
116
115
114
126
138
137
136
124
125
113
112
100
88
89
90
102
101
100
99
87
86
74
62
61
73
85
97
98
110
109
121
122
134
135
123
111
99
87
88
76
64
52
40
41
29
30
42
43
44
45
46
58
70
69
68
56
57
58
46
34
33
32
20
21
9
10
22
23
11
12
24
36
35
34
33
21
22
10
11
12
24
23
35
36
48
47
59
60
72
84
83
71
70
82
81
80
92
104
103
91
90
89
77
78
79
67
66
65
53
54
55
56
68
69
57
45
44
32
31
19
20
8
9
8
7
6
18
17
5
4
3
15
16
28
27
26
14
2
1
13
25
37
38
50
49
61
62
63
75
74
73
85
86
98
97
109
110
122
123
111
112
124
125
113
101
102
114
126
127
128
129
130
118
119
131
143
144
132
144
143
142
141
140
139
138
137
136
135
134
133
121
133
