##Rat 3 Day 43
 ##rewards
127
116
38
##Vertices
144
143
142
130
131
119
120
132
144
143
142
141
140
139
138
137
136
135
123
111
110
109
97
85
73
61
49
50
38
37
25
26
14
2
3
4
16
15
27
39
51
63
62
74
75
76
64
52
53
54
42
43
55
67
66
65
77
78
79
91
103
104
116
128
129
117
118
106
94
95
96
108
107
106
105
93
81
69
68
80
92
93
105
104
92
80
79
91
90
89
88
87
86
98
99
100
101
102
114
113
112
124
125
126
127
115
114
113
101
100
88
87
75
76
64
52
40
41
29
28
27
39
40
41
42
30
31
32
44
56
57
45
46
34
33
21
22
23
35
47
48
36
24
12
11
10
9
8
20
19
18
17
5
6
7
8
9
21
33
34
46
58
59
60
72
84
83
71
70
82
94
95
107
119
118
117
116
115
103
102
90
89
77
78
66
67
68
69
81
82
83
71
70
58
59
47
35
23
22
10
11
12
24
36
48
60
72
84
96
108
120
132
131
130
129
141
140
128
127
139
138
126
125
137
136
135
123
124
112
111
99
98
110
122
121
122
134
133
134
133
121
109
97
85
86
74
73
61
62
63
51
50
49
37
38
26
25
13
1
2
1
13
14
15
3
4
16
28
29
30
18
17
5
6
7
19
20
32
31
43
44
45
57
56
55
54
53
65
1
2
3
4
5
17
16
28
27
39
40
41
42
43
31
32
44
56
55
67
68
80
81
69
70
82
83
84
72
60
59
71
70
58
57
45
33
21
20
8
9
10
11
12
24
23
35
36
48
47
46
34
22
10
9
8
7
19
18
30
29
28
27
15
14
26
25
37
49
61
62
63
51
52
53
65
66
54
55
56
57
58
46
45
44
43
42
41
40
39
38
50
49
61
73
74
75
76
77
89
101
113
112
100
99
98
97
109
121
122
123
111
110
109
97
85
86
87
88
100
112
124
136
137
138
126
114
102
90
91
92
93
94
95
96
108
120
132
144
143
142
141
129
128
140
139
127
115
103
104
105
117
116
104
105
106
118
130
131
119
107
106
118
117
116
115
103
91
79
78
90
89
77
78
79
80
92
93
94
82
81
69
68
67
66
54
53
52
51
50
62
63
64
65
64
76
88
87
75
74
73
85
86
98
99
111
110
122
123
135
134
133
121
133
134
135
136
137
125
124
125
113
101
102
114
126
138
139
127
128
140
141
129
130
142
143
144
132
131
119
120
108
107
95
96
84
83
71
72
60
59
47
48
36
24
12
11
23
35
34
22
21
33
32
20
19
31
30
29
17
18
6
7
6
5
4
16
15
3
2
14
26
38
37
25
13
1
13
84
12
36
101
114
50
54
73
91
28
87
34
137
70
75
78
56
20
92
44
1
72
6
37
99
125
81
62
10
47
129
3
106
102
77
138
124
57
119
16
9
103
39
11
72
110
97
38
80
78
28
134
61
60
3
31
122
107
56
76
85
4
116
13
115
64
33
52
107
2
127
83
119
73
45
26
40
24
131
136
54
6
98
100
102
103
142
35
42
48
4
82
134
136
45
62
17
98
49
11
26
94
47
120
30
33
92
15
140
79
36
63
77
66
83
8
89
52
32
116
35
126
25
130
19
63
75
69
15
115
20
105
5
74
22
112
123
30
12
118
139
16
139
50
90
100
58
44
76
53
93
38
49
1
120
19
81
39
74
95
118
14
129
14
121
104
61
82
53
97
60
68
21
22
51
58
144
84
132
48
109
65
23
93
114
41
101
40
91
34
71
67
140
94
9
5
23
65
105
117
121
37
17
43
43
27
51
123
29
127
68
31
113
88
66
71
24
87
8
67
27
122
86
59
69
46
124
57
113
126
96
137
32
86
95
132
128
55
111
109
64
59
2
7
13
135
131
106
110
112
143
21
89
29
117
42
111
99
135
80
108
10
46
138
144
25
85
104
18
70
125
128
55
18
141
143
133
90
141
41
88
133
142
108
96
7
79
130
81
45
138
23
46
71
30
27
135
61
82
12
31
74
8
41
112
91
10
139
1
87
141
1
7
94
29
112
46
108
37
14
116
117
17
119
9
139
55
79
134
28
48
44
40
18
36
15
68
45
131
25
76
7
131
60
76
96
144
120
94
113
68
56
57
18
104
8
132
107
88
73
115
59
35
65
97
20
63
110
143
136
128
23
50
43
101
140
119
105
63
111
85
67
69
132
51
122
5
107
53
71
21
82
97
83
98
121
95
32
15
83
116
62
16
84
34
38
70
47
57
100
42
48
6
31
108
54
10
142
34
143
74
79
134
127
118
21
89
140
47
54
64
102
70
11
113
24
96
52
135
99
90
3
19
22
30
28
101
105
4
50
35
66
20
66
92
114
130
5
142
37
133
51
3
128
52
38
87
2
58
16
72
42
118
129
56
78
106
123
123
67
25
93
14
33
81
40
59
36
6
27
144
89
77
26
106
17
39
22
39
137
9
62
64
136
103
33
124
95
111
137
126
61
92
75
49
80
133
141
77
29
120
24
98
102
130
60
88
125
109
129
80
4
53
85
91
58
115
117
121
127
122
103
32
65
86
41
43
19
12
100
72
73
11
13
26
13
78
124
125
86
104
55
138
110
2
126
114
69
75
99
44
90
49
109
84
93
12
11
23
35
34
22
10
9
8
20
19
7
6
18
30
29
17
5
4
16
28
27
26
14
15
3
2
1
13
25
37
49
50
62
63
51
52
40
41
42
54
55
67
68
56
44
43
31
32
33
45
46
47
59
60
48
36
24
12
11
10
22
21
33
45
57
58
70
69
81
82
83
95
96
84
72
71
70
82
94
93
105
106
118
130
131
119
107
108
120
132
144
143
142
141
129
128
140
139
138
137
125
126
127
115
114
102
101
100
99
111
123
135
136
124
112
113
114
115
116
117
105
104
103
91
92
80
79
78
66
65
64
76
77
89
90
102
101
113
112
111
110
122
134
133
121
109
97
85
73
61
49
37
38
39
40
28
29
41
53
52
64
63
75
74
86
87
88
100
99
98
86
98
110
122
134
133
121
109
97
85
73
61
62
74
75
87
88
76
77
89
90
78
79
91
103
104
92
80
68
69
81
93
94
106
118
117
116
128
127
126
125
124
123
135
136
137
138
139
140
141
129
130
142
143
144
132
131
119
120
108
107
95
96
84
83
71
72
60
59
47
48
36
24
23
35
34
46
58
57
56
55
67
66
65
53
54
42
30
18
19
31
43
44
32
20
21
9
8
7
6
5
17
16
4
3
15
14
2
1
13
25
26
27
39
51
50
38
133
134
122
110
111
123
135
136
137
125
126
138
139
127
115
116
128
140
141
129
117
118
119
131
130
142
143
144
132
120
108
96
95
83
82
94
93
105
104
103
91
90
78
77
89
101
102
114
113
112
100
99
98
86
85
97
109
121
133
134
135
123
124
112
100
88
87
75
76
64
63
62
50
49
61
73
74
75
63
51
52
40
39
27
15
14
26
38
37
25
13
1
2
3
4
16
17
5
6
7
8
20
19
18
30
31
43
44
45
46
34
22
10
9
21
33
32
31
30
29
28
40
41
42
54
53
65
66
67
79
80
81
69
68
56
55
43
44
32
33
34
35
23
11
12
24
36
48
60
72
84
96
108
107
106
105
117
116
104
92
93
81
82
70
71
59
58
57
45
46
47
59
47
35
23
11
12
24
36
48
60
72
84
83
71
70
58
57
69
68
56
55
67
66
54
42
41
53
65
77
76
64
52
51
39
27
28
29
17
18
19
20
21
22
10
9
8
7
6
5
4
16
15
3
2
1
13
14
26
25
37
38
50
49
61
62
74
73
85
86
98
97
109
121
122
110
111
99
87
88
89
90
78
79
80
92
91
103
115
127
126
114
102
101
113
125
124
136
137
138
139
140
128
129
141
142
130
131
143
144
132
120
119
118
106
94
95
107
36
33
11
45
43
55
127
30
39
138
120
82
110
78
13
103
109
89
96
117
137
144
85
136
4
91
82
74
67
87
75
90
2
15
121
22
39
70
66
44
9
54
131
114
27
127
108
44
52
73
112
119
41
129
1
92
119
68
50
1
94
131
89
112
76
4
32
100
35
88
12
87
107
40
61
73
12
88
142
33
107
81
99
143
24
56
97
36
116
135
72
46
105
69
93
126
134
66
25
95
74
57
95
99
70
80
86
68
63
117
15
138
5
58
42
60
132
38
124
81
93
18
118
62
10
64
60
108
104
16
84
27
64
101
46
86
14
141
113
77
75
128
129
144
20
28
48
8
20
109
62
76
122
120
114
106
104
42
19
24
51
32
85
58
21
14
83
41
35
115
135
133
63
3
51
61
40
37
140
34
139
3
26
140
48
55
28
92
37
133
118
102
69
31
49
111
90
125
132
10
18
71
2
128
98
97
123
106
23
17
7
111
26
29
50
17
143
21
77
136
105
78
100
59
43
116
65
34
98
79
29
7
31
103
54
121
11
80
137
22
67
101
59
56
38
125
130
13
113
5
94
126
30
102
49
79
83
53
122
139
57
47
47
53
23
91
84
52
142
9
25
96
110
115
6
134
130
123
6
141
65
8
16
45
124
19
72
71
13
23
38
84
88
110
41
113
74
7
107
140
73
130
49
99
124
100
80
33
50
77
121
85
42
13
47
27
6
28
21
122
34
109
62
122
115
23
5
67
115
63
18
144
96
2
124
34
62
131
66
44
114
56
46
75
117
135
71
90
96
31
83
69
141
120
90
68
134
6
58
88
129
28
78
83
16
136
89
126
30
114
56
11
54
69
121
85
97
105
87
8
141
100
11
137
94
45
112
72
21
60
79
25
54
113
61
138
15
123
59
142
93
104
91
10
139
45
105
38
78
128
27
46
52
120
81
95
81
82
67
98
1
77
16
44
14
35
47
57
109
139
143
40
9
12
24
51
136
37
65
104
93
106
22
57
117
86
101
36
29
127
51
131
65
119
103
107
111
4
130
53
119
39
63
3
80
92
101
72
26
74
15
133
29
50
108
76
84
89
1
76
42
43
43
41
9
128
55
111
58
110
102
18
94
19
70
137
86
31
108
32
133
17
97
64
71
125
126
118
7
127
138
52
68
19
116
39
49
70
118
106
36
26
8
20
95
40
14
25
35
33
48
135
55
3
2
125
12
98
134
129
79
91
143
5
37
48
4
60
102
73
99
140
112
75
30
66
144
53
82
61
103
24
123
132
64
20
32
22
92
17
142
116
59
132
10
87
1
13
25
37
38
50
49
61
73
85
97
109
121
133
134
122
123
135
136
124
112
100
101
89
88
76
75
63
64
65
66
54
42
43
31
30
29
17
16
28
27
15
14
2
3
4
5
6
7
8
20
21
9
10
11
12
24
36
48
47
35
23
22
34
46
45
57
56
68
80
81
69
70
58
59
71
83
95
107
108
96
84
72
60
48
36
35
34
33
32
44
45
33
32
31
19
18
30
42
41
40
52
53
65
77
78
90
91
79
67
55
54
53
41
29
28
40
39
51
52
64
63
62
74
86
87
99
98
110
111
112
113
125
137
138
126
127
139
140
128
129
141
142
130
131
143
144
132
120
119
118
106
94
93
105
104
103
102
114
115
116
117
118
106
105
93
92
104
103
102
101
113
125
137
138
139
127
126
114
115
116
117
129
128
140
141
142
130
131
143
144
132
120
119
107
108
96
95
94
82
81
82
70
71
83
84
72
60
59
47
46
58
57
69
68
56
44
43
55
67
66
78
79
80
92
91
90
89
77
76
75
74
62
50
51
39
27
26
38
26
14
15
16
17
18
19
20
21
22
23
24
12
11
10
9
8
7
6
5
4
3
2
1
13
25
37
49
61
73
85
86
98
97
109
110
122
121
133
134
135
136
124
123
111
99
100
88
87
144
132
120
108
96
95
107
106
118
117
105
93
81
69
70
58
57
56
68
67
55
54
42
43
31
30
18
6
7
8
20
19
31
32
44
45
46
47
59
60
48
36
24
12
11
23
22
10
9
21
33
34
35
36
48
60
72
71
83
82
94
106
118
119
131
130
142
141
140
139
127
115
116
104
92
91
79
80
68
56
44
32
33
45
57
69
81
93
105
117
129
128
140
139
138
126
114
102
90
89
88
87
99
100
112
124
136
135
134
122
110
111
123
135
136
137
125
113
101
100
99
98
97
85
73
74
75
76
77
65
53
41
29
17
5
4
3
2
1
13
25
37
38
50
49
61
62
63
64
52
40
39
51
52
40
28
27
26
14
15
16
28
27
39
51
63
64
65
66
78
77
89
90
78
66
54
53
41
29
30
42
43
55
67
79
80
92
104
116
128
127
115
103
91
103
102
101
113
114
126
138
137
125
124
112
111
123
122
110
109
121
133
134
133
121
109
97
85
86
98
86
87
88
76
75
74
73
61
62
50
49
37
38
26
25
13
1
2
14
15
3
4
16
17
5
6
18
19
7
8
20
21
9
10
11
12
24
23
22
34
35
47
46
58
59
71
70
82
94
95
83
84
72
84
96
108
107
119
120
132
131
130
129
141
142
143
144
143
101
17
53
2
85
65
52
13
8
40
139
40
36
80
13
143
78
139
21
99
123
142
129
119
105
55
75
62
121
30
51
56
74
7
102
108
36
33
50
97
34
105
77
43
37
135
46
39
133
116
138
98
16
10
44
64
22
32
80
59
72
106
110
6
91
93
126
45
128
77
49
20
76
15
46
84
131
116
29
11
73
73
25
22
96
87
89
114
67
52
18
7
122
119
44
92
94
97
51
11
110
79
28
27
63
141
109
86
134
133
107
29
120
118
24
34
131
82
50
108
25
90
3
124
4
111
71
90
141
39
112
26
138
113
81
136
68
81
66
117
24
144
104
33
100
95
129
83
14
55
8
37
134
69
1
42
125
23
9
54
130
3
35
62
41
91
132
107
57
99
136
53
103
47
48
59
88
122
121
12
26
140
94
49
31
17
83
42
96
61
32
5
56
84
16
18
14
85
137
125
21
117
70
15
95
38
60
76
111
45
135
106
6
61
65
10
112
132
58
74
118
115
137
69
70
113
120
92
100
104
123
79
89
144
143
19
87
127
41
19
12
68
27
60
66
64
38
98
82
23
72
128
75
101
71
114
47
5
28
93
140
109
48
9
67
102
127
124
63
4
142
43
2
86
30
20
58
130
126
35
54
103
78
1
57
31
115
88
108
69
48
35
93
2
58
77
117
98
125
129
98
136
25
136
104
64
33
112
66
19
140
61
124
28
132
92
23
62
53
9
119
110
23
34
122
61
52
36
81
56
16
46
101
53
66
125
42
68
43
79
133
18
87
42
73
72
91
122
121
56
17
31
126
70
60
120
103
96
78
37
45
128
82
141
49
24
100
62
84
49
69
93
88
29
43
134
4
74
14
12
63
29
80
127
80
135
52
27
7
110
78
118
127
27
8
101
32
113
70
75
3
1
132
67
11
65
144
131
76
91
58
82
83
8
87
59
3
130
34
41
38
7
107
20
65
15
13
74
47
59
119
106
67
135
39
123
103
111
40
5
84
51
97
137
54
31
38
96
106
117
11
4
105
139
71
26
94
99
13
12
76
33
24
143
137
121
114
21
134
116
130
90
17
105
102
16
131
126
1
115
97
68
54
15
83
18
90
133
128
95
116
46
144
44
5
48
45
92
118
100
124
57
139
86
138
50
73
109
120
41
123
51
10
75
44
109
81
35
10
30
129
111
28
89
114
108
143
9
32
21
112
25
86
140
40
14
138
60
6
89
39
57
85
36
85
107
104
19
50
72
47
88
77
142
2
71
26
63
94
113
95
37
30
20
55
79
64
6
55
22
141
115
22
142
102
99
