##Rat 5 Day 34
 ##rewards
74
87
21
##Vertices
116
59
70
24
132
118
102
44
124
111
80
132
104
78
21
16
28
32
46
113
58
61
137
138
37
19
81
69
105
106
27
78
65
111
30
23
53
82
108
12
54
1
56
23
3
51
31
89
138
134
39
26
128
131
92
43
100
9
81
114
86
98
24
115
6
5
10
6
83
96
42
103
35
25
55
105
140
99
62
57
2
114
117
85
119
72
29
123
22
53
71
103
58
40
84
116
142
141
129
77
52
88
73
61
99
57
88
41
56
122
68
60
101
142
92
82
8
130
144
16
120
124
36
80
8
15
51
11
49
143
126
90
19
106
43
122
73
128
83
49
14
125
47
68
127
117
74
71
127
79
18
5
2
45
121
95
63
54
64
21
144
27
72
91
1
34
11
133
7
93
95
76
102
18
93
64
135
87
52
7
97
33
26
33
45
129
91
115
107
69
70
3
125
75
141
76
110
109
4
30
28
42
66
119
134
34
86
97
107
112
50
62
108
79
20
90
31
131
139
126
112
94
77
15
63
40
20
140
136
118
17
44
13
67
17
135
130
121
60
120
41
100
75
50
133
84
25
139
74
13
89
48
66
59
46
29
137
9
38
4
37
113
85
10
104
55
48
22
98
35
101
65
12
123
38
67
87
32
110
14
96
94
109
39
36
47
143
136
12
107
127
30
142
3
94
62
47
59
78
74
7
80
88
105
76
51
13
54
144
140
97
102
12
101
24
99
85
22
67
41
99
125
121
88
135
2
36
119
44
23
9
15
126
43
124
66
75
7
35
81
132
73
22
118
110
39
100
83
57
82
74
3
61
19
70
16
93
40
133
113
53
16
121
79
141
25
98
18
113
92
133
27
91
96
32
136
60
85
138
58
73
6
84
135
25
123
118
4
59
128
38
9
101
64
39
119
31
13
111
106
140
56
49
132
53
130
96
137
55
103
95
69
71
37
77
102
52
57
105
18
89
114
50
26
78
98
26
65
94
72
31
75
52
33
91
5
122
69
64
68
34
20
87
123
131
82
55
70
58
60
81
107
49
122
43
139
54
23
131
15
141
95
142
17
89
117
143
100
79
32
92
84
45
42
29
68
126
143
42
110
67
108
6
93
115
34
137
1
46
14
48
90
138
11
129
41
124
2
112
77
127
90
21
24
56
109
36
28
30
17
47
129
116
8
134
63
1
112
38
11
120
104
134
87
61
21
120
106
44
80
125
103
117
128
5
144
14
45
83
111
50
51
65
116
108
63
8
136
62
66
37
33
27
114
97
40
139
72
10
19
20
115
130
46
86
28
35
48
76
86
29
10
71
4
104
109
1
2
14
26
38
37
25
13
1
2
3
4
5
17
29
41
42
30
31
43
55
54
53
65
66
67
79
80
68
69
81
93
94
82
70
71
83
84
96
95
107
108
120
119
118
106
105
117
129
130
131
132
144
143
142
141
140
139
127
126
114
113
125
124
123
122
121
133
134
135
136
137
138
139
140
128
116
115
103
102
90
91
92
104
103
91
79
78
77
76
88
87
86
98
99
100
112
111
110
109
97
85
73
61
62
74
75
63
64
52
40
28
16
15
27
39
51
50
49
61
73
85
97
98
86
74
75
87
99
100
101
89
88
76
64
52
40
41
29
30
18
6
7
19
20
8
9
21
22
10
11
23
24
36
35
34
33
45
57
56
44
32
33
34
46
47
48
60
72
84
96
108
107
106
118
130
131
119
120
132
144
143
142
141
129
117
116
128
127
115
114
126
138
137
125
124
136
135
134
133
121
109
110
122
123
111
112
113
101
102
90
89
77
78
66
65
53
54
42
43
44
45
57
56
55
67
68
80
92
104
105
93
94
95
83
82
81
69
70
58
46
58
59
71
72
60
59
47
48
36
35
23
22
21
20
32
31
19
18
17
16
28
27
39
51
63
62
50
49
37
38
26
25
13
14
15
3
4
5
6
7
8
9
10
11
12
24
12
144
132
131
130
129
141
142
143
144
132
120
108
96
95
94
93
81
82
70
69
68
80
92
91
79
67
66
54
55
43
42
41
29
30
31
19
18
6
5
17
16
4
3
15
27
28
40
39
38
26
14
2
1
13
25
37
49
61
62
74
75
87
86
98
110
122
134
133
121
109
97
85
73
61
49
50
51
63
64
76
77
65
53
52
64
65
66
78
90
102
101
113
125
124
112
100
99
111
123
135
136
137
138
139
127
126
114
115
103
104
105
106
107
119
118
117
116
128
140
139
138
137
136
124
125
126
114
113
112
100
88
89
101
102
103
104
105
93
94
82
83
84
72
71
59
60
48
47
35
36
24
23
11
10
22
34
46
45
44
56
57
58
46
34
33
21
9
8
7
6
5
4
16
28
27
26
14
15
3
2
1
13
25
37
38
39
51
50
62
63
75
74
73
85
86
98
97
109
121
133
134
135
123
122
110
111
99
87
88
76
77
89
90
78
79
91
92
80
81
69
57
45
44
56
68
67
55
54
53
52
40
41
29
17
18
30
42
43
31
32
33
32
20
19
7
8
20
21
9
10
22
23
35
47
59
58
70
71
83
95
107
106
118
117
116
115
127
128
140
141
129
130
142
143
131
119
120
108
96
84
72
60
48
36
24
12
11
12
133
139
25
129
69
112
33
75
80
47
60
51
11
132
5
41
108
22
86
105
59
13
121
107
65
15
115
69
112
63
116
118
54
85
79
16
89
53
19
124
110
118
128
111
115
82
116
94
18
88
54
13
26
98
78
95
53
97
127
56
91
120
120
38
128
99
64
37
77
35
43
73
104
121
29
107
46
100
127
73
47
122
16
61
141
30
130
32
64
20
90
91
93
129
55
15
125
70
137
136
98
86
23
57
84
136
62
80
79
124
113
142
48
9
14
71
76
27
9
109
75
52
65
123
119
142
8
81
102
134
43
110
68
6
39
3
125
140
46
85
134
68
99
1
50
143
87
7
143
109
2
132
78
89
72
11
126
5
44
31
61
81
119
38
63
106
12
44
31
117
140
42
14
84
92
87
48
17
32
4
3
66
83
67
111
117
77
106
66
138
7
56
103
22
108
71
52
114
29
6
24
113
74
72
39
34
26
18
74
139
105
76
4
49
114
93
138
12
45
36
23
123
88
135
58
28
42
122
60
49
82
97
37
51
94
27
21
19
33
130
40
10
101
103
144
144
1
36
92
35
104
83
102
58
8
62
10
57
28
137
70
34
96
17
95
30
41
55
59
20
131
50
24
45
25
21
135
2
90
100
133
126
40
131
96
101
67
141
105
66
140
65
141
130
28
79
118
1
40
50
20
10
71
89
5
9
70
108
30
30
47
75
74
110
1
3
102
76
115
25
23
49
7
60
63
129
19
125
3
91
8
6
124
20
65
120
77
137
11
123
86
103
64
83
23
48
105
16
78
115
111
87
132
21
56
35
74
39
73
38
37
110
84
140
5
12
49
121
57
109
129
83
4
122
137
143
50
113
134
12
107
122
138
139
77
11
101
96
135
119
100
134
32
142
81
69
141
61
9
48
125
28
85
42
69
113
80
13
88
52
17
126
56
38
131
53
8
52
64
22
36
15
93
43
31
82
81
117
46
135
133
100
106
22
41
26
40
2
91
97
37
55
102
96
112
59
32
114
86
98
82
136
45
24
25
87
44
34
19
92
117
95
2
29
133
39
41
139
99
51
58
18
143
144
144
43
72
99
47
97
33
6
4
67
114
73
70
95
120
62
59
94
62
36
84
104
61
68
44
123
128
136
18
78
79
66
31
104
27
124
35
90
80
54
88
57
67
71
54
89
10
130
34
60
93
42
132
94
53
111
119
27
116
128
72
76
142
109
127
116
63
16
7
126
13
55
24
103
121
138
107
131
14
17
68
14
51
85
45
118
15
46
75
106
101
108
92
98
90
21
26
112
127
29
58
33
133
134
122
110
109
121
133
134
135
123
124
125
113
101
102
90
78
79
80
81
82
94
93
105
106
107
95
96
84
83
71
72
60
59
47
46
34
35
36
48
60
72
84
96
108
120
119
131
132
144
143
142
130
118
117
129
141
140
139
127
115
114
126
138
137
136
135
123
111
112
100
88
76
64
52
53
54
66
65
77
89
88
87
99
98
97
85
73
74
62
61
49
50
38
26
25
37
49
61
73
85
86
74
75
63
51
39
40
41
42
30
18
17
5
6
7
8
20
32
33
21
9
10
11
23
22
34
33
45
44
56
55
43
31
19
7
6
5
4
16
15
14
13
1
2
3
4
16
28
29
41
42
54
53
65
77
89
90
91
92
104
116
128
140
141
129
117
105
93
81
69
68
67
66
78
79
67
55
43
44
32
31
30
29
17
18
19
20
8
9
21
22
10
11
12
24
12
24
23
35
36
48
47
46
58
59
71
83
95
107
108
120
119
131
132
144
143
142
130
118
106
94
82
70
58
70
69
57
45
57
56
68
80
92
91
103
102
101
113
114
115
103
104
116
128
127
139
138
126
125
137
136
124
112
100
99
111
110
122
121
109
97
98
86
87
75
76
64
63
51
52
40
28
27
39
27
26
14
15
3
2
1
13
25
37
38
50
62
12
24
23
22
10
11
12
24
36
35
47
59
58
57
69
68
67
79
91
103
115
116
104
105
117
129
128
140
139
127
126
138
137
125
124
112
111
123
135
136
137
138
139
140
141
142
130
131
143
144
132
120
119
118
106
107
108
96
84
83
82
70
71
72
60
48
36
35
34
46
45
44
43
42
41
53
65
66
54
55
56
44
32
33
21
9
8
7
19
18
6
5
17
16
15
3
4
5
6
7
8
20
19
31
30
29
28
40
52
64
63
62
50
49
61
73
85
86
87
99
98
97
109
121
122
110
111
99
100
88
89
77
76
75
74
73
61
49
37
38
26
14
2
1
13
25
37
38
39
51
52
64
65
53
54
55
56
68
80
92
93
94
95
96
108
107
106
105
104
103
102
90
78
66
67
79
78
77
76
88
87
75
63
51
50
62
74
86
85
97
98
110
109
121
133
134
133
134
122
123
135
136
124
112
113
125
126
127
128
129
141
142
130
131
143
144
132
120
119
118
117
116
115
114
113
114
102
101
100
101
89
90
91
92
80
81
69
57
58
70
82
81
93
94
95
83
84
72
71
59
60
48
47
46
45
33
34
22
23
11
10
9
21
20
32
31
43
42
30
29
41
40
39
27
28
27
15
14
26
25
13
1
2
3
4
16
17
18
95
59
6
65
62
3
68
25
136
70
115
5
60
122
32
66
94
26
17
60
92
144
81
12
21
28
15
95
27
4
8
108
109
119
83
73
36
129
56
58
106
128
116
78
115
13
43
40
21
61
91
110
126
143
76
117
123
71
80
22
144
26
19
50
133
125
49
79
74
94
88
16
14
104
124
8
127
11
80
99
66
86
28
103
125
30
108
44
74
129
32
25
116
59
64
132
7
17
131
112
72
138
130
37
35
31
53
4
123
45
58
37
46
96
38
50
2
114
118
46
42
72
120
91
35
106
20
55
84
41
109
64
99
33
92
43
69
121
100
88
71
12
53
52
132
101
70
124
23
47
18
76
140
56
55
143
122
63
31
141
107
29
61
138
24
111
135
89
139
112
41
130
7
24
105
30
75
104
141
78
48
85
119
51
81
102
49
40
121
90
34
3
63
29
20
48
128
82
98
97
135
126
134
87
65
97
10
96
62
1
67
19
139
5
33
102
93
44
86
57
2
39
120
83
84
10
75
142
11
137
27
73
77
127
16
79
69
38
82
39
22
6
90
57
87
93
134
45
47
111
9
105
54
13
140
42
113
77
36
34
67
98
1
9
18
14
85
133
107
23
101
117
52
114
68
113
103
54
110
51
131
142
136
137
15
100
89
118
73
104
138
109
106
75
106
97
58
125
93
29
66
23
83
115
120
36
100
134
44
133
105
96
130
96
112
22
64
99
70
142
76
5
59
7
135
14
58
8
143
84
75
90
37
71
3
38
61
122
23
116
40
16
19
9
5
45
22
15
59
108
41
27
97
136
38
49
80
136
130
95
103
124
72
110
49
52
27
2
110
80
79
36
135
121
118
86
46
47
52
81
56
56
41
129
102
125
30
53
88
29
118
85
20
112
9
71
128
107
34
32
19
64
77
42
137
76
133
34
73
93
55
87
63
117
67
25
78
113
139
21
35
12
62
107
28
43
131
120
31
77
83
81
13
10
1
116
24
128
65
88
123
66
35
30
131
92
69
60
48
43
4
134
70
132
140
137
14
139
54
50
32
63
4
127
87
54
109
141
115
85
55
17
26
82
67
89
121
98
144
57
42
25
39
91
111
74
74
124
18
33
20
51
101
117
122
15
100
108
123
11
61
33
84
48
7
119
90
82
119
89
127
140
12
68
104
8
37
113
65
132
143
11
2
99
62
45
39
144
6
16
6
69
138
72
114
142
91
103
94
13
44
24
60
57
101
3
95
98
17
126
50
21
53
105
94
126
141
78
129
92
102
46
68
31
1
79
18
47
10
26
40
114
111
86
51
28
144
143
142
141
140
128
129
130
131
132
120
119
118
106
105
104
92
91
103
102
101
113
114
126
138
137
125
124
136
135
134
122
110
98
97
85
86
87
88
89
77
76
64
65
66
67
55
54
42
43
44
56
57
69
68
80
79
78
90
89
88
100
112
111
123
135
136
137
138
139
127
115
116
117
105
93
94
82
81
93
94
95
96
108
107
106
118
117
116
104
103
102
101
100
99
87
75
63
62
50
38
37
25
26
27
39
51
52
53
41
40
28
29
17
16
4
3
15
14
2
1
13
25
37
49
61
73
74
75
76
64
52
53
41
40
28
29
30
31
19
18
6
7
8
9
21
20
32
33
34
35
47
59
58
46
45
57
58
70
71
72
60
48
36
24
12
11
23
22
10
9
21
22
10
11
12
24
23
35
36
48
47
46
34
33
45
44
56
55
43
31
32
20
8
7
19
18
30
42
54
66
65
77
78
90
91
92
80
79
67
68
69
81
82
70
71
59
60
72
84
83
95
83
84
96
108
107
119
120
132
144
143
131
130
142
141
129
128
140
139
127
115
114
126
125
124
123
122
134
133
121
133
121
109
110
109
97
85
73
61
49
50
38
26
14
13
1
2
3
4
5
6
5
17
16
15
27
39
51
63
62
74
86
98
99
111
112
113
133
134
122
110
109
97
85
73
61
49
37
25
26
38
39
40
52
53
41
29
30
18
6
7
8
20
21
9
10
22
23
11
12
24
36
48
47
46
45
57
56
44
32
33
34
35
36
48
60
59
58
70
69
68
67
55
43
42
54
66
65
64
76
75
63
51
50
62
74
86
87
88
100
112
113
125
137
138
126
127
139
140
128
129
141
142
143
131
119
120
108
96
84
72
71
83
95
107
106
105
104
103
115
116
117
118
130
142
141
140
139
138
137
136
135
123
124
112
111
99
98
97
85
86
87
75
76
77
78
79
91
90
102
114
126
127
128
129
130
118
117
116
115
103
104
92
93
94
82
81
80
68
67
66
65
64
52
40
28
27
15
14
2
3
4
16
17
5
6
7
19
18
17
5
4
16
15
3
2
1
13
1
13
14
26
25
37
49
61
73
74
62
63
51
50
38
39
27
28
29
41
53
54
42
30
31
19
20
8
9
21
33
32
31
43
55
56
44
45
46
34
22
10
11
12
24
23
35
47
59
60
72
84
83
71
70
58
57
69
81
82
94
95
96
108
120
132
144
143
144
132
131
119
107
106
105
93
92
80
79
91
90
78
77
89
101
100
99
98
110
111
123
122
121
109
121
133
134
135
136
124
125
113
114
102
101
89
88
