##Rat 7 Day 6
 ##rewards
62
51
129
##Vertices
104
42
70
124
123
87
65
54
25
3
45
121
116
10
132
21
138
108
36
40
134
130
75
88
102
94
114
60
130
116
114
68
69
49
57
133
39
16
66
39
135
132
23
9
35
15
13
71
41
38
31
9
2
89
28
2
33
1
78
6
81
102
29
112
136
77
129
72
34
83
104
37
10
44
78
6
37
94
131
134
5
38
29
20
124
27
103
71
59
140
22
55
105
85
14
81
50
24
80
123
100
33
58
109
112
95
17
4
62
141
44
84
19
111
36
139
45
20
118
12
5
110
90
55
126
97
65
43
113
106
16
137
63
56
140
90
144
26
32
120
59
58
86
26
21
68
19
64
54
47
84
99
11
96
61
89
69
63
136
66
4
35
92
7
115
28
100
27
108
47
31
77
8
127
131
51
99
53
125
8
34
139
144
17
18
40
46
62
120
125
142
96
82
73
48
76
86
15
92
115
101
75
76
126
82
41
103
110
143
30
30
143
60
51
135
98
25
50
64
74
122
56
121
80
48
117
52
11
79
22
52
53
42
72
88
73
46
142
24
18
74
138
1
117
3
128
113
93
91
101
119
85
128
107
127
109
95
141
67
106
49
70
129
13
111
83
23
14
118
67
133
43
105
12
98
61
137
119
87
7
97
32
122
79
57
91
93
107
53
27
14
121
7
73
115
26
35
50
129
138
101
12
139
62
71
67
10
90
1
24
82
74
39
76
7
14
98
124
82
138
48
103
141
118
64
37
10
45
68
67
93
22
102
59
27
38
55
117
113
84
129
34
34
71
56
2
20
81
137
89
21
33
52
87
114
44
61
125
122
102
31
63
88
79
30
16
100
137
91
23
13
53
37
127
46
144
46
58
86
47
63
8
43
77
97
108
36
32
126
128
78
122
29
55
106
85
40
23
142
114
143
97
92
112
134
65
111
85
28
142
109
4
17
132
104
100
139
112
9
38
15
49
64
19
25
89
65
117
113
51
35
69
15
141
87
119
48
94
115
8
33
54
61
126
68
95
121
91
116
104
107
6
9
96
56
78
75
103
92
128
70
57
79
84
120
47
136
109
26
123
132
42
96
80
74
1
70
57
106
123
83
13
6
11
143
16
66
86
94
99
118
133
116
32
111
77
69
39
90
72
41
18
2
25
110
19
136
50
3
127
41
125
44
88
134
28
29
135
131
144
73
62
130
80
3
105
31
83
18
120
119
124
42
108
99
59
22
54
98
81
11
110
21
95
140
43
51
105
130
72
133
135
60
17
30
40
4
131
12
5
5
93
45
101
20
52
76
36
49
60
140
107
58
66
24
75
1
13
14
15
27
28
29
41
53
52
51
63
62
61
49
50
38
37
25
26
27
39
40
28
16
4
5
6
18
19
7
8
20
32
33
21
22
23
35
36
48
47
59
60
72
71
83
82
70
69
81
93
94
95
107
108
120
119
118
106
105
117
116
128
129
141
140
139
127
115
103
102
114
126
138
137
125
124
136
135
123
122
110
109
121
133
134
135
136
137
138
139
140
141
142
130
131
143
144
132
120
108
96
84
72
60
48
36
24
12
11
10
9
8
7
6
5
17
18
30
31
43
44
45
46
34
35
47
59
58
57
56
55
54
42
43
55
67
79
78
66
65
64
76
77
89
101
113
112
100
88
87
86
85
97
98
99
111
123
124
125
126
127
128
116
104
92
91
90
78
77
89
88
87
75
74
86
85
73
61
73
74
62
63
75
76
64
65
66
67
79
91
90
102
101
100
99
98
97
109
121
133
134
122
110
111
112
113
114
115
103
104
105
117
129
130
142
143
144
132
131
119
118
106
107
95
96
84
83
71
70
69
81
82
94
93
92
80
68
80
68
56
44
32
33
45
57
58
46
34
22
23
24
12
11
10
9
21
20
19
31
30
29
41
42
54
53
52
40
39
51
50
49
37
38
26
25
13
1
2
14
15
3
2
3
4
16
17
133
134
122
110
111
99
87
88
89
101
113
114
126
138
137
125
124
136
135
123
111
112
100
99
98
97
85
73
74
62
61
49
50
51
39
38
26
14
15
3
4
16
17
5
6
18
19
31
30
42
43
44
32
20
21
9
10
22
34
33
45
46
58
59
47
48
60
72
71
70
69
81
82
83
84
96
95
107
108
120
119
131
130
142
143
144
132
120
108
96
84
72
60
48
36
35
23
24
12
11
10
9
8
7
6
5
4
3
2
1
13
25
37
49
61
73
85
86
74
75
63
64
52
40
28
27
15
16
17
29
41
53
65
77
76
64
65
66
67
79
78
90
102
103
91
92
93
94
106
105
104
116
128
140
141
129
117
118
119
107
95
83
71
59
58
57
56
68
80
79
91
92
104
116
115
127
128
140
139
138
139
127
126
114
115
103
102
90
78
66
67
68
80
81
93
105
117
129
141
142
143
144
132
131
130
118
106
94
82
70
69
57
45
46
47
35
36
24
12
11
23
22
34
33
21
20
8
7
19
18
30
42
43
31
32
44
56
55
54
55
54
53
52
51
39
40
41
29
28
27
26
14
2
1
13
25
37
38
50
62
63
75
87
88
76
77
89
101
100
112
113
125
137
136
124
123
135
134
133
121
122
110
109
121
109
97
98
86
82
93
124
84
43
9
50
66
18
37
83
76
29
20
41
113
69
81
48
138
11
75
127
131
48
143
65
61
106
82
123
117
135
5
9
68
103
107
14
96
91
44
28
47
74
97
51
47
74
30
71
99
75
42
35
77
136
131
134
54
88
114
119
34
141
17
88
39
63
122
130
24
22
133
87
107
59
56
44
64
28
122
25
102
79
85
4
129
55
13
58
108
46
81
83
45
2
100
94
109
110
128
10
76
60
90
62
132
125
25
16
38
71
31
37
86
91
17
26
3
1
111
106
49
89
31
51
139
20
8
118
61
21
24
1
46
58
125
12
27
67
119
80
64
11
102
29
57
112
54
66
6
108
98
73
86
97
19
115
40
77
140
143
49
121
13
53
98
39
7
140
109
144
114
90
70
3
10
85
57
38
34
15
142
7
4
89
70
21
87
69
68
137
113
132
101
14
59
40
121
116
100
126
52
36
84
144
137
78
117
55
18
45
99
36
41
27
130
6
15
23
105
95
78
92
141
8
30
93
92
12
104
52
56
94
104
32
123
120
135
111
142
42
120
16
112
128
95
80
105
126
2
103
110
139
133
22
129
138
127
50
32
79
72
33
115
118
26
19
62
73
60
67
134
23
116
63
124
53
33
96
65
43
72
101
35
136
5
57
43
83
113
87
56
88
40
138
106
37
117
137
67
116
86
45
2
49
66
8
10
105
3
119
97
121
6
12
93
95
136
52
90
59
101
143
76
113
13
120
63
100
90
30
21
48
46
5
65
89
117
4
142
16
115
9
130
134
39
8
78
7
53
29
33
95
130
38
102
32
59
73
72
57
107
51
142
114
85
58
103
96
25
100
118
89
54
33
11
27
110
39
107
74
35
119
50
144
75
86
137
60
136
88
131
10
79
124
108
12
61
128
97
125
14
139
126
81
111
72
22
56
68
63
108
129
124
25
92
41
42
54
32
127
101
122
132
96
122
11
70
75
48
19
9
24
99
105
79
71
99
29
53
80
83
77
114
127
5
131
93
129
80
50
94
22
91
23
116
35
21
14
69
139
18
46
24
27
47
37
64
43
44
55
133
118
126
3
81
65
45
135
26
1
62
26
74
15
121
36
71
134
87
140
92
112
49
98
64
42
20
111
68
84
17
128
52
31
55
104
34
31
103
109
141
110
84
18
7
133
44
6
91
138
58
15
36
28
4
70
123
94
73
115
13
102
60
17
123
106
30
78
28
135
104
62
20
140
34
40
51
16
76
38
125
69
66
61
19
109
2
41
82
82
47
120
132
77
144
141
98
1
85
23
112
67
143
144
132
120
119
107
108
96
95
94
82
81
80
79
67
55
54
53
52
64
76
88
100
112
113
101
102
90
91
92
104
116
115
103
102
114
126
127
139
138
137
136
124
123
122
134
133
121
109
110
111
99
98
97
85
73
61
62
50
38
26
27
39
40
28
16
17
18
6
5
4
3
15
14
13
25
37
49
61
73
74
75
87
86
85
97
109
110
98
86
74
75
63
51
39
27
28
29
41
42
30
31
19
7
8
20
21
9
10
11
12
24
36
48
47
46
58
59
71
83
84
72
60
48
36
35
23
22
34
33
45
57
69
68
56
44
43
31
32
44
56
57
58
70
69
68
67
66
78
77
89
90
78
79
80
81
93
105
106
118
117
129
128
140
141
142
130
131
143
142
141
129
130
118
119
131
143
144
132
120
108
96
95
107
106
105
117
116
104
103
91
92
93
94
82
70
71
83
84
72
60
59
47
35
34
46
45
33
32
20
21
22
23
24
12
11
10
9
8
7
19
18
6
5
17
16
4
3
15
14
2
1
2
1
13
25
26
38
37
49
50
62
63
51
52
40
41
29
30
42
43
55
54
66
65
53
65
64
76
77
89
88
87
99
100
101
113
114
115
127
128
140
139
138
126
125
137
125
124
112
111
123
135
136
135
134
133
121
122
12
11
10
22
21
9
8
20
32
31
43
55
67
66
65
77
89
101
102
103
104
105
106
94
93
81
80
68
56
57
58
70
69
81
82
83
71
72
84
96
108
107
119
131
132
144
143
142
130
118
117
129
141
140
139
138
126
125
124
123
111
112
100
99
98
86
74
73
85
97
109
110
122
134
135
136
137
138
139
127
115
116
128
140
141
142
130
129
128
127
115
114
113
112
111
99
87
88
76
75
63
62
61
49
50
38
37
25
13
1
2
3
4
16
28
29
17
18
19
7
6
5
4
3
15
14
26
27
39
40
41
42
54
53
52
64
63
51
52
53
41
29
30
42
54
66
78
79
91
92
80
79
67
55
43
44
45
33
34
46
47
59
60
48
36
35
23
24
36
48
47
35
34
22
23
24
12
11
10
9
8
20
21
33
45
46
58
57
69
68
56
44
32
31
30
18
19
7
6
5
17
16
15
27
28
40
39
51
50
38
26
14
2
1
13
25
37
49
61
62
74
73
85
86
98
97
109
110
122
121
133
121
133
134
135
123
124
136
137
125
126
114
113
101
100
88
87
75
76
64
65
77
78
90
89
90
102
103
91
92
104
116
117
105
93
94
82
70
71
59
60
72
84
83
95
96
95
107
106
118
119
120
108
120
132
144
143
131
41
79
38
87
58
112
74
16
15
116
106
40
15
110
100
65
56
134
100
20
10
50
10
66
13
59
44
72
57
85
120
23
92
139
117
52
76
84
64
57
140
16
139
96
71
90
35
133
52
80
91
102
51
135
69
141
84
118
128
1
143
71
108
86
76
50
70
35
108
13
58
95
78
11
17
143
98
65
128
47
24
82
21
142
140
42
113
127
36
68
119
23
104
132
74
45
113
97
40
75
125
66
34
2
54
75
104
122
19
129
43
1
5
48
121
135
136
134
4
122
83
82
91
99
114
26
32
121
28
137
38
12
102
110
46
88
25
3
109
79
101
56
107
25
92
86
93
103
55
7
95
90
81
42
101
123
8
6
118
107
88
55
54
30
67
125
98
64
32
9
120
17
27
27
3
41
132
87
34
94
105
26
114
99
112
63
49
133
130
96
24
29
21
43
70
11
127
51
124
68
106
85
28
109
137
103
63
29
60
33
4
5
142
73
119
111
22
131
19
97
39
20
59
78
131
22
116
49
77
73
31
138
80
30
124
36
126
37
14
136
93
138
62
117
53
61
115
89
7
53
111
144
61
33
14
18
141
89
8
39
115
9
62
48
105
37
83
45
67
144
77
31
12
72
130
123
47
46
6
129
126
94
18
69
44
2
60
81
37
86
121
83
111
138
59
82
64
105
125
73
123
50
30
78
108
44
79
15
39
96
69
47
99
128
124
61
144
5
14
87
31
44
94
144
3
36
20
142
75
122
70
109
138
63
92
126
93
113
14
22
16
103
51
38
85
98
52
114
90
135
43
33
68
76
87
7
79
117
75
39
11
95
52
132
1
49
48
25
56
95
120
29
16
130
131
40
143
105
12
141
80
66
1
112
12
71
110
55
130
71
124
136
27
81
45
54
42
110
65
57
142
97
27
55
80
70
120
117
58
81
4
128
61
23
103
125
49
82
127
15
139
8
118
66
17
76
2
91
53
64
4
67
21
32
19
133
47
96
62
23
10
90
57
34
140
5
77
22
53
35
88
135
139
115
134
114
84
74
73
84
46
20
19
137
94
72
41
119
24
18
132
131
51
69
33
129
3
21
67
126
68
2
91
99
106
100
136
9
85
43
92
104
25
40
9
17
58
28
86
30
37
28
137
7
56
13
140
6
8
11
122
121
31
106
109
89
133
45
6
78
112
26
38
59
101
123
54
129
63
102
141
48
41
42
50
119
127
113
13
18
46
97
88
26
65
60
74
116
118
60
83
107
93
62
107
143
32
29
104
102
116
72
36
10
100
111
24
89
134
35
77
98
34
108
101
115
1
2
3
4
5
17
29
30
18
6
7
19
31
43
55
54
42
41
40
28
16
15
14
13
25
26
27
39
51
50
49
37
38
39
51
63
75
76
64
52
53
65
77
78
66
67
79
80
81
93
105
104
92
91
103
115
116
128
127
139
140
141
142
130
129
117
118
106
107
108
120
132
131
119
120
108
96
95
94
82
83
71
59
47
48
60
72
84
96
95
107
106
94
93
105
117
116
115
114
126
138
137
136
124
125
113
112
100
88
89
90
102
101
100
99
87
86
74
62
61
73
85
97
98
110
109
121
122
134
135
123
111
99
87
88
76
64
52
40
41
29
30
42
43
44
45
46
58
70
69
68
56
57
58
46
34
33
32
20
21
9
10
22
23
11
12
24
36
35
34
33
21
22
10
11
12
24
23
35
36
48
47
59
60
72
84
83
71
70
82
81
80
92
104
103
91
90
89
77
78
79
67
66
65
53
54
55
56
68
69
57
45
44
32
31
19
20
8
9
8
7
6
18
17
5
4
3
15
16
28
27
26
14
2
1
13
25
37
38
50
49
61
62
63
75
74
73
85
86
98
97
109
110
122
123
111
112
124
125
113
101
102
114
126
127
128
129
130
118
119
131
143
144
132
144
143
142
141
140
139
138
137
136
135
134
133
121
133
144
132
120
108
96
95
94
82
83
84
72
71
70
69
68
80
81
93
105
106
107
119
131
143
142
130
118
117
116
128
140
141
129
117
116
115
114
102
103
104
92
91
90
78
79
67
66
54
42
41
40
52
53
65
64
63
51
50
62
61
49
37
25
26
38
39
27
28
16
4
3
2
14
15
3
4
5
17
29
30
18
19
20
21
9
8
7
6
5
17
16
28
29
41
40
39
51
63
75
74
73
85
97
98
86
87
99
100
101
89
77
76
88
100
112
113
125
126
127
139
138
137
136
124
123
135
134
122
121
109
110
111
112
113
101
102
103
104
105
93
94
82
81
69
57
45
33
32
31
43
55
56
44
32
33
34
46
58
59
47
48
36
35
23
24
12
11
10
22
34
46
47
35
36
24
12
11
23
22
10
9
21
20
8
7
6
18
19
31
30
42
54
53
52
64
65
77
89
90
78
66
67
79
91
92
80
68
56
55
43
44
45
57
58
70
71
59
60
48
60
72
84
83
95
96
108
120
119
107
106
118
130
131
132
144
143
142
141
129
128
140
139
127
115
114
126
138
137
125
124
136
135
123
122
110
111
99
98
86
87
88
76
75
74
62
50
38
26
27
15
14
13
1
2
1
13
25
37
49
61
73
85
97
109
121
133
134
133
