##Rat 5 Day 16
 ##rewards
74
87
21
##Vertices
9
123
115
35
56
68
2
4
23
139
22
10
105
33
60
125
105
99
108
85
132
51
36
17
61
7
106
85
109
24
79
38
73
72
31
111
43
91
107
71
35
55
86
131
90
139
104
93
128
102
99
84
133
115
22
14
53
60
124
144
111
80
37
54
82
64
120
1
130
62
108
138
141
47
81
65
59
101
11
71
88
41
73
113
133
65
42
143
96
102
62
79
59
67
135
126
61
52
93
39
48
21
32
97
69
116
52
101
44
98
27
95
45
121
4
48
23
66
25
36
5
6
112
121
106
88
17
29
136
75
94
87
118
27
104
24
3
13
43
66
119
38
31
91
30
72
140
137
13
120
10
110
132
50
32
49
78
3
107
2
83
20
134
15
84
140
97
122
70
16
57
40
21
76
117
100
15
30
16
122
134
53
37
92
103
70
33
9
19
82
41
50
83
77
67
135
58
7
110
8
118
19
75
80
112
129
103
5
143
87
39
40
96
20
14
74
119
68
49
94
28
137
125
47
25
12
127
28
100
42
129
6
18
58
55
89
95
141
54
56
63
64
8
128
81
46
131
126
11
92
63
1
130
116
142
51
117
144
123
86
78
89
26
12
46
34
77
45
69
124
29
136
138
98
114
109
26
142
114
74
90
44
57
18
127
76
34
113
135
31
135
3
50
68
38
5
41
136
47
6
104
56
6
73
73
16
125
44
101
109
80
35
127
41
99
59
79
21
32
142
86
53
108
128
53
133
43
49
137
91
129
36
124
105
40
25
3
45
37
82
117
39
92
48
122
75
132
121
70
7
106
143
111
46
93
17
7
27
82
34
102
90
69
110
144
70
137
112
61
66
110
141
4
120
74
37
46
8
52
143
106
50
77
134
22
116
130
12
15
44
72
120
118
24
72
61
1
29
126
85
98
64
130
51
67
36
64
104
140
42
4
57
98
122
47
86
123
25
75
119
116
89
74
51
129
115
34
19
35
90
97
107
11
79
59
30
124
97
62
81
138
2
94
138
18
54
87
131
80
71
127
111
85
38
1
103
55
100
94
115
15
42
8
128
23
88
114
24
84
76
78
121
26
132
68
27
60
118
16
83
87
39
14
32
69
107
63
17
54
134
55
93
13
88
21
66
65
142
20
40
83
14
114
13
96
103
144
60
62
19
29
76
131
84
139
89
20
78
65
119
52
139
56
49
112
10
92
141
48
99
113
26
63
81
140
67
125
91
57
45
2
105
136
96
117
30
33
77
43
133
33
58
22
11
10
58
5
109
18
126
102
71
95
23
28
9
9
108
100
28
95
113
101
12
31
123
144
143
142
141
129
128
140
139
138
137
136
135
134
133
121
122
110
109
97
98
99
100
88
89
101
102
114
115
103
91
79
80
81
69
70
82
94
95
107
106
118
119
131
132
120
108
96
84
72
60
59
47
48
36
24
12
11
10
9
21
22
23
35
34
33
45
44
56
55
54
42
43
31
32
20
19
18
17
16
4
5
6
7
8
9
10
22
34
46
58
57
45
46
58
70
71
83
82
81
93
105
104
92
91
90
78
77
65
66
67
68
80
92
93
94
106
105
117
116
104
103
115
127
126
125
113
112
124
123
111
99
87
86
85
73
74
62
61
49
50
38
37
25
26
14
13
1
2
3
15
27
28
29
41
40
52
64
76
75
63
51
39
27
28
40
41
53
52
64
76
88
87
86
85
73
61
62
74
75
63
51
39
38
50
49
37
25
26
14
13
1
2
3
15
16
4
5
17
29
30
42
30
31
19
18
6
7
8
20
21
33
32
44
43
55
56
57
69
68
67
79
78
66
54
53
65
77
89
90
102
114
126
127
128
116
117
118
130
129
130
131
119
107
95
83
71
59
47
35
23
11
12
24
36
48
60
72
84
96
108
120
132
144
143
142
141
140
139
138
137
125
124
136
135
123
122
134
133
121
109
97
98
110
111
112
100
101
113
1
2
3
15
27
39
38
50
62
74
73
61
49
37
25
26
14
13
25
37
49
61
62
63
51
52
64
65
77
78
90
91
92
80
68
67
66
54
42
30
31
32
20
19
7
8
9
10
22
34
33
21
9
8
7
6
5
4
16
28
29
17
18
30
29
41
40
52
53
65
66
78
79
91
103
102
101
100
88
87
86
98
99
111
110
122
123
124
136
137
125
113
114
126
138
139
127
128
116
104
105
117
118
119
120
132
144
143
131
130
142
141
140
139
138
137
136
135
134
133
121
109
97
85
73
74
75
76
77
89
90
102
103
115
116
104
105
106
107
95
83
82
94
93
81
69
70
71
72
60
59
58
57
56
55
43
44
45
46
47
35
23
11
12
24
36
48
60
72
84
96
84
83
71
70
58
59
47
48
36
35
23
24
12
11
10
22
21
33
34
46
45
44
32
20
19
31
43
42
41
53
54
55
56
57
69
68
67
79
80
92
93
81
82
94
95
96
108
120
108
107
106
118
119
131
132
144
143
142
130
129
117
129
141
140
128
127
115
114
126
125
124
112
111
110
122
123
135
134
133
121
109
97
85
86
98
99
100
112
113
101
89
88
87
75
76
64
63
51
39
40
28
27
15
16
17
18
6
5
4
3
2
1
13
14
26
38
50
43
70
20
20
8
91
49
35
132
109
98
85
122
130
59
106
78
75
61
15
15
34
132
111
134
71
51
124
125
46
87
94
14
24
27
80
63
125
81
92
38
120
104
3
122
55
111
82
1
14
9
133
129
94
112
90
72
22
80
110
106
31
47
112
116
7
50
143
9
95
67
72
113
48
2
85
60
42
59
57
5
101
96
102
32
134
18
108
64
133
138
26
1
81
19
113
131
89
139
25
11
23
47
97
6
65
119
103
53
12
65
39
129
74
16
97
126
7
83
86
53
92
105
144
73
48
13
75
142
90
114
108
19
101
141
117
44
138
17
110
141
58
76
121
102
96
45
93
54
136
139
98
54
11
99
100
137
142
121
23
109
118
42
143
43
13
17
64
76
84
63
25
10
18
46
35
116
115
69
4
115
3
24
41
100
66
38
88
58
118
70
33
120
68
119
93
6
61
83
12
79
82
34
4
44
45
49
41
37
68
95
28
74
26
105
128
131
140
117
79
36
40
50
60
107
2
22
32
28
124
62
37
88
91
104
128
21
67
30
55
69
36
5
135
57
77
126
27
123
16
114
135
33
71
127
56
99
56
40
137
21
73
127
107
66
52
62
29
144
86
89
8
30
51
130
29
140
31
123
78
103
10
136
87
52
77
39
84
91
9
24
17
9
24
62
144
82
33
137
83
34
105
32
54
48
139
111
27
98
122
127
40
141
36
59
141
121
65
41
44
21
89
64
53
49
35
1
131
126
2
22
3
57
11
85
117
25
88
102
144
49
67
64
55
81
107
68
12
98
104
7
118
71
143
19
76
8
94
78
22
81
15
100
23
114
6
102
2
115
97
110
73
48
27
123
58
80
142
66
5
46
87
132
54
112
114
44
14
53
50
20
124
16
70
136
137
63
112
30
43
71
108
130
17
38
18
129
4
113
93
21
13
90
72
133
130
42
75
116
78
8
57
50
37
96
31
115
56
88
1
125
74
116
135
26
94
140
109
138
103
77
40
74
26
80
84
134
61
96
59
60
131
60
5
124
104
67
62
52
91
51
36
16
10
70
38
79
66
55
86
85
119
101
35
119
105
69
95
122
73
139
82
93
61
7
51
101
79
58
142
23
47
45
133
18
109
123
32
99
10
92
95
100
14
127
126
113
97
92
72
29
90
56
110
111
45
121
30
143
6
39
33
63
136
140
52
34
3
129
120
107
77
120
46
75
99
19
43
135
37
69
39
128
13
25
65
106
108
41
86
12
128
15
31
28
134
106
47
42
118
138
4
117
20
76
87
84
89
125
83
132
11
103
68
28
29
12
11
10
9
21
20
8
7
6
5
4
3
2
1
13
14
26
25
37
38
39
40
52
53
41
42
30
31
43
55
67
68
69
81
82
70
58
59
47
46
34
35
23
24
36
48
60
72
84
96
95
107
108
120
132
144
143
142
141
129
130
131
119
118
117
105
104
92
91
90
102
103
115
116
128
127
126
125
124
136
137
138
139
140
141
142
130
118
106
94
93
105
106
94
82
83
71
70
69
57
45
44
56
55
54
66
65
77
78
79
80
68
56
57
58
46
45
33
32
44
43
31
19
18
17
29
28
16
15
27
39
51
50
49
61
62
74
73
85
86
98
97
109
110
122
121
133
134
135
123
111
112
113
101
100
88
76
64
63
75
87
99
111
112
100
101
89
88
76
64
52
51
50
49
61
73
74
62
63
75
87
99
98
86
85
97
109
110
122
121
133
134
135
123
124
136
137
125
113
114
102
114
115
127
126
138
139
140
128
129
117
116
104
103
91
92
93
81
80
79
67
66
78
90
89
77
65
53
54
42
30
18
19
20
32
33
34
22
21
22
23
35
47
59
71
83
95
107
119
131
143
144
132
120
108
96
84
72
60
48
36
24
12
11
10
9
8
7
6
5
17
16
4
3
15
14
2
1
13
25
37
38
26
27
28
40
41
29
133
121
122
123
111
110
109
97
85
86
74
73
61
62
63
51
50
49
37
38
39
27
15
14
26
25
13
1
2
3
4
5
17
18
30
29
41
40
52
64
65
77
78
90
89
88
76
75
87
99
100
112
124
125
137
136
135
134
133
121
109
110
98
99
100
101
113
114
102
103
115
127
128
140
139
138
126
114
115
116
104
105
117
118
119
131
130
129
141
142
143
144
132
120
108
107
95
96
84
72
60
59
71
83
82
70
69
57
45
33
34
35
36
48
47
46
58
70
82
94
106
105
93
81
80
92
91
79
67
66
54
42
43
55
56
68
69
57
58
46
34
22
23
24
12
11
10
9
8
7
6
5
4
16
28
40
39
51
52
53
41
42
30
31
19
20
32
44
45
33
21
20
21
22
23
24
12
11
10
9
8
7
6
18
19
31
32
44
43
55
56
68
67
79
80
81
93
92
91
90
102
103
104
116
117
118
106
94
95
83
71
59
47
35
36
48
60
72
84
96
108
107
119
120
132
144
143
131
130
142
141
129
128
140
139
127
126
138
137
125
124
136
135
134
122
123
111
112
113
101
89
77
78
66
54
53
65
64
63
62
74
75
76
88
87
86
98
97
85
73
61
49
50
38
37
25
26
14
13
1
2
3
15
27
28
29
17
16
21
28
8
70
77
120
64
95
26
88
93
73
72
15
103
140
127
31
88
58
42
100
130
76
38
2
32
92
117
143
44
61
38
52
15
66
112
75
82
87
10
25
12
68
111
92
91
105
75
44
28
84
123
126
78
65
14
132
137
7
45
112
110
94
138
6
101
106
41
126
86
78
11
60
54
5
10
72
136
16
121
41
108
13
142
33
84
19
85
42
114
144
35
142
144
119
24
81
1
74
125
36
48
129
132
6
11
131
22
12
99
25
89
52
110
99
133
140
4
45
55
95
47
116
128
59
101
3
61
79
20
30
108
24
1
106
107
30
128
138
114
74
118
134
98
124
69
133
130
18
58
76
48
137
56
134
125
113
123
70
141
117
82
46
69
21
8
43
5
93
50
62
14
36
49
27
57
97
22
40
32
139
17
59
43
94
16
100
98
23
121
34
118
34
13
86
66
64
71
40
35
81
57
127
65
135
29
124
129
56
20
37
67
47
63
83
60
80
141
143
85
29
23
62
97
51
90
89
17
46
103
120
27
2
135
107
119
54
104
53
19
31
109
104
109
73
116
33
77
122
96
102
90
53
50
67
26
139
115
136
49
37
4
55
7
102
18
9
111
96
115
3
91
71
79
122
68
113
39
51
39
83
9
105
87
63
80
131
102
26
96
5
71
7
50
45
124
110
136
109
11
68
6
120
46
81
21
71
59
68
142
27
82
4
72
131
51
126
9
86
14
99
104
127
128
3
24
38
12
77
58
23
133
40
93
113
19
81
17
62
37
22
14
118
11
132
60
131
135
93
79
29
40
54
41
28
119
83
57
10
69
122
95
85
106
52
7
76
66
97
103
126
99
62
6
91
33
86
125
15
59
56
39
42
65
98
55
141
80
1
48
8
130
117
57
4
111
23
124
115
9
123
13
47
91
25
123
70
27
80
42
89
66
127
116
143
50
70
55
35
43
140
25
63
37
107
97
20
122
115
90
51
84
67
103
63
137
20
92
18
90
100
31
46
109
129
16
101
38
49
143
92
75
32
105
74
2
30
76
22
28
18
36
95
111
60
144
45
16
141
138
135
34
29
132
110
100
12
102
116
87
36
108
67
2
113
26
112
128
48
69
114
142
84
21
39
53
83
133
75
30
61
104
34
13
10
134
139
82
121
78
44
52
65
64
106
112
119
117
108
43
88
96
1
54
44
33
31
136
125
77
3
61
56
101
140
73
19
32
47
129
88
49
41
121
17
8
120
53
58
73
5
89
130
15
79
114
139
94
74
118
94
35
107
78
72
64
144
85
134
105
87
24
138
137
98
12
24
23
22
34
35
36
48
60
59
71
72
84
83
82
94
95
96
108
107
106
118
130
131
119
120
132
144
143
142
141
140
128
127
115
116
104
105
93
81
80
68
67
55
56
57
69
70
58
46
45
33
21
20
8
9
10
11
12
24
36
35
47
46
45
44
32
31
43
42
30
18
17
5
6
7
19
31
30
29
41
40
28
27
26
14
15
16
4
3
2
1
13
25
37
38
50
49
61
73
85
86
74
62
63
75
76
88
100
112
111
110
109
97
98
99
87
75
63
51
39
40
52
64
65
53
54
66
78
79
91
103
102
90
89
77
76
88
87
99
111
123
122
121
133
134
135
136
137
138
139
140
141
129
117
105
106
94
93
92
104
103
115
114
126
125
113
101
100
112
124
125
124
123
122
121
133
134
135
136
137
138
139
127
126
114
113
101
102
90
89
77
78
66
65
64
52
53
54
55
43
42
41
29
28
27
39
51
50
62
74
86
98
110
109
97
85
73
61
49
37
38
26
25
13
1
2
14
15
3
4
16
17
5
6
18
19
7
8
20
21
9
10
11
23
22
34
33
32
44
56
68
67
79
91
92
80
81
82
83
71
70
69
57
58
59
47
48
60
72
84
96
95
107
108
120
119
131
132
144
143
142
130
118
117
116
128
129
144
143
142
141
140
128
129
117
118
106
105
104
103
102
114
113
101
89
90
78
77
65
64
76
75
63
62
61
73
85
86
74
75
87
88
100
112
124
125
137
136
135
134
133
121
122
110
109
97
98
99
111
123
135
136
137
138
126
127
115
116
117
118
130
131
119
120
108
96
84
83
82
94
93
92
80
79
91
90
89
88
87
99
100
101
102
103
104
105
106
107
95
96
84
72
71
70
69
68
56
44
32
33
45
46
47
48
36
24
23
22
34
35
36
48
60
59
58
57
45
33
21
9
8
7
19
31
43
55
54
53
52
51
50
49
37
25
13
1
2
3
4
16
17
5
6
18
30
42
41
40
28
29
41
40
39
27
15
14
26
38
39
27
28
29
30
42
54
66
67
55
56
68
67
66
65
53
52
51
63
64
76
77
78
79
91
92
93
94
95
83
82
81
80
81
69
57
58
70
71
72
60
59
47
46
34
35
23
22
10
11
12
24
12
11
10
9
8
20
21
20
32
44
43
31
19
7
6
18
17
5
4
16
15
3
2
1
13
14
26
25
37
38
50
49
61
62
74
73
85
86
98
97
109
121
133
134
122
110
111
123
124
112
113
125
126
114
115
116
128
127
139
138
139
140
141
129
130
142
143
131
119
107
108
120
132
144
132
