##Rat 8 Day 30
 ##rewards
71
58
124
##Vertices
1
86
80
40
137
16
139
115
16
136
119
91
5
28
18
92
51
82
19
93
56
55
95
108
137
132
4
22
14
66
71
111
15
85
53
135
60
127
117
60
109
100
79
102
126
78
37
76
13
56
42
125
134
4
136
34
106
40
6
26
118
14
140
10
38
30
11
41
15
123
57
20
125
49
41
12
1
32
118
17
106
123
110
69
130
47
143
74
71
120
46
3
7
104
55
29
64
75
68
141
83
124
31
77
107
17
50
2
57
73
94
28
105
76
93
87
144
116
33
124
90
26
144
128
88
73
139
67
134
103
21
63
37
66
36
38
113
10
5
7
101
27
127
25
109
50
23
44
59
100
99
115
79
132
112
72
88
84
13
104
142
140
131
25
61
135
130
141
138
98
120
96
129
116
19
44
126
113
85
18
39
23
131
96
97
122
72
62
98
111
24
68
77
95
121
52
70
8
49
31
89
70
119
97
52
133
110
46
58
21
99
3
112
105
9
48
54
63
53
121
81
33
78
133
143
2
64
54
43
91
89
86
83
67
101
32
75
74
117
39
62
65
102
108
58
47
35
6
107
48
114
90
82
30
128
138
142
65
42
122
84
59
11
22
92
114
34
103
24
87
20
9
45
27
61
51
81
129
80
45
35
36
69
12
94
8
29
43
50
27
95
42
67
18
91
56
14
60
105
58
119
115
125
7
48
101
114
29
93
16
3
90
56
15
142
50
110
123
26
87
24
33
77
94
104
141
42
113
53
105
9
86
12
14
21
5
40
48
51
137
114
139
95
62
72
2
134
124
102
126
33
85
121
91
144
22
6
144
75
126
25
87
143
100
31
18
140
84
141
19
70
143
71
84
130
113
8
71
118
103
45
107
131
70
13
132
44
121
63
116
75
10
76
130
89
129
78
11
131
59
24
26
127
93
109
135
110
54
7
128
63
49
43
51
30
112
83
86
41
140
34
139
31
118
43
52
35
108
17
122
28
52
62
64
106
29
122
2
133
72
16
66
37
88
119
117
36
65
103
59
73
94
60
66
108
12
112
136
127
34
90
4
15
9
80
68
8
23
96
28
97
25
120
11
89
117
45
120
38
65
19
77
5
20
83
100
92
49
74
134
37
80
115
47
85
138
81
111
1
4
68
79
142
27
98
47
44
98
81
79
104
82
3
54
124
36
125
74
69
64
128
39
111
22
41
46
21
116
58
17
102
107
132
61
92
38
106
137
88
30
73
53
55
1
129
6
99
32
78
97
35
101
123
46
135
39
10
82
69
13
76
96
136
23
99
138
109
67
61
32
133
20
57
57
55
40
1
13
25
26
14
15
3
2
1
13
25
37
49
61
73
85
97
109
110
111
123
135
136
137
138
139
140
128
129
141
142
130
131
132
120
108
107
119
118
117
116
115
127
126
114
102
103
104
92
80
81
69
68
67
79
91
90
78
66
65
64
52
51
50
38
39
27
28
29
17
5
4
16
28
40
41
42
43
55
54
53
41
40
52
53
54
66
65
77
89
101
113
125
124
112
100
88
76
75
87
99
98
86
74
62
63
75
87
88
100
101
113
114
102
103
104
105
93
94
106
118
117
105
93
81
82
70
58
57
56
44
45
33
34
46
47
35
23
22
21
9
10
11
12
24
36
48
60
59
71
83
95
96
84
72
60
48
47
46
34
33
32
20
8
7
6
18
19
31
30
29
17
16
15
27
39
51
63
64
76
77
89
90
78
79
67
55
43
42
30
18
19
31
32
20
21
22
23
35
36
24
12
11
10
9
8
7
6
5
4
3
2
14
26
38
37
49
50
62
61
73
74
86
85
97
109
110
98
99
111
112
124
123
122
134
122
121
133
121
133
134
135
136
137
125
126
138
139
127
115
116
128
140
141
129
130
142
143
144
132
144
143
131
119
120
108
107
106
94
82
83
95
96
84
72
71
59
58
70
69
57
45
44
56
68
80
92
91
12
24
36
48
60
59
47
46
34
33
45
57
69
81
82
94
93
92
80
79
91
90
102
103
115
114
126
138
139
140
128
127
115
116
104
105
106
107
95
96
108
120
132
144
143
131
130
142
141
129
117
118
119
120
108
96
84
83
71
70
58
46
34
35
23
22
10
9
8
7
19
31
32
44
56
55
67
68
80
92
104
116
117
105
93
81
69
57
45
33
21
20
8
7
6
18
30
42
54
53
52
51
39
40
28
16
4
3
2
14
26
27
15
3
4
5
17
29
41
40
39
38
37
49
61
62
63
64
65
77
89
101
113
125
137
136
135
134
133
121
109
97
98
86
85
73
74
75
76
88
100
99
87
88
100
112
111
110
122
123
124
112
111
99
87
75
76
77
78
66
65
53
54
66
78
90
89
101
113
114
102
103
91
79
67
68
56
44
32
20
19
31
43
55
43
42
41
29
30
18
6
5
17
16
28
27
15
14
26
25
13
1
2
1
13
25
37
49
50
38
50
51
52
64
63
62
61
73
74
86
85
97
98
110
109
121
133
134
122
123
135
136
124
125
137
138
126
127
139
140
128
129
141
142
143
144
132
131
130
118
119
107
106
94
95
83
82
70
58
59
71
72
84
72
60
48
47
35
36
24
23
22
21
9
10
11
12
11
16
30
97
88
115
89
132
47
1
20
24
132
80
67
63
6
14
55
118
57
67
131
68
40
59
28
9
23
63
104
125
72
108
98
82
118
22
75
8
39
135
116
143
84
114
75
39
49
45
46
136
143
31
61
57
32
68
29
6
19
136
3
74
10
93
31
43
87
95
104
122
117
7
58
76
24
101
121
28
127
120
26
62
34
111
70
44
12
54
133
33
79
125
130
13
7
16
78
126
116
62
66
65
103
70
135
109
15
33
119
50
64
42
85
30
99
18
17
40
102
131
144
20
122
58
48
100
73
3
100
60
79
115
117
119
34
91
42
17
18
95
48
102
140
105
8
53
94
130
138
127
137
2
15
101
49
19
111
25
21
113
23
74
65
35
129
27
71
54
112
69
38
83
5
1
108
50
84
113
134
97
4
52
45
2
47
51
128
43
69
87
91
85
21
129
83
123
61
90
35
92
81
124
46
29
123
55
141
10
36
12
92
139
26
51
133
88
126
99
107
5
11
94
36
71
96
110
11
120
22
144
77
56
114
13
60
138
93
44
59
134
76
64
27
32
37
73
137
9
53
82
41
37
140
106
14
124
86
112
105
89
141
25
52
128
90
106
142
142
4
103
98
96
110
121
66
78
109
41
38
56
107
81
77
72
139
86
80
138
139
78
91
121
54
116
111
61
38
68
33
17
120
93
131
113
59
123
67
25
136
19
32
110
102
124
140
118
71
7
99
58
142
118
126
22
37
129
73
30
8
41
94
114
53
102
4
64
86
132
97
4
91
65
124
42
40
3
36
125
51
6
109
90
74
86
34
84
117
23
13
122
39
93
107
123
38
78
59
62
37
139
35
110
53
28
131
94
58
77
112
55
106
54
133
76
87
29
79
42
20
23
18
9
109
70
121
104
97
16
115
142
43
5
75
70
10
127
92
74
105
76
45
52
44
39
135
126
61
103
125
136
14
87
100
82
22
21
36
41
28
24
105
63
26
120
114
128
34
8
103
25
48
104
122
14
13
20
84
130
56
49
12
11
10
143
27
129
18
144
108
60
6
88
98
119
98
101
11
50
19
55
133
113
117
144
51
119
5
99
7
47
80
57
138
27
107
65
72
49
24
15
68
92
62
43
75
112
12
9
31
81
134
115
128
26
135
137
16
72
71
77
79
67
21
96
15
32
46
106
95
96
40
95
134
52
73
101
46
127
143
83
132
64
31
50
17
2
29
130
66
63
90
85
81
44
116
108
48
47
56
35
141
1
57
100
30
66
45
137
60
141
83
69
89
85
33
111
80
1
3
2
89
69
82
140
88
144
132
120
119
131
130
142
143
144
132
120
108
96
84
72
60
48
36
35
34
22
10
9
8
7
6
5
17
16
4
3
15
14
13
25
37
38
26
27
28
29
30
18
19
31
43
42
41
53
65
64
76
77
78
66
54
55
67
79
80
81
93
94
95
107
106
118
117
116
128
140
141
129
117
105
104
103
102
90
91
92
104
105
93
92
91
79
80
68
56
44
32
20
21
33
45
57
69
70
58
46
47
59
71
83
82
70
58
57
45
44
32
31
43
42
41
40
52
51
39
27
28
40
52
64
63
75
87
88
89
101
100
112
111
99
98
110
122
123
124
136
135
134
133
121
109
97
85
86
74
62
50
49
61
73
85
97
98
99
111
112
113
125
137
138
139
127
126
114
115
116
128
129
130
118
106
94
82
81
69
68
56
55
67
66
78
90
102
103
115
127
126
114
113
125
124
123
122
110
109
121
133
134
135
136
137
138
139
140
141
142
143
131
119
107
108
96
95
83
84
72
71
59
60
48
36
35
47
46
34
33
21
22
23
11
23
24
12
24
12
11
10
9
8
20
19
7
6
18
30
29
17
5
4
16
15
3
2
1
13
1
2
14
26
25
37
38
39
51
63
62
50
49
61
73
74
86
87
75
76
88
100
101
89
77
65
53
54
133
134
135
136
137
125
124
112
111
99
100
101
102
103
115
116
104
92
91
79
80
68
69
81
82
70
71
72
84
96
95
83
82
94
93
105
117
129
128
140
141
142
143
144
132
131
119
120
108
107
106
118
130
142
141
140
139
127
126
114
113
112
111
123
122
110
109
97
85
73
74
75
87
88
89
77
78
90
91
92
93
94
106
105
104
103
102
101
100
99
98
86
85
73
61
62
63
64
65
53
41
29
28
40
39
38
37
25
13
14
15
27
26
25
37
49
50
51
52
40
28
16
4
5
6
18
30
42
54
55
56
57
58
59
60
48
36
24
12
11
10
9
21
20
8
7
19
31
43
44
45
33
32
44
45
46
34
22
23
35
47
46
34
33
32
31
43
55
67
66
54
53
65
66
67
68
56
57
58
70
69
81
80
79
78
90
89
88
87
86
74
75
76
77
76
64
52
51
63
62
61
49
50
38
39
27
26
14
15
3
2
1
13
1
2
3
4
5
17
16
17
29
41
42
30
18
6
7
19
20
8
9
21
22
10
11
12
24
23
35
36
48
47
59
60
72
71
83
84
96
95
107
108
120
132
144
143
131
119
118
130
129
117
116
128
127
115
114
113
125
126
138
139
138
137
136
124
123
135
134
122
110
98
97
109
121
133
121
69
21
101
144
76
6
62
29
135
3
54
62
128
118
140
68
113
77
9
48
99
42
134
94
43
84
67
136
89
140
144
118
83
128
135
11
101
94
122
61
126
5
64
66
120
41
45
87
71
96
34
139
55
115
77
14
132
19
51
139
58
88
27
84
104
59
26
70
123
117
87
16
82
127
93
141
108
109
20
105
116
53
138
95
50
63
13
93
22
27
52
124
82
5
106
4
39
12
130
3
143
130
26
96
112
102
81
36
70
127
97
134
109
90
133
28
67
108
18
66
32
16
75
92
41
47
74
2
36
34
119
21
55
23
98
8
40
59
22
111
14
57
83
56
111
47
43
44
121
71
114
45
137
104
4
49
73
100
98
18
19
81
12
91
33
99
92
86
63
141
6
97
15
120
13
110
136
143
38
91
60
52
114
95
125
142
121
76
103
9
24
80
28
89
31
138
23
1
133
74
44
115
60
80
25
10
113
65
126
33
53
35
57
20
29
102
39
10
1
69
46
125
58
86
90
61
106
38
110
112
51
37
137
129
107
129
8
48
105
7
79
40
42
15
131
72
103
123
50
100
56
24
85
2
31
65
46
49
54
30
85
116
79
75
131
142
78
88
11
17
30
117
64
68
78
25
122
72
37
73
32
7
35
107
17
119
132
124
93
5
115
109
107
63
139
28
111
88
86
36
54
33
136
53
143
128
123
78
116
3
8
58
130
68
142
66
121
120
7
6
98
82
64
49
62
1
46
71
65
11
122
83
85
43
27
28
30
83
90
129
44
104
26
21
132
99
110
112
44
69
140
33
71
84
61
29
97
139
29
21
36
118
16
60
95
31
31
95
30
10
25
70
73
134
40
37
59
70
92
54
77
69
137
116
76
37
32
55
113
102
51
94
144
62
125
127
17
144
3
106
1
131
105
80
67
2
73
91
115
88
138
105
61
6
42
87
127
100
108
4
49
141
23
136
122
23
17
103
129
60
80
131
25
85
77
45
114
13
81
50
12
96
48
15
20
41
18
56
143
10
39
135
38
74
75
118
79
96
52
124
14
84
20
130
68
9
2
12
91
43
104
4
82
72
94
66
53
128
35
133
119
24
108
111
19
126
99
65
57
22
40
8
51
48
126
34
138
26
56
34
74
124
110
97
141
137
75
11
47
132
98
46
103
22
9
50
121
114
52
45
24
133
92
41
19
55
7
135
134
78
101
14
117
101
142
117
120
63
100
123
87
93
112
79
113
125
106
67
58
102
15
89
38
35
13
107
27
76
72
5
89
119
57
140
81
16
47
42
18
86
64
59
32
109
90
39
133
121
109
110
111
112
124
125
126
127
139
138
137
136
135
123
122
134
135
136
137
138
126
114
113
101
102
90
91
79
80
68
56
55
54
66
78
77
76
75
63
51
50
62
61
49
37
25
26
27
39
38
37
49
61
73
85
97
98
99
87
86
74
75
87
88
100
101
89
90
78
79
67
68
69
81
93
105
104
116
128
129
117
118
130
131
119
107
108
96
95
94
82
83
84
72
71
59
58
57
45
46
34
22
10
11
12
24
23
35
36
48
60
72
84
96
108
120
132
144
143
142
141
140
139
127
115
103
91
92
80
81
69
70
58
57
45
33
21
20
19
31
32
44
43
42
30
18
6
5
17
29
41
53
65
64
52
40
28
16
15
14
13
1
2
3
4
5
6
7
8
7
19
18
30
29
17
16
4
3
15
14
2
1
13
25
26
38
39
27
28
40
52
51
50
62
63
64
76
88
89
77
65
53
41
42
54
66
67
55
56
44
43
31
32
20
8
9
10
9
21
33
34
22
23
11
12
24
36
35
47
46
47
48
60
59
71
70
82
83
95
107
106
118
130
131
119
120
132
144
143
142
141
140
128
129
117
105
106
94
93
92
104
116
115
103
102
114
113
112
100
99
111
110
98
86
74
73
85
97
109
121
133
134
122
123
124
125
1
2
3
4
16
17
5
6
7
8
9
10
11
12
24
23
35
36
48
47
46
45
57
56
44
43
31
30
42
54
66
65
64
76
75
63
51
50
38
39
27
26
14
13
25
37
49
61
73
85
86
98
97
109
121
133
134
135
136
124
123
122
110
111
112
100
101
89
90
91
103
102
114
113
125
126
127
128
129
141
140
139
138
137
136
135
123
111
99
87
88
100
99
87
75
74
62
63
64
52
40
41
53
54
55
67
68
80
79
78
77
65
53
52
51
39
40
28
29
41
42
30
18
19
20
32
33
21
22
34
46
58
59
60
72
71
83
84
96
95
107
108
120
119
131
132
144
143
142
130
118
117
116
104
105
93
81
69
70
82
94
106
118
117
105
104
92
93
81
69
57
58
59
60
72
84
83
71
70
82
94
106
107
95
96
108
120
119
131
132
144
143
142
130
129
141
140
128
116
115
103
115
114
126
127
139
138
137
125
124
112
113
101
102
90
89
88
76
77
78
66
67
79
91
92
80
68
56
55
43
31
19
18
17
29
28
27
15
16
15
14
26
38
50
62
74
86
98
110
122
134
133
121
109
97
85
73
61
49
37
25
13
1
2
3
4
5
6
7
8
20
21
9
10
22
23
11
12
24
36
48
47
35
34
33
45
44
32
