##Rat 3 Day 19
 ##rewards
127
116
38
##Vertices
144
143
131
119
118
117
105
106
94
95
96
108
120
132
144
143
142
141
129
130
142
141
140
139
138
137
136
135
134
133
121
109
110
122
123
111
112
124
125
126
114
113
101
102
90
91
79
78
77
65
53
54
66
67
55
43
31
32
20
19
18
6
7
8
9
21
33
34
46
47
59
71
70
58
57
45
44
56
68
69
81
93
92
80
81
82
83
84
72
60
48
36
35
23
22
10
11
12
24
36
48
60
72
84
96
108
107
95
94
93
105
104
116
115
103
102
101
89
88
87
86
85
73
74
75
63
64
52
51
39
40
41
29
28
16
15
14
26
25
13
1
2
3
4
5
17
29
30
42
43
44
56
68
80
92
91
90
89
77
76
88
100
99
98
97
85
73
61
49
50
62
63
51
39
40
41
42
54
55
67
79
78
66
65
53
52
64
76
75
87
99
100
112
113
114
115
103
104
116
117
118
106
107
119
120
132
131
130
129
128
127
128
140
139
127
126
138
137
125
124
136
135
134
133
121
122
123
111
110
109
97
98
86
74
62
61
49
50
38
37
38
37
25
26
27
28
27
15
14
13
1
2
3
4
16
17
5
6
7
19
18
30
31
32
20
21
22
34
33
45
46
58
57
69
70
82
83
71
59
47
35
23
24
12
11
10
9
8
133
121
122
123
111
99
100
112
113
125
137
136
135
134
133
121
109
97
98
110
109
97
85
73
61
49
37
25
13
1
2
3
15
14
26
27
39
38
50
62
63
51
52
64
65
77
78
66
54
55
56
68
67
79
80
81
82
94
95
83
71
72
84
96
108
107
106
118
117
129
128
127
115
116
104
105
93
92
91
103
102
101
89
90
102
114
126
138
139
140
141
142
130
131
119
120
132
144
143
142
141
140
139
138
137
136
124
125
113
101
100
88
87
75
76
64
52
53
41
29
17
5
6
18
30
31
43
44
32
33
45
57
58
46
47
35
23
22
10
11
12
24
36
48
60
59
58
70
69
81
93
92
91
90
89
77
65
53
54
42
41
40
28
16
4
5
6
7
8
20
19
31
32
33
45
57
69
68
80
79
78
66
67
55
56
44
43
42
30
29
28
40
39
51
63
75
76
88
87
99
111
112
124
123
135
134
122
110
98
86
74
86
85
73
74
62
61
49
50
38
37
25
13
1
2
14
26
27
15
3
4
16
17
18
19
7
8
20
21
9
21
9
10
22
34
46
34
35
23
11
12
24
36
48
47
59
60
72
84
83
71
70
82
94
95
107
119
118
106
105
117
116
104
103
115
114
126
127
128
129
130
131
143
144
132
120
108
96
13
29
125
120
130
36
123
112
12
56
94
16
118
68
65
21
100
140
83
54
104
43
30
84
95
81
49
141
141
48
52
22
128
62
69
56
55
103
86
23
136
73
1
61
6
95
68
65
51
40
84
90
66
3
122
18
106
70
105
51
80
17
139
139
105
108
118
99
82
57
101
19
46
114
107
38
96
15
124
24
77
37
117
88
35
25
52
49
28
32
67
41
137
29
64
117
20
3
98
23
33
63
135
87
8
28
66
115
47
44
115
58
93
108
74
101
97
31
46
93
76
134
34
133
124
75
104
60
53
34
80
143
129
53
10
4
35
130
143
67
9
6
138
142
82
113
2
24
42
132
88
12
85
107
14
122
113
37
27
5
20
142
41
39
60
134
31
144
19
79
7
61
69
5
125
78
15
102
132
110
90
43
92
72
11
9
119
86
16
91
112
70
26
36
135
120
100
127
81
127
25
57
114
55
59
131
1
128
79
144
72
13
110
140
50
94
116
50
96
64
18
97
33
92
42
14
126
44
62
76
78
22
59
109
121
74
106
103
21
111
102
137
91
83
73
30
89
71
2
10
75
27
45
85
54
63
109
123
98
89
129
77
4
11
131
121
71
47
40
58
99
26
111
87
38
138
126
39
133
116
32
119
48
136
17
7
8
45
99
94
49
121
140
38
43
120
41
141
115
114
73
62
30
133
139
29
50
90
131
63
61
15
77
46
55
87
112
53
40
111
142
144
42
105
22
104
108
83
137
108
138
139
75
65
54
88
30
136
109
16
27
28
21
78
56
102
106
68
113
58
144
92
92
98
123
10
90
7
6
80
100
130
95
111
135
52
128
106
132
14
10
101
98
72
120
28
86
74
133
64
60
18
17
33
29
116
93
53
127
52
86
27
64
97
82
44
116
37
132
88
134
97
110
36
84
24
23
49
66
91
71
79
94
126
96
13
96
78
138
25
51
87
130
72
127
77
89
11
25
123
16
59
40
35
79
113
45
140
34
7
66
48
43
4
73
100
134
36
89
22
34
9
54
71
119
107
67
37
48
9
19
122
42
70
46
67
102
125
82
39
26
12
118
107
63
101
103
91
81
129
47
70
131
32
8
135
74
124
12
1
55
69
83
128
105
57
117
62
61
6
137
143
121
11
81
114
47
80
95
129
119
38
3
68
69
85
2
60
4
93
117
24
5
31
109
14
76
19
31
65
142
141
32
124
57
17
118
13
56
122
112
126
44
110
85
39
33
143
18
8
58
75
103
20
1
76
125
59
41
84
99
20
23
115
3
45
15
51
35
50
136
21
2
5
104
26
1
2
14
26
27
39
51
52
53
41
29
30
18
6
5
17
16
4
3
15
27
28
40
39
38
37
49
61
62
74
73
85
86
87
99
98
110
122
123
135
136
124
125
137
138
126
127
115
114
102
103
104
116
128
129
141
142
130
118
117
105
106
94
95
107
108
96
84
83
82
81
69
70
71
72
60
59
47
48
36
35
23
22
10
11
12
24
36
48
60
72
84
96
108
120
119
131
132
144
143
142
141
140
139
138
137
136
135
134
133
121
109
97
85
73
61
49
50
62
63
75
76
88
100
112
111
123
124
125
113
101
89
77
65
64
76
77
78
79
67
66
54
42
43
55
56
57
58
46
45
44
32
20
8
9
21
33
34
35
47
59
71
83
95
94
93
92
80
68
67
55
56
44
32
31
19
20
8
7
6
7
19
18
30
31
43
42
54
66
78
79
80
68
69
57
45
33
21
9
10
11
12
24
23
22
34
46
58
70
82
81
93
105
106
107
119
120
132
144
143
131
130
118
117
129
128
140
139
127
126
114
102
103
115
116
104
92
91
90
91
90
89
88
87
99
100
101
113
112
111
110
122
134
133
121
109
97
98
86
74
75
63
51
52
64
65
53
41
40
28
29
17
5
4
16
15
3
2
1
13
14
26
25
13
25
37
38
50
12
24
23
22
34
33
32
44
56
57
58
70
71
72
60
59
47
48
36
35
34
46
45
33
21
9
8
7
19
18
6
5
17
29
28
16
15
14
26
25
37
38
50
49
61
62
74
75
63
64
76
88
87
86
98
97
109
110
111
99
100
112
113
125
124
136
137
138
126
114
102
103
115
127
139
140
128
129
141
142
130
131
119
120
132
144
143
142
141
140
139
138
137
136
135
123
122
134
133
121
109
97
85
73
61
49
37
25
13
1
2
3
4
5
6
7
8
20
19
31
30
42
41
40
39
27
26
38
50
51
52
53
54
55
43
42
54
66
78
79
67
68
69
81
80
92
104
116
117
105
93
94
95
96
108
107
106
118
130
129
128
127
126
125
113
101
89
90
91
79
80
92
93
94
82
83
95
96
84
72
84
83
71
70
82
81
69
68
67
66
78
90
91
103
104
105
106
107
108
120
132
144
143
131
119
118
117
116
115
114
102
101
100
112
124
123
135
134
133
121
122
110
111
99
98
86
85
73
74
62
63
64
76
75
87
88
89
77
65
77
65
53
41
29
28
40
52
51
39
27
15
14
13
1
2
3
4
16
17
18
30
31
32
44
43
55
56
57
45
46
58
59
60
48
47
35
36
24
12
11
23
22
10
11
10
9
21
20
42
136
106
69
102
27
135
113
133
40
71
76
52
116
63
115
70
97
14
85
43
120
90
109
139
16
56
89
59
123
63
67
83
13
5
144
105
65
88
140
126
116
104
115
11
50
104
19
134
73
67
140
89
10
112
54
93
79
17
1
75
70
111
52
98
93
114
95
126
82
34
117
7
36
85
132
46
96
101
80
22
3
141
62
12
13
23
35
18
124
110
61
108
31
82
71
2
88
37
100
29
135
24
65
129
58
33
124
94
125
39
92
76
41
68
20
15
28
53
128
75
5
90
79
40
53
61
31
122
66
2
122
44
49
51
32
6
7
25
114
50
12
43
141
120
6
19
37
132
16
8
134
144
92
139
96
98
117
136
107
81
74
24
4
131
17
48
81
142
127
29
119
87
64
102
35
91
86
78
121
99
142
138
143
83
8
20
125
64
36
25
127
23
22
38
59
74
42
27
45
15
100
130
26
48
34
123
80
138
26
32
38
55
112
11
87
108
68
72
72
66
51
84
45
30
55
133
78
73
94
118
84
10
1
56
47
107
57
101
9
41
60
110
99
60
69
103
130
143
77
54
131
47
103
105
95
137
33
21
39
121
14
58
18
44
119
3
57
77
137
21
97
113
46
28
118
9
109
129
106
49
86
91
62
30
4
128
111
77
115
122
18
66
101
4
143
20
22
133
41
31
34
28
86
138
72
49
141
121
119
131
5
98
118
21
73
99
27
68
84
1
68
38
95
41
120
33
30
7
80
127
20
22
8
30
125
130
89
104
126
88
54
102
101
60
16
36
42
124
9
142
78
60
106
135
136
31
135
10
86
38
134
106
53
47
137
32
28
113
67
107
108
55
52
89
82
96
108
103
66
32
92
81
24
80
77
91
16
105
67
73
139
51
75
39
87
79
117
124
64
45
6
69
82
141
61
70
43
119
1
140
15
74
88
46
37
57
144
90
136
84
47
100
21
29
11
74
92
79
126
132
94
78
99
85
87
23
98
48
132
50
123
17
64
57
128
97
100
128
35
112
37
138
114
29
104
109
76
130
63
44
58
129
26
40
105
53
43
51
14
19
93
90
2
75
129
131
96
52
72
109
123
127
26
6
111
112
69
44
110
25
42
18
12
17
65
117
13
93
62
70
110
39
12
142
115
3
54
34
116
71
55
35
24
144
56
111
63
81
143
59
56
61
14
2
40
33
58
83
59
103
49
11
7
116
122
46
140
113
97
8
134
120
95
76
107
62
10
48
114
91
19
94
71
36
13
83
137
139
23
3
118
45
4
102
9
25
121
65
5
50
133
85
27
125
15
133
134
135
123
124
136
137
125
113
114
102
90
78
79
80
68
56
44
43
42
41
40
39
51
52
64
65
77
89
88
87
75
76
64
63
62
74
73
61
49
37
38
26
14
13
1
2
3
15
27
28
16
4
5
6
7
19
20
21
22
34
33
45
46
47
59
71
72
60
48
36
35
23
11
10
9
8
7
6
18
30
29
17
5
4
3
15
16
17
18
30
31
32
33
34
46
58
57
69
70
82
83
84
96
95
107
108
120
132
144
143
142
141
129
117
116
128
127
126
138
139
140
141
142
130
131
119
118
106
105
104
103
91
92
93
81
82
94
93
92
104
116
115
103
91
79
67
66
54
53
65
66
78
90
102
101
100
112
111
99
98
86
85
97
109
110
122
121
109
97
98
110
111
123
122
121
133
134
135
136
137
125
124
112
100
99
87
88
76
77
89
101
113
114
115
127
126
138
139
140
128
129
130
118
117
105
106
94
95
107
119
131
143
144
132
120
108
96
84
83
71
72
60
59
47
48
36
35
23
24
12
24
12
11
10
22
21
9
8
20
19
31
32
44
45
57
58
70
69
81
80
68
67
55
56
55
43
42
54
53
41
29
28
40
52
51
63
75
74
86
85
73
61
62
50
49
50
38
39
27
26
25
37
25
13
1
2
14
144
132
120
119
107
108
96
95
94
82
81
80
79
67
55
54
53
52
64
76
88
100
112
113
101
102
90
91
92
104
116
115
103
102
114
126
127
139
138
137
136
124
123
122
134
133
121
109
110
111
99
98
97
85
73
61
62
50
38
26
27
39
40
28
16
17
18
6
5
4
3
15
14
13
25
37
49
61
73
74
75
87
86
85
97
109
110
98
86
74
75
63
51
39
27
28
29
41
42
30
31
19
7
8
20
21
9
10
11
12
24
36
48
47
46
58
59
71
83
84
72
60
48
36
35
23
22
34
33
45
57
69
68
56
44
43
31
32
44
56
57
58
70
69
68
67
66
78
77
89
90
78
79
80
81
93
105
106
118
117
129
128
140
141
142
130
131
143
142
141
129
130
118
119
131
143
144
132
120
108
96
95
107
106
105
117
116
104
103
91
92
93
94
82
70
71
83
84
72
60
59
47
35
34
46
45
33
32
20
21
22
23
24
12
11
10
9
8
7
19
18
6
5
17
16
4
3
15
14
2
1
2
1
13
25
26
38
37
49
50
62
63
51
52
40
41
29
30
42
43
55
54
66
65
53
65
64
76
77
89
88
87
99
100
101
113
114
115
127
128
140
139
138
126
125
137
125
124
112
111
123
135
136
135
134
133
121
122
105
126
95
127
54
16
120
127
3
11
122
46
42
52
93
144
90
44
23
115
13
57
62
24
12
94
35
14
52
107
58
140
92
36
10
21
70
32
34
106
49
29
139
19
28
110
22
6
106
41
119
33
67
72
128
78
65
121
45
4
134
88
142
61
18
95
136
83
135
96
2
139
1
18
82
56
33
29
37
89
124
87
103
60
50
128
26
129
57
34
137
9
81
143
77
63
56
55
104
42
75
6
40
91
31
73
125
136
116
85
117
17
100
99
126
131
93
77
48
144
69
141
76
62
87
130
99
38
47
43
28
61
138
88
86
112
40
79
132
8
20
20
96
12
15
75
3
23
41
118
119
125
5
141
51
114
79
90
19
50
11
113
53
64
69
129
109
59
24
39
120
64
72
68
49
1
7
66
43
35
44
94
132
101
27
103
121
97
13
98
98
97
22
14
92
67
53
108
115
130
124
118
26
30
131
76
63
73
5
15
25
71
45
70
102
71
68
107
133
65
122
104
133
108
113
54
85
37
86
78
27
74
46
84
84
39
66
55
111
142
100
47
117
109
112
110
135
80
123
2
8
82
10
140
123
4
38
102
134
31
137
60
25
30
101
138
111
51
16
105
89
74
36
32
116
80
9
83
58
91
21
114
7
143
17
48
59
81
97
47
142
140
134
35
53
25
59
19
107
138
20
89
67
133
6
34
83
131
21
19
84
142
113
137
131
109
82
31
114
134
26
126
72
103
69
52
61
46
77
85
24
57
126
16
38
143
33
75
96
68
140
51
78
124
102
121
63
108
56
62
112
128
104
125
47
41
48
123
144
130
10
92
43
83
54
74
35
38
99
81
120
71
102
77
118
11
88
58
13
144
65
39
76
130
6
101
59
135
129
5
58
75
4
110
18
119
124
108
121
94
3
66
43
45
41
135
11
40
120
1
36
70
94
55
50
7
73
36
86
27
105
12
33
112
90
28
132
16
114
50
40
20
110
100
68
66
14
109
118
25
15
113
73
7
72
86
37
69
60
116
74
32
98
93
91
119
123
44
111
91
71
42
92
54
76
122
136
115
137
97
27
60
48
136
139
44
81
2
78
106
104
22
116
133
24
87
9
31
17
39
62
12
45
63
29
95
42
122
141
53
22
10
117
127
3
80
89
26
90
129
67
98
13
1
111
23
57
82
65
101
99
64
117
46
80
105
8
30
115
30
61
21
55
128
139
2
138
132
96
17
14
143
70
18
79
51
34
52
107
87
49
79
103
106
84
15
29
125
9
127
93
37
100
23
88
64
56
49
8
5
4
32
141
85
28
95
