##Rat 3 Day 5
 ##rewards
127
116
38
##Vertices
12
11
23
24
36
35
47
48
60
59
58
46
45
57
69
70
71
72
84
96
95
83
82
94
106
118
117
129
128
116
104
92
80
81
93
105
106
107
108
120
119
131
132
144
143
142
141
140
139
138
126
127
115
103
91
90
78
66
54
55
43
42
41
40
52
64
65
77
76
75
87
88
100
99
98
86
85
97
109
121
133
134
122
110
111
112
124
123
135
136
137
125
113
101
89
90
102
114
115
103
102
114
113
101
89
77
76
64
63
62
50
38
26
14
15
16
4
5
17
18
30
29
28
27
39
51
52
53
41
40
39
51
63
75
74
73
61
49
37
25
13
1
2
3
4
5
6
7
8
20
19
31
32
33
34
22
10
9
21
33
34
46
58
70
69
68
56
44
32
31
30
29
28
16
17
18
6
7
19
20
8
9
21
22
10
11
12
24
23
35
36
48
47
59
60
72
71
83
84
96
95
94
82
81
80
68
67
66
65
53
54
42
43
44
45
57
56
55
67
79
78
79
91
92
93
105
104
116
117
118
130
129
130
131
119
107
108
120
132
144
143
142
141
140
128
127
139
138
126
125
137
136
124
123
135
134
133
121
122
110
109
97
98
99
111
112
100
88
87
86
85
73
74
62
61
49
50
38
37
25
26
14
13
1
2
3
15
27
1
13
14
2
3
15
16
4
5
17
29
28
40
41
42
30
18
6
7
8
20
19
31
32
33
34
46
47
59
58
57
56
55
43
44
45
33
21
9
10
22
23
11
12
24
36
48
60
72
84
83
71
70
69
68
80
79
78
77
65
64
76
88
100
101
102
90
91
103
115
116
104
105
117
129
128
140
141
142
143
144
132
131
130
118
106
107
119
120
108
96
95
94
93
92
80
81
82
70
69
81
82
94
93
92
91
103
102
114
126
125
124
123
122
110
98
97
85
86
74
75
87
99
111
112
113
101
89
88
100
112
113
114
115
127
139
138
137
136
135
134
133
121
109
97
85
73
61
49
50
62
63
51
39
27
26
25
37
38
39
27
28
29
30
42
54
53
52
51
63
75
87
99
98
86
74
73
61
62
50
49
37
38
26
25
13
1
2
14
15
3
4
16
17
5
6
18
19
7
8
20
32
31
43
55
54
66
78
90
89
77
76
64
52
40
41
53
65
66
67
79
67
68
56
44
45
57
58
46
34
35
47
35
23
22
21
9
10
11
12
24
36
48
60
59
71
72
84
83
95
96
108
107
119
120
132
144
143
131
130
142
141
129
117
118
106
105
104
116
128
140
139
127
126
138
137
125
124
136
135
123
122
134
133
121
109
110
111
112
144
72
1
120
38
74
9
11
102
26
134
134
42
119
7
122
115
111
130
61
140
135
47
57
100
139
91
93
51
76
132
58
93
83
87
17
59
16
54
108
101
22
87
2
23
70
19
105
75
125
132
56
34
95
3
133
36
62
135
8
138
48
73
144
85
119
3
97
31
141
35
13
108
12
14
129
6
98
39
140
70
65
39
56
32
81
21
48
19
36
126
27
27
62
29
33
123
82
82
89
75
46
99
66
4
4
80
127
5
43
117
37
54
104
9
64
67
114
65
30
100
46
5
44
61
77
106
105
79
102
34
72
69
124
142
28
15
38
68
109
12
50
92
96
52
130
131
16
94
138
103
50
99
47
45
55
66
85
26
116
67
74
31
118
22
91
29
98
118
78
77
121
116
126
97
23
110
69
64
86
128
122
94
141
103
101
106
143
49
143
137
40
78
71
52
2
53
139
60
58
25
20
30
60
68
32
24
81
15
95
104
136
112
51
107
18
41
124
76
123
115
109
114
11
121
86
21
49
35
63
6
41
127
83
84
28
89
14
33
13
7
131
80
117
90
133
63
79
44
10
113
8
136
73
40
92
111
125
59
20
71
90
110
88
1
137
43
37
84
55
17
88
53
113
57
18
42
142
10
129
24
107
120
45
96
128
25
138
101
76
107
92
29
104
119
118
45
143
2
52
124
34
99
25
131
121
125
93
104
99
31
83
116
45
73
4
37
4
62
19
96
136
87
63
110
109
30
48
11
86
117
50
91
97
81
81
115
140
37
89
66
26
2
108
88
68
32
7
48
142
139
93
109
130
138
32
67
55
40
23
68
20
69
55
52
84
58
62
80
123
47
13
112
123
66
19
42
7
5
11
15
22
51
83
42
47
143
77
127
33
31
90
103
105
27
95
1
54
17
116
107
44
61
132
133
64
124
144
111
13
79
141
140
87
78
1
115
94
24
122
135
108
127
113
51
14
76
18
103
49
89
46
50
137
8
65
35
122
98
71
111
75
96
105
5
120
102
58
9
56
125
21
77
129
41
12
114
39
23
16
113
27
134
6
3
75
36
54
135
117
136
112
74
101
38
65
33
39
70
35
102
118
10
41
67
137
88
95
40
34
142
84
14
56
121
114
144
53
134
128
82
49
128
8
94
129
139
120
71
12
141
126
60
9
18
106
20
106
74
119
126
131
15
85
30
92
21
59
10
90
64
57
85
100
97
6
28
22
61
86
43
100
38
57
72
72
133
78
43
80
130
3
91
63
132
60
82
79
28
16
70
25
73
24
59
53
29
110
98
26
17
69
46
44
36
144
132
120
108
107
119
118
130
131
143
142
141
140
139
127
128
116
117
129
141
140
128
116
115
114
126
125
113
112
124
136
137
138
139
127
115
103
102
90
78
79
80
81
69
70
58
57
45
46
34
33
21
22
23
35
36
24
12
11
10
9
8
7
6
5
4
3
2
1
13
25
26
14
15
27
39
40
52
64
65
53
54
55
56
68
67
66
54
42
41
29
17
16
28
29
30
31
32
44
43
42
30
18
19
20
8
9
21
33
34
46
47
48
60
72
71
59
58
70
82
94
95
96
84
83
82
81
93
105
104
92
91
103
102
101
89
77
76
75
63
62
74
73
85
86
87
88
100
99
98
97
109
110
122
123
135
134
133
121
109
97
85
73
61
49
50
51
63
64
65
66
67
55
56
68
69
57
45
44
43
31
32
20
19
7
6
18
17
5
4
16
28
40
41
53
52
51
50
38
37
25
13
1
2
3
15
14
26
27
39
38
37
49
61
62
74
86
87
75
76
88
100
99
98
110
111
112
111
123
122
121
133
134
135
136
124
125
137
138
126
114
113
101
89
77
78
90
91
79
80
92
104
105
117
129
130
142
143
144
132
131
119
120
108
96
84
72
60
48
36
24
12
11
10
22
23
35
47
59
71
83
95
107
106
118
106
94
93
133
134
135
136
124
123
111
110
122
121
109
97
85
73
74
86
87
99
98
97
85
86
87
75
63
62
50
51
39
38
37
49
61
73
74
75
76
64
65
66
78
90
102
103
115
116
104
105
117
118
106
107
119
131
130
142
143
144
132
120
108
96
84
72
60
48
36
24
12
11
10
22
23
35
34
33
45
44
43
55
56
68
80
92
91
79
67
68
69
57
58
59
47
46
58
70
82
94
93
81
69
70
71
83
95
96
108
107
106
118
117
129
141
140
139
127
128
116
115
114
113
125
137
138
126
114
102
101
100
88
89
77
76
64
52
53
54
42
30
31
19
18
6
5
17
29
41
40
28
16
4
3
15
14
26
25
13
1
2
3
4
5
6
7
8
20
32
31
43
55
67
79
80
92
91
103
104
105
93
81
82
94
95
83
84
72
71
59
60
48
47
46
45
57
56
44
32
20
21
9
10
11
12
24
36
35
23
22
34
33
21
9
8
7
19
18
17
29
30
42
41
40
28
16
15
27
39
27
26
14
2
1
13
25
37
38
50
49
61
62
63
51
52
53
54
66
65
77
78
90
89
88
100
99
98
110
109
121
133
134
122
123
135
136
137
138
139
140
141
142
143
144
132
120
119
131
130
129
128
127
126
125
124
112
111
112
113
101
23
45
110
18
124
131
96
80
60
105
17
13
143
48
5
28
126
112
123
119
79
50
87
11
84
128
92
94
37
59
117
98
35
3
25
99
139
122
114
2
86
63
107
47
36
144
54
116
133
40
129
118
12
47
135
138
138
43
23
107
142
121
78
100
113
74
61
80
13
15
85
75
27
65
7
136
108
104
54
44
103
4
75
131
90
104
68
16
72
14
53
21
74
125
109
129
101
127
30
106
102
8
37
9
72
103
30
20
39
29
60
79
112
96
18
51
11
3
68
57
41
58
26
106
49
56
52
83
69
62
55
71
78
36
95
61
20
76
111
63
1
33
53
51
119
64
17
67
16
120
97
49
111
58
34
29
24
33
27
62
9
84
82
93
32
41
24
86
56
48
82
97
137
81
66
143
77
88
135
85
88
59
31
26
70
69
10
42
140
132
52
31
1
57
6
105
44
65
55
130
64
99
137
100
89
127
141
28
10
7
90
134
123
109
81
130
22
114
14
87
2
71
70
126
45
136
91
38
19
43
34
6
38
134
128
83
4
32
39
73
50
91
19
73
77
140
101
122
76
124
113
92
46
15
108
144
94
118
93
40
25
102
35
110
120
115
141
66
116
132
142
21
46
12
42
117
8
67
121
98
95
89
133
5
125
139
22
115
6
120
90
32
57
140
2
9
44
26
138
67
49
84
118
70
129
42
80
72
99
62
33
98
38
71
43
114
114
108
112
100
143
31
117
47
58
22
113
3
61
83
18
121
88
1
28
133
3
109
35
5
32
19
130
30
132
95
20
34
144
77
30
14
140
91
127
24
108
24
131
75
143
57
44
84
4
86
19
136
103
28
62
107
46
111
63
103
121
104
97
45
76
15
137
2
93
101
59
58
90
125
53
66
8
40
69
141
102
39
21
116
41
40
144
137
105
15
82
81
55
74
45
106
46
115
43
13
112
6
68
52
7
67
87
56
65
29
142
104
128
85
82
138
7
128
89
12
17
60
95
47
73
36
105
85
61
102
88
54
119
75
96
51
60
31
50
92
134
118
42
94
9
110
76
134
20
22
81
16
126
54
5
26
98
11
106
35
124
109
21
51
65
92
12
4
83
55
119
122
94
33
97
66
64
34
18
29
96
142
63
73
133
86
53
27
70
8
135
38
80
117
41
68
23
130
91
107
132
101
77
139
48
111
116
135
123
13
50
14
64
25
69
126
78
87
115
36
136
123
10
23
124
72
37
56
10
59
17
39
25
48
139
49
79
52
99
71
127
122
79
11
125
141
27
100
93
129
89
37
78
16
1
113
74
120
131
110
1
2
14
26
27
28
40
39
51
50
49
37
25
13
1
2
3
4
16
15
3
4
5
6
7
8
9
10
11
12
24
36
35
23
22
34
33
21
20
19
31
32
44
43
55
54
66
67
68
80
92
91
79
78
90
102
114
113
125
126
127
139
138
137
136
124
112
111
99
98
86
74
75
87
88
100
101
89
77
76
64
52
53
65
64
63
62
61
73
85
97
109
110
122
123
135
134
133
121
109
97
85
73
61
49
37
38
50
51
52
40
41
29
30
42
43
44
56
57
58
59
60
72
71
70
82
81
93
94
106
105
104
116
117
129
130
131
119
120
132
144
143
142
141
140
128
116
115
103
102
101
89
77
65
53
54
55
56
68
69
57
45
46
47
48
60
72
84
96
95
83
82
94
106
105
104
103
91
90
78
66
67
79
80
92
93
81
69
70
58
46
45
33
32
31
30
42
41
29
28
27
39
38
26
25
13
14
15
16
17
18
17
5
6
18
19
7
8
20
21
9
10
11
12
24
23
22
34
35
36
48
47
59
71
83
84
96
95
107
108
107
108
120
119
118
117
118
130
131
132
144
143
142
141
129
128
140
139
138
126
127
115
114
113
125
124
123
111
112
100
99
87
88
76
75
63
62
74
86
98
110
122
121
133
134
135
136
137
133
121
122
123
111
99
100
112
113
125
137
136
135
134
133
121
109
97
98
110
109
97
85
73
61
49
37
25
13
1
2
3
15
14
26
27
39
38
50
62
63
51
52
64
65
77
78
66
54
55
56
68
67
79
80
81
82
94
95
83
71
72
84
96
108
107
106
118
117
129
128
127
115
116
104
105
93
92
91
103
102
101
89
90
102
114
126
138
139
140
141
142
130
131
119
120
132
144
143
142
141
140
139
138
137
136
124
125
113
101
100
88
87
75
76
64
52
53
41
29
17
5
6
18
30
31
43
44
32
33
45
57
58
46
47
35
23
22
10
11
12
24
36
48
60
59
58
70
69
81
93
92
91
90
89
77
65
53
54
42
41
40
28
16
4
5
6
7
8
20
19
31
32
33
45
57
69
68
80
79
78
66
67
55
56
44
43
42
30
29
28
40
39
51
63
75
76
88
87
99
111
112
124
123
135
134
122
110
98
86
74
86
85
73
74
62
61
49
50
38
37
25
13
1
2
14
26
27
15
3
4
16
17
18
19
7
8
20
21
9
21
9
10
22
34
46
34
35
23
11
12
24
36
48
47
59
60
72
84
83
71
70
82
94
95
107
119
118
106
105
117
116
104
103
115
114
126
127
128
129
130
131
143
144
132
120
108
96
57
104
14
135
45
36
36
50
22
10
27
93
47
86
89
55
25
8
10
32
59
126
109
12
133
61
68
52
12
28
16
136
21
14
103
117
4
30
29
6
74
94
113
124
72
35
139
140
139
108
141
76
34
46
65
108
6
78
85
105
32
123
51
43
33
121
40
120
37
7
82
92
86
120
58
70
71
75
38
91
27
83
16
56
3
51
41
137
126
22
60
129
69
35
24
71
122
52
9
17
137
118
118
38
135
130
11
45
2
64
80
105
73
116
97
128
9
75
19
134
110
94
114
142
54
127
85
93
70
143
132
15
23
107
116
57
62
100
111
81
40
133
83
2
134
63
128
79
23
112
140
101
50
31
54
65
21
26
67
61
99
115
87
107
91
138
34
143
106
131
41
81
79
25
129
48
7
125
59
138
141
13
73
58
76
24
53
67
33
136
74
42
111
48
106
64
42
142
49
29
15
43
5
30
68
62
66
8
98
77
123
84
3
132
60
20
113
110
131
119
144
77
119
124
18
72
63
122
1
78
102
87
88
18
82
95
95
88
127
5
49
19
112
100
46
1
11
28
39
84
47
90
80
39
69
125
92
44
104
66
102
53
89
26
55
44
109
4
99
103
96
101
130
13
96
90
56
121
144
17
97
37
117
31
20
98
115
114
23
9
24
69
59
133
123
96
100
54
106
7
77
101
83
74
8
129
32
40
62
21
77
86
141
70
74
46
109
56
141
48
4
86
50
85
44
10
143
102
108
119
143
128
126
15
66
34
81
112
38
50
43
87
114
16
122
5
89
28
71
65
93
25
71
14
31
131
95
28
20
127
142
47
6
132
65
124
59
90
88
18
111
21
58
120
22
53
140
84
27
25
70
67
139
61
64
108
17
49
130
43
29
56
27
114
75
52
3
33
32
132
55
78
73
45
78
75
115
8
60
79
142
102
125
64
82
26
113
62
42
45
39
99
63
11
3
38
90
122
76
134
10
116
1
12
89
13
97
6
16
68
76
73
118
41
26
24
22
110
137
137
57
104
81
19
51
72
17
105
144
115
82
121
126
127
104
49
7
84
51
118
112
11
57
120
4
139
79
1
69
136
60
135
121
103
113
20
107
36
97
36
42
130
83
117
31
93
41
2
85
72
14
94
13
34
91
107
99
52
44
29
106
54
138
67
124
133
66
35
12
91
92
131
111
47
37
19
87
23
96
88
119
144
109
116
63
58
46
37
55
140
33
53
103
95
134
110
136
80
98
61
94
101
40
135
15
2
80
68
9
35
117
5
30
100
39
98
48
128
105
129
138
123
92
125
18
30
