##Rat 5 Day 12
 ##rewards
74
87
21
##Vertices
67
15
14
2
6
61
32
118
141
73
25
113
58
72
40
131
116
69
144
96
136
98
115
136
12
107
74
120
127
64
99
127
57
138
122
58
76
110
83
31
133
78
17
31
105
45
135
140
54
83
20
26
90
3
92
13
66
143
130
111
64
36
134
88
6
94
81
20
62
140
41
52
37
74
90
76
22
51
44
137
89
30
65
123
50
50
1
60
53
100
11
36
33
137
54
142
53
112
70
85
82
65
87
131
113
95
129
109
12
39
112
78
73
21
102
46
121
143
105
120
28
116
99
22
132
94
132
124
125
8
82
128
102
63
69
97
19
43
104
23
115
71
2
122
139
35
3
79
77
138
68
13
93
126
134
70
49
37
97
135
144
49
130
84
71
23
48
18
141
119
44
89
33
103
24
42
103
101
59
95
48
75
7
85
51
55
86
30
7
4
35
86
5
4
8
46
101
96
10
34
39
25
92
10
27
9
24
19
42
5
29
98
117
57
87
55
68
56
18
72
40
129
79
139
114
16
77
34
47
110
41
11
91
1
63
109
15
67
47
108
32
142
62
27
59
128
81
21
61
80
66
43
125
108
80
123
114
75
38
93
118
107
17
126
100
84
14
28
38
52
56
104
29
119
121
45
117
111
91
133
9
106
60
16
88
124
106
26
68
78
23
124
94
124
134
130
14
98
11
116
42
136
108
46
82
9
123
69
29
102
142
20
48
116
31
30
63
11
41
69
4
27
47
81
48
77
74
10
110
24
9
108
97
21
125
76
136
95
27
16
126
60
68
73
140
57
122
22
6
101
80
100
90
105
14
23
115
54
99
47
84
2
18
57
37
64
49
133
114
85
56
132
104
139
121
62
134
38
50
85
105
129
17
36
1
141
79
87
86
1
26
77
30
56
83
125
113
118
67
76
96
87
110
20
61
10
58
15
7
35
88
75
75
129
44
123
35
66
65
63
40
55
143
43
19
89
131
78
41
24
60
71
91
111
55
70
112
120
39
40
38
95
138
67
115
50
103
66
74
138
127
140
128
8
52
5
12
90
51
59
32
39
86
72
71
64
119
112
144
114
119
111
21
106
107
6
43
36
113
93
33
141
28
8
62
16
37
42
18
82
93
28
15
143
83
96
70
89
120
91
19
34
80
72
104
139
29
25
2
103
22
13
73
33
144
3
61
97
88
44
58
13
117
107
65
128
45
117
49
17
130
101
81
52
99
135
142
109
102
32
127
54
84
51
26
46
5
109
92
122
137
137
31
53
133
7
45
4
3
25
12
126
59
132
106
94
53
79
98
121
92
135
34
131
118
100
144
143
142
141
129
130
118
119
131
132
120
108
96
84
83
95
94
106
107
108
96
95
94
82
70
71
59
58
46
47
48
60
72
84
83
82
81
69
68
67
79
91
103
102
114
113
101
100
112
111
99
98
110
122
123
135
134
133
121
109
97
85
73
61
49
37
25
13
1
2
3
15
14
26
27
28
40
41
42
54
53
65
77
89
90
78
66
65
64
52
51
50
38
39
51
63
75
87
88
76
64
63
62
74
86
85
97
98
99
111
112
124
136
137
138
126
125
113
114
115
116
128
140
139
127
115
103
104
105
93
92
80
81
69
57
56
55
43
31
30
18
19
7
8
20
32
44
45
33
21
9
10
22
23
35
36
24
12
11
10
9
8
7
6
5
17
29
30
42
54
66
78
77
89
90
102
101
100
88
76
75
87
86
74
73
61
62
50
49
37
38
39
40
52
53
41
29
17
16
4
3
2
1
13
25
26
14
15
27
28
16
4
5
6
18
19
20
32
31
43
44
45
33
21
22
34
46
34
35
23
11
12
24
36
48
47
59
60
72
71
70
58
57
56
55
67
68
80
79
91
92
93
105
106
107
119
120
132
144
143
131
130
142
141
140
139
138
137
136
135
134
133
121
109
110
122
123
124
125
126
127
128
129
117
118
117
116
104
133
121
109
97
98
110
111
123
122
134
135
136
137
138
126
125
113
112
124
136
137
125
113
114
115
127
128
116
117
129
141
140
139
138
126
114
102
103
91
79
78
77
76
64
63
51
52
40
39
27
28
16
15
14
26
25
13
1
2
3
4
5
6
7
8
9
10
11
12
24
36
35
23
22
34
46
45
57
69
68
56
55
54
53
65
66
67
55
43
44
32
20
21
33
32
31
30
29
41
42
43
31
19
18
17
5
4
16
28
27
39
38
37
49
61
62
50
51
63
75
87
86
85
73
74
75
76
88
100
101
89
90
102
103
104
92
80
81
82
70
71
83
84
96
95
94
93
105
106
107
108
120
119
131
130
142
143
144
132
120
108
96
84
72
60
59
58
70
69
68
67
66
54
53
65
64
52
40
41
42
30
29
17
18
6
7
19
20
8
9
21
33
45
44
56
57
58
59
47
48
36
24
12
11
10
22
23
35
34
46
47
48
60
72
71
83
95
94
82
81
93
105
106
107
119
118
117
118
130
131
132
144
143
142
141
129
128
140
139
127
115
116
104
92
80
79
91
90
78
77
89
101
100
112
124
123
135
134
133
121
122
110
109
97
85
73
61
49
37
25
13
1
2
3
15
14
26
38
50
62
74
86
98
99
111
99
87
88
44
56
12
21
122
60
48
127
112
62
49
72
95
37
34
131
28
115
59
120
70
84
90
75
7
20
58
82
53
121
61
25
124
135
80
130
53
59
128
42
142
85
17
104
126
12
79
122
38
65
47
124
96
14
3
68
19
132
8
144
101
69
126
24
15
22
110
22
31
71
91
41
105
104
98
86
134
83
68
140
84
1
8
118
133
40
10
4
36
31
102
117
142
99
34
99
16
72
133
114
57
37
107
40
62
64
88
5
25
73
50
77
24
95
56
21
111
93
6
140
9
116
58
98
143
76
7
80
139
23
85
125
66
29
90
32
35
36
131
79
130
97
44
63
13
78
55
114
39
27
2
73
76
91
30
78
43
136
43
74
138
109
97
41
30
3
115
49
11
19
65
54
88
123
123
51
17
33
60
134
9
5
100
119
16
18
96
33
92
45
107
112
2
121
136
75
39
111
141
106
47
83
46
61
18
109
138
6
87
52
113
103
129
70
77
57
132
27
54
135
102
15
117
23
100
32
116
10
69
29
35
92
103
89
93
128
74
48
81
67
89
4
55
67
113
28
42
108
64
106
129
66
11
86
13
94
46
63
1
119
118
71
94
105
38
143
26
144
52
81
137
14
101
82
108
45
137
120
139
141
87
51
125
20
26
127
110
50
35
144
42
57
55
67
68
87
124
113
58
33
44
74
116
63
101
88
47
127
128
118
89
95
76
48
77
36
143
46
132
86
7
1
6
56
11
80
12
107
53
43
126
94
114
108
90
34
17
115
5
73
109
40
82
14
27
69
21
129
78
66
2
47
39
45
43
103
129
70
17
110
137
115
11
137
109
103
93
14
136
94
79
58
35
83
29
32
63
53
85
72
57
71
34
98
142
73
87
122
140
123
77
105
91
104
30
13
85
65
12
24
54
124
3
20
114
130
135
78
50
59
23
132
101
72
133
117
31
37
143
117
10
65
71
20
125
112
52
8
120
122
118
113
28
89
83
140
102
100
13
81
51
91
66
21
142
4
61
22
106
52
88
5
138
108
49
136
102
25
40
95
33
134
16
10
97
116
104
48
93
8
22
141
1
99
119
46
121
62
99
19
39
28
126
4
110
92
69
55
127
84
130
106
15
54
70
82
123
38
56
16
67
107
23
60
26
41
26
96
37
120
98
135
9
30
80
131
100
6
3
97
144
19
29
36
49
18
111
134
111
51
2
128
50
7
32
27
79
121
9
24
41
139
15
76
60
45
42
138
61
62
131
90
119
75
105
125
68
141
38
86
74
92
139
44
64
18
75
31
133
112
96
59
25
64
81
84
1
13
14
15
27
39
40
28
29
17
5
4
3
2
1
13
25
37
38
26
25
37
49
61
73
85
97
109
121
133
134
135
123
122
110
111
99
98
86
74
75
87
88
76
77
65
66
78
90
91
92
80
79
67
68
69
70
58
59
71
83
84
72
60
48
47
46
34
33
21
20
19
31
32
44
45
57
56
55
43
42
41
53
54
42
30
18
6
7
8
9
10
22
23
35
36
24
12
11
10
9
8
7
6
5
4
16
17
29
41
40
52
51
63
64
76
88
89
101
113
125
137
138
126
114
115
103
104
116
117
105
93
94
106
107
119
131
130
142
143
144
132
120
108
96
95
94
82
81
69
57
56
55
54
53
65
77
89
90
102
101
100
112
124
136
137
138
139
140
128
127
115
116
117
105
93
81
80
68
67
66
78
79
91
92
104
103
102
114
113
112
100
99
87
75
63
64
52
51
39
27
28
16
15
3
2
14
26
38
50
62
50
49
61
62
74
73
85
86
98
97
109
121
133
134
122
110
111
123
135
136
124
125
126
127
139
140
128
129
141
129
141
142
130
118
106
118
119
131
143
144
132
120
108
107
95
96
84
72
71
83
82
70
58
59
47
35
34
46
45
33
32
44
43
31
30
18
19
20
21
22
23
11
12
24
36
48
60
12
11
23
35
34
33
45
46
58
59
60
48
36
24
12
11
10
9
21
22
10
9
8
7
6
5
4
3
2
1
13
25
26
14
15
27
28
16
17
18
30
29
41
42
54
55
67
66
65
77
89
90
78
79
91
103
115
116
128
127
126
138
139
140
141
129
117
118
106
107
95
83
82
94
93
105
104
92
80
81
69
57
56
68
69
70
71
72
84
96
108
120
119
131
130
142
143
144
132
120
108
96
84
72
60
48
47
59
58
57
45
44
32
31
43
42
41
53
52
51
50
49
61
62
63
75
76
88
87
99
100
101
113
112
124
123
122
110
109
121
133
134
135
136
137
125
113
114
102
103
104
92
80
68
56
55
54
53
65
64
52
40
39
38
37
49
61
73
85
86
74
75
87
99
100
101
102
90
91
79
67
66
78
77
89
88
76
64
63
51
39
40
28
29
30
31
43
44
32
33
34
46
47
35
36
24
23
22
21
20
19
20
8
7
19
18
6
5
17
16
4
3
2
1
13
14
15
27
26
25
37
38
50
62
74
73
85
86
98
97
98
97
109
110
111
112
111
123
122
121
133
134
135
136
124
125
137
138
139
127
126
114
115
116
128
129
130
118
117
105
106
94
93
81
82
70
71
83
95
107
119
131
132
144
143
142
141
140
67
143
107
45
16
70
107
35
11
105
71
9
63
114
82
100
141
99
127
139
23
41
29
134
121
130
5
5
129
19
108
142
25
49
47
20
74
123
136
98
4
2
98
124
62
82
88
94
42
129
142
13
69
92
133
112
27
81
128
73
28
104
131
48
118
92
119
93
102
57
68
102
125
58
126
53
105
122
66
144
90
110
128
21
56
53
111
79
52
72
24
84
11
121
7
84
55
46
113
27
41
117
85
138
132
97
116
77
16
112
144
86
79
67
29
46
44
130
31
39
135
139
43
37
115
54
17
103
31
28
63
3
22
76
37
55
57
10
43
12
75
47
34
2
94
70
21
3
109
111
22
101
54
126
135
80
33
108
50
85
76
65
50
25
19
12
38
14
15
61
95
97
117
120
14
73
68
42
140
110
131
6
95
18
137
7
99
24
123
78
71
34
44
20
133
103
32
8
100
125
17
56
9
104
80
59
96
39
1
51
96
26
35
52
4
62
106
49
33
140
83
81
75
72
6
15
36
141
136
88
134
106
101
32
120
65
30
89
127
66
138
137
83
13
30
113
124
38
36
132
122
143
116
91
59
58
115
74
40
23
8
91
93
119
78
64
109
114
64
61
45
1
118
51
77
90
89
86
18
60
26
48
87
40
87
60
69
10
5
37
57
78
113
13
90
106
60
105
58
115
11
19
136
3
18
47
120
131
114
139
59
56
29
65
17
76
73
116
11
21
113
66
124
94
95
132
57
86
7
141
40
20
117
29
46
67
45
88
67
135
61
143
128
42
83
69
127
51
65
49
101
77
87
72
111
85
140
127
50
23
86
36
105
40
100
140
64
38
24
99
118
75
34
137
121
3
7
10
98
109
104
39
9
133
76
48
94
28
72
128
9
91
22
139
56
138
25
55
62
80
10
19
16
104
124
41
43
50
24
144
30
6
84
107
63
31
44
2
108
14
103
22
74
81
14
68
141
135
60
17
74
96
100
46
119
47
21
33
122
59
12
8
107
15
42
30
53
89
133
117
95
121
32
134
106
26
44
84
32
27
137
35
38
52
112
96
54
122
142
64
18
112
37
23
73
1
125
43
109
93
35
20
87
115
123
143
62
79
93
4
66
33
102
2
26
71
27
91
118
110
120
55
129
89
92
1
97
58
70
130
136
12
78
41
110
138
97
125
92
98
82
39
114
126
70
69
131
85
13
80
119
5
132
61
123
142
126
90
71
28
4
34
16
102
101
8
25
36
83
15
53
144
134
51
68
81
79
48
130
111
49
116
88
129
75
6
99
103
108
54
52
31
82
63
77
45
144
132
131
130
118
117
116
104
92
93
94
82
83
84
96
95
107
108
120
119
118
106
105
117
129
141
140
139
127
126
138
137
125
113
112
124
123
122
110
109
97
98
86
85
73
74
62
63
75
76
64
52
51
50
38
37
25
26
27
39
40
28
29
17
16
4
5
6
18
30
42
43
31
19
7
8
20
21
9
10
22
23
35
36
24
12
11
10
9
8
7
6
5
4
3
15
14
2
1
13
25
37
49
61
73
85
97
109
121
133
134
135
136
137
138
139
140
128
127
115
114
102
101
100
99
111
110
98
86
87
88
89
90
91
103
102
90
78
66
67
79
80
81
69
68
56
44
32
33
45
57
58
59
60
48
47
46
34
22
21
20
19
18
17
29
41
53
54
55
67
68
56
57
58
70
71
59
60
72
84
72
71
83
82
70
69
81
80
79
78
66
54
55
43
44
45
46
47
48
36
24
12
11
23
35
34
33
32
31
30
42
41
40
28
16
15
3
2
1
13
14
26
27
39
38
50
49
61
62
74
75
76
64
63
51
52
53
65
77
65
77
89
101
113
112
100
88
87
99
111
123
122
121
133
134
135
136
124
125
126
114
115
116
104
103
91
92
93
105
106
94
95
96
108
107
119
120
132
144
143
131
130
142
143
142
141
129
128
133
134
122
110
111
99
87
88
89
101
113
114
126
138
137
125
124
136
135
123
111
112
100
99
98
97
85
73
74
62
61
49
50
51
39
38
26
14
15
3
4
16
17
5
6
18
19
31
30
42
43
44
32
20
21
9
10
22
34
33
45
46
58
59
47
48
60
72
71
70
69
81
82
83
84
96
95
107
108
120
119
131
130
142
143
144
132
120
108
96
84
72
60
48
36
35
23
24
12
11
10
9
8
7
6
5
4
3
2
1
13
25
37
49
61
73
85
86
74
75
63
64
52
40
28
27
15
16
17
29
41
53
65
77
76
64
65
66
67
79
78
90
102
103
91
92
93
94
106
105
104
116
128
140
141
129
117
118
119
107
95
83
71
59
58
57
56
68
80
79
91
92
104
116
115
127
128
140
139
138
139
127
126
114
115
103
102
90
78
66
67
68
80
81
93
105
117
129
141
142
143
144
132
131
130
118
106
94
82
70
69
57
45
46
47
35
36
24
12
11
23
22
34
33
21
20
8
7
19
18
30
42
43
31
32
44
56
55
54
55
54
53
52
51
39
40
41
29
28
27
26
14
2
1
13
25
37
38
50
62
63
75
87
88
76
77
89
101
100
112
113
125
137
136
124
123
135
134
133
121
122
110
109
121
109
97
98
86
