##Rat 7 Day 23
 ##rewards
62
51
129
##Vertices
133
134
122
110
111
123
135
136
137
125
126
138
139
127
115
116
128
140
141
129
117
118
119
131
130
142
143
144
132
120
108
96
95
83
82
94
93
105
104
103
91
90
78
77
89
101
102
114
113
112
100
99
98
86
85
97
109
121
133
134
135
123
124
112
100
88
87
75
76
64
63
62
50
49
61
73
74
75
63
51
52
40
39
27
15
14
26
38
37
25
13
1
2
3
4
16
17
5
6
7
8
20
19
18
30
31
43
44
45
46
34
22
10
9
21
33
32
31
30
29
28
40
41
42
54
53
65
66
67
79
80
81
69
68
56
55
43
44
32
33
34
35
23
11
12
24
36
48
60
72
84
96
108
107
106
105
117
116
104
92
93
81
82
70
71
59
58
57
45
46
47
59
47
35
23
11
12
24
36
48
60
72
84
83
71
70
58
57
69
68
56
55
67
66
54
42
41
53
65
77
76
64
52
51
39
27
28
29
17
18
19
20
21
22
10
9
8
7
6
5
4
16
15
3
2
1
13
14
26
25
37
38
50
49
61
62
74
73
85
86
98
97
109
121
122
110
111
99
87
88
89
90
78
79
80
92
91
103
115
127
126
114
102
101
113
125
124
136
137
138
139
140
128
129
141
142
130
131
143
144
132
120
119
118
106
94
95
107
12
24
36
48
47
59
60
72
84
96
108
120
132
144
143
131
130
142
141
129
117
105
104
92
93
81
82
70
69
68
67
55
43
42
30
31
32
20
21
33
34
22
23
11
10
9
8
7
6
5
17
16
4
3
2
1
13
25
37
38
26
14
15
27
39
40
52
53
65
77
76
64
63
51
50
62
74
86
98
97
85
73
61
49
37
25
26
27
28
29
41
40
28
29
30
18
19
31
43
44
45
57
56
68
80
79
91
90
78
66
54
55
56
44
32
33
45
46
58
57
69
70
71
83
95
94
106
107
119
118
117
116
128
140
139
127
126
138
137
125
124
136
135
123
122
134
133
121
109
110
111
99
87
88
100
101
102
103
115
114
113
112
111
99
100
88
89
101
102
103
104
116
128
140
139
138
126
127
115
114
113
112
124
125
137
136
135
123
122
134
133
121
109
110
98
97
85
86
87
75
76
75
63
62
74
73
61
49
50
38
39
51
52
64
65
53
41
42
54
66
67
79
78
77
89
90
91
92
80
81
82
83
71
59
58
46
34
35
47
35
23
22
21
20
19
18
17
16
15
14
13
1
2
3
4
5
6
7
8
9
10
11
12
24
36
48
60
72
84
96
95
107
108
120
119
131
132
144
143
142
141
129
130
118
106
105
93
94
35
108
75
133
47
32
13
114
93
124
71
52
116
26
54
43
38
140
80
139
52
60
100
70
63
139
118
17
144
103
45
119
82
28
105
94
61
74
138
44
67
68
50
41
50
55
137
73
49
96
6
10
107
101
29
24
58
53
37
22
17
32
6
39
82
27
31
37
130
137
11
72
36
81
14
102
111
33
3
71
9
3
23
92
36
109
41
59
122
94
118
48
89
84
124
5
106
57
65
117
104
103
39
80
97
113
100
22
128
86
20
121
42
136
67
115
110
77
14
84
106
20
110
131
101
130
19
2
87
56
43
95
73
46
63
40
5
119
129
115
7
108
79
143
69
111
42
13
54
109
83
35
88
26
53
78
142
62
132
23
64
81
33
25
74
76
56
34
91
136
78
16
114
15
10
46
105
92
135
1
86
141
95
38
7
59
24
134
57
132
34
68
98
131
125
18
49
135
12
123
51
144
2
113
44
72
66
85
127
89
8
19
30
28
27
30
66
18
76
69
125
121
55
90
65
62
93
102
83
96
120
8
21
134
127
120
128
116
11
99
25
104
4
112
12
64
4
60
1
16
75
98
88
29
45
126
9
31
87
77
99
142
47
140
126
21
15
112
107
97
85
122
117
129
79
123
90
48
61
143
141
70
40
133
51
91
138
58
25
105
108
44
52
49
50
120
39
121
56
38
48
65
8
104
92
117
143
90
102
66
59
91
101
59
89
104
34
133
12
35
79
14
31
31
7
105
33
96
29
23
2
92
20
18
72
74
103
114
127
38
43
68
47
33
109
89
6
115
32
99
6
81
94
42
90
110
11
91
65
71
83
30
25
129
96
58
111
29
136
80
61
24
41
22
133
55
75
27
132
36
63
61
144
88
76
136
4
17
45
5
28
51
137
12
43
99
140
72
127
24
142
15
53
97
15
98
128
82
122
64
1
83
128
119
139
81
60
71
63
134
44
115
111
19
9
3
113
124
46
3
22
26
84
8
119
141
117
130
23
85
14
4
98
118
67
93
26
95
94
93
54
78
87
142
141
125
13
106
126
53
135
124
1
131
74
132
100
116
42
21
36
106
50
126
49
102
86
73
114
37
69
62
37
27
101
67
56
112
75
73
82
68
140
107
84
130
62
57
137
77
5
77
17
121
52
108
32
135
109
95
87
11
2
69
45
28
144
35
123
20
19
78
143
85
48
103
97
100
18
47
34
40
13
46
129
40
41
138
21
64
30
51
60
138
70
55
112
54
139
79
58
16
76
66
122
16
10
88
9
110
134
80
131
118
113
123
120
57
107
7
86
70
125
39
116
10
144
143
142
130
131
119
120
132
144
143
142
141
140
139
138
137
136
135
123
111
110
109
97
85
73
61
49
50
38
37
25
26
14
2
3
4
16
15
27
39
51
63
62
74
75
76
64
52
53
54
42
43
55
67
66
65
77
78
79
91
103
104
116
128
129
117
118
106
94
95
96
108
107
106
105
93
81
69
68
80
92
93
105
104
92
80
79
91
90
89
88
87
86
98
99
100
101
102
114
113
112
124
125
126
127
115
114
113
101
100
88
87
75
76
64
52
40
41
29
28
27
39
40
41
42
30
31
32
44
56
57
45
46
34
33
21
22
23
35
47
48
36
24
12
11
10
9
8
20
19
18
17
5
6
7
8
9
21
33
34
46
58
59
60
72
84
83
71
70
82
94
95
107
119
118
117
116
115
103
102
90
89
77
78
66
67
68
69
81
82
83
71
70
58
59
47
35
23
22
10
11
12
24
36
48
60
72
84
96
108
120
132
131
130
129
141
140
128
127
139
138
126
125
137
136
135
123
124
112
111
99
98
110
122
121
122
134
133
134
133
121
109
97
85
86
74
73
61
62
63
51
50
49
37
38
26
25
13
1
2
1
13
14
15
3
4
16
28
29
30
18
17
5
6
7
19
20
32
31
43
44
45
57
56
55
54
53
65
1
13
25
26
27
28
16
17
18
19
7
6
5
4
3
15
14
2
3
4
5
6
18
30
29
41
42
54
55
67
68
80
92
91
90
78
66
65
64
63
75
87
86
74
73
85
97
109
110
111
99
98
97
85
73
61
49
37
38
39
51
50
62
63
51
52
40
41
53
54
66
67
79
80
81
69
57
45
44
32
20
21
33
34
22
23
35
47
48
60
59
58
70
71
72
84
83
95
94
93
105
106
118
130
142
143
144
132
131
119
120
108
96
84
72
60
48
36
24
12
11
10
9
8
7
19
31
43
55
56
68
69
81
82
94
93
105
117
129
128
127
115
116
104
103
102
114
126
138
137
125
113
101
89
77
76
88
100
112
124
123
122
121
133
134
135
136
137
138
139
140
139
127
126
114
113
125
124
136
135
123
122
134
133
121
109
110
98
99
111
112
100
88
87
86
74
75
76
64
52
53
65
77
89
101
102
90
78
79
91
92
104
103
115
116
128
140
141
142
141
129
117
118
130
131
143
144
132
120
119
107
106
107
108
96
95
83
82
70
71
59
47
46
34
22
23
35
36
24
12
11
10
9
8
20
21
33
45
46
58
57
56
44
32
31
43
42
30
29
28
40
39
27
26
38
50
62
61
49
37
25
13
1
2
14
15
16
17
120
87
112
78
7
123
20
4
128
81
22
115
33
99
49
139
30
50
46
96
92
63
136
16
48
118
115
83
63
15
25
87
37
76
15
108
19
39
95
119
75
84
35
108
12
19
123
9
3
110
110
35
100
32
61
141
47
116
89
44
121
14
1
73
51
20
62
107
144
24
60
98
17
71
120
13
1
95
80
28
113
105
69
72
142
61
42
98
136
53
18
33
90
5
7
114
34
54
86
30
77
48
43
14
122
67
105
27
116
58
59
39
102
103
46
16
97
122
132
124
135
42
101
109
109
65
140
125
86
125
13
22
24
106
144
56
112
29
47
26
106
38
8
32
70
67
4
41
62
21
73
130
114
70
137
26
31
94
53
127
103
126
84
135
44
60
132
88
37
128
10
11
82
129
133
68
52
94
138
31
49
56
36
113
100
45
81
89
129
10
92
51
57
93
75
126
45
79
104
88
27
59
21
107
80
96
52
134
40
91
82
8
72
18
104
141
99
71
69
78
85
74
55
90
54
23
12
79
131
102
40
117
111
118
55
127
121
64
83
143
6
11
101
77
111
124
134
2
133
66
131
38
25
9
50
6
28
93
57
68
5
58
65
137
74
140
2
142
17
43
76
41
66
64
143
3
29
138
85
36
139
97
23
130
91
119
117
34
102
110
76
107
53
28
121
115
117
63
130
125
140
138
127
4
58
96
46
15
31
109
10
60
118
15
94
32
65
82
68
39
88
82
69
3
120
61
75
67
77
50
103
98
118
27
27
14
11
20
117
77
139
1
44
62
54
45
48
12
32
43
49
85
33
51
143
34
25
55
71
25
124
33
73
108
57
97
59
122
42
100
50
23
100
54
80
31
38
88
99
18
132
137
56
102
74
106
135
46
92
68
66
7
60
113
126
96
17
101
89
8
143
81
36
30
108
106
5
86
19
56
16
140
66
128
36
61
93
67
12
123
103
135
137
26
38
20
52
47
55
57
52
83
64
144
74
42
83
22
1
120
129
73
72
24
104
65
95
112
62
21
81
132
11
17
35
119
101
43
4
105
128
41
13
28
44
64
138
10
19
85
59
84
109
2
127
91
24
14
48
129
41
141
70
133
63
114
9
58
18
110
35
16
107
78
37
94
22
87
124
89
116
7
71
75
29
76
90
53
125
91
104
111
79
139
23
45
39
99
49
134
119
114
69
131
6
51
116
78
98
111
8
133
30
130
86
112
97
80
40
122
113
144
5
134
131
95
79
13
40
142
93
29
87
2
47
70
6
3
136
9
72
84
26
92
126
90
21
123
105
141
142
34
37
121
115
136
12
24
23
22
34
35
36
48
60
59
71
72
84
83
82
94
95
96
108
107
106
118
130
131
119
120
132
144
143
142
141
140
128
127
115
116
104
105
93
81
80
68
67
55
56
57
69
70
58
46
45
33
21
20
8
9
10
11
12
24
36
35
47
46
45
44
32
31
43
42
30
18
17
5
6
7
19
31
30
29
41
40
28
27
26
14
15
16
4
3
2
1
13
25
37
38
50
49
61
73
85
86
74
62
63
75
76
88
100
112
111
110
109
97
98
99
87
75
63
51
39
40
52
64
65
53
54
66
78
79
91
103
102
90
89
77
76
88
87
99
111
123
122
121
133
134
135
136
137
138
139
140
141
129
117
105
106
94
93
92
104
103
115
114
126
125
113
101
100
112
124
125
124
123
122
121
133
134
135
136
137
138
139
127
126
114
113
101
102
90
89
77
78
66
65
64
52
53
54
55
43
42
41
29
28
27
39
51
50
62
74
86
98
110
109
97
85
73
61
49
37
38
26
25
13
1
2
14
15
3
4
16
17
5
6
18
19
7
8
20
21
9
10
11
23
22
34
33
32
44
56
68
67
79
91
92
80
81
82
83
71
70
69
57
58
59
47
48
60
72
84
96
95
107
108
120
119
131
132
144
143
142
130
118
117
116
128
129
133
121
109
97
98
86
85
73
61
49
37
25
13
1
2
14
15
3
4
16
28
40
41
53
52
64
63
75
76
77
78
90
102
103
115
114
113
125
124
112
111
123
122
134
135
136
137
138
139
140
128
129
141
142
143
144
132
120
108
107
119
131
130
118
106
105
93
92
80
68
69
81
82
94
95
83
71
59
47
48
60
72
84
96
108
120
119
118
117
116
104
105
117
116
115
127
126
114
102
101
100
88
89
77
65
66
54
55
67
79
91
90
89
101
113
112
100
99
87
88
76
75
74
62
50
51
39
38
26
27
28
29
17
5
6
18
19
7
8
20
21
9
10
22
23
11
12
24
36
35
34
46
58
57
45
44
43
42
30
31
32
33
34
46
45
57
56
44
43
42
41
29
17
5
6
7
19
18
30
31
32
33
21
20
8
9
10
22
23
11
12
24
36
35
47
48
60
59
58
70
69
70
82
83
71
72
84
96
95
107
106
94
93
81
80
92
104
103
91
79
78
66
67
68
56
55
54
53
65
64
63
62
74
86
87
99
111
110
98
110
122
123
124
125
126
127
128
129
130
131
132
144
143
142
141
140
139
138
137
136
135
134
133
121
109
97
85
73
61
49
50
38
37
25
26
14
13
1
2
3
4
16
15
27
39
40
52
51
108
81
63
20
11
10
120
36
2
1
77
54
48
54
144
115
64
88
33
136
139
27
9
71
99
136
18
62
74
135
106
4
43
59
90
95
3
1
7
115
50
22
84
125
55
65
10
129
38
52
95
49
86
6
110
142
15
121
41
36
131
97
89
23
102
67
76
46
56
42
144
11
58
68
13
19
49
68
108
83
96
17
43
99
71
98
114
21
56
104
35
79
18
16
19
46
111
85
32
89
35
75
38
112
130
80
110
51
73
75
31
113
73
127
3
101
44
82
13
117
117
72
76
91
22
96
137
142
4
92
90
85
29
78
93
112
12
81
119
57
84
78
129
94
30
42
57
14
91
97
121
55
140
79
132
141
40
127
80
63
118
39
45
92
64
137
20
39
32
60
122
134
114
94
12
101
31
29
102
109
107
106
37
37
130
25
111
143
105
104
125
50
138
87
138
70
69
141
48
21
33
30
52
133
128
61
61
93
105
53
28
107
131
58
9
27
98
26
51
69
70
118
65
132
116
25
128
116
135
17
103
124
126
123
72
82
123
140
109
34
126
7
15
26
120
86
143
119
47
16
74
45
66
67
88
8
66
6
28
124
40
113
103
47
83
24
122
62
53
5
59
14
60
133
41
24
8
77
87
34
139
100
100
5
134
2
23
44
124
137
136
118
32
5
21
27
41
45
102
26
20
8
92
55
53
89
68
128
113
81
15
111
17
142
83
117
99
78
97
137
48
65
105
35
30
132
144
129
35
31
21
38
37
63
120
33
19
56
44
93
6
20
88
93
95
104
39
24
136
70
110
75
126
98
63
74
48
94
68
3
125
71
38
34
69
89
13
143
109
67
140
131
27
128
52
57
72
115
91
123
99
46
126
18
124
104
81
78
133
57
138
65
90
14
52
117
58
6
7
119
125
70
1
49
24
119
84
77
28
96
66
143
8
100
4
140
44
123
58
40
101
62
76
84
37
12
2
86
130
120
82
107
112
50
2
87
25
43
97
16
101
60
95
87
30
122
144
91
116
14
107
36
28
122
1
56
3
69
5
62
80
106
51
138
47
29
96
129
22
113
9
42
51
133
10
39
15
13
79
86
23
83
25
53
135
26
12
61
103
50
142
55
60
59
108
46
115
114
100
82
10
134
23
92
4
54
72
64
130
98
31
66
77
80
73
22
54
127
90
71
88
47
17
7
127
108
85
11
79
32
75
33
111
40
19
121
102
135
18
59
49
118
73
67
61
110
41
116
121
141
16
34
9
64
105
106
134
85
45
76
131
43
112
74
114
103
109
36
132
11
139
94
29
139
42
141
