##Rat 6 Day 18
 ##rewards
83
94
16
##Vertices
137
112
128
76
49
29
61
19
136
120
10
95
59
56
78
137
28
74
18
132
76
141
17
33
142
64
22
114
84
21
104
53
53
72
86
126
38
54
50
88
110
47
70
36
60
127
25
14
96
69
16
61
108
143
45
6
142
85
9
121
40
67
77
30
94
62
7
95
80
83
144
55
34
55
24
57
45
20
134
123
116
12
75
88
14
138
2
44
91
102
111
75
9
73
33
90
108
35
89
48
1
73
37
126
127
114
81
112
20
143
67
37
62
135
7
28
65
93
24
58
103
100
139
129
144
15
98
130
97
128
134
113
91
51
97
43
107
94
106
1
38
70
86
68
109
46
3
30
125
74
54
124
27
81
27
138
50
93
92
48
79
83
140
98
34
90
78
23
105
102
31
87
2
5
96
141
131
4
26
46
17
6
135
25
66
131
104
125
52
52
47
41
105
124
132
140
77
121
32
57
107
13
80
118
116
69
117
5
133
103
92
35
44
40
101
32
85
129
21
68
101
31
12
51
15
19
133
119
64
66
139
117
16
36
122
8
110
63
63
82
39
100
111
42
99
89
122
23
72
49
87
120
123
136
106
8
22
4
99
65
18
71
43
82
113
39
119
41
11
13
10
115
71
11
84
115
59
56
42
130
3
109
26
58
29
79
118
60
142
80
138
135
27
16
8
51
45
14
1
84
46
125
43
2
3
61
69
17
91
106
83
67
127
133
124
123
74
41
47
21
40
4
20
75
19
71
77
89
71
93
15
49
114
3
58
101
141
49
102
144
116
56
85
22
113
44
96
115
103
17
25
135
38
2
92
122
104
98
41
64
4
42
7
104
55
5
63
28
112
134
92
35
110
13
96
13
85
82
97
15
55
100
6
19
120
20
136
53
11
33
46
35
66
94
81
1
9
136
10
131
24
53
79
31
12
57
65
44
109
143
102
39
128
111
80
129
138
59
60
47
39
114
18
36
32
112
84
86
8
76
45
23
54
103
90
143
70
6
48
24
108
56
127
9
11
139
50
65
117
74
130
67
116
36
10
73
83
100
22
87
140
94
7
81
18
132
88
28
78
91
126
101
62
38
60
111
37
122
142
76
40
26
32
117
119
115
140
54
77
12
64
118
59
23
73
69
113
63
31
95
51
124
119
139
126
106
98
109
89
93
62
21
120
72
137
50
58
29
42
133
137
33
61
107
125
30
72
25
134
48
5
14
75
129
99
108
26
99
95
68
110
123
87
16
130
66
82
107
43
34
57
105
97
141
29
121
78
86
121
34
52
27
70
68
90
52
79
105
128
132
144
30
37
118
131
88
12
11
10
9
8
20
21
33
32
31
43
44
45
57
56
68
69
81
80
79
78
90
102
103
91
92
104
105
93
94
95
83
84
96
108
107
106
118
119
131
132
144
143
142
141
140
128
116
115
127
126
114
113
112
111
99
87
75
76
64
65
53
41
40
28
27
39
51
52
53
54
55
67
66
54
42
30
29
17
18
19
7
6
5
4
16
15
14
2
1
13
25
37
49
61
62
50
38
26
25
37
49
61
73
74
86
85
97
98
110
109
121
133
134
122
123
135
136
124
125
137
138
139
140
141
129
117
105
106
94
82
70
58
46
47
48
60
72
71
59
58
46
34
22
23
24
36
35
34
33
45
57
69
68
80
79
91
90
89
77
65
64
63
75
76
88
100
101
102
114
113
125
126
127
139
138
137
136
135
134
133
121
122
123
124
112
111
99
98
110
109
97
85
73
74
86
87
88
100
101
89
77
78
66
67
55
56
44
43
31
32
20
19
18
30
42
41
29
17
16
28
40
52
51
63
62
50
38
39
27
26
14
13
1
2
3
15
3
4
5
6
7
8
9
21
22
10
11
12
24
23
35
36
48
47
59
60
72
71
83
84
96
95
107
108
120
119
120
132
144
143
142
130
131
130
118
117
129
128
116
115
103
104
92
93
81
82
70
133
121
109
97
85
86
98
99
87
75
76
88
100
101
89
90
102
103
91
79
67
68
69
81
80
92
93
105
104
116
128
127
139
140
141
129
117
118
130
131
143
144
132
120
108
96
95
94
82
83
71
70
58
46
34
33
32
31
43
42
54
53
52
40
39
27
28
29
41
53
65
77
78
66
65
64
63
51
50
62
74
73
61
49
37
38
26
14
13
1
2
3
4
5
6
18
17
16
15
3
4
5
6
7
19
20
8
9
21
22
10
11
12
24
23
35
36
48
47
59
60
72
84
96
108
107
106
105
117
116
115
114
113
112
124
136
137
138
126
125
113
112
111
110
122
134
135
123
111
99
100
101
102
90
91
79
80
68
56
55
54
42
30
31
43
44
45
57
69
70
58
59
71
83
84
72
60
48
36
24
12
11
23
35
47
46
34
33
21
22
10
9
8
7
19
20
32
44
45
57
56
55
67
66
78
77
89
88
76
75
87
86
74
62
63
64
52
51
50
38
39
40
41
29
30
18
17
16
28
27
15
14
2
1
13
25
26
25
37
49
61
73
85
97
98
110
109
121
133
134
122
123
135
136
124
125
137
138
126
127
139
140
128
129
141
142
130
142
143
144
132
120
119
131
119
118
106
107
95
94
82
81
93
92
104
103
115
114
135
65
63
26
101
73
143
39
14
139
130
39
22
43
24
79
64
1
87
124
3
16
65
20
136
46
70
110
61
34
144
36
123
43
70
107
5
27
82
47
32
88
33
30
109
128
56
98
96
132
87
56
8
17
60
41
140
120
108
47
36
97
75
104
2
60
110
18
76
123
89
100
44
9
68
7
21
121
141
130
49
104
133
44
109
63
101
90
112
68
55
117
7
9
84
139
143
133
59
34
82
74
64
6
53
12
67
78
102
71
54
8
58
52
52
53
80
40
22
73
134
10
103
111
129
86
49
95
103
138
76
14
40
62
42
61
1
17
50
3
96
114
127
27
28
37
77
55
91
132
125
66
57
29
74
54
105
29
62
102
86
4
81
69
45
88
141
41
46
31
106
120
126
26
50
111
93
15
66
16
137
24
28
75
117
5
99
32
95
122
78
116
114
89
38
37
105
15
2
140
106
126
45
81
23
124
23
93
134
113
135
100
6
92
20
21
122
35
131
129
10
142
115
99
25
48
118
48
144
71
119
92
19
25
119
57
142
38
125
94
127
13
115
85
30
83
83
11
112
58
42
84
121
12
79
77
51
33
69
128
94
113
31
107
72
90
19
138
97
11
136
108
4
72
137
35
13
118
51
18
67
85
116
59
98
91
80
131
88
110
9
125
74
55
112
61
22
28
78
102
25
29
72
20
115
142
115
44
56
120
73
58
137
65
116
54
68
81
88
3
8
47
41
35
46
39
48
1
39
98
89
109
131
46
96
113
76
97
106
128
71
27
110
141
91
114
14
64
125
139
32
63
80
41
62
75
60
109
103
86
76
22
57
68
74
2
126
2
77
54
10
106
57
81
79
111
113
1
121
84
50
18
131
49
130
36
142
129
52
101
6
138
124
40
119
10
138
70
117
144
100
103
83
75
112
111
122
65
21
123
101
129
99
58
143
12
28
95
87
51
33
136
105
13
117
52
97
60
40
143
17
63
62
100
45
16
43
140
8
133
3
67
26
43
132
126
31
84
82
105
120
69
30
37
82
104
61
12
15
38
139
85
123
27
85
108
93
77
135
91
9
24
23
7
69
11
98
50
122
32
118
5
104
59
59
45
5
118
44
53
19
99
14
140
47
21
92
66
90
11
127
51
67
83
20
93
31
94
144
136
130
66
80
42
24
79
4
121
7
16
73
48
133
92
42
134
49
114
87
19
107
94
72
56
86
13
38
119
127
33
108
141
25
137
17
6
36
71
96
89
18
30
35
124
23
102
29
116
90
15
34
26
134
107
64
95
55
78
37
132
34
135
4
128
53
70
144
132
131
143
142
130
129
141
140
128
116
117
105
104
103
115
127
139
138
137
125
126
114
113
112
111
99
98
86
87
88
89
90
102
101
100
112
124
136
135
123
122
134
133
121
109
97
85
73
61
62
74
75
76
77
65
66
67
68
80
81
69
57
45
44
43
55
54
42
30
29
41
40
28
16
17
5
4
3
2
1
13
14
15
27
39
38
26
25
37
49
50
51
52
53
65
64
63
75
76
64
63
51
52
53
54
42
43
31
19
20
21
22
23
35
47
48
60
59
71
70
58
46
34
33
32
44
56
57
45
33
32
31
30
18
6
7
8
9
10
11
12
24
36
48
60
72
84
96
95
83
82
94
106
118
119
120
108
107
106
118
117
116
115
103
91
92
93
94
82
70
58
46
47
59
71
72
84
83
95
96
108
107
119
120
132
144
143
131
130
142
141
129
128
140
139
127
126
138
137
125
113
114
102
90
91
79
67
55
56
68
69
81
93
105
104
92
80
79
78
66
78
77
89
101
100
88
87
99
111
110
98
110
122
123
124
136
135
134
133
121
109
97
85
86
74
73
61
62
50
49
37
38
26
25
13
1
2
14
15
3
4
16
28
27
39
40
41
29
17
5
6
18
19
7
8
20
21
9
10
22
23
11
12
24
36
35
34
1
2
14
13
25
26
38
37
49
50
51
39
40
52
64
63
62
61
73
85
86
74
75
87
99
111
112
124
125
113
101
89
77
76
88
100
99
98
97
109
110
122
121
133
134
135
136
137
138
139
127
126
114
102
90
91
79
67
55
54
42
43
44
45
57
69
68
80
81
82
94
93
105
106
107
95
96
108
120
132
144
143
131
119
118
117
129
130
142
141
140
128
116
104
92
91
103
115
114
102
103
115
116
104
92
80
81
69
70
71
59
47
35
23
22
21
9
8
20
19
31
32
33
34
46
58
57
56
44
45
46
58
70
82
83
84
72
60
48
36
24
12
11
10
9
8
7
6
5
17
18
30
29
28
27
15
3
4
16
28
27
39
51
63
64
65
53
41
29
30
31
32
33
21
20
19
7
6
18
17
5
4
16
15
3
2
1
13
14
26
25
37
38
50
49
61
62
74
73
85
86
87
75
76
77
65
66
67
68
56
55
43
42
41
40
52
53
54
66
78
79
78
90
89
88
100
101
113
112
111
123
124
123
122
110
98
97
109
121
133
134
135
136
137
125
126
138
139
127
128
140
141
129
130
142
143
144
132
131
119
120
108
107
106
118
117
105
93
94
95
96
84
83
71
72
60
59
47
48
36
35
23
24
12
11
10
22
34
35
62
22
36
4
109
34
51
117
23
39
70
63
76
18
26
55
66
47
127
17
49
103
40
126
128
132
77
100
124
11
5
61
141
92
121
49
20
43
61
115
92
106
115
101
86
103
81
120
102
22
59
62
19
69
57
48
21
14
88
9
84
75
111
67
116
104
16
58
136
108
114
11
80
31
96
28
121
72
131
142
44
106
34
88
123
46
4
26
28
69
29
6
98
71
78
89
87
140
101
112
122
144
130
97
23
109
139
99
65
117
64
14
12
82
64
8
38
142
78
71
135
60
42
24
52
54
70
140
95
47
105
58
59
33
2
73
138
91
13
16
125
119
134
50
123
45
141
12
100
134
105
107
2
93
73
79
85
38
114
7
97
43
89
98
50
32
46
79
63
60
96
24
19
68
138
82
72
122
76
136
41
33
124
132
129
80
83
110
3
120
104
51
131
10
44
37
45
9
86
15
112
137
56
55
35
57
133
143
53
125
10
48
130
137
90
17
15
74
81
6
108
111
74
144
93
127
126
41
87
3
1
54
113
94
119
42
27
91
139
118
31
83
21
116
135
84
113
7
5
75
1
129
77
67
40
53
66
68
39
27
25
65
20
18
90
36
29
95
143
133
99
13
85
102
56
52
118
128
37
30
25
110
32
107
30
8
94
94
27
13
96
23
99
86
25
129
53
48
56
123
52
21
71
82
81
137
100
137
119
109
7
63
103
21
48
30
73
82
3
97
106
131
111
98
18
134
7
104
98
25
32
42
121
34
96
1
45
20
95
108
33
124
9
39
20
83
58
79
77
34
47
15
14
60
23
41
39
70
73
133
30
50
113
139
107
61
104
115
130
12
91
1
135
84
62
112
4
24
71
45
116
41
26
117
16
53
83
17
22
51
121
28
8
57
88
94
108
105
64
142
75
115
35
125
144
33
31
61
55
99
60
12
69
74
126
107
8
63
40
141
143
2
24
75
22
36
127
44
84
40
26
133
10
29
17
11
118
74
125
6
76
67
105
5
127
122
59
15
37
43
79
90
10
91
86
138
18
2
113
68
92
44
95
38
65
92
19
129
31
11
9
46
54
49
85
68
78
69
114
97
43
51
110
130
35
106
4
110
89
90
72
116
78
126
136
76
54
114
123
27
88
80
111
119
143
87
142
87
70
109
14
101
140
66
103
62
50
52
36
93
122
47
85
77
42
72
120
101
64
124
120
136
66
117
131
93
13
65
32
55
134
102
28
19
135
37
38
6
128
29
102
57
5
46
16
112
132
141
144
118
128
140
132
81
138
3
59
56
139
58
100
89
67
80
49
133
134
135
136
124
123
111
110
122
121
109
97
85
73
74
86
87
99
98
97
85
86
87
75
63
62
50
51
39
38
37
49
61
73
74
75
76
64
65
66
78
90
102
103
115
116
104
105
117
118
106
107
119
131
130
142
143
144
132
120
108
96
84
72
60
48
36
24
12
11
10
22
23
35
34
33
45
44
43
55
56
68
80
92
91
79
67
68
69
57
58
59
47
46
58
70
82
94
93
81
69
70
71
83
95
96
108
107
106
118
117
129
141
140
139
127
128
116
115
114
113
125
137
138
126
114
102
101
100
88
89
77
76
64
52
53
54
42
30
31
19
18
6
5
17
29
41
40
28
16
4
3
15
14
26
25
13
1
2
3
4
5
6
7
8
20
32
31
43
55
67
79
80
92
91
103
104
105
93
81
82
94
95
83
84
72
71
59
60
48
47
46
45
57
56
44
32
20
21
9
10
11
12
24
36
35
23
22
34
33
21
9
8
7
19
18
17
29
30
42
41
40
28
16
15
27
39
27
26
14
2
1
13
25
37
38
50
49
61
62
63
51
52
53
54
66
65
77
78
90
89
88
100
99
98
110
109
121
133
134
122
123
135
136
137
138
139
140
141
142
143
144
132
120
119
131
130
129
128
127
126
125
124
112
111
112
113
101
144
132
120
108
107
119
118
130
131
143
142
141
140
139
127
128
116
117
129
141
140
128
116
115
114
126
125
113
112
124
136
137
138
139
127
115
103
102
90
78
79
80
81
69
70
58
57
45
46
34
33
21
22
23
35
36
24
12
11
10
9
8
7
6
5
4
3
2
1
13
25
26
14
15
27
39
40
52
64
65
53
54
55
56
68
67
66
54
42
41
29
17
16
28
29
30
31
32
44
43
42
30
18
19
20
8
9
21
33
34
46
47
48
60
72
71
59
58
70
82
94
95
96
84
83
82
81
93
105
104
92
91
103
102
101
89
77
76
75
63
62
74
73
85
86
87
88
100
99
98
97
109
110
122
123
135
134
133
121
109
97
85
73
61
49
50
51
63
64
65
66
67
55
56
68
69
57
45
44
43
31
32
20
19
7
6
18
17
5
4
16
28
40
41
53
52
51
50
38
37
25
13
1
2
3
15
14
26
27
39
38
37
49
61
62
74
86
87
75
76
88
100
99
98
110
111
112
111
123
122
121
133
134
135
136
124
125
137
138
126
114
113
101
89
77
78
90
91
79
80
92
104
105
117
129
130
142
143
144
132
131
119
120
108
96
84
72
60
48
36
24
12
11
10
22
23
35
47
59
71
83
95
107
106
118
106
94
93
