##Rat 1 Day 1
 ##rewards
19
32
98
##Vertices
1
13
14
15
3
4
5
6
18
30
42
54
55
67
68
56
57
58
70
69
81
80
79
91
92
104
116
115
127
139
138
137
136
135
123
111
99
87
86
85
97
98
110
122
121
133
134
135
136
124
125
126
114
102
103
104
105
117
118
106
107
95
83
71
72
84
96
108
120
119
131
132
144
143
142
141
140
128
129
130
118
117
116
115
103
102
101
113
112
100
88
76
77
65
66
78
90
89
101
100
88
87
75
63
51
50
62
74
73
61
49
37
38
26
25
37
49
50
51
39
27
28
29
17
16
4
5
6
7
19
31
43
44
45
33
34
22
10
9
21
20
8
9
10
11
12
24
23
35
36
48
60
59
47
46
58
70
82
94
93
81
69
57
56
68
67
66
65
64
52
40
41
40
52
53
41
53
54
55
43
42
30
29
28
27
39
38
26
25
13
14
2
1
2
3
15
16
17
18
19
7
8
20
32
31
32
44
45
33
21
22
23
11
12
24
36
35
34
46
47
48
60
59
71
72
84
96
95
83
82
94
93
105
106
107
108
120
119
131
132
144
143
142
130
129
141
140
128
127
139
138
137
125
126
114
113
112
124
123
122
134
133
121
109
97
109
110
111
99
98
86
85
73
61
62
74
75
63
64
76
77
78
79
80
92
91
90
89
12
24
23
22
10
9
8
7
19
31
43
55
54
66
65
53
52
51
63
64
76
77
78
90
89
101
113
114
126
138
139
140
141
142
130
118
106
94
95
96
108
107
119
131
132
144
143
142
141
129
128
127
115
103
102
101
100
112
111
99
98
86
74
62
61
73
85
97
109
110
122
121
133
134
135
136
137
125
124
123
111
112
113
114
102
103
104
116
117
105
93
81
80
68
67
79
91
92
104
105
93
94
82
70
58
59
71
83
84
72
60
48
47
35
36
48
60
59
58
46
34
33
32
20
21
9
8
7
6
18
30
42
41
40
28
27
15
3
4
16
17
5
4
3
2
1
13
14
26
25
37
49
50
38
39
51
63
75
87
88
76
64
52
53
65
66
67
68
69
57
45
44
45
57
56
44
56
55
54
42
43
31
32
33
34
46
47
35
36
24
23
11
12
11
10
22
21
20
19
18
6
5
17
29
30
29
41
40
28
16
15
14
2
1
13
25
26
27
39
38
37
49
50
62
61
73
85
86
74
75
87
88
100
99
98
97
109
110
122
121
133
134
135
123
124
136
137
125
126
138
139
140
128
127
115
116
117
129
130
131
143
144
132
120
108
120
119
118
106
107
95
96
84
72
71
83
82
70
69
81
80
79
78
77
89
90
91
92
65
19
15
8
74
79
3
123
48
101
118
107
137
109
83
38
115
129
6
13
94
7
8
20
39
141
9
87
124
17
107
40
44
65
17
85
21
4
13
100
95
27
143
74
103
77
137
140
28
42
100
88
99
78
40
51
114
125
12
115
142
72
133
16
37
139
4
57
142
89
3
1
95
92
113
129
75
16
123
5
81
31
76
14
21
126
77
144
52
132
53
120
79
102
53
87
43
49
15
26
134
104
82
37
119
75
60
114
101
59
58
122
135
71
47
88
44
108
23
144
96
90
24
50
35
72
64
56
130
38
9
106
63
55
31
11
34
32
71
99
69
43
133
62
46
41
105
69
82
84
52
110
70
116
34
61
18
84
141
28
66
30
42
128
26
116
90
117
93
12
117
112
25
139
24
36
96
93
45
85
6
60
125
135
108
27
113
70
131
14
81
120
29
61
86
49
48
118
20
86
36
138
47
62
54
124
132
10
128
30
97
67
2
50
127
143
111
104
80
136
58
63
105
18
97
102
2
109
7
73
68
66
33
39
119
35
29
80
54
25
131
103
127
73
55
136
112
51
67
130
22
46
91
138
126
98
68
98
94
121
92
121
32
110
122
5
59
106
78
19
83
1
23
76
64
111
41
57
140
11
91
22
33
134
45
89
56
10
58
112
115
91
123
11
141
90
17
2
85
9
53
84
8
97
141
83
113
7
132
73
87
14
133
107
128
26
131
66
20
105
122
16
130
103
56
41
82
134
26
18
39
49
127
19
79
19
74
109
67
1
95
100
38
92
64
52
71
97
104
112
60
102
143
135
8
13
124
25
3
22
23
27
9
2
140
23
124
13
110
96
74
107
46
117
30
38
86
63
121
15
92
62
135
61
78
44
89
76
73
7
109
79
140
136
75
125
122
31
14
142
29
39
43
55
5
65
51
36
12
65
130
123
98
105
93
77
116
40
62
104
50
34
81
126
139
30
95
28
132
69
68
35
48
69
101
125
45
4
64
103
88
133
34
24
93
48
99
21
36
15
138
81
71
85
45
24
42
72
111
10
58
66
54
127
76
47
108
67
91
59
3
6
57
144
11
21
110
106
16
51
119
114
139
56
94
115
1
144
41
77
75
137
99
61
20
88
136
120
94
40
42
106
25
4
131
86
83
72
90
128
102
126
118
117
100
37
120
29
27
89
68
118
60
28
129
119
111
138
113
46
121
63
33
37
17
134
129
47
31
52
78
32
82
50
143
80
70
43
70
142
84
114
22
101
18
6
80
87
32
96
57
53
98
49
55
5
137
12
33
44
10
59
54
116
35
108
133
121
109
110
122
123
135
136
124
112
100
101
113
114
115
127
126
125
137
138
139
140
141
142
130
131
143
144
132
120
108
96
95
94
106
107
119
118
117
105
93
92
104
103
91
79
80
81
82
83
71
70
58
57
69
68
67
55
56
44
45
46
34
35
36
24
12
11
23
22
10
9
8
7
6
18
19
31
30
29
41
42
54
66
78
90
102
101
89
77
65
53
52
64
63
75
76
88
87
86
74
62
50
51
39
38
37
25
26
27
15
14
2
1
13
25
37
49
61
73
85
97
98
99
111
112
113
114
102
90
91
103
115
116
128
129
141
142
130
118
106
94
82
70
58
59
60
48
47
46
34
33
21
20
32
31
43
42
30
29
28
40
41
53
65
64
52
40
28
16
4
5
17
16
17
5
6
18
19
7
8
9
10
11
12
24
36
48
60
72
84
83
95
107
119
131
143
144
132
120
108
96
84
72
71
59
47
35
23
22
21
20
32
33
45
44
43
55
54
66
78
79
67
68
56
57
69
81
80
92
93
105
104
116
117
129
128
140
139
127
126
138
137
125
124
123
111
99
100
88
89
77
76
75
87
86
74
62
63
51
39
27
15
3
4
3
2
1
13
14
26
38
50
49
61
73
85
97
98
110
109
121
133
134
122
134
135
136
144
143
131
119
120
132
144
143
142
130
129
128
116
104
103
91
79
78
77
76
75
87
88
100
99
98
86
85
73
74
62
61
49
50
38
39
27
26
25
37
49
61
73
85
97
109
110
122
121
133
134
135
123
111
112
124
136
137
138
126
114
115
127
139
140
141
142
130
118
117
105
93
81
69
57
56
55
67
68
80
92
93
94
106
107
108
96
84
83
71
72
60
59
47
35
36
48
60
72
84
96
95
83
82
70
58
46
45
44
43
31
19
20
8
7
6
5
17
29
28
16
4
3
2
14
15
27
28
40
41
53
54
42
30
18
6
7
8
9
21
22
23
24
12
11
10
9
21
33
32
44
43
55
56
68
80
92
91
90
89
101
113
125
137
136
124
112
100
88
76
64
65
66
67
79
78
66
54
42
41
29
30
31
32
20
19
18
17
5
4
16
15
3
2
1
13
1
13
14
26
25
37
38
39
51
50
62
74
86
98
97
109
110
122
121
133
134
135
123
111
99
87
75
63
51
63
64
52
40
52
53
65
77
89
90
102
103
104
116
115
114
102
101
113
125
126
138
139
127
128
140
141
129
117
105
106
118
119
131
132
120
108
107
95
94
82
81
69
70
58
57
45
33
34
46
34
35
23
22
10
11
12
24
36
48
47
59
71
110
102
31
9
65
2
131
13
87
123
97
77
105
94
15
107
142
86
110
85
33
36
47
25
11
106
17
68
15
105
94
78
30
127
29
103
55
127
69
45
109
61
7
137
106
141
32
67
19
132
109
23
93
81
86
59
117
41
16
114
141
118
11
98
123
35
113
78
43
77
26
26
52
19
124
59
139
85
84
82
126
140
40
144
25
144
107
3
36
116
29
50
92
53
1
134
21
79
71
3
134
115
46
83
62
128
16
17
83
45
63
71
120
28
130
101
60
64
128
126
104
111
54
135
42
137
33
99
143
31
74
119
51
34
132
22
2
69
113
103
81
112
8
12
5
64
37
95
4
89
42
140
135
100
70
27
10
10
39
44
72
108
6
13
142
133
9
76
75
66
143
96
98
49
32
12
28
116
118
119
68
56
87
80
56
130
138
120
14
129
76
23
88
58
104
4
53
22
48
35
51
6
133
48
93
136
80
54
50
38
47
43
14
139
131
79
102
89
108
61
115
129
92
49
125
38
60
138
44
90
62
75
112
58
136
65
122
20
74
39
30
121
24
73
18
21
18
90
96
72
88
66
41
101
20
57
46
100
40
117
57
99
55
8
111
121
91
125
82
73
7
5
63
70
67
95
1
84
97
37
34
91
27
24
124
114
122
52
8
142
119
75
114
15
99
122
105
24
68
54
83
15
33
111
21
12
27
36
84
107
86
130
117
102
61
100
109
70
35
63
104
122
136
60
49
35
115
58
91
88
89
94
26
24
42
30
3
98
47
133
69
17
98
1
85
101
142
93
51
9
50
103
77
128
95
95
106
11
100
130
37
114
13
140
57
96
66
5
90
116
67
127
14
120
101
134
52
19
118
91
64
108
94
51
7
63
68
1
107
126
103
46
72
73
20
90
2
17
120
62
11
125
82
12
139
144
136
48
143
16
137
44
4
59
39
21
138
27
23
67
69
60
65
119
6
93
56
106
2
78
112
32
9
13
112
30
78
44
108
37
85
40
45
96
97
129
127
79
140
132
4
111
131
53
56
34
40
109
129
135
110
29
79
28
121
55
59
28
113
125
10
77
43
92
132
71
80
87
25
54
62
46
49
36
76
74
31
73
65
39
42
105
3
72
123
23
32
82
10
83
45
115
86
20
128
131
58
33
124
18
81
22
31
137
92
141
138
117
89
52
70
38
99
144
14
88
25
57
133
8
75
143
53
55
104
97
118
139
38
74
80
64
29
48
22
5
6
76
134
47
7
41
41
43
102
26
113
141
110
126
116
121
123
81
18
16
19
34
50
135
71
61
87
124
84
66
12
11
10
9
8
20
21
22
23
24
36
35
34
46
45
44
56
55
43
42
41
29
30
18
6
5
17
16
4
3
2
14
26
38
37
49
50
51
52
53
65
64
76
77
78
79
91
90
102
103
104
92
93
81
80
68
67
66
54
53
52
40
28
27
15
3
4
5
6
7
19
31
32
33
45
57
58
70
69
57
58
59
60
48
47
46
34
33
32
44
43
42
41
40
39
51
63
75
74
86
98
97
109
110
111
99
87
88
89
101
100
112
113
125
124
136
135
123
122
134
133
121
109
97
85
73
61
62
63
64
76
88
89
101
100
112
113
114
115
127
126
138
139
140
141
129
128
116
117
118
119
107
95
94
106
105
93
94
82
83
84
96
108
120
132
144
143
131
130
142
141
129
130
142
143
144
132
131
119
120
108
107
106
118
117
105
104
92
91
103
115
116
128
140
139
127
126
114
102
90
78
77
65
66
54
55
56
68
67
79
80
81
69
70
82
83
95
96
84
72
71
59
71
72
60
48
47
35
36
24
12
11
23
22
10
9
21
20
8
7
19
31
30
18
17
16
15
14
2
1
13
1
13
25
26
25
37
49
61
73
85
86
98
110
122
121
133
134
135
136
137
138
137
125
124
123
111
99
87
75
74
62
50
38
39
27
28
29
144
132
120
119
131
130
142
141
129
117
105
104
116
115
114
126
127
128
140
139
138
137
136
135
123
122
134
133
121
109
97
85
86
87
99
98
110
111
112
100
88
89
101
102
90
78
77
76
75
74
62
63
51
52
64
65
66
54
53
41
40
39
27
26
25
13
1
2
14
15
3
4
5
6
7
19
18
30
31
32
44
43
55
67
79
91
103
104
92
80
68
56
57
69
70
82
81
93
94
95
83
71
59
58
46
47
48
36
35
34
22
23
11
12
24
36
48
60
72
84
96
108
107
106
118
117
116
115
103
91
90
102
114
113
125
124
136
135
123
111
99
87
75
63
51
50
49
37
38
39
27
28
16
17
29
30
42
43
31
32
33
45
44
56
68
69
57
45
33
21
9
8
20
21
20
8
7
19
18
6
5
4
3
2
1
13
25
37
49
61
73
74
86
98
110
122
134
133
121
109
97
85
73
61
62
50
38
26
14
15
16
17
29
28
40
41
42
54
55
67
79
78
66
65
53
52
64
76
77
89
88
100
101
113
112
124
125
137
138
126
127
139
140
128
129
130
118
106
105
93
92
80
81
82
94
95
83
71
70
58
46
34
22
10
9
10
11
12
24
23
35
47
59
60
72
84
96
108
107
119
120
132
144
143
131
143
142
141
55
60
92
122
19
56
143
17
19
10
86
5
119
110
107
136
67
144
97
63
124
8
85
72
140
117
24
41
21
74
140
53
48
100
94
2
133
39
30
101
116
34
123
61
62
20
18
48
49
115
13
57
121
36
126
113
70
87
82
128
73
79
112
108
39
89
76
66
94
126
120
102
78
1
33
80
132
31
6
50
65
138
3
51
58
9
13
27
17
43
125
78
101
14
65
6
116
132
120
89
23
24
93
90
83
60
52
8
67
121
90
37
35
28
26
21
49
105
85
71
1
33
68
83
109
27
135
113
139
55
43
95
84
84
22
12
77
25
16
59
86
92
53
141
91
99
75
134
96
108
15
100
136
111
10
58
71
106
107
72
45
54
38
137
109
66
88
98
44
15
68
35
25
130
98
129
57
77
46
138
133
82
16
14
97
40
125
93
127
37
75
42
4
123
62
134
20
105
29
76
130
143
81
7
117
81
129
104
141
96
114
118
104
103
12
103
80
11
7
47
4
40
50
3
144
128
42
127
91
99
124
131
32
56
51
70
73
74
9
118
64
26
38
18
110
59
23
131
46
106
44
29
61
63
45
114
111
102
142
139
47
112
34
135
31
5
88
69
36
30
11
137
32
41
95
22
87
54
115
79
28
119
142
69
2
122
64
52
57
26
85
40
56
133
53
52
114
4
15
129
131
121
126
93
60
91
140
20
37
143
119
131
6
61
57
112
29
96
10
107
144
98
104
16
54
24
39
132
81
48
120
4
31
118
108
103
7
59
25
76
83
88
132
13
10
79
35
19
52
20
11
59
50
138
56
27
46
63
113
78
41
90
94
49
109
46
55
138
116
128
135
94
72
136
134
58
44
79
36
127
5
92
95
99
36
9
30
48
86
97
113
99
22
100
87
74
76
60
105
102
143
65
104
115
74
32
107
144
32
31
118
25
28
125
72
55
18
29
68
19
114
45
11
18
124
14
21
78
6
28
58
34
45
139
127
84
34
54
17
121
42
122
100
134
64
101
70
33
92
87
97
117
108
73
98
93
50
30
106
77
2
65
95
53
123
9
112
122
140
85
39
130
38
37
1
137
129
44
41
88
15
111
73
75
141
70
101
135
23
69
49
80
128
26
23
91
110
106
136
51
102
141
82
71
75
105
116
77
119
117
69
84
71
13
47
130
3
120
27
81
43
90
61
1
133
22
89
68
142
82
17
139
24
125
137
8
12
7
8
110
67
62
89
66
115
66
38
47
64
83
67
43
62
142
109
21
42
3
111
35
12
86
5
96
2
33
124
63
40
16
14
123
80
51
103
126
