##Rat 7 Day 43
 ##rewards
62
51
129
##Vertices
1
13
25
26
14
15
3
2
1
13
25
37
49
61
73
85
97
109
110
111
123
135
136
137
138
139
140
128
129
141
142
130
131
132
120
108
107
119
118
117
116
115
127
126
114
102
103
104
92
80
81
69
68
67
79
91
90
78
66
65
64
52
51
50
38
39
27
28
29
17
5
4
16
28
40
41
42
43
55
54
53
41
40
52
53
54
66
65
77
89
101
113
125
124
112
100
88
76
75
87
99
98
86
74
62
63
75
87
88
100
101
113
114
102
103
104
105
93
94
106
118
117
105
93
81
82
70
58
57
56
44
45
33
34
46
47
35
23
22
21
9
10
11
12
24
36
48
60
59
71
83
95
96
84
72
60
48
47
46
34
33
32
20
8
7
6
18
19
31
30
29
17
16
15
27
39
51
63
64
76
77
89
90
78
79
67
55
43
42
30
18
19
31
32
20
21
22
23
35
36
24
12
11
10
9
8
7
6
5
4
3
2
14
26
38
37
49
50
62
61
73
74
86
85
97
109
110
98
99
111
112
124
123
122
134
122
121
133
121
133
134
135
136
137
125
126
138
139
127
115
116
128
140
141
129
130
142
143
144
132
144
143
131
119
120
108
107
106
94
82
83
95
96
84
72
71
59
58
70
69
57
45
44
56
68
80
92
91
144
132
120
108
96
95
107
106
118
117
105
93
81
69
70
58
57
56
68
67
55
54
42
43
31
30
18
6
7
8
20
19
31
32
44
45
46
47
59
60
48
36
24
12
11
23
22
10
9
21
33
34
35
36
48
60
72
71
83
82
94
106
118
119
131
130
142
141
140
139
127
115
116
104
92
91
79
80
68
56
44
32
33
45
57
69
81
93
105
117
129
128
140
139
138
126
114
102
90
89
88
87
99
100
112
124
136
135
134
122
110
111
123
135
136
137
125
113
101
100
99
98
97
85
73
74
75
76
77
65
53
41
29
17
5
4
3
2
1
13
25
37
38
50
49
61
62
63
64
52
40
39
51
52
40
28
27
26
14
15
16
28
27
39
51
63
64
65
66
78
77
89
90
78
66
54
53
41
29
30
42
43
55
67
79
80
92
104
116
128
127
115
103
91
103
102
101
113
114
126
138
137
125
124
112
111
123
122
110
109
121
133
134
133
121
109
97
85
86
98
86
87
88
76
75
74
73
61
62
50
49
37
38
26
25
13
1
2
14
15
3
4
16
17
5
6
18
19
7
8
20
21
9
10
11
12
24
23
22
34
35
47
46
58
59
71
70
82
94
95
83
84
72
84
96
108
107
119
120
132
131
130
129
141
142
143
144
143
6
12
10
88
75
128
80
138
65
106
113
34
85
31
114
78
56
59
53
57
144
7
84
141
112
86
42
127
36
21
38
120
28
76
90
73
98
44
15
107
48
64
117
24
7
123
136
129
54
78
106
121
139
8
120
70
122
16
56
102
137
108
51
143
63
103
46
104
16
132
62
18
15
138
45
130
105
11
14
97
80
84
124
100
76
64
25
22
81
9
108
30
121
97
45
127
95
124
140
24
130
29
21
3
82
46
53
119
49
66
10
115
90
79
18
60
89
104
58
51
22
74
142
26
71
115
114
43
119
63
59
40
96
126
35
99
110
82
12
27
61
107
61
128
77
100
32
57
102
92
41
129
140
144
3
71
42
117
126
17
27
131
38
131
134
52
139
30
92
136
8
55
47
35
116
32
1
6
2
9
135
91
23
41
75
93
88
105
65
34
19
67
49
29
48
96
23
91
40
39
134
141
95
69
69
118
116
110
94
62
55
70
87
101
79
19
11
113
60
67
118
122
125
20
43
33
98
44
87
74
5
85
58
125
17
2
50
68
111
135
103
20
132
72
143
109
14
28
123
99
13
47
89
94
39
81
111
112
109
54
4
36
33
73
1
142
137
52
83
31
86
50
68
83
37
13
133
77
37
93
101
133
25
4
5
72
66
26
42
45
73
23
33
19
82
118
109
139
30
12
70
126
60
93
99
65
36
61
144
113
37
144
72
29
94
99
33
4
141
131
51
39
95
15
48
61
68
66
121
106
9
57
105
83
10
119
55
45
14
142
102
72
14
8
102
5
1
3
29
87
55
56
44
83
52
60
2
16
101
138
63
20
22
91
136
59
115
123
13
97
50
23
128
69
88
49
15
40
115
111
137
67
43
2
116
122
96
16
92
19
47
30
136
18
124
134
17
58
119
18
51
127
107
6
34
129
31
21
44
100
81
9
84
70
4
80
36
25
34
13
126
66
121
62
27
47
89
49
21
80
103
76
31
24
87
11
5
104
109
112
77
120
71
35
82
106
88
40
108
128
22
79
59
79
53
75
26
96
25
141
133
116
120
50
104
129
113
132
32
107
7
81
27
38
56
78
28
110
110
67
142
41
131
46
42
105
20
10
84
118
1
89
90
130
28
95
117
35
117
85
48
127
103
97
64
46
98
17
111
85
74
139
53
114
140
54
133
37
90
94
3
11
124
76
26
8
101
86
135
38
54
108
92
137
65
32
63
39
134
62
122
64
58
91
125
93
69
71
12
100
7
138
24
143
130
143
78
98
86
125
52
68
73
123
132
74
75
43
114
112
57
77
140
135
6
41
12
24
23
22
34
35
36
48
60
59
71
72
84
83
82
94
95
96
108
107
106
118
130
131
119
120
132
144
143
142
141
140
128
127
115
116
104
105
93
81
80
68
67
55
56
57
69
70
58
46
45
33
21
20
8
9
10
11
12
24
36
35
47
46
45
44
32
31
43
42
30
18
17
5
6
7
19
31
30
29
41
40
28
27
26
14
15
16
4
3
2
1
13
25
37
38
50
49
61
73
85
86
74
62
63
75
76
88
100
112
111
110
109
97
98
99
87
75
63
51
39
40
52
64
65
53
54
66
78
79
91
103
102
90
89
77
76
88
87
99
111
123
122
121
133
134
135
136
137
138
139
140
141
129
117
105
106
94
93
92
104
103
115
114
126
125
113
101
100
112
124
125
124
123
122
121
133
134
135
136
137
138
139
127
126
114
113
101
102
90
89
77
78
66
65
64
52
53
54
55
43
42
41
29
28
27
39
51
50
62
74
86
98
110
109
97
85
73
61
49
37
38
26
25
13
1
2
14
15
3
4
16
17
5
6
18
19
7
8
20
21
9
10
11
23
22
34
33
32
44
56
68
67
79
91
92
80
81
82
83
71
70
69
57
58
59
47
48
60
72
84
96
95
107
108
120
119
131
132
144
143
142
130
118
117
116
128
129
133
121
122
123
111
110
109
97
85
86
74
73
61
62
63
51
50
49
37
38
39
27
15
14
26
25
13
1
2
3
4
5
17
18
30
29
41
40
52
64
65
77
78
90
89
88
76
75
87
99
100
112
124
125
137
136
135
134
133
121
109
110
98
99
100
101
113
114
102
103
115
127
128
140
139
138
126
114
115
116
104
105
117
118
119
131
130
129
141
142
143
144
132
120
108
107
95
96
84
72
60
59
71
83
82
70
69
57
45
33
34
35
36
48
47
46
58
70
82
94
106
105
93
81
80
92
91
79
67
66
54
42
43
55
56
68
69
57
58
46
34
22
23
24
12
11
10
9
8
7
6
5
4
16
28
40
39
51
52
53
41
42
30
31
19
20
32
44
45
33
21
20
21
22
23
24
12
11
10
9
8
7
6
18
19
31
32
44
43
55
56
68
67
79
80
81
93
92
91
90
102
103
104
116
117
118
106
94
95
83
71
59
47
35
36
48
60
72
84
96
108
107
119
120
132
144
143
131
130
142
141
129
128
140
139
127
126
138
137
125
124
136
135
134
122
123
111
112
113
101
89
77
78
66
54
53
65
64
63
62
74
75
76
88
87
86
98
97
85
73
61
49
50
38
37
25
26
14
13
1
2
3
15
27
28
29
17
16
10
46
24
45
69
68
62
82
117
73
3
30
123
78
143
64
135
89
5
39
85
1
137
97
108
65
30
126
67
113
114
77
132
119
134
35
117
31
79
57
48
80
14
75
118
62
4
57
104
138
99
15
93
38
144
53
15
55
128
144
29
14
89
99
102
108
58
100
22
101
12
113
16
105
139
138
12
101
25
46
16
42
112
13
11
56
136
10
51
109
7
33
40
43
41
74
121
79
142
17
126
44
17
112
31
54
125
55
115
39
119
73
96
32
81
8
2
129
98
42
41
83
27
127
36
103
8
4
52
107
6
118
103
88
33
125
131
37
87
90
114
50
38
1
59
106
9
60
59
135
127
102
122
3
75
28
52
81
71
11
116
58
137
32
47
131
18
93
22
63
109
133
115
120
116
139
105
141
49
34
61
120
130
49
9
68
106
53
141
133
27
76
43
70
140
111
77
86
2
36
83
19
132
50
124
136
110
28
23
95
72
111
130
94
128
95
13
47
90
97
40
78
100
20
69
51
91
34
124
66
94
72
70
64
80
134
24
54
85
35
67
88
20
56
129
86
26
143
87
96
29
74
82
76
140
66
18
92
122
61
44
21
21
92
23
65
6
104
25
48
142
5
123
63
84
121
26
110
84
37
91
60
107
45
98
71
7
19
143
23
129
6
101
123
93
87
126
72
16
49
138
26
140
112
98
100
54
46
128
90
134
137
81
143
21
118
84
106
47
122
34
135
127
122
63
23
96
67
63
115
83
1
5
132
98
34
127
14
79
57
75
56
33
114
39
109
19
77
5
70
18
43
37
3
77
55
121
84
32
101
38
106
78
18
107
97
89
74
82
75
56
24
80
43
134
137
136
40
113
60
37
100
24
85
29
45
99
7
47
8
66
142
80
87
139
73
119
110
20
25
41
52
65
36
61
45
40
129
78
50
118
33
104
3
42
17
42
30
67
124
144
90
107
57
131
22
21
44
135
61
13
105
48
12
11
116
97
141
91
52
41
28
35
44
39
125
88
10
94
62
116
14
91
15
64
16
111
108
26
92
15
117
115
120
54
53
88
7
130
126
119
133
94
128
4
102
6
89
144
102
81
69
69
93
48
50
68
111
32
123
76
83
29
71
31
85
125
70
4
58
133
95
136
103
19
86
74
27
72
62
73
104
55
71
51
117
140
31
27
28
10
130
60
59
17
105
131
142
22
46
9
109
68
120
132
86
12
124
121
38
66
65
13
96
141
9
108
8
76
138
112
49
99
114
82
79
1
92
30
139
64
11
110
2
103
59
58
35
53
95
25
51
20
2
36
113
144
143
142
141
129
128
140
139
138
137
136
135
134
133
121
122
110
109
97
98
99
100
88
89
101
102
114
115
103
91
79
80
81
69
70
82
94
95
107
106
118
119
131
132
120
108
96
84
72
60
59
47
48
36
24
12
11
10
9
21
22
23
35
34
33
45
44
56
55
54
42
43
31
32
20
19
18
17
16
4
5
6
7
8
9
10
22
34
46
58
57
45
46
58
70
71
83
82
81
93
105
104
92
91
90
78
77
65
66
67
68
80
92
93
94
106
105
117
116
104
103
115
127
126
125
113
112
124
123
111
99
87
86
85
73
74
62
61
49
50
38
37
25
26
14
13
1
2
3
15
27
28
29
41
40
52
64
76
75
63
51
39
27
28
40
41
53
52
64
76
88
87
86
85
73
61
62
74
75
63
51
39
38
50
49
37
25
26
14
13
1
2
3
15
16
4
5
17
29
30
42
30
31
19
18
6
7
8
20
21
33
32
44
43
55
56
57
69
68
67
79
78
66
54
53
65
77
89
90
102
114
126
127
128
116
117
118
130
129
130
131
119
107
95
83
71
59
47
35
23
11
12
24
36
48
60
72
84
96
108
120
132
144
143
142
141
140
139
138
137
125
124
136
135
123
122
134
133
121
109
97
98
110
111
112
100
101
113
1
2
3
4
5
17
16
28
27
39
40
41
42
43
31
32
44
56
55
67
68
80
81
69
70
82
83
84
72
60
59
71
70
58
57
45
33
21
20
8
9
10
11
12
24
23
35
36
48
47
46
34
22
10
9
8
7
19
18
30
29
28
27
15
14
26
25
37
49
61
62
63
51
52
53
65
66
54
55
56
57
58
46
45
44
43
42
41
40
39
38
50
49
61
73
74
75
76
77
89
101
113
112
100
99
98
97
109
121
122
123
111
110
109
97
85
86
87
88
100
112
124
136
137
138
126
114
102
90
91
92
93
94
95
96
108
120
132
144
143
142
141
129
128
140
139
127
115
103
104
105
117
116
104
105
106
118
130
131
119
107
106
118
117
116
115
103
91
79
78
90
89
77
78
79
80
92
93
94
82
81
69
68
67
66
54
53
52
51
50
62
63
64
65
64
76
88
87
75
74
73
85
86
98
99
111
110
122
123
135
134
133
121
133
134
135
136
137
125
124
125
113
101
102
114
126
138
139
127
128
140
141
129
130
142
143
144
132
131
119
120
108
107
95
96
84
83
71
72
60
59
47
48
36
24
12
11
23
35
34
22
21
33
32
20
19
31
30
29
17
18
6
7
6
5
4
16
15
3
2
14
26
38
37
25
13
1
13
88
95
92
132
137
91
104
143
60
105
61
105
10
54
143
13
78
61
47
112
110
25
38
15
40
68
114
127
134
82
116
56
126
72
76
4
10
46
128
136
34
40
90
69
141
109
33
117
133
51
73
124
107
36
57
103
35
58
54
20
7
28
123
84
65
41
74
45
50
90
140
59
102
119
33
6
14
51
94
24
138
138
142
35
5
113
89
75
67
104
83
72
122
15
57
53
29
136
116
24
123
66
106
118
115
37
135
125
121
133
16
94
3
27
11
34
14
30
128
4
142
77
120
98
108
111
19
77
37
117
99
130
73
87
42
97
55
42
79
39
11
1
52
46
100
17
38
18
131
68
60
141
121
43
144
81
86
23
48
80
26
120
22
127
93
65
2
16
44
112
97
92
64
21
9
20
101
122
134
12
130
49
29
140
70
95
18
81
5
139
58
96
56
6
107
83
131
137
85
86
47
39
31
119
17
129
8
102
111
45
109
28
84
139
91
36
99
2
32
126
27
63
85
43
31
87
3
53
100
52
110
66
89
1
13
71
113
62
93
71
12
55
118
8
79
103
129
124
30
23
7
50
114
88
19
75
21
96
106
41
49
135
9
48
67
76
62
98
115
108
25
69
132
125
82
59
32
26
74
22
80
64
78
144
44
70
63
101
4
43
9
22
41
132
32
90
39
124
86
38
124
97
142
97
52
103
46
99
79
71
49
139
98
106
2
53
23
127
92
48
15
123
23
34
122
139
104
10
42
56
107
33
88
92
79
86
81
55
69
66
133
83
113
81
138
7
65
122
134
56
95
70
74
31
8
3
64
5
78
141
45
50
30
37
140
11
100
127
6
140
43
41
101
94
69
121
108
126
131
12
115
94
54
62
54
109
104
118
72
123
78
27
62
118
60
88
58
87
31
114
120
144
2
67
24
91
1
14
102
65
32
30
18
60
113
20
120
26
34
93
129
72
16
59
91
119
143
126
21
20
15
28
67
109
117
110
64
111
105
96
6
116
136
85
80
70
129
5
28
39
24
108
40
61
19
130
29
112
143
12
102
46
11
13
85
134
75
47
121
51
26
77
95
40
76
107
14
74
144
63
136
55
80
119
18
83
77
133
50
17
51
33
1
57
96
9
45
53
27
100
98
44
61
125
73
128
138
135
3
93
110
116
36
114
57
135
42
22
36
82
38
111
106
89
75
4
13
48
58
47
99
142
125
49
105
131
73
8
84
89
117
44
137
10
137
16
52
71
128
7
21
101
90
25
132
19
130
115
29
87
17
141
82
59
68
66
103
84
68
35
37
63
35
25
76
112
