##Rat 2 Day 17
 ##rewards
18
29
107
##Vertices
1
2
3
15
27
39
38
50
62
74
73
61
49
37
25
26
14
13
25
37
49
61
62
63
51
52
64
65
77
78
90
91
92
80
68
67
66
54
42
30
31
32
20
19
7
8
9
10
22
34
33
21
9
8
7
6
5
4
16
28
29
17
18
30
29
41
40
52
53
65
66
78
79
91
103
102
101
100
88
87
86
98
99
111
110
122
123
124
136
137
125
113
114
126
138
139
127
128
116
104
105
117
118
119
120
132
144
143
131
130
142
141
140
139
138
137
136
135
134
133
121
109
97
85
73
74
75
76
77
89
90
102
103
115
116
104
105
106
107
95
83
82
94
93
81
69
70
71
72
60
59
58
57
56
55
43
44
45
46
47
35
23
11
12
24
36
48
60
72
84
96
84
83
71
70
58
59
47
48
36
35
23
24
12
11
10
22
21
33
34
46
45
44
32
20
19
31
43
42
41
53
54
55
56
57
69
68
67
79
80
92
93
81
82
94
95
96
108
120
108
107
106
118
119
131
132
144
143
142
130
129
117
129
141
140
128
127
115
114
126
125
124
112
111
110
122
123
135
134
133
121
109
97
85
86
98
99
100
112
113
101
89
88
87
75
76
64
63
51
39
40
28
27
15
16
17
18
6
5
4
3
2
1
13
14
26
38
50
12
11
10
22
34
46
47
59
71
83
84
72
60
48
36
35
23
24
36
48
60
72
71
70
58
57
69
68
80
79
91
90
89
77
65
66
67
55
43
31
30
29
17
18
6
5
4
3
15
27
28
16
4
5
6
7
8
9
21
33
32
20
19
31
32
44
45
57
56
68
67
79
78
90
102
103
104
105
93
94
95
107
106
118
119
131
130
129
141
140
128
116
115
127
139
138
126
125
113
101
100
112
111
110
109
121
133
134
122
123
135
136
137
138
139
140
141
142
143
144
132
120
108
96
84
83
82
81
80
92
91
103
102
114
113
101
100
99
98
86
74
75
87
88
76
64
63
62
61
49
50
51
52
53
54
42
41
40
39
38
26
14
2
1
13
25
37
49
61
73
85
73
74
62
63
51
50
38
37
25
26
14
13
1
2
3
15
16
28
27
39
40
41
29
17
18
30
42
43
44
56
55
54
53
52
64
65
66
78
77
89
88
76
75
87
86
85
97
109
97
98
99
111
110
122
121
133
134
135
123
124
112
124
136
137
125
126
114
115
127
128
129
117
118
119
131
130
142
143
144
132
120
108
96
95
107
106
105
117
116
104
92
93
94
82
81
69
70
58
46
45
33
34
22
21
20
19
7
8
9
10
11
12
24
23
35
47
59
136
126
40
37
128
127
127
49
77
66
143
72
96
31
112
67
74
119
24
135
104
140
61
18
1
48
47
76
100
85
144
17
126
5
12
140
101
131
11
81
78
15
41
38
89
137
24
139
73
13
70
106
23
34
116
48
102
134
92
133
17
138
115
78
99
68
86
107
118
141
68
129
98
36
7
16
63
35
32
54
26
97
95
28
93
92
27
132
143
120
15
23
38
98
123
34
59
82
111
46
20
113
41
103
114
50
124
14
62
62
135
100
22
91
36
94
90
2
79
138
32
90
110
77
53
80
40
46
61
137
116
11
21
29
52
124
74
26
125
33
109
131
106
128
72
39
10
83
42
69
25
4
47
4
63
69
66
57
25
65
88
110
120
132
58
87
80
29
75
123
142
105
121
9
102
103
37
20
119
5
86
7
125
108
56
101
94
75
142
52
44
81
109
122
99
104
12
60
8
85
130
54
56
50
139
30
9
65
84
76
67
144
130
73
18
134
107
33
59
118
3
43
42
49
129
113
22
96
71
122
28
43
6
117
55
133
35
136
64
13
53
57
30
58
121
114
105
83
39
93
19
91
21
79
88
115
55
6
10
97
2
71
89
82
31
51
141
87
45
44
14
16
8
45
51
19
3
60
108
117
1
111
84
95
70
27
112
64
102
102
10
13
111
69
58
89
14
91
10
24
51
43
85
11
134
130
13
66
79
61
46
56
83
24
34
97
78
42
73
45
140
101
120
90
48
58
108
99
118
15
98
71
117
38
135
9
36
59
50
25
108
87
138
59
57
131
144
9
7
70
68
86
135
124
100
29
143
96
105
18
72
119
126
106
35
118
94
22
33
52
37
67
93
115
50
65
71
36
133
93
96
63
133
12
8
139
70
74
41
44
17
134
37
67
120
38
81
137
88
128
20
131
141
74
92
141
23
43
54
21
105
81
107
53
104
132
55
72
114
110
100
52
75
114
142
86
75
107
115
7
30
44
16
49
65
27
123
116
48
112
39
77
62
130
1
84
97
84
2
47
46
45
6
76
35
92
21
54
64
123
125
5
127
89
51
40
19
111
90
94
30
144
23
132
42
112
11
19
136
39
22
121
83
101
32
80
16
27
53
28
17
140
138
34
125
113
20
2
33
109
64
98
103
121
63
124
119
127
8
4
106
3
79
49
68
137
142
109
18
95
80
55
139
117
88
73
29
122
136
95
76
113
6
91
82
40
66
57
103
99
56
77
129
28
78
87
12
104
5
3
41
26
26
4
143
1
31
60
82
126
14
110
31
69
61
128
32
85
62
116
47
129
15
25
122
60
144
143
142
141
129
128
140
139
138
137
136
135
134
133
121
122
110
109
97
98
99
100
88
89
101
102
114
115
103
91
79
80
81
69
70
82
94
95
107
106
118
119
131
132
120
108
96
84
72
60
59
47
48
36
24
12
11
10
9
21
22
23
35
34
33
45
44
56
55
54
42
43
31
32
20
19
18
17
16
4
5
6
7
8
9
10
22
34
46
58
57
45
46
58
70
71
83
82
81
93
105
104
92
91
90
78
77
65
66
67
68
80
92
93
94
106
105
117
116
104
103
115
127
126
125
113
112
124
123
111
99
87
86
85
73
74
62
61
49
50
38
37
25
26
14
13
1
2
3
15
27
28
29
41
40
52
64
76
75
63
51
39
27
28
40
41
53
52
64
76
88
87
86
85
73
61
62
74
75
63
51
39
38
50
49
37
25
26
14
13
1
2
3
15
16
4
5
17
29
30
42
30
31
19
18
6
7
8
20
21
33
32
44
43
55
56
57
69
68
67
79
78
66
54
53
65
77
89
90
102
114
126
127
128
116
117
118
130
129
130
131
119
107
95
83
71
59
47
35
23
11
12
24
36
48
60
72
84
96
108
120
132
144
143
142
141
140
139
138
137
125
124
136
135
123
122
134
133
121
109
97
98
110
111
112
100
101
113
133
121
122
123
111
110
109
97
85
86
74
73
61
62
63
51
50
49
37
38
39
27
15
14
26
25
13
1
2
3
4
5
17
18
30
29
41
40
52
64
65
77
78
90
89
88
76
75
87
99
100
112
124
125
137
136
135
134
133
121
109
110
98
99
100
101
113
114
102
103
115
127
128
140
139
138
126
114
115
116
104
105
117
118
119
131
130
129
141
142
143
144
132
120
108
107
95
96
84
72
60
59
71
83
82
70
69
57
45
33
34
35
36
48
47
46
58
70
82
94
106
105
93
81
80
92
91
79
67
66
54
42
43
55
56
68
69
57
58
46
34
22
23
24
12
11
10
9
8
7
6
5
4
16
28
40
39
51
52
53
41
42
30
31
19
20
32
44
45
33
21
20
21
22
23
24
12
11
10
9
8
7
6
18
19
31
32
44
43
55
56
68
67
79
80
81
93
92
91
90
102
103
104
116
117
118
106
94
95
83
71
59
47
35
36
48
60
72
84
96
108
107
119
120
132
144
143
131
130
142
141
129
128
140
139
127
126
138
137
125
124
136
135
134
122
123
111
112
113
101
89
77
78
66
54
53
65
64
63
62
74
75
76
88
87
86
98
97
85
73
61
49
50
38
37
25
26
14
13
1
2
3
15
27
28
29
17
16
124
70
143
33
125
42
110
102
53
35
115
104
64
28
72
105
32
102
34
81
7
112
37
79
107
93
73
117
59
25
50
84
71
84
41
54
15
93
91
61
87
136
85
11
75
70
55
4
92
142
8
47
99
118
142
114
139
132
17
133
82
8
19
121
38
43
80
139
52
48
103
140
100
75
55
6
44
68
67
113
58
124
83
53
97
85
77
86
138
74
88
132
120
121
46
16
38
144
23
37
32
82
56
61
73
9
13
57
56
106
126
67
30
6
51
20
81
11
109
30
131
91
108
123
4
128
47
39
137
28
99
72
112
69
14
123
15
36
96
103
88
86
36
24
129
90
35
50
118
10
111
122
5
65
98
1
22
94
107
58
90
143
60
106
54
43
20
31
62
77
134
95
41
95
129
22
52
87
130
116
5
26
94
128
101
18
105
49
63
119
110
59
9
114
31
33
24
79
135
122
78
141
83
21
10
109
12
34
51
74
135
120
27
64
65
69
140
89
21
13
101
18
17
39
42
57
3
62
136
27
108
89
96
117
1
63
141
45
137
45
3
76
111
71
104
100
92
40
23
80
66
48
66
12
134
97
113
2
127
144
14
119
133
7
98
130
138
116
127
76
29
2
131
25
19
78
115
49
125
44
60
126
16
46
26
68
29
40
5
87
96
130
31
39
17
122
23
16
98
83
133
64
34
47
71
115
27
46
112
126
1
39
97
12
103
95
18
6
122
33
119
76
22
105
132
108
107
58
59
99
55
4
41
113
127
74
114
14
106
119
48
110
42
140
73
91
126
72
57
76
137
63
143
125
56
138
23
133
137
144
26
85
65
120
2
61
40
110
40
96
140
111
129
78
85
48
12
26
125
142
37
123
102
63
81
42
86
30
25
100
139
101
117
60
17
31
36
15
113
54
92
88
84
82
3
13
135
52
105
66
51
77
100
68
90
109
19
68
65
57
118
62
4
30
10
101
124
25
75
134
34
29
45
72
121
43
79
129
93
13
14
115
70
70
53
103
60
18
3
138
118
8
136
28
98
27
52
49
81
41
107
20
130
35
38
66
117
10
50
131
94
32
32
67
135
71
92
82
69
11
78
89
109
7
131
49
104
64
20
120
75
44
97
84
7
59
16
53
89
136
141
69
21
33
35
116
111
38
2
15
142
86
22
80
127
93
62
116
134
21
108
88
55
54
74
124
36
1
102
56
80
37
45
46
128
123
112
87
19
141
61
11
44
114
50
67
79
91
83
28
24
132
51
47
6
128
144
90
139
143
58
104
94
8
95
43
77
9
9
106
99
29
24
121
73
5
133
134
135
123
122
110
98
97
109
121
133
134
135
136
137
138
139
140
128
127
115
103
104
92
93
105
106
118
130
142
141
129
117
116
104
103
102
114
113
125
124
112
111
99
87
86
74
75
76
88
89
101
100
88
87
75
63
51
50
62
61
49
37
25
26
14
15
27
39
38
37
25
13
1
2
3
4
5
17
18
30
42
43
55
56
44
32
31
19
7
6
5
4
16
28
29
41
40
52
53
65
66
67
79
91
90
78
77
76
64
65
77
89
90
78
66
54
55
67
68
69
81
82
83
95
94
93
105
106
107
119
131
143
144
132
120
108
96
84
72
71
70
58
57
45
46
34
33
21
22
23
24
12
11
10
9
8
20
32
44
56
57
45
33
34
35
36
48
60
59
47
35
23
22
10
11
12
24
36
48
47
59
60
72
71
83
84
96
108
120
132
144
143
142
141
129
128
140
139
138
126
125
137
136
124
123
122
121
109
97
85
73
85
73
61
49
50
38
26
14
13
1
2
3
15
16
17
29
30
18
6
7
8
9
21
20
19
31
43
42
54
53
41
40
28
27
39
51
52
64
63
62
74
86
98
110
111
99
100
112
113
101
102
114
126
127
115
116
117
118
130
131
119
107
95
94
82
81
80
79
91
92
80
68
69
70
58
46
12
24
36
35
23
22
21
9
10
11
12
24
36
48
60
72
84
96
95
83
82
81
93
92
104
105
117
118
119
120
108
107
106
94
93
81
69
70
58
59
47
46
34
33
32
20
19
31
43
44
56
57
45
44
32
31
30
29
17
18
6
5
4
3
15
14
26
27
28
16
4
3
2
1
13
25
37
49
50
62
63
64
76
77
89
88
87
75
74
73
61
49
37
38
39
51
52
40
41
53
54
66
78
79
80
68
67
55
43
42
54
55
56
68
67
66
65
77
78
90
102
103
115
127
128
116
104
105
117
129
130
131
132
144
143
142
141
140
139
138
126
114
113
101
100
112
111
99
98
110
122
134
133
121
109
97
85
86
87
88
89
101
100
99
111
123
135
136
137
125
124
123
122
110
109
121
133
134
135
136
124
125
137
138
126
127
139
140
141
142
143
144
132
120
108
107
95
96
84
72
71
59
60
48
47
35
23
11
10
9
8
7
8
7
6
5
17
16
15
14
2
1
13
25
26
38
50
51
63
62
61
73
85
97
98
86
74
75
76
64
65
53
52
40
39
27
28
29
41
42
30
18
19
20
21
22
34
33
45
46
58
57
69
70
71
83
82
94
106
118
119
131
130
129
128
116
115
103
91
79
80
92
91
90
102
114
113
112
95
25
94
57
119
98
89
91
99
5
134
143
117
54
92
143
114
112
43
59
141
79
117
131
136
64
62
90
126
51
23
127
66
136
31
115
71
40
110
45
127
104
21
84
11
47
24
122
105
140
13
58
38
30
20
5
59
15
126
41
70
66
29
54
16
88
7
39
6
97
91
19
130
22
128
81
61
69
44
121
49
108
102
77
3
25
77
12
86
70
87
129
103
9
100
120
138
65
109
26
101
42
80
102
24
113
87
137
122
113
124
106
82
15
12
120
99
129
36
48
52
51
116
18
135
49
111
56
36
14
118
68
44
10
11
31
38
4
123
112
18
97
128
47
83
125
84
41
23
10
83
79
140
40
119
95
94
19
7
100
137
34
58
114
55
118
138
75
32
63
109
28
103
142
115
132
75
133
55
76
93
42
108
74
68
64
96
35
73
33
28
30
139
33
110
63
3
27
93
133
142
78
2
9
14
48
53
111
37
71
134
17
57
135
46
85
72
61
20
60
90
37
105
21
74
125
92
29
144
67
123
50
8
1
124
98
27
43
101
67
35
6
107
62
16
81
85
45
56
131
17
106
22
82
104
76
32
78
53
1
39
52
121
88
86
26
73
69
89
96
8
80
130
46
2
72
132
116
60
144
34
4
13
65
141
107
50
139
7
67
13
88
37
54
103
60
119
129
11
92
39
10
126
97
122
13
20
104
144
95
136
96
61
24
142
82
66
72
95
71
124
18
41
124
4
102
137
62
45
58
23
77
50
80
29
73
3
27
115
69
53
1
82
31
125
77
91
132
30
8
19
103
24
99
16
22
98
85
111
56
118
106
64
123
38
123
7
42
131
76
2
53
45
4
83
34
61
84
80
70
140
12
31
134
11
79
21
76
88
120
97
131
143
96
117
38
139
75
48
78
91
122
5
43
9
87
99
135
39
52
85
130
58
70
46
98
114
32
138
127
16
120
57
68
65
86
35
57
135
90
32
81
10
15
43
134
47
17
101
3
15
105
113
50
87
69
83
78
129
113
59
105
118
107
63
110
132
128
79
141
112
90
56
35
26
115
9
75
117
64
89
108
48
25
27
21
121
116
40
112
81
84
74
52
41
133
100
139
102
28
49
28
136
108
51
106
92
30
33
138
121
126
89
14
40
104
141
20
114
60
100
26
34
111
142
140
36
6
68
2
18
54
62
22
49
46
36
133
55
109
93
109
128
6
127
37
65
55
94
66
17
137
107
110
94
72
93
12
73
8
101
23
51
44
63
29
44
33
144
59
71
47
116
19
42
86
67
25
130
1
143
14
119
5
74
125
