##Rat 6 Day 19
 ##rewards
83
94
16
##Vertices
144
132
131
130
118
106
105
117
116
128
140
141
142
143
144
132
120
108
107
119
120
108
96
84
72
60
48
36
24
12
11
10
22
23
35
34
46
47
59
71
70
58
57
69
68
80
79
67
55
54
53
65
66
78
77
76
75
87
86
74
62
61
73
85
97
98
99
111
112
124
125
126
114
113
101
100
88
89
90
102
103
104
92
91
103
115
127
139
138
137
136
135
123
122
110
109
121
133
134
135
136
137
138
139
140
141
129
128
116
104
105
93
94
82
81
69
57
56
44
32
20
8
7
19
31
30
42
41
29
28
40
52
51
39
38
26
14
15
3
2
1
13
25
37
49
50
51
63
64
76
88
89
90
91
92
80
68
56
55
43
44
45
33
21
9
8
7
6
5
17
18
30
29
28
40
52
64
65
77
78
79
67
66
54
53
41
42
43
31
32
33
45
46
58
70
82
81
93
94
106
118
117
129
130
142
143
131
119
107
95
83
95
96
84
83
71
72
60
59
47
48
36
24
12
11
23
35
34
22
10
9
21
20
19
18
6
5
17
16
4
16
4
3
15
27
39
27
26
14
2
1
13
25
37
38
50
49
61
73
74
62
63
75
87
86
98
110
111
99
100
112
113
101
102
114
115
127
126
125
124
123
122
134
133
121
109
97
85
12
11
23
35
34
33
45
46
58
59
60
48
36
24
12
11
10
9
21
22
10
9
8
7
6
5
4
3
2
1
13
25
26
14
15
27
28
16
17
18
30
29
41
42
54
55
67
66
65
77
89
90
78
79
91
103
115
116
128
127
126
138
139
140
141
129
117
118
106
107
95
83
82
94
93
105
104
92
80
81
69
57
56
68
69
70
71
72
84
96
108
120
119
131
130
142
143
144
132
120
108
96
84
72
60
48
47
59
58
57
45
44
32
31
43
42
41
53
52
51
50
49
61
62
63
75
76
88
87
99
100
101
113
112
124
123
122
110
109
121
133
134
135
136
137
125
113
114
102
103
104
92
80
68
56
55
54
53
65
64
52
40
39
38
37
49
61
73
85
86
74
75
87
99
100
101
102
90
91
79
67
66
78
77
89
88
76
64
63
51
39
40
28
29
30
31
43
44
32
33
34
46
47
35
36
24
23
22
21
20
19
20
8
7
19
18
6
5
17
16
4
3
2
1
13
14
15
27
26
25
37
38
50
62
74
73
85
86
98
97
98
97
109
110
111
112
111
123
122
121
133
134
135
136
124
125
137
138
139
127
126
114
115
116
128
129
130
118
117
105
106
94
93
81
82
70
71
83
95
107
119
131
132
144
143
142
141
140
2
51
59
142
119
135
35
46
133
89
116
38
118
90
54
98
45
96
127
65
93
76
63
139
128
103
5
108
108
136
41
110
95
18
102
89
77
81
20
122
48
7
1
6
61
128
90
54
29
40
139
68
66
25
23
62
117
114
105
29
91
50
84
84
105
141
118
33
115
101
57
74
112
70
129
16
140
26
47
134
55
4
106
44
123
3
41
5
39
87
78
52
60
51
42
106
86
25
21
122
99
30
36
32
85
39
66
82
124
88
82
113
104
141
19
57
9
75
112
104
43
24
111
12
47
31
93
137
53
111
91
132
107
53
109
37
123
119
132
78
97
61
72
120
115
58
13
134
64
143
44
133
8
129
14
23
58
4
27
49
86
120
52
28
137
24
75
144
74
79
73
6
102
49
59
67
26
69
143
22
68
76
92
138
121
97
130
20
38
80
46
114
15
135
36
142
45
83
103
83
3
101
70
77
125
131
1
95
79
144
138
2
22
96
17
116
94
17
140
42
62
9
99
92
64
14
71
88
18
43
67
110
125
10
11
19
117
81
98
34
69
60
80
127
7
63
56
126
13
109
31
27
100
8
65
30
10
35
21
56
107
55
37
121
131
11
126
124
40
113
33
15
34
32
16
72
71
28
12
94
87
130
136
48
50
73
85
100
33
116
5
11
96
16
76
142
52
108
82
70
7
18
63
12
84
51
17
68
131
30
6
26
55
112
77
32
46
53
40
34
120
144
64
105
110
93
141
127
60
141
72
84
31
54
65
44
63
48
10
38
27
39
98
67
89
69
117
90
58
113
144
92
92
21
35
109
68
73
61
91
45
119
128
34
36
41
95
117
143
14
109
57
21
138
142
39
20
19
12
42
137
62
50
99
51
94
104
53
83
41
20
27
42
9
115
88
94
4
143
44
24
9
22
135
139
134
122
5
66
80
126
79
116
71
140
2
140
67
72
3
29
32
119
138
83
55
56
121
3
35
38
125
40
123
79
58
100
96
111
73
66
136
76
37
7
45
24
135
56
110
111
97
65
126
130
129
78
4
136
97
74
23
64
114
112
78
69
59
115
28
15
133
118
129
30
57
81
80
103
107
124
114
131
87
85
36
19
47
133
1
77
102
127
95
105
101
106
18
6
61
60
132
11
121
103
70
124
91
128
107
130
16
25
90
102
8
13
137
37
104
106
134
49
75
10
14
43
74
75
54
120
108
87
47
101
50
118
2
89
23
46
71
88
22
8
28
99
132
62
85
113
31
81
86
1
43
59
125
52
139
33
86
122
82
25
100
26
29
123
17
48
98
13
49
93
15
1
13
14
15
27
28
29
41
53
52
51
63
62
61
49
50
38
37
25
26
27
39
40
28
16
4
5
6
18
19
7
8
20
32
33
21
22
23
35
36
48
47
59
60
72
71
83
82
70
69
81
93
94
95
107
108
120
119
118
106
105
117
116
128
129
141
140
139
127
115
103
102
114
126
138
137
125
124
136
135
123
122
110
109
121
133
134
135
136
137
138
139
140
141
142
130
131
143
144
132
120
108
96
84
72
60
48
36
24
12
11
10
9
8
7
6
5
17
18
30
31
43
44
45
46
34
35
47
59
58
57
56
55
54
42
43
55
67
79
78
66
65
64
76
77
89
101
113
112
100
88
87
86
85
97
98
99
111
123
124
125
126
127
128
116
104
92
91
90
78
77
89
88
87
75
74
86
85
73
61
73
74
62
63
75
76
64
65
66
67
79
91
90
102
101
100
99
98
97
109
121
133
134
122
110
111
112
113
114
115
103
104
105
117
129
130
142
143
144
132
131
119
118
106
107
95
96
84
83
71
70
69
81
82
94
93
92
80
68
80
68
56
44
32
33
45
57
58
46
34
22
23
24
12
11
10
9
21
20
19
31
30
29
41
42
54
53
52
40
39
51
50
49
37
38
26
25
13
1
2
14
15
3
2
3
4
16
17
133
134
122
110
111
99
87
88
89
101
113
114
126
138
137
125
124
136
135
123
111
112
100
99
98
97
85
73
74
62
61
49
50
51
39
38
26
14
15
3
4
16
17
5
6
18
19
31
30
42
43
44
32
20
21
9
10
22
34
33
45
46
58
59
47
48
60
72
71
70
69
81
82
83
84
96
95
107
108
120
119
131
130
142
143
144
132
120
108
96
84
72
60
48
36
35
23
24
12
11
10
9
8
7
6
5
4
3
2
1
13
25
37
49
61
73
85
86
74
75
63
64
52
40
28
27
15
16
17
29
41
53
65
77
76
64
65
66
67
79
78
90
102
103
91
92
93
94
106
105
104
116
128
140
141
129
117
118
119
107
95
83
71
59
58
57
56
68
80
79
91
92
104
116
115
127
128
140
139
138
139
127
126
114
115
103
102
90
78
66
67
68
80
81
93
105
117
129
141
142
143
144
132
131
130
118
106
94
82
70
69
57
45
46
47
35
36
24
12
11
23
22
34
33
21
20
8
7
19
18
30
42
43
31
32
44
56
55
54
55
54
53
52
51
39
40
41
29
28
27
26
14
2
1
13
25
37
38
50
62
63
75
87
88
76
77
89
101
100
112
113
125
137
136
124
123
135
134
133
121
122
110
109
121
109
97
98
86
64
48
117
102
69
27
36
58
12
40
126
43
41
94
30
82
114
9
14
8
76
142
68
10
84
38
89
56
125
35
30
78
127
2
49
144
105
54
44
96
71
94
93
82
121
17
93
74
24
7
78
96
56
109
46
65
104
79
50
1
31
114
34
41
21
104
70
128
71
115
111
106
73
135
8
143
112
140
57
91
110
25
108
18
133
2
122
123
62
47
22
6
141
75
115
126
13
44
4
45
51
36
134
54
107
113
99
47
116
59
28
92
43
52
90
86
26
39
53
95
31
49
68
79
40
53
6
75
23
66
13
23
88
5
29
87
61
73
3
70
17
133
76
108
142
61
74
4
143
38
85
24
144
92
84
140
21
106
48
129
103
19
134
37
131
50
136
103
120
83
51
130
32
42
69
123
80
20
67
11
33
120
72
132
127
85
86
59
42
135
3
83
122
110
16
125
19
64
27
100
26
45
119
15
136
111
35
91
72
15
87
16
77
46
121
32
141
90
138
138
66
29
139
100
63
77
12
67
7
116
118
139
109
1
89
124
129
101
57
97
52
137
22
33
137
102
81
119
132
55
65
131
124
81
105
128
60
99
98
28
11
14
113
62
88
130
25
101
55
60
98
9
58
112
39
118
97
10
107
117
5
20
80
18
63
37
95
34
55
82
23
62
66
57
37
132
86
110
12
52
75
111
39
20
72
138
5
108
11
130
131
49
21
118
98
7
33
27
90
139
1
90
16
128
52
142
99
63
73
91
83
86
110
85
63
59
119
56
93
71
44
65
69
57
137
38
135
64
47
97
120
67
137
117
36
48
75
36
109
20
16
24
117
53
124
60
87
39
58
78
129
141
77
41
56
115
140
141
81
66
87
92
103
134
91
55
80
38
105
78
7
84
29
31
28
32
79
106
47
42
100
61
102
115
108
6
114
76
130
1
96
26
19
44
112
4
101
144
68
48
139
124
45
98
51
121
19
92
79
71
143
116
67
33
8
32
122
21
136
143
17
35
50
42
101
95
9
45
95
123
46
4
72
70
51
93
10
43
119
30
88
113
107
15
40
105
53
76
29
14
74
104
68
13
31
107
131
140
41
138
10
35
83
15
61
34
46
102
88
22
3
64
62
133
50
54
106
2
104
18
114
22
28
133
120
82
25
65
111
94
126
77
123
134
144
89
34
30
103
132
125
89
6
14
13
40
99
113
127
125
81
5
121
73
94
23
112
96
58
9
85
24
142
128
43
129
18
109
136
70
80
74
116
126
135
2
127
60
84
122
25
118
100
37
69
97
3
11
54
49
17
12
8
27
59
26
12
24
36
35
47
48
60
59
58
70
69
68
67
79
91
90
89
88
76
64
52
40
28
29
41
42
54
55
56
44
32
31
43
42
30
18
19
7
6
5
4
16
15
14
2
1
13
25
26
27
39
38
37
49
61
73
74
86
98
110
111
99
100
112
124
125
126
138
137
136
135
123
122
121
109
97
85
73
61
62
63
51
50
49
37
25
26
38
50
62
63
75
87
99
111
112
113
101
102
114
115
127
139
140
128
129
141
142
143
144
132
120
108
107
106
94
95
83
71
72
84
96
108
120
119
131
130
118
117
105
93
81
80
92
104
103
115
116
104
92
93
94
82
81
80
79
78
66
65
53
54
66
67
68
69
57
45
46
34
33
21
20
8
9
10
22
23
11
10
9
21
22
34
35
23
11
12
24
36
48
60
59
47
46
45
33
32
44
43
55
56
57
58
70
82
83
71
72
84
96
95
107
119
118
106
105
117
116
128
129
130
131
132
144
143
142
141
140
139
127
126
138
137
125
124
136
135
123
122
134
133
134
133
121
109
110
98
97
85
86
74
75
87
88
100
101
113
114
102
103
91
90
78
77
89
77
76
64
65
53
52
51
39
40
41
29
30
31
19
20
8
7
6
18
17
5
17
16
28
27
15
3
4
3
2
1
13
14
144
143
142
130
129
141
140
128
116
115
103
91
79
78
77
65
53
41
42
43
44
45
46
58
57
69
68
80
92
93
94
82
81
69
70
71
83
84
72
60
48
47
35
23
24
12
11
10
22
34
33
21
9
8
7
6
18
17
16
15
27
28
40
39
38
50
62
61
49
37
25
26
14
2
3
4
5
6
7
19
31
32
20
8
9
10
22
21
20
19
31
30
29
28
27
39
51
52
64
63
75
74
73
85
86
98
97
109
121
133
134
135
136
124
112
113
125
126
127
139
138
137
136
135
123
122
110
111
99
100
101
102
90
89
88
76
75
87
88
89
101
113
114
102
90
78
66
67
55
56
68
67
79
91
103
104
105
117
118
106
107
95
96
108
120
119
131
132
120
108
107
119
118
130
131
132
144
143
142
141
140
128
129
117
105
106
94
93
81
80
92
104
116
115
114
126
127
139
138
137
125
124
123
111
112
100
99
87
86
98
110
122
134
133
121
109
97
85
73
74
62
61
49
50
38
37
25
26
14
13
1
13
1
2
3
15
16
4
5
17
18
30
29
41
40
52
51
63
64
76
77
65
66
54
53
54
42
43
55
56
44
32
33
45
57
58
70
82
83
95
96
84
72
71
59
60
59
47
46
34
35
36
48
36
24
12
11
23
105
71
128
83
65
38
142
83
25
121
23
112
64
41
104
144
68
88
122
82
2
101
18
134
133
116
123
14
41
129
113
96
92
135
109
98
114
87
111
117
5
51
84
74
39
22
110
61
117
52
130
99
78
138
95
67
54
11
100
37
24
44
120
6
62
128
48
127
36
140
13
84
1
62
115
89
99
51
4
56
47
32
81
137
17
95
15
107
101
111
60
97
103
132
55
30
89
77
93
64
31
61
40
80
75
7
59
48
94
8
106
50
45
33
71
131
104
55
136
144
102
108
43
18
32
119
33
16
124
76
39
6
72
44
20
46
40
79
143
85
86
86
140
133
26
31
25
122
52
118
130
59
49
108
29
70
79
68
74
17
121
58
53
42
102
107
10
125
134
28
142
42
138
90
5
1
73
66
76
123
88
116
143
57
27
81
11
9
2
21
21
9
110
14
92
78
53
141
82
119
47
118
15
63
131
43
30
7
49
26
3
126
100
114
69
126
90
129
12
54
23
93
12
141
58
65
8
4
20
67
27
19
112
139
139
28
66
77
34
120
45
124
106
10
46
22
36
91
35
13
85
115
109
96
35
37
16
69
24
75
60
137
3
63
57
72
34
29
38
105
56
19
135
87
94
91
97
127
113
80
98
70
73
132
50
136
125
103
9
124
120
96
24
123
53
3
125
74
129
72
86
56
78
12
61
111
127
131
98
74
139
120
58
60
131
10
115
75
70
24
15
71
138
81
102
41
6
112
55
8
134
101
71
38
16
132
99
31
140
90
96
29
67
47
69
11
30
141
89
18
46
95
93
59
124
52
136
35
144
119
109
92
76
127
65
19
123
16
33
103
142
126
69
55
118
121
44
113
2
144
54
28
43
119
61
57
125
36
107
49
113
31
37
22
62
130
47
141
11
116
25
66
76
100
52
36
121
40
142
1
135
114
116
77
17
73
7
135
20
27
105
133
99
46
68
39
143
38
70
17
40
86
22
45
90
66
14
10
118
3
26
58
7
73
138
20
4
102
137
94
19
87
21
104
80
130
35
88
34
80
126
64
92
65
43
23
48
82
60
9
27
137
136
48
84
88
103
13
67
117
93
110
94
12
134
32
97
75
50
28
18
133
100
30
51
128
64
23
108
53
110
109
106
83
25
91
56
15
68
107
78
21
2
1
34
122
101
115
54
57
33
42
106
112
91
105
85
63
82
63
6
98
77
95
84
13
72
143
140
50
14
132
114
62
79
29
111
41
129
32
5
79
81
117
139
26
51
59
97
83
104
4
45
122
44
42
89
5
85
49
37
87
108
8
39
128
