##Rat 2 Day 31
 ##rewards
18
29
107
##Vertices
1
2
3
15
14
26
38
37
25
13
1
2
3
4
5
6
7
8
20
19
31
43
44
56
57
45
46
34
22
10
9
21
33
32
44
43
42
30
29
17
16
28
27
39
51
50
62
63
64
52
53
41
40
52
51
63
75
87
86
74
73
85
97
109
110
122
123
111
99
98
97
109
121
133
134
135
136
137
125
126
114
102
103
91
92
104
116
115
127
139
138
137
136
124
112
113
101
100
88
89
77
78
79
67
55
54
66
65
64
76
77
65
53
54
66
78
90
91
79
80
81
69
70
71
59
58
57
45
46
47
35
23
11
12
24
36
48
60
72
84
83
82
94
93
105
106
118
117
129
130
131
132
144
143
142
141
140
128
116
104
92
93
105
117
118
119
120
108
96
95
107
119
131
130
142
143
144
132
120
108
107
95
96
84
83
71
72
60
48
36
24
12
11
10
9
21
20
8
7
6
18
17
5
4
16
15
14
13
25
37
49
61
49
61
73
85
86
98
110
122
121
133
134
135
123
124
125
113
114
126
138
139
140
141
129
128
127
115
103
102
90
89
101
100
112
111
99
87
88
76
75
74
62
50
38
26
27
39
40
28
29
41
42
30
18
19
31
32
33
34
22
23
35
47
59
58
70
69
68
67
55
56
68
80
81
82
94
106
144
132
120
119
131
130
129
141
142
143
144
132
120
108
96
84
72
60
59
71
70
69
57
56
44
45
33
34
35
36
48
47
46
58
57
69
81
82
94
95
107
106
118
117
116
128
127
115
103
104
92
93
105
104
116
115
114
113
125
126
138
137
136
135
123
122
110
111
112
124
136
135
134
133
121
109
97
85
86
74
75
76
64
65
53
52
51
63
62
61
73
85
97
98
99
87
88
100
101
89
90
78
66
67
68
80
79
91
103
102
90
91
92
80
79
78
77
65
66
54
42
43
31
19
20
32
44
45
33
21
22
23
24
12
11
10
9
8
7
6
18
30
29
41
40
28
27
39
38
26
14
2
1
13
25
37
49
50
51
52
53
41
40
39
27
15
3
4
5
17
16
15
14
26
25
13
1
2
3
4
16
17
5
6
18
19
7
8
9
10
11
12
24
36
48
47
59
60
72
84
83
95
96
108
107
119
131
143
142
141
140
139
140
139
138
137
125
124
123
122
134
133
121
109
110
98
86
87
75
74
73
61
49
37
38
50
62
63
64
76
77
89
88
100
99
111
112
113
101
102
114
126
127
128
129
130
118
117
105
106
94
93
81
82
83
71
70
58
46
34
35
23
22
21
20
32
31
43
55
67
68
56
55
54
42
30
29
28
116
126
78
81
50
57
22
144
130
53
56
68
40
64
14
115
2
23
65
133
96
142
74
41
37
137
60
24
79
102
73
82
103
12
138
30
8
107
117
46
35
120
9
55
6
27
140
4
110
90
85
7
70
130
47
29
29
91
80
52
50
65
135
9
96
119
14
43
16
48
97
94
51
112
41
79
92
107
25
8
11
38
46
31
95
88
113
135
99
138
21
47
76
128
134
69
24
108
98
114
58
4
124
114
17
22
71
109
37
132
109
120
83
54
139
62
141
26
129
112
69
78
15
104
73
15
61
88
86
140
13
98
23
52
59
103
2
118
100
74
63
72
121
19
122
1
93
39
36
5
106
83
84
42
91
92
123
80
126
127
17
133
110
66
59
128
119
89
34
97
86
115
122
118
131
32
111
139
93
55
99
76
70
68
39
90
53
124
134
94
64
123
77
34
5
136
28
40
67
32
36
3
101
104
84
75
10
49
10
105
137
19
18
33
87
62
136
60
49
77
6
11
111
13
16
100
21
108
26
28
35
31
67
116
45
81
18
48
58
12
131
45
101
143
61
25
56
125
27
143
54
30
121
95
38
125
89
42
66
3
44
85
106
87
72
63
44
132
75
51
142
20
33
117
113
20
129
141
105
7
57
102
127
82
144
71
1
43
92
13
130
20
86
14
55
76
51
77
33
99
138
42
21
44
127
122
30
2
79
133
34
115
54
70
20
28
16
38
118
91
135
139
60
116
92
21
50
136
47
129
97
19
36
142
131
38
27
48
65
99
68
34
116
67
49
17
113
100
122
138
17
3
75
121
53
95
108
111
88
115
39
56
123
93
13
102
118
111
23
6
52
64
16
7
31
35
27
103
68
78
8
82
47
136
114
117
52
15
64
33
75
112
46
62
53
127
87
15
58
45
24
22
96
28
22
108
61
8
142
83
112
1
107
9
57
46
107
90
5
95
134
128
104
72
119
130
5
109
74
66
140
67
26
60
58
125
59
132
89
104
31
123
89
65
80
137
62
79
30
91
39
71
43
141
96
102
56
81
135
25
124
4
76
54
94
44
10
77
97
87
84
45
40
2
23
124
128
4
83
119
117
61
50
6
114
131
36
12
41
78
126
25
143
101
86
110
85
81
144
93
74
14
98
140
121
7
126
51
125
132
18
37
73
26
69
85
129
3
84
37
90
41
43
100
141
63
82
101
69
11
109
71
32
11
29
94
133
66
73
10
113
134
63
105
29
72
35
106
49
120
40
80
144
143
42
59
32
1
88
48
55
70
24
98
106
103
18
139
57
9
19
110
12
120
137
105
133
121
109
97
85
86
98
99
87
75
76
88
100
101
89
90
102
103
91
79
67
68
69
81
80
92
93
105
104
116
128
127
139
140
141
129
117
118
130
131
143
144
132
120
108
96
95
94
82
83
71
70
58
46
34
33
32
31
43
42
54
53
52
40
39
27
28
29
41
53
65
77
78
66
65
64
63
51
50
62
74
73
61
49
37
38
26
14
13
1
2
3
4
5
6
18
17
16
15
3
4
5
6
7
19
20
8
9
21
22
10
11
12
24
23
35
36
48
47
59
60
72
84
96
108
107
106
105
117
116
115
114
113
112
124
136
137
138
126
125
113
112
111
110
122
134
135
123
111
99
100
101
102
90
91
79
80
68
56
55
54
42
30
31
43
44
45
57
69
70
58
59
71
83
84
72
60
48
36
24
12
11
23
35
47
46
34
33
21
22
10
9
8
7
19
20
32
44
45
57
56
55
67
66
78
77
89
88
76
75
87
86
74
62
63
64
52
51
50
38
39
40
41
29
30
18
17
16
28
27
15
14
2
1
13
25
26
25
37
49
61
73
85
97
98
110
109
121
133
134
122
123
135
136
124
125
137
138
126
127
139
140
128
129
141
142
130
142
143
144
132
120
119
131
119
118
106
107
95
94
82
81
93
92
104
103
115
114
12
11
10
9
8
20
21
33
32
31
43
44
45
57
56
68
69
81
80
79
78
90
102
103
91
92
104
105
93
94
95
83
84
96
108
107
106
118
119
131
132
144
143
142
141
140
128
116
115
127
126
114
113
112
111
99
87
75
76
64
65
53
41
40
28
27
39
51
52
53
54
55
67
66
54
42
30
29
17
18
19
7
6
5
4
16
15
14
2
1
13
25
37
49
61
62
50
38
26
25
37
49
61
73
74
86
85
97
98
110
109
121
133
134
122
123
135
136
124
125
137
138
139
140
141
129
117
105
106
94
82
70
58
46
47
48
60
72
71
59
58
46
34
22
23
24
36
35
34
33
45
57
69
68
80
79
91
90
89
77
65
64
63
75
76
88
100
101
102
114
113
125
126
127
139
138
137
136
135
134
133
121
122
123
124
112
111
99
98
110
109
97
85
73
74
86
87
88
100
101
89
77
78
66
67
55
56
44
43
31
32
20
19
18
30
42
41
29
17
16
28
40
52
51
63
62
50
38
39
27
26
14
13
1
2
3
15
3
4
5
6
7
8
9
21
22
10
11
12
24
23
35
36
48
47
59
60
72
71
83
84
96
95
107
108
120
119
120
132
144
143
142
130
131
130
118
117
129
128
116
115
103
104
92
93
81
82
70
128
144
118
82
113
13
139
66
67
59
97
103
15
42
28
40
111
141
115
77
81
68
136
43
51
53
10
76
90
95
119
98
57
2
49
61
5
4
12
98
46
106
11
110
137
124
144
105
13
96
33
22
73
8
94
79
5
106
122
93
60
62
134
91
63
138
70
31
47
119
120
76
137
125
12
30
140
2
23
117
8
82
127
17
21
116
48
89
87
52
18
91
70
111
33
123
10
118
55
86
128
86
83
75
52
37
9
20
58
39
55
65
81
79
60
100
32
7
132
75
77
92
9
44
19
122
116
41
23
64
34
47
104
38
114
112
102
78
131
11
31
19
6
133
54
24
25
126
69
3
73
37
20
67
139
64
142
24
14
78
41
110
72
99
95
99
43
45
127
84
105
114
46
32
57
108
143
3
71
50
141
34
29
29
42
69
130
108
59
113
80
107
27
49
143
133
121
93
62
135
135
88
117
53
36
45
71
6
123
66
101
30
36
85
22
51
120
100
50
83
107
80
63
103
18
27
132
88
136
54
1
87
109
39
85
115
48
96
56
109
129
84
35
26
140
72
65
131
16
94
121
90
130
38
68
74
58
40
112
25
26
1
126
21
138
7
89
61
74
15
28
16
56
129
4
104
17
97
35
92
102
14
125
101
124
44
142
134
71
22
40
82
118
76
55
65
75
20
105
102
102
117
70
144
118
87
131
61
94
41
63
87
35
31
90
66
122
122
46
34
55
124
7
13
39
108
78
119
144
72
33
3
124
62
73
97
135
111
19
9
86
85
84
106
60
134
141
127
43
10
42
117
14
121
23
51
125
20
2
50
17
96
134
76
40
53
97
99
143
112
79
57
116
63
120
129
32
71
68
7
89
21
18
129
94
65
142
2
54
17
5
133
100
93
115
39
135
72
132
110
30
9
37
123
109
84
16
85
36
24
91
139
142
28
120
1
126
137
26
92
95
67
6
74
60
16
37
23
48
133
128
114
101
110
56
90
14
62
121
131
86
8
80
108
104
140
42
88
43
132
47
46
143
56
70
109
125
130
69
66
29
81
73
89
18
45
103
58
61
27
1
95
49
44
38
45
50
34
13
92
83
115
10
21
54
29
38
27
75
98
52
116
26
114
101
24
107
51
137
106
140
64
67
8
128
25
22
28
6
31
48
58
12
113
15
104
113
100
53
136
99
119
33
123
49
15
59
83
126
77
79
103
36
78
3
74
59
81
11
136
64
32
93
57
12
112
41
111
88
25
105
69
4
11
130
30
107
5
91
138
44
19
127
77
96
98
82
139
52
4
47
138
141
80
35
68
1
2
14
13
25
26
38
37
49
50
51
39
40
52
64
63
62
61
73
85
86
74
75
87
99
111
112
124
125
113
101
89
77
76
88
100
99
98
97
109
110
122
121
133
134
135
136
137
138
139
127
126
114
102
90
91
79
67
55
54
42
43
44
45
57
69
68
80
81
82
94
93
105
106
107
95
96
108
120
132
144
143
131
119
118
117
129
130
142
141
140
128
116
104
92
91
103
115
114
102
103
115
116
104
92
80
81
69
70
71
59
47
35
23
22
21
9
8
20
19
31
32
33
34
46
58
57
56
44
45
46
58
70
82
83
84
72
60
48
36
24
12
11
10
9
8
7
6
5
17
18
30
29
28
27
15
3
4
16
28
27
39
51
63
64
65
53
41
29
30
31
32
33
21
20
19
7
6
18
17
5
4
16
15
3
2
1
13
14
26
25
37
38
50
49
61
62
74
73
85
86
87
75
76
77
65
66
67
68
56
55
43
42
41
40
52
53
54
66
78
79
78
90
89
88
100
101
113
112
111
123
124
123
122
110
98
97
109
121
133
134
135
136
137
125
126
138
139
127
128
140
141
129
130
142
143
144
132
131
119
120
108
107
106
118
117
105
93
94
95
96
84
83
71
72
60
59
47
48
36
35
23
24
12
11
10
22
34
12
24
23
11
10
22
21
9
8
20
32
33
45
44
43
31
19
7
6
5
17
18
30
29
28
27
39
38
50
51
52
53
54
42
41
40
28
16
4
3
15
14
2
1
13
25
37
49
61
73
74
62
63
64
65
77
78
79
80
68
69
81
93
105
104
103
91
90
102
114
113
101
100
112
124
125
137
136
135
134
133
121
122
123
111
99
98
110
109
97
85
86
87
88
89
77
76
75
63
64
76
75
87
88
89
90
102
103
115
127
128
129
130
131
119
107
108
96
95
83
82
94
106
118
117
116
104
92
93
105
117
116
115
114
126
138
139
140
141
142
143
144
132
120
108
96
84
72
60
59
71
70
58
46
34
35
36
48
47
46
34
33
32
31
43
55
56
57
58
70
82
94
106
107
95
83
84
72
71
59
60
48
47
35
36
24
12
11
23
22
10
9
21
20
8
7
19
18
6
5
17
29
30
42
54
55
67
79
91
92
80
81
69
57
45
44
56
68
67
66
78
66
65
53
41
40
52
51
39
27
26
38
26
14
15
16
4
3
2
1
13
25
37
49
50
62
61
73
74
86
85
97
98
110
109
121
133
134
122
123
135
136
124
112
111
99
100
101
113
125
137
138
126
127
139
140
128
129
141
142
130
131
143
144
132
120
119
118
31
112
58
94
29
47
79
106
62
111
102
71
137
24
139
1
125
98
60
13
58
68
42
53
120
138
83
37
108
134
87
87
65
19
75
84
33
95
92
39
7
12
14
45
5
131
124
125
36
53
101
66
90
86
3
75
141
7
88
34
122
72
59
18
12
11
26
49
36
56
116
24
102
21
110
39
33
23
20
114
134
88
100
127
108
49
119
21
16
2
20
26
82
97
107
59
69
130
85
57
37
109
114
40
61
41
83
25
66
35
133
107
46
17
91
38
136
76
2
140
78
48
142
71
70
84
132
105
74
42
4
130
128
139
80
101
110
143
136
23
132
77
103
6
32
51
143
63
38
123
135
129
103
54
16
89
126
117
40
115
41
67
144
118
51
62
60
90
25
128
56
76
47
4
96
104
142
55
70
61
30
44
35
92
17
118
137
50
46
19
55
29
97
44
30
68
10
113
93
91
27
115
10
13
32
135
144
117
112
15
100
124
119
138
73
18
140
45
54
82
113
28
6
85
80
122
14
99
57
48
1
69
116
31
63
50
121
64
5
86
81
72
77
123
120
131
27
98
79
15
94
95
111
121
43
105
109
104
78
93
52
73
74
11
22
99
64
106
129
28
43
126
8
3
8
9
89
141
133
96
65
34
52
81
9
127
22
67
70
4
51
49
68
117
144
143
10
135
72
68
20
39
78
60
39
106
37
11
43
52
28
31
108
41
34
58
110
44
16
96
2
37
5
90
132
21
18
50
122
126
79
71
6
139
26
43
66
93
63
118
101
91
76
120
131
32
141
81
91
49
96
46
124
54
130
81
53
125
45
66
112
59
6
45
123
123
102
79
117
143
9
83
42
102
103
87
2
86
114
118
63
138
100
77
134
11
5
57
114
3
142
100
7
138
84
111
105
124
80
89
62
71
24
82
127
130
36
73
54
134
119
87
73
33
133
132
56
21
65
20
129
135
115
38
28
104
67
29
129
94
13
119
83
4
40
23
14
19
29
36
46
90
94
84
22
26
38
12
120
122
8
128
115
40
19
14
95
109
131
48
88
32
110
140
55
101
1
93
74
13
80
17
15
16
23
61
47
89
92
62
44
64
64
125
88
8
69
34
98
33
116
27
98
48
112
86
103
58
142
141
107
113
113
57
55
133
72
65
51
67
116
105
99
136
99
97
61
9
56
53
75
15
18
139
126
17
52
85
108
30
24
82
109
107
144
59
128
12
42
50
140
25
74
104
41
47
69
60
30
136
75
35
3
111
27
25
78
92
70
137
121
85
77
137
1
76
121
35
127
95
10
7
106
31
22
97
