##Rat 4 Day 37
 ##rewards
126
113
47
##Vertices
1
2
3
4
16
17
5
6
7
8
9
10
11
12
24
23
35
36
48
47
46
45
57
56
44
43
31
30
42
54
66
65
64
76
75
63
51
50
38
39
27
26
14
13
25
37
49
61
73
85
86
98
97
109
121
133
134
135
136
124
123
122
110
111
112
100
101
89
90
91
103
102
114
113
125
126
127
128
129
141
140
139
138
137
136
135
123
111
99
87
88
100
99
87
75
74
62
63
64
52
40
41
53
54
55
67
68
80
79
78
77
65
53
52
51
39
40
28
29
41
42
30
18
19
20
32
33
21
22
34
46
58
59
60
72
71
83
84
96
95
107
108
120
119
131
132
144
143
142
130
118
117
116
104
105
93
81
69
70
82
94
106
118
117
105
104
92
93
81
69
57
58
59
60
72
84
83
71
70
82
94
106
107
95
96
108
120
119
131
132
144
143
142
130
129
141
140
128
116
115
103
115
114
126
127
139
138
137
125
124
112
113
101
102
90
89
88
76
77
78
66
67
79
91
92
80
68
56
55
43
31
19
18
17
29
28
27
15
16
15
14
26
38
50
62
74
86
98
110
122
134
133
121
109
97
85
73
61
49
37
25
13
1
2
3
4
5
6
7
8
20
21
9
10
22
23
11
12
24
36
48
47
35
34
33
45
44
32
133
121
122
123
111
110
109
97
85
86
74
73
61
62
63
51
50
49
37
38
39
27
15
14
26
25
13
1
2
3
4
5
17
18
30
29
41
40
52
64
65
77
78
90
89
88
76
75
87
99
100
112
124
125
137
136
135
134
133
121
109
110
98
99
100
101
113
114
102
103
115
127
128
140
139
138
126
114
115
116
104
105
117
118
119
131
130
129
141
142
143
144
132
120
108
107
95
96
84
72
60
59
71
83
82
70
69
57
45
33
34
35
36
48
47
46
58
70
82
94
106
105
93
81
80
92
91
79
67
66
54
42
43
55
56
68
69
57
58
46
34
22
23
24
12
11
10
9
8
7
6
5
4
16
28
40
39
51
52
53
41
42
30
31
19
20
32
44
45
33
21
20
21
22
23
24
12
11
10
9
8
7
6
18
19
31
32
44
43
55
56
68
67
79
80
81
93
92
91
90
102
103
104
116
117
118
106
94
95
83
71
59
47
35
36
48
60
72
84
96
108
107
119
120
132
144
143
131
130
142
141
129
128
140
139
127
126
138
137
125
124
136
135
134
122
123
111
112
113
101
89
77
78
66
54
53
65
64
63
62
74
75
76
88
87
86
98
97
85
73
61
49
50
38
37
25
26
14
13
1
2
3
15
27
28
29
17
16
135
100
20
99
142
77
114
26
143
4
62
82
13
8
63
130
59
102
48
93
94
36
98
9
142
2
117
44
112
114
46
144
86
49
28
61
122
57
35
92
7
57
119
1
102
95
83
128
61
50
101
5
112
134
65
70
133
121
127
74
86
117
89
32
97
126
23
6
37
109
66
48
21
11
56
106
27
81
69
8
141
124
88
84
71
58
126
44
92
32
25
87
136
38
20
100
115
88
79
10
49
123
67
131
10
134
64
118
78
111
108
144
11
33
31
3
46
132
53
96
4
41
66
14
52
47
119
98
47
73
96
137
42
73
137
58
43
52
85
82
139
90
90
140
133
17
13
18
12
29
9
113
77
78
22
91
29
2
23
67
30
43
141
35
129
95
25
1
91
132
109
123
71
55
54
64
105
124
107
16
54
120
116
53
40
127
104
116
125
76
34
138
40
45
83
85
36
22
34
120
60
63
51
107
51
93
21
69
27
139
39
121
19
15
45
76
28
122
38
110
115
62
75
104
89
39
101
97
125
81
37
113
80
74
31
24
72
41
129
14
70
135
17
87
15
105
6
130
18
79
111
24
103
68
42
56
94
108
65
19
128
131
103
143
33
16
75
99
7
140
12
68
110
3
60
30
5
84
26
55
136
80
59
118
138
106
72
50
136
81
35
113
117
109
89
6
71
77
67
90
29
71
29
84
19
3
7
131
32
100
132
70
78
123
105
59
101
140
130
44
100
85
3
4
60
5
142
79
43
16
76
57
66
90
70
94
140
17
58
108
63
91
9
11
111
7
138
80
104
121
113
30
65
107
133
59
18
76
120
66
110
93
30
94
131
26
49
81
24
135
143
126
72
129
34
64
33
39
122
107
56
72
74
108
35
82
120
118
31
97
14
10
68
46
125
74
45
21
47
48
96
46
54
112
102
24
138
11
88
42
124
122
45
75
95
49
112
67
73
121
25
58
99
15
4
62
132
19
115
20
5
48
129
61
36
144
92
16
128
13
110
1
28
22
47
93
37
40
86
62
53
111
53
20
98
64
127
43
31
51
13
125
55
23
32
36
78
116
26
87
139
128
8
77
106
33
109
103
50
40
12
114
105
141
142
41
104
65
69
106
141
75
119
12
102
34
8
50
87
139
118
25
134
63
60
39
127
80
130
21
137
119
68
56
116
144
126
103
101
28
91
114
137
124
2
22
55
1
41
136
115
98
85
88
135
97
27
44
61
73
117
89
15
83
79
52
99
38
18
10
86
52
54
37
133
27
14
38
82
134
123
9
96
23
17
143
2
51
92
83
6
95
69
57
84
42
144
143
131
119
118
130
142
141
140
128
127
139
138
126
114
113
125
137
136
124
112
111
110
122
123
135
134
133
121
109
97
85
86
74
75
87
88
100
101
102
90
91
79
80
92
104
103
115
116
117
105
106
107
95
96
108
120
132
144
143
142
130
129
117
105
93
94
82
81
69
70
71
59
60
72
84
83
82
70
58
57
45
46
34
22
23
35
47
48
36
24
12
11
10
9
21
20
8
7
6
5
17
18
19
31
30
42
41
40
39
27
15
3
4
16
28
29
30
31
32
33
45
44
43
55
56
68
67
66
78
77
76
64
65
53
54
42
41
29
28
27
26
14
2
1
13
25
37
49
61
73
85
97
98
99
100
112
113
101
89
88
76
75
63
62
50
51
52
40
39
38
50
38
26
14
2
1
13
25
37
49
61
73
74
62
63
51
52
64
65
53
54
66
67
55
43
44
56
68
80
81
69
57
58
46
34
33
32
20
19
18
17
16
15
3
4
5
6
7
8
9
21
22
10
11
12
24
23
35
36
48
47
59
60
72
71
83
84
96
95
107
108
120
132
131
119
118
106
94
93
92
91
79
78
77
89
90
102
114
126
127
115
103
104
116
128
129
141
140
139
138
137
125
124
136
135
123
122
134
133
121
109
110
111
99
87
86
98
12
24
23
22
34
35
36
48
60
59
71
72
84
83
82
94
95
96
108
107
106
118
130
131
119
120
132
144
143
142
141
140
128
127
115
116
104
105
93
81
80
68
67
55
56
57
69
70
58
46
45
33
21
20
8
9
10
11
12
24
36
35
47
46
45
44
32
31
43
42
30
18
17
5
6
7
19
31
30
29
41
40
28
27
26
14
15
16
4
3
2
1
13
25
37
38
50
49
61
73
85
86
74
62
63
75
76
88
100
112
111
110
109
97
98
99
87
75
63
51
39
40
52
64
65
53
54
66
78
79
91
103
102
90
89
77
76
88
87
99
111
123
122
121
133
134
135
136
137
138
139
140
141
129
117
105
106
94
93
92
104
103
115
114
126
125
113
101
100
112
124
125
124
123
122
121
133
134
135
136
137
138
139
127
126
114
113
101
102
90
89
77
78
66
65
64
52
53
54
55
43
42
41
29
28
27
39
51
50
62
74
86
98
110
109
97
85
73
61
49
37
38
26
25
13
1
2
14
15
3
4
16
17
5
6
18
19
7
8
20
21
9
10
11
23
22
34
33
32
44
56
68
67
79
91
92
80
81
82
83
71
70
69
57
58
59
47
48
60
72
84
96
95
107
108
120
119
131
132
144
143
142
130
118
117
116
128
129
34
5
50
5
57
136
102
51
88
6
78
70
27
115
59
112
70
69
140
39
134
118
20
122
78
4
93
56
56
29
2
105
125
115
42
15
142
96
125
119
98
90
141
86
54
111
72
87
22
128
53
117
32
71
23
106
116
88
44
134
111
123
26
139
28
19
132
6
76
18
18
117
77
77
144
95
74
2
97
54
1
99
108
116
46
46
144
131
80
30
4
127
8
1
141
39
63
137
34
37
100
22
60
3
20
48
67
101
55
72
87
8
17
16
92
12
13
58
10
93
142
143
23
25
35
119
137
49
73
7
61
9
140
43
109
55
21
104
113
50
37
105
45
21
79
135
112
127
64
98
62
97
95
126
45
52
130
64
86
73
62
84
30
68
17
47
67
107
132
40
114
138
57
31
65
60
124
11
120
103
81
128
32
99
123
36
48
85
49
85
109
11
51
35
15
71
90
47
129
110
133
103
38
66
104
69
131
102
63
126
122
16
13
25
76
65
33
130
91
61
10
14
36
66
135
110
120
114
100
136
101
133
80
42
121
58
75
7
19
138
129
52
83
108
113
83
26
31
84
89
9
124
94
59
24
139
89
107
81
75
79
106
82
27
96
29
92
121
94
91
24
12
44
53
14
118
43
74
68
33
41
41
82
38
28
143
40
3
112
41
93
69
116
80
131
118
25
24
114
62
34
27
29
2
28
56
59
37
49
44
35
41
137
116
66
143
92
16
79
3
141
43
8
87
131
96
15
12
91
133
7
106
86
89
18
85
139
111
74
5
104
21
105
112
4
44
14
143
108
88
103
107
73
136
58
134
52
39
46
17
10
142
11
15
57
59
30
99
63
48
99
101
81
37
122
132
45
7
3
127
129
91
32
124
42
65
18
88
95
105
120
135
23
80
9
6
19
38
96
50
97
79
2
133
121
128
38
78
42
94
102
69
17
103
117
45
50
31
46
33
66
90
122
19
73
52
87
127
40
20
120
86
22
32
77
20
117
51
107
26
100
135
123
22
71
101
110
54
5
34
72
125
24
83
61
60
35
111
132
13
75
138
39
90
89
31
11
26
140
53
30
93
119
77
85
109
104
97
115
130
21
74
70
1
98
126
123
136
16
65
114
84
129
144
76
98
47
82
138
128
28
67
113
60
36
49
118
55
92
25
6
13
54
142
62
75
43
83
63
76
130
126
109
95
9
4
67
82
141
23
58
29
64
12
121
51
8
110
36
10
72
108
124
134
78
61
33
70
102
68
119
140
144
1
53
113
100
68
64
40
57
94
55
71
84
106
47
14
81
56
139
125
115
48
27
137
12
11
10
22
23
35
47
48
36
24
12
11
10
9
8
7
6
5
17
18
30
42
41
53
52
40
39
27
15
3
4
16
28
29
41
42
43
31
32
20
21
33
34
46
58
59
71
70
69
57
56
44
45
57
58
70
82
94
95
83
84
96
108
120
119
131
130
118
106
107
108
120
132
144
143
142
141
140
128
127
115
103
102
90
89
101
113
114
126
138
139
140
141
129
117
116
104
105
93
92
80
79
78
66
54
55
67
68
69
81
80
68
56
55
67
79
91
90
78
77
76
64
63
62
50
51
52
40
39
38
26
14
2
1
13
25
37
49
61
73
74
75
87
88
100
99
111
112
124
123
122
121
133
134
135
136
137
125
113
101
89
88
100
112
111
110
109
97
85
86
98
110
122
123
135
134
133
121
109
97
98
86
85
73
74
62
61
49
37
25
13
1
2
3
4
16
17
5
6
7
19
20
8
9
21
22
23
24
36
48
60
72
60
72
84
96
95
107
119
131
132
144
143
142
130
129
128
116
115
127
139
138
137
136
124
125
126
114
102
103
91
92
104
105
117
118
106
94
93
81
82
83
71
59
47
35
34
46
45
33
32
44
43
31
19
18
30
29
28
27
15
14
26
38
50
51
63
64
65
66
54
53
65
77
76
75
87
99
144
132
120
119
131
130
129
141
142
143
144
132
120
108
96
84
72
60
59
71
70
69
57
56
44
45
33
34
35
36
48
47
46
58
57
69
81
82
94
95
107
106
118
117
116
128
127
115
103
104
92
93
105
104
116
115
114
113
125
126
138
137
136
135
123
122
110
111
112
124
136
135
134
133
121
109
97
85
86
74
75
76
64
65
53
52
51
63
62
61
73
85
97
98
99
87
88
100
101
89
90
78
66
67
68
80
79
91
103
102
90
91
92
80
79
78
77
65
66
54
42
43
31
19
20
32
44
45
33
21
22
23
24
12
11
10
9
8
7
6
18
30
29
41
40
28
27
39
38
26
14
2
1
13
25
37
49
50
51
52
53
41
40
39
27
15
3
4
5
17
16
15
14
26
25
13
1
2
3
4
16
17
5
6
18
19
7
8
9
10
11
12
24
36
48
47
59
60
72
84
83
95
96
108
107
119
131
143
142
141
140
139
140
139
138
137
125
124
123
122
134
133
121
109
110
98
86
87
75
74
73
61
49
37
38
50
62
63
64
76
77
89
88
100
99
111
112
113
101
102
114
126
127
128
129
130
118
117
105
106
94
93
81
82
83
71
70
58
46
34
35
23
22
21
20
32
31
43
55
67
68
56
55
54
42
30
29
28
46
130
49
8
125
7
65
35
70
40
107
111
131
45
63
129
82
50
86
84
85
64
10
134
107
131
142
68
110
39
60
9
38
138
91
140
140
77
14
124
77
55
110
47
23
141
69
71
1
37
117
29
118
90
24
128
34
22
103
48
54
127
34
52
127
8
96
54
104
37
119
64
27
135
12
25
12
73
102
89
93
5
83
139
89
29
120
61
15
3
114
144
61
35
112
6
99
135
15
56
36
132
94
88
106
41
105
90
59
100
46
67
30
58
85
84
101
18
65
78
33
97
128
115
40
122
59
62
3
98
6
87
70
97
123
143
109
108
81
134
49
79
129
32
28
19
94
17
80
66
86
116
21
114
56
57
138
33
18
109
57
119
19
24
126
132
137
87
75
79
9
98
72
136
43
121
21
78
22
71
75
124
143
42
95
51
45
44
43
10
92
76
112
66
51
69
11
139
53
80
136
2
126
1
141
26
63
74
17
82
42
83
31
11
120
39
2
25
53
68
104
14
144
95
7
113
106
111
122
101
76
93
20
5
50
81
27
31
91
13
100
102
74
41
108
103
133
23
60
88
48
20
117
125
38
130
32
137
4
16
142
62
52
4
121
105
55
133
92
73
113
118
123
67
28
47
26
44
115
36
16
72
13
58
116
30
99
96
111
101
38
27
34
50
46
2
42
88
14
102
71
74
101
136
70
38
57
11
29
93
61
94
132
62
121
82
13
111
54
6
115
126
40
90
58
117
31
45
44
53
80
120
109
17
138
112
128
56
35
48
21
57
103
86
30
131
49
91
43
137
28
88
109
59
51
47
123
8
40
105
50
16
118
26
20
122
39
64
90
64
78
94
41
144
72
104
70
68
89
73
16
137
55
2
15
125
24
5
107
18
81
78
12
13
68
124
125
69
79
33
35
80
130
60
131
34
92
116
140
129
108
65
19
45
127
17
67
86
7
85
139
87
4
126
22
102
113
142
3
6
107
75
118
81
1
141
14
96
135
142
29
37
76
84
27
97
73
23
134
66
140
106
95
59
63
84
136
122
66
116
49
67
44
52
97
77
72
37
62
74
133
33
51
134
87
46
143
23
138
135
39
22
30
24
98
7
61
141
103
36
91
130
10
110
133
113
121
10
63
143
129
114
58
12
9
132
92
54
36
100
120
69
32
108
48
99
93
32
83
52
18
85
99
114
95
55
100
19
1
56
25
104
20
98
26
53
124
25
112
42
105
3
115
144
47
89
76
11
139
31
5
117
43
128
8
75
119
106
119
21
71
4
15
96
77
123
82
79
83
65
28
41
110
60
9
127
