##Rat 2 Day 48
 ##rewards
18
29
107
##Vertices
77
130
85
90
85
43
42
73
14
2
33
126
86
105
34
15
55
59
115
63
103
20
120
21
30
31
31
117
35
127
17
136
135
98
119
17
28
93
132
65
99
73
79
121
2
76
123
62
128
50
92
112
123
124
84
140
69
19
21
49
30
40
41
25
108
32
40
83
1
32
104
83
137
39
18
97
22
56
96
92
51
61
98
67
135
46
53
124
136
88
27
4
80
38
24
74
140
29
110
76
101
89
75
138
71
52
35
109
44
39
131
137
1
9
4
11
131
141
20
63
114
44
126
36
54
23
7
45
8
11
45
139
70
6
88
96
116
70
127
68
134
82
23
72
111
106
19
109
90
112
94
14
125
115
46
59
144
97
102
71
75
49
9
125
113
22
62
81
5
3
107
37
10
16
41
144
51
106
5
72
12
117
122
118
60
61
87
64
43
57
77
143
130
74
101
64
84
80
29
100
93
128
133
3
94
13
37
28
82
60
24
103
58
18
55
107
16
15
89
142
138
133
95
26
68
10
56
99
100
38
6
104
122
91
143
50
48
129
141
111
34
116
81
139
42
36
25
53
110
52
47
66
87
108
27
13
66
7
79
58
120
105
95
134
102
69
8
78
54
65
33
86
47
119
114
78
91
129
118
48
26
132
57
113
142
12
121
67
19
125
15
93
66
138
11
91
71
41
103
13
113
39
79
41
114
36
10
21
53
8
65
117
92
87
132
38
47
58
45
37
85
61
52
42
82
83
135
125
100
23
18
77
78
78
59
124
126
32
80
5
106
100
54
114
110
56
103
3
98
123
27
14
144
84
112
99
86
60
63
104
106
1
57
139
12
119
5
6
72
96
116
28
90
48
36
40
2
24
10
74
131
133
119
105
64
69
143
131
19
98
101
31
108
115
59
128
84
81
123
111
130
134
96
8
16
56
42
95
105
92
75
30
136
52
61
23
102
71
108
86
139
129
29
55
88
110
6
101
7
34
64
72
31
140
122
39
109
117
97
107
79
62
22
1
20
128
69
48
133
50
104
47
127
25
90
121
95
7
46
99
17
17
135
53
38
26
32
9
138
67
40
121
144
141
66
12
141
2
27
113
15
73
102
68
16
118
49
62
11
70
109
82
142
116
136
50
140
65
91
44
129
44
112
73
30
126
29
37
60
83
57
88
87
3
35
89
80
22
51
58
46
33
67
4
33
43
93
51
20
35
132
43
130
115
45
63
9
18
24
107
127
70
14
137
81
137
4
94
94
120
68
85
13
124
74
77
111
75
134
76
76
26
28
142
118
25
55
49
54
122
21
143
97
89
34
120
12
11
23
35
36
24
12
11
10
22
21
20
32
44
43
55
67
66
65
64
63
51
52
40
39
38
50
49
61
62
74
73
85
86
98
99
111
110
109
97
85
73
61
49
37
25
26
14
13
1
2
3
15
27
28
16
4
5
6
18
30
31
19
7
8
9
10
22
34
33
45
57
69
81
93
92
91
79
80
68
56
57
58
46
47
48
60
72
71
83
84
96
95
107
119
120
108
96
84
72
60
59
71
70
82
94
106
105
104
103
115
127
128
140
139
138
137
125
113
112
124
136
135
134
122
123
111
112
100
101
89
90
102
114
126
138
139
140
141
129
130
131
132
144
143
142
141
129
117
116
104
103
91
92
80
68
56
55
54
53
41
29
17
5
4
16
28
40
52
64
76
77
78
79
67
66
78
90
102
101
113
114
115
116
128
127
126
125
137
136
124
123
135
134
133
121
133
121
122
110
109
97
98
99
87
86
74
62
50
38
37
25
26
14
13
1
2
3
15
27
39
51
63
75
87
75
76
88
100
88
89
77
65
53
54
42
43
44
32
31
30
42
41
29
17
18
6
7
19
20
8
9
21
33
45
46
34
35
23
24
36
48
47
59
58
70
69
81
82
94
93
105
117
118
106
118
119
131
130
142
143
144
132
120
108
107
95
83
1
2
3
15
14
26
25
37
38
39
40
52
51
63
75
74
62
50
49
61
73
85
97
109
110
122
121
133
134
135
136
137
125
113
112
124
123
111
99
100
101
89
88
76
77
78
90
102
114
126
127
115
116
104
103
91
79
80
92
93
105
117
118
130
142
143
144
132
131
119
120
108
96
84
72
71
83
82
70
58
57
69
68
67
66
65
64
52
53
54
55
56
44
43
31
30
42
41
29
17
18
19
20
32
33
21
9
10
22
34
35
23
24
12
11
10
9
8
7
6
5
4
16
28
27
39
51
63
64
65
77
76
75
87
86
98
97
109
110
111
112
113
114
115
116
128
140
141
129
117
118
106
107
95
94
82
81
69
70
58
46
45
57
56
55
43
44
45
46
47
48
60
59
47
59
60
72
71
83
84
96
108
120
132
144
143
142
141
140
139
138
126
125
124
123
122
121
133
134
135
136
137
138
139
127
128
129
130
131
119
107
95
94
106
105
93
81
80
68
67
66
78
79
91
92
104
103
102
90
89
101
100
88
87
99
98
86
85
73
74
62
61
49
50
38
26
27
28
40
41
53
54
42
30
29
17
18
19
31
32
33
34
35
36
48
36
24
12
11
23
22
21
20
8
7
6
5
4
16
15
3
2
1
13
14
13
25
37
14
104
12
122
7
40
20
47
75
3
137
11
20
15
115
42
46
129
106
63
82
88
35
96
124
60
74
37
74
48
45
61
135
24
117
100
71
135
127
26
41
85
93
126
22
87
105
97
46
23
50
134
111
99
52
114
8
84
141
30
131
56
26
78
77
49
60
132
118
28
1
107
83
19
55
122
133
2
115
52
70
14
45
93
5
123
90
106
50
140
73
78
139
95
6
138
62
141
6
103
136
108
71
61
97
7
110
68
69
29
107
143
79
113
88
4
64
101
82
65
12
21
56
81
125
24
114
80
59
133
28
144
96
10
98
142
19
18
9
118
73
47
63
109
132
121
76
29
37
126
33
72
116
15
138
92
31
32
25
99
43
85
144
104
102
16
95
117
44
101
124
8
67
21
91
41
111
38
79
16
4
75
92
23
57
70
48
51
27
11
34
39
130
83
66
84
49
39
128
9
89
131
36
43
67
53
108
86
54
1
13
100
76
136
103
98
32
81
40
35
143
22
18
17
119
55
110
142
102
31
36
109
51
58
72
59
112
65
90
80
121
58
125
44
33
139
54
68
30
66
120
5
127
94
123
34
27
13
94
69
129
116
53
112
38
3
134
77
64
10
128
25
120
86
137
91
105
17
42
130
2
62
89
113
87
140
57
119
80
6
21
68
12
8
54
134
67
101
91
87
36
83
99
118
71
98
120
107
1
33
28
131
2
72
113
142
116
143
88
122
85
4
15
38
111
18
89
93
7
104
132
33
35
18
115
127
65
4
134
138
5
128
102
78
63
127
52
105
40
70
129
131
10
13
119
41
66
72
138
122
62
45
125
115
58
92
75
50
78
118
60
136
69
105
90
73
126
51
140
42
141
76
80
141
116
9
60
82
40
53
103
20
10
28
19
30
8
66
24
37
93
99
24
44
114
27
61
120
123
130
79
59
39
31
16
49
123
108
13
89
14
15
121
35
38
34
71
46
47
142
27
124
112
56
26
22
70
107
65
16
128
11
55
74
95
81
133
140
3
84
48
68
82
94
121
67
130
87
111
2
114
135
95
58
9
51
1
20
106
17
96
119
103
57
59
48
41
26
37
106
144
94
32
19
47
136
3
23
85
32
81
50
83
30
36
6
34
7
76
92
117
110
124
144
25
63
97
43
44
133
139
79
29
49
129
11
88
101
86
108
135
110
17
73
29
31
84
62
42
14
139
39
56
52
137
112
100
53
75
5
77
126
57
23
109
45
21
90
22
91
132
25
109
96
98
102
117
46
100
69
97
86
55
64
61
137
12
143
54
104
77
125
113
74
43
64
144
143
142
130
131
119
120
108
107
106
105
93
94
82
70
71
83
95
96
84
72
60
48
36
35
23
24
12
11
10
9
8
20
32
33
21
22
34
46
45
44
56
57
69
68
67
55
43
31
19
18
30
29
41
42
54
66
65
53
52
40
28
27
15
3
2
1
13
14
26
25
37
49
61
73
74
62
63
75
87
88
76
77
78
79
80
81
93
92
91
90
89
101
102
114
115
103
104
116
128
127
126
125
113
112
124
136
135
123
111
110
122
121
133
134
135
136
137
138
139
140
141
129
117
118
106
94
82
81
80
68
69
70
58
59
47
48
36
35
34
33
32
31
30
29
17
5
4
16
28
27
39
38
50
51
63
64
76
75
87
99
100
88
89
90
102
101
100
99
98
97
85
86
98
86
85
73
74
62
61
49
37
25
13
1
2
3
4
5
6
7
19
20
21
22
23
24
12
11
10
9
8
7
6
18
17
16
15
14
26
38
50
51
39
40
52
64
65
77
78
79
67
66
54
53
41
42
43
55
56
44
45
57
58
46
47
59
60
72
71
83
84
96
95
107
119
118
117
105
104
92
91
103
115
116
128
127
126
114
113
112
111
110
109
97
109
121
133
134
122
123
124
125
137
138
139
140
141
129
130
142
143
144
132
131
132
120
108
133
121
109
97
85
86
98
110
122
134
135
123
111
112
100
88
89
77
76
64
52
51
63
62
61
49
50
38
37
25
13
14
15
16
4
5
17
29
41
53
54
42
43
55
67
79
80
68
69
81
93
92
104
103
91
90
78
66
65
53
41
40
39
27
26
25
37
49
61
73
74
75
87
99
100
101
113
114
102
101
113
125
137
136
124
112
111
99
87
88
76
64
52
40
28
29
30
31
19
20
21
9
10
22
34
33
32
44
56
57
45
46
58
59
47
48
36
35
23
24
12
11
10
9
8
7
6
18
30
42
43
44
56
57
45
46
58
70
82
83
71
72
84
96
108
107
95
94
106
118
130
129
128
116
117
105
104
116
115
127
139
140
141
142
143
144
132
131
119
120
108
107
119
120
132
144
143
131
130
142
141
129
117
118
106
105
93
92
80
81
82
94
95
96
84
83
71
70
69
68
67
55
54
66
65
77
89
90
78
79
91
103
102
114
115
127
128
140
139
138
126
125
126
138
137
136
124
123
135
134
133
121
122
110
109
97
98
86
85
73
74
75
63
62
50
38
26
14
13
1
2
1
2
3
15
3
4
5
6
7
8
20
21
22
23
11
12
24
36
48
60
72
60
59
47
35
34
33
32
31
19
18
17
16
28
27
39
51
144
2
76
99
80
13
77
80
57
1
58
58
91
89
87
19
70
141
70
32
56
114
10
4
126
20
19
93
65
115
42
63
33
71
84
34
109
117
121
86
69
94
72
41
94
56
136
10
45
83
96
20
119
131
63
55
125
120
68
36
5
85
108
47
49
143
45
122
40
62
2
101
106
99
120
57
132
44
88
90
96
16
29
66
130
52
15
105
142
4
76
60
48
104
90
130
5
82
32
43
27
81
113
119
52
86
89
107
53
126
83
77
133
142
59
135
127
117
141
68
37
101
92
34
11
67
38
61
128
14
132
112
81
107
7
79
122
73
29
113
51
140
12
50
103
111
23
51
42
8
134
27
48
25
137
102
13
8
116
78
123
139
105
25
54
26
91
60
64
72
15
69
136
64
111
133
109
55
31
67
24
73
43
22
9
35
39
114
54
1
31
95
14
3
35
100
138
66
33
40
6
102
82
110
53
17
112
78
88
137
97
74
28
140
23
144
74
47
12
21
98
38
95
3
129
49
108
85
138
6
116
131
16
84
104
124
22
118
18
39
103
143
62
46
65
121
123
9
134
50
125
110
118
97
17
61
11
71
92
30
24
44
41
100
75
129
87
7
21
128
127
37
124
30
75
28
115
26
46
79
36
98
93
18
106
135
139
59
53
37
72
86
36
70
43
118
20
88
5
142
110
89
107
6
100
119
62
32
125
77
104
21
65
54
85
121
30
111
27
133
45
109
27
137
77
125
130
8
20
62
49
17
17
28
87
9
119
39
5
67
51
115
47
66
121
12
13
88
113
52
48
140
143
131
44
143
58
93
82
18
18
46
101
15
115
132
16
4
89
83
31
63
56
1
82
118
142
67
65
38
140
120
116
41
2
129
11
19
54
109
78
116
128
12
110
95
36
52
61
47
124
106
92
122
57
81
61
14
107
127
76
144
23
29
71
8
50
42
96
69
15
24
102
49
90
16
136
138
131
80
112
80
53
117
139
90
7
97
31
73
135
117
35
105
114
34
60
127
51
105
38
93
9
138
22
98
44
24
136
81
74
137
59
92
26
43
23
99
57
99
64
106
37
134
112
91
70
35
104
129
60
144
71
126
123
86
100
26
41
96
33
64
30
113
29
91
1
103
39
59
13
94
72
48
103
68
14
11
141
134
19
76
2
58
55
68
45
40
25
21
33
101
75
69
128
74
84
3
83
79
123
25
73
63
135
3
94
141
133
114
79
55
102
56
6
132
84
10
122
75
66
95
130
40
28
32
108
10
50
111
87
97
46
78
126
139
85
22
124
42
34
120
4
7
108
98
133
134
122
110
109
97
85
73
61
49
37
25
26
38
39
40
52
53
41
29
30
18
6
7
8
20
21
9
10
22
23
11
12
24
36
48
47
46
45
57
56
44
32
33
34
35
36
48
60
59
58
70
69
68
67
55
43
42
54
66
65
64
76
75
63
51
50
62
74
86
87
88
100
112
113
125
137
138
126
127
139
140
128
129
141
142
143
131
119
120
108
96
84
72
71
83
95
107
106
105
104
103
115
116
117
118
130
142
141
140
139
138
137
136
135
123
124
112
111
99
98
97
85
86
87
75
76
77
78
79
91
90
102
114
126
127
128
129
130
118
117
116
115
103
104
92
93
94
82
81
80
68
67
66
65
64
52
40
28
27
15
14
2
3
4
16
17
5
6
7
19
18
17
5
4
16
15
3
2
1
13
1
13
14
26
25
37
49
61
73
74
62
63
51
50
38
39
27
28
29
41
53
54
42
30
31
19
20
8
9
21
33
32
31
43
55
56
44
45
46
34
22
10
11
12
24
23
35
47
59
60
72
84
83
71
70
58
57
69
81
82
94
95
96
108
120
132
144
143
144
132
131
119
107
106
105
93
92
80
79
91
90
78
77
89
101
100
99
98
110
111
123
122
121
109
121
133
134
135
136
124
125
113
114
102
101
89
88
144
132
131
130
142
143
144
132
120
119
107
95
94
93
81
80
79
67
55
43
31
32
44
45
33
21
20
8
7
19
18
6
5
17
16
28
27
15
3
4
5
6
7
8
9
10
22
23
11
12
24
36
35
34
46
47
48
60
72
71
70
82
83
84
96
108
120
119
118
106
105
104
103
102
101
89
77
78
90
91
92
104
116
117
129
141
140
139
127
126
138
137
125
124
123
135
136
137
138
139
140
128
127
115
114
113
112
100
88
76
75
74
86
85
73
61
49
50
51
39
38
37
25
13
14
26
27
39
40
52
53
65
64
63
62
61
73
85
97
98
110
122
134
133
121
109
97
98
99
87
88
76
77
89
90
91
92
80
68
56
57
58
59
60
48
47
46
45
44
43
42
54
66
78
79
67
66
65
64
52
51
63
75
87
86
74
62
50
49
37
38
26
25
13
1
2
1
2
14
15
3
4
16
28
29
17
18
19
20
21
9
10
22
23
11
12
24
36
35
34
33
32
31
30
29
30
42
41
40
41
53
54
55
56
68
69
81
93
94
82
70
69
57
58
59
71
72
84
83
95
96
108
107
106
105
117
118
130
131
143
142
141
129
128
116
115
103
102
114
113
101
100
99
111
112
111
123
122
110
109
121
133
134
135
136
124
125
126
