##Rat 8 Day 15
 ##rewards
71
58
124
##Vertices
12
24
36
35
23
22
10
9
21
33
45
44
32
31
30
18
19
20
8
7
6
5
4
3
15
14
2
1
13
25
37
49
50
51
39
38
26
27
28
40
52
53
41
42
54
66
65
64
63
62
74
75
87
88
76
77
78
90
89
101
100
99
111
110
109
121
133
134
122
123
135
136
137
138
139
127
126
114
115
116
104
103
91
79
67
55
43
44
56
68
80
92
93
81
82
70
69
57
58
59
71
83
95
94
106
107
108
120
119
118
130
131
143
144
132
120
108
96
84
72
60
48
47
46
34
33
32
31
43
55
54
42
30
29
17
16
4
3
15
27
39
51
63
75
87
86
85
97
98
99
111
112
124
125
113
114
102
103
115
116
117
105
104
92
80
81
93
105
117
129
141
140
128
129
128
140
139
127
126
138
137
136
135
134
133
121
109
97
85
73
61
62
50
38
26
14
2
1
13
25
37
49
61
73
74
86
98
110
122
123
124
125
113
112
100
101
102
90
91
79
67
66
78
77
89
88
76
64
65
53
52
40
41
29
28
16
17
5
6
18
19
7
8
20
21
22
34
46
45
57
56
68
69
70
58
59
71
83
82
94
106
118
130
142
141
142
143
144
132
131
119
107
95
96
84
72
60
48
47
35
36
24
12
11
23
11
10
9
144
143
131
119
120
132
144
143
142
130
129
128
116
104
103
91
79
78
77
76
75
87
88
100
99
98
86
85
73
74
62
61
49
50
38
39
27
26
25
37
49
61
73
85
97
109
110
122
121
133
134
135
123
111
112
124
136
137
138
126
114
115
127
139
140
141
142
130
118
117
105
93
81
69
57
56
55
67
68
80
92
93
94
106
107
108
96
84
83
71
72
60
59
47
35
36
48
60
72
84
96
95
83
82
70
58
46
45
44
43
31
19
20
8
7
6
5
17
29
28
16
4
3
2
14
15
27
28
40
41
53
54
42
30
18
6
7
8
9
21
22
23
24
12
11
10
9
21
33
32
44
43
55
56
68
80
92
91
90
89
101
113
125
137
136
124
112
100
88
76
64
65
66
67
79
78
66
54
42
41
29
30
31
32
20
19
18
17
5
4
16
15
3
2
1
13
1
13
14
26
25
37
38
39
51
50
62
74
86
98
97
109
110
122
121
133
134
135
123
111
99
87
75
63
51
63
64
52
40
52
53
65
77
89
90
102
103
104
116
115
114
102
101
113
125
126
138
139
127
128
140
141
129
117
105
106
118
119
131
132
120
108
107
95
94
82
81
69
70
58
57
45
33
34
46
34
35
23
22
10
11
12
24
36
48
47
59
71
51
140
18
143
15
138
42
2
76
41
49
131
33
70
124
121
69
99
110
110
119
115
53
122
43
133
86
112
135
31
82
127
36
88
132
144
54
102
40
123
89
126
52
93
33
84
66
91
14
29
17
75
107
109
21
44
83
122
22
79
113
4
107
25
77
130
8
61
133
73
118
111
118
24
108
117
125
60
64
63
72
31
76
51
115
48
128
57
56
100
24
109
28
61
1
143
80
19
120
134
23
56
119
3
105
58
26
67
55
57
104
106
126
16
129
135
39
37
6
97
120
102
78
7
92
18
86
62
11
72
140
96
141
95
32
30
95
4
117
87
131
127
75
89
10
34
103
79
106
55
65
70
21
7
35
83
68
35
62
112
30
14
139
3
78
67
25
12
13
111
44
59
54
26
48
116
40
19
142
59
123
113
98
121
80
129
38
104
144
2
66
90
136
45
47
88
16
34
65
12
8
29
1
82
85
136
23
64
63
85
98
103
5
39
68
81
50
124
9
49
101
94
32
17
114
100
84
94
41
125
27
42
116
108
92
71
99
5
60
74
47
58
20
93
46
10
132
87
50
137
11
141
15
71
128
9
134
6
20
27
69
101
138
81
90
74
28
105
36
97
46
139
38
130
91
22
96
37
13
43
137
52
53
114
73
142
45
77
121
88
69
77
119
62
95
136
87
21
95
120
73
82
54
35
82
122
133
138
51
81
41
112
144
78
110
131
45
7
63
51
38
12
113
12
28
140
54
36
105
141
7
92
1
64
142
81
35
22
43
71
120
17
22
94
23
93
131
117
109
14
88
47
50
137
33
71
3
57
79
49
97
64
130
142
108
124
66
1
42
114
92
21
43
40
24
103
27
70
86
8
20
48
66
97
137
25
61
48
124
37
13
127
89
32
20
18
74
135
83
94
110
5
8
44
100
118
123
80
96
109
107
138
125
4
123
132
91
31
60
141
104
115
6
40
30
53
26
68
58
52
39
102
65
2
98
25
60
130
32
84
78
76
26
50
16
127
73
126
16
15
119
84
23
136
79
117
102
34
4
3
47
61
36
129
104
86
106
6
126
2
69
125
76
101
106
27
19
55
5
11
135
96
75
17
133
144
75
107
38
91
85
14
111
128
52
74
116
68
42
80
33
46
111
56
53
41
55
29
18
90
87
99
118
39
139
121
108
59
132
93
67
99
45
83
13
128
72
98
46
11
72
37
44
112
65
116
89
134
114
63
113
10
30
57
9
62
56
129
59
115
143
9
15
90
140
10
31
143
139
103
58
24
77
34
134
28
100
49
70
29
85
105
101
67
122
19
133
134
122
110
109
121
133
134
135
123
124
125
113
101
102
90
78
79
80
81
82
94
93
105
106
107
95
96
84
83
71
72
60
59
47
46
34
35
36
48
60
72
84
96
108
120
119
131
132
144
143
142
130
118
117
129
141
140
139
127
115
114
126
138
137
136
135
123
111
112
100
88
76
64
52
53
54
66
65
77
89
88
87
99
98
97
85
73
74
62
61
49
50
38
26
25
37
49
61
73
85
86
74
75
63
51
39
40
41
42
30
18
17
5
6
7
8
20
32
33
21
9
10
11
23
22
34
33
45
44
56
55
43
31
19
7
6
5
4
16
15
14
13
1
2
3
4
16
28
29
41
42
54
53
65
77
89
90
91
92
104
116
128
140
141
129
117
105
93
81
69
68
67
66
78
79
67
55
43
44
32
31
30
29
17
18
19
20
8
9
21
22
10
11
12
24
12
24
23
35
36
48
47
46
58
59
71
83
95
107
108
120
119
131
132
144
143
142
130
118
106
94
82
70
58
70
69
57
45
57
56
68
80
92
91
103
102
101
113
114
115
103
104
116
128
127
139
138
126
125
137
136
124
112
100
99
111
110
122
121
109
97
98
86
87
75
76
64
63
51
52
40
28
27
39
27
26
14
15
3
2
1
13
25
37
38
50
62
1
13
25
26
14
15
3
4
16
28
40
41
29
30
31
19
18
17
5
6
7
8
9
10
22
23
11
12
24
36
48
60
59
58
46
47
35
34
33
45
57
56
44
43
55
67
68
69
70
71
83
82
94
93
81
80
79
91
92
104
105
106
118
119
120
132
144
143
131
130
142
141
140
139
138
126
127
115
114
113
101
102
90
78
66
54
42
41
53
65
77
89
88
76
75
63
64
52
51
50
62
74
86
87
99
98
97
109
110
111
123
122
134
133
121
109
97
85
73
61
49
37
38
39
27
28
29
30
42
54
55
43
31
32
20
21
9
10
22
34
46
58
70
82
94
95
96
108
107
106
118
117
129
128
116
115
103
102
114
113
112
100
101
89
77
76
88
100
112
124
136
137
125
124
125
137
138
126
127
139
140
141
142
143
144
132
120
108
96
84
72
71
59
47
35
23
11
12
24
36
48
60
72
84
83
95
107
119
131
130
129
128
116
117
105
104
103
91
90
78
66
67
79
80
92
93
81
69
68
56
57
45
44
32
33
21
20
8
7
19
18
6
5
17
16
15
27
39
40
52
53
65
64
63
51
50
62
74
75
87
99
111
123
135
136
135
134
133
121
122
110
98
86
85
73
61
49
37
38
26
25
13
1
2
14
2
3
4
141
143
5
15
88
103
118
69
53
35
52
14
58
62
116
119
54
18
70
108
71
74
13
74
60
94
130
8
94
99
23
7
56
64
26
87
85
84
125
104
40
59
54
144
25
36
82
90
24
110
113
136
15
41
67
124
103
129
59
136
10
49
84
135
21
96
75
134
75
100
11
131
9
129
19
78
122
1
107
4
46
12
76
14
47
66
8
52
20
106
21
120
58
79
140
49
45
57
117
109
63
123
90
101
38
96
53
93
32
144
89
98
128
2
91
40
37
91
83
114
121
33
6
122
4
47
98
2
127
133
9
34
72
102
24
125
139
77
102
7
27
12
138
71
109
48
5
143
22
63
134
100
132
65
36
33
43
97
42
95
61
86
32
65
87
10
82
76
127
137
69
68
66
67
110
44
142
114
111
3
19
93
31
83
29
60
11
50
86
30
30
138
70
99
1
17
105
139
13
45
31
115
3
44
115
22
64
112
39
35
97
132
95
80
112
81
34
137
68
88
128
123
141
142
20
135
111
23
92
85
42
16
48
51
119
28
57
107
118
73
61
41
89
117
105
79
73
46
130
133
72
43
116
38
121
106
17
50
28
81
56
18
26
37
108
126
92
120
29
101
6
27
51
77
113
78
140
25
55
124
16
104
62
126
39
55
131
80
48
1
115
59
28
88
132
126
40
87
18
45
16
50
38
103
77
107
66
39
62
114
61
78
63
124
24
12
4
101
84
130
36
78
113
112
68
27
95
96
133
101
49
86
25
92
73
63
141
88
136
81
83
99
125
137
92
43
5
84
55
20
80
105
2
112
32
131
73
55
126
91
48
8
26
119
106
97
46
29
6
58
46
38
144
52
118
91
13
54
10
123
9
97
125
37
108
104
34
1
104
128
140
140
99
11
134
76
47
33
143
114
51
100
122
136
127
85
70
67
86
90
17
22
54
127
52
123
65
122
82
6
137
39
45
30
135
70
75
89
131
28
138
23
9
42
129
15
116
106
17
31
139
96
113
121
3
130
23
47
132
41
35
85
64
56
94
74
42
64
110
109
21
50
82
119
31
117
56
40
65
120
121
120
3
44
110
71
5
87
14
90
144
81
117
77
95
116
15
10
128
102
8
2
105
98
67
21
53
66
83
80
13
133
75
79
41
60
7
142
134
58
49
19
34
111
143
72
57
93
7
57
74
94
25
22
79
76
12
36
138
53
100
89
69
29
115
32
43
124
4
61
139
26
141
37
62
44
102
109
142
93
35
68
33
19
98
18
30
71
135
11
129
103
108
69
16
72
27
60
20
24
59
107
14
118
51
111
144
143
131
119
120
108
96
84
72
60
48
36
35
47
46
45
57
56
44
32
31
19
7
6
5
17
16
4
3
15
14
2
1
13
25
37
38
39
40
52
53
41
29
28
27
26
25
37
49
50
51
63
64
65
66
54
42
43
55
67
68
69
81
82
70
58
59
71
83
95
94
93
105
117
116
128
140
139
127
126
138
137
125
124
136
135
134
122
110
109
97
85
73
61
62
74
86
98
99
100
101
102
114
113
112
111
123
135
136
137
138
139
140
141
142
130
129
117
118
106
107
108
96
95
94
82
81
80
79
78
90
91
103
115
127
126
125
124
123
111
112
113
114
102
101
89
88
87
75
76
77
65
66
67
68
69
57
45
33
34
22
23
11
10
9
21
20
8
7
6
18
19
20
8
9
21
22
10
11
12
24
12
24
23
35
36
48
60
72
84
83
71
70
58
59
47
46
34
33
32
44
56
55
43
31
30
18
17
5
4
16
28
29
30
42
54
53
41
40
39
27
15
3
2
1
13
14
26
38
50
49
61
73
74
62
63
51
52
64
76
75
87
86
85
97
109
121
133
134
133
121
122
110
98
99
100
88
89
77
78
90
91
79
80
92
104
105
106
107
119
118
130
131
132
120
132
144
143
142
141
129
128
116
115
103
104
92
93
133
121
122
123
135
136
137
138
139
140
141
142
130
129
117
105
104
92
93
94
82
83
84
72
60
59
47
48
36
35
23
24
12
11
10
9
21
33
45
44
56
57
58
46
34
22
10
9
8
20
32
31
43
55
67
68
69
81
80
79
91
103
102
114
115
116
128
127
126
125
113
101
100
99
87
86
85
73
74
62
61
49
50
38
37
25
13
14
15
3
4
5
6
7
19
18
17
16
28
40
52
64
63
51
39
27
26
25
37
49
61
73
85
97
109
110
98
99
111
112
124
136
137
125
113
114
102
90
78
66
65
77
76
75
74
62
50
38
26
27
39
51
63
64
52
53
41
29
30
42
54
55
67
79
91
103
104
105
106
118
119
131
132
120
108
107
95
96
84
72
71
83
95
96
108
107
119
120
132
144
143
144
143
131
130
142
141
140
139
138
126
127
115
116
128
129
117
118
106
94
93
92
80
81
82
70
71
59
60
48
47
46
58
70
69
68
56
57
45
33
34
35
36
24
12
11
23
22
21
20
8
7
6
18
19
31
32
44
43
42
30
29
17
5
4
3
2
1
13
1
2
14
15
16
28
40
41
53
54
66
65
77
78
90
89
88
100
112
124
123
111
110
122
134
135
134
133
121
109
97
98
86
87
75
76
88
89
101
25
90
82
56
122
144
33
121
63
9
88
90
105
12
127
15
104
4
115
115
69
97
81
101
135
73
47
143
127
45
112
55
93
84
66
14
22
91
52
48
36
26
137
106
128
21
67
60
35
14
120
42
80
126
7
13
33
119
83
82
62
128
126
130
142
74
75
102
84
140
69
66
54
64
70
50
36
6
97
34
31
48
132
58
70
123
74
57
20
141
141
108
138
96
80
30
39
94
112
96
86
32
79
77
4
49
131
63
59
123
134
78
18
76
20
125
76
72
15
24
68
92
142
40
101
121
139
143
79
72
61
37
3
65
28
144
103
51
32
95
116
8
38
117
39
94
93
25
57
92
49
2
119
51
113
2
34
107
124
113
85
114
106
53
85
139
98
125
111
117
100
17
38
118
45
77
1
44
46
52
129
98
29
61
99
55
83
107
35
116
111
136
71
95
136
108
71
60
137
11
64
56
31
40
89
3
53
1
47
23
134
11
27
27
9
41
44
37
13
124
6
120
109
86
99
105
12
118
54
73
5
91
67
135
62
88
19
131
59
17
103
140
21
110
50
109
5
10
24
75
133
16
28
129
46
29
65
87
41
104
42
18
19
7
68
23
132
114
58
16
10
89
78
8
102
26
122
43
133
43
100
138
81
110
22
30
130
87
13
67
21
85
43
75
72
73
71
132
14
31
87
102
13
102
29
38
24
141
50
140
79
132
71
90
84
78
23
133
127
48
115
110
38
111
17
67
144
80
78
81
76
62
42
45
139
8
45
30
37
80
119
29
79
63
46
95
107
5
97
114
51
19
144
86
114
35
92
137
116
36
140
6
12
59
60
122
123
138
42
58
135
27
35
129
22
21
125
54
92
139
88
82
91
143
1
24
69
18
130
101
40
15
43
89
30
74
90
54
134
3
75
111
116
6
122
55
4
51
20
76
26
56
128
47
108
113
143
109
93
65
120
88
94
117
49
58
120
57
62
133
128
34
61
135
131
110
9
105
2
105
33
49
96
113
66
93
17
126
94
55
7
59
22
36
27
34
64
70
32
103
26
112
104
131
39
70
121
124
77
46
121
137
85
77
125
19
107
33
138
100
28
4
20
129
87
142
44
25
68
73
7
53
9
99
39
32
124
60
72
23
68
65
11
56
126
97
48
41
118
136
52
123
44
134
98
11
66
141
84
81
83
91
37
115
82
95
86
12
28
8
89
10
108
74
41
2
16
10
83
64
106
104
69
98
31
53
14
130
96
18
40
101
117
25
118
50
52
119
112
142
16
5
109
127
3
106
1
57
136
61
63
103
15
99
100
47
