##Rat 7 Day 9
 ##rewards
62
51
129
##Vertices
144
132
131
130
142
141
140
139
127
115
103
91
90
78
77
89
88
87
75
76
64
65
66
54
53
41
29
30
18
6
7
8
9
10
22
34
46
58
59
60
48
47
35
23
24
12
11
10
9
21
20
19
31
43
42
41
40
28
27
39
38
50
62
74
73
61
49
37
25
26
14
13
1
2
3
4
5
17
16
15
27
28
29
30
42
43
44
32
33
45
57
69
68
80
79
67
55
56
44
45
57
58
70
82
94
95
83
71
72
84
96
108
107
119
120
108
96
95
94
106
118
117
116
128
129
141
140
139
138
126
114
102
101
100
112
111
123
135
136
124
125
137
136
135
134
133
121
122
110
109
97
85
86
98
99
87
75
63
51
52
64
76
88
89
77
78
79
80
81
93
105
104
105
93
92
104
92
91
90
102
103
115
116
117
118
106
107
119
120
132
131
143
144
143
142
130
129
128
127
126
138
137
125
113
114
113
101
100
112
124
123
122
134
133
121
109
110
111
99
98
97
85
86
74
73
61
49
50
62
63
51
52
40
39
38
37
25
26
14
13
1
2
3
15
16
4
5
17
18
6
7
8
20
19
31
32
33
21
22
23
11
12
24
36
48
36
35
34
46
47
59
60
72
84
83
71
70
82
81
69
68
67
66
65
53
54
55
56
133
134
122
110
109
97
85
73
61
49
37
25
26
38
39
40
52
53
41
29
30
18
6
7
8
20
21
9
10
22
23
11
12
24
36
48
47
46
45
57
56
44
32
33
34
35
36
48
60
59
58
70
69
68
67
55
43
42
54
66
65
64
76
75
63
51
50
62
74
86
87
88
100
112
113
125
137
138
126
127
139
140
128
129
141
142
143
131
119
120
108
96
84
72
71
83
95
107
106
105
104
103
115
116
117
118
130
142
141
140
139
138
137
136
135
123
124
112
111
99
98
97
85
86
87
75
76
77
78
79
91
90
102
114
126
127
128
129
130
118
117
116
115
103
104
92
93
94
82
81
80
68
67
66
65
64
52
40
28
27
15
14
2
3
4
16
17
5
6
7
19
18
17
5
4
16
15
3
2
1
13
1
13
14
26
25
37
49
61
73
74
62
63
51
50
38
39
27
28
29
41
53
54
42
30
31
19
20
8
9
21
33
32
31
43
55
56
44
45
46
34
22
10
11
12
24
23
35
47
59
60
72
84
83
71
70
58
57
69
81
82
94
95
96
108
120
132
144
143
144
132
131
119
107
106
105
93
92
80
79
91
90
78
77
89
101
100
99
98
110
111
123
122
121
109
121
133
134
135
136
124
125
113
114
102
101
89
88
52
27
17
37
60
1
24
106
55
65
51
140
32
144
82
67
88
120
98
114
134
40
60
9
19
71
64
97
31
30
68
45
43
89
121
139
63
73
133
91
75
128
138
65
41
63
125
3
90
12
143
89
130
86
143
131
129
79
93
16
110
15
113
111
75
28
7
61
56
38
48
14
49
97
47
85
138
104
103
137
119
6
142
47
54
121
26
42
25
77
52
57
72
73
29
3
27
8
99
13
139
21
34
90
83
66
33
31
118
84
136
115
134
35
62
144
18
101
72
69
57
40
109
35
74
38
11
19
43
50
131
136
96
79
11
4
82
29
112
53
46
58
55
119
10
94
66
133
16
113
46
44
59
45
127
109
34
76
95
32
100
24
123
107
95
101
48
78
140
117
1
68
124
5
51
81
42
126
78
116
85
88
122
7
6
22
30
69
129
2
87
98
124
70
102
33
59
118
116
74
21
111
106
13
36
4
83
61
96
125
117
28
127
122
25
103
141
107
77
104
86
114
135
115
37
76
20
49
62
41
12
10
87
80
105
91
130
26
39
112
81
84
39
92
141
137
108
17
67
128
70
9
23
64
23
94
126
44
50
132
8
132
80
2
100
71
142
108
135
102
20
54
92
99
15
53
56
110
18
5
120
105
58
14
22
123
93
36
58
1
82
78
107
22
84
120
118
57
70
12
81
66
17
85
5
94
132
75
12
16
85
125
43
14
39
82
67
67
44
18
15
97
124
63
99
125
101
97
144
122
42
116
13
109
90
26
31
27
102
71
4
126
114
141
2
107
59
30
38
33
5
77
88
25
1
113
110
129
6
52
141
54
58
35
140
131
87
40
29
138
113
15
86
83
129
81
105
10
62
34
138
62
76
21
2
95
131
14
41
72
19
124
119
98
92
108
64
111
115
101
102
133
83
115
73
50
110
134
53
49
100
79
55
28
51
143
56
17
111
117
60
84
61
108
7
63
4
79
87
69
96
91
47
91
44
106
30
105
117
137
73
8
49
9
74
130
53
29
16
103
19
18
121
66
144
90
77
103
143
127
88
21
104
106
94
78
40
95
45
75
24
100
46
22
56
42
41
20
93
116
136
26
104
45
13
55
27
23
142
46
99
6
133
76
86
112
92
65
121
109
71
140
11
80
54
47
36
11
70
33
31
127
69
7
122
118
64
112
114
119
51
134
57
130
126
89
96
132
98
123
37
35
128
50
9
59
120
32
34
32
135
8
80
128
52
28
123
68
25
61
3
68
36
37
23
136
3
137
93
20
38
139
72
65
60
10
48
139
135
39
142
89
24
74
48
43
1
13
25
37
38
50
49
61
73
85
97
109
121
133
134
122
123
135
136
124
112
100
101
89
88
76
75
63
64
65
66
54
42
43
31
30
29
17
16
28
27
15
14
2
3
4
5
6
7
8
20
21
9
10
11
12
24
36
48
47
35
23
22
34
46
45
57
56
68
80
81
69
70
58
59
71
83
95
107
108
96
84
72
60
48
36
35
34
33
32
44
45
33
32
31
19
18
30
42
41
40
52
53
65
77
78
90
91
79
67
55
54
53
41
29
28
40
39
51
52
64
63
62
74
86
87
99
98
110
111
112
113
125
137
138
126
127
139
140
128
129
141
142
130
131
143
144
132
120
119
118
106
94
93
105
104
103
102
114
115
116
117
118
106
105
93
92
104
103
102
101
113
125
137
138
139
127
126
114
115
116
117
129
128
140
141
142
130
131
143
144
132
120
119
107
108
96
95
94
82
81
82
70
71
83
84
72
60
59
47
46
58
57
69
68
56
44
43
55
67
66
78
79
80
92
91
90
89
77
76
75
74
62
50
51
39
27
26
38
26
14
15
16
17
18
19
20
21
22
23
24
12
11
10
9
8
7
6
5
4
3
2
1
13
25
37
49
61
73
85
86
98
97
109
110
122
121
133
134
135
136
124
123
111
99
100
88
87
12
11
23
35
34
22
10
9
8
20
19
7
6
18
30
29
17
5
4
16
28
27
26
14
15
3
2
1
13
25
37
49
50
62
63
51
52
40
41
42
54
55
67
68
56
44
43
31
32
33
45
46
47
59
60
48
36
24
12
11
10
22
21
33
45
57
58
70
69
81
82
83
95
96
84
72
71
70
82
94
93
105
106
118
130
131
119
107
108
120
132
144
143
142
141
129
128
140
139
138
137
125
126
127
115
114
102
101
100
99
111
123
135
136
124
112
113
114
115
116
117
105
104
103
91
92
80
79
78
66
65
64
76
77
89
90
102
101
113
112
111
110
122
134
133
121
109
97
85
73
61
49
37
38
39
40
28
29
41
53
52
64
63
75
74
86
87
88
100
99
98
86
98
110
122
134
133
121
109
97
85
73
61
62
74
75
87
88
76
77
89
90
78
79
91
103
104
92
80
68
69
81
93
94
106
118
117
116
128
127
126
125
124
123
135
136
137
138
139
140
141
129
130
142
143
144
132
131
119
120
108
107
95
96
84
83
71
72
60
59
47
48
36
24
23
35
34
46
58
57
56
55
67
66
65
53
54
42
30
18
19
31
43
44
32
20
21
9
8
7
6
5
17
16
4
3
15
14
2
1
13
25
26
27
39
51
50
38
50
141
134
83
112
111
5
31
134
48
67
86
131
82
93
49
6
82
23
35
112
17
54
52
128
40
110
133
65
96
47
137
22
61
86
31
91
14
66
98
3
133
118
92
38
26
130
21
28
104
115
43
108
123
141
121
106
24
132
96
68
42
20
38
53
37
124
5
10
19
78
95
117
10
7
73
77
22
107
122
18
45
140
139
55
58
60
4
142
118
101
57
47
54
13
88
136
139
71
73
100
124
116
27
46
76
90
135
46
130
56
89
65
70
69
125
15
111
97
19
119
63
41
137
57
8
1
12
8
109
9
68
132
129
2
45
119
100
32
122
74
87
131
136
17
53
34
143
121
87
64
51
49
103
79
140
2
59
25
135
27
84
101
78
13
85
11
72
48
25
64
116
127
99
85
21
44
44
81
14
91
56
138
127
59
106
113
81
120
32
114
24
138
80
107
30
105
30
33
110
79
77
109
76
40
3
35
43
36
93
84
60
62
36
62
88
69
23
117
95
114
33
128
66
75
115
98
16
55
74
51
6
41
94
28
37
102
9
80
11
61
120
144
129
7
4
104
105
52
63
92
97
108
144
26
83
39
18
15
123
70
29
94
39
67
142
75
89
50
1
20
99
126
58
72
103
29
71
143
42
125
34
16
102
90
12
113
126
46
114
37
111
12
80
110
67
78
121
72
47
119
33
14
29
69
76
27
32
38
16
90
24
118
33
112
66
94
128
133
39
85
61
95
99
92
125
122
96
45
55
64
114
31
143
131
83
98
123
138
69
104
44
127
77
138
106
72
124
125
121
134
132
95
124
65
58
2
4
48
63
118
30
100
7
49
84
139
109
60
126
58
101
13
26
129
12
23
99
68
81
35
51
73
62
96
60
106
119
88
128
30
4
103
6
101
18
42
92
22
115
31
131
57
54
117
2
130
52
16
116
133
41
129
123
117
1
93
89
43
87
17
122
62
107
11
8
120
73
94
50
75
9
86
59
79
91
9
141
102
65
43
79
111
15
102
48
113
64
135
97
26
85
74
41
27
15
86
113
59
91
108
46
82
87
19
55
132
98
54
103
88
70
13
84
35
39
110
49
141
21
127
116
81
51
100
80
76
71
82
6
36
50
45
10
136
75
93
115
14
53
74
144
90
97
89
108
135
140
47
112
56
22
56
28
18
137
83
20
139
40
21
61
10
3
142
38
120
42
105
20
25
126
24
107
34
36
25
28
67
11
57
66
105
5
104
144
1
130
63
142
137
68
23
77
7
17
5
71
140
19
29
136
78
34
8
109
70
3
37
52
40
134
143
44
32
53
144
132
120
108
96
95
107
106
118
117
105
93
81
69
70
58
57
56
68
67
55
54
42
43
31
30
18
6
7
8
20
19
31
32
44
45
46
47
59
60
48
36
24
12
11
23
22
10
9
21
33
34
35
36
48
60
72
71
83
82
94
106
118
119
131
130
142
141
140
139
127
115
116
104
92
91
79
80
68
56
44
32
33
45
57
69
81
93
105
117
129
128
140
139
138
126
114
102
90
89
88
87
99
100
112
124
136
135
134
122
110
111
123
135
136
137
125
113
101
100
99
98
97
85
73
74
75
76
77
65
53
41
29
17
5
4
3
2
1
13
25
37
38
50
49
61
62
63
64
52
40
39
51
52
40
28
27
26
14
15
16
28
27
39
51
63
64
65
66
78
77
89
90
78
66
54
53
41
29
30
42
43
55
67
79
80
92
104
116
128
127
115
103
91
103
102
101
113
114
126
138
137
125
124
112
111
123
122
110
109
121
133
134
133
121
109
97
85
86
98
86
87
88
76
75
74
73
61
62
50
49
37
38
26
25
13
1
2
14
15
3
4
16
17
5
6
18
19
7
8
20
21
9
10
11
12
24
23
22
34
35
47
46
58
59
71
70
82
94
95
83
84
72
84
96
108
107
119
120
132
131
130
129
141
142
143
144
143
12
24
23
22
34
35
36
48
60
59
71
72
84
83
82
94
95
96
108
107
106
118
130
131
119
120
132
144
143
142
141
140
128
127
115
116
104
105
93
81
80
68
67
55
56
57
69
70
58
46
45
33
21
20
8
9
10
11
12
24
36
35
47
46
45
44
32
31
43
42
30
18
17
5
6
7
19
31
30
29
41
40
28
27
26
14
15
16
4
3
2
1
13
25
37
38
50
49
61
73
85
86
74
62
63
75
76
88
100
112
111
110
109
97
98
99
87
75
63
51
39
40
52
64
65
53
54
66
78
79
91
103
102
90
89
77
76
88
87
99
111
123
122
121
133
134
135
136
137
138
139
140
141
129
117
105
106
94
93
92
104
103
115
114
126
125
113
101
100
112
124
125
124
123
122
121
133
134
135
136
137
138
139
127
126
114
113
101
102
90
89
77
78
66
65
64
52
53
54
55
43
42
41
29
28
27
39
51
50
62
74
86
98
110
109
97
85
73
61
49
37
38
26
25
13
1
2
14
15
3
4
16
17
5
6
18
19
7
8
20
21
9
10
11
23
22
34
33
32
44
56
68
67
79
91
92
80
81
82
83
71
70
69
57
58
59
47
48
60
72
84
96
95
107
108
120
119
131
132
144
143
142
130
118
117
116
128
129
50
15
64
52
7
10
20
6
108
14
139
39
144
90
78
96
88
129
54
89
143
126
34
44
63
80
91
135
6
125
11
20
67
105
2
58
74
118
142
43
119
69
93
21
28
113
60
41
140
137
65
133
120
27
75
141
54
86
13
24
134
137
103
18
31
138
111
30
106
136
26
74
46
79
8
129
99
38
132
133
5
22
122
76
66
4
109
9
56
107
34
57
102
84
51
100
111
106
144
140
16
107
130
82
104
21
128
36
131
99
115
87
139
127
42
30
85
125
141
89
10
8
135
32
85
79
78
65
32
76
1
124
13
47
42
116
127
105
37
52
12
49
73
88
63
60
100
77
92
71
68
44
36
38
37
25
130
95
69
4
29
109
31
51
121
81
66
19
77
98
94
29
24
113
93
3
55
15
112
118
11
90
33
70
18
123
122
86
39
56
53
84
2
95
101
26
70
35
33
116
23
40
110
59
68
57
96
117
87
19
82
102
120
91
12
143
62
23
138
9
25
49
41
62
50
45
46
7
132
81
17
61
71
1
64
80
35
73
101
94
27
16
58
136
126
128
47
134
103
92
28
48
40
22
119
104
67
43
97
112
142
72
5
114
123
117
108
55
17
83
124
48
59
3
75
53
61
83
45
131
72
121
97
98
114
110
115
14
115
127
82
99
18
119
69
109
102
38
63
83
81
144
122
67
78
68
76
139
21
8
59
9
49
13
135
13
10
55
3
19
80
81
93
23
104
1
126
140
103
114
11
4
71
17
77
90
60
142
50
91
113
83
135
25
87
45
65
14
43
100
18
32
30
62
23
24
75
56
138
88
128
120
31
110
20
17
65
115
69
15
73
72
52
51
26
61
120
118
106
70
91
116
95
134
47
118
122
34
7
48
28
78
86
109
45
14
41
30
101
49
27
104
139
59
29
36
28
136
51
132
97
27
72
6
5
129
12
40
24
141
96
37
48
3
125
66
84
110
92
43
36
100
105
35
74
10
136
85
143
133
44
5
94
29
16
4
35
99
2
86
2
108
131
19
9
95
85
57
143
57
64
53
130
105
40
137
124
107
131
54
8
127
103
42
41
42
63
37
111
25
94
58
44
89
101
52
66
46
108
124
138
68
88
142
6
137
53
80
123
15
38
12
7
119
79
26
128
117
123
47
102
111
55
34
121
144
62
79
126
33
20
113
112
89
112
71
129
54
98
87
61
90
46
64
92
121
97
132
117
84
67
58
22
76
75
140
82
39
16
98
11
50
114
107
141
56
77
116
32
133
60
96
93
22
125
74
33
106
134
1
21
39
70
31
73
130
