##Rat 8 Day 38
 ##rewards
71
58
124
##Vertices
13
59
124
78
16
102
132
32
47
140
143
79
9
84
90
54
104
113
117
88
136
112
66
90
18
70
68
120
39
106
6
27
125
23
13
81
144
101
22
28
49
141
19
9
121
101
4
83
87
128
40
59
28
105
91
131
56
77
29
83
8
100
54
73
72
14
123
27
139
114
45
74
40
61
22
55
103
64
60
91
141
98
75
94
44
73
105
48
115
96
108
62
52
38
24
107
3
65
33
86
45
99
119
117
36
57
7
71
103
127
52
61
118
41
20
84
50
25
21
143
42
6
76
37
29
47
65
135
15
75
68
133
85
30
23
1
70
130
55
136
106
60
42
99
74
72
7
10
98
130
82
139
34
11
102
20
26
71
110
67
85
33
140
133
31
53
35
86
5
135
132
12
76
2
43
109
89
89
114
49
63
30
112
77
124
57
95
123
111
92
125
37
97
108
58
31
38
46
50
129
17
95
1
34
17
32
53
15
2
96
144
11
129
128
111
39
142
44
137
5
48
97
93
118
79
81
63
121
41
115
19
56
134
80
120
3
46
119
134
110
122
126
69
92
51
16
82
137
25
10
109
94
66
113
88
43
100
116
93
24
26
8
142
14
138
104
116
126
127
12
131
21
51
67
87
35
69
18
138
122
78
80
62
64
107
4
58
36
51
10
57
141
31
90
65
24
95
9
49
68
16
39
128
107
121
51
58
41
116
17
64
100
25
128
78
3
96
107
133
114
27
132
75
5
16
56
113
102
96
98
133
72
1
66
113
124
55
122
92
52
70
125
131
14
115
34
115
109
71
48
56
14
63
83
74
72
78
19
144
4
2
48
22
37
122
99
123
138
19
33
28
58
87
81
80
87
40
12
116
114
30
53
37
112
129
59
66
99
120
142
83
135
105
11
127
27
118
60
33
110
84
44
49
10
137
112
130
86
8
3
59
100
141
41
126
61
6
91
9
101
82
67
43
35
108
139
5
132
45
4
63
28
102
34
119
69
13
53
97
75
94
11
86
88
111
120
134
67
97
85
127
134
32
7
40
143
79
26
39
77
60
29
89
30
93
108
29
18
36
18
43
15
117
38
31
93
7
45
57
98
38
32
17
104
138
101
103
74
79
144
121
103
95
130
118
42
50
123
23
137
73
6
117
69
62
142
119
21
15
136
73
62
140
42
35
85
54
24
71
135
88
92
109
25
124
80
90
89
81
20
2
8
1
136
36
61
46
21
111
110
84
106
55
22
47
105
126
46
50
106
47
104
20
91
52
131
125
13
23
65
129
139
76
54
44
26
82
143
70
68
76
64
77
140
12
94
1
2
3
4
5
17
16
28
29
30
42
41
40
52
53
65
64
76
77
78
79
91
103
102
90
89
101
100
88
87
86
74
73
85
97
98
99
111
110
122
121
133
134
135
136
137
125
113
114
126
127
115
116
117
118
106
94
82
81
69
68
56
44
45
33
34
46
58
57
56
55
54
66
67
55
43
31
32
20
19
18
6
7
8
9
21
22
23
11
12
24
36
48
60
72
71
59
47
35
36
48
60
72
84
83
95
96
108
107
119
120
132
144
143
131
130
142
141
129
128
140
139
138
137
136
124
112
100
99
87
75
63
51
39
38
37
49
61
62
50
51
39
27
15
14
13
25
26
27
28
40
52
64
65
77
78
90
91
92
80
68
69
70
82
81
93
105
104
103
115
116
128
127
126
138
139
140
141
142
143
144
132
131
130
129
117
118
106
107
119
120
108
96
84
83
95
94
93
105
104
92
80
79
67
66
54
53
41
42
30
29
17
18
19
31
43
44
32
20
21
33
45
57
58
70
71
59
47
46
34
35
23
24
12
11
10
22
10
9
8
7
6
5
4
16
15
3
2
1
13
14
26
25
37
38
50
49
61
62
74
73
85
86
98
97
109
110
109
121
133
134
135
123
122
123
111
112
124
125
113
114
102
101
89
88
76
75
63
12
24
36
48
60
59
47
46
58
70
69
57
45
44
56
55
43
42
54
66
78
77
76
64
65
53
52
40
41
29
17
18
6
5
4
16
28
27
15
14
2
1
13
25
37
49
50
51
63
62
74
75
87
99
111
112
113
114
102
103
91
92
93
105
106
118
117
116
104
92
80
68
67
79
80
81
82
94
95
83
71
72
84
96
108
107
119
131
132
144
143
142
141
140
139
127
128
129
130
142
141
140
139
138
126
125
137
136
124
123
135
134
133
121
122
110
109
97
98
86
85
73
61
49
37
38
39
40
28
29
30
31
32
33
21
9
8
7
19
20
32
33
34
35
23
11
10
22
34
46
45
44
43
55
54
66
65
77
89
90
91
103
115
114
102
101
100
88
76
75
87
86
74
62
61
73
85
97
109
121
133
134
122
110
98
99
111
112
124
123
135
136
137
138
126
125
113
101
100
88
89
90
78
79
67
68
56
57
69
70
58
59
71
83
82
81
93
94
95
107
106
105
104
116
115
127
128
129
117
118
130
131
143
144
132
120
119
120
108
96
84
72
60
48
47
35
36
24
12
11
23
22
10
9
21
20
8
7
19
18
6
5
17
16
4
3
15
3
2
1
13
25
26
14
26
27
39
38
50
51
63
64
52
53
41
42
30
31
108
53
81
72
102
25
18
109
73
111
12
61
32
67
77
114
5
116
49
129
7
143
49
106
113
142
30
3
106
99
59
12
136
43
58
1
76
130
134
96
140
66
93
108
135
44
27
84
120
23
131
57
87
73
45
95
8
33
42
127
142
46
54
70
47
68
118
71
102
84
54
111
105
25
122
36
3
68
88
125
96
121
69
90
124
94
117
91
11
89
32
43
85
144
64
21
48
75
60
35
8
129
7
55
17
94
65
125
115
26
77
74
122
139
26
31
64
45
62
44
52
100
1
99
66
24
137
101
2
20
39
60
143
124
132
27
114
121
137
9
91
28
52
120
6
83
139
15
112
78
82
41
98
47
80
46
132
13
35
41
21
97
104
22
11
103
70
65
20
15
105
61
19
63
107
113
40
110
39
101
40
79
55
28
63
130
104
17
97
144
50
126
10
51
123
133
4
38
89
6
135
9
80
90
118
29
119
13
23
72
53
16
115
109
93
16
30
95
141
138
140
76
38
112
126
69
100
37
86
31
42
79
128
51
10
141
138
56
74
133
5
4
85
57
107
119
81
82
24
50
98
2
34
58
88
33
117
59
103
29
116
110
92
67
37
75
127
123
136
48
36
78
18
62
128
14
92
83
131
86
22
14
19
87
56
134
71
34
120
138
10
67
136
80
51
31
111
80
60
117
100
65
2
113
3
28
52
103
11
36
48
93
58
67
93
92
12
121
7
6
70
56
19
116
69
109
5
64
14
5
129
115
124
33
17
85
118
128
125
89
1
39
87
51
128
40
104
75
64
14
118
35
130
115
2
106
61
82
23
134
142
29
44
107
141
49
45
88
72
53
107
83
54
4
98
105
84
17
116
49
127
26
76
122
109
94
96
101
121
101
15
65
87
105
135
18
37
139
144
45
8
60
31
75
9
140
13
30
90
32
73
19
129
77
85
6
35
126
58
46
28
15
110
24
25
137
40
131
68
12
70
99
29
112
77
50
123
136
135
74
61
23
57
10
97
144
95
88
57
22
4
123
53
125
81
110
43
68
50
91
54
22
103
62
66
25
79
18
44
117
69
73
126
119
86
21
134
132
26
55
143
63
42
33
113
104
111
141
97
21
41
27
52
83
20
86
16
92
20
71
138
139
74
47
94
30
102
42
82
90
78
13
132
47
89
72
3
24
100
16
1
43
39
131
32
96
120
48
38
99
76
122
11
102
98
27
8
78
56
46
84
37
133
59
63
130
41
7
119
9
71
142
108
133
95
114
66
112
34
34
124
79
108
38
91
55
106
143
62
81
36
127
59
114
137
140
144
132
131
143
142
130
129
141
140
128
116
117
105
104
103
115
127
139
138
137
125
126
114
113
112
111
99
98
86
87
88
89
90
102
101
100
112
124
136
135
123
122
134
133
121
109
97
85
73
61
62
74
75
76
77
65
66
67
68
80
81
69
57
45
44
43
55
54
42
30
29
41
40
28
16
17
5
4
3
2
1
13
14
15
27
39
38
26
25
37
49
50
51
52
53
65
64
63
75
76
64
63
51
52
53
54
42
43
31
19
20
21
22
23
35
47
48
60
59
71
70
58
46
34
33
32
44
56
57
45
33
32
31
30
18
6
7
8
9
10
11
12
24
36
48
60
72
84
96
95
83
82
94
106
118
119
120
108
107
106
118
117
116
115
103
91
92
93
94
82
70
58
46
47
59
71
72
84
83
95
96
108
107
119
120
132
144
143
131
130
142
141
129
128
140
139
127
126
138
137
125
113
114
102
90
91
79
67
55
56
68
69
81
93
105
104
92
80
79
78
66
78
77
89
101
100
88
87
99
111
110
98
110
122
123
124
136
135
134
133
121
109
97
85
86
74
73
61
62
50
49
37
38
26
25
13
1
2
14
15
3
4
16
28
27
39
40
41
29
17
5
6
18
19
7
8
20
21
9
10
22
23
11
12
24
36
35
34
133
134
122
121
109
110
98
97
85
86
87
99
100
88
76
75
74
73
61
49
50
62
63
51
39
27
28
16
17
29
41
53
65
64
52
40
39
38
37
25
26
14
13
1
2
3
4
5
6
7
19
18
30
42
54
55
67
79
91
90
102
103
104
105
93
81
80
68
69
70
58
57
45
46
47
59
60
48
36
24
12
11
23
35
34
33
21
22
10
9
8
20
32
44
56
55
43
31
30
42
43
31
32
44
56
68
69
81
82
83
95
107
119
131
130
129
141
140
128
127
115
116
117
118
106
94
93
92
104
105
106
94
82
70
71
72
84
96
108
120
132
144
143
142
141
140
139
138
137
125
126
114
113
112
111
123
135
136
124
112
111
99
87
75
76
77
89
101
113
114
115
116
117
129
128
127
139
138
126
125
137
136
124
123
135
134
133
121
122
110
109
97
98
86
85
73
74
62
61
49
50
51
63
64
65
77
78
79
80
92
91
103
102
101
100
88
89
90
78
66
67
66
54
53
52
40
41
29
28
27
15
16
15
14
26
38
37
25
13
1
2
3
4
5
17
18
6
7
19
20
8
9
21
22
10
11
12
24
23
35
36
48
47
46
34
33
45
57
58
59
60
72
71
83
84
96
95
107
108
120
119
131
132
144
143
142
130
118
106
97
128
128
140
107
35
66
109
22
120
57
68
121
30
27
54
46
55
17
121
73
6
34
59
114
99
60
24
61
29
117
29
44
15
111
47
67
111
88
9
28
23
57
139
19
72
131
52
101
87
110
35
86
118
113
9
5
116
70
134
71
4
88
51
132
129
96
20
55
131
130
69
37
20
81
95
71
89
23
125
17
124
94
64
79
28
2
2
116
112
113
31
76
138
41
134
79
49
114
140
14
104
135
1
94
119
45
124
102
40
78
99
144
97
91
85
137
56
80
120
105
75
31
115
127
65
18
65
144
47
25
93
95
4
56
87
39
69
93
85
127
63
10
130
38
112
118
143
84
3
7
141
13
50
91
52
12
90
109
101
141
24
41
27
137
75
21
48
8
72
122
6
54
32
81
74
103
58
18
42
138
11
60
123
58
133
33
125
16
5
45
59
13
108
36
123
129
43
135
16
92
39
80
106
98
82
84
48
51
38
136
143
76
42
136
40
122
110
70
119
36
66
12
11
90
63
33
37
8
68
15
14
96
49
32
53
62
53
73
100
105
34
43
74
61
133
126
82
22
142
142
62
139
83
103
107
10
108
115
44
46
7
100
132
98
83
26
30
102
86
64
50
104
26
89
117
78
19
126
67
21
1
92
3
77
77
25
108
47
116
2
77
78
142
25
99
101
24
95
104
119
74
91
102
140
114
53
126
50
111
139
58
82
127
87
136
103
1
35
120
52
123
41
97
138
20
128
75
57
89
7
137
48
69
126
74
73
44
5
94
117
32
51
67
119
72
104
117
135
46
110
65
115
94
61
70
132
143
131
130
11
91
64
61
53
70
80
135
3
93
73
16
66
84
56
134
29
45
36
97
103
92
27
90
82
88
4
49
38
12
13
22
25
62
27
142
96
45
40
78
132
24
76
21
95
138
33
127
140
108
85
125
113
79
116
46
125
15
2
34
124
121
129
7
21
13
12
77
139
10
47
88
31
68
6
37
57
131
65
136
62
98
3
87
14
38
128
134
11
118
1
59
40
83
114
52
26
17
64
58
26
124
34
141
99
8
71
72
93
8
10
102
83
109
110
49
28
143
17
71
115
39
100
86
56
120
101
54
6
4
29
30
54
86
42
51
66
39
75
141
98
60
90
23
55
48
14
106
18
112
112
76
36
50
5
44
80
85
60
42
41
63
59
30
129
55
35
23
9
81
18
68
107
84
22
118
130
19
122
111
43
20
19
122
106
113
37
133
123
133
92
16
32
96
89
33
121
109
9
107
67
31
81
144
144
43
137
105
63
79
15
105
69
100
28
133
134
135
136
124
123
111
110
122
121
109
97
85
73
74
86
87
99
98
97
85
86
87
75
63
62
50
51
39
38
37
49
61
73
74
75
76
64
65
66
78
90
102
103
115
116
104
105
117
118
106
107
119
131
130
142
143
144
132
120
108
96
84
72
60
48
36
24
12
11
10
22
23
35
34
33
45
44
43
55
56
68
80
92
91
79
67
68
69
57
58
59
47
46
58
70
82
94
93
81
69
70
71
83
95
96
108
107
106
118
117
129
141
140
139
127
128
116
115
114
113
125
137
138
126
114
102
101
100
88
89
77
76
64
52
53
54
42
30
31
19
18
6
5
17
29
41
40
28
16
4
3
15
14
26
25
13
1
2
3
4
5
6
7
8
20
32
31
43
55
67
79
80
92
91
103
104
105
93
81
82
94
95
83
84
72
71
59
60
48
47
46
45
57
56
44
32
20
21
9
10
11
12
24
36
35
23
22
34
33
21
9
8
7
19
18
17
29
30
42
41
40
28
16
15
27
39
27
26
14
2
1
13
25
37
38
50
49
61
62
63
51
52
53
54
66
65
77
78
90
89
88
100
99
98
110
109
121
133
134
122
123
135
136
137
138
139
140
141
142
143
144
132
120
119
131
130
129
128
127
126
125
124
112
111
112
113
101
144
132
120
108
107
119
118
130
131
143
142
141
140
139
127
128
116
117
129
141
140
128
116
115
114
126
125
113
112
124
136
137
138
139
127
115
103
102
90
78
79
80
81
69
70
58
57
45
46
34
33
21
22
23
35
36
24
12
11
10
9
8
7
6
5
4
3
2
1
13
25
26
14
15
27
39
40
52
64
65
53
54
55
56
68
67
66
54
42
41
29
17
16
28
29
30
31
32
44
43
42
30
18
19
20
8
9
21
33
34
46
47
48
60
72
71
59
58
70
82
94
95
96
84
83
82
81
93
105
104
92
91
103
102
101
89
77
76
75
63
62
74
73
85
86
87
88
100
99
98
97
109
110
122
123
135
134
133
121
109
97
85
73
61
49
50
51
63
64
65
66
67
55
56
68
69
57
45
44
43
31
32
20
19
7
6
18
17
5
4
16
28
40
41
53
52
51
50
38
37
25
13
1
2
3
15
14
26
27
39
38
37
49
61
62
74
86
87
75
76
88
100
99
98
110
111
112
111
123
122
121
133
134
135
136
124
125
137
138
126
114
113
101
89
77
78
90
91
79
80
92
104
105
117
129
130
142
143
144
132
131
119
120
108
96
84
72
60
48
36
24
12
11
10
22
23
35
47
59
71
83
95
107
106
118
106
94
93
