##Rat 3 Day 42
 ##rewards
127
116
38
##Vertices
65
21
129
77
109
79
86
8
65
27
29
99
10
106
1
97
56
38
101
96
82
133
142
122
112
32
30
26
40
52
87
89
53
39
33
19
117
126
86
99
15
109
78
37
81
104
134
50
138
15
14
127
41
38
92
24
79
112
73
68
98
138
22
93
111
110
68
43
103
69
33
21
1
7
117
72
82
60
137
91
74
24
46
140
23
70
44
30
133
62
135
130
2
89
25
54
35
88
70
118
4
124
54
12
131
58
49
93
8
53
34
69
10
83
58
106
64
141
64
17
9
130
3
48
101
36
108
144
46
4
105
17
118
61
115
119
97
25
102
107
49
139
107
111
29
60
94
110
98
39
120
144
35
20
43
67
135
113
32
134
84
66
28
48
51
114
3
11
105
75
16
2
123
36
50
12
95
141
92
132
74
80
94
55
121
128
95
139
142
42
34
122
90
41
14
52
47
6
62
5
83
123
87
131
28
124
66
63
108
5
59
19
137
57
88
120
44
71
45
22
27
72
143
90
59
42
136
31
40
128
73
129
13
127
63
85
51
13
116
125
113
126
125
18
102
76
37
85
23
104
71
115
76
78
103
132
26
11
9
20
67
119
100
55
143
45
31
61
77
121
96
56
80
116
136
75
18
81
100
7
57
91
16
114
47
6
84
140
28
106
111
85
55
68
41
130
21
137
71
39
11
138
94
51
109
61
81
49
48
120
101
42
126
94
3
135
133
89
90
129
71
59
36
103
27
57
15
49
116
66
62
102
23
61
92
37
57
93
95
76
104
112
131
50
8
86
119
142
58
110
76
140
55
97
56
72
31
98
117
58
69
85
67
45
127
81
104
125
80
143
60
35
25
138
24
41
119
44
62
87
142
128
40
74
92
40
109
12
5
7
65
6
73
64
134
13
113
38
70
79
105
11
124
3
43
132
127
139
99
83
95
129
26
108
39
143
35
112
14
103
31
141
14
144
45
114
48
29
118
33
101
10
53
1
78
13
132
32
38
96
21
43
37
130
73
63
20
136
2
30
135
12
18
128
5
107
74
106
115
25
122
8
19
34
56
96
141
137
105
115
117
20
54
133
91
79
100
88
100
75
111
122
15
125
91
87
82
53
90
144
77
99
22
51
54
75
120
10
77
123
140
26
89
30
42
131
93
110
27
24
134
121
114
29
107
116
66
121
83
16
47
44
50
108
124
88
123
126
34
113
1
46
9
65
64
52
70
69
72
9
33
19
139
23
97
6
7
17
32
98
78
18
118
60
36
84
102
86
28
4
68
67
2
16
59
82
22
136
80
4
46
52
63
47
17
84
1
13
25
26
14
15
3
4
16
28
40
41
29
30
31
19
18
17
5
6
7
8
9
10
22
23
11
12
24
36
48
60
59
58
46
47
35
34
33
45
57
56
44
43
55
67
68
69
70
71
83
82
94
93
81
80
79
91
92
104
105
106
118
119
120
132
144
143
131
130
142
141
140
139
138
126
127
115
114
113
101
102
90
78
66
54
42
41
53
65
77
89
88
76
75
63
64
52
51
50
62
74
86
87
99
98
97
109
110
111
123
122
134
133
121
109
97
85
73
61
49
37
38
39
27
28
29
30
42
54
55
43
31
32
20
21
9
10
22
34
46
58
70
82
94
95
96
108
107
106
118
117
129
128
116
115
103
102
114
113
112
100
101
89
77
76
88
100
112
124
136
137
125
124
125
137
138
126
127
139
140
141
142
143
144
132
120
108
96
84
72
71
59
47
35
23
11
12
24
36
48
60
72
84
83
95
107
119
131
130
129
128
116
117
105
104
103
91
90
78
66
67
79
80
92
93
81
69
68
56
57
45
44
32
33
21
20
8
7
19
18
6
5
17
16
15
27
39
40
52
53
65
64
63
51
50
62
74
75
87
99
111
123
135
136
135
134
133
121
122
110
98
86
85
73
61
49
37
38
26
25
13
1
2
14
2
3
4
133
134
135
123
122
110
109
97
98
99
100
88
87
75
63
62
74
86
85
73
61
49
37
25
26
14
13
1
2
3
4
5
17
29
28
16
15
27
39
40
41
53
52
64
65
66
54
42
30
18
19
31
32
44
43
55
67
68
56
57
45
33
34
22
10
11
12
24
23
35
36
48
60
72
84
83
71
70
82
94
93
81
80
79
78
77
76
88
89
90
91
92
104
103
115
114
102
101
113
125
126
127
128
116
117
129
141
142
130
118
119
131
132
144
143
142
141
140
139
138
137
136
124
112
111
99
87
75
76
77
65
64
63
51
50
38
37
25
26
27
28
29
30
31
32
20
8
9
21
33
34
46
47
59
58
70
69
81
82
94
106
105
93
92
91
103
104
105
106
107
108
96
95
107
95
96
84
83
71
72
60
48
36
24
12
11
10
9
8
7
6
18
17
16
15
14
13
1
2
3
4
5
6
7
19
20
21
22
23
35
47
59
58
46
45
57
69
68
80
79
78
66
67
55
56
44
43
42
54
53
41
40
52
51
39
38
50
49
61
62
74
73
85
86
98
110
111
112
100
101
89
90
102
114
113
125
126
127
115
116
117
118
119
120
108
120
132
144
143
131
130
129
128
140
139
138
137
136
124
123
135
134
133
121
122
121
109
97
105
61
9
102
73
95
69
121
18
58
129
46
48
27
71
106
30
100
74
90
19
124
97
55
95
29
138
89
18
31
5
61
40
32
71
138
46
58
116
36
125
92
24
21
39
128
37
84
54
75
141
111
72
84
68
80
122
86
137
117
76
106
112
121
134
115
141
56
41
67
23
25
133
91
45
31
90
26
34
125
64
78
107
130
127
8
25
64
110
88
8
70
119
40
70
140
103
33
131
142
33
93
83
75
21
81
89
47
136
82
50
49
9
119
3
113
20
12
140
82
34
111
132
123
112
87
60
14
101
14
28
43
45
79
117
143
22
108
5
99
62
55
94
133
48
36
59
86
101
136
72
123
79
12
4
139
3
63
65
16
62
73
1
107
124
74
129
85
137
66
104
78
77
103
85
6
10
20
13
23
127
108
50
35
65
24
56
51
116
17
99
30
96
28
134
109
120
39
54
98
69
35
80
130
120
67
132
114
126
2
144
38
66
110
44
52
100
13
17
7
76
142
51
114
93
92
22
11
37
118
42
27
47
19
2
131
49
122
104
60
4
32
102
83
94
113
53
88
68
26
128
118
1
38
87
63
11
144
53
7
81
16
105
29
91
97
135
41
96
44
57
15
109
126
139
10
115
15
77
57
43
59
98
135
52
143
42
6
97
1
26
29
75
38
69
14
111
142
110
85
113
94
48
87
51
106
17
15
60
13
133
47
59
49
91
23
64
40
20
86
35
113
131
54
71
22
123
76
109
17
78
50
118
52
76
82
103
70
106
15
25
73
56
3
68
36
42
78
31
112
57
144
129
64
124
49
63
60
62
93
51
20
28
141
102
126
12
34
27
83
119
107
136
103
123
33
45
90
122
42
10
102
62
72
14
39
37
81
90
96
127
89
30
116
118
12
72
129
70
138
41
38
124
136
92
53
44
22
61
7
84
55
89
7
44
2
96
71
18
54
98
84
30
100
119
104
101
137
37
93
52
55
94
117
133
79
46
34
3
130
104
132
88
138
140
67
73
122
108
50
58
79
99
29
125
24
111
61
139
144
130
8
74
4
109
74
135
32
35
46
8
110
24
9
13
43
101
43
10
95
11
80
115
2
91
81
115
86
100
108
31
28
87
58
105
125
63
56
39
69
68
19
66
85
120
67
135
143
83
77
6
36
65
33
95
21
112
128
1
114
6
121
11
18
117
59
105
121
23
134
139
99
19
4
16
141
114
137
120
48
45
142
80
132
131
107
82
92
77
16
27
75
5
127
9
126
53
116
32
98
140
143
97
21
57
25
65
26
88
41
40
5
66
128
47
134
12
24
36
35
23
22
10
9
21
33
45
44
32
31
30
18
19
20
8
7
6
5
4
3
15
14
2
1
13
25
37
49
50
51
39
38
26
27
28
40
52
53
41
42
54
66
65
64
63
62
74
75
87
88
76
77
78
90
89
101
100
99
111
110
109
121
133
134
122
123
135
136
137
138
139
127
126
114
115
116
104
103
91
79
67
55
43
44
56
68
80
92
93
81
82
70
69
57
58
59
71
83
95
94
106
107
108
120
119
118
130
131
143
144
132
120
108
96
84
72
60
48
47
46
34
33
32
31
43
55
54
42
30
29
17
16
4
3
15
27
39
51
63
75
87
86
85
97
98
99
111
112
124
125
113
114
102
103
115
116
117
105
104
92
80
81
93
105
117
129
141
140
128
129
128
140
139
127
126
138
137
136
135
134
133
121
109
97
85
73
61
62
50
38
26
14
2
1
13
25
37
49
61
73
74
86
98
110
122
123
124
125
113
112
100
101
102
90
91
79
67
66
78
77
89
88
76
64
65
53
52
40
41
29
28
16
17
5
6
18
19
7
8
20
21
22
34
46
45
57
56
68
69
70
58
59
71
83
82
94
106
118
130
142
141
142
143
144
132
131
119
107
95
96
84
72
60
48
47
35
36
24
12
11
23
11
10
9
144
143
142
141
140
128
129
130
131
132
120
119
118
106
105
104
92
91
103
102
101
113
114
126
138
137
125
124
136
135
134
122
110
98
97
85
86
87
88
89
77
76
64
65
66
67
55
54
42
43
44
56
57
69
68
80
79
78
90
89
88
100
112
111
123
135
136
137
138
139
127
115
116
117
105
93
94
82
81
93
94
95
96
108
107
106
118
117
116
104
103
102
101
100
99
87
75
63
62
50
38
37
25
26
27
39
51
52
53
41
40
28
29
17
16
4
3
15
14
2
1
13
25
37
49
61
73
74
75
76
64
52
53
41
40
28
29
30
31
19
18
6
7
8
9
21
20
32
33
34
35
47
59
58
46
45
57
58
70
71
72
60
48
36
24
12
11
23
22
10
9
21
22
10
11
12
24
23
35
36
48
47
46
34
33
45
44
56
55
43
31
32
20
8
7
19
18
30
42
54
66
65
77
78
90
91
92
80
79
67
68
69
81
82
70
71
59
60
72
84
83
95
83
84
96
108
107
119
120
132
144
143
131
130
142
141
129
128
140
139
127
115
114
126
125
124
123
122
134
133
121
133
121
109
110
109
97
85
73
61
49
50
38
26
14
13
1
2
3
4
5
6
5
17
16
15
27
39
51
63
62
74
86
98
99
111
112
113
136
37
96
76
114
39
59
128
33
22
139
105
68
54
42
113
78
54
73
101
72
91
93
80
133
31
124
117
55
17
57
44
93
29
61
100
127
4
88
64
102
38
4
26
25
120
137
59
115
119
27
36
1
100
51
134
95
91
63
107
7
132
133
67
98
66
137
127
30
113
68
35
106
118
104
43
106
77
13
129
109
32
57
105
40
99
21
7
21
50
14
128
115
47
75
136
75
51
121
140
143
130
48
18
79
19
71
116
62
86
138
65
72
118
53
123
89
36
1
33
142
50
60
23
34
23
98
125
97
62
124
11
131
40
143
84
25
135
120
45
123
45
56
92
141
65
30
87
110
90
43
44
108
35
111
13
15
112
134
112
104
10
126
24
5
8
76
94
39
37
84
9
88
101
102
47
78
70
12
67
94
142
42
99
119
46
52
125
66
64
19
79
56
55
69
85
82
90
80
86
130
10
32
92
11
108
83
20
49
29
103
6
97
70
117
49
89
14
28
116
71
48
58
3
103
122
38
26
27
46
96
85
9
110
12
135
74
16
73
83
144
122
6
139
18
2
15
53
69
74
81
81
141
5
17
22
58
111
24
61
87
95
114
144
41
8
140
31
28
34
121
3
107
20
82
2
109
126
16
41
132
63
138
77
131
129
52
60
106
96
138
65
56
127
51
60
127
31
79
38
11
44
141
77
90
125
110
123
114
32
76
15
21
48
35
76
10
100
52
74
46
129
36
40
88
42
7
136
61
124
115
47
117
24
50
81
116
80
98
139
132
63
43
80
9
5
106
78
118
89
72
139
103
52
3
116
25
4
70
3
94
113
24
132
128
93
68
20
131
17
108
133
33
48
11
37
26
23
31
85
126
91
95
59
133
88
92
121
72
104
7
124
51
109
53
57
14
121
102
73
41
20
64
111
71
69
101
45
105
55
19
12
27
28
144
2
18
39
43
64
138
50
1
34
91
29
83
67
120
35
67
13
2
40
66
54
37
86
137
78
82
58
63
49
142
122
77
131
81
21
22
39
23
44
45
119
141
130
33
13
107
128
101
54
135
97
62
30
42
84
118
15
59
92
82
102
90
28
117
27
49
73
71
9
97
53
41
110
130
29
69
22
99
126
8
18
38
120
108
17
74
68
57
135
134
56
70
19
103
6
98
34
26
89
85
47
115
125
142
137
87
111
55
144
66
143
129
114
32
94
105
107
65
143
10
30
96
100
134
109
12
5
60
136
8
140
25
62
119
87
113
123
112
104
14
58
46
4
6
79
36
16
83
140
112
1
84
93
99
75
122
61
16
86
75
95
1
13
25
37
49
50
38
39
27
28
40
52
64
76
75
87
88
89
77
78
90
91
103
102
114
115
127
139
138
137
125
126
114
113
101
100
99
98
86
85
97
109
121
133
134
122
123
135
136
124
112
111
110
109
97
85
73
74
62
63
51
39
27
26
14
15
3
4
5
6
18
30
29
41
53
54
66
65
77
89
101
113
112
100
88
76
64
52
40
28
16
17
5
6
7
19
31
43
55
56
57
58
46
45
33
21
9
10
11
23
35
34
22
10
9
8
20
32
44
45
46
47
48
60
72
71
70
69
68
80
92
104
116
128
140
141
142
143
144
132
120
108
107
95
96
84
83
82
81
93
105
106
94
93
105
117
118
119
131
130
129
117
118
106
94
82
81
80
79
67
68
56
55
67
79
91
92
104
116
115
103
102
90
78
66
65
53
41
29
17
18
30
42
54
42
43
44
32
31
19
7
8
20
21
33
34
22
23
35
36
24
12
11
12
24
36
48
60
59
47
59
58
57
69
70
71
72
84
83
95
96
108
107
119
120
132
144
143
131
130
142
141
129
128
140
139
127
126
138
137
125
124
136
135
134
133
121
122
123
111
110
98
99
87
86
74
75
63
51
50
62
61
73
61
49
37
38
26
25
13
14
15
16
4
3
2
1
2
144
143
142
130
118
106
107
95
83
71
72
84
96
108
120
119
131
132
120
108
96
84
83
82
94
93
81
80
68
67
55
54
53
65
77
78
79
91
103
115
114
113
125
126
138
137
136
135
123
111
112
124
136
137
138
139
140
141
129
117
116
128
127
115
116
104
105
93
92
80
79
67
66
54
42
43
44
45
57
58
59
47
46
34
35
23
22
21
9
8
20
32
31
19
7
6
18
17
29
41
40
28
27
26
25
13
1
2
14
15
3
4
5
6
7
8
9
10
11
12
24
36
48
60
72
71
70
69
68
56
55
43
42
30
29
41
40
39
38
50
62
63
51
52
64
76
75
74
73
85
86
87
88
89
90
102
101
100
99
98
110
122
134
133
121
109
97
85
73
61
49
61
62
74
75
87
86
98
97
109
110
122
121
133
134
135
123
124
112
111
99
100
101
113
125
126
114
102
103
104
92
91
90
89
88
76
77
78
66
65
53
52
64
63
51
50
49
37
25
37
38
39
27
26
14
13
1
2
3
15
16
28
16
4
5
17
18
30
31
19
20
21
33
34
35
23
22
10
11
12
24
36
48
60
59
47
46
45
33
32
44
56
57
58
70
69
81
82
94
106
105
117
118
130
129
128
127
139
140
141
142
143
144
132
131
119
107
95
