##Rat 2 Day 15
 ##rewards
18
29
107
##Vertices
1
2
3
15
14
26
25
37
38
39
40
52
51
63
75
74
62
50
49
61
73
85
97
109
110
122
121
133
134
135
136
137
125
113
112
124
123
111
99
100
101
89
88
76
77
78
90
102
114
126
127
115
116
104
103
91
79
80
92
93
105
117
118
130
142
143
144
132
131
119
120
108
96
84
72
71
83
82
70
58
57
69
68
67
66
65
64
52
53
54
55
56
44
43
31
30
42
41
29
17
18
19
20
32
33
21
9
10
22
34
35
23
24
12
11
10
9
8
7
6
5
4
16
28
27
39
51
63
64
65
77
76
75
87
86
98
97
109
110
111
112
113
114
115
116
128
140
141
129
117
118
106
107
95
94
82
81
69
70
58
46
45
57
56
55
43
44
45
46
47
48
60
59
47
59
60
72
71
83
84
96
108
120
132
144
143
142
141
140
139
138
126
125
124
123
122
121
133
134
135
136
137
138
139
127
128
129
130
131
119
107
95
94
106
105
93
81
80
68
67
66
78
79
91
92
104
103
102
90
89
101
100
88
87
99
98
86
85
73
74
62
61
49
50
38
26
27
28
40
41
53
54
42
30
29
17
18
19
31
32
33
34
35
36
48
36
24
12
11
23
22
21
20
8
7
6
5
4
16
15
3
2
1
13
14
13
25
37
12
24
23
22
10
11
12
24
36
35
47
59
58
57
69
68
67
79
91
103
115
116
104
105
117
129
128
140
139
127
126
138
137
125
124
112
111
123
135
136
137
138
139
140
141
142
130
131
143
144
132
120
119
118
106
107
108
96
84
83
82
70
71
72
60
48
36
35
34
46
45
44
43
42
41
53
65
66
54
55
56
44
32
33
21
9
8
7
19
18
6
5
17
16
15
3
4
5
6
7
8
20
19
31
30
29
28
40
52
64
63
62
50
49
61
73
85
86
87
99
98
97
109
121
122
110
111
99
100
88
89
77
76
75
74
73
61
49
37
38
26
14
2
1
13
25
37
38
39
51
52
64
65
53
54
55
56
68
80
92
93
94
95
96
108
107
106
105
104
103
102
90
78
66
67
79
78
77
76
88
87
75
63
51
50
62
74
86
85
97
98
110
109
121
133
134
133
134
122
123
135
136
124
112
113
125
126
127
128
129
141
142
130
131
143
144
132
120
119
118
117
116
115
114
113
114
102
101
100
101
89
90
91
92
80
81
69
57
58
70
82
81
93
94
95
83
84
72
71
59
60
48
47
46
45
33
34
22
23
11
10
9
21
20
32
31
43
42
30
29
41
40
39
27
28
27
15
14
26
25
13
1
2
3
4
16
17
18
113
60
74
24
110
84
76
121
103
88
137
23
39
30
107
143
42
117
130
130
22
70
89
131
64
144
128
106
120
63
31
71
3
104
11
12
77
81
100
119
92
83
101
44
39
7
78
68
122
87
86
115
21
142
38
52
19
131
26
67
94
97
21
135
91
35
49
138
144
139
34
118
34
2
9
46
95
5
102
114
6
63
103
113
70
4
59
41
53
105
2
142
99
138
133
24
55
62
10
132
14
53
22
109
45
29
123
66
65
41
57
33
83
98
47
120
112
136
73
141
10
81
79
61
56
74
128
126
13
6
60
8
48
20
51
75
20
97
46
116
23
71
115
92
25
27
69
67
33
65
90
30
38
61
15
19
54
15
126
106
75
122
72
109
79
66
135
1
134
118
52
17
77
123
4
58
100
62
36
17
119
94
129
143
55
47
124
57
12
121
78
80
108
40
16
104
98
27
90
1
49
87
133
31
140
108
14
102
114
140
129
69
85
112
54
43
125
107
37
137
93
32
51
86
82
105
7
32
88
95
111
76
58
9
56
18
117
85
5
127
16
29
50
44
28
25
11
116
125
96
13
48
110
18
59
37
132
73
50
111
42
93
84
43
80
127
99
45
3
141
28
72
124
35
68
26
8
136
134
64
96
101
89
82
139
36
40
91
143
104
42
91
22
126
20
108
116
38
20
10
139
31
77
15
31
131
144
84
113
43
88
106
12
79
130
23
40
61
114
113
124
1
94
1
99
60
77
3
45
48
61
56
133
102
36
43
15
26
64
18
10
86
26
32
14
44
23
46
142
122
104
16
125
96
39
18
109
41
67
137
141
102
35
36
9
107
78
133
76
82
56
38
64
100
2
69
111
30
128
49
50
4
78
141
96
135
138
4
107
136
134
71
92
51
50
74
127
120
19
32
130
85
49
52
105
34
119
55
8
142
21
84
95
97
119
11
68
63
5
48
57
70
73
100
75
89
123
54
29
101
112
81
90
121
129
135
5
35
51
7
79
103
123
125
98
71
139
83
98
110
22
7
14
108
67
46
81
27
97
109
16
138
3
47
57
128
33
73
83
121
42
95
103
93
33
111
62
65
85
13
120
8
115
86
144
12
115
21
124
68
140
122
118
59
101
127
58
54
76
55
39
28
118
53
89
88
65
87
74
80
116
117
34
112
72
143
9
17
11
44
66
117
40
19
134
59
6
129
28
13
6
136
52
106
90
58
92
132
82
114
94
25
75
41
37
126
53
47
17
70
24
37
110
80
60
25
63
24
72
69
29
2
91
27
132
99
105
137
30
87
140
45
93
66
131
62
144
132
131
130
142
143
144
132
120
119
107
95
94
93
81
80
79
67
55
43
31
32
44
45
33
21
20
8
7
19
18
6
5
17
16
28
27
15
3
4
5
6
7
8
9
10
22
23
11
12
24
36
35
34
46
47
48
60
72
71
70
82
83
84
96
108
120
119
118
106
105
104
103
102
101
89
77
78
90
91
92
104
116
117
129
141
140
139
127
126
138
137
125
124
123
135
136
137
138
139
140
128
127
115
114
113
112
100
88
76
75
74
86
85
73
61
49
50
51
39
38
37
25
13
14
26
27
39
40
52
53
65
64
63
62
61
73
85
97
98
110
122
134
133
121
109
97
98
99
87
88
76
77
89
90
91
92
80
68
56
57
58
59
60
48
47
46
45
44
43
42
54
66
78
79
67
66
65
64
52
51
63
75
87
86
74
62
50
49
37
38
26
25
13
1
2
1
2
14
15
3
4
16
28
29
17
18
19
20
21
9
10
22
23
11
12
24
36
35
34
33
32
31
30
29
30
42
41
40
41
53
54
55
56
68
69
81
93
94
82
70
69
57
58
59
71
72
84
83
95
96
108
107
106
105
117
118
130
131
143
142
141
129
128
116
115
103
102
114
113
101
100
99
111
112
111
123
122
110
109
121
133
134
135
136
124
125
126
133
134
135
123
122
110
109
97
98
99
100
88
87
75
63
62
74
86
85
73
61
49
37
25
26
14
13
1
2
3
4
5
17
29
28
16
15
27
39
40
41
53
52
64
65
66
54
42
30
18
19
31
32
44
43
55
67
68
56
57
45
33
34
22
10
11
12
24
23
35
36
48
60
72
84
83
71
70
82
94
93
81
80
79
78
77
76
88
89
90
91
92
104
103
115
114
102
101
113
125
126
127
128
116
117
129
141
142
130
118
119
131
132
144
143
142
141
140
139
138
137
136
124
112
111
99
87
75
76
77
65
64
63
51
50
38
37
25
26
27
28
29
30
31
32
20
8
9
21
33
34
46
47
59
58
70
69
81
82
94
106
105
93
92
91
103
104
105
106
107
108
96
95
107
95
96
84
83
71
72
60
48
36
24
12
11
10
9
8
7
6
18
17
16
15
14
13
1
2
3
4
5
6
7
19
20
21
22
23
35
47
59
58
46
45
57
69
68
80
79
78
66
67
55
56
44
43
42
54
53
41
40
52
51
39
38
50
49
61
62
74
73
85
86
98
110
111
112
100
101
89
90
102
114
113
125
126
127
115
116
117
118
119
120
108
120
132
144
143
131
130
129
128
140
139
138
137
136
124
123
135
134
133
121
122
121
109
97
48
24
85
110
104
69
34
42
89
15
101
122
29
126
58
22
77
74
30
9
18
127
134
127
5
32
35
49
32
117
14
61
53
102
123
116
140
7
95
57
100
17
77
12
135
3
31
80
2
130
94
108
110
88
66
107
69
47
17
108
25
137
7
120
38
8
115
132
115
105
13
23
37
47
62
79
131
133
21
97
28
1
103
122
16
78
49
101
50
33
38
10
29
67
60
137
40
41
46
142
114
119
80
93
124
8
89
44
51
12
92
129
59
121
68
100
136
68
19
82
143
39
73
131
97
16
129
121
71
144
37
27
6
81
2
95
72
91
81
61
111
1
84
18
142
4
85
24
26
114
132
105
11
90
3
39
64
141
76
20
138
128
51
90
116
25
31
103
71
96
42
54
78
66
130
52
36
82
118
109
62
44
63
19
87
5
13
125
128
75
75
84
30
117
133
86
45
72
134
40
63
70
109
52
70
26
102
106
112
15
141
11
20
55
106
43
27
96
54
104
59
119
48
36
50
120
118
14
56
140
76
98
4
113
22
99
41
21
34
139
138
88
92
46
45
67
139
28
35
144
6
64
58
124
143
33
86
125
99
43
53
74
123
136
9
83
56
10
87
93
73
111
113
91
94
79
60
135
65
107
98
57
126
83
112
65
23
55
4
133
70
17
99
104
11
83
100
116
74
40
98
125
124
69
91
21
78
112
126
82
138
79
114
107
2
1
97
93
7
35
3
79
94
106
54
111
20
8
144
93
137
128
135
56
139
114
48
104
108
43
19
117
95
96
56
64
85
7
65
50
55
45
121
106
51
23
139
65
83
68
4
49
123
22
33
141
28
87
73
29
28
124
12
101
34
68
134
77
25
119
37
141
95
136
9
57
27
133
57
59
60
60
117
13
132
103
16
39
24
82
113
105
131
108
71
140
30
66
128
80
86
26
77
71
101
119
90
131
31
73
96
112
40
75
120
30
115
92
23
99
84
14
37
76
47
110
58
33
86
63
72
8
94
143
109
35
14
16
11
88
15
140
102
53
32
127
76
102
130
142
38
125
31
22
63
46
53
100
90
10
143
10
109
52
130
18
85
116
122
80
12
43
46
91
20
58
110
25
59
81
49
121
45
129
66
38
89
78
19
55
134
144
115
67
88
5
61
36
132
29
137
62
27
118
24
6
41
44
61
41
127
32
135
26
67
103
1
3
84
89
105
92
42
87
70
51
64
107
97
138
72
123
48
136
126
52
81
142
36
44
15
54
39
62
129
74
75
18
120
13
47
69
9
42
98
6
111
5
50
2
17
21
122
34
113
118
12
24
23
22
10
9
8
7
6
5
4
3
15
16
28
40
41
53
52
51
63
62
61
73
85
86
98
97
109
110
122
121
133
134
135
136
124
112
100
101
89
88
87
99
111
123
135
136
137
125
113
114
102
90
78
77
76
64
65
66
54
42
43
31
30
29
17
18
19
20
32
44
45
46
58
59
60
72
71
83
84
96
95
107
108
120
132
131
130
142
141
140
139
138
126
127
128
129
117
105
93
81
82
94
106
118
119
120
108
96
84
72
60
48
36
35
47
46
34
33
21
9
8
20
32
31
43
55
67
79
80
68
69
70
71
83
95
107
119
118
106
94
82
81
93
92
104
116
115
103
91
90
78
66
54
42
41
40
39
27
26
14
13
25
37
38
50
49
61
73
74
62
50
49
37
38
26
25
13
1
2
1
2
14
15
3
4
5
6
7
19
18
30
29
17
16
28
27
39
51
52
53
65
64
63
75
74
86
85
97
98
99
87
75
76
77
89
88
100
112
111
110
109
121
133
134
122
123
124
125
137
138
139
127
126
114
113
101
102
103
115
116
128
140
141
142
143
144
132
144
143
131
130
129
117
105
104
92
91
79
80
68
67
55
56
57
45
33
21
22
34
35
23
11
10
11
12
24
36
48
47
59
58
70
69
57
56
44
144
143
131
119
120
108
96
84
72
60
48
36
35
47
46
45
57
56
44
32
31
19
7
6
5
17
16
4
3
15
14
2
1
13
25
37
38
39
40
52
53
41
29
28
27
26
25
37
49
50
51
63
64
65
66
54
42
43
55
67
68
69
81
82
70
58
59
71
83
95
94
93
105
117
116
128
140
139
127
126
138
137
125
124
136
135
134
122
110
109
97
85
73
61
62
74
86
98
99
100
101
102
114
113
112
111
123
135
136
137
138
139
140
141
142
130
129
117
118
106
107
108
96
95
94
82
81
80
79
78
90
91
103
115
127
126
125
124
123
111
112
113
114
102
101
89
88
87
75
76
77
65
66
67
68
69
57
45
33
34
22
23
11
10
9
21
20
8
7
6
18
19
20
8
9
21
22
10
11
12
24
12
24
23
35
36
48
60
72
84
83
71
70
58
59
47
46
34
33
32
44
56
55
43
31
30
18
17
5
4
16
28
29
30
42
54
53
41
40
39
27
15
3
2
1
13
14
26
38
50
49
61
73
74
62
63
51
52
64
76
75
87
86
85
97
109
121
133
134
133
121
122
110
98
99
100
88
89
77
78
90
91
79
80
92
104
105
106
107
119
118
130
131
132
120
132
144
143
142
141
129
128
116
115
103
104
92
93
135
80
31
53
131
12
39
143
114
37
104
80
45
1
71
110
57
97
70
70
42
141
43
93
120
139
16
24
71
40
106
65
44
7
78
122
26
68
101
4
3
123
96
33
59
38
66
5
15
122
10
76
55
83
61
134
39
22
19
31
126
59
83
35
36
127
115
81
7
60
42
78
77
102
30
125
3
73
141
27
63
4
11
29
30
119
127
41
50
48
48
9
84
8
55
75
112
32
106
8
128
51
67
91
97
137
23
114
17
119
132
79
74
103
50
95
103
6
110
2
54
56
36
100
93
143
72
24
67
6
138
136
109
90
99
12
69
113
51
20
58
49
124
46
112
32
44
135
41
56
137
121
22
113
94
121
27
21
107
94
140
82
33
89
140
72
129
95
118
46
105
86
124
34
40
91
133
52
28
101
47
129
87
138
117
65
19
21
15
58
118
108
18
20
108
9
18
5
96
13
102
53
63
100
92
109
89
133
16
14
132
13
111
111
37
88
52
136
134
107
73
10
142
128
117
45
1
34
77
139
85
68
66
120
126
104
62
23
17
86
69
60
38
130
125
142
85
25
2
115
144
98
99
47
28
87
90
116
88
57
76
74
62
61
54
14
11
82
29
98
25
92
79
49
81
123
131
64
144
64
105
84
43
130
26
75
35
116
134
66
38
140
64
115
6
139
18
11
122
63
116
81
134
81
87
124
2
48
125
60
67
11
18
80
7
79
14
144
71
4
70
130
124
118
86
66
12
55
79
43
103
126
76
40
72
49
40
75
136
55
22
87
67
114
28
20
21
85
141
82
113
62
12
128
82
15
56
96
58
3
60
73
1
17
5
131
119
84
76
29
120
111
15
47
26
38
95
77
56
72
104
31
68
24
133
2
42
74
35
93
100
110
64
92
75
127
80
77
132
109
115
118
58
73
131
65
97
113
50
103
123
53
59
16
9
94
24
142
44
90
10
104
32
46
137
29
10
41
126
144
59
27
138
120
23
130
37
45
121
45
39
137
8
94
78
44
86
83
32
65
61
17
26
3
111
27
102
30
51
69
123
106
57
23
112
30
143
107
91
28
143
96
140
91
95
62
21
39
84
105
99
97
50
47
116
36
52
135
54
139
61
89
37
117
112
51
107
5
6
14
54
90
13
53
83
141
4
88
34
108
101
119
52
132
129
13
78
48
7
43
19
68
136
70
31
20
128
1
99
49
92
25
9
127
88
121
98
25
19
102
33
57
42
129
63
89
122
35
8
74
100
93
46
135
34
125
101
22
106
36
98
85
142
71
109
33
133
41
108
138
114
69
110
117
105
16
