##Rat 7 Day 45
 ##rewards
62
51
129
##Vertices
1
13
14
2
3
15
16
4
5
17
29
28
40
41
42
30
18
6
7
8
20
19
31
32
33
34
46
47
59
58
57
56
55
43
44
45
33
21
9
10
22
23
11
12
24
36
48
60
72
84
83
71
70
69
68
80
79
78
77
65
64
76
88
100
101
102
90
91
103
115
116
104
105
117
129
128
140
141
142
143
144
132
131
130
118
106
107
119
120
108
96
95
94
93
92
80
81
82
70
69
81
82
94
93
92
91
103
102
114
126
125
124
123
122
110
98
97
85
86
74
75
87
99
111
112
113
101
89
88
100
112
113
114
115
127
139
138
137
136
135
134
133
121
109
97
85
73
61
49
50
62
63
51
39
27
26
25
37
38
39
27
28
29
30
42
54
53
52
51
63
75
87
99
98
86
74
73
61
62
50
49
37
38
26
25
13
1
2
14
15
3
4
16
17
5
6
18
19
7
8
20
32
31
43
55
54
66
78
90
89
77
76
64
52
40
41
53
65
66
67
79
67
68
56
44
45
57
58
46
34
35
47
35
23
22
21
9
10
11
12
24
36
48
60
59
71
72
84
83
95
96
108
107
119
120
132
144
143
131
130
142
141
129
117
118
106
105
104
116
128
140
139
127
126
138
137
125
124
136
135
123
122
134
133
121
109
110
111
12
11
23
24
36
35
47
48
60
59
58
46
45
57
69
70
71
72
84
96
95
83
82
94
106
118
117
129
128
116
104
92
80
81
93
105
106
107
108
120
119
131
132
144
143
142
141
140
139
138
126
127
115
103
91
90
78
66
54
55
43
42
41
40
52
64
65
77
76
75
87
88
100
99
98
86
85
97
109
121
133
134
122
110
111
112
124
123
135
136
137
125
113
101
89
90
102
114
115
103
102
114
113
101
89
77
76
64
63
62
50
38
26
14
15
16
4
5
17
18
30
29
28
27
39
51
52
53
41
40
39
51
63
75
74
73
61
49
37
25
13
1
2
3
4
5
6
7
8
20
19
31
32
33
34
22
10
9
21
33
34
46
58
70
69
68
56
44
32
31
30
29
28
16
17
18
6
7
19
20
8
9
21
22
10
11
12
24
23
35
36
48
47
59
60
72
71
83
84
96
95
94
82
81
80
68
67
66
65
53
54
42
43
44
45
57
56
55
67
79
78
79
91
92
93
105
104
116
117
118
130
129
130
131
119
107
108
120
132
144
143
142
141
140
128
127
139
138
126
125
137
136
124
123
135
134
133
121
122
110
109
97
98
99
111
112
100
88
87
86
85
73
74
62
61
49
50
38
37
25
26
14
13
1
2
3
15
27
14
20
55
3
130
98
64
101
3
99
108
53
64
62
110
140
28
93
81
122
22
126
132
144
58
92
87
60
51
16
77
129
84
114
68
107
77
49
79
43
80
36
88
139
46
31
25
74
127
45
113
136
59
86
60
29
142
139
46
32
141
144
69
13
82
134
105
19
96
57
89
18
37
5
119
136
15
38
56
44
124
121
63
9
10
104
107
5
52
43
100
56
128
140
61
45
105
29
87
117
57
86
1
31
81
15
4
4
116
35
72
83
40
80
53
61
118
41
54
116
101
52
6
110
37
2
8
66
130
70
74
6
13
39
109
54
34
25
93
141
128
65
106
111
135
79
55
67
59
138
14
124
100
125
11
104
133
68
118
51
131
89
30
117
70
108
111
138
115
67
85
9
22
35
133
137
27
90
21
2
36
8
102
30
33
50
126
122
123
119
96
65
91
19
78
44
121
92
72
97
134
82
114
41
115
38
112
42
94
102
95
94
16
143
42
58
47
84
17
78
1
7
85
48
135
11
24
88
34
109
76
90
142
97
66
75
73
20
75
12
137
91
21
112
103
24
129
26
83
50
125
33
76
47
17
69
18
63
143
23
26
10
28
62
120
23
127
132
120
99
32
48
7
49
106
39
131
123
98
73
12
71
103
71
27
113
95
40
133
6
49
39
123
43
21
58
132
11
37
66
23
61
102
60
87
70
94
68
133
43
142
52
123
4
128
88
73
39
92
61
85
64
117
116
55
120
78
79
46
89
112
23
77
104
28
64
62
28
111
15
9
90
14
132
67
53
34
86
82
10
108
47
141
45
93
140
83
8
113
113
80
22
97
31
5
13
117
107
5
70
29
37
1
82
6
55
130
41
87
130
76
36
3
102
127
109
49
11
63
41
139
75
69
95
93
76
91
119
25
63
84
33
120
129
56
8
90
42
12
143
125
77
143
131
106
127
80
89
121
19
75
12
136
22
81
111
106
34
24
134
78
99
72
3
122
126
32
16
57
109
81
48
124
30
62
144
68
105
17
45
9
15
137
18
96
27
92
141
26
48
46
25
7
50
73
65
72
86
118
83
1
74
42
114
56
97
57
44
116
140
125
58
26
2
51
101
138
103
59
138
110
53
71
100
144
13
103
107
118
67
44
60
52
50
137
27
96
2
91
79
47
36
108
121
31
29
66
71
17
30
105
114
38
32
7
142
69
100
110
99
136
115
35
134
19
54
51
98
119
35
131
139
18
59
135
115
65
112
122
38
129
104
14
101
54
20
98
124
135
95
40
88
10
84
128
33
94
20
4
21
74
24
126
16
85
40
144
143
142
141
129
130
118
119
131
132
120
108
96
84
83
95
94
106
107
108
96
95
94
82
70
71
59
58
46
47
48
60
72
84
83
82
81
69
68
67
79
91
103
102
114
113
101
100
112
111
99
98
110
122
123
135
134
133
121
109
97
85
73
61
49
37
25
13
1
2
3
15
14
26
27
28
40
41
42
54
53
65
77
89
90
78
66
65
64
52
51
50
38
39
51
63
75
87
88
76
64
63
62
74
86
85
97
98
99
111
112
124
136
137
138
126
125
113
114
115
116
128
140
139
127
115
103
104
105
93
92
80
81
69
57
56
55
43
31
30
18
19
7
8
20
32
44
45
33
21
9
10
22
23
35
36
24
12
11
10
9
8
7
6
5
17
29
30
42
54
66
78
77
89
90
102
101
100
88
76
75
87
86
74
73
61
62
50
49
37
38
39
40
52
53
41
29
17
16
4
3
2
1
13
25
26
14
15
27
28
16
4
5
6
18
19
20
32
31
43
44
45
33
21
22
34
46
34
35
23
11
12
24
36
48
47
59
60
72
71
70
58
57
56
55
67
68
80
79
91
92
93
105
106
107
119
120
132
144
143
131
130
142
141
140
139
138
137
136
135
134
133
121
109
110
122
123
124
125
126
127
128
129
117
118
117
116
104
133
121
109
97
98
110
111
123
122
134
135
136
137
138
126
125
113
112
124
136
137
125
113
114
115
127
128
116
117
129
141
140
139
138
126
114
102
103
91
79
78
77
76
64
63
51
52
40
39
27
28
16
15
14
26
25
13
1
2
3
4
5
6
7
8
9
10
11
12
24
36
35
23
22
34
46
45
57
69
68
56
55
54
53
65
66
67
55
43
44
32
20
21
33
32
31
30
29
41
42
43
31
19
18
17
5
4
16
28
27
39
38
37
49
61
62
50
51
63
75
87
86
85
73
74
75
76
88
100
101
89
90
102
103
104
92
80
81
82
70
71
83
84
96
95
94
93
105
106
107
108
120
119
131
130
142
143
144
132
120
108
96
84
72
60
59
58
70
69
68
67
66
54
53
65
64
52
40
41
42
30
29
17
18
6
7
19
20
8
9
21
33
45
44
56
57
58
59
47
48
36
24
12
11
10
22
23
35
34
46
47
48
60
72
71
83
95
94
82
81
93
105
106
107
119
118
117
118
130
131
132
144
143
142
141
129
128
140
139
127
115
116
104
92
80
79
91
90
78
77
89
101
100
112
124
123
135
134
133
121
122
110
109
97
85
73
61
49
37
25
13
1
2
3
15
14
26
38
50
62
74
86
98
99
111
99
87
88
64
2
96
54
143
114
132
75
46
135
62
35
81
55
131
137
114
125
140
82
139
113
97
122
108
68
111
32
92
110
24
137
76
136
90
34
22
105
8
4
134
81
112
143
93
47
50
103
55
128
22
87
69
67
138
71
66
116
115
78
119
13
84
74
99
18
144
73
70
89
52
15
30
76
75
23
21
83
17
16
74
133
41
51
111
72
45
112
83
30
59
50
116
94
11
77
58
65
123
100
46
8
24
35
44
124
57
102
29
122
66
79
53
58
121
2
60
13
48
128
95
38
33
57
48
21
33
141
25
44
120
9
39
140
3
144
126
20
91
85
59
138
95
12
98
12
77
117
38
3
120
121
113
52
14
19
142
84
78
97
104
133
62
89
40
36
41
124
99
34
105
5
49
6
141
32
7
40
31
47
63
11
71
16
26
87
1
94
139
9
64
110
27
129
90
127
5
7
136
106
10
56
45
109
98
61
123
10
134
42
132
126
68
18
115
96
130
17
15
107
63
53
135
118
4
102
106
28
28
49
60
80
129
61
67
101
91
127
88
37
27
1
6
69
26
107
56
93
130
117
43
82
131
37
25
86
14
36
65
92
23
119
101
70
73
42
29
104
54
80
79
118
125
43
103
19
142
100
39
88
72
20
51
86
31
85
109
108
118
40
26
133
28
32
115
49
142
46
127
134
54
92
51
108
116
46
20
7
52
4
24
74
106
85
136
41
87
81
76
67
74
29
129
35
48
118
111
38
117
69
110
8
82
84
121
4
6
23
59
12
114
13
94
14
84
105
60
2
24
57
96
75
91
105
71
138
63
88
32
20
48
70
87
43
97
141
132
31
101
143
64
119
47
13
22
62
26
50
2
30
14
97
107
68
17
3
33
53
35
44
27
140
142
16
43
80
120
27
3
128
89
9
119
139
31
126
102
113
112
11
123
23
22
115
101
126
5
144
51
91
52
72
18
92
5
99
100
78
8
67
124
38
128
7
45
21
95
18
17
54
10
139
135
98
28
133
25
6
73
109
85
123
21
11
71
107
106
144
37
102
34
140
94
55
131
103
41
124
36
120
68
44
1
121
114
81
83
1
73
61
98
122
59
56
130
137
138
40
90
42
125
93
66
111
127
62
56
76
70
33
108
129
79
10
122
9
131
69
49
72
93
77
136
50
116
143
12
39
80
55
60
135
100
77
82
34
42
134
19
88
83
110
29
66
30
86
57
130
63
58
65
75
45
19
99
61
16
109
95
103
113
15
117
64
132
125
36
79
58
112
47
86
39
65
78
96
89
25
137
53
90
37
141
104
15
104
1
13
14
15
27
39
40
28
29
17
5
4
3
2
1
13
25
37
38
26
25
37
49
61
73
85
97
109
121
133
134
135
123
122
110
111
99
98
86
74
75
87
88
76
77
65
66
78
90
91
92
80
79
67
68
69
70
58
59
71
83
84
72
60
48
47
46
34
33
21
20
19
31
32
44
45
57
56
55
43
42
41
53
54
42
30
18
6
7
8
9
10
22
23
35
36
24
12
11
10
9
8
7
6
5
4
16
17
29
41
40
52
51
63
64
76
88
89
101
113
125
137
138
126
114
115
103
104
116
117
105
93
94
106
107
119
131
130
142
143
144
132
120
108
96
95
94
82
81
69
57
56
55
54
53
65
77
89
90
102
101
100
112
124
136
137
138
139
140
128
127
115
116
117
105
93
81
80
68
67
66
78
79
91
92
104
103
102
114
113
112
100
99
87
75
63
64
52
51
39
27
28
16
15
3
2
14
26
38
50
62
50
49
61
62
74
73
85
86
98
97
109
121
133
134
122
110
111
123
135
136
124
125
126
127
139
140
128
129
141
129
141
142
130
118
106
118
119
131
143
144
132
120
108
107
95
96
84
72
71
83
82
70
58
59
47
35
34
46
45
33
32
44
43
31
30
18
19
20
21
22
23
11
12
24
36
48
60
133
134
122
110
111
112
100
99
87
86
85
97
109
121
133
134
135
136
124
123
135
136
137
138
139
140
141
142
143
144
132
120
119
131
130
118
117
129
128
127
115
116
104
103
91
90
78
79
80
68
56
55
67
66
54
42
30
29
17
18
19
7
6
5
4
16
28
27
39
38
50
62
63
51
52
40
41
53
65
64
76
88
89
77
76
75
74
73
61
49
37
25
26
14
15
3
2
1
13
25
37
49
61
73
85
97
98
86
87
88
100
101
113
114
102
103
104
92
93
94
95
96
84
83
82
70
69
57
58
46
45
44
32
33
21
22
23
35
36
24
12
11
10
9
8
20
32
31
43
42
41
53
65
77
89
90
91
92
80
81
93
105
106
107
108
96
84
72
60
59
71
70
58
46
45
44
43
55
54
66
78
79
67
68
56
57
69
81
82
94
106
105
117
116
115
114
102
101
113
112
111
99
98
110
109
121
122
123
124
125
126
125
137
138
126
127
139
140
128
129
141
142
143
144
132
131
130
118
119
120
108
107
95
83
71
72
60
59
47
48
47
48
36
35
34
33
34
22
23
24
12
11
10
9
21
20
8
7
6
18
19
31
30
29
17
16
15
27
28
40
39
51
52
64
63
75
74
62
50
38
26
14
13
1
2
3
4
5
39
32
140
33
19
124
33
1
92
65
4
13
109
90
12
129
135
34
78
21
14
95
43
88
56
117
137
122
51
140
73
136
106
107
63
40
108
130
25
110
84
142
80
116
7
111
97
28
39
22
96
48
49
110
105
96
85
25
41
91
45
22
63
130
134
124
35
114
86
77
68
6
89
102
116
2
60
36
128
44
90
91
118
139
30
8
120
27
83
112
36
120
113
58
56
18
94
102
14
41
32
72
105
123
72
119
19
67
51
59
7
103
100
54
42
23
8
126
126
26
82
66
21
136
141
85
61
43
138
47
47
31
42
55
45
87
62
138
114
16
17
135
48
40
81
28
64
37
131
73
86
101
57
30
9
99
132
38
142
50
139
24
93
44
71
127
50
144
69
60
10
75
141
9
97
66
4
5
144
80
121
119
79
70
83
93
108
125
10
68
82
3
143
67
12
70
129
94
107
117
26
49
103
84
61
133
132
35
29
143
71
75
23
77
20
88
137
76
115
20
134
27
65
98
76
15
78
46
87
122
79
109
11
1
106
52
104
95
111
15
115
128
118
59
29
55
53
62
92
2
98
112
6
5
81
100
54
74
53
99
3
121
31
24
37
46
18
113
16
123
57
104
58
11
64
74
125
127
101
13
131
38
133
17
52
34
69
89
109
67
136
89
112
120
27
113
54
6
90
110
16
133
8
66
114
39
101
77
40
70
106
27
40
124
111
47
46
57
46
82
45
100
134
114
132
26
108
87
70
19
53
119
17
118
58
107
112
76
93
103
74
44
33
4
94
127
80
131
5
34
139
9
23
10
5
98
73
83
90
59
14
18
30
116
144
92
19
97
44
10
96
41
59
95
85
107
126
106
54
55
47
113
13
53
121
102
137
115
21
111
72
94
126
88
122
7
56
39
31
72
55
102
16
141
67
96
134
125
8
121
41
142
86
133
52
75
99
135
105
58
43
29
18
87
71
56
66
14
23
89
85
117
3
12
117
73
31
68
49
24
140
105
79
143
98
84
69
120
142
79
124
128
129
129
88
29
110
38
91
36
20
33
80
101
63
65
24
1
11
57
32
91
138
22
22
115
65
17
82
35
138
25
51
15
103
81
36
13
132
11
64
93
6
25
64
20
51
49
75
99
81
104
123
136
4
95
21
130
60
144
119
60
68
1
12
45
48
140
127
3
97
37
62
28
109
9
118
30
139
137
78
141
130
69
42
125
84
35
108
48
38
62
77
78
52
28
122
43
83
61
50
128
50
71
26
135
15
143
34
2
2
76
63
123
131
92
37
74
7
116
61
32
42
104
100
86
