##Rat 7 Day 41
 ##rewards
62
51
129
##Vertices
12
24
23
22
10
11
12
24
36
35
47
59
58
57
69
68
67
79
91
103
115
116
104
105
117
129
128
140
139
127
126
138
137
125
124
112
111
123
135
136
137
138
139
140
141
142
130
131
143
144
132
120
119
118
106
107
108
96
84
83
82
70
71
72
60
48
36
35
34
46
45
44
43
42
41
53
65
66
54
55
56
44
32
33
21
9
8
7
19
18
6
5
17
16
15
3
4
5
6
7
8
20
19
31
30
29
28
40
52
64
63
62
50
49
61
73
85
86
87
99
98
97
109
121
122
110
111
99
100
88
89
77
76
75
74
73
61
49
37
38
26
14
2
1
13
25
37
38
39
51
52
64
65
53
54
55
56
68
80
92
93
94
95
96
108
107
106
105
104
103
102
90
78
66
67
79
78
77
76
88
87
75
63
51
50
62
74
86
85
97
98
110
109
121
133
134
133
134
122
123
135
136
124
112
113
125
126
127
128
129
141
142
130
131
143
144
132
120
119
118
117
116
115
114
113
114
102
101
100
101
89
90
91
92
80
81
69
57
58
70
82
81
93
94
95
83
84
72
71
59
60
48
47
46
45
33
34
22
23
11
10
9
21
20
32
31
43
42
30
29
41
40
39
27
28
27
15
14
26
25
13
1
2
3
4
16
17
18
1
2
14
26
25
37
49
61
73
85
97
109
110
98
99
100
88
89
101
113
114
126
138
139
140
128
129
141
142
130
131
143
144
132
120
108
107
106
105
93
92
104
116
117
118
119
120
108
96
95
94
82
81
80
79
91
103
102
90
78
77
76
64
63
75
87
86
74
62
50
51
52
40
28
29
17
5
6
18
19
7
8
20
21
9
10
11
23
35
36
48
60
72
84
83
71
59
47
46
45
44
43
31
32
33
34
22
10
9
8
7
6
5
4
3
15
16
28
27
39
38
37
49
50
51
63
64
65
66
67
55
54
42
30
18
19
20
21
22
34
33
32
31
43
44
56
57
58
70
69
68
80
79
78
77
76
88
100
112
111
123
122
134
135
136
124
125
137
138
139
127
126
125
137
136
124
123
135
134
133
121
133
121
122
110
109
97
85
73
61
62
74
75
87
86
98
99
111
112
113
101
89
90
102
114
115
127
128
140
141
129
117
116
115
103
91
92
104
105
106
118
130
142
143
144
132
131
119
107
95
96
84
72
71
83
82
94
93
81
69
70
58
59
60
48
36
24
12
11
12
24
23
35
47
46
45
57
56
68
67
55
54
66
65
53
41
40
39
38
26
27
15
14
13
25
13
1
2
3
4
16
17
29
30
42
41
53
52
134
129
17
88
144
29
71
31
53
3
35
70
7
75
94
57
130
6
70
99
79
52
135
93
54
73
77
66
81
91
125
46
27
49
33
101
126
123
115
20
72
92
47
44
60
49
37
38
69
61
100
87
28
6
105
143
104
12
59
120
34
90
124
12
108
140
59
63
132
117
84
62
100
43
83
69
141
122
136
2
67
62
85
76
114
45
68
139
101
80
66
16
126
23
53
8
67
5
65
22
65
8
107
109
139
56
86
43
57
127
118
21
13
73
29
9
42
91
94
48
121
110
137
128
31
77
60
20
89
78
36
71
80
27
46
82
89
127
14
121
81
141
38
30
87
32
131
106
92
86
58
74
37
16
97
13
76
85
51
135
22
136
21
68
130
23
33
25
28
111
58
99
140
24
137
103
98
83
75
15
96
19
9
3
25
113
61
19
103
111
74
109
44
64
96
52
51
34
55
36
2
26
42
41
78
107
95
142
88
35
142
123
17
50
18
45
112
143
119
119
26
55
4
24
50
79
102
116
138
10
5
63
14
117
104
1
138
32
82
54
131
47
105
116
114
64
120
106
72
113
124
115
132
18
1
125
10
108
128
133
144
93
39
98
112
39
110
40
97
40
56
122
4
129
7
90
15
102
11
118
30
133
11
84
48
134
95
41
108
85
78
59
78
96
120
138
131
57
13
76
106
57
126
27
47
108
39
99
35
140
8
13
43
18
70
98
101
24
100
23
114
68
63
1
22
31
41
102
130
117
98
19
2
37
106
6
94
121
21
111
56
40
30
21
124
47
85
118
96
28
139
115
140
99
125
120
130
31
44
101
6
82
133
60
29
123
83
74
25
123
144
8
41
55
12
91
1
107
64
33
42
89
27
71
55
64
67
128
86
71
65
36
59
25
89
67
116
20
127
125
76
46
126
63
39
9
37
15
2
75
80
100
84
23
132
128
73
14
109
52
113
144
65
90
122
112
19
50
114
32
9
35
10
38
136
45
109
69
94
66
58
3
77
16
92
83
103
141
58
79
49
17
34
4
79
132
4
142
105
15
14
88
18
112
110
84
131
88
142
75
3
97
102
33
72
20
50
43
90
143
69
134
136
66
52
93
95
87
5
97
135
141
111
116
95
72
122
7
139
104
22
113
61
45
51
117
11
26
11
107
137
56
32
48
110
49
70
137
91
81
53
135
119
5
53
51
124
28
54
103
138
26
44
92
105
115
17
118
77
24
93
40
81
46
133
74
80
12
129
143
68
61
29
16
30
54
62
119
82
10
48
104
134
62
87
36
42
38
7
34
73
127
86
60
121
129
133
121
122
123
135
136
137
138
126
114
102
90
91
79
80
92
93
94
82
81
69
68
67
55
56
44
32
31
19
7
6
5
4
3
15
27
39
51
50
49
37
38
26
14
13
1
2
3
4
16
17
18
30
42
43
44
45
33
34
46
47
59
71
83
84
72
60
48
36
35
23
24
12
11
10
9
8
20
21
22
34
33
32
31
43
42
41
29
28
40
52
64
65
77
78
66
54
53
41
40
52
51
63
75
87
86
74
62
61
73
85
97
98
110
109
97
85
86
87
99
111
112
113
125
124
136
137
138
139
127
115
103
104
105
117
118
130
142
141
129
128
140
141
142
143
144
132
131
119
120
108
96
95
107
106
94
82
70
58
57
69
81
93
92
80
79
78
77
76
88
100
101
100
88
89
101
89
90
91
103
102
114
113
112
111
99
98
110
109
121
122
134
133
134
135
123
124
125
126
127
139
140
128
116
115
116
104
105
117
129
130
131
143
144
132
120
119
118
106
107
108
96
95
83
84
72
60
59
71
70
58
57
45
46
47
48
36
35
23
24
12
11
10
22
21
9
8
20
19
7
6
5
17
18
30
29
28
16
15
14
2
1
13
25
37
25
26
27
39
38
50
49
61
73
74
62
63
75
76
64
65
66
67
68
56
55
54
53
144
132
131
130
142
143
144
132
120
119
107
95
94
93
81
80
79
67
55
43
31
32
44
45
33
21
20
8
7
19
18
6
5
17
16
28
27
15
3
4
5
6
7
8
9
10
22
23
11
12
24
36
35
34
46
47
48
60
72
71
70
82
83
84
96
108
120
119
118
106
105
104
103
102
101
89
77
78
90
91
92
104
116
117
129
141
140
139
127
126
138
137
125
124
123
135
136
137
138
139
140
128
127
115
114
113
112
100
88
76
75
74
86
85
73
61
49
50
51
39
38
37
25
13
14
26
27
39
40
52
53
65
64
63
62
61
73
85
97
98
110
122
134
133
121
109
97
98
99
87
88
76
77
89
90
91
92
80
68
56
57
58
59
60
48
47
46
45
44
43
42
54
66
78
79
67
66
65
64
52
51
63
75
87
86
74
62
50
49
37
38
26
25
13
1
2
1
2
14
15
3
4
16
28
29
17
18
19
20
21
9
10
22
23
11
12
24
36
35
34
33
32
31
30
29
30
42
41
40
41
53
54
55
56
68
69
81
93
94
82
70
69
57
58
59
71
72
84
83
95
96
108
107
106
105
117
118
130
131
143
142
141
129
128
116
115
103
102
114
113
101
100
99
111
112
111
123
122
110
109
121
133
134
135
136
124
125
126
15
49
117
4
87
123
51
20
140
39
122
116
77
34
114
45
9
70
38
106
53
130
142
68
57
14
139
125
41
27
134
77
81
47
10
76
100
51
84
124
59
103
56
59
41
11
88
94
92
91
76
81
88
144
75
35
35
6
74
29
47
40
9
86
16
71
37
52
61
67
118
45
2
105
105
16
14
50
118
85
23
24
66
42
27
82
111
129
57
78
106
54
7
44
84
20
58
110
15
63
122
121
138
12
120
58
30
133
8
52
90
83
62
115
93
60
24
80
89
103
25
126
109
93
73
32
72
5
78
126
55
19
113
136
125
33
50
127
48
43
10
49
64
64
19
36
140
130
128
34
18
119
91
102
37
99
108
2
135
71
131
74
28
48
62
3
55
18
25
3
111
112
26
8
33
104
96
107
56
46
96
113
61
135
28
22
116
65
136
83
39
137
95
131
79
70
139
86
143
95
29
67
75
26
36
94
119
11
115
89
53
22
134
68
128
69
63
66
124
6
104
101
123
141
60
138
133
65
120
31
13
142
17
73
107
21
90
5
4
100
1
30
21
43
117
141
143
97
82
98
46
12
109
98
80
42
112
40
72
17
137
23
127
110
114
129
7
108
99
132
144
92
101
32
44
87
102
97
85
121
31
54
69
38
13
1
79
132
129
16
47
118
106
113
1
137
103
44
112
95
36
20
78
105
14
53
59
81
42
45
75
86
126
125
26
90
34
23
135
139
54
71
57
39
89
30
124
61
134
2
18
5
130
19
83
52
55
74
72
38
11
31
115
21
138
21
18
118
15
63
64
107
79
46
49
6
114
77
108
25
31
33
50
22
36
99
137
8
143
20
35
129
65
24
111
22
43
131
48
132
76
43
140
40
144
11
119
93
17
55
112
39
28
111
69
29
13
33
1
34
139
10
138
77
41
63
65
51
109
51
69
62
56
68
54
5
78
92
85
46
71
60
30
81
102
15
82
140
49
12
101
73
60
3
123
107
134
98
67
42
100
87
35
64
13
37
83
136
84
9
74
38
25
123
9
130
12
114
121
117
73
7
126
133
97
110
2
91
67
6
27
91
14
97
105
117
94
17
70
29
85
58
44
124
136
133
4
48
58
119
70
47
26
122
61
96
120
108
122
82
101
76
121
115
75
116
32
72
92
7
96
45
57
132
106
89
66
19
102
41
62
50
28
128
135
110
10
53
95
141
98
116
127
84
142
56
40
142
80
86
120
113
80
79
128
4
87
32
37
52
127
3
8
104
100
141
144
125
23
90
143
88
103
66
104
68
24
88
109
16
27
94
99
93
59
131
144
132
131
130
142
141
140
139
127
115
103
91
90
78
77
89
88
87
75
76
64
65
66
54
53
41
29
30
18
6
7
8
9
10
22
34
46
58
59
60
48
47
35
23
24
12
11
10
9
21
20
19
31
43
42
41
40
28
27
39
38
50
62
74
73
61
49
37
25
26
14
13
1
2
3
4
5
17
16
15
27
28
29
30
42
43
44
32
33
45
57
69
68
80
79
67
55
56
44
45
57
58
70
82
94
95
83
71
72
84
96
108
107
119
120
108
96
95
94
106
118
117
116
128
129
141
140
139
138
126
114
102
101
100
112
111
123
135
136
124
125
137
136
135
134
133
121
122
110
109
97
85
86
98
99
87
75
63
51
52
64
76
88
89
77
78
79
80
81
93
105
104
105
93
92
104
92
91
90
102
103
115
116
117
118
106
107
119
120
132
131
143
144
143
142
130
129
128
127
126
138
137
125
113
114
113
101
100
112
124
123
122
134
133
121
109
110
111
99
98
97
85
86
74
73
61
49
50
62
63
51
52
40
39
38
37
25
26
14
13
1
2
3
15
16
4
5
17
18
6
7
8
20
19
31
32
33
21
22
23
11
12
24
36
48
36
35
34
46
47
59
60
72
84
83
71
70
82
81
69
68
67
66
65
53
54
55
56
1
13
14
15
3
4
5
6
7
8
9
10
22
21
33
45
44
56
57
58
70
71
72
84
96
95
107
108
120
119
131
132
144
143
142
141
129
117
105
104
92
93
94
106
118
130
142
141
140
128
116
115
103
91
79
80
81
69
68
67
55
43
42
30
31
32
20
19
18
17
29
41
40
39
51
50
49
61
62
74
73
85
86
98
97
109
121
122
123
135
136
137
138
139
127
126
125
124
112
100
88
76
75
87
99
111
110
109
97
85
73
61
49
37
25
26
38
39
27
28
16
4
5
17
29
30
42
54
66
78
77
65
64
63
62
74
86
98
110
111
99
87
75
76
88
89
101
113
114
102
90
91
79
67
55
43
44
45
46
34
35
23
24
36
48
47
59
60
72
84
83
71
59
60
48
47
35
36
24
12
11
12
11
23
22
10
9
8
7
6
18
19
31
32
20
21
33
34
46
58
57
56
68
69
70
82
83
95
96
108
107
106
94
82
81
80
92
93
105
117
118
119
120
132
144
143
131
130
129
128
140
139
138
126
127
115
116
104
103
102
114
113
125
137
136
135
134
133
121
133
134
122
123
124
112
100
101
89
90
78
77
65
66
54
53
52
40
28
16
15
27
26
14
2
3
2
1
13
25
37
38
50
51
63
64
52
53
41
51
115
64
94
88
69
26
34
50
102
86
118
22
44
76
119
47
31
97
83
136
102
128
143
42
21
46
120
106
112
142
87
23
11
122
55
100
57
116
86
44
48
24
31
14
52
12
6
118
9
131
25
79
105
131
17
128
20
82
78
111
129
1
1
2
66
90
28
127
82
91
60
36
37
70
47
12
4
75
95
54
84
29
85
142
10
37
97
107
59
109
126
55
135
5
123
91
129
39
106
98
130
78
104
101
117
5
51
27
108
40
144
33
89
101
41
19
30
77
141
68
15
93
65
14
70
73
92
132
93
6
32
41
133
139
117
81
48
28
141
27
39
52
63
95
9
30
49
87
24
92
114
74
4
113
35
84
126
103
25
94
125
124
124
34
19
10
137
83
139
13
138
33
74
96
137
21
62
71
112
15
32
62
2
111
80
72
120
46
103
130
3
61
115
65
77
8
113
110
76
134
59
140
127
134
133
71
96
36
122
132
144
90
75
7
119
17
66
26
56
69
23
54
125
29
116
123
98
121
109
38
67
104
121
18
73
13
99
110
22
135
16
80
43
61
45
7
107
58
45
89
114
40
99
60
140
38
42
53
56
136
50
88
81
63
143
3
72
49
18
53
100
68
64
16
8
67
11
20
43
108
35
138
105
57
58
85
79
123
62
79
77
65
40
23
48
63
70
69
138
95
60
64
129
29
131
127
109
102
38
5
133
94
62
86
98
26
90
74
16
76
59
142
53
42
8
36
111
29
25
81
27
96
136
28
89
124
51
136
87
48
71
119
94
46
58
42
20
137
68
86
120
34
92
140
21
116
9
19
47
139
111
59
82
60
43
91
68
85
80
3
46
110
22
107
135
17
4
50
49
122
117
142
13
44
126
36
7
82
31
33
84
128
39
9
7
57
79
3
61
1
75
140
134
6
92
130
58
112
76
51
83
137
108
118
26
125
11
124
30
129
18
99
17
90
91
88
5
37
71
81
2
13
67
35
77
24
11
114
121
10
15
121
115
54
138
132
56
70
143
16
39
103
14
105
32
89
144
127
15
120
115
107
33
133
144
84
66
73
130
54
122
53
96
12
128
55
100
14
21
113
98
20
67
2
6
108
83
61
97
106
22
126
73
102
85
32
117
41
27
30
31
125
50
19
1
113
112
78
52
101
64
106
80
132
141
72
131
141
72
43
123
110
65
104
18
116
47
93
57
139
74
23
55
52
88
35
75
25
10
8
45
4
49
99
87
95
69
12
101
45
56
119
66
44
103
105
40
118
135
97
78
41
63
38
109
114
100
143
28
93
37
134
34
104
24
