##Rat 1 Day 34
 ##rewards
19
32
98
##Vertices
94
125
114
134
143
118
69
88
47
34
91
143
93
67
98
38
39
87
112
58
113
6
60
72
4
74
103
102
105
117
27
67
54
34
63
122
53
115
141
133
65
1
89
122
25
29
75
56
72
24
28
15
95
131
92
76
45
97
103
70
20
21
134
82
61
49
109
61
127
140
64
81
123
3
77
105
96
33
18
101
13
70
106
8
130
138
51
35
110
53
126
81
113
40
139
94
120
108
107
55
41
44
7
6
33
101
44
52
89
23
90
137
57
120
92
115
85
119
144
38
142
47
135
91
85
26
29
121
5
132
71
68
74
117
76
23
7
95
127
5
14
59
124
90
83
106
19
126
83
79
62
49
13
100
11
128
30
65
42
98
144
27
138
80
1
111
121
12
73
104
128
43
69
62
104
42
36
32
41
73
9
99
15
99
100
107
80
82
129
102
114
25
59
31
108
43
22
10
37
63
39
64
66
130
24
111
20
9
129
46
17
18
141
79
86
68
75
131
84
71
46
116
55
26
30
40
86
96
48
118
50
88
2
78
50
36
119
11
137
142
52
45
31
17
12
139
3
84
19
2
56
136
66
125
112
51
60
97
16
37
4
58
8
109
93
77
136
110
21
123
57
54
133
35
16
78
32
87
22
14
140
116
10
28
135
124
132
48
133
129
83
63
120
25
116
18
124
125
67
19
73
91
44
105
43
29
2
65
144
96
9
69
133
57
134
33
8
110
78
52
33
59
11
44
36
13
135
130
88
122
97
26
71
76
47
66
31
73
123
103
143
7
110
118
22
28
45
127
101
115
19
25
6
74
114
38
104
40
12
58
53
38
11
79
108
3
21
62
58
92
12
27
80
140
87
48
137
8
72
113
7
61
139
36
3
35
118
37
125
95
16
97
57
42
28
130
75
2
34
117
96
89
5
143
53
119
140
60
77
81
128
102
126
4
55
69
41
101
105
62
56
70
17
15
67
21
15
54
116
138
75
31
41
99
80
49
23
102
42
90
111
86
32
35
131
115
77
114
113
137
103
129
5
23
76
84
65
122
131
26
108
128
120
50
56
106
132
45
79
87
92
139
100
64
51
90
71
132
64
22
78
141
61
104
82
111
60
1
112
14
136
68
72
121
107
52
47
13
46
55
83
68
98
134
89
10
135
39
63
50
124
107
94
85
24
30
1
46
16
121
142
93
24
32
6
98
142
117
88
91
59
81
106
95
49
144
14
100
127
34
17
29
54
94
141
30
85
48
18
66
4
99
27
70
9
40
84
138
109
74
86
82
119
112
20
39
123
136
43
20
51
109
126
37
93
10
1
13
14
15
16
4
3
2
1
13
25
37
49
50
51
52
64
63
75
76
77
65
53
54
66
78
79
91
90
102
103
104
116
115
114
126
127
139
140
128
129
141
142
130
118
117
105
106
107
119
131
143
144
132
120
108
96
84
83
71
70
58
59
47
35
23
11
12
24
36
48
60
72
84
96
95
94
82
81
69
68
80
92
93
81
80
79
67
55
43
44
32
20
21
33
45
46
34
22
10
9
8
7
6
18
19
31
30
42
41
40
39
38
26
27
28
29
17
5
6
7
8
9
21
20
19
31
32
33
45
57
56
44
43
42
41
40
52
51
63
62
61
73
74
86
85
97
98
110
109
121
122
134
135
123
111
99
100
101
89
88
87
99
111
112
124
136
137
138
139
140
141
129
117
118
119
131
130
142
143
144
132
120
108
107
106
94
95
83
82
70
71
72
60
59
47
48
36
24
12
11
10
22
23
35
34
46
58
57
69
68
56
55
67
66
54
53
65
64
76
88
100
101
89
77
78
90
91
92
93
105
104
116
128
127
115
103
102
114
113
112
113
125
126
138
137
125
124
136
135
123
122
110
98
86
87
75
74
62
50
38
39
27
28
29
30
18
17
5
4
16
15
3
2
14
26
25
37
49
61
73
85
97
109
121
133
134
133
144
143
131
119
107
108
120
132
144
143
142
141
140
128
116
104
103
115
114
102
90
91
92
80
79
78
66
65
77
76
64
52
51
63
75
74
62
61
49
50
38
37
25
26
27
39
40
28
16
15
14
13
1
2
3
4
5
6
18
19
31
32
20
21
22
23
24
12
11
10
9
8
7
6
5
17
29
30
42
43
55
54
53
41
42
54
66
67
68
69
57
58
59
47
46
45
33
34
35
36
48
60
72
84
83
71
70
82
81
93
105
117
129
130
118
106
94
95
96
84
72
60
48
47
59
71
70
58
46
45
44
56
57
69
81
93
105
104
116
115
127
139
138
126
125
137
136
124
123
135
134
122
121
109
110
111
112
100
88
89
101
113
112
111
99
98
97
85
73
61
49
37
38
39
27
15
14
26
25
13
1
2
3
4
16
28
29
17
18
30
31
19
7
8
20
21
9
10
11
12
24
36
35
23
22
34
33
32
44
43
55
56
68
67
79
80
92
91
103
102
101
100
88
89
90
78
77
65
53
41
40
52
51
50
62
63
64
76
75
87
99
87
86
74
73
85
86
98
97
109
110
122
123
124
125
113
114
126
127
128
129
117
118
106
94
82
83
95
96
108
107
119
120
132
131
130
142
141
140
139
138
137
136
135
134
133
121
133
12
84
3
107
102
46
99
31
91
124
137
29
121
143
49
52
141
110
20
105
125
2
11
129
54
26
82
102
46
30
94
118
65
8
79
38
56
53
74
47
22
118
95
34
82
115
94
116
62
44
65
2
15
21
67
128
53
9
83
89
80
142
142
16
95
33
42
4
55
123
76
7
93
11
51
129
112
45
83
7
124
23
38
6
108
63
119
87
42
86
68
80
104
107
77
26
59
114
60
48
21
20
122
101
139
48
18
91
79
47
58
120
136
97
14
126
43
27
97
10
31
41
54
35
130
120
85
103
69
24
76
22
90
61
28
25
59
96
112
8
24
90
33
1
17
132
32
73
132
10
13
143
67
56
138
121
71
49
88
75
6
103
130
16
30
117
133
88
75
106
96
64
14
139
92
32
136
50
87
37
25
66
127
78
34
106
55
117
66
72
73
89
81
110
141
126
41
70
51
61
134
58
19
138
28
111
15
62
19
84
105
43
37
5
70
104
72
133
100
135
122
35
44
36
113
39
64
23
137
5
115
9
4
29
116
27
98
74
99
119
40
109
57
81
144
144
1
135
92
123
93
127
69
113
85
18
109
101
39
60
114
111
140
50
128
63
52
77
125
86
131
17
134
100
3
98
36
13
68
45
12
71
40
131
140
57
78
108
105
66
96
54
108
119
39
79
118
1
40
17
86
109
126
56
49
97
114
141
63
63
124
31
19
22
1
25
69
43
82
3
122
5
73
137
30
107
74
59
25
80
85
61
47
86
54
142
55
60
121
35
20
81
42
127
122
136
105
38
67
82
34
32
143
98
89
123
19
28
7
16
4
22
139
96
49
133
5
11
101
10
107
127
37
23
60
132
17
58
24
133
129
23
72
84
55
121
57
140
36
130
45
24
87
120
103
102
108
6
97
136
59
39
8
64
102
58
91
2
44
41
50
71
89
16
131
53
85
41
42
110
135
26
104
76
75
115
103
106
112
36
12
45
117
110
52
15
40
13
80
9
4
77
69
140
46
125
87
70
20
21
115
48
100
134
3
32
88
111
74
92
106
128
13
51
12
28
52
84
33
29
113
62
132
144
144
76
138
33
124
9
99
61
37
78
70
7
114
128
142
18
125
116
18
135
139
93
6
90
88
35
95
48
62
67
79
66
75
93
27
47
123
68
91
65
44
101
78
126
65
56
109
119
111
137
104
64
143
116
53
34
130
27
94
95
138
43
120
10
83
94
30
38
73
71
2
77
134
81
11
72
129
131
14
50
90
14
29
8
100
118
26
112
31
117
57
141
92
21
68
98
15
46
83
51
113
99
12
24
23
22
10
11
12
24
36
35
47
59
58
57
69
68
67
79
91
103
115
116
104
105
117
129
128
140
139
127
126
138
137
125
124
112
111
123
135
136
137
138
139
140
141
142
130
131
143
144
132
120
119
118
106
107
108
96
84
83
82
70
71
72
60
48
36
35
34
46
45
44
43
42
41
53
65
66
54
55
56
44
32
33
21
9
8
7
19
18
6
5
17
16
15
3
4
5
6
7
8
20
19
31
30
29
28
40
52
64
63
62
50
49
61
73
85
86
87
99
98
97
109
121
122
110
111
99
100
88
89
77
76
75
74
73
61
49
37
38
26
14
2
1
13
25
37
38
39
51
52
64
65
53
54
55
56
68
80
92
93
94
95
96
108
107
106
105
104
103
102
90
78
66
67
79
78
77
76
88
87
75
63
51
50
62
74
86
85
97
98
110
109
121
133
134
133
134
122
123
135
136
124
112
113
125
126
127
128
129
141
142
130
131
143
144
132
120
119
118
117
116
115
114
113
114
102
101
100
101
89
90
91
92
80
81
69
57
58
70
82
81
93
94
95
83
84
72
71
59
60
48
47
46
45
33
34
22
23
11
10
9
21
20
32
31
43
42
30
29
41
40
39
27
28
27
15
14
26
25
13
1
2
3
4
16
17
18
133
134
122
110
109
121
133
134
135
123
124
125
113
101
102
90
78
79
80
81
82
94
93
105
106
107
95
96
84
83
71
72
60
59
47
46
34
35
36
48
60
72
84
96
108
120
119
131
132
144
143
142
130
118
117
129
141
140
139
127
115
114
126
138
137
136
135
123
111
112
100
88
76
64
52
53
54
66
65
77
89
88
87
99
98
97
85
73
74
62
61
49
50
38
26
25
37
49
61
73
85
86
74
75
63
51
39
40
41
42
30
18
17
5
6
7
8
20
32
33
21
9
10
11
23
22
34
33
45
44
56
55
43
31
19
7
6
5
4
16
15
14
13
1
2
3
4
16
28
29
41
42
54
53
65
77
89
90
91
92
104
116
128
140
141
129
117
105
93
81
69
68
67
66
78
79
67
55
43
44
32
31
30
29
17
18
19
20
8
9
21
22
10
11
12
24
12
24
23
35
36
48
47
46
58
59
71
83
95
107
108
120
119
131
132
144
143
142
130
118
106
94
82
70
58
70
69
57
45
57
56
68
80
92
91
103
102
101
113
114
115
103
104
116
128
127
139
138
126
125
137
136
124
112
100
99
111
110
122
121
109
97
98
86
87
75
76
64
63
51
52
40
28
27
39
27
26
14
15
3
2
1
13
25
37
38
50
62
128
125
61
54
18
25
90
3
48
114
82
49
137
23
87
66
116
15
50
137
92
144
103
133
98
39
26
128
27
37
85
141
10
130
127
7
135
107
89
113
117
95
94
67
82
2
76
40
98
6
80
22
71
132
43
106
35
126
91
110
144
15
74
17
12
59
5
79
19
116
44
38
14
93
47
85
83
121
91
33
66
20
39
81
59
63
141
88
19
107
87
3
94
125
42
143
73
50
131
46
138
72
119
4
123
75
53
37
35
100
113
4
112
140
16
17
13
70
118
112
64
138
142
80
123
117
86
77
139
52
10
42
33
99
92
76
102
11
45
44
126
133
53
41
143
57
114
47
122
124
62
43
96
89
77
132
23
30
75
108
129
51
6
72
134
34
36
56
84
46
52
119
73
134
105
63
31
93
108
67
136
8
130
29
103
69
5
40
11
68
111
25
30
51
86
136
95
115
21
9
36
71
24
32
54
9
109
140
18
1
78
74
84
49
99
69
104
88
20
101
13
28
142
127
139
109
31
120
121
60
27
7
55
83
38
79
102
16
115
28
110
61
68
101
32
104
24
100
124
34
97
105
65
2
96
64
58
55
135
111
78
21
1
97
62
14
8
12
129
122
57
106
41
70
90
58
81
65
22
29
131
120
48
60
26
45
56
118
7
93
72
10
117
31
117
9
113
59
104
51
66
122
127
82
142
135
45
24
88
12
105
140
119
140
46
110
42
33
114
120
43
49
125
73
36
14
113
85
132
139
31
68
4
126
25
16
6
23
122
94
40
38
74
97
49
100
110
26
125
141
52
27
9
48
16
5
91
48
119
128
81
47
138
22
5
41
27
13
22
91
79
135
36
11
118
20
112
124
41
103
89
89
52
107
69
59
63
53
44
51
118
8
86
46
97
126
95
129
111
87
74
42
55
64
60
43
12
111
7
104
77
32
30
106
78
3
67
58
84
98
123
133
18
129
39
76
131
142
75
55
127
103
2
109
1
94
134
95
54
44
35
66
123
63
131
92
102
137
136
76
37
24
114
143
96
60
14
84
65
17
87
30
37
83
32
65
10
108
82
8
77
50
15
115
78
56
11
21
144
101
64
3
28
80
34
19
19
47
62
99
86
29
57
106
23
26
45
141
35
121
6
99
139
136
73
130
68
115
130
56
83
96
133
90
93
85
4
58
54
143
132
121
13
33
18
100
28
144
61
38
61
102
72
138
70
120
80
81
116
2
88
134
137
101
57
25
128
21
50
71
17
98
53
105
116
71
108
67
107
92
69
112
90
75
1
79
62
124
109
15
40
70
34
20
29
39
144
132
120
108
96
95
107
119
131
143
142
130
118
117
105
93
92
80
81
69
57
58
70
71
72
60
59
47
48
36
24
23
22
21
9
8
20
32
44
56
55
43
42
54
66
78
77
65
64
76
88
89
101
102
90
91
79
67
68
56
44
45
46
34
35
36
48
60
72
84
83
82
94
106
105
104
116
115
103
104
116
128
140
141
129
117
118
106
94
93
81
69
57
45
33
32
31
30
18
17
16
4
3
15
27
28
29
41
53
52
40
39
51
50
38
37
25
26
14
13
1
2
3
4
5
6
7
19
31
43
42
41
53
52
40
39
51
63
75
74
62
61
73
85
97
98
86
87
99
111
123
124
125
113
112
100
101
113
114
126
138
137
136
135
134
133
121
122
110
109
97
98
110
109
121
133
134
122
123
135
136
124
112
111
99
100
88
89
77
76
75
87
86
85
73
74
62
63
64
65
66
54
55
67
68
80
92
91
79
78
90
102
103
115
114
126
125
137
138
139
127
128
127
139
140
141
129
130
142
143
144
132
131
119
120
108
107
95
96
84
83
82
70
71
59
47
35
23
24
12
11
12
11
10
22
10
9
8
7
6
5
17
16
15
14
2
1
13
25
37
49
61
49
50
38
26
27
28
29
30
18
19
20
21
33
34
46
58
12
24
23
22
10
9
8
7
6
5
4
3
15
16
28
40
41
53
52
51
63
62
61
73
85
86
98
97
109
110
122
121
133
134
135
136
124
112
100
101
89
88
87
99
111
123
135
136
137
125
113
114
102
90
78
77
76
64
65
66
54
42
43
31
30
29
17
18
19
20
32
44
45
46
58
59
60
72
71
83
84
96
95
107
108
120
132
131
130
142
141
140
139
138
126
127
128
129
117
105
93
81
82
94
106
118
119
120
108
96
84
72
60
48
36
35
47
46
34
33
21
9
8
20
32
31
43
55
67
79
80
68
69
70
71
83
95
107
119
118
106
94
82
81
93
92
104
116
115
103
91
90
78
66
54
42
41
40
39
27
26
14
13
25
37
38
50
49
61
73
74
62
50
49
37
38
26
25
13
1
2
1
2
14
15
3
4
5
6
7
19
18
30
29
17
16
28
27
39
51
52
53
65
64
63
75
74
86
85
97
98
99
87
75
76
77
89
88
100
112
111
110
109
121
133
134
122
123
124
125
137
138
139
127
126
114
113
101
102
103
115
116
128
140
141
142
143
144
132
144
143
131
130
129
117
105
104
92
91
79
80
68
67
55
56
57
45
33
21
22
34
35
23
11
10
11
12
24
36
48
47
59
58
70
69
57
56
44
