##Rat 8 Day 42
 ##rewards
71
58
124
##Vertices
90
38
47
91
142
67
128
49
90
111
87
117
25
33
133
141
53
124
93
8
31
144
36
131
106
51
75
123
100
101
116
92
89
112
39
62
46
83
128
117
110
142
79
136
43
57
132
125
84
110
122
71
88
124
56
2
67
106
139
54
129
84
26
44
118
130
54
64
69
42
39
38
133
61
46
6
31
5
96
68
127
2
28
60
14
30
52
75
144
126
120
35
121
92
135
77
15
104
30
34
97
107
77
1
23
29
137
44
49
89
27
42
25
19
29
33
102
48
102
86
37
35
109
4
93
3
9
12
28
97
45
86
34
138
70
22
141
135
81
21
137
72
21
118
87
5
32
130
129
112
10
12
15
50
64
66
120
94
51
132
7
78
99
4
113
82
109
13
45
115
98
121
119
3
125
1
20
48
56
11
127
55
32
65
143
59
20
72
36
76
27
131
80
88
122
101
16
73
126
85
19
119
116
23
99
107
78
114
9
85
17
62
96
41
104
10
52
18
40
26
111
6
24
80
17
76
108
63
100
59
139
47
134
71
114
140
113
134
58
95
94
83
95
74
81
103
136
140
14
57
18
70
103
79
69
11
123
13
37
50
66
22
105
65
24
40
63
138
91
143
8
53
55
58
108
115
74
43
105
61
41
68
98
82
16
73
7
60
99
33
118
140
65
54
88
35
38
96
18
112
13
84
32
113
142
138
43
137
4
10
93
76
83
32
109
120
144
92
80
47
18
17
3
69
111
41
110
137
58
78
126
81
14
138
56
136
41
44
20
103
57
106
23
125
49
128
22
36
29
130
103
60
65
141
53
6
63
129
46
29
42
140
66
40
71
43
57
95
55
24
5
15
135
84
2
88
22
52
126
116
36
59
100
127
56
100
142
1
85
61
90
73
139
102
132
134
94
124
30
67
45
13
107
109
64
11
71
72
117
19
20
47
123
9
112
24
15
106
122
69
63
48
122
12
40
82
4
87
34
39
93
25
89
133
79
134
11
51
124
8
38
64
136
35
139
114
50
108
121
75
120
1
74
59
85
21
127
33
70
135
131
49
62
27
53
8
48
96
45
70
46
50
77
144
68
67
105
104
105
115
118
131
110
95
68
116
31
89
80
12
91
117
26
113
77
115
10
25
91
119
60
123
92
75
76
23
44
130
111
2
132
143
82
87
21
58
78
143
19
98
16
52
125
9
107
104
119
83
27
94
133
28
37
90
102
101
30
42
6
37
39
62
72
14
141
73
61
86
51
129
79
74
34
5
3
7
81
128
99
97
54
66
121
98
17
31
26
108
55
97
28
101
114
16
86
7
133
134
135
123
122
110
109
97
98
99
100
88
87
75
63
62
74
86
85
73
61
49
37
25
26
14
13
1
2
3
4
5
17
29
28
16
15
27
39
40
41
53
52
64
65
66
54
42
30
18
19
31
32
44
43
55
67
68
56
57
45
33
34
22
10
11
12
24
23
35
36
48
60
72
84
83
71
70
82
94
93
81
80
79
78
77
76
88
89
90
91
92
104
103
115
114
102
101
113
125
126
127
128
116
117
129
141
142
130
118
119
131
132
144
143
142
141
140
139
138
137
136
124
112
111
99
87
75
76
77
65
64
63
51
50
38
37
25
26
27
28
29
30
31
32
20
8
9
21
33
34
46
47
59
58
70
69
81
82
94
106
105
93
92
91
103
104
105
106
107
108
96
95
107
95
96
84
83
71
72
60
48
36
24
12
11
10
9
8
7
6
18
17
16
15
14
13
1
2
3
4
5
6
7
19
20
21
22
23
35
47
59
58
46
45
57
69
68
80
79
78
66
67
55
56
44
43
42
54
53
41
40
52
51
39
38
50
49
61
62
74
73
85
86
98
110
111
112
100
101
89
90
102
114
113
125
126
127
115
116
117
118
119
120
108
120
132
144
143
131
130
129
128
140
139
138
137
136
124
123
135
134
133
121
122
121
109
97
144
132
120
119
131
130
142
141
129
117
105
104
116
115
114
126
127
128
140
139
138
137
136
135
123
122
134
133
121
109
97
85
86
87
99
98
110
111
112
100
88
89
101
102
90
78
77
76
75
74
62
63
51
52
64
65
66
54
53
41
40
39
27
26
25
13
1
2
14
15
3
4
5
6
7
19
18
30
31
32
44
43
55
67
79
91
103
104
92
80
68
56
57
69
70
82
81
93
94
95
83
71
59
58
46
47
48
36
35
34
22
23
11
12
24
36
48
60
72
84
96
108
107
106
118
117
116
115
103
91
90
102
114
113
125
124
136
135
123
111
99
87
75
63
51
50
49
37
38
39
27
28
16
17
29
30
42
43
31
32
33
45
44
56
68
69
57
45
33
21
9
8
20
21
20
8
7
19
18
6
5
4
3
2
1
13
25
37
49
61
73
74
86
98
110
122
134
133
121
109
97
85
73
61
62
50
38
26
14
15
16
17
29
28
40
41
42
54
55
67
79
78
66
65
53
52
64
76
77
89
88
100
101
113
112
124
125
137
138
126
127
139
140
128
129
130
118
106
105
93
92
80
81
82
94
95
83
71
70
58
46
34
22
10
9
10
11
12
24
23
35
47
59
60
72
84
96
108
107
119
120
132
144
143
131
143
142
141
45
138
37
81
139
20
42
143
74
29
47
28
4
111
18
33
75
105
127
80
62
107
141
65
20
87
84
92
74
63
85
138
100
51
18
84
28
29
58
3
95
56
2
38
112
59
136
7
77
115
48
118
6
7
54
55
131
128
96
46
103
33
106
143
132
70
48
53
88
66
14
135
144
68
40
63
80
123
27
95
102
79
21
35
71
49
135
102
130
104
49
30
22
100
30
60
69
39
23
36
39
44
19
115
38
43
92
16
108
31
125
137
37
22
109
94
50
1
60
31
27
118
11
119
106
116
5
122
93
122
99
64
40
67
46
24
26
9
85
117
126
65
32
144
4
3
17
128
93
108
6
119
67
1
97
72
109
114
90
98
126
139
133
21
107
127
47
140
96
78
57
79
91
69
140
73
25
50
134
14
71
9
125
15
90
2
53
113
58
86
117
75
8
99
132
142
10
112
77
129
42
15
55
35
10
66
11
82
83
121
12
124
78
130
52
101
105
134
86
61
103
36
113
82
44
56
26
13
136
34
76
111
16
62
121
23
137
131
57
5
97
51
81
19
32
94
89
104
54
123
59
34
133
124
116
114
13
12
89
61
43
98
45
87
68
141
120
88
8
52
41
110
142
83
72
25
70
110
91
41
64
17
129
120
101
24
76
73
141
133
123
87
115
124
42
122
118
36
130
140
94
32
4
116
113
33
86
110
5
134
144
16
17
137
68
14
102
100
50
128
15
94
23
77
18
26
119
103
142
86
79
125
34
101
103
31
69
30
33
110
135
139
53
109
54
3
76
79
63
106
41
12
47
102
107
137
114
5
126
44
113
50
99
48
81
83
1
27
111
19
22
21
108
69
119
39
40
80
131
76
25
81
126
6
122
112
136
43
80
8
71
92
75
58
34
1
6
47
30
84
88
124
107
108
56
89
52
26
138
61
7
65
92
61
52
121
8
18
74
77
129
7
75
105
22
57
93
96
136
44
101
65
32
46
144
67
28
27
109
35
57
11
104
84
60
66
139
131
9
125
29
67
117
87
95
2
118
138
72
12
35
49
127
97
142
127
120
51
15
28
49
130
2
37
134
64
93
64
25
20
13
55
70
121
68
43
70
128
105
9
63
99
116
29
45
95
114
53
112
42
54
62
78
140
10
66
120
24
19
91
73
3
90
39
20
38
106
59
133
82
73
143
13
74
46
17
45
143
14
132
72
117
62
97
98
48
82
96
10
4
40
36
55
11
23
21
31
56
91
98
111
115
85
71
37
83
89
58
51
129
60
24
141
38
41
135
90
123
104
88
100
85
78
59
16
132
1
2
3
15
14
26
25
37
38
39
40
52
51
63
75
74
62
50
49
61
73
85
97
109
110
122
121
133
134
135
136
137
125
113
112
124
123
111
99
100
101
89
88
76
77
78
90
102
114
126
127
115
116
104
103
91
79
80
92
93
105
117
118
130
142
143
144
132
131
119
120
108
96
84
72
71
83
82
70
58
57
69
68
67
66
65
64
52
53
54
55
56
44
43
31
30
42
41
29
17
18
19
20
32
33
21
9
10
22
34
35
23
24
12
11
10
9
8
7
6
5
4
16
28
27
39
51
63
64
65
77
76
75
87
86
98
97
109
110
111
112
113
114
115
116
128
140
141
129
117
118
106
107
95
94
82
81
69
70
58
46
45
57
56
55
43
44
45
46
47
48
60
59
47
59
60
72
71
83
84
96
108
120
132
144
143
142
141
140
139
138
126
125
124
123
122
121
133
134
135
136
137
138
139
127
128
129
130
131
119
107
95
94
106
105
93
81
80
68
67
66
78
79
91
92
104
103
102
90
89
101
100
88
87
99
98
86
85
73
74
62
61
49
50
38
26
27
28
40
41
53
54
42
30
29
17
18
19
31
32
33
34
35
36
48
36
24
12
11
23
22
21
20
8
7
6
5
4
16
15
3
2
1
13
14
13
25
37
12
24
36
48
60
59
47
35
23
11
10
22
34
33
45
57
56
68
69
81
93
94
82
83
84
96
95
107
108
120
132
131
130
129
141
140
128
116
104
92
91
103
102
90
78
66
65
77
76
64
52
53
41
42
54
55
67
79
80
92
104
105
106
118
119
120
108
96
84
72
71
70
58
46
45
44
32
31
43
44
32
20
8
9
21
33
34
46
58
57
69
81
93
105
117
116
115
114
126
125
124
136
135
123
111
112
113
101
89
88
100
99
87
86
98
97
109
110
122
121
133
134
135
136
137
138
139
127
115
103
102
101
89
88
100
99
87
75
63
62
74
73
61
49
37
38
50
51
39
27
15
16
17
29
28
40
41
29
30
18
6
5
4
3
2
1
13
14
26
25
37
38
26
25
13
1
2
14
15
3
4
16
28
27
39
40
52
53
65
64
63
51
50
49
61
62
74
75
76
77
78
90
91
79
80
68
56
55
67
66
54
42
43
31
30
18
17
5
6
7
19
20
19
7
8
9
21
22
10
11
12
24
23
35
36
48
47
59
60
72
71
70
82
83
95
107
119
131
132
144
143
144
143
142
130
142
141
140
139
138
137
125
124
123
122
134
133
121
109
97
85
73
85
86
98
110
111
112
113
114
126
127
128
129
117
118
106
94
108
136
8
103
82
112
17
59
39
26
72
45
54
77
76
94
79
77
139
93
6
68
44
55
144
63
107
46
65
86
41
52
44
87
138
105
71
97
104
102
81
124
97
123
135
10
96
17
70
22
111
3
133
105
113
132
20
68
114
21
61
11
144
66
129
78
96
71
75
94
54
15
33
34
57
64
33
91
134
47
142
51
41
45
100
117
38
61
38
125
122
59
70
16
115
108
115
113
143
60
24
35
4
74
67
62
18
58
126
128
84
90
6
34
89
119
92
3
133
39
36
125
5
14
27
14
129
95
141
126
107
13
23
100
24
7
135
120
10
40
119
40
53
56
48
90
75
116
130
80
64
52
9
15
118
134
110
106
132
106
57
25
83
2
85
49
103
32
112
136
7
37
104
93
81
16
79
30
1
66
32
36
76
117
22
28
101
95
78
102
62
67
53
65
42
140
31
80
55
128
35
25
51
56
13
9
19
50
137
87
69
73
141
30
46
137
92
122
99
58
18
4
29
109
69
131
124
123
111
28
8
140
37
130
1
120
127
98
139
19
12
131
73
72
74
121
110
89
42
127
43
43
48
85
86
26
29
118
2
138
116
20
82
12
88
49
60
63
99
27
143
109
21
50
31
121
142
83
98
88
11
114
84
91
23
47
101
5
33
8
84
90
53
71
113
5
71
63
67
124
13
52
48
91
80
95
130
119
82
51
103
110
38
4
15
103
25
105
101
127
28
47
3
100
104
76
61
108
138
107
70
16
46
2
125
43
58
55
129
72
11
114
64
55
37
85
33
79
34
92
6
72
69
101
109
58
135
97
30
109
32
94
2
11
59
44
54
50
23
86
9
144
39
4
13
136
123
14
63
140
83
68
20
17
144
104
56
143
6
57
61
107
113
142
89
41
122
143
81
139
88
50
102
118
18
42
93
40
45
65
62
1
111
99
12
121
74
112
64
102
84
125
133
27
68
87
19
66
10
15
66
134
121
100
78
77
136
128
96
79
31
29
114
137
36
131
91
23
43
38
26
112
14
52
40
22
48
35
39
134
21
59
93
77
120
141
126
75
76
7
34
110
17
56
31
81
80
99
46
111
137
139
18
37
141
89
88
130
35
87
42
26
117
83
49
74
124
10
9
86
127
54
41
120
132
53
30
62
69
73
129
27
123
92
140
16
70
95
36
96
116
118
65
12
78
24
47
82
51
32
45
21
90
24
25
75
8
105
132
142
1
85
5
108
49
60
135
126
22
116
94
119
106
57
122
29
28
97
73
67
3
98
19
60
106
133
7
44
117
115
131
138
98
128
115
20
133
134
135
136
137
125
124
112
111
99
100
101
102
103
115
116
104
92
91
79
80
68
69
81
82
70
71
72
84
96
95
83
82
94
93
105
117
129
128
140
141
142
143
144
132
131
119
120
108
107
106
118
130
142
141
140
139
127
126
114
113
112
111
123
122
110
109
97
85
73
74
75
87
88
89
77
78
90
91
92
93
94
106
105
104
103
102
101
100
99
98
86
85
73
61
62
63
64
65
53
41
29
28
40
39
38
37
25
13
14
15
27
26
25
37
49
50
51
52
40
28
16
4
5
6
18
30
42
54
55
56
57
58
59
60
48
36
24
12
11
10
9
21
20
8
7
19
31
43
44
45
33
32
44
45
46
34
22
23
35
47
46
34
33
32
31
43
55
67
66
54
53
65
66
67
68
56
57
58
70
69
81
80
79
78
90
89
88
87
86
74
75
76
77
76
64
52
51
63
62
61
49
50
38
39
27
26
14
15
3
2
1
13
1
2
3
4
5
17
16
17
29
41
42
30
18
6
7
19
20
8
9
21
22
10
11
12
24
23
35
36
48
47
59
60
72
71
83
84
96
95
107
108
120
132
144
143
131
119
118
130
129
117
116
128
127
115
114
113
125
126
138
139
138
137
136
124
123
135
134
122
110
98
97
109
121
133
121
12
24
36
35
34
33
21
20
19
18
6
7
8
9
10
22
23
11
10
9
8
7
19
31
32
44
43
55
54
66
65
77
89
90
91
79
67
68
69
70
82
94
95
83
84
96
108
120
119
118
106
107
108
96
84
72
60
48
47
46
58
59
71
70
58
57
45
44
56
55
67
66
78
77
76
64
52
40
41
29
17
16
28
27
15
14
26
38
37
49
50
51
63
62
61
73
74
86
87
88
100
99
111
123
135
134
133
121
122
110
109
97
85
73
61
49
37
25
13
1
2
3
4
5
6
18
30
42
54
53
65
64
76
75
87
88
100
112
124
125
126
114
113
101
102
103
115
127
139
140
128
116
104
92
80
81
93
105
117
129
130
131
132
144
143
142
141
140
139
138
137
138
126
127
115
116
128
129
141
142
130
131
143
144
132
120
119
107
106
118
117
105
93
94
95
83
82
81
69
57
56
68
80
92
104
103
91
79
78
90
89
101
102
114
113
125
137
136
135
136
124
112
111
123
122
134
133
121
109
110
98
99
98
97
85
86
74
75
63
62
50
38
39
27
15
14
26
25
13
1
2
3
4
5
17
16
28
40
39
51
52
53
41
29
30
42
43
31
32
33
45
46
34
35
47
59
71
72
60
48
36
24
12
11
23
22
21
20
