##Rat 2 Day 1
 ##rewards
18
29
107
##Vertices
12
24
23
22
10
9
8
7
19
31
43
55
54
66
65
53
52
51
63
64
76
77
78
90
89
101
113
114
126
138
139
140
141
142
130
118
106
94
95
96
108
107
119
131
132
144
143
142
141
129
128
127
115
103
102
101
100
112
111
99
98
86
74
62
61
73
85
97
109
110
122
121
133
134
135
136
137
125
124
123
111
112
113
114
102
103
104
116
117
105
93
81
80
68
67
79
91
92
104
105
93
94
82
70
58
59
71
83
84
72
60
48
47
35
36
48
60
59
58
46
34
33
32
20
21
9
8
7
6
18
30
42
41
40
28
27
15
3
4
16
17
5
4
3
2
1
13
14
26
25
37
49
50
38
39
51
63
75
87
88
76
64
52
53
65
66
67
68
69
57
45
44
45
57
56
44
56
55
54
42
43
31
32
33
34
46
47
35
36
24
23
11
12
11
10
22
21
20
19
18
6
5
17
29
30
29
41
40
28
16
15
14
2
1
13
25
26
27
39
38
37
49
50
62
61
73
85
86
74
75
87
88
100
99
98
97
109
110
122
121
133
134
135
123
124
136
137
125
126
138
139
140
128
127
115
116
117
129
130
131
143
144
132
120
108
120
119
118
106
107
95
96
84
72
71
83
82
70
69
81
80
79
78
77
89
90
91
92
1
13
14
15
3
4
5
6
18
30
42
54
55
67
68
56
57
58
70
69
81
80
79
91
92
104
116
115
127
139
138
137
136
135
123
111
99
87
86
85
97
98
110
122
121
133
134
135
136
124
125
126
114
102
103
104
105
117
118
106
107
95
83
71
72
84
96
108
120
119
131
132
144
143
142
141
140
128
129
130
118
117
116
115
103
102
101
113
112
100
88
76
77
65
66
78
90
89
101
100
88
87
75
63
51
50
62
74
73
61
49
37
38
26
25
37
49
50
51
39
27
28
29
17
16
4
5
6
7
19
31
43
44
45
33
34
22
10
9
21
20
8
9
10
11
12
24
23
35
36
48
60
59
47
46
58
70
82
94
93
81
69
57
56
68
67
66
65
64
52
40
41
40
52
53
41
53
54
55
43
42
30
29
28
27
39
38
26
25
13
14
2
1
2
3
15
16
17
18
19
7
8
20
32
31
32
44
45
33
21
22
23
11
12
24
36
35
34
46
47
48
60
59
71
72
84
96
95
83
82
94
93
105
106
107
108
120
119
131
132
144
143
142
130
129
141
140
128
127
139
138
137
125
126
114
113
112
124
123
122
134
133
121
109
97
109
110
111
99
98
86
85
73
61
62
74
75
63
64
76
77
78
79
80
92
91
90
89
68
18
22
5
83
78
10
130
37
104
111
98
140
120
74
47
114
124
7
24
87
6
5
17
46
136
4
94
129
20
98
45
41
68
20
96
16
9
24
105
86
34
134
83
102
80
140
137
33
43
105
93
106
79
45
58
115
128
1
114
135
61
144
21
48
138
9
52
135
92
10
12
86
89
116
124
82
21
130
8
76
30
81
23
16
127
80
133
57
121
56
109
78
103
56
94
42
60
22
35
143
101
75
48
110
82
49
115
104
50
51
131
142
62
38
93
41
97
14
133
85
91
13
59
26
61
69
53
123
47
4
99
70
54
30
2
27
29
62
106
64
42
144
71
39
44
100
64
75
73
57
119
63
113
27
72
19
73
136
33
67
31
43
125
35
113
91
112
88
1
112
117
36
138
13
25
85
88
40
96
7
49
128
142
97
34
116
63
122
23
76
109
32
72
95
60
37
111
17
95
25
139
38
71
55
129
121
3
125
31
108
66
11
59
126
134
118
101
77
141
51
70
100
19
108
103
11
120
6
84
65
67
28
46
110
26
32
77
55
36
122
102
126
84
54
141
117
58
66
123
15
39
90
139
127
107
65
107
87
132
89
132
29
119
131
8
50
99
79
18
74
12
14
81
69
118
44
52
137
2
90
15
28
143
40
92
53
3
51
117
114
90
130
2
136
91
20
11
96
4
56
73
5
108
136
74
116
6
121
84
94
23
144
98
125
35
122
67
17
100
131
21
123
102
53
44
75
143
35
19
46
60
126
18
78
18
83
120
66
12
86
105
47
89
69
57
62
108
101
117
49
103
134
142
5
24
129
36
10
15
14
34
4
11
137
14
129
24
119
85
83
98
39
112
31
47
95
70
132
22
89
71
142
72
79
41
92
81
84
6
120
78
137
141
82
128
131
30
23
135
32
46
42
54
8
68
58
25
1
68
123
130
107
100
88
80
113
45
71
101
59
27
76
127
138
31
86
33
121
64
65
26
37
64
104
128
40
9
69
102
93
144
27
13
88
37
106
16
25
22
139
76
62
96
40
13
43
61
118
3
51
67
55
126
81
38
97
66
90
50
10
7
52
133
2
16
119
99
21
58
110
115
138
53
87
114
12
133
44
80
82
140
106
72
17
93
141
109
87
45
43
99
36
9
122
95
74
61
91
125
103
127
111
112
105
48
109
32
34
92
65
111
49
33
124
110
118
139
116
39
132
70
28
48
20
143
124
38
30
57
79
29
75
59
134
77
63
42
63
135
73
115
15
104
19
7
77
94
29
85
52
56
107
60
54
8
140
1
28
41
3
50
55
113
26
97
144
132
120
119
131
130
142
141
129
117
105
104
116
115
114
126
127
128
140
139
138
137
136
135
123
122
134
133
121
109
97
85
86
87
99
98
110
111
112
100
88
89
101
102
90
78
77
76
75
74
62
63
51
52
64
65
66
54
53
41
40
39
27
26
25
13
1
2
14
15
3
4
5
6
7
19
18
30
31
32
44
43
55
67
79
91
103
104
92
80
68
56
57
69
70
82
81
93
94
95
83
71
59
58
46
47
48
36
35
34
22
23
11
12
24
36
48
60
72
84
96
108
107
106
118
117
116
115
103
91
90
102
114
113
125
124
136
135
123
111
99
87
75
63
51
50
49
37
38
39
27
28
16
17
29
30
42
43
31
32
33
45
44
56
68
69
57
45
33
21
9
8
20
21
20
8
7
19
18
6
5
4
3
2
1
13
25
37
49
61
73
74
86
98
110
122
134
133
121
109
97
85
73
61
62
50
38
26
14
15
16
17
29
28
40
41
42
54
55
67
79
78
66
65
53
52
64
76
77
89
88
100
101
113
112
124
125
137
138
126
127
139
140
128
129
130
118
106
105
93
92
80
81
82
94
95
83
71
70
58
46
34
22
10
9
10
11
12
24
23
35
47
59
60
72
84
96
108
107
119
120
132
144
143
131
143
142
141
133
134
122
110
109
121
133
134
135
123
124
125
113
101
102
90
78
79
80
81
82
94
93
105
106
107
95
96
84
83
71
72
60
59
47
46
34
35
36
48
60
72
84
96
108
120
119
131
132
144
143
142
130
118
117
129
141
140
139
127
115
114
126
138
137
136
135
123
111
112
100
88
76
64
52
53
54
66
65
77
89
88
87
99
98
97
85
73
74
62
61
49
50
38
26
25
37
49
61
73
85
86
74
75
63
51
39
40
41
42
30
18
17
5
6
7
8
20
32
33
21
9
10
11
23
22
34
33
45
44
56
55
43
31
19
7
6
5
4
16
15
14
13
1
2
3
4
16
28
29
41
42
54
53
65
77
89
90
91
92
104
116
128
140
141
129
117
105
93
81
69
68
67
66
78
79
67
55
43
44
32
31
30
29
17
18
19
20
8
9
21
22
10
11
12
24
12
24
23
35
36
48
47
46
58
59
71
83
95
107
108
120
119
131
132
144
143
142
130
118
106
94
82
70
58
70
69
57
45
57
56
68
80
92
91
103
102
101
113
114
115
103
104
116
128
127
139
138
126
125
137
136
124
112
100
99
111
110
122
121
109
97
98
86
87
75
76
64
63
51
52
40
28
27
39
27
26
14
15
3
2
1
13
25
37
38
50
62
119
103
30
4
68
11
122
24
94
130
108
80
100
87
22
98
135
95
119
96
28
25
38
36
2
99
20
65
22
100
87
79
31
126
32
102
54
126
64
40
120
72
6
140
99
136
29
66
18
121
120
14
88
76
95
50
112
44
21
115
136
111
2
107
130
26
116
79
42
80
35
35
57
18
129
50
138
96
73
75
127
137
45
133
36
133
98
10
25
113
32
59
89
56
12
143
16
78
62
10
143
114
39
74
71
125
21
20
74
40
70
62
109
33
123
104
49
69
125
127
101
118
55
142
43
140
28
106
134
30
83
110
58
27
121
15
11
64
116
102
76
117
5
1
8
69
48
86
9
92
43
137
142
105
63
34
3
3
46
41
61
97
7
24
135
144
4
81
82
67
134
85
107
60
29
1
33
113
111
110
65
53
94
77
53
123
139
109
23
124
81
14
93
51
101
9
56
15
37
26
58
7
144
37
88
141
77
55
59
47
38
42
23
138
122
78
103
92
97
72
114
124
89
60
128
47
49
139
41
91
71
82
117
51
141
68
131
17
83
46
31
132
13
84
19
16
19
91
85
61
93
67
44
104
17
52
39
105
45
112
52
106
54
5
118
132
90
128
75
84
6
8
70
63
66
86
12
73
108
48
27
90
34
13
129
115
131
57
5
135
110
82
115
22
106
131
100
13
65
55
74
22
28
118
16
1
34
25
73
98
95
123
112
103
72
105
120
63
26
70
101
131
141
49
60
26
114
51
90
93
92
87
35
13
43
31
10
107
38
144
64
20
107
12
96
104
135
88
58
4
59
102
80
125
86
86
99
2
105
123
48
115
24
137
52
85
67
8
91
113
66
126
23
109
104
143
57
18
111
90
69
97
87
58
6
70
65
12
98
127
102
39
61
84
17
91
11
20
109
71
2
128
75
1
138
133
141
37
134
21
140
41
9
50
46
16
139
34
14
66
64
49
68
110
7
88
53
99
11
79
117
29
4
24
117
31
79
41
97
48
96
45
40
85
108
124
126
78
137
121
9
118
122
56
53
27
45
120
124
142
119
32
78
33
132
54
50
33
116
128
3
80
42
89
121
62
77
94
36
55
71
39
60
25
81
83
30
84
68
46
43
100
10
61
130
14
29
75
3
74
40
114
95
17
125
122
51
28
129
19
76
15
30
140
89
136
139
112
92
57
63
47
106
133
23
93
36
52
144
5
82
134
56
54
101
108
111
138
47
83
77
69
32
37
15
8
7
81
143
38
6
44
44
42
103
35
116
136
119
127
113
132
130
76
19
21
18
27
59
142
62
72
94
129
73
67
1
2
3
4
5
17
16
15
14
13
25
26
27
39
40
41
53
54
42
43
44
32
31
19
7
8
20
21
9
10
11
23
35
47
48
60
59
58
57
56
68
69
81
80
79
78
90
91
103
102
101
89
88
76
77
65
66
67
55
56
57
45
33
34
22
10
9
8
7
6
18
30
29
28
40
52
51
63
64
52
51
50
49
37
38
39
27
28
29
41
42
43
44
45
46
58
70
82
83
95
107
108
120
119
118
106
94
93
92
104
105
117
116
128
129
141
142
130
131
143
144
132
120
108
96
84
72
71
70
69
81
93
92
104
105
117
116
115
114
126
127
139
138
137
136
124
125
113
112
111
110
98
86
87
99
100
88
87
75
74
73
85
97
109
121
133
134
122
123
135
136
124
123
135
134
133
121
122
110
109
97
98
99
111
112
100
101
89
90
102
114
113
125
137
138
126
127
115
103
91
79
80
68
67
55
54
53
65
66
78
77
76
64
63
75
74
86
85
73
61
62
50
62
61
49
37
38
26
25
13
1
2
14
15
3
4
16
17
5
6
18
30
31
19
20
21
22
23
11
12
24
12
24
36
35
36
48
60
72
84
96
95
107
119
131
132
144
143
142
141
140
139
140
128
129
130
118
106
94
82
83
71
59
47
46
34
33
32
133
121
109
110
122
123
135
136
124
112
100
101
113
114
115
127
126
125
137
138
139
140
141
142
130
131
143
144
132
120
108
96
95
94
106
107
119
118
117
105
93
92
104
103
91
79
80
81
82
83
71
70
58
57
69
68
67
55
56
44
45
46
34
35
36
24
12
11
23
22
10
9
8
7
6
18
19
31
30
29
41
42
54
66
78
90
102
101
89
77
65
53
52
64
63
75
76
88
87
86
74
62
50
51
39
38
37
25
26
27
15
14
2
1
13
25
37
49
61
73
85
97
98
99
111
112
113
114
102
90
91
103
115
116
128
129
141
142
130
118
106
94
82
70
58
59
60
48
47
46
34
33
21
20
32
31
43
42
30
29
28
40
41
53
65
64
52
40
28
16
4
5
17
16
17
5
6
18
19
7
8
9
10
11
12
24
36
48
60
72
84
83
95
107
119
131
143
144
132
120
108
96
84
72
71
59
47
35
23
22
21
20
32
33
45
44
43
55
54
66
78
79
67
68
56
57
69
81
80
92
93
105
104
116
117
129
128
140
139
127
126
138
137
125
124
123
111
99
100
88
89
77
76
75
87
86
74
62
63
51
39
27
15
3
4
3
2
1
13
14
26
38
50
49
61
73
85
97
98
110
109
121
133
134
122
134
135
136
54
49
89
131
18
53
134
20
18
3
95
8
110
119
98
141
66
133
108
70
129
5
96
61
137
112
13
44
16
83
137
56
37
105
87
11
144
46
31
104
113
27
130
72
71
17
19
37
60
114
24
52
132
25
127
116
63
94
75
125
84
78
117
97
46
92
81
67
87
127
109
103
79
12
28
77
121
30
7
59
68
139
10
58
51
4
24
34
20
42
128
79
104
23
68
7
113
121
109
92
14
13
88
91
74
49
57
5
66
132
91
48
26
33
35
16
60
100
96
62
12
28
65
74
120
34
142
116
138
54
42
86
73
73
15
1
80
36
21
50
95
89
56
136
90
106
82
143
85
97
22
105
141
118
3
51
62
99
98
61
40
55
47
140
120
67
93
107
41
22
65
26
36
123
107
124
52
80
39
139
144
75
21
23
108
45
128
88
126
48
82
43
9
130
71
143
17
100
32
81
123
134
76
6
112
76
124
101
136
85
115
111
101
102
1
102
77
2
6
38
9
45
59
10
133
125
43
126
90
106
129
122
29
53
58
63
84
83
4
111
69
35
47
19
119
50
14
122
39
99
41
32
72
70
40
115
118
103
135
138
38
117
27
142
30
8
93
64
25
31
2
140
29
44
86
15
94
55
114
78
33
110
135
64
11
131
69
57
52
35
96
45
53
144
56
57
115
9
22
124
122
132
127
88
49
90
137
17
48
134
110
122
7
72
52
117
32
85
3
98
133
107
101
21
55
13
46
121
76
37
109
9
30
111
97
102
6
50
36
81
74
93
121
24
3
78
26
18
57
17
2
50
59
139
53
34
39
70
116
79
44
91
87
60
120
39
54
139
113
125
142
87
61
141
143
51
41
78
25
126
8
89
86
106
25
4
31
37
95
108
116
106
15
105
94
83
81
49
100
103
134
68
101
114
83
29
98
133
29
30
111
36
33
128
61
54
19
32
65
18
115
40
2
19
129
23
16
79
7
33
51
27
40
138
126
73
27
55
20
132
43
131
105
143
69
104
63
28
89
94
108
112
97
84
107
88
59
31
99
80
11
68
86
56
130
4
117
131
137
96
46
123
47
48
12
140
124
41
44
93
22
118
84
82
136
63
104
142
14
64
60
77
125
35
14
90
119
99
141
58
103
136
75
62
82
100
113
80
110
112
64
73
62
24
38
123
10
109
34
76
42
91
72
12
144
15
92
65
135
75
20
138
13
128
140
5
1
6
5
119
66
71
92
67
114
67
47
38
69
74
66
42
71
135
120
16
43
10
118
26
1
95
8
85
11
28
129
70
45
21
23
130
77
58
102
127
