##Rat 6 Day 42
 ##rewards
83
94
16
##Vertices
54
98
107
55
10
79
20
85
54
27
51
33
109
117
1
9
89
16
57
140
115
12
120
23
46
87
63
15
40
41
32
56
53
28
99
74
106
71
20
33
26
10
67
4
103
93
24
17
72
26
14
83
52
16
92
134
79
46
7
90
21
72
110
104
34
22
90
76
81
102
99
98
1
73
106
138
115
137
60
80
19
134
112
96
122
114
88
63
12
18
36
119
13
56
3
65
123
44
114
118
37
47
65
133
131
113
5
104
85
53
111
102
109
127
113
117
42
108
42
50
97
119
25
136
57
135
141
144
112
37
105
50
118
6
82
130
9
3
69
129
5
84
129
34
51
137
116
22
21
28
142
144
123
86
76
78
36
58
87
24
139
66
39
136
29
70
25
121
105
31
38
13
35
135
17
133
128
108
92
143
19
91
116
77
11
95
128
84
120
64
111
23
68
52
14
41
124
61
18
49
127
35
32
131
39
47
66
30
141
49
125
74
60
101
44
142
88
126
100
110
27
138
132
68
125
64
48
75
40
95
7
107
2
83
30
8
29
2
94
59
58
71
59
62
69
43
4
8
122
93
126
82
43
67
81
143
15
121
97
86
78
130
45
77
132
100
75
6
55
11
140
89
91
94
48
31
62
103
45
73
101
80
38
70
124
61
139
96
39
117
34
8
77
90
52
119
98
60
126
28
121
72
116
29
10
6
103
5
136
142
57
64
71
116
25
36
12
56
68
107
126
125
135
81
27
101
26
5
94
66
18
69
122
6
92
4
101
104
128
43
93
46
131
17
85
20
130
120
113
22
43
96
77
9
89
138
75
21
106
113
102
8
78
100
83
103
93
59
91
132
137
123
3
72
134
52
130
88
18
32
120
95
40
19
92
40
10
133
49
73
54
61
7
42
24
2
58
16
114
79
105
121
47
25
76
143
83
84
33
127
128
107
15
141
28
132
123
46
14
81
75
108
14
144
100
70
136
51
118
99
57
109
53
1
67
2
143
87
16
140
98
76
4
119
7
30
86
48
13
63
36
133
62
95
49
129
19
117
82
3
23
85
74
111
89
140
108
60
105
82
106
86
65
12
80
79
45
44
45
31
34
23
26
59
80
32
115
53
68
144
55
33
110
29
65
31
142
109
55
35
96
15
56
63
64
131
104
22
27
134
24
11
70
51
129
94
66
11
127
38
124
88
17
141
47
44
35
71
111
58
1
112
97
54
42
41
114
102
138
97
99
74
84
122
9
61
73
50
87
21
67
62
118
137
135
139
69
20
39
37
90
78
13
38
125
115
110
48
91
37
112
41
30
124
50
139
1
2
3
15
14
26
25
37
38
39
40
52
51
63
75
74
62
50
49
61
73
85
97
109
110
122
121
133
134
135
136
137
125
113
112
124
123
111
99
100
101
89
88
76
77
78
90
102
114
126
127
115
116
104
103
91
79
80
92
93
105
117
118
130
142
143
144
132
131
119
120
108
96
84
72
71
83
82
70
58
57
69
68
67
66
65
64
52
53
54
55
56
44
43
31
30
42
41
29
17
18
19
20
32
33
21
9
10
22
34
35
23
24
12
11
10
9
8
7
6
5
4
16
28
27
39
51
63
64
65
77
76
75
87
86
98
97
109
110
111
112
113
114
115
116
128
140
141
129
117
118
106
107
95
94
82
81
69
70
58
46
45
57
56
55
43
44
45
46
47
48
60
59
47
59
60
72
71
83
84
96
108
120
132
144
143
142
141
140
139
138
126
125
124
123
122
121
133
134
135
136
137
138
139
127
128
129
130
131
119
107
95
94
106
105
93
81
80
68
67
66
78
79
91
92
104
103
102
90
89
101
100
88
87
99
98
86
85
73
74
62
61
49
50
38
26
27
28
40
41
53
54
42
30
29
17
18
19
31
32
33
34
35
36
48
36
24
12
11
23
22
21
20
8
7
6
5
4
16
15
3
2
1
13
14
13
25
37
12
24
36
35
23
22
10
9
21
33
45
44
32
31
30
18
19
20
8
7
6
5
4
3
15
14
2
1
13
25
37
49
50
51
39
38
26
27
28
40
52
53
41
42
54
66
65
64
63
62
74
75
87
88
76
77
78
90
89
101
100
99
111
110
109
121
133
134
122
123
135
136
137
138
139
127
126
114
115
116
104
103
91
79
67
55
43
44
56
68
80
92
93
81
82
70
69
57
58
59
71
83
95
94
106
107
108
120
119
118
130
131
143
144
132
120
108
96
84
72
60
48
47
46
34
33
32
31
43
55
54
42
30
29
17
16
4
3
15
27
39
51
63
75
87
86
85
97
98
99
111
112
124
125
113
114
102
103
115
116
117
105
104
92
80
81
93
105
117
129
141
140
128
129
128
140
139
127
126
138
137
136
135
134
133
121
109
97
85
73
61
62
50
38
26
14
2
1
13
25
37
49
61
73
74
86
98
110
122
123
124
125
113
112
100
101
102
90
91
79
67
66
78
77
89
88
76
64
65
53
52
40
41
29
28
16
17
5
6
18
19
7
8
20
21
22
34
46
45
57
56
68
69
70
58
59
71
83
82
94
106
118
130
142
141
142
143
144
132
131
119
107
95
96
84
72
60
48
47
35
36
24
12
11
23
11
10
9
105
6
97
69
7
128
102
11
62
113
107
112
136
27
126
117
63
45
19
68
74
47
9
77
128
51
72
56
62
75
49
6
40
87
126
72
112
113
94
135
59
92
134
98
28
95
4
139
65
31
108
34
138
139
90
91
23
20
60
106
43
117
46
11
24
82
108
89
52
78
122
3
12
80
100
75
68
15
111
59
42
67
129
119
83
85
3
42
22
44
85
114
130
40
114
96
81
99
131
120
99
104
127
31
98
103
56
124
48
115
17
5
97
130
25
58
86
133
96
115
111
34
143
35
46
32
137
14
57
14
39
76
100
79
106
132
110
141
49
33
18
77
116
12
136
135
125
20
57
48
138
35
79
133
37
84
25
30
54
38
18
7
1
129
47
19
107
8
60
66
93
67
55
81
8
61
109
86
2
122
83
141
17
123
54
134
89
29
94
50
33
63
140
39
24
10
142
28
65
21
102
123
91
119
142
78
143
70
71
13
144
16
66
22
88
41
45
2
50
73
43
120
29
70
104
92
110
121
4
118
64
27
124
74
13
131
5
23
93
137
37
87
69
127
116
58
53
44
90
15
95
118
1
16
32
30
121
144
53
73
103
38
105
51
80
9
36
52
140
88
101
26
10
71
84
109
82
26
55
101
76
125
21
36
41
132
64
61
9
1
15
51
31
16
102
14
34
120
22
8
58
116
136
32
29
117
50
26
137
2
12
124
125
5
80
122
42
40
86
20
123
58
131
65
126
110
35
43
10
50
67
17
118
41
43
115
81
114
117
26
3
7
89
25
90
135
64
67
75
46
101
144
107
42
47
5
30
137
18
104
29
86
39
108
69
71
133
111
27
127
130
129
48
81
35
99
100
68
23
64
109
69
18
138
14
28
4
103
68
140
83
56
63
94
118
133
138
107
114
72
52
16
47
48
92
53
88
110
6
73
139
77
56
73
88
13
140
126
62
65
21
139
63
45
130
93
57
60
4
104
41
77
116
106
12
79
112
111
25
119
93
143
44
72
96
78
7
23
141
17
113
79
33
51
59
134
34
6
84
144
119
85
19
37
10
19
36
87
123
112
85
22
134
97
2
76
57
76
109
128
121
91
82
13
80
103
82
20
45
141
75
39
32
113
105
59
30
89
28
102
90
74
66
8
142
78
36
132
127
55
61
135
54
99
128
98
46
95
1
70
61
11
121
62
106
125
105
11
122
24
84
33
74
37
38
108
70
60
142
136
100
120
91
143
131
129
115
92
55
38
27
31
49
83
97
71
53
94
87
21
96
132
9
98
101
3
54
15
44
52
40
49
66
95
124
24
133
134
135
123
122
110
109
97
98
99
100
88
87
75
63
62
74
86
85
73
61
49
37
25
26
14
13
1
2
3
4
5
17
29
28
16
15
27
39
40
41
53
52
64
65
66
54
42
30
18
19
31
32
44
43
55
67
68
56
57
45
33
34
22
10
11
12
24
23
35
36
48
60
72
84
83
71
70
82
94
93
81
80
79
78
77
76
88
89
90
91
92
104
103
115
114
102
101
113
125
126
127
128
116
117
129
141
142
130
118
119
131
132
144
143
142
141
140
139
138
137
136
124
112
111
99
87
75
76
77
65
64
63
51
50
38
37
25
26
27
28
29
30
31
32
20
8
9
21
33
34
46
47
59
58
70
69
81
82
94
106
105
93
92
91
103
104
105
106
107
108
96
95
107
95
96
84
83
71
72
60
48
36
24
12
11
10
9
8
7
6
18
17
16
15
14
13
1
2
3
4
5
6
7
19
20
21
22
23
35
47
59
58
46
45
57
69
68
80
79
78
66
67
55
56
44
43
42
54
53
41
40
52
51
39
38
50
49
61
62
74
73
85
86
98
110
111
112
100
101
89
90
102
114
113
125
126
127
115
116
117
118
119
120
108
120
132
144
143
131
130
129
128
140
139
138
137
136
124
123
135
134
133
121
122
121
109
97
144
132
120
108
96
95
107
119
131
143
142
130
118
117
105
93
92
80
81
69
57
58
70
71
72
60
59
47
48
36
24
23
22
21
9
8
20
32
44
56
55
43
42
54
66
78
77
65
64
76
88
89
101
102
90
91
79
67
68
56
44
45
46
34
35
36
48
60
72
84
83
82
94
106
105
104
116
115
103
104
116
128
140
141
129
117
118
106
94
93
81
69
57
45
33
32
31
30
18
17
16
4
3
15
27
28
29
41
53
52
40
39
51
50
38
37
25
26
14
13
1
2
3
4
5
6
7
19
31
43
42
41
53
52
40
39
51
63
75
74
62
61
73
85
97
98
86
87
99
111
123
124
125
113
112
100
101
113
114
126
138
137
136
135
134
133
121
122
110
109
97
98
110
109
121
133
134
122
123
135
136
124
112
111
99
100
88
89
77
76
75
87
86
85
73
74
62
63
64
65
66
54
55
67
68
80
92
91
79
78
90
102
103
115
114
126
125
137
138
139
127
128
127
139
140
141
129
130
142
143
144
132
131
119
120
108
107
95
96
84
83
82
70
71
59
47
35
23
24
12
11
12
11
10
22
10
9
8
7
6
5
17
16
15
14
2
1
13
25
37
49
61
49
50
38
26
27
28
29
30
18
19
20
21
33
34
46
58
48
4
140
43
70
28
125
95
99
110
84
105
90
65
64
58
67
65
7
57
138
80
104
91
12
75
47
106
77
50
101
88
104
51
6
45
83
37
44
42
69
16
37
15
3
142
60
125
82
130
27
135
1
45
29
24
128
80
30
129
73
143
12
78
21
66
60
83
63
58
90
123
117
118
93
76
117
55
2
107
10
87
101
105
40
33
98
73
98
17
14
95
82
124
31
48
31
29
11
96
132
119
136
62
79
74
126
94
18
20
72
54
138
118
53
35
56
135
1
99
120
17
137
122
111
122
21
59
9
18
47
121
131
40
132
139
3
36
142
100
35
100
89
92
108
54
63
32
22
68
76
88
141
123
34
2
26
46
24
46
93
109
71
134
49
85
43
116
28
4
139
97
44
57
69
124
67
114
133
78
116
120
64
33
130
112
41
59
66
42
74
79
89
77
102
8
115
68
91
20
119
109
87
92
121
141
127
86
5
51
81
61
9
114
106
5
56
14
39
94
126
136
113
25
81
23
16
15
27
112
140
8
97
22
133
36
19
38
7
127
144
23
61
84
62
13
26
53
102
19
103
103
108
49
50
110
113
34
134
6
32
128
70
144
52
85
96
75
39
111
11
25
129
86
115
13
10
71
38
52
143
30
72
55
131
107
41
137
117
140
72
54
89
83
29
137
83
75
79
16
121
88
108
55
68
59
22
35
70
87
43
26
98
136
123
43
109
45
41
19
112
107
135
40
44
64
73
48
6
47
82
124
106
134
17
103
94
91
21
84
143
30
76
91
97
49
117
67
118
56
138
84
81
41
25
94
3
37
114
25
116
58
134
143
95
104
90
86
131
50
141
12
99
136
121
4
15
122
75
8
71
80
128
125
12
44
92
11
138
93
73
47
29
10
53
101
14
11
69
7
52
86
42
34
126
102
57
100
105
77
74
133
27
39
144
13
62
28
76
42
72
17
1
111
80
51
127
78
142
123
78
2
13
40
66
65
4
20
60
67
115
113
30
5
120
23
55
131
103
98
110
28
122
88
100
130
108
119
99
2
129
95
57
65
36
9
18
63
64
139
118
26
125
92
115
69
68
39
106
27
5
7
126
97
9
53
52
22
119
51
102
110
33
71
85
62
16
142
141
50
19
90
101
36
24
89
114
74
81
61
21
111
15
56
8
124
82
59
120
60
32
34
77
144
66
132
107
70
87
116
105
129
54
132
109
63
140
45
24
10
133
49
137
48
85
96
3
18
130
32
58
35
46
93
14
113
112
37
61
79
135
38
127
96
46
1
139
104
33
31
23
6
38
20
31
128
1
2
3
4
5
17
16
28
27
39
40
41
42
43
31
32
44
56
55
67
68
80
81
69
70
82
83
84
72
60
59
71
70
58
57
45
33
21
20
8
9
10
11
12
24
23
35
36
48
47
46
34
22
10
9
8
7
19
18
30
29
28
27
15
14
26
25
37
49
61
62
63
51
52
53
65
66
54
55
56
57
58
46
45
44
43
42
41
40
39
38
50
49
61
73
74
75
76
77
89
101
113
112
100
99
98
97
109
121
122
123
111
110
109
97
85
86
87
88
100
112
124
136
137
138
126
114
102
90
91
92
93
94
95
96
108
120
132
144
143
142
141
129
128
140
139
127
115
103
104
105
117
116
104
105
106
118
130
131
119
107
106
118
117
116
115
103
91
79
78
90
89
77
78
79
80
92
93
94
82
81
69
68
67
66
54
53
52
51
50
62
63
64
65
64
76
88
87
75
74
73
85
86
98
99
111
110
122
123
135
134
133
121
133
134
135
136
137
125
124
125
113
101
102
114
126
138
139
127
128
140
141
129
130
142
143
144
132
131
119
120
108
107
95
96
84
83
71
72
60
59
47
48
36
24
12
11
23
35
34
22
21
33
32
20
19
31
30
29
17
18
6
7
6
5
4
16
15
3
2
14
26
38
37
25
13
1
13
144
132
120
119
118
117
129
128
127
126
138
139
140
141
142
130
131
143
142
141
140
139
127
115
116
104
103
91
90
78
77
65
53
54
55
67
79
80
81
82
70
58
59
71
72
60
48
36
35
34
46
47
48
60
72
84
96
108
107
106
94
95
83
82
94
93
105
104
92
91
79
78
66
65
64
76
88
100
101
113
125
124
112
111
123
122
110
98
97
85
86
87
75
74
73
61
62
50
51
52
40
39
27
15
3
2
1
13
14
26
25
37
49
61
73
85
97
109
121
133
134
135
136
137
138
126
114
102
90
89
77
76
64
63
51
52
40
28
16
17
18
30
29
41
42
43
31
19
7
8
20
32
44
56
68
69
57
45
33
21
22
23
24
12
11
10
9
8
7
6
5
6
18
19
31
32
20
21
9
10
22
23
11
12
24
36
35
47
46
34
33
45
57
58
59
71
70
69
81
93
92
80
68
56
44
43
55
67
66
54
53
41
42
30
29
17
5
4
3
4
16
28
27
15
14
2
1
13
25
26
38
39
38
37
49
50
62
63
75
74
86
98
99
111
123
122
110
109
121
133
134
135
136
137
125
124
112
100
99
87
88
89
101
113
114
102
103
115
116
117
105
106
118
119
107
95
83
84
96
108
120
132
144
143
131
130
129
128
