##Rat 4 Day 8
 ##rewards
126
113
47
##Vertices
119
45
101
36
90
58
99
97
49
33
12
29
68
28
54
99
103
62
78
131
10
11
122
133
139
89
39
43
37
61
144
12
116
7
88
112
133
58
77
17
112
54
121
1
16
137
130
85
105
33
120
15
141
28
38
52
134
140
66
87
111
67
84
117
91
37
101
63
125
93
84
47
27
110
110
34
73
8
53
80
65
9
9
45
113
129
60
14
44
5
50
144
76
91
143
59
41
142
79
127
42
4
46
8
118
88
23
114
94
141
128
116
21
81
102
65
30
13
132
48
128
27
63
15
132
123
3
50
107
98
137
80
26
20
83
123
142
95
60
70
73
30
129
55
32
40
136
97
127
134
138
52
20
3
109
71
31
24
120
67
21
74
109
46
4
124
31
92
98
94
64
22
38
113
125
10
57
49
72
2
35
122
75
140
92
85
93
139
69
119
19
86
131
40
95
136
51
81
96
138
117
35
130
2
135
76
106
25
83
11
1
100
64
19
43
24
69
143
56
87
74
13
124
61
77
72
100
79
96
22
115
16
107
53
89
18
51
36
75
78
7
26
32
82
39
115
48
106
55
104
42
6
62
108
5
70
56
86
17
118
108
126
41
135
102
18
103
111
29
23
59
25
34
44
6
82
104
114
126
105
90
47
71
68
14
66
121
57
60
135
45
70
34
109
138
106
4
49
93
14
70
112
57
90
3
137
71
120
104
74
49
144
8
119
139
47
114
115
60
125
126
91
2
19
122
64
69
130
143
78
41
25
120
29
102
117
7
24
98
75
143
114
65
140
116
111
83
52
71
79
86
48
90
56
99
61
39
12
18
59
21
134
84
66
116
130
9
82
115
2
137
111
85
11
129
50
46
82
89
66
67
77
118
14
16
107
10
33
17
18
32
105
83
41
35
139
131
3
9
15
105
93
38
22
80
51
138
128
67
13
95
43
107
33
57
30
63
103
122
8
37
25
1
133
54
65
123
36
106
16
117
81
28
92
53
1
95
102
24
20
81
35
5
132
88
73
94
134
54
79
19
23
22
63
76
118
47
68
97
72
50
85
108
13
96
110
44
94
136
42
131
58
27
91
17
26
108
141
144
59
109
87
56
72
74
20
31
103
73
23
6
37
101
100
44
39
32
69
140
5
46
53
126
42
4
29
121
113
88
124
55
34
28
98
27
119
113
142
61
112
7
68
129
80
48
62
97
110
10
58
62
128
40
26
38
30
55
135
136
123
86
43
121
31
11
127
75
133
89
125
142
76
99
36
141
127
45
15
12
100
51
84
104
96
6
21
64
77
87
52
101
92
132
78
40
124
1
2
3
15
14
26
25
37
38
39
40
52
51
63
75
74
62
50
49
61
73
85
97
109
110
122
121
133
134
135
136
137
125
113
112
124
123
111
99
100
101
89
88
76
77
78
90
102
114
126
127
115
116
104
103
91
79
80
92
93
105
117
118
130
142
143
144
132
131
119
120
108
96
84
72
71
83
82
70
58
57
69
68
67
66
65
64
52
53
54
55
56
44
43
31
30
42
41
29
17
18
19
20
32
33
21
9
10
22
34
35
23
24
12
11
10
9
8
7
6
5
4
16
28
27
39
51
63
64
65
77
76
75
87
86
98
97
109
110
111
112
113
114
115
116
128
140
141
129
117
118
106
107
95
94
82
81
69
70
58
46
45
57
56
55
43
44
45
46
47
48
60
59
47
59
60
72
71
83
84
96
108
120
132
144
143
142
141
140
139
138
126
125
124
123
122
121
133
134
135
136
137
138
139
127
128
129
130
131
119
107
95
94
106
105
93
81
80
68
67
66
78
79
91
92
104
103
102
90
89
101
100
88
87
99
98
86
85
73
74
62
61
49
50
38
26
27
28
40
41
53
54
42
30
29
17
18
19
31
32
33
34
35
36
48
36
24
12
11
23
22
21
20
8
7
6
5
4
16
15
3
2
1
13
14
13
25
37
133
121
109
97
85
86
98
110
122
134
135
123
111
112
100
88
89
77
76
64
52
51
63
62
61
49
50
38
37
25
13
14
15
16
4
5
17
29
41
53
54
42
43
55
67
79
80
68
69
81
93
92
104
103
91
90
78
66
65
53
41
40
39
27
26
25
37
49
61
73
74
75
87
99
100
101
113
114
102
101
113
125
137
136
124
112
111
99
87
88
76
64
52
40
28
29
30
31
19
20
21
9
10
22
34
33
32
44
56
57
45
46
58
59
47
48
36
35
23
24
12
11
10
9
8
7
6
18
30
42
43
44
56
57
45
46
58
70
82
83
71
72
84
96
108
107
95
94
106
118
130
129
128
116
117
105
104
116
115
127
139
140
141
142
143
144
132
131
119
120
108
107
119
120
132
144
143
131
130
142
141
129
117
118
106
105
93
92
80
81
82
94
95
96
84
83
71
70
69
68
67
55
54
66
65
77
89
90
78
79
91
103
102
114
115
127
128
140
139
138
126
125
126
138
137
136
124
123
135
134
133
121
122
110
109
97
98
86
85
73
74
75
63
62
50
38
26
14
13
1
2
1
2
3
15
3
4
5
6
7
8
20
21
22
23
11
12
24
36
48
60
72
60
59
47
35
34
33
32
31
19
18
17
16
28
27
39
51
101
98
17
106
82
64
78
138
52
139
34
82
102
143
21
98
128
121
29
6
53
84
119
42
20
9
126
132
81
57
104
80
62
93
29
115
77
43
100
104
45
85
60
64
89
8
59
126
103
25
3
10
31
40
48
60
18
132
135
135
13
39
36
109
58
30
41
138
22
81
90
41
35
14
62
117
90
95
47
58
107
14
94
137
140
74
76
88
83
26
122
129
16
67
7
83
38
30
130
74
55
139
38
43
127
11
7
114
127
103
76
61
137
134
31
33
46
120
35
63
57
91
44
71
56
78
77
102
124
123
89
86
75
16
117
12
22
91
110
94
99
95
72
32
121
32
63
1
143
45
144
4
73
75
28
10
52
125
65
26
24
142
51
6
108
116
53
120
86
92
12
131
49
93
24
70
67
66
66
105
39
129
88
141
136
42
100
97
128
142
97
115
131
44
112
141
46
59
28
9
113
55
130
111
101
85
79
21
87
144
119
4
37
50
23
68
71
33
112
17
116
1
87
111
2
54
56
23
65
69
140
20
19
61
36
92
19
108
122
96
79
110
80
113
34
50
109
136
3
133
134
15
106
107
96
73
5
27
51
123
5
8
133
13
118
54
68
125
124
84
49
70
18
48
47
72
99
118
37
40
15
27
105
69
114
11
25
2
104
139
91
98
69
76
70
113
52
134
34
96
41
10
14
118
134
39
24
96
45
116
100
57
110
36
143
16
48
119
60
120
56
54
120
112
6
89
94
95
67
48
71
140
95
32
38
22
7
126
105
132
91
14
136
62
82
143
21
84
11
144
122
33
3
63
52
131
131
45
78
69
130
108
21
39
61
138
6
68
103
125
30
13
42
53
117
5
127
116
101
133
133
38
7
106
101
88
88
106
79
20
47
144
99
16
59
11
18
90
74
123
119
82
130
3
13
20
46
49
138
72
81
43
5
31
81
58
34
98
110
77
97
93
104
4
85
128
64
50
111
22
124
47
19
83
137
72
75
57
9
79
28
50
94
108
140
113
61
142
66
67
1
73
137
40
12
100
70
65
28
8
2
31
2
114
89
4
18
127
29
64
58
118
17
30
37
35
87
51
135
111
92
32
112
8
17
12
66
26
78
29
80
40
129
46
1
121
49
15
99
80
86
56
93
51
109
23
122
24
102
126
135
10
55
77
123
109
83
54
129
90
68
44
55
85
107
9
142
124
19
33
27
73
103
27
102
42
60
125
36
62
74
132
92
65
128
35
107
25
139
43
15
136
121
59
114
71
84
75
117
37
115
25
105
87
141
141
26
44
63
97
86
53
76
41
115
23
144
143
142
141
140
128
129
130
131
132
120
119
118
106
105
104
92
91
103
102
101
113
114
126
138
137
125
124
136
135
134
122
110
98
97
85
86
87
88
89
77
76
64
65
66
67
55
54
42
43
44
56
57
69
68
80
79
78
90
89
88
100
112
111
123
135
136
137
138
139
127
115
116
117
105
93
94
82
81
93
94
95
96
108
107
106
118
117
116
104
103
102
101
100
99
87
75
63
62
50
38
37
25
26
27
39
51
52
53
41
40
28
29
17
16
4
3
15
14
2
1
13
25
37
49
61
73
74
75
76
64
52
53
41
40
28
29
30
31
19
18
6
7
8
9
21
20
32
33
34
35
47
59
58
46
45
57
58
70
71
72
60
48
36
24
12
11
23
22
10
9
21
22
10
11
12
24
23
35
36
48
47
46
34
33
45
44
56
55
43
31
32
20
8
7
19
18
30
42
54
66
65
77
78
90
91
92
80
79
67
68
69
81
82
70
71
59
60
72
84
83
95
83
84
96
108
107
119
120
132
144
143
131
130
142
141
129
128
140
139
127
115
114
126
125
124
123
122
134
133
121
133
121
109
110
109
97
85
73
61
49
50
38
26
14
13
1
2
3
4
5
6
5
17
16
15
27
39
51
63
62
74
86
98
99
111
112
113
12
24
23
22
10
9
8
7
6
5
4
3
15
16
28
40
41
53
52
51
63
62
61
73
85
86
98
97
109
110
122
121
133
134
135
136
124
112
100
101
89
88
87
99
111
123
135
136
137
125
113
114
102
90
78
77
76
64
65
66
54
42
43
31
30
29
17
18
19
20
32
44
45
46
58
59
60
72
71
83
84
96
95
107
108
120
132
131
130
142
141
140
139
138
126
127
128
129
117
105
93
81
82
94
106
118
119
120
108
96
84
72
60
48
36
35
47
46
34
33
21
9
8
20
32
31
43
55
67
79
80
68
69
70
71
83
95
107
119
118
106
94
82
81
93
92
104
116
115
103
91
90
78
66
54
42
41
40
39
27
26
14
13
25
37
38
50
49
61
73
74
62
50
49
37
38
26
25
13
1
2
1
2
14
15
3
4
5
6
7
19
18
30
29
17
16
28
27
39
51
52
53
65
64
63
75
74
86
85
97
98
99
87
75
76
77
89
88
100
112
111
110
109
121
133
134
122
123
124
125
137
138
139
127
126
114
113
101
102
103
115
116
128
140
141
142
143
144
132
144
143
131
130
129
117
105
104
92
91
79
80
68
67
55
56
57
45
33
21
22
34
35
23
11
10
11
12
24
36
48
47
59
58
70
69
57
56
44
15
142
34
70
115
78
61
53
92
93
113
28
117
123
57
58
50
45
31
90
98
107
114
80
76
101
75
47
9
30
12
108
86
126
44
60
101
125
24
56
35
131
98
125
103
2
77
54
122
113
25
106
123
59
118
7
115
70
121
3
116
15
16
97
88
50
49
88
64
84
87
135
139
22
128
17
30
33
105
143
43
129
20
99
91
51
132
131
40
48
54
86
11
84
43
127
99
27
104
109
28
138
137
49
92
102
3
79
20
114
39
61
136
128
111
130
41
59
93
129
62
13
95
89
90
68
52
112
112
119
122
117
133
139
97
22
26
34
39
17
91
55
46
13
1
120
74
140
27
7
41
119
127
120
24
138
42
118
110
75
36
72
67
69
11
14
51
78
132
80
18
36
74
77
44
10
48
63
134
144
81
58
1
35
23
109
100
63
64
32
10
85
65
102
140
29
135
82
130
6
100
73
126
57
142
96
136
16
76
71
5
107
67
46
141
94
106
32
121
52
69
85
133
94
53
144
14
105
83
4
72
141
82
21
26
56
124
42
55
108
12
81
116
2
62
124
38
29
19
87
37
4
40
5
47
83
95
38
89
37
60
143
25
21
33
19
45
134
18
73
66
31
68
137
8
103
66
6
104
111
96
9
65
8
71
79
23
110
128
75
4
113
10
25
44
84
8
58
71
121
136
101
137
107
36
100
43
21
138
91
137
17
16
94
96
114
142
88
105
38
53
110
20
132
74
97
12
106
133
9
47
109
87
32
135
46
102
20
24
64
115
6
28
54
63
2
2
121
1
7
1
94
112
130
4
60
112
113
95
43
105
138
3
14
74
45
90
92
25
35
62
69
122
129
134
124
34
72
96
56
65
51
48
117
6
125
76
39
141
123
60
37
50
81
84
52
42
108
77
130
139
127
62
66
86
68
34
77
144
18
55
141
46
15
54
58
118
31
40
73
38
48
79
78
35
132
49
57
100
88
98
69
32
109
5
127
103
125
99
80
23
27
70
64
22
59
144
8
12
107
52
39
102
22
87
24
13
79
36
28
76
143
133
63
19
104
118
86
50
11
140
67
92
41
142
93
61
71
73
65
116
89
110
117
93
44
115
85
72
75
33
59
82
83
91
122
139
120
18
37
70
40
61
16
85
56
111
23
10
26
103
17
13
81
119
104
51
83
97
101
99
116
89
136
126
47
131
33
67
45
98
66
108
30
128
90
7
42
29
68
135
129
124
27
11
143
82
30
120
29
131
3
106
31
21
14
78
95
55
15
9
123
140
49
126
111
19
114
57
80
119
26
53
41
134
5
12
11
23
35
36
24
12
11
10
22
21
20
32
44
43
55
67
66
65
64
63
51
52
40
39
38
50
49
61
62
74
73
85
86
98
99
111
110
109
97
85
73
61
49
37
25
26
14
13
1
2
3
15
27
28
16
4
5
6
18
30
31
19
7
8
9
10
22
34
33
45
57
69
81
93
92
91
79
80
68
56
57
58
46
47
48
60
72
71
83
84
96
95
107
119
120
108
96
84
72
60
59
71
70
82
94
106
105
104
103
115
127
128
140
139
138
137
125
113
112
124
136
135
134
122
123
111
112
100
101
89
90
102
114
126
138
139
140
141
129
130
131
132
144
143
142
141
129
117
116
104
103
91
92
80
68
56
55
54
53
41
29
17
5
4
16
28
40
52
64
76
77
78
79
67
66
78
90
102
101
113
114
115
116
128
127
126
125
137
136
124
123
135
134
133
121
133
121
122
110
109
97
98
99
87
86
74
62
50
38
37
25
26
14
13
1
2
3
15
27
39
51
63
75
87
75
76
88
100
88
89
77
65
53
54
42
43
44
32
31
30
42
41
29
17
18
6
7
19
20
8
9
21
33
45
46
34
35
23
24
36
48
47
59
58
70
69
81
82
94
93
105
117
118
106
118
119
131
130
142
143
144
132
120
108
107
95
83
1
13
14
15
3
4
5
6
18
30
42
54
55
67
68
56
57
58
70
69
81
80
79
91
92
104
116
115
127
139
138
137
136
135
123
111
99
87
86
85
97
98
110
122
121
133
134
135
136
124
125
126
114
102
103
104
105
117
118
106
107
95
83
71
72
84
96
108
120
119
131
132
144
143
142
141
140
128
129
130
118
117
116
115
103
102
101
113
112
100
88
76
77
65
66
78
90
89
101
100
88
87
75
63
51
50
62
74
73
61
49
37
38
26
25
37
49
50
51
39
27
28
29
17
16
4
5
6
7
19
31
43
44
45
33
34
22
10
9
21
20
8
9
10
11
12
24
23
35
36
48
60
59
47
46
58
70
82
94
93
81
69
57
56
68
67
66
65
64
52
40
41
40
52
53
41
53
54
55
43
42
30
29
28
27
39
38
26
25
13
14
2
1
2
3
15
16
17
18
19
7
8
20
32
31
32
44
45
33
21
22
23
11
12
24
36
35
34
46
47
48
60
59
71
72
84
96
95
83
82
94
93
105
106
107
108
120
119
131
132
144
143
142
130
129
141
140
128
127
139
138
137
125
126
114
113
112
124
123
122
134
133
121
109
97
109
110
111
99
98
86
85
73
61
62
74
75
63
64
76
77
78
79
80
92
91
90
89
