##Rat 6 Day 33
 ##rewards
83
94
16
##Vertices
12
24
36
35
47
48
60
59
58
70
69
68
67
79
91
90
89
88
76
64
52
40
28
29
41
42
54
55
56
44
32
31
43
42
30
18
19
7
6
5
4
16
15
14
2
1
13
25
26
27
39
38
37
49
61
73
74
86
98
110
111
99
100
112
124
125
126
138
137
136
135
123
122
121
109
97
85
73
61
62
63
51
50
49
37
25
26
38
50
62
63
75
87
99
111
112
113
101
102
114
115
127
139
140
128
129
141
142
143
144
132
120
108
107
106
94
95
83
71
72
84
96
108
120
119
131
130
118
117
105
93
81
80
92
104
103
115
116
104
92
93
94
82
81
80
79
78
66
65
53
54
66
67
68
69
57
45
46
34
33
21
20
8
9
10
22
23
11
10
9
21
22
34
35
23
11
12
24
36
48
60
59
47
46
45
33
32
44
43
55
56
57
58
70
82
83
71
72
84
96
95
107
119
118
106
105
117
116
128
129
130
131
132
144
143
142
141
140
139
127
126
138
137
125
124
136
135
123
122
134
133
134
133
121
109
110
98
97
85
86
74
75
87
88
100
101
113
114
102
103
91
90
78
77
89
77
76
64
65
53
52
51
39
40
41
29
30
31
19
20
8
7
6
18
17
5
17
16
28
27
15
3
4
3
2
1
13
14
144
143
142
130
129
141
140
128
116
115
103
91
79
78
77
65
53
41
42
43
44
45
46
58
57
69
68
80
92
93
94
82
81
69
70
71
83
84
72
60
48
47
35
23
24
12
11
10
22
34
33
21
9
8
7
6
18
17
16
15
27
28
40
39
38
50
62
61
49
37
25
26
14
2
3
4
5
6
7
19
31
32
20
8
9
10
22
21
20
19
31
30
29
28
27
39
51
52
64
63
75
74
73
85
86
98
97
109
121
133
134
135
136
124
112
113
125
126
127
139
138
137
136
135
123
122
110
111
99
100
101
102
90
89
88
76
75
87
88
89
101
113
114
102
90
78
66
67
55
56
68
67
79
91
103
104
105
117
118
106
107
95
96
108
120
119
131
132
120
108
107
119
118
130
131
132
144
143
142
141
140
128
129
117
105
106
94
93
81
80
92
104
116
115
114
126
127
139
138
137
125
124
123
111
112
100
99
87
86
98
110
122
134
133
121
109
97
85
73
74
62
61
49
50
38
37
25
26
14
13
1
13
1
2
3
15
16
4
5
17
18
30
29
41
40
52
51
63
64
76
77
65
66
54
53
54
42
43
55
56
44
32
33
45
57
58
70
82
83
95
96
84
72
71
59
60
59
47
46
34
35
36
48
36
24
12
11
23
121
130
116
62
65
117
7
94
77
139
38
51
98
37
61
96
92
141
10
85
128
118
20
87
1
50
27
142
73
83
71
1
48
135
138
10
31
2
78
30
77
31
93
45
107
6
60
47
16
63
51
134
136
140
134
59
64
140
81
40
55
102
93
4
28
125
46
96
104
29
9
67
98
120
68
12
120
73
129
54
141
58
20
39
17
131
24
112
84
49
125
106
110
133
11
13
144
114
103
130
15
32
68
69
92
139
88
100
102
7
30
8
100
63
113
2
70
40
66
101
16
88
21
14
131
6
42
95
35
49
66
99
105
84
104
43
101
44
22
135
79
116
35
119
81
28
103
122
115
15
138
24
79
117
37
78
62
64
4
111
70
123
127
12
17
94
115
82
13
87
22
108
48
34
34
46
61
26
114
27
143
18
109
21
91
126
25
41
3
91
38
19
72
90
59
118
106
97
124
95
89
110
57
58
74
126
53
122
33
9
3
80
74
54
76
23
14
86
5
56
89
47
45
80
99
32
33
56
111
132
137
76
75
143
19
113
90
85
42
18
82
52
50
119
132
43
105
129
127
83
53
25
5
44
55
128
86
142
57
39
71
36
133
23
52
65
11
36
109
144
121
107
8
75
136
112
72
60
108
26
137
67
123
69
41
124
97
29
129
26
122
138
19
10
75
39
35
124
65
84
77
135
80
68
85
16
18
130
22
89
61
97
41
100
48
64
128
76
31
22
25
8
60
107
119
94
32
123
119
106
118
81
98
120
2
139
95
53
50
6
115
70
73
127
14
15
122
48
98
28
123
110
44
49
143
124
83
144
62
132
104
1
125
103
91
130
137
140
116
99
57
102
20
46
55
96
72
42
29
82
75
43
142
88
91
37
2
108
107
112
39
41
53
7
56
78
96
46
114
25
33
17
101
90
35
138
37
117
83
30
99
63
114
58
74
108
78
71
126
94
132
113
10
140
106
16
36
50
86
1
144
70
4
24
103
20
45
44
87
4
111
73
29
87
38
59
60
105
12
133
66
72
93
30
127
62
134
126
129
113
89
105
21
49
33
136
8
137
27
79
23
120
92
69
142
109
88
18
40
141
131
104
82
31
112
3
111
136
23
109
100
6
80
52
134
40
63
116
95
93
14
9
38
128
19
79
57
11
27
121
64
13
9
15
76
56
45
36
51
21
92
102
13
54
47
71
133
34
67
68
11
17
141
43
67
58
5
5
12
77
51
55
24
125
84
121
47
61
59
110
118
7
117
143
3
74
34
65
28
101
81
32
86
97
42
66
135
52
69
85
26
90
131
115
139
54
1
2
3
4
5
17
29
30
18
6
7
19
31
43
55
54
42
41
40
28
16
15
14
13
25
26
27
39
51
50
49
37
38
39
51
63
75
76
64
52
53
65
77
78
66
67
79
80
81
93
105
104
92
91
103
115
116
128
127
139
140
141
142
130
129
117
118
106
107
108
120
132
131
119
120
108
96
95
94
82
83
71
59
47
48
60
72
84
96
95
107
106
94
93
105
117
116
115
114
126
138
137
136
124
125
113
112
100
88
89
90
102
101
100
99
87
86
74
62
61
73
85
97
98
110
109
121
122
134
135
123
111
99
87
88
76
64
52
40
41
29
30
42
43
44
45
46
58
70
69
68
56
57
58
46
34
33
32
20
21
9
10
22
23
11
12
24
36
35
34
33
21
22
10
11
12
24
23
35
36
48
47
59
60
72
84
83
71
70
82
81
80
92
104
103
91
90
89
77
78
79
67
66
65
53
54
55
56
68
69
57
45
44
32
31
19
20
8
9
8
7
6
18
17
5
4
3
15
16
28
27
26
14
2
1
13
25
37
38
50
49
61
62
63
75
74
73
85
86
98
97
109
110
122
123
111
112
124
125
113
101
102
114
126
127
128
129
130
118
119
131
143
144
132
144
143
142
141
140
139
138
137
136
135
134
133
121
133
133
121
109
97
85
86
87
75
74
73
61
62
63
64
65
77
76
88
100
99
98
110
122
134
135
123
111
112
113
125
137
136
124
112
113
114
115
103
102
101
89
90
91
79
78
66
67
55
43
44
45
57
56
68
69
70
58
59
71
72
60
48
36
35
47
46
34
33
21
9
10
11
23
22
10
9
8
20
32
31
19
18
17
16
4
5
6
7
8
20
21
33
32
44
45
46
58
70
82
83
84
96
108
107
95
94
106
105
104
92
80
81
93
105
117
116
128
127
126
138
139
140
141
129
130
142
143
131
132
120
119
118
117
116
104
103
102
101
100
88
87
75
76
64
52
40
28
29
30
42
54
53
41
29
28
27
39
51
50
38
37
25
26
14
13
1
2
3
15
27
39
38
26
25
13
1
2
14
15
3
4
16
17
5
6
7
19
18
30
31
43
55
56
57
69
68
80
92
91
79
67
66
78
90
89
77
65
53
54
42
41
40
52
51
63
62
50
49
37
49
61
73
74
86
85
97
109
110
98
99
111
123
122
121
133
134
135
136
124
125
137
138
126
114
115
127
139
140
128
129
141
142
130
131
119
118
106
107
95
94
93
81
82
83
71
59
47
35
34
22
23
24
12
11
12
24
36
48
60
72
84
96
108
120
132
144
143
144
22
137
53
23
119
75
63
31
135
39
82
84
109
126
125
1
60
64
127
86
39
54
111
29
126
103
90
79
36
98
18
105
124
92
8
2
20
9
74
112
143
133
136
1
6
141
97
91
76
44
110
115
96
67
131
48
115
47
41
9
50
133
35
72
17
84
34
59
26
62
30
82
23
21
13
21
86
87
7
4
109
24
58
135
104
8
92
122
118
3
80
32
11
69
99
78
42
142
7
44
27
95
128
49
14
22
106
17
6
16
45
129
95
138
58
110
66
10
18
87
76
69
37
53
56
51
83
30
68
100
64
116
100
4
38
67
117
102
123
119
26
61
12
108
102
12
38
105
125
11
101
94
85
111
29
57
16
35
127
77
49
5
50
33
68
33
142
54
42
65
20
114
130
120
101
61
13
88
56
73
15
80
60
73
77
136
130
40
27
63
83
107
48
43
121
55
24
14
15
118
128
3
10
28
72
144
116
89
34
71
93
36
94
93
141
138
31
46
122
140
121
89
52
81
140
107
37
139
85
45
90
129
108
112
134
41
28
59
71
55
99
2
91
123
70
57
103
139
62
134
88
51
25
66
97
114
144
113
65
25
106
137
46
43
132
131
96
70
124
81
98
40
132
104
19
78
74
120
143
79
5
117
75
19
47
113
52
32
40
86
88
2
64
117
26
19
138
83
87
142
95
28
59
16
125
142
33
75
135
74
84
141
29
143
70
52
121
113
104
91
111
20
47
69
48
33
82
57
108
115
28
50
143
104
96
136
85
112
83
51
101
72
128
8
131
115
43
78
56
74
29
134
114
66
18
73
84
137
86
60
132
24
78
89
144
134
11
66
138
68
76
121
13
18
91
4
17
17
105
41
130
37
23
85
133
98
103
141
100
79
99
114
127
35
10
67
101
53
32
110
3
30
45
119
61
89
3
27
127
19
9
25
107
77
34
77
59
36
31
94
122
136
125
14
40
68
21
110
130
93
47
122
129
1
21
120
118
36
71
100
124
102
8
30
52
67
57
2
87
45
126
117
27
64
48
111
120
131
70
128
133
69
4
41
65
38
22
75
61
92
73
46
51
58
80
90
13
81
58
107
98
126
106
119
99
106
44
132
63
49
105
123
12
54
112
54
140
34
79
116
118
31
38
12
7
95
6
7
140
39
90
139
94
14
32
46
35
15
108
16
109
109
44
88
97
42
1
55
50
22
49
97
25
62
60
93
96
139
80
81
71
76
137
65
135
53
15
5
9
11
62
116
37
6
129
63
92
102
20
82
39
23
103
124
55
113
144
5
10
72
24
42
56
123
43
26
144
132
120
108
107
106
94
95
96
84
72
60
48
47
59
58
46
34
33
21
22
23
11
12
24
36
35
34
33
45
57
69
70
82
83
71
72
84
96
108
120
119
131
143
142
141
140
139
138
126
125
137
136
135
134
133
121
109
110
98
97
85
73
61
62
74
86
87
88
89
101
102
114
115
127
128
129
130
118
117
116
104
105
93
81
80
92
91
90
78
66
65
64
63
51
52
53
54
55
43
44
32
20
8
7
6
5
17
29
30
18
19
31
32
44
56
68
67
79
80
81
93
92
104
103
115
114
113
112
124
123
111
99
100
101
113
112
100
88
76
77
65
53
41
42
43
31
30
42
41
40
39
38
26
27
15
3
4
16
28
40
52
51
50
49
37
25
13
14
2
1
2
1
13
14
26
25
37
38
39
27
15
3
4
16
28
29
17
5
6
18
19
7
8
20
21
9
10
9
10
22
23
11
12
24
36
35
47
48
60
59
58
46
45
57
56
55
54
66
78
77
89
90
102
103
91
79
67
68
69
70
71
83
82
94
95
107
119
131
132
144
143
142
130
118
106
105
117
116
128
129
141
140
139
127
126
138
137
125
124
136
135
134
122
123
111
99
98
86
87
75
76
64
63
75
74
62
50
49
61
73
85
97
109
110
122
121
133
133
134
135
136
124
112
113
125
137
138
139
140
141
129
128
116
117
118
106
107
119
131
132
144
143
142
130
118
106
105
104
103
115
114
126
127
139
138
137
136
135
123
122
121
109
97
85
73
61
62
50
49
37
25
13
1
2
3
15
16
4
5
6
7
19
18
17
29
41
53
52
64
63
75
74
86
98
110
111
99
87
88
100
101
102
90
89
77
65
66
67
55
43
31
32
44
56
68
80
81
93
94
95
96
84
72
60
59
58
70
71
83
82
94
93
92
91
79
78
90
102
101
89
88
76
75
63
51
39
38
26
27
28
40
52
51
39
40
41
42
54
55
56
57
69
81
82
70
69
57
45
33
21
22
34
35
36
48
47
46
45
44
32
20
8
9
10
11
23
24
12
24
12
11
23
22
10
9
21
33
34
35
36
48
47
46
58
59
60
72
71
83
84
96
95
107
108
120
108
120
119
131
132
144
143
142
130
129
141
140
128
116
117
105
104
92
80
68
67
66
54
53
65
64
76
77
78
79
91
103
115
127
126
114
113
125
124
123
122
134
133
121
109
110
111
112
100
99
87
86
98
97
85
73
74
62
61
49
50
38
37
25
13
14
26
27
28
16
17
29
30
42
43
31
30
18
19
20
8
7
6
5
4
3
15
14
2
1
61
106
25
144
132
77
131
107
95
67
127
134
94
135
21
107
3
37
5
48
92
20
126
98
26
81
143
56
104
13
116
46
122
138
142
76
27
1
110
27
108
128
142
45
116
66
29
5
77
67
73
118
46
137
36
133
15
8
14
129
127
61
34
100
63
62
89
43
17
18
104
84
110
83
44
55
56
12
47
63
62
17
14
113
105
100
90
97
53
130
37
101
98
122
30
65
40
58
54
121
113
119
74
15
143
85
123
121
45
117
137
136
115
25
6
50
16
112
72
105
69
13
43
139
120
75
134
88
78
50
57
20
82
93
34
108
4
10
68
92
52
84
106
23
58
70
21
57
36
123
80
118
93
60
22
28
49
11
7
139
16
87
51
115
81
91
53
1
65
79
99
141
85
18
26
38
103
69
79
2
31
38
19
82
130
99
86
2
64
28
140
124
55
73
29
126
59
141
95
90
140
32
54
24
135
39
89
66
125
71
8
4
103
83
33
35
44
138
91
68
60
86
9
40
72
129
114
87
111
111
39
7
88
96
42
94
119
97
102
31
71
32
51
48
109
12
64
49
133
75
120
6
42
136
96
74
102
128
41
41
78
76
47
80
24
30
131
22
132
112
33
101
11
59
124
9
3
125
109
114
10
144
23
117
70
35
52
19
141
121
79
103
18
90
119
143
120
65
32
38
4
73
15
92
68
25
35
111
120
69
137
129
113
123
33
81
41
143
108
53
101
135
89
36
136
140
58
36
102
47
76
11
72
54
42
50
75
129
134
131
34
103
94
6
126
85
126
37
63
136
22
83
78
40
138
110
92
9
13
23
61
15
29
3
100
130
60
70
85
125
50
52
144
122
16
41
113
51
80
43
79
53
27
17
87
97
140
30
19
26
60
101
91
77
141
52
106
25
8
57
3
124
64
117
119
10
5
49
71
21
5
144
14
115
31
48
139
116
114
88
6
84
28
75
133
125
124
11
19
96
54
112
59
100
1
39
105
139
37
20
70
67
132
58
67
90
97
87
38
102
80
39
23
56
109
46
59
81
142
142
115
96
86
94
118
128
137
106
66
78
51
44
40
46
13
24
122
22
57
93
28
108
72
68
43
112
98
7
107
1
130
114
4
55
64
2
45
8
55
82
12
98
71
123
61
65
45
104
34
44
121
132
30
26
84
14
128
49
77
27
117
107
18
135
127
7
99
9
116
83
134
86
56
32
17
95
91
110
99
104
33
109
69
16
20
24
10
73
111
88
127
29
31
76
105
63
66
62
118
93
133
95
82
35
131
89
74
21
138
74
2
47
42
62
48
12
