##Rat 6 Day 34
 ##rewards
83
94
16
##Vertices
113
50
63
13
121
111
103
41
129
118
77
121
101
79
16
21
33
29
39
116
51
72
140
139
48
18
76
64
100
99
34
79
68
118
31
14
56
75
97
1
55
12
53
14
10
58
30
92
139
143
46
35
125
122
89
42
105
4
76
115
95
107
13
114
7
8
3
7
74
85
43
102
26
36
54
100
137
106
71
52
11
115
112
96
110
61
32
130
15
56
62
102
51
45
73
113
135
136
124
80
57
93
84
72
106
52
93
44
53
131
65
49
104
135
89
75
5
123
133
21
109
129
25
77
5
22
58
2
60
134
127
91
18
99
42
131
84
125
74
60
23
128
38
65
126
112
83
62
126
78
19
8
11
40
132
86
70
55
69
16
133
34
61
90
12
27
2
144
6
88
86
81
103
19
88
69
142
94
57
6
108
28
35
28
40
124
90
114
98
64
63
10
128
82
136
81
119
120
9
31
33
43
67
110
143
27
95
108
98
117
59
71
97
78
17
91
30
122
138
127
117
87
80
22
70
45
17
137
141
111
20
41
24
66
20
142
123
132
49
109
44
105
82
59
144
73
36
138
83
24
92
37
67
50
39
32
140
4
47
9
48
116
96
3
101
54
37
15
107
26
104
68
1
130
47
66
94
29
119
23
85
87
120
46
25
38
134
141
1
98
126
31
135
10
87
71
38
50
79
83
6
77
93
100
81
58
24
55
133
137
108
103
1
104
13
106
96
15
66
44
106
128
132
93
142
11
25
110
41
14
4
22
127
42
129
67
82
6
26
76
121
84
15
111
119
46
105
74
52
75
83
10
72
18
63
21
88
45
144
116
56
21
132
78
136
36
107
19
116
89
144
34
90
85
29
141
49
96
139
51
84
7
73
142
36
130
111
9
50
125
47
4
104
69
46
110
30
24
118
99
137
53
60
121
56
123
85
140
54
102
86
64
62
48
80
103
57
52
100
19
92
115
59
35
79
107
35
68
87
61
30
82
57
28
90
8
131
64
69
65
27
17
94
130
122
75
54
63
51
49
76
98
60
131
42
138
55
14
122
22
136
86
135
20
92
112
134
105
78
29
89
73
40
43
32
65
127
134
43
119
66
97
7
88
114
27
140
12
39
23
37
91
139
2
124
44
129
11
117
80
126
91
16
13
53
120
25
33
31
20
38
124
113
5
143
70
12
117
47
2
109
101
143
94
72
16
109
99
41
77
128
102
112
125
8
133
23
40
74
118
59
58
68
113
97
70
5
141
71
67
48
28
34
115
108
45
138
61
3
18
17
114
123
39
95
33
26
37
81
95
32
3
62
9
101
120
12
11
23
35
47
48
36
24
12
11
10
9
8
20
32
44
43
31
30
42
54
55
56
68
67
66
78
77
65
64
76
88
87
75
63
62
74
73
85
86
98
97
109
110
111
99
100
112
124
123
122
121
133
134
135
136
137
138
126
127
115
116
128
129
130
131
132
144
143
142
141
140
139
138
137
125
113
114
102
103
91
90
89
101
102
90
78
79
80
81
93
94
95
107
106
105
117
118
119
120
108
96
84
72
71
83
82
70
69
57
45
33
21
22
34
46
58
59
60
72
84
96
108
107
95
83
82
94
106
105
104
92
93
81
69
57
45
44
32
31
19
7
6
18
17
5
4
16
15
3
2
14
13
25
26
27
28
40
52
53
41
29
28
27
39
38
37
49
61
73
85
97
98
99
111
123
122
110
109
121
133
134
135
136
124
112
113
125
126
114
115
127
139
140
128
129
141
142
143
144
132
120
119
131
130
118
117
116
104
103
91
92
80
79
67
68
56
55
43
42
41
40
52
53
54
66
65
77
89
101
100
88
87
86
74
75
76
64
63
51
39
51
50
62
61
49
50
38
37
25
26
14
15
16
17
29
30
18
19
20
21
33
34
46
58
70
71
59
60
48
47
35
36
24
23
22
10
9
8
7
6
5
4
3
2
1
13
1
133
121
122
123
124
136
135
134
133
121
109
97
85
86
87
88
76
75
63
64
65
77
89
90
78
66
67
55
54
42
43
44
32
31
30
18
19
7
8
20
21
9
10
22
34
33
45
46
47
35
23
11
12
24
36
48
60
72
71
83
82
94
95
107
119
131
143
144
132
120
108
96
84
72
60
59
58
70
69
81
80
68
56
57
69
68
67
79
91
103
104
116
128
129
117
105
106
118
130
142
141
140
139
138
126
127
115
114
102
101
100
99
98
110
111
112
113
125
137
138
139
140
141
129
128
127
115
116
117
105
93
92
104
103
102
101
100
88
87
75
74
73
61
62
50
49
37
38
26
25
13
14
2
3
15
27
39
40
41
53
52
51
39
27
28
16
4
5
6
7
8
9
21
33
34
35
23
22
10
11
12
24
36
48
47
46
58
59
71
70
82
83
84
96
95
107
108
120
132
144
143
142
130
131
119
118
106
94
93
81
80
92
91
79
78
90
89
77
76
64
52
40
41
53
65
66
54
55
56
57
45
44
32
20
19
31
43
42
30
29
28
29
17
18
6
5
17
16
4
3
15
14
26
38
50
51
63
62
74
86
98
99
111
112
113
114
126
125
137
136
124
123
135
134
122
110
109
97
85
73
61
49
37
25
13
1
2
1
144
138
36
124
64
117
28
82
77
38
49
58
2
121
8
44
97
15
95
100
50
24
132
98
68
22
114
64
117
70
113
111
55
96
78
21
92
56
18
129
119
111
125
118
114
75
113
87
19
93
55
24
35
107
79
86
56
108
126
53
90
109
109
47
125
106
69
48
80
26
42
84
101
132
32
98
39
105
126
84
38
131
21
72
136
31
123
29
69
17
91
90
88
124
54
22
128
63
140
141
107
95
14
52
73
141
71
77
78
129
116
135
37
4
23
62
81
34
4
120
82
57
68
130
110
135
5
76
103
143
42
119
65
7
46
10
128
137
39
96
143
65
106
12
59
134
94
6
134
120
11
121
79
92
61
2
127
8
41
30
72
76
110
47
70
99
1
41
30
112
137
43
23
73
89
94
37
20
29
9
10
67
74
66
118
112
80
99
67
139
6
53
102
15
97
62
57
115
32
7
13
116
83
61
46
27
35
19
83
138
100
81
9
60
115
88
139
1
40
25
14
130
93
142
51
33
43
131
49
60
75
108
48
58
87
34
16
18
28
123
45
3
104
102
133
133
12
25
89
26
101
74
103
51
5
71
3
52
33
140
63
27
85
20
86
31
44
54
50
17
122
59
13
40
36
16
142
11
91
105
144
127
45
122
85
104
66
136
100
67
137
68
136
123
33
78
111
12
45
59
17
3
62
92
8
4
63
97
31
31
38
82
83
119
12
10
103
81
114
36
14
60
6
49
70
124
18
128
10
90
5
7
129
17
68
109
80
140
2
130
95
102
69
74
14
37
100
21
79
114
118
94
121
16
53
26
83
46
84
47
48
119
73
137
8
1
60
132
52
120
124
74
9
131
140
134
59
116
143
1
98
131
139
138
80
2
104
85
142
110
105
143
29
135
76
64
136
72
4
37
128
33
96
43
64
116
77
24
93
57
20
127
53
47
122
56
5
57
69
15
25
22
88
42
30
75
76
112
39
142
144
105
99
15
44
35
45
11
90
108
48
54
103
85
117
50
29
115
95
107
75
141
40
13
36
94
41
27
18
89
112
86
11
32
144
46
44
138
106
58
51
19
134
133
133
42
61
106
38
108
28
7
9
66
115
84
63
86
109
71
50
87
71
25
73
101
72
65
41
130
125
141
19
79
78
67
30
101
34
129
26
91
77
55
93
52
66
62
55
92
3
123
27
49
88
43
121
87
56
118
110
34
113
125
61
81
135
120
126
113
70
21
6
127
24
54
13
102
132
139
98
122
23
20
65
23
58
96
40
111
22
39
82
99
104
97
89
107
91
16
35
117
126
32
51
28
144
143
131
119
120
132
144
143
142
130
129
128
116
104
103
91
79
78
77
76
75
87
88
100
99
98
86
85
73
74
62
61
49
50
38
39
27
26
25
37
49
61
73
85
97
109
110
122
121
133
134
135
123
111
112
124
136
137
138
126
114
115
127
139
140
141
142
130
118
117
105
93
81
69
57
56
55
67
68
80
92
93
94
106
107
108
96
84
83
71
72
60
59
47
35
36
48
60
72
84
96
95
83
82
70
58
46
45
44
43
31
19
20
8
7
6
5
17
29
28
16
4
3
2
14
15
27
28
40
41
53
54
42
30
18
6
7
8
9
21
22
23
24
12
11
10
9
21
33
32
44
43
55
56
68
80
92
91
90
89
101
113
125
137
136
124
112
100
88
76
64
65
66
67
79
78
66
54
42
41
29
30
31
32
20
19
18
17
5
4
16
15
3
2
1
13
1
13
14
26
25
37
38
39
51
50
62
74
86
98
97
109
110
122
121
133
134
135
123
111
99
87
75
63
51
63
64
52
40
52
53
65
77
89
90
102
103
104
116
115
114
102
101
113
125
126
138
139
127
128
140
141
129
117
105
106
118
119
131
132
120
108
107
95
94
82
81
69
70
58
57
45
33
34
46
34
35
23
22
10
11
12
24
36
48
47
59
71
1
13
14
15
3
2
1
13
25
26
38
50
51
52
64
65
66
78
90
102
114
113
101
100
112
124
125
137
138
126
127
139
140
128
129
117
118
130
142
141
140
139
138
137
136
135
123
122
134
133
121
109
110
111
99
98
97
85
73
74
75
63
62
61
49
37
25
26
27
39
40
41
42
43
44
56
68
67
55
54
53
41
29
28
16
4
5
6
18
19
7
8
20
21
22
10
9
8
7
6
5
17
18
30
31
32
33
45
57
69
70
71
59
60
72
84
96
95
94
106
107
108
120
132
131
119
118
106
105
93
92
80
81
82
83
84
72
60
48
47
35
23
11
12
24
36
48
47
46
58
57
69
68
56
55
54
53
65
77
89
88
87
86
85
97
98
99
100
101
102
103
91
79
67
66
78
79
80
81
93
94
82
70
58
59
71
83
95
96
108
107
119
120
132
144
143
144
143
131
130
142
141
129
117
116
128
127
126
125
124
136
135
123
122
134
133
121
109
110
111
112
113
114
115
116
115
103
104
105
104
92
91
90
89
77
76
64
52
51
63
75
76
88
87
86
74
73
61
62
50
49
37
38
39
40
28
27
15
14
2
3
4
16
17
29
30
42
43
31
32
44
45
46
34
33
34
22
23
35
36
24
12
11
10
9
21
20
19
86
50
7
68
71
10
65
36
141
63
114
8
49
131
29
67
87
35
20
49
89
133
76
1
16
33
22
86
34
9
5
97
120
110
74
84
25
124
53
51
99
125
113
79
114
24
42
45
16
72
90
119
127
134
81
112
130
62
77
15
133
35
18
59
144
128
60
78
83
87
93
21
23
101
129
5
126
2
77
106
67
95
33
102
128
31
97
41
83
124
29
36
113
50
69
121
6
20
122
117
61
139
123
48
26
30
56
9
130
40
51
48
39
85
47
59
11
115
111
39
43
61
109
90
26
99
17
54
73
44
120
69
106
28
89
42
64
132
105
93
62
1
56
57
121
104
63
129
14
38
19
81
137
53
54
134
131
70
30
136
98
32
72
139
13
118
142
92
138
117
44
123
6
13
100
31
82
101
136
79
37
96
110
58
76
103
60
45
132
91
27
10
70
32
17
37
125
75
107
108
142
127
143
94
68
108
3
85
71
12
66
18
138
8
28
103
88
41
95
52
11
46
109
74
73
3
82
135
2
140
34
84
80
126
21
78
64
47
75
46
15
7
91
52
94
88
143
40
38
118
4
100
55
24
137
43
116
80
25
27
66
107
12
4
19
23
96
144
98
14
104
112
57
115
65
116
102
55
119
58
122
135
141
140
22
105
92
111
84
101
139
120
99
82
99
108
51
128
88
32
67
14
74
114
109
25
105
143
41
144
100
85
123
85
117
15
69
106
63
135
81
8
50
6
142
23
51
5
134
73
82
91
48
62
10
47
72
131
14
113
45
21
18
4
8
40
15
22
50
97
44
34
108
141
47
60
77
141
123
86
102
129
61
119
60
57
34
11
119
77
78
25
142
132
111
95
39
38
57
76
53
53
44
124
103
128
31
56
93
32
111
96
17
117
4
62
125
98
27
29
18
69
80
43
140
81
144
27
84
88
54
94
70
112
66
36
79
116
138
16
26
1
71
98
33
42
122
109
30
80
74
76
24
3
12
113
13
125
68
93
130
67
26
31
122
89
64
49
37
42
9
143
63
121
137
140
23
138
55
59
29
70
9
126
94
55
120
136
114
96
54
20
35
75
66
92
132
107
133
52
43
36
46
90
118
83
83
129
19
28
17
58
104
112
131
22
105
97
130
2
72
28
73
37
6
110
91
75
110
92
126
137
1
65
101
5
48
116
68
121
134
2
11
106
71
40
46
133
7
21
7
64
139
61
115
135
90
102
87
24
41
13
49
52
104
10
86
107
20
127
59
16
56
100
87
127
136
79
124
89
103
39
65
30
12
78
19
38
3
35
45
115
118
95
58
33
133
134
135
136
137
125
124
123
122
121
109
110
111
99
100
101
89
90
102
103
104
116
115
127
139
140
128
129
141
142
143
131
119
107
108
96
95
94
93
92
80
81
69
68
67
66
54
55
43
42
41
53
52
64
65
77
78
79
91
92
93
105
117
118
130
142
141
140
139
138
126
114
113
112
100
88
87
75
76
88
87
86
85
97
98
99
111
112
113
101
102
103
104
105
106
94
82
70
71
59
47
48
36
35
34
46
58
57
56
44
45
33
32
20
21
9
10
22
23
11
12
24
36
48
60
72
84
83
82
81
69
57
56
44
45
33
32
31
30
18
19
7
6
5
4
16
17
29
28
27
26
38
50
51
39
40
52
51
63
62
61
49
37
25
13
1
2
14
15
3
4
16
15
3
2
1
13
14
26
25
37
38
39
27
28
40
41
53
54
42
30
29
17
5
6
18
19
31
43
55
67
68
80
79
91
90
89
77
78
66
65
64
76
75
63
62
50
49
61
73
74
86
74
73
85
97
98
110
109
121
133
134
122
123
135
136
124
125
137
138
126
114
115
127
128
129
130
131
143
144
132
144
132
120
119
120
108
96
84
72
60
59
47
35
23
24
12
11
10
9
8
7
8
20
21
22
34
46
58
70
71
83
95
107
106
118
117
116
144
143
131
119
120
108
96
84
72
60
48
36
35
47
46
45
57
56
44
32
31
19
7
6
5
17
16
4
3
15
14
2
1
13
25
37
38
39
40
52
53
41
29
28
27
26
25
37
49
50
51
63
64
65
66
54
42
43
55
67
68
69
81
82
70
58
59
71
83
95
94
93
105
117
116
128
140
139
127
126
138
137
125
124
136
135
134
122
110
109
97
85
73
61
62
74
86
98
99
100
101
102
114
113
112
111
123
135
136
137
138
139
140
141
142
130
129
117
118
106
107
108
96
95
94
82
81
80
79
78
90
91
103
115
127
126
125
124
123
111
112
113
114
102
101
89
88
87
75
76
77
65
66
67
68
69
57
45
33
34
22
23
11
10
9
21
20
8
7
6
18
19
20
8
9
21
22
10
11
12
24
12
24
23
35
36
48
60
72
84
83
71
70
58
59
47
46
34
33
32
44
56
55
43
31
30
18
17
5
4
16
28
29
30
42
54
53
41
40
39
27
15
3
2
1
13
14
26
38
50
49
61
73
74
62
63
51
52
64
76
75
87
86
85
97
109
121
133
134
133
121
122
110
98
99
100
88
89
77
78
90
91
79
80
92
104
105
106
107
119
118
130
131
132
120
132
144
143
142
141
129
128
116
115
103
104
92
93
