##Rat 4 Day 23
 ##rewards
126
113
47
##Vertices
144
132
131
130
118
119
120
108
96
95
83
84
72
71
70
58
59
60
48
47
46
34
22
23
35
36
24
12
11
10
9
8
20
19
31
32
44
45
57
69
68
80
79
91
92
93
81
82
94
106
105
117
129
128
140
141
142
143
144
132
120
119
107
106
105
104
116
115
103
102
114
126
125
137
138
139
127
115
114
113
101
100
112
111
110
122
123
124
136
135
134
133
121
109
97
98
86
85
73
61
49
50
62
74
75
63
64
52
40
28
27
26
25
37
38
39
51
63
75
87
99
100
88
76
77
89
90
78
66
67
55
43
42
54
53
65
64
52
51
39
27
15
14
13
1
2
3
4
5
6
7
8
9
21
33
45
46
58
57
56
44
43
31
30
18
17
29
41
40
28
16
17
16
15
14
13
1
2
3
4
5
6
7
19
18
30
29
41
42
54
53
65
66
78
77
76
88
89
90
91
103
102
101
113
112
111
99
87
86
74
62
50
38
26
25
37
49
61
73
85
97
98
110
109
121
133
134
122
123
135
136
124
125
137
138
126
127
139
140
128
129
141
142
143
131
130
118
117
116
104
92
80
79
67
55
56
68
69
70
71
83
82
81
93
94
95
107
108
96
84
72
60
59
47
48
36
35
23
24
12
11
10
22
34
33
32
20
21
1
2
3
4
16
17
5
6
7
8
9
10
11
12
24
23
35
36
48
47
46
45
57
56
44
43
31
30
42
54
66
65
64
76
75
63
51
50
38
39
27
26
14
13
25
37
49
61
73
85
86
98
97
109
121
133
134
135
136
124
123
122
110
111
112
100
101
89
90
91
103
102
114
113
125
126
127
128
129
141
140
139
138
137
136
135
123
111
99
87
88
100
99
87
75
74
62
63
64
52
40
41
53
54
55
67
68
80
79
78
77
65
53
52
51
39
40
28
29
41
42
30
18
19
20
32
33
21
22
34
46
58
59
60
72
71
83
84
96
95
107
108
120
119
131
132
144
143
142
130
118
117
116
104
105
93
81
69
70
82
94
106
118
117
105
104
92
93
81
69
57
58
59
60
72
84
83
71
70
82
94
106
107
95
96
108
120
119
131
132
144
143
142
130
129
141
140
128
116
115
103
115
114
126
127
139
138
137
125
124
112
113
101
102
90
89
88
76
77
78
66
67
79
91
92
80
68
56
55
43
31
19
18
17
29
28
27
15
16
15
14
26
38
50
62
74
86
98
110
122
134
133
121
109
97
85
73
61
49
37
25
13
1
2
3
4
5
6
7
8
20
21
9
10
22
23
11
12
24
36
48
47
35
34
33
45
44
32
15
9
115
144
16
51
134
82
44
107
18
101
58
123
77
64
124
60
55
72
101
5
105
30
114
72
34
86
12
69
40
22
31
99
45
32
138
127
84
52
66
54
125
88
125
65
96
139
137
8
73
25
21
93
87
2
29
89
136
26
86
51
73
112
31
111
63
136
35
96
13
6
3
43
122
81
118
39
109
18
37
109
14
56
3
142
88
17
131
32
34
4
92
7
107
85
33
41
90
46
57
69
112
55
141
94
105
26
59
128
50
143
76
108
66
70
130
91
122
7
33
50
130
23
93
35
62
121
116
53
64
20
139
28
114
100
85
22
47
70
61
9
67
24
42
118
76
134
77
142
19
15
104
123
89
79
36
126
11
14
102
43
39
135
127
103
53
27
68
108
79
98
82
110
25
28
45
56
120
133
128
48
20
124
61
17
2
132
41
11
27
54
129
23
95
74
137
120
1
119
113
12
121
94
52
6
78
140
71
92
49
62
75
99
111
75
78
74
103
42
95
143
65
80
90
126
44
81
19
8
10
49
38
132
71
10
59
58
13
117
135
57
97
106
1
102
97
5
133
98
115
129
104
87
40
83
37
63
116
91
117
36
16
60
83
38
110
106
21
141
140
131
46
47
67
119
80
4
138
24
48
30
100
144
113
68
84
29
135
45
9
52
101
137
125
10
112
143
53
124
4
90
49
57
56
46
24
80
81
78
17
68
93
17
92
57
27
144
1
15
67
122
63
63
61
45
39
8
87
14
121
56
50
74
6
127
69
82
71
124
64
54
16
39
142
92
73
70
51
117
73
43
32
76
80
130
13
68
90
18
19
75
135
47
8
29
118
87
108
55
138
2
88
26
144
65
115
111
11
3
114
138
12
104
103
108
97
86
40
85
99
113
96
1
64
117
60
6
71
2
36
110
89
141
110
129
59
31
131
102
133
19
59
22
72
43
5
18
114
132
52
70
118
62
37
109
94
107
28
109
26
123
7
49
22
48
46
35
14
140
122
97
129
34
66
44
123
20
32
44
77
79
116
36
48
95
134
33
83
89
120
107
133
23
127
11
105
58
76
38
3
33
125
83
137
81
128
139
82
136
42
126
136
111
93
66
53
106
115
139
31
54
60
21
7
35
126
41
96
91
85
91
86
143
101
9
51
120
142
20
116
13
121
42
40
99
12
15
119
50
62
79
24
140
4
69
141
105
74
16
27
100
134
28
47
100
88
84
38
102
75
113
5
84
30
65
106
77
72
67
29
98
103
78
131
98
25
104
37
130
132
55
23
34
94
119
10
41
21
61
128
30
95
112
58
25
12
24
36
35
23
22
10
11
12
24
36
48
60
72
84
96
108
120
119
118
130
142
141
140
139
138
137
125
124
136
135
123
122
121
109
97
98
110
111
112
113
114
126
127
115
103
102
101
89
77
76
64
65
66
78
90
91
79
67
68
69
57
58
59
47
46
34
33
32
20
8
9
21
33
45
44
43
42
54
55
56
44
45
57
56
55
67
68
80
92
104
116
128
129
117
105
93
81
82
94
106
107
95
83
71
70
82
94
93
105
104
116
115
103
102
101
100
88
87
99
111
112
100
88
76
75
63
51
52
53
41
40
28
27
39
38
26
14
15
16
4
3
2
1
13
25
37
49
50
62
74
86
85
73
61
49
37
38
39
27
28
29
17
5
6
7
19
18
30
31
32
20
21
22
34
46
58
70
69
81
80
92
91
79
78
66
54
42
43
31
19
18
30
29
17
16
15
14
26
25
13
1
2
3
4
5
6
7
8
9
10
11
23
35
47
48
60
59
71
72
84
83
95
96
108
120
119
107
106
118
117
129
130
131
143
131
132
144
132
144
143
142
141
140
128
127
139
138
126
114
113
125
137
136
124
123
135
134
133
121
133
134
122
110
109
97
98
99
87
75
74
86
85
73
61
62
50
51
63
64
52
40
41
53
65
77
89
90
133
134
135
123
111
99
98
86
74
62
61
73
85
97
109
110
122
121
109
97
85
73
74
75
87
88
76
77
65
66
54
55
56
68
80
79
78
90
102
114
115
116
128
127
139
140
141
142
130
118
117
129
141
140
139
138
137
136
124
112
113
125
126
114
113
101
100
88
89
77
78
66
67
55
43
42
41
40
52
51
50
38
39
27
26
14
15
16
4
5
17
29
30
18
6
7
19
20
32
44
45
33
34
35
36
24
12
11
23
22
10
9
8
7
6
5
4
3
2
1
13
25
37
49
61
62
63
64
65
53
54
42
43
31
32
44
45
46
47
59
71
70
58
57
69
81
82
83
84
96
95
94
93
92
91
103
104
105
106
107
119
131
143
144
132
120
108
96
84
72
60
72
71
83
82
94
95
107
108
120
119
131
132
144
143
142
130
129
117
118
106
105
104
116
128
127
115
103
102
101
89
90
91
92
93
81
80
79
67
68
56
57
69
70
58
59
60
48
36
48
47
46
34
35
23
24
12
11
10
22
21
33
21
9
8
20
19
31
30
18
17
16
28
27
26
14
15
3
2
1
13
25
37
49
50
38
39
40
28
29
41
53
52
51
63
64
76
75
87
99
100
112
111
123
124
125
126
138
137
136
135
134
133
121
122
110
98
86
10
116
106
79
61
119
50
97
59
43
26
70
39
117
137
72
75
125
28
8
56
114
108
98
4
34
70
19
114
110
135
116
136
103
110
9
62
112
20
22
115
7
15
9
1
62
119
37
109
130
130
15
105
51
138
48
16
58
92
52
143
122
133
139
113
50
126
21
12
2
5
129
86
18
10
134
133
20
55
99
94
45
42
6
36
138
76
129
108
89
74
39
80
85
61
82
27
77
128
75
91
4
64
122
131
66
45
111
58
29
17
112
81
69
28
98
141
131
11
107
120
76
93
142
142
90
60
95
128
95
134
26
2
33
12
53
106
87
16
123
33
124
49
51
30
66
97
88
126
38
139
35
82
30
96
123
63
32
89
71
69
83
7
120
52
5
11
104
136
59
25
13
31
47
144
54
101
32
84
63
137
53
3
94
105
40
43
92
47
25
56
113
41
44
115
83
40
67
57
104
111
17
38
21
55
8
101
132
100
68
31
49
6
74
57
48
117
18
42
79
140
127
65
80
77
14
1
67
23
81
100
46
118
34
65
71
143
102
19
24
73
13
93
91
118
107
132
121
144
78
23
124
135
37
125
73
99
44
41
54
85
29
90
96
127
60
121
36
86
64
103
88
78
102
24
109
87
84
140
3
72
141
14
35
68
22
46
27
81
130
103
21
89
99
143
70
46
114
35
95
60
84
71
97
29
8
28
110
63
142
25
5
34
110
32
51
90
31
54
112
104
31
42
109
10
138
115
66
91
125
69
129
34
111
111
122
13
50
46
91
72
133
52
126
77
40
4
1
51
64
137
140
39
113
24
27
135
65
18
135
107
39
139
9
41
141
17
131
76
105
125
14
105
77
55
63
124
104
117
74
11
96
53
81
127
33
120
28
56
54
78
61
5
94
83
8
86
93
92
49
24
43
3
75
9
33
85
128
62
53
98
60
78
59
3
138
44
66
1
119
69
120
96
123
124
50
101
16
65
41
101
19
102
12
127
76
19
26
133
10
47
139
6
2
57
90
20
106
126
38
43
11
13
86
15
22
93
64
97
45
59
88
134
99
52
102
84
25
62
140
17
7
142
121
71
68
2
122
4
47
88
48
30
144
114
82
37
29
74
130
15
98
21
79
136
32
26
116
107
92
58
61
18
115
87
103
80
89
95
68
57
118
67
72
14
40
112
117
137
132
22
82
42
23
73
113
58
79
129
118
49
144
75
35
128
106
141
55
100
131
94
12
85
132
23
20
67
134
100
36
44
87
116
121
16
30
73
109
108
37
6
7
123
56
83
80
38
119
45
48
36
27
136
143
70
108
1
2
14
26
27
15
3
4
5
17
18
6
7
19
31
32
20
8
9
21
33
34
35
23
22
10
11
12
24
36
48
60
59
71
70
58
57
45
44
43
55
54
66
65
53
41
42
30
29
28
40
39
38
50
49
37
25
13
1
2
3
15
16
28
40
52
51
63
64
76
75
74
86
85
73
61
62
63
75
87
88
100
99
111
123
122
110
98
97
109
121
133
134
135
136
124
125
137
138
139
140
128
127
126
114
115
103
104
105
106
118
130
142
141
129
117
116
115
114
113
112
100
101
102
90
89
77
78
79
67
68
69
81
80
92
91
103
104
116
117
118
119
131
143
144
132
120
108
96
84
72
60
48
47
46
45
33
32
44
56
57
69
70
82
83
95
94
93
105
106
107
95
107
119
131
143
144
132
120
108
96
84
72
71
83
82
94
93
81
80
92
91
79
78
90
102
101
89
77
65
64
76
88
87
99
111
112
113
125
126
127
128
129
130
142
141
140
139
138
137
136
124
123
135
134
133
121
122
110
109
97
98
86
85
73
74
62
61
49
50
38
37
25
13
14
26
27
39
51
52
53
54
66
67
68
56
55
43
31
19
18
30
42
41
29
17
16
4
5
6
7
8
20
21
9
10
22
23
11
12
24
36
35
34
46
58
59
47
144
143
142
141
129
128
140
139
138
137
136
135
134
133
121
122
110
109
97
98
99
100
88
89
101
102
114
115
103
91
79
80
81
69
70
82
94
95
107
106
118
119
131
132
120
108
96
84
72
60
59
47
48
36
24
12
11
10
9
21
22
23
35
34
33
45
44
56
55
54
42
43
31
32
20
19
18
17
16
4
5
6
7
8
9
10
22
34
46
58
57
45
46
58
70
71
83
82
81
93
105
104
92
91
90
78
77
65
66
67
68
80
92
93
94
106
105
117
116
104
103
115
127
126
125
113
112
124
123
111
99
87
86
85
73
74
62
61
49
50
38
37
25
26
14
13
1
2
3
15
27
28
29
41
40
52
64
76
75
63
51
39
27
28
40
41
53
52
64
76
88
87
86
85
73
61
62
74
75
63
51
39
38
50
49
37
25
26
14
13
1
2
3
15
16
4
5
17
29
30
42
30
31
19
18
6
7
8
20
21
33
32
44
43
55
56
57
69
68
67
79
78
66
54
53
65
77
89
90
102
114
126
127
128
116
117
118
130
129
130
131
119
107
95
83
71
59
47
35
23
11
12
24
36
48
60
72
84
96
108
120
132
144
143
142
141
140
139
138
137
125
124
136
135
123
122
134
133
121
109
97
98
110
111
112
100
101
113
9
43
114
50
13
25
10
3
121
133
91
77
4
77
12
70
102
104
39
108
72
111
37
18
117
108
74
126
127
120
33
97
64
17
80
20
109
133
61
70
125
26
7
95
65
90
25
47
124
101
20
137
128
73
130
36
110
143
88
3
23
141
92
14
81
66
103
28
53
76
12
13
29
54
134
62
137
54
9
19
8
86
64
117
18
129
82
38
53
57
15
67
74
98
62
28
118
140
51
92
15
115
124
106
35
55
130
113
139
115
63
94
139
71
109
93
52
31
134
46
46
6
103
68
26
8
96
36
97
56
80
140
87
79
44
106
1
43
22
41
7
79
47
32
75
76
41
122
68
141
143
65
60
67
11
48
100
71
55
114
34
112
40
56
102
96
50
112
51
5
131
132
82
32
1
93
63
87
81
142
21
33
136
136
35
135
118
24
45
57
95
125
84
116
84
30
42
48
4
38
39
75
101
144
59
138
138
44
45
89
99
21
23
29
37
111
129
123
113
42
30
34
90
11
58
135
59
58
120
86
69
107
83
119
6
31
119
60
142
27
83
61
110
123
10
128
24
22
16
98
127
40
78
66
104
49
78
73
99
107
100
94
69
16
19
2
131
126
89
85
17
122
5
144
88
2
49
91
116
27
72
105
105
85
132
121
14
52
107
96
108
34
51
85
38
111
88
40
81
123
50
49
56
65
89
92
54
59
94
43
110
118
86
36
19
46
117
79
141
96
4
90
45
15
75
11
12
47
15
63
38
124
136
114
10
39
62
53
52
44
73
50
104
44
20
57
112
2
108
30
130
115
83
129
114
127
4
32
54
109
95
18
124
27
42
92
134
24
142
66
60
23
111
59
101
41
6
70
68
119
117
28
83
74
107
57
43
79
144
41
84
90
80
122
101
46
29
73
61
22
95
30
133
137
2
22
7
91
99
8
78
24
49
105
97
60
52
119
29
100
93
126
103
7
136
1
121
128
35
10
31
21
106
125
121
116
135
64
141
98
93
5
20
116
75
131
12
68
58
122
21
3
99
131
133
53
109
42
85
126
55
33
113
84
16
87
8
47
26
94
37
76
113
144
25
112
110
134
67
128
14
19
135
89
120
123
1
138
69
125
36
65
5
17
9
28
70
82
105
31
25
132
14
56
97
77
6
102
35
129
63
78
91
55
139
26
77
71
80
18
104
16
86
61
71
9
140
13
67
51
115
39
118
100
62
143
81
120
74
17
137
34
139
66
138
130
88
58
143
48
98
27
37
102
45
33
132
140
40
103
23
64
106
127
82
69
142
3
11
13
72
32
87
72
76
48
