##Rat 6 Day 3
 ##rewards
83
94
16
##Vertices
1
13
25
37
49
50
38
39
27
28
40
52
64
76
75
87
88
89
77
78
90
91
103
102
114
115
127
139
138
137
125
126
114
113
101
100
99
98
86
85
97
109
121
133
134
122
123
135
136
124
112
111
110
109
97
85
73
74
62
63
51
39
27
26
14
15
3
4
5
6
18
30
29
41
53
54
66
65
77
89
101
113
112
100
88
76
64
52
40
28
16
17
5
6
7
19
31
43
55
56
57
58
46
45
33
21
9
10
11
23
35
34
22
10
9
8
20
32
44
45
46
47
48
60
72
71
70
69
68
80
92
104
116
128
140
141
142
143
144
132
120
108
107
95
96
84
83
82
81
93
105
106
94
93
105
117
118
119
131
130
129
117
118
106
94
82
81
80
79
67
68
56
55
67
79
91
92
104
116
115
103
102
90
78
66
65
53
41
29
17
18
30
42
54
42
43
44
32
31
19
7
8
20
21
33
34
22
23
35
36
24
12
11
12
24
36
48
60
59
47
59
58
57
69
70
71
72
84
83
95
96
108
107
119
120
132
144
143
131
130
142
141
129
128
140
139
127
126
138
137
125
124
136
135
134
133
121
122
123
111
110
98
99
87
86
74
75
63
51
50
62
61
73
61
49
37
38
26
25
13
14
15
16
4
3
2
1
2
12
11
23
35
34
22
10
9
8
20
19
7
6
18
30
29
17
5
4
16
28
27
26
14
15
3
2
1
13
25
37
49
50
62
63
51
52
40
41
42
54
55
67
68
56
44
43
31
32
33
45
46
47
59
60
48
36
24
12
11
10
22
21
33
45
57
58
70
69
81
82
83
95
96
84
72
71
70
82
94
93
105
106
118
130
131
119
107
108
120
132
144
143
142
141
129
128
140
139
138
137
125
126
127
115
114
102
101
100
99
111
123
135
136
124
112
113
114
115
116
117
105
104
103
91
92
80
79
78
66
65
64
76
77
89
90
102
101
113
112
111
110
122
134
133
121
109
97
85
73
61
49
37
38
39
40
28
29
41
53
52
64
63
75
74
86
87
88
100
99
98
86
98
110
122
134
133
121
109
97
85
73
61
62
74
75
87
88
76
77
89
90
78
79
91
103
104
92
80
68
69
81
93
94
106
118
117
116
128
127
126
125
124
123
135
136
137
138
139
140
141
129
130
142
143
144
132
131
119
120
108
107
95
96
84
83
71
72
60
59
47
48
36
24
23
35
34
46
58
57
56
55
67
66
65
53
54
42
30
18
19
31
43
44
32
20
21
9
8
7
6
5
17
16
4
3
15
14
2
1
13
25
26
27
39
51
50
38
67
92
11
80
127
114
71
77
87
94
86
61
13
73
16
99
69
75
116
123
137
128
20
122
3
24
69
2
97
115
93
33
59
101
97
60
91
85
80
17
36
139
22
119
144
58
79
59
111
7
142
133
139
25
46
65
52
68
87
35
72
40
67
40
5
15
32
6
66
137
70
89
105
41
133
32
90
43
95
50
132
1
125
136
11
51
96
9
81
10
45
42
63
39
127
140
138
138
78
43
142
135
31
130
122
16
18
106
131
30
132
90
54
113
37
29
21
14
102
130
77
111
125
144
25
82
121
105
49
116
121
15
48
83
6
126
109
28
57
8
73
108
98
66
52
112
70
27
58
9
19
33
120
23
103
117
20
8
101
109
38
94
84
129
50
93
13
37
5
17
92
39
47
143
7
10
28
98
4
72
62
56
34
26
140
115
113
120
91
44
134
45
61
19
119
31
64
23
41
104
128
38
42
71
118
102
85
112
26
68
86
107
141
54
141
95
83
22
106
34
103
143
82
117
135
78
30
12
129
55
100
24
21
56
53
88
100
49
36
46
3
104
27
57
89
124
99
62
63
60
107
118
51
136
74
18
84
35
108
76
65
114
96
75
53
4
44
123
76
110
126
47
14
74
2
64
81
110
79
134
12
55
124
29
1
88
131
48
108
15
31
118
139
5
118
43
91
47
61
77
101
39
11
123
4
123
75
133
9
24
107
14
36
12
65
57
83
90
109
26
117
143
100
27
7
18
32
3
141
29
132
9
73
82
92
21
25
1
120
136
57
137
141
50
122
10
51
16
16
30
114
8
129
89
76
104
13
100
69
125
138
87
24
22
79
105
130
92
134
88
15
40
84
62
139
17
115
28
94
68
113
84
121
2
59
142
99
50
87
28
12
8
42
70
34
2
58
52
56
6
73
102
98
22
66
71
122
38
79
80
40
95
130
90
99
75
103
88
60
4
81
54
62
117
98
96
120
128
18
111
126
144
37
7
44
56
142
85
68
131
82
96
86
46
14
11
135
110
134
94
38
93
49
115
35
67
129
52
49
138
89
95
83
36
77
81
127
106
31
60
45
69
91
121
58
63
42
104
119
43
20
107
32
54
37
34
133
63
126
65
41
108
74
6
97
72
144
47
111
110
10
59
127
41
51
85
78
93
1
3
124
55
124
30
5
105
55
128
61
67
71
53
137
143
136
116
125
29
103
17
19
140
74
140
72
114
70
26
131
64
33
135
97
23
80
119
113
132
23
66
19
46
33
20
78
45
86
106
21
13
35
76
27
64
116
109
44
48
25
39
101
53
112
112
102
48
144
132
120
119
131
130
142
143
144
132
120
108
96
84
72
60
48
36
35
34
22
10
9
8
7
6
5
17
16
4
3
15
14
13
25
37
38
26
27
28
29
30
18
19
31
43
42
41
53
65
64
76
77
78
66
54
55
67
79
80
81
93
94
95
107
106
118
117
116
128
140
141
129
117
105
104
103
102
90
91
92
104
105
93
92
91
79
80
68
56
44
32
20
21
33
45
57
69
70
58
46
47
59
71
83
82
70
58
57
45
44
32
31
43
42
41
40
52
51
39
27
28
40
52
64
63
75
87
88
89
101
100
112
111
99
98
110
122
123
124
136
135
134
133
121
109
97
85
86
74
62
50
49
61
73
85
97
98
99
111
112
113
125
137
138
139
127
126
114
115
116
128
129
130
118
106
94
82
81
69
68
56
55
67
66
78
90
102
103
115
127
126
114
113
125
124
123
122
110
109
121
133
134
135
136
137
138
139
140
141
142
143
131
119
107
108
96
95
83
84
72
71
59
60
48
36
35
47
46
34
33
21
22
23
11
23
24
12
24
12
11
10
9
8
20
19
7
6
18
30
29
17
5
4
16
15
3
2
1
13
1
2
14
26
25
37
38
39
51
63
62
50
49
61
73
74
86
87
75
76
88
100
101
89
77
65
53
54
133
134
135
123
111
99
98
86
74
62
61
73
85
97
109
110
122
121
109
97
85
73
74
75
87
88
76
77
65
66
54
55
56
68
80
79
78
90
102
114
115
116
128
127
139
140
141
142
130
118
117
129
141
140
139
138
137
136
124
112
113
125
126
114
113
101
100
88
89
77
78
66
67
55
43
42
41
40
52
51
50
38
39
27
26
14
15
16
4
5
17
29
30
18
6
7
19
20
32
44
45
33
34
35
36
24
12
11
23
22
10
9
8
7
6
5
4
3
2
1
13
25
37
49
61
62
63
64
65
53
54
42
43
31
32
44
45
46
47
59
71
70
58
57
69
81
82
83
84
96
95
94
93
92
91
103
104
105
106
107
119
131
143
144
132
120
108
96
84
72
60
72
71
83
82
94
95
107
108
120
119
131
132
144
143
142
130
129
117
118
106
105
104
116
128
127
115
103
102
101
89
90
91
92
93
81
80
79
67
68
56
57
69
70
58
59
60
48
36
48
47
46
34
35
23
24
12
11
10
22
21
33
21
9
8
20
19
31
30
18
17
16
28
27
26
14
15
3
2
1
13
25
37
49
50
38
39
40
28
29
41
53
52
51
63
64
76
75
87
99
100
112
111
123
124
125
126
138
137
136
135
134
133
121
122
110
98
86
24
100
33
49
62
89
134
19
106
40
11
93
103
10
93
62
143
78
96
12
6
16
128
21
86
67
127
113
56
1
45
104
123
75
32
135
110
112
54
137
133
5
63
70
47
14
14
88
136
141
95
26
52
11
60
27
74
73
73
34
24
37
7
142
55
78
90
143
47
23
139
94
4
83
105
41
83
69
77
134
57
101
43
99
32
2
126
8
116
118
144
124
101
117
98
102
29
81
138
9
65
109
126
6
120
109
89
66
76
15
34
141
63
91
5
55
19
3
61
139
1
88
91
140
52
117
70
37
105
25
48
140
64
59
40
27
103
130
29
31
39
129
97
122
132
138
108
20
60
128
17
50
49
42
41
116
51
51
25
57
119
4
13
104
59
142
38
82
23
44
79
50
106
7
115
125
21
82
64
108
112
46
131
132
42
35
124
87
72
102
110
90
38
81
131
26
92
16
122
20
111
8
76
30
12
36
107
69
43
31
130
44
120
114
67
115
71
87
94
137
10
121
22
46
125
13
123
75
71
68
3
30
84
95
45
17
113
86
61
22
80
66
58
121
99
54
129
98
77
28
74
85
9
133
33
127
135
15
79
58
96
18
72
114
136
111
18
92
53
48
107
39
56
68
118
65
85
144
35
80
28
53
97
119
36
2
84
100
32
106
80
75
84
99
3
48
12
115
108
1
63
116
140
49
122
40
70
127
73
58
57
20
87
79
21
16
17
91
73
125
100
89
69
43
46
128
136
123
66
111
96
88
109
47
62
29
39
71
121
11
11
45
42
114
113
100
67
19
130
38
37
122
1
32
80
65
83
47
31
103
103
65
137
15
71
72
92
54
104
14
24
68
33
39
135
36
105
48
139
95
94
139
119
54
123
90
94
72
6
143
18
142
114
119
108
4
69
127
34
20
82
17
97
55
102
142
7
97
60
133
12
60
57
28
29
31
98
112
126
7
44
27
9
117
56
141
23
44
134
96
59
19
82
13
30
130
120
118
141
10
90
9
132
38
10
26
74
112
18
22
137
83
143
113
104
75
93
87
93
5
70
76
81
138
25
62
140
53
35
85
102
129
110
28
30
56
116
26
58
35
74
138
3
42
111
61
23
16
46
85
81
59
25
6
124
131
129
45
63
77
13
64
117
101
124
50
8
121
106
55
78
15
99
2
98
41
43
53
27
107
136
92
144
40
79
77
5
51
24
78
68
14
134
120
133
61
131
118
33
66
88
67
36
101
105
110
21
128
41
132
86
86
52
52
95
125
91
126
2
135
8
115
109
4
107
76
89
64
84
34
37
49
51
144
50
22
1
13
25
37
38
50
49
61
73
85
97
109
121
133
134
122
123
135
136
124
112
100
101
89
88
76
75
63
64
65
66
54
42
43
31
30
29
17
16
28
27
15
14
2
3
4
5
6
7
8
20
21
9
10
11
12
24
36
48
47
35
23
22
34
46
45
57
56
68
80
81
69
70
58
59
71
83
95
107
108
96
84
72
60
48
36
35
34
33
32
44
45
33
32
31
19
18
30
42
41
40
52
53
65
77
78
90
91
79
67
55
54
53
41
29
28
40
39
51
52
64
63
62
74
86
87
99
98
110
111
112
113
125
137
138
126
127
139
140
128
129
141
142
130
131
143
144
132
120
119
118
106
94
93
105
104
103
102
114
115
116
117
118
106
105
93
92
104
103
102
101
113
125
137
138
139
127
126
114
115
116
117
129
128
140
141
142
130
131
143
144
132
120
119
107
108
96
95
94
82
81
82
70
71
83
84
72
60
59
47
46
58
57
69
68
56
44
43
55
67
66
78
79
80
92
91
90
89
77
76
75
74
62
50
51
39
27
26
38
26
14
15
16
17
18
19
20
21
22
23
24
12
11
10
9
8
7
6
5
4
3
2
1
13
25
37
49
61
73
85
86
98
97
109
110
122
121
133
134
135
136
124
123
111
99
100
88
87
133
121
109
110
111
112
124
125
126
127
139
138
137
136
135
123
122
134
135
136
137
138
126
114
113
101
102
90
91
79
80
68
56
55
54
66
78
77
76
75
63
51
50
62
61
49
37
25
26
27
39
38
37
49
61
73
85
97
98
99
87
86
74
75
87
88
100
101
89
90
78
79
67
68
69
81
93
105
104
116
128
129
117
118
130
131
119
107
108
96
95
94
82
83
84
72
71
59
58
57
45
46
34
22
10
11
12
24
23
35
36
48
60
72
84
96
108
120
132
144
143
142
141
140
139
127
115
103
91
92
80
81
69
70
58
57
45
33
21
20
19
31
32
44
43
42
30
18
6
5
17
29
41
53
65
64
52
40
28
16
15
14
13
1
2
3
4
5
6
7
8
7
19
18
30
29
17
16
4
3
15
14
2
1
13
25
26
38
39
27
28
40
52
51
50
62
63
64
76
88
89
77
65
53
41
42
54
66
67
55
56
44
43
31
32
20
8
9
10
9
21
33
34
22
23
11
12
24
36
35
47
46
47
48
60
59
71
70
82
83
95
107
106
118
130
131
119
120
132
144
143
142
141
140
128
129
117
105
106
94
93
92
104
116
115
103
102
114
113
112
100
99
111
110
98
86
74
73
85
97
109
121
133
134
122
123
124
125
54
34
74
93
14
130
4
29
99
37
75
90
73
110
48
13
108
50
51
17
82
80
136
63
43
89
70
81
71
80
79
75
125
40
108
106
1
111
44
92
46
24
52
29
126
65
18
66
126
78
113
6
107
117
141
139
121
52
6
96
10
106
76
32
118
77
93
24
64
28
55
60
57
119
36
87
113
76
137
34
111
94
7
11
129
53
91
86
142
10
112
138
5
45
49
36
25
21
140
2
18
104
137
67
114
62
28
69
121
81
102
59
8
56
11
92
128
87
100
22
51
95
129
4
54
120
33
131
98
125
57
58
102
124
69
16
5
101
116
79
144
139
78
22
23
118
103
61
84
21
124
112
127
131
12
16
12
31
14
133
15
133
142
132
15
31
135
61
109
144
43
49
138
71
35
23
134
30
41
35
65
62
83
60
97
68
46
88
9
20
95
67
47
77
44
123
105
74
56
26
39
117
39
94
19
103
99
135
63
8
140
2
45
3
83
7
68
19
96
122
88
122
20
119
130
26
42
59
110
85
85
1
141
25
27
38
109
70
17
33
98
115
89
136
128
132
9
48
116
84
13
91
100
97
3
104
86
120
38
64
90
58
107
42
66
114
47
101
134
27
72
30
32
41
115
55
143
72
50
123
40
127
73
105
37
143
53
82
79
87
15
132
133
131
139
82
30
88
11
31
69
121
1
63
137
133
134
26
72
140
78
132
44
140
128
119
41
90
138
127
48
69
38
19
82
107
66
22
55
112
115
74
75
37
97
143
51
99
60
124
105
65
135
93
142
67
32
6
129
88
2
21
135
26
116
34
38
53
28
89
18
70
9
14
109
36
6
30
141
77
126
3
56
126
106
62
16
41
136
84
59
104
5
144
122
136
27
40
42
61
75
125
23
48
63
12
103
115
114
101
120
33
56
105
68
119
7
35
46
20
73
43
1
90
21
142
29
40
112
118
129
28
39
16
10
118
106
66
111
45
100
32
23
76
122
81
130
85
55
70
15
27
117
86
123
99
33
47
71
114
29
127
84
102
87
65
58
52
86
98
58
98
128
36
12
54
120
138
31
139
44
94
141
10
53
95
54
64
130
19
47
50
79
81
20
11
67
134
96
123
60
101
144
8
117
100
24
71
5
111
83
22
2
14
62
92
91
24
61
97
137
35
17
9
49
13
124
18
108
80
73
85
42
45
113
80
25
43
103
121
50
25
95
110
78
4
34
94
49
93
8
91
3
108
57
13
37
76
104
7
4
113
46
96
39
74
52
110
51
102
92
57
89
68
143
107
59
17
116
125
131
109
83
77
72
64
