##Rat 4 Day 48
 ##rewards
126
113
47
##Vertices
65
22
49
54
49
103
102
61
122
134
117
18
50
45
118
123
91
95
31
75
43
128
36
129
114
115
115
33
119
19
125
4
3
38
35
125
112
57
24
77
39
61
67
13
134
64
15
74
20
86
56
28
15
16
72
8
81
127
129
85
114
100
101
109
48
116
100
71
133
116
44
71
5
99
126
37
130
92
60
56
87
73
38
79
3
106
89
16
4
52
111
136
68
98
132
62
8
113
26
64
41
53
63
6
83
88
119
25
104
99
23
5
133
141
136
143
23
9
128
75
30
104
18
120
90
131
139
105
140
143
105
7
82
138
52
60
32
82
19
80
2
70
131
84
27
46
127
25
54
28
58
122
17
31
106
95
12
37
42
83
63
85
141
17
29
130
74
69
137
135
47
97
142
124
101
12
87
46
137
84
144
33
14
34
96
73
51
76
103
93
65
11
22
62
41
76
72
68
113
40
57
20
1
135
58
121
97
112
70
96
132
43
94
126
91
47
124
123
53
10
6
1
59
110
80
142
92
39
40
98
138
44
14
55
11
86
108
21
9
27
118
32
69
7
102
120
109
89
26
88
107
78
51
48
111
121
78
139
67
94
36
45
59
2
42
81
140
66
90
77
117
50
107
35
30
66
55
21
34
108
110
24
93
29
10
144
13
79
127
17
123
57
78
6
143
55
83
101
43
121
29
99
67
101
30
120
142
129
89
140
77
33
56
51
24
98
107
94
105
97
49
73
88
102
70
71
3
17
40
131
126
65
66
66
95
16
18
116
68
137
46
40
90
30
26
92
43
135
38
15
111
122
12
72
28
39
50
96
75
44
46
133
93
7
144
35
137
138
84
60
32
112
54
108
120
100
134
132
142
62
23
1
35
45
76
81
11
23
127
38
41
115
48
31
95
20
72
69
15
27
22
2
60
140
124
92
102
59
45
56
63
114
4
88
73
131
42
83
48
50
7
21
113
91
52
26
138
41
139
118
76
84
115
8
14
99
25
33
37
47
67
74
130
133
128
20
81
108
1
86
44
107
19
109
54
13
59
139
106
39
125
125
3
89
98
110
116
141
6
79
100
13
12
9
78
144
9
134
111
29
123
61
42
80
124
34
85
74
143
82
25
70
10
32
4
86
8
77
55
104
21
104
28
61
114
18
113
97
96
71
93
52
51
135
119
53
68
130
87
94
106
117
79
136
117
103
57
87
128
119
24
103
22
31
105
75
141
126
132
47
19
82
122
5
69
5
136
58
58
36
80
49
121
16
62
65
27
63
2
64
64
110
112
10
34
109
91
85
90
14
129
11
37
53
118
36
144
143
131
119
120
132
144
143
142
130
129
128
116
104
103
91
79
78
77
76
75
87
88
100
99
98
86
85
73
74
62
61
49
50
38
39
27
26
25
37
49
61
73
85
97
109
110
122
121
133
134
135
123
111
112
124
136
137
138
126
114
115
127
139
140
141
142
130
118
117
105
93
81
69
57
56
55
67
68
80
92
93
94
106
107
108
96
84
83
71
72
60
59
47
35
36
48
60
72
84
96
95
83
82
70
58
46
45
44
43
31
19
20
8
7
6
5
17
29
28
16
4
3
2
14
15
27
28
40
41
53
54
42
30
18
6
7
8
9
21
22
23
24
12
11
10
9
21
33
32
44
43
55
56
68
80
92
91
90
89
101
113
125
137
136
124
112
100
88
76
64
65
66
67
79
78
66
54
42
41
29
30
31
32
20
19
18
17
5
4
16
15
3
2
1
13
1
13
14
26
25
37
38
39
51
50
62
74
86
98
97
109
110
122
121
133
134
135
123
111
99
87
75
63
51
63
64
52
40
52
53
65
77
89
90
102
103
104
116
115
114
102
101
113
125
126
138
139
127
128
140
141
129
117
105
106
118
119
131
132
120
108
107
95
94
82
81
69
70
58
57
45
33
34
46
34
35
23
22
10
11
12
24
36
48
47
59
71
133
134
135
123
122
110
109
97
98
99
100
88
87
75
63
62
74
86
85
73
61
49
37
25
26
14
13
1
2
3
4
5
17
29
28
16
15
27
39
40
41
53
52
64
65
66
54
42
30
18
19
31
32
44
43
55
67
68
56
57
45
33
34
22
10
11
12
24
23
35
36
48
60
72
84
83
71
70
82
94
93
81
80
79
78
77
76
88
89
90
91
92
104
103
115
114
102
101
113
125
126
127
128
116
117
129
141
142
130
118
119
131
132
144
143
142
141
140
139
138
137
136
124
112
111
99
87
75
76
77
65
64
63
51
50
38
37
25
26
27
28
29
30
31
32
20
8
9
21
33
34
46
47
59
58
70
69
81
82
94
106
105
93
92
91
103
104
105
106
107
108
96
95
107
95
96
84
83
71
72
60
48
36
24
12
11
10
9
8
7
6
18
17
16
15
14
13
1
2
3
4
5
6
7
19
20
21
22
23
35
47
59
58
46
45
57
69
68
80
79
78
66
67
55
56
44
43
42
54
53
41
40
52
51
39
38
50
49
61
62
74
73
85
86
98
110
111
112
100
101
89
90
102
114
113
125
126
127
115
116
117
118
119
120
108
120
132
144
143
131
130
129
128
140
139
138
137
136
124
123
135
134
133
121
122
121
109
97
122
44
144
14
139
100
128
107
63
135
5
143
128
123
31
102
106
21
46
75
70
52
119
60
16
96
62
97
62
108
105
73
3
132
33
40
83
3
19
110
101
49
57
18
130
51
45
37
106
131
86
2
27
39
88
30
140
72
9
114
23
92
110
66
65
85
96
24
34
112
133
47
71
127
91
14
1
134
31
88
82
122
105
57
137
15
54
46
86
8
61
66
7
59
138
6
74
9
138
43
4
48
83
73
37
139
26
80
81
113
47
11
67
29
52
136
76
41
70
77
144
129
92
69
17
132
30
68
95
1
112
12
60
142
38
10
127
126
141
34
61
107
75
25
24
13
64
113
97
18
117
84
32
123
6
56
115
116
109
39
103
49
12
44
42
124
59
33
104
41
16
140
79
129
55
101
27
98
67
124
136
63
56
131
93
82
108
87
111
143
118
99
22
71
78
72
85
99
20
141
53
23
120
103
79
89
48
50
90
133
121
40
64
4
43
38
116
69
100
119
11
130
126
125
35
91
26
10
42
115
120
25
87
94
84
95
28
77
54
68
13
94
17
104
117
7
90
80
114
78
36
137
19
58
15
118
111
121
58
81
21
32
89
28
98
135
2
65
76
142
20
109
36
50
5
55
45
125
102
22
134
74
53
29
51
8
93
35
68
138
129
80
144
140
90
2
79
41
55
51
120
71
39
34
83
38
36
47
133
117
112
23
134
84
29
10
32
11
52
14
49
136
123
98
27
126
53
57
139
44
24
117
119
126
31
19
77
136
2
6
137
20
42
66
75
19
88
45
100
82
21
23
142
121
35
101
78
84
6
14
74
105
17
31
94
56
63
86
66
34
96
4
81
45
54
61
18
87
8
102
9
64
68
9
32
141
96
70
100
89
43
128
142
112
127
114
140
78
132
97
57
39
132
104
30
111
73
36
15
22
67
95
99
115
124
85
15
48
121
53
122
123
13
119
98
118
83
106
107
10
111
16
28
92
110
130
82
47
77
124
20
143
91
62
59
69
1
8
135
72
108
80
70
58
13
79
22
51
27
134
30
3
59
94
141
87
133
128
46
125
60
35
43
93
95
108
101
110
97
46
12
58
116
127
107
4
135
131
49
116
69
86
71
114
120
138
118
139
64
56
33
26
16
12
109
75
37
103
104
1
7
67
113
85
21
143
52
41
50
48
3
26
125
61
113
115
72
74
102
122
7
99
92
88
5
28
40
89
63
137
65
18
93
131
25
105
129
54
130
55
24
109
25
60
38
42
33
106
40
81
37
50
91
76
73
5
144
11
90
44
65
17
29
62
103
76
12
11
10
22
23
35
36
48
47
46
45
57
58
70
82
83
71
59
60
72
84
96
108
120
119
131
132
144
143
142
141
140
128
116
117
129
130
118
106
105
104
92
93
81
80
79
91
103
115
127
126
114
113
101
102
90
78
77
89
88
100
112
111
123
135
134
133
121
122
110
109
97
85
73
61
62
74
75
63
51
52
64
65
66
67
68
69
57
56
55
54
53
41
42
30
31
43
44
32
20
19
18
17
29
28
16
4
3
15
27
26
14
13
1
2
3
4
5
6
7
8
9
21
33
34
46
58
70
69
68
80
81
82
94
95
107
108
120
119
118
117
116
115
114
113
125
137
136
124
112
111
99
98
86
87
75
76
64
63
51
39
40
52
53
54
42
41
40
39
38
37
49
50
38
50
49
61
62
74
73
85
97
109
121
133
134
135
136
137
138
139
127
128
129
130
131
132
144
143
142
141
140
139
138
126
125
124
123
122
110
98
86
87
99
100
88
76
77
65
66
67
79
78
90
89
101
102
103
91
92
104
105
93
94
106
107
95
96
84
83
71
72
60
59
47
35
34
33
45
44
56
55
43
31
32
20
19
18
30
29
28
27
26
25
37
25
13
1
2
14
15
16
17
5
6
7
8
9
21
22
10
11
12
24
23
24
36
48
1
13
25
37
49
50
38
26
14
2
3
15
27
28
40
52
53
65
64
76
88
87
75
74
73
85
86
98
97
109
121
122
123
124
136
137
125
113
101
89
90
102
103
91
79
67
68
80
81
69
57
56
44
43
55
54
66
78
77
89
101
100
99
111
110
109
97
85
73
61
62
63
51
39
40
41
29
30
42
41
29
17
5
4
16
28
27
39
51
52
64
76
88
100
112
113
114
115
127
128
129
141
142
130
118
117
116
104
92
93
105
106
94
95
107
108
120
119
131
132
144
143
142
141
140
139
138
126
114
102
103
104
92
93
105
106
94
82
70
71
83
84
72
60
48
47
59
58
46
34
22
21
20
32
33
45
44
32
31
19
7
8
9
10
11
12
24
23
35
36
48
47
35
36
24
12
11
23
22
10
9
21
33
34
46
45
57
56
68
69
70
58
59
60
72
71
83
82
81
80
79
91
90
78
77
65
53
54
66
67
55
43
42
30
31
19
20
8
7
6
18
17
18
6
5
4
16
15
3
2
1
13
14
26
25
37
38
50
49
61
62
63
75
74
86
98
110
122
121
133
134
133
134
135
123
135
136
137
138
139
140
128
129
130
131
143
144
132
120
108
96
84
96
95
107
119
118
117
116
115
127
126
125
124
112
111
99
87
12
134
64
39
68
121
65
68
93
133
94
94
55
53
51
127
82
9
82
116
92
30
142
136
18
128
127
57
77
31
102
75
117
83
72
118
25
33
13
50
81
58
84
101
58
92
4
142
105
71
60
128
35
23
75
91
17
36
80
120
137
49
48
107
85
11
105
14
100
74
134
41
46
39
36
93
24
104
52
54
60
124
113
78
22
88
123
45
10
136
64
96
108
44
54
22
137
70
116
103
111
69
29
35
88
50
53
47
89
18
71
65
1
10
95
3
19
33
9
80
97
41
56
118
143
79
98
73
20
122
24
28
69
47
139
67
14
61
113
29
87
8
144
86
43
27
131
87
102
140
2
111
108
109
5
42
121
140
32
66
15
7
45
109
90
110
55
96
76
84
123
81
4
76
27
1
25
91
115
79
132
61
103
130
141
119
99
30
90
133
115
59
122
135
119
40
6
78
117
100
138
42
70
26
89
125
28
66
52
5
37
62
112
8
131
12
62
107
144
129
38
98
59
135
21
85
48
49
6
138
32
23
124
72
44
16
130
34
126
99
43
11
74
106
77
13
15
141
2
86
17
26
34
37
125
73
143
83
56
114
132
104
101
40
63
21
51
139
129
20
19
97
16
114
63
112
31
110
106
67
120
38
57
126
46
3
7
95
89
97
84
50
120
82
103
34
128
52
137
10
26
53
47
138
40
35
74
116
17
65
44
129
77
90
49
13
114
27
111
1
105
25
111
5
65
17
22
140
128
74
85
125
125
112
51
141
35
99
137
79
87
31
107
78
13
144
121
52
29
88
108
8
11
23
104
11
94
57
70
126
126
106
41
123
31
24
124
136
53
71
115
75
92
133
70
34
10
79
77
98
8
36
32
101
134
21
143
127
90
25
66
32
20
144
26
59
120
88
73
107
16
46
56
14
93
69
73
122
47
19
64
12
131
113
83
140
86
102
60
81
123
132
42
85
54
124
4
6
23
68
28
68
89
33
7
54
139
37
115
61
3
33
119
45
30
118
96
19
87
45
98
57
141
6
130
38
104
132
4
69
62
5
95
56
110
103
131
39
93
39
76
46
97
2
28
55
82
119
44
21
96
12
83
18
15
50
40
110
101
60
117
76
114
29
113
55
133
43
99
95
121
58
84
108
43
80
122
143
9
2
127
64
134
94
91
80
105
100
109
129
117
41
63
81
20
62
72
135
71
67
15
109
61
75
3
135
58
9
1
30
67
91
42
92
138
24
72
142
14
63
78
59
22
100
112
116
48
142
86
27
51
37
106
66
18
7
49
130
16
102
118
36
136
139
48
38
1
2
14
26
25
37
49
61
73
85
97
109
110
98
99
100
88
89
101
113
114
126
138
139
140
128
129
141
142
130
131
143
144
132
120
108
107
106
105
93
92
104
116
117
118
119
120
108
96
95
94
82
81
80
79
91
103
102
90
78
77
76
64
63
75
87
86
74
62
50
51
52
40
28
29
17
5
6
18
19
7
8
20
21
9
10
11
23
35
36
48
60
72
84
83
71
59
47
46
45
44
43
31
32
33
34
22
10
9
8
7
6
5
4
3
15
16
28
27
39
38
37
49
50
51
63
64
65
66
67
55
54
42
30
18
19
20
21
22
34
33
32
31
43
44
56
57
58
70
69
68
80
79
78
77
76
88
100
112
111
123
122
134
135
136
124
125
137
138
139
127
126
125
137
136
124
123
135
134
133
121
133
121
122
110
109
97
85
73
61
62
74
75
87
86
98
99
111
112
113
101
89
90
102
114
115
127
128
140
141
129
117
116
115
103
91
92
104
105
106
118
130
142
143
144
132
131
119
107
95
96
84
72
71
83
82
94
93
81
69
70
58
59
60
48
36
24
12
11
12
24
23
35
47
46
45
57
56
68
67
55
54
66
65
53
41
40
39
38
26
27
15
14
13
25
13
1
2
3
4
16
17
29
30
42
41
53
52
12
24
23
22
10
11
12
24
36
35
47
59
58
57
69
68
67
79
91
103
115
116
104
105
117
129
128
140
139
127
126
138
137
125
124
112
111
123
135
136
137
138
139
140
141
142
130
131
143
144
132
120
119
118
106
107
108
96
84
83
82
70
71
72
60
48
36
35
34
46
45
44
43
42
41
53
65
66
54
55
56
44
32
33
21
9
8
7
19
18
6
5
17
16
15
3
4
5
6
7
8
20
19
31
30
29
28
40
52
64
63
62
50
49
61
73
85
86
87
99
98
97
109
121
122
110
111
99
100
88
89
77
76
75
74
73
61
49
37
38
26
14
2
1
13
25
37
38
39
51
52
64
65
53
54
55
56
68
80
92
93
94
95
96
108
107
106
105
104
103
102
90
78
66
67
79
78
77
76
88
87
75
63
51
50
62
74
86
85
97
98
110
109
121
133
134
133
134
122
123
135
136
124
112
113
125
126
127
128
129
141
142
130
131
143
144
132
120
119
118
117
116
115
114
113
114
102
101
100
101
89
90
91
92
80
81
69
57
58
70
82
81
93
94
95
83
84
72
71
59
60
48
47
46
45
33
34
22
23
11
10
9
21
20
32
31
43
42
30
29
41
40
39
27
28
27
15
14
26
25
13
1
2
3
4
16
17
18
