##Rat 2 Day 35
 ##rewards
18
29
107
##Vertices
1
13
25
37
49
50
38
26
14
2
3
15
27
28
40
52
53
65
64
76
88
87
75
74
73
85
86
98
97
109
121
122
123
124
136
137
125
113
101
89
90
102
103
91
79
67
68
80
81
69
57
56
44
43
55
54
66
78
77
89
101
100
99
111
110
109
97
85
73
61
62
63
51
39
40
41
29
30
42
41
29
17
5
4
16
28
27
39
51
52
64
76
88
100
112
113
114
115
127
128
129
141
142
130
118
117
116
104
92
93
105
106
94
95
107
108
120
119
131
132
144
143
142
141
140
139
138
126
114
102
103
104
92
93
105
106
94
82
70
71
83
84
72
60
48
47
59
58
46
34
22
21
20
32
33
45
44
32
31
19
7
8
9
10
11
12
24
23
35
36
48
47
35
36
24
12
11
23
22
10
9
21
33
34
46
45
57
56
68
69
70
58
59
60
72
71
83
82
81
80
79
91
90
78
77
65
53
54
66
67
55
43
42
30
31
19
20
8
7
6
18
17
18
6
5
4
16
15
3
2
1
13
14
26
25
37
38
50
49
61
62
63
75
74
86
98
110
122
121
133
134
133
134
135
123
135
136
137
138
139
140
128
129
130
131
143
144
132
120
108
96
84
96
95
107
119
118
117
116
115
127
126
125
124
112
111
99
87
12
24
36
35
23
22
10
9
21
33
45
44
32
31
30
18
19
20
8
7
6
5
4
3
15
14
2
1
13
25
37
49
50
51
39
38
26
27
28
40
52
53
41
42
54
66
65
64
63
62
74
75
87
88
76
77
78
90
89
101
100
99
111
110
109
121
133
134
122
123
135
136
137
138
139
127
126
114
115
116
104
103
91
79
67
55
43
44
56
68
80
92
93
81
82
70
69
57
58
59
71
83
95
94
106
107
108
120
119
118
130
131
143
144
132
120
108
96
84
72
60
48
47
46
34
33
32
31
43
55
54
42
30
29
17
16
4
3
15
27
39
51
63
75
87
86
85
97
98
99
111
112
124
125
113
114
102
103
115
116
117
105
104
92
80
81
93
105
117
129
141
140
128
129
128
140
139
127
126
138
137
136
135
134
133
121
109
97
85
73
61
62
50
38
26
14
2
1
13
25
37
49
61
73
74
86
98
110
122
123
124
125
113
112
100
101
102
90
91
79
67
66
78
77
89
88
76
64
65
53
52
40
41
29
28
16
17
5
6
18
19
7
8
20
21
22
34
46
45
57
56
68
69
70
58
59
71
83
82
94
106
118
130
142
141
142
143
144
132
131
119
107
95
96
84
72
60
48
47
35
36
24
12
11
23
11
10
9
111
114
17
8
132
99
126
121
111
55
131
105
30
80
135
71
24
41
94
80
118
41
5
68
70
135
1
28
11
59
144
50
73
27
122
78
88
74
35
93
26
125
54
79
31
26
110
112
10
73
118
43
109
93
17
66
52
144
54
64
142
24
119
57
78
52
55
123
134
127
85
87
1
6
57
61
115
107
85
98
36
47
58
115
13
119
81
76
130
88
65
32
122
110
106
123
39
117
130
36
81
104
25
124
63
136
102
4
83
75
14
16
72
58
39
38
96
2
136
113
7
23
138
137
114
12
83
44
15
59
56
84
23
47
89
69
95
45
69
108
124
94
51
97
6
75
138
113
34
131
92
9
120
63
33
108
103
16
12
46
84
56
9
87
64
33
5
15
103
29
128
96
48
137
117
18
82
132
44
71
139
68
10
3
60
120
19
30
27
121
13
21
72
61
19
139
42
100
129
106
43
77
141
89
101
40
34
32
46
49
112
101
107
140
90
91
140
37
35
7
79
8
104
22
62
48
116
20
62
67
98
53
74
141
66
76
143
51
50
37
116
90
100
133
3
67
14
38
28
128
25
126
91
21
29
125
109
42
97
60
40
49
105
142
70
133
45
18
53
143
95
22
77
127
99
134
4
11
86
102
82
92
31
65
86
20
129
2
66
85
4
50
94
92
56
16
42
65
107
6
64
12
100
115
50
32
97
82
73
116
99
131
71
35
18
61
53
24
87
29
17
1
8
116
77
28
111
106
26
57
113
23
110
95
133
59
114
143
139
125
75
86
111
23
45
139
97
47
79
44
96
89
117
14
37
64
107
131
100
34
7
63
48
33
44
144
142
26
69
122
70
73
101
15
20
38
134
120
125
108
70
119
10
140
137
136
110
38
28
17
130
75
101
68
90
22
20
92
5
60
7
118
30
27
47
140
134
83
79
62
22
49
76
72
128
65
106
55
13
77
84
27
58
15
138
41
11
36
4
109
96
53
104
52
55
46
71
141
127
81
90
142
126
112
82
46
61
8
51
102
104
21
117
135
11
6
120
58
78
118
5
91
88
32
25
103
21
114
63
12
35
80
13
19
33
141
135
132
93
67
113
121
127
45
18
133
39
62
51
83
54
3
129
105
57
9
123
87
91
124
31
129
37
126
115
10
99
42
49
74
124
95
41
89
81
31
136
128
84
43
43
48
122
66
30
67
109
14
39
143
16
36
98
2
60
29
102
105
54
132
103
86
19
34
25
93
85
56
40
88
59
24
76
68
138
40
130
119
72
123
52
137
112
69
9
78
98
74
80
3
108
1
144
121
94
2
144
132
120
119
131
130
142
141
129
117
105
104
116
115
114
126
127
128
140
139
138
137
136
135
123
122
134
133
121
109
97
85
86
87
99
98
110
111
112
100
88
89
101
102
90
78
77
76
75
74
62
63
51
52
64
65
66
54
53
41
40
39
27
26
25
13
1
2
14
15
3
4
5
6
7
19
18
30
31
32
44
43
55
67
79
91
103
104
92
80
68
56
57
69
70
82
81
93
94
95
83
71
59
58
46
47
48
36
35
34
22
23
11
12
24
36
48
60
72
84
96
108
107
106
118
117
116
115
103
91
90
102
114
113
125
124
136
135
123
111
99
87
75
63
51
50
49
37
38
39
27
28
16
17
29
30
42
43
31
32
33
45
44
56
68
69
57
45
33
21
9
8
20
21
20
8
7
19
18
6
5
4
3
2
1
13
25
37
49
61
73
74
86
98
110
122
134
133
121
109
97
85
73
61
62
50
38
26
14
15
16
17
29
28
40
41
42
54
55
67
79
78
66
65
53
52
64
76
77
89
88
100
101
113
112
124
125
137
138
126
127
139
140
128
129
130
118
106
105
93
92
80
81
82
94
95
83
71
70
58
46
34
22
10
9
10
11
12
24
23
35
47
59
60
72
84
96
108
107
119
120
132
144
143
131
143
142
141
133
121
122
123
135
134
133
121
109
110
98
86
87
88
76
77
78
66
54
42
30
29
41
40
28
16
17
5
6
18
19
7
8
20
21
33
34
22
10
9
8
7
6
5
4
3
15
14
2
1
13
25
26
27
39
38
37
49
61
62
63
75
74
73
85
97
109
110
111
99
100
101
102
103
104
92
80
79
91
90
89
101
113
112
124
136
137
138
126
127
139
140
128
129
130
142
141
140
139
138
137
125
126
114
115
116
117
105
93
81
82
83
95
96
84
72
60
59
58
46
47
48
36
24
23
35
34
46
45
57
56
68
69
70
71
72
84
96
108
107
119
131
143
144
132
120
108
107
106
94
93
81
80
92
91
90
89
77
65
53
52
51
50
49
37
38
39
40
41
42
43
55
67
79
78
66
67
68
69
57
58
70
82
94
95
83
71
59
60
48
47
35
36
24
12
11
12
11
23
22
10
9
21
33
32
20
19
18
17
16
4
3
15
14
2
1
13
25
26
27
28
29
30
31
32
31
43
44
45
44
56
55
54
53
65
64
76
88
87
75
63
64
52
51
50
62
61
73
74
86
85
97
98
99
100
112
111
123
122
134
135
136
124
125
113
114
102
103
115
116
104
105
106
118
117
118
130
131
119
120
132
144
143
142
141
129
128
127
10
110
35
13
99
42
124
7
124
137
80
94
35
78
141
112
85
79
54
74
121
104
126
132
82
111
21
15
14
136
43
27
48
26
84
60
115
106
31
6
39
19
110
133
121
86
8
138
136
50
40
95
79
144
99
75
128
133
17
112
17
34
102
2
88
34
70
53
92
58
122
61
33
131
69
132
62
46
59
13
48
55
47
111
138
97
118
66
16
117
36
20
9
92
32
38
42
108
65
82
18
18
131
143
96
7
98
49
142
100
85
109
29
41
2
130
74
140
43
119
114
55
3
54
107
87
68
5
86
90
45
122
30
39
19
117
130
41
127
11
46
23
123
88
72
56
58
143
142
63
125
69
94
77
57
75
144
15
21
104
27
67
32
113
108
89
134
123
51
66
129
71
33
141
47
40
25
26
23
127
93
4
51
107
28
61
116
90
64
125
22
28
53
98
12
31
101
140
83
84
44
68
56
5
62
16
12
20
76
118
44
38
109
119
97
83
11
49
96
4
81
105
105
129
106
115
137
29
45
126
50
78
24
113
103
37
70
95
81
65
1
52
60
100
87
71
76
139
139
91
89
72
128
25
22
114
101
37
116
57
6
36
73
135
120
80
120
3
59
134
67
9
63
24
77
8
91
10
93
64
73
14
52
102
103
135
30
1
48
103
35
9
36
127
130
4
95
136
37
78
94
69
24
93
31
98
101
117
56
44
134
123
107
41
17
64
141
116
16
85
94
76
25
10
1
88
36
11
89
91
110
69
41
106
72
126
59
54
115
143
100
71
67
119
33
39
86
74
108
140
5
49
129
88
68
127
102
58
73
70
55
2
95
50
85
21
99
104
39
40
82
6
121
139
34
18
38
90
12
118
42
2
91
105
5
81
60
71
45
74
141
96
112
113
50
114
138
27
43
80
136
96
37
44
121
24
128
63
104
27
25
21
119
123
124
1
23
73
7
26
35
97
20
8
98
125
29
31
78
132
28
110
33
99
77
108
101
133
52
67
117
45
58
22
100
114
84
79
15
105
19
122
132
126
142
51
144
14
28
109
87
46
111
102
138
62
115
75
83
131
26
142
47
32
84
56
65
137
76
120
82
3
125
139
107
79
124
62
19
13
53
135
3
133
17
42
83
140
7
46
30
122
4
34
109
6
16
113
97
66
72
70
18
80
63
52
30
144
14
20
86
54
38
103
51
23
131
120
8
106
57
13
32
57
22
93
116
60
137
118
143
75
77
61
92
61
55
11
128
92
112
12
48
53
40
68
47
15
59
135
65
90
87
129
29
10
43
49
111
81
64
89
66
130
134
9
1
13
25
26
14
15
3
4
16
28
40
41
29
30
31
19
18
17
5
6
7
8
9
10
22
23
11
12
24
36
48
60
59
58
46
47
35
34
33
45
57
56
44
43
55
67
68
69
70
71
83
82
94
93
81
80
79
91
92
104
105
106
118
119
120
132
144
143
131
130
142
141
140
139
138
126
127
115
114
113
101
102
90
78
66
54
42
41
53
65
77
89
88
76
75
63
64
52
51
50
62
74
86
87
99
98
97
109
110
111
123
122
134
133
121
109
97
85
73
61
49
37
38
39
27
28
29
30
42
54
55
43
31
32
20
21
9
10
22
34
46
58
70
82
94
95
96
108
107
106
118
117
129
128
116
115
103
102
114
113
112
100
101
89
77
76
88
100
112
124
136
137
125
124
125
137
138
126
127
139
140
141
142
143
144
132
120
108
96
84
72
71
59
47
35
23
11
12
24
36
48
60
72
84
83
95
107
119
131
130
129
128
116
117
105
104
103
91
90
78
66
67
79
80
92
93
81
69
68
56
57
45
44
32
33
21
20
8
7
19
18
6
5
17
16
15
27
39
40
52
53
65
64
63
51
50
62
74
75
87
99
111
123
135
136
135
134
133
121
122
110
98
86
85
73
61
49
37
38
26
25
13
1
2
14
2
3
4
144
132
131
130
142
141
140
139
127
115
103
91
90
78
77
89
88
87
75
76
64
65
66
54
53
41
29
30
18
6
7
8
9
10
22
34
46
58
59
60
48
47
35
23
24
12
11
10
9
21
20
19
31
43
42
41
40
28
27
39
38
50
62
74
73
61
49
37
25
26
14
13
1
2
3
4
5
17
16
15
27
28
29
30
42
43
44
32
33
45
57
69
68
80
79
67
55
56
44
45
57
58
70
82
94
95
83
71
72
84
96
108
107
119
120
108
96
95
94
106
118
117
116
128
129
141
140
139
138
126
114
102
101
100
112
111
123
135
136
124
125
137
136
135
134
133
121
122
110
109
97
85
86
98
99
87
75
63
51
52
64
76
88
89
77
78
79
80
81
93
105
104
105
93
92
104
92
91
90
102
103
115
116
117
118
106
107
119
120
132
131
143
144
143
142
130
129
128
127
126
138
137
125
113
114
113
101
100
112
124
123
122
134
133
121
109
110
111
99
98
97
85
86
74
73
61
49
50
62
63
51
52
40
39
38
37
25
26
14
13
1
2
3
15
16
4
5
17
18
6
7
8
20
19
31
32
33
21
22
23
11
12
24
36
48
36
35
34
46
47
59
60
72
84
83
71
70
82
81
69
68
67
66
65
53
54
55
56
56
21
61
93
98
39
2
73
70
113
139
32
41
34
115
130
22
16
32
116
82
23
143
84
44
124
35
85
101
14
4
121
23
47
43
105
96
13
100
73
112
95
89
10
74
94
28
16
76
47
119
125
102
35
45
19
24
33
122
82
120
104
39
46
122
75
53
75
102
104
100
90
59
118
38
63
143
124
7
29
26
86
123
31
107
114
60
66
141
115
126
91
93
136
89
31
67
48
33
135
110
63
14
129
12
131
3
98
138
133
111
116
62
58
25
45
67
132
21
134
85
123
112
110
10
141
65
57
11
127
37
60
12
15
68
15
84
66
8
87
40
43
51
8
106
58
26
83
13
6
139
77
136
17
50
105
11
138
65
68
36
51
131
80
72
25
40
117
52
72
81
106
20
52
74
57
108
17
121
77
109
137
54
128
36
113
144
140
6
144
20
49
142
126
79
132
120
1
2
99
76
55
94
30
92
5
125
111
42
92
137
50
142
19
81
107
114
134
90
44
119
49
3
78
103
135
99
7
127
129
22
70
41
97
48
46
128
80
130
86
71
53
95
61
59
34
101
18
96
28
62
91
117
78
103
71
29
64
108
97
56
69
37
1
79
109
69
38
140
54
30
27
87
55
27
5
4
42
83
133
9
88
88
18
64
9
24
118
65
34
4
14
56
62
141
2
88
107
60
6
12
69
74
80
124
118
138
45
91
108
1
89
102
123
128
142
128
69
54
59
93
76
58
60
50
40
72
141
89
65
115
126
31
99
97
22
10
119
72
104
63
93
51
127
97
49
53
94
137
47
67
111
40
5
126
25
26
83
38
61
36
111
106
103
8
133
138
11
17
132
21
135
18
5
44
84
26
110
81
37
47
59
14
48
20
139
106
101
113
52
48
80
90
143
12
68
38
71
104
58
33
121
31
95
24
35
32
88
109
46
28
84
29
91
130
134
25
117
30
83
132
64
36
133
57
53
9
102
1
11
85
74
37
50
109
55
79
61
124
63
15
9
140
46
96
139
56
64
27
43
7
71
116
57
81
95
45
66
103
49
7
20
125
39
92
85
21
87
117
113
129
131
105
107
114
123
70
112
140
98
82
19
137
136
8
100
22
115
101
10
76
41
122
41
35
125
77
122
55
29
87
28
70
73
82
86
66
77
92
86
4
120
118
62
3
134
68
129
67
144
51
120
121
23
94
27
110
142
119
73
42
127
13
3
13
33
17
112
90
130
75
39
18
54
96
116
98
34
19
136
100
114
16
79
78
43
135
30
42
24
131
144
75
143
16
44
23
52
15
32
6
105
2
99
108
78
