##Rat 8 Day 3
 ##rewards
71
58
124
##Vertices
133
121
109
97
85
86
98
99
111
112
100
88
76
64
63
51
52
53
65
66
54
55
43
42
30
31
19
7
6
5
17
18
30
29
41
40
39
38
50
49
37
25
13
1
2
14
15
3
4
16
28
27
26
25
37
49
61
62
74
75
87
99
111
110
122
123
135
136
137
138
126
114
113
101
89
90
78
77
65
53
41
29
28
40
52
64
76
88
100
112
124
125
137
138
139
127
115
103
91
92
93
94
106
105
117
129
141
142
143
131
119
118
130
142
141
140
128
116
104
105
106
107
108
96
84
83
82
81
80
68
56
44
32
20
8
9
10
11
12
24
36
48
47
59
60
72
71
70
69
57
45
46
58
57
45
33
34
35
23
22
21
33
34
46
58
70
69
68
67
79
80
92
91
79
67
55
56
44
32
31
43
42
54
66
78
77
89
101
113
125
126
114
102
90
102
103
104
116
115
127
139
140
128
129
117
118
130
131
119
120
132
144
143
144
132
120
108
96
95
107
95
94
93
81
82
83
84
72
71
59
60
48
47
35
36
24
12
11
23
22
10
9
21
20
8
7
19
18
6
5
17
16
4
3
2
1
13
14
15
27
26
38
39
51
50
62
63
75
87
86
74
73
61
73
85
97
98
110
109
121
122
123
124
136
135
134
133
134
144
143
131
119
118
130
142
141
140
128
127
139
138
126
114
113
125
137
136
124
112
111
110
122
123
135
134
133
121
109
97
85
86
74
75
87
88
100
101
102
90
91
79
80
92
104
103
115
116
117
105
106
107
95
96
108
120
132
144
143
142
130
129
117
105
93
94
82
81
69
70
71
59
60
72
84
83
82
70
58
57
45
46
34
22
23
35
47
48
36
24
12
11
10
9
21
20
8
7
6
5
17
18
19
31
30
42
41
40
39
27
15
3
4
16
28
29
30
31
32
33
45
44
43
55
56
68
67
66
78
77
76
64
65
53
54
42
41
29
28
27
26
14
2
1
13
25
37
49
61
73
85
97
98
99
100
112
113
101
89
88
76
75
63
62
50
51
52
40
39
38
50
38
26
14
2
1
13
25
37
49
61
73
74
62
63
51
52
64
65
53
54
66
67
55
43
44
56
68
80
81
69
57
58
46
34
33
32
20
19
18
17
16
15
3
4
5
6
7
8
9
21
22
10
11
12
24
23
35
36
48
47
59
60
72
71
83
84
96
95
107
108
120
132
131
119
118
106
94
93
92
91
79
78
77
89
90
102
114
126
127
115
103
104
116
128
129
141
140
139
138
137
125
124
136
135
123
122
134
133
121
109
110
111
99
87
86
98
79
56
143
68
19
30
83
65
51
58
50
73
121
61
124
39
81
63
32
15
5
20
128
14
135
132
81
134
37
31
57
117
95
41
37
96
55
49
68
125
120
7
130
35
12
94
67
95
27
139
10
1
7
109
106
77
88
80
51
119
84
100
79
100
137
123
116
138
78
5
82
53
45
101
1
116
54
103
59
86
24
133
17
4
143
87
60
141
69
142
105
102
75
99
19
8
6
6
66
103
10
3
115
22
14
124
126
46
23
114
24
54
90
29
97
113
129
122
42
22
65
27
17
12
109
70
13
45
85
32
13
123
108
71
138
18
25
112
93
140
61
48
38
78
88
28
82
111
94
141
127
117
36
131
43
33
128
140
41
25
98
58
72
21
86
57
121
97
137
125
56
99
107
11
139
142
112
38
136
84
74
92
118
110
8
31
29
36
55
104
2
105
73
127
35
115
76
131
101
44
20
98
102
83
34
42
49
28
110
80
50
47
9
90
9
59
71
130
46
118
43
11
70
33
3
66
114
144
21
91
40
132
129
92
89
52
40
85
120
106
135
44
111
93
53
16
39
74
75
96
47
34
87
4
62
126
72
119
48
64
77
30
60
63
89
136
104
15
64
26
18
107
122
62
134
76
69
26
67
2
144
91
16
113
133
52
23
108
48
123
115
34
7
137
34
103
55
107
73
65
41
99
143
15
136
15
63
1
141
132
47
122
120
144
77
93
71
54
25
110
33
11
40
111
139
126
116
135
9
113
24
141
61
70
56
129
109
133
36
4
93
5
9
86
14
142
87
124
124
114
30
140
21
53
64
44
121
40
81
17
6
51
132
130
67
45
22
56
2
52
123
100
72
74
7
125
31
112
58
80
29
72
13
134
95
10
39
86
51
112
144
140
102
82
118
134
94
88
92
138
61
42
38
130
78
83
14
98
67
68
100
59
22
54
39
63
43
52
96
136
69
90
74
33
38
60
36
20
126
27
18
12
97
139
104
92
10
49
80
23
70
60
50
106
122
143
3
26
2
58
98
57
85
31
119
79
21
88
85
6
53
59
71
120
65
69
19
46
115
96
105
81
55
13
94
75
102
44
35
103
128
47
116
90
97
118
1
75
18
77
101
48
62
138
37
84
12
107
27
26
142
95
19
101
87
49
66
57
133
135
16
91
16
114
137
45
91
20
73
79
83
89
5
11
4
32
17
113
43
125
127
8
62
8
84
30
82
110
23
76
117
3
37
131
68
35
29
24
131
78
127
106
117
128
66
105
50
46
129
121
119
64
111
76
32
25
104
108
109
99
41
89
28
28
42
108
12
24
36
35
23
22
10
11
12
24
36
48
60
72
84
96
108
120
119
118
130
142
141
140
139
138
137
125
124
136
135
123
122
121
109
97
98
110
111
112
113
114
126
127
115
103
102
101
89
77
76
64
65
66
78
90
91
79
67
68
69
57
58
59
47
46
34
33
32
20
8
9
21
33
45
44
43
42
54
55
56
44
45
57
56
55
67
68
80
92
104
116
128
129
117
105
93
81
82
94
106
107
95
83
71
70
82
94
93
105
104
116
115
103
102
101
100
88
87
99
111
112
100
88
76
75
63
51
52
53
41
40
28
27
39
38
26
14
15
16
4
3
2
1
13
25
37
49
50
62
74
86
85
73
61
49
37
38
39
27
28
29
17
5
6
7
19
18
30
31
32
20
21
22
34
46
58
70
69
81
80
92
91
79
78
66
54
42
43
31
19
18
30
29
17
16
15
14
26
25
13
1
2
3
4
5
6
7
8
9
10
11
23
35
47
48
60
59
71
72
84
83
95
96
108
120
119
107
106
118
117
129
130
131
143
131
132
144
132
144
143
142
141
140
128
127
139
138
126
114
113
125
137
136
124
123
135
134
133
121
133
134
122
110
109
97
98
99
87
75
74
86
85
73
61
62
50
51
63
64
52
40
41
53
65
77
89
90
1
2
3
15
27
39
38
50
62
74
73
61
49
37
25
26
14
13
25
37
49
61
62
63
51
52
64
65
77
78
90
91
92
80
68
67
66
54
42
30
31
32
20
19
7
8
9
10
22
34
33
21
9
8
7
6
5
4
16
28
29
17
18
30
29
41
40
52
53
65
66
78
79
91
103
102
101
100
88
87
86
98
99
111
110
122
123
124
136
137
125
113
114
126
138
139
127
128
116
104
105
117
118
119
120
132
144
143
131
130
142
141
140
139
138
137
136
135
134
133
121
109
97
85
73
74
75
76
77
89
90
102
103
115
116
104
105
106
107
95
83
82
94
93
81
69
70
71
72
60
59
58
57
56
55
43
44
45
46
47
35
23
11
12
24
36
48
60
72
84
96
84
83
71
70
58
59
47
48
36
35
23
24
12
11
10
22
21
33
34
46
45
44
32
20
19
31
43
42
41
53
54
55
56
57
69
68
67
79
80
92
93
81
82
94
95
96
108
120
108
107
106
118
119
131
132
144
143
142
130
129
117
129
141
140
128
127
115
114
126
125
124
112
111
110
122
123
135
134
133
121
109
97
85
86
98
99
100
112
113
101
89
88
87
75
76
64
63
51
39
40
28
27
15
16
17
18
6
5
4
3
2
1
13
14
26
38
50
132
40
117
85
74
53
2
127
46
100
143
57
43
142
57
74
11
66
60
144
138
124
20
129
50
79
19
29
92
133
105
44
15
63
116
3
26
28
90
5
1
137
75
82
107
122
122
52
4
9
59
110
88
143
96
111
62
61
61
118
132
97
139
10
91
66
54
11
107
131
7
58
136
71
45
101
71
81
65
2
93
41
103
39
116
134
18
140
32
34
12
16
41
33
38
42
113
69
6
141
77
25
18
138
36
25
53
78
64
123
118
9
75
55
137
91
127
135
73
7
133
52
55
8
88
33
82
97
45
109
108
8
76
95
100
111
43
22
113
115
99
21
37
14
24
6
48
128
96
20
125
86
85
102
101
32
87
87
109
93
35
136
121
44
95
10
98
70
131
104
67
86
46
139
31
17
129
70
76
48
28
106
23
24
102
119
16
51
84
42
26
54
98
69
23
110
56
124
14
128
27
140
64
114
144
120
47
81
103
115
22
104
36
30
79
31
83
51
58
5
142
13
130
106
17
121
15
63
83
80
135
114
72
59
105
125
29
50
73
130
68
78
94
13
39
90
21
38
65
112
62
49
141
1
117
19
3
123
67
94
60
126
84
30
4
27
126
56
89
108
47
99
92
80
34
77
49
12
119
68
112
89
37
35
120
134
72
40
116
46
68
63
72
39
135
108
144
31
48
133
75
32
8
85
14
100
82
19
61
94
93
128
51
67
129
124
125
55
61
17
40
53
81
103
106
20
4
15
78
27
60
52
25
107
74
113
99
83
13
143
143
105
102
30
29
40
79
127
22
98
97
14
133
116
68
77
71
107
115
43
43
77
5
123
83
84
56
90
44
122
132
80
117
99
3
120
45
108
7
59
58
7
35
90
15
54
58
84
138
11
126
10
30
35
48
136
81
19
118
128
70
125
37
91
42
10
139
37
96
1
144
96
93
112
113
115
38
28
18
139
104
111
141
33
92
9
131
104
2
60
95
127
70
121
114
22
36
34
9
142
54
141
24
98
142
110
62
28
126
130
5
71
11
29
44
63
57
51
57
137
82
64
69
6
109
74
8
89
119
49
42
21
26
112
114
92
32
110
94
119
62
6
135
102
27
73
131
124
106
49
69
95
109
138
16
23
21
105
75
65
121
76
33
41
16
86
140
13
46
91
66
123
39
134
38
101
103
89
111
47
4
56
12
100
67
65
137
87
132
66
80
122
2
36
1
73
23
34
117
78
52
79
120
41
45
26
129
20
101
24
50
50
88
88
59
17
55
18
134
3
140
31
25
136
47
64
53
76
72
118
97
85
87
12
86
130
133
121
109
97
98
86
85
73
61
49
37
25
13
1
2
14
15
3
4
16
28
40
41
53
52
64
63
75
76
77
78
90
102
103
115
114
113
125
124
112
111
123
122
134
135
136
137
138
139
140
128
129
141
142
143
144
132
120
108
107
119
131
130
118
106
105
93
92
80
68
69
81
82
94
95
83
71
59
47
48
60
72
84
96
108
120
119
118
117
116
104
105
117
116
115
127
126
114
102
101
100
88
89
77
65
66
54
55
67
79
91
90
89
101
113
112
100
99
87
88
76
75
74
62
50
51
39
38
26
27
28
29
17
5
6
18
19
7
8
20
21
9
10
22
23
11
12
24
36
35
34
46
58
57
45
44
43
42
30
31
32
33
34
46
45
57
56
44
43
42
41
29
17
5
6
7
19
18
30
31
32
33
21
20
8
9
10
22
23
11
12
24
36
35
47
48
60
59
58
70
69
70
82
83
71
72
84
96
95
107
106
94
93
81
80
92
104
103
91
79
78
66
67
68
56
55
54
53
65
64
63
62
74
86
87
99
111
110
98
110
122
123
124
125
126
127
128
129
130
131
132
144
143
142
141
140
139
138
137
136
135
134
133
121
109
97
85
73
61
49
50
38
37
25
26
14
13
1
2
3
4
16
15
27
39
40
52
51
1
13
25
26
27
28
16
17
18
19
7
6
5
4
3
15
14
2
3
4
5
6
18
30
29
41
42
54
55
67
68
80
92
91
90
78
66
65
64
63
75
87
86
74
73
85
97
109
110
111
99
98
97
85
73
61
49
37
38
39
51
50
62
63
51
52
40
41
53
54
66
67
79
80
81
69
57
45
44
32
20
21
33
34
22
23
35
47
48
60
59
58
70
71
72
84
83
95
94
93
105
106
118
130
142
143
144
132
131
119
120
108
96
84
72
60
48
36
24
12
11
10
9
8
7
19
31
43
55
56
68
69
81
82
94
93
105
117
129
128
127
115
116
104
103
102
114
126
138
137
125
113
101
89
77
76
88
100
112
124
123
122
121
133
134
135
136
137
138
139
140
139
127
126
114
113
125
124
136
135
123
122
134
133
121
109
110
98
99
111
112
100
88
87
86
74
75
76
64
52
53
65
77
89
101
102
90
78
79
91
92
104
103
115
116
128
140
141
142
141
129
117
118
130
131
143
144
132
120
119
107
106
107
108
96
95
83
82
70
71
59
47
46
34
22
23
35
36
24
12
11
10
9
8
20
21
33
45
46
58
57
56
44
32
31
43
42
30
29
28
40
39
27
26
38
50
62
61
49
37
25
13
1
2
14
15
16
17
90
118
62
57
122
22
136
113
39
97
63
54
61
26
108
121
48
86
87
125
70
68
4
75
103
53
82
69
83
68
67
63
17
100
48
46
133
27
104
56
106
132
88
113
18
77
126
78
18
66
29
138
47
33
9
7
13
88
138
60
142
46
64
116
34
65
57
132
76
112
91
96
93
35
120
51
29
64
5
118
27
58
139
143
21
89
55
50
10
142
28
6
137
105
85
120
109
129
8
134
126
44
5
79
30
74
112
81
13
69
42
95
140
92
143
56
20
51
40
130
87
59
21
136
90
36
117
23
38
17
93
94
42
16
81
124
137
41
32
67
12
7
66
130
131
34
43
73
72
129
16
28
19
23
144
124
144
115
122
1
123
1
10
24
123
115
3
73
25
12
103
85
6
83
119
131
2
114
101
119
77
74
71
96
37
80
106
52
141
128
59
79
107
65
104
15
45
62
92
110
99
33
99
58
127
43
39
3
75
140
8
134
105
135
71
139
80
127
60
14
52
14
128
35
22
110
102
95
26
49
49
133
9
109
111
98
25
82
125
117
38
31
53
4
20
24
141
108
32
72
121
55
40
37
135
44
50
36
98
76
54
94
47
102
78
30
107
41
2
111
84
114
116
101
31
91
11
84
86
15
100
19
61
45
97
11
89
70
67
51
123
24
1
23
7
70
114
52
143
115
81
13
133
75
5
1
2
110
84
8
66
24
104
8
20
35
101
54
6
19
108
81
98
127
70
47
78
130
91
28
31
62
63
97
37
11
87
39
96
16
45
77
3
57
10
79
116
138
21
52
134
129
3
110
32
118
98
89
112
53
126
82
141
122
25
120
138
114
9
65
18
135
92
18
46
74
124
101
4
72
95
44
137
12
14
4
111
100
102
73
63
17
131
108
75
144
43
31
30
41
36
117
92
45
80
35
139
119
106
128
61
103
133
54
129
10
113
100
28
34
21
112
99
124
142
34
46
78
27
105
40
116
131
64
14
69
22
49
91
82
123
111
33
50
15
39
117
107
83
30
113
19
72
42
51
77
94
88
50
38
94
38
20
120
144
90
36
6
115
7
104
58
9
142
89
59
90
76
22
127
107
86
67
69
128
143
79
2
60
15
96
41
12
140
33
40
132
83
137
27
71
130
134
122
74
56
55
132
73
37
5
119
125
141
85
121
16
126
48
68
61
49
102
105
29
68
109
103
43
13
86
109
59
26
66
136
118
58
85
57
140
55
135
48
93
121
97
64
44
139
136
29
106
60
99
62
88
26
87
42
56
93
53
80
11
47
95
125
32
17
23
25
71
65
84
76
