##Rat 1 Day 40
 ##rewards
19
32
98
##Vertices
31
7
124
30
81
140
56
108
82
27
11
143
13
144
8
64
29
19
40
120
84
119
1
78
135
69
93
116
57
36
40
107
74
98
12
42
41
113
66
26
5
60
13
24
109
42
121
17
97
47
75
58
115
142
31
110
47
86
52
8
34
54
109
141
14
14
64
140
114
59
129
51
73
141
110
102
33
76
55
91
127
80
91
71
49
104
142
43
75
128
70
39
128
9
28
51
88
100
55
54
33
85
106
66
83
113
130
122
111
82
96
3
138
7
67
134
90
102
10
59
15
137
139
25
103
21
69
120
58
23
132
34
97
101
4
32
21
104
119
61
45
95
143
16
134
4
85
112
52
20
48
72
57
126
73
131
114
70
79
117
87
100
88
41
49
30
60
89
90
68
28
26
12
17
129
38
48
44
125
86
5
25
67
124
105
77
139
92
106
50
2
77
45
9
125
19
11
23
136
137
144
122
107
116
79
78
56
37
111
10
132
135
84
131
99
3
35
118
103
121
63
1
83
112
38
133
108
123
87
74
115
53
15
37
18
65
6
6
94
96
22
16
99
136
24
71
53
27
61
98
20
29
101
32
46
68
44
93
80
39
105
127
89
2
117
36
92
63
46
138
95
18
43
35
50
130
72
65
123
126
76
81
62
62
94
22
133
118
116
64
39
111
6
69
17
55
68
133
4
91
134
49
63
108
140
5
16
60
22
63
123
110
51
35
53
71
60
96
16
121
11
21
53
143
88
95
50
19
139
106
118
98
91
2
92
46
67
18
71
142
140
100
86
58
4
95
105
20
15
117
76
31
54
30
142
24
128
31
132
40
28
69
66
29
6
141
57
99
48
89
49
82
38
126
128
94
81
5
23
90
117
144
59
138
41
37
14
131
74
141
10
127
137
125
74
127
84
66
104
62
58
103
101
106
8
9
133
135
77
43
36
21
75
107
98
122
80
15
64
34
136
113
97
134
47
124
97
90
27
120
1
11
96
25
78
27
25
114
55
114
3
20
46
116
62
93
9
83
112
61
23
137
65
129
32
75
43
111
99
68
93
54
84
22
119
81
105
70
87
12
35
88
112
56
61
48
52
45
109
19
144
126
110
79
109
72
72
85
78
138
47
87
121
33
28
139
44
30
79
123
33
59
37
107
13
122
80
57
115
32
103
120
50
83
143
135
118
132
100
85
82
65
45
119
29
73
38
3
40
36
2
89
34
124
41
94
125
131
51
10
52
102
17
76
130
26
70
18
102
44
39
7
1
130
14
92
42
73
13
8
67
42
115
12
7
56
113
26
24
104
86
129
101
108
77
136
1
13
25
37
49
50
51
63
62
61
73
74
75
76
77
65
64
52
40
39
38
26
14
2
3
15
27
28
29
17
5
4
16
28
29
30
31
43
42
41
53
54
55
67
66
78
79
91
103
104
105
93
92
80
81
82
94
95
83
84
96
108
120
119
107
106
118
117
129
141
142
143
131
130
142
141
140
128
116
115
127
126
125
124
136
137
138
139
140
128
129
117
116
104
105
106
94
82
70
71
72
60
48
47
59
58
46
45
44
56
68
69
57
45
33
32
20
19
18
6
7
8
9
21
22
10
11
23
24
36
35
34
33
32
44
43
42
41
40
52
51
63
64
76
88
100
112
113
114
102
90
89
101
113
112
111
99
87
86
98
97
109
110
122
121
133
134
135
123
111
99
98
110
109
121
133
134
122
123
135
136
124
125
137
138
139
127
126
114
115
103
91
92
93
81
80
68
56
55
67
79
78
66
54
53
65
77
89
90
102
101
100
88
87
75
74
86
85
97
85
73
61
62
50
49
37
25
26
38
39
27
15
14
13
1
2
3
4
16
17
5
6
18
30
31
19
7
8
20
21
9
10
22
23
35
34
46
47
59
58
57
69
70
71
83
95
107
119
118
130
131
132
144
143
144
132
120
108
96
84
72
60
48
36
24
12
11
12
12
11
10
9
8
20
32
31
19
7
6
18
30
42
54
55
43
44
45
33
21
22
23
24
36
35
34
46
58
59
60
48
47
46
58
70
82
81
69
57
56
68
80
79
67
66
78
77
76
88
100
101
89
90
102
114
113
125
126
138
137
136
135
123
124
112
111
99
98
97
109
121
122
110
109
97
85
86
87
75
74
62
50
38
37
49
61
73
85
86
98
99
87
88
100
112
113
114
115
127
139
140
141
129
128
116
117
105
93
92
91
103
104
105
106
94
95
83
71
72
84
96
108
107
119
120
132
131
143
142
130
118
106
94
93
81
69
57
45
44
32
31
43
42
41
40
39
51
63
64
65
53
52
51
39
27
28
29
17
16
4
3
15
14
2
1
13
25
26
27
28
16
15
3
2
1
13
14
26
25
37
38
50
49
61
73
74
62
63
75
76
77
89
101
102
90
91
92
80
79
78
66
67
68
56
55
54
53
65
64
52
40
41
29
30
18
17
5
4
5
6
7
19
20
8
9
10
22
21
33
34
35
23
11
12
24
36
48
47
59
60
72
71
70
82
83
84
96
95
107
108
120
119
131
130
118
117
129
128
116
104
103
115
127
126
125
124
123
111
110
122
134
133
121
133
134
135
136
137
138
139
140
141
142
143
144
132
144
40
15
5
106
101
3
21
11
88
20
24
19
96
63
47
98
84
58
43
25
115
49
91
2
141
138
83
43
27
2
61
31
53
60
12
117
125
97
139
89
111
76
100
19
69
90
28
56
143
130
133
125
137
69
126
67
83
57
66
8
23
118
92
41
23
91
95
80
45
50
54
118
71
15
142
12
56
38
21
98
29
75
144
73
51
122
4
26
102
109
103
51
129
74
63
37
44
99
39
65
55
1
108
82
7
114
141
32
13
53
81
120
104
110
94
16
20
48
46
112
124
116
1
119
127
135
119
106
54
138
89
131
87
123
39
136
111
133
88
104
52
68
105
70
10
40
97
42
131
122
124
64
134
35
16
87
126
92
60
34
55
24
132
48
62
107
44
18
17
142
18
47
127
68
117
22
46
134
27
28
4
123
79
135
42
93
114
52
140
143
38
80
95
128
101
7
6
58
11
36
8
29
32
67
59
90
72
110
129
5
96
94
75
30
14
136
112
78
72
132
139
99
120
26
121
17
10
37
102
57
31
74
64
35
61
85
76
13
77
81
66
77
116
86
6
30
144
115
113
73
84
49
50
121
86
71
14
34
9
33
25
103
65
109
45
130
85
128
140
62
36
78
105
93
22
70
82
107
113
137
3
59
79
100
108
33
9
41
135
52
100
71
64
136
97
122
70
110
49
40
47
22
79
11
109
1
129
125
29
82
42
3
103
108
16
60
36
52
121
142
21
12
91
107
80
50
26
57
27
112
86
66
98
61
81
9
126
144
37
93
98
35
20
79
143
68
51
19
63
134
30
28
72
69
1
109
6
140
72
123
89
15
81
137
2
31
82
54
105
13
127
67
97
47
33
86
129
128
45
8
143
50
134
7
59
53
78
7
96
38
139
45
21
133
96
5
30
89
10
71
3
88
58
108
101
51
18
133
75
16
9
73
57
115
76
93
6
13
132
106
75
112
104
125
120
116
138
15
92
114
113
126
60
101
74
102
4
124
138
124
65
95
49
136
76
111
62
99
87
29
2
22
94
69
84
122
123
12
39
85
128
14
40
48
119
77
63
34
56
73
105
113
100
102
25
115
48
58
41
121
23
83
127
99
43
111
66
32
46
78
70
59
20
132
130
24
110
139
18
25
88
36
8
39
54
61
118
65
23
44
117
68
135
142
26
131
33
91
32
67
53
11
28
34
27
141
118
55
10
17
144
106
5
84
83
41
4
131
64
130
103
19
43
14
62
140
74
44
46
141
116
85
92
24
17
117
119
104
107
80
56
77
90
120
95
137
87
38
42
55
31
94
35
114
37
90
133
134
135
136
124
112
113
125
137
138
139
140
141
129
128
116
117
118
106
107
119
131
132
144
143
142
130
118
106
105
104
103
115
114
126
127
139
138
137
136
135
123
122
121
109
97
85
73
61
62
50
49
37
25
13
1
2
3
15
16
4
5
6
7
19
18
17
29
41
53
52
64
63
75
74
86
98
110
111
99
87
88
100
101
102
90
89
77
65
66
67
55
43
31
32
44
56
68
80
81
93
94
95
96
84
72
60
59
58
70
71
83
82
94
93
92
91
79
78
90
102
101
89
88
76
75
63
51
39
38
26
27
28
40
52
51
39
40
41
42
54
55
56
57
69
81
82
70
69
57
45
33
21
22
34
35
36
48
47
46
45
44
32
20
8
9
10
11
23
24
12
24
12
11
23
22
10
9
21
33
34
35
36
48
47
46
58
59
60
72
71
83
84
96
95
107
108
120
108
120
119
131
132
144
143
142
130
129
141
140
128
116
117
105
104
92
80
68
67
66
54
53
65
64
76
77
78
79
91
103
115
127
126
114
113
125
124
123
122
134
133
121
109
110
111
112
100
99
87
86
98
97
85
73
74
62
61
49
50
38
37
25
13
14
26
27
28
16
17
29
30
42
43
31
30
18
19
20
8
7
6
5
4
3
15
14
2
1
144
132
120
108
107
106
94
95
96
84
72
60
48
47
59
58
46
34
33
21
22
23
11
12
24
36
35
34
33
45
57
69
70
82
83
71
72
84
96
108
120
119
131
143
142
141
140
139
138
126
125
137
136
135
134
133
121
109
110
98
97
85
73
61
62
74
86
87
88
89
101
102
114
115
127
128
129
130
118
117
116
104
105
93
81
80
92
91
90
78
66
65
64
63
51
52
53
54
55
43
44
32
20
8
7
6
5
17
29
30
18
19
31
32
44
56
68
67
79
80
81
93
92
104
103
115
114
113
112
124
123
111
99
100
101
113
112
100
88
76
77
65
53
41
42
43
31
30
42
41
40
39
38
26
27
15
3
4
16
28
40
52
51
50
49
37
25
13
14
2
1
2
1
13
14
26
25
37
38
39
27
15
3
4
16
28
29
17
5
6
18
19
7
8
20
21
9
10
9
10
22
23
11
12
24
36
35
47
48
60
59
58
46
45
57
56
55
54
66
78
77
89
90
102
103
91
79
67
68
69
70
71
83
82
94
95
107
119
131
132
144
143
142
130
118
106
105
117
116
128
129
141
140
139
127
126
138
137
125
124
136
135
134
122
123
111
99
98
86
87
75
76
64
63
75
74
62
50
49
61
73
85
97
109
110
122
121
133
99
16
61
68
80
24
79
50
66
82
64
53
23
107
27
101
31
140
1
8
108
35
21
33
45
142
123
72
143
117
129
49
29
65
30
43
89
5
62
38
76
119
6
86
6
81
144
90
129
121
90
140
74
133
67
96
12
15
99
69
88
132
118
56
57
18
45
134
102
19
60
55
126
124
78
23
30
93
29
18
32
47
120
109
108
21
141
7
28
92
117
38
46
104
39
136
37
9
5
100
52
10
116
112
112
4
46
133
19
94
115
79
36
118
126
104
4
122
135
34
97
63
11
109
137
115
92
24
139
128
102
80
101
70
107
37
81
119
57
9
134
41
84
52
143
41
20
3
10
125
12
91
56
132
95
27
85
11
58
87
124
59
55
122
130
17
20
22
34
89
39
40
93
8
135
51
26
61
7
116
77
67
28
125
106
31
127
14
123
58
13
15
62
128
98
65
86
26
100
130
97
136
83
113
72
142
110
17
105
54
60
73
95
78
103
48
77
120
75
114
63
51
91
14
96
3
138
141
42
111
137
113
44
2
68
71
139
73
66
25
25
105
48
53
2
74
35
121
84
127
40
42
64
43
85
87
22
71
13
110
138
33
106
1
70
47
98
36
83
131
75
94
69
44
114
49
50
144
103
88
32
131
76
59
82
16
111
54
118
22
54
102
133
126
75
128
72
30
31
30
74
7
28
50
129
84
16
33
112
53
94
83
106
108
122
95
139
141
51
40
136
59
32
119
73
132
58
24
60
21
74
80
34
20
51
40
96
131
118
78
61
113
35
14
90
18
121
136
71
72
68
36
100
49
48
38
79
81
129
97
100
45
23
21
99
5
41
4
82
67
107
124
43
73
123
105
111
63
70
47
86
16
78
97
143
23
42
80
79
62
131
99
107
116
13
96
104
52
124
29
93
37
114
69
64
89
57
25
55
55
121
38
12
115
25
88
94
113
126
83
5
76
108
26
144
125
84
90
2
112
46
66
50
86
19
75
85
11
122
61
45
137
35
132
20
138
65
82
31
36
47
6
92
53
105
135
8
110
46
137
43
117
142
91
2
110
3
60
12
42
101
98
95
64
77
15
76
138
115
9
7
70
67
71
87
44
10
109
33
19
133
57
117
87
14
15
28
127
134
140
128
130
144
39
134
34
24
143
1
66
59
65
54
85
69
123
109
17
10
103
130
120
3
125
127
48
106
41
93
39
27
29
77
4
32
140
44
114
1
103
116
37
13
88
135
98
6
62
120
141
8
18
58
11
52
49
111
27
56
102
139
81
56
63
119
22
101
68
89
142
26
17
92
91
104
9
1
13
14
15
16
4
3
2
1
13
25
37
49
50
51
52
64
63
75
76
77
65
53
54
66
78
79
91
90
102
103
104
116
115
114
126
127
139
140
128
129
141
142
130
118
117
105
106
107
119
131
143
144
132
120
108
96
84
83
71
70
58
59
47
35
23
11
12
24
36
48
60
72
84
96
95
94
82
81
69
68
80
92
93
81
80
79
67
55
43
44
32
20
21
33
45
46
34
22
10
9
8
7
6
18
19
31
30
42
41
40
39
38
26
27
28
29
17
5
6
7
8
9
21
20
19
31
32
33
45
57
56
44
43
42
41
40
52
51
63
62
61
73
74
86
85
97
98
110
109
121
122
134
135
123
111
99
100
101
89
88
87
99
111
112
124
136
137
138
139
140
141
129
117
118
119
131
130
142
143
144
132
120
108
107
106
94
95
83
82
70
71
72
60
59
47
48
36
24
12
11
10
22
23
35
34
46
58
57
69
68
56
55
67
66
54
53
65
64
76
88
100
101
89
77
78
90
91
92
93
105
104
116
128
127
115
103
102
114
113
112
113
125
126
138
137
125
124
136
135
123
122
110
98
86
87
75
74
62
50
38
39
27
28
29
30
18
17
5
4
16
15
3
2
14
26
25
37
49
61
73
85
97
109
121
133
134
133
144
143
131
119
107
108
120
132
144
143
142
141
140
128
116
104
103
115
114
102
90
91
92
80
79
78
66
65
77
76
64
52
51
63
75
74
62
61
49
50
38
37
25
26
27
39
40
28
16
15
14
13
1
2
3
4
5
6
18
19
31
32
20
21
22
23
24
12
11
10
9
8
7
6
5
17
29
30
42
43
55
54
53
41
42
54
66
67
68
69
57
58
59
47
46
45
33
34
35
36
48
60
72
84
83
71
70
82
81
93
105
117
129
130
118
106
94
95
96
84
72
60
48
47
59
71
70
58
46
45
44
56
57
69
81
93
105
104
116
115
127
139
138
126
125
137
136
124
123
135
134
122
121
109
110
111
112
100
88
89
101
113
112
111
99
98
97
85
73
61
49
37
38
39
27
15
14
26
25
13
1
2
3
4
16
28
29
17
18
30
31
19
7
8
20
21
9
10
11
12
24
36
35
23
22
34
33
32
44
43
55
56
68
67
79
80
92
91
103
102
101
100
88
89
90
78
77
65
53
41
40
52
51
50
62
63
64
76
75
87
99
87
86
74
73
85
86
98
97
109
110
122
123
124
125
113
114
126
127
128
129
117
118
106
94
82
83
95
96
108
107
119
120
132
131
130
142
141
140
139
138
137
136
135
134
133
121
133
