##Rat 7 Day 49
 ##rewards
62
51
129
##Vertices
12
24
23
22
10
9
8
7
19
31
43
55
54
66
65
53
52
51
63
64
76
77
78
90
89
101
113
114
126
138
139
140
141
142
130
118
106
94
95
96
108
107
119
131
132
144
143
142
141
129
128
127
115
103
102
101
100
112
111
99
98
86
74
62
61
73
85
97
109
110
122
121
133
134
135
136
137
125
124
123
111
112
113
114
102
103
104
116
117
105
93
81
80
68
67
79
91
92
104
105
93
94
82
70
58
59
71
83
84
72
60
48
47
35
36
48
60
59
58
46
34
33
32
20
21
9
8
7
6
18
30
42
41
40
28
27
15
3
4
16
17
5
4
3
2
1
13
14
26
25
37
49
50
38
39
51
63
75
87
88
76
64
52
53
65
66
67
68
69
57
45
44
45
57
56
44
56
55
54
42
43
31
32
33
34
46
47
35
36
24
23
11
12
11
10
22
21
20
19
18
6
5
17
29
30
29
41
40
28
16
15
14
2
1
13
25
26
27
39
38
37
49
50
62
61
73
85
86
74
75
87
88
100
99
98
97
109
110
122
121
133
134
135
123
124
136
137
125
126
138
139
140
128
127
115
116
117
129
130
131
143
144
132
120
108
120
119
118
106
107
95
96
84
72
71
83
82
70
69
81
80
79
78
77
89
90
91
92
1
2
3
4
5
17
16
15
14
13
25
26
27
39
40
41
53
54
42
43
44
32
31
19
7
8
20
21
9
10
11
23
35
47
48
60
59
58
57
56
68
69
81
80
79
78
90
91
103
102
101
89
88
76
77
65
66
67
55
56
57
45
33
34
22
10
9
8
7
6
18
30
29
28
40
52
51
63
64
52
51
50
49
37
38
39
27
28
29
41
42
43
44
45
46
58
70
82
83
95
107
108
120
119
118
106
94
93
92
104
105
117
116
128
129
141
142
130
131
143
144
132
120
108
96
84
72
71
70
69
81
93
92
104
105
117
116
115
114
126
127
139
138
137
136
124
125
113
112
111
110
98
86
87
99
100
88
87
75
74
73
85
97
109
121
133
134
122
123
135
136
124
123
135
134
133
121
122
110
109
97
98
99
111
112
100
101
89
90
102
114
113
125
137
138
126
127
115
103
91
79
80
68
67
55
54
53
65
66
78
77
76
64
63
75
74
86
85
73
61
62
50
62
61
49
37
38
26
25
13
1
2
14
15
3
4
16
17
5
6
18
30
31
19
20
21
22
23
11
12
24
12
24
36
35
36
48
60
72
84
96
95
107
119
131
132
144
143
142
141
140
139
140
128
129
130
118
106
94
82
83
71
59
47
46
34
33
32
6
126
20
82
69
58
49
6
131
61
58
11
34
10
90
108
134
120
65
100
50
104
39
117
128
3
114
77
29
122
112
60
25
133
115
96
109
90
138
8
81
19
15
42
75
142
1
14
40
91
125
80
2
67
11
141
79
13
130
28
99
56
17
98
138
20
88
73
115
23
110
89
85
14
12
82
144
72
33
4
98
26
83
51
7
21
76
80
140
107
62
137
45
141
127
101
38
113
128
116
65
53
30
24
113
35
43
35
5
32
36
97
111
9
93
54
50
125
66
85
101
105
46
110
121
96
51
23
64
100
64
123
97
46
102
79
136
122
8
112
25
84
21
105
86
136
31
119
19
30
39
22
55
118
2
129
118
12
3
44
31
62
71
144
131
48
133
5
66
117
126
56
127
73
44
72
48
32
74
36
130
57
83
68
76
55
28
4
49
47
140
15
109
132
143
34
59
41
121
68
9
57
63
142
16
92
17
42
132
78
18
18
111
108
45
10
102
124
60
71
77
67
47
123
119
93
139
103
129
37
59
88
70
24
106
33
29
94
13
74
22
43
94
114
86
41
70
91
89
92
61
27
135
78
87
143
103
27
116
137
54
139
87
135
16
7
63
38
106
75
1
52
69
81
52
104
40
95
124
26
37
120
107
84
99
53
95
134
22
128
110
118
95
73
85
129
8
21
91
16
44
1
41
27
60
126
114
105
143
2
118
58
57
106
29
144
58
130
60
53
46
104
47
36
128
53
111
55
115
14
24
80
28
135
131
132
7
3
74
87
1
127
73
61
74
50
72
44
78
126
13
4
77
105
7
30
100
116
65
124
109
68
26
134
86
23
43
51
84
86
79
103
51
90
42
62
79
140
100
3
25
17
141
17
39
142
138
6
9
80
52
89
134
113
69
34
64
49
110
63
22
66
55
115
92
114
29
138
16
91
89
108
76
19
47
31
59
20
5
75
32
14
43
88
46
107
45
32
109
127
139
78
71
98
117
121
98
70
129
131
30
72
122
99
101
31
35
66
65
52
125
34
42
19
27
63
92
136
25
26
28
24
5
137
77
137
125
133
69
99
8
33
9
96
82
112
101
84
93
49
94
140
104
23
54
33
40
59
81
108
119
10
102
21
111
75
120
18
64
142
45
120
88
13
117
70
37
2
36
97
136
12
71
82
144
122
50
94
11
61
48
139
96
4
41
68
11
15
35
83
124
119
135
56
123
102
112
143
38
97
123
39
121
132
130
15
76
62
95
103
54
48
57
20
90
18
37
83
106
81
12
141
116
107
40
38
6
67
10
133
67
85
93
56
113
87
144
143
142
141
129
128
140
139
138
137
136
135
134
133
121
122
110
109
97
98
99
100
88
89
101
102
114
115
103
91
79
80
81
69
70
82
94
95
107
106
118
119
131
132
120
108
96
84
72
60
59
47
48
36
24
12
11
10
9
21
22
23
35
34
33
45
44
56
55
54
42
43
31
32
20
19
18
17
16
4
5
6
7
8
9
10
22
34
46
58
57
45
46
58
70
71
83
82
81
93
105
104
92
91
90
78
77
65
66
67
68
80
92
93
94
106
105
117
116
104
103
115
127
126
125
113
112
124
123
111
99
87
86
85
73
74
62
61
49
50
38
37
25
26
14
13
1
2
3
15
27
28
29
41
40
52
64
76
75
63
51
39
27
28
40
41
53
52
64
76
88
87
86
85
73
61
62
74
75
63
51
39
38
50
49
37
25
26
14
13
1
2
3
15
16
4
5
17
29
30
42
30
31
19
18
6
7
8
20
21
33
32
44
43
55
56
57
69
68
67
79
78
66
54
53
65
77
89
90
102
114
126
127
128
116
117
118
130
129
130
131
119
107
95
83
71
59
47
35
23
11
12
24
36
48
60
72
84
96
108
120
132
144
143
142
141
140
139
138
137
125
124
136
135
123
122
134
133
121
109
97
98
110
111
112
100
101
113
133
121
109
110
122
123
135
134
133
121
109
97
85
73
61
49
37
25
26
27
15
3
4
5
6
7
8
20
21
9
10
22
23
24
36
48
47
35
34
33
32
31
19
18
30
42
43
44
56
68
69
81
80
79
67
55
54
66
78
77
76
88
87
86
98
99
111
112
113
125
137
136
124
112
100
101
102
103
91
90
89
101
100
88
89
90
78
77
65
53
41
29
17
16
28
40
52
64
63
51
39
38
50
62
74
75
63
51
52
40
41
29
30
42
43
44
45
57
58
46
34
33
45
57
69
70
82
94
93
92
104
105
117
118
106
107
119
131
130
129
141
142
143
144
132
120
108
96
95
83
71
59
60
72
84
96
108
107
106
118
117
116
128
140
139
138
126
127
115
114
113
125
124
123
111
99
87
75
76
64
65
53
54
66
67
79
91
103
102
114
126
127
115
116
128
129
130
131
119
120
132
144
143
142
141
140
139
138
137
136
135
134
122
110
98
97
85
86
74
73
61
62
50
49
37
25
26
38
39
27
28
16
15
14
2
14
13
1
13
1
2
3
4
5
17
18
6
7
19
31
32
20
8
9
21
22
10
11
12
24
12
11
23
35
36
48
47
46
58
70
71
59
60
72
84
83
95
94
82
81
93
105
104
92
80
68
56
55
19
100
28
143
108
4
82
139
61
101
140
116
135
110
27
18
91
89
127
75
58
22
53
133
72
37
39
3
15
69
61
142
123
47
121
36
91
40
55
71
127
93
124
93
137
76
12
136
38
125
119
121
102
50
1
118
78
80
73
73
84
35
120
126
1
14
58
136
15
34
35
45
3
108
2
103
107
103
28
50
144
53
44
20
94
21
67
74
114
105
30
41
68
117
54
96
48
117
43
8
96
74
112
23
114
40
97
2
70
26
23
97
101
83
87
68
120
106
42
95
13
49
38
132
62
20
133
57
39
80
92
126
63
69
77
42
140
112
95
64
90
104
135
4
9
89
52
118
88
9
76
14
44
99
52
142
65
67
138
16
70
141
113
99
84
5
56
132
7
86
72
59
51
26
57
46
88
64
81
59
144
31
49
43
24
33
79
107
128
12
131
78
116
143
139
17
109
75
85
41
46
79
8
124
111
129
10
7
109
104
11
123
27
82
131
51
65
102
17
24
98
92
111
100
130
62
115
16
29
90
110
6
21
66
33
56
63
5
19
115
71
134
105
77
6
55
83
129
130
11
22
54
32
137
25
48
134
86
106
94
113
10
98
66
25
30
81
47
45
128
31
125
32
87
37
122
138
34
13
36
141
29
60
18
122
85
119
60
139
124
105
54
126
19
98
139
23
59
98
61
45
67
92
9
7
99
83
121
142
55
100
64
100
2
134
14
69
74
140
103
26
59
34
128
111
122
70
6
74
115
61
1
86
21
143
34
16
93
7
102
108
71
125
89
78
112
126
85
90
47
75
125
31
115
107
52
102
58
113
35
87
123
51
129
109
140
68
84
2
12
101
85
45
42
17
95
120
72
113
60
73
66
130
31
40
92
46
24
136
127
50
94
127
83
4
118
32
50
135
8
111
20
41
47
13
38
39
28
112
63
95
132
30
137
143
48
136
76
97
106
107
97
66
54
103
39
58
129
137
106
11
16
5
88
77
130
105
49
38
32
90
57
15
96
27
104
52
70
9
71
91
122
56
110
110
30
3
96
94
141
13
44
142
82
93
43
22
37
17
10
89
135
79
132
81
86
4
73
144
123
80
108
116
10
63
109
11
138
62
29
131
37
53
36
24
48
124
20
56
53
120
36
65
76
144
22
119
114
104
14
69
19
81
57
60
27
133
29
116
15
62
119
8
84
40
80
88
21
64
75
25
68
128
35
3
134
26
25
77
33
133
65
55
18
51
42
12
117
28
91
72
6
141
18
138
41
43
118
87
67
114
49
99
79
1
23
46
131
33
121
117
5
44
78
101
82
1
13
25
37
38
50
49
61
73
85
97
109
121
133
134
122
123
135
136
124
112
100
101
89
88
76
75
63
64
65
66
54
42
43
31
30
29
17
16
28
27
15
14
2
3
4
5
6
7
8
20
21
9
10
11
12
24
36
48
47
35
23
22
34
46
45
57
56
68
80
81
69
70
58
59
71
83
95
107
108
96
84
72
60
48
36
35
34
33
32
44
45
33
32
31
19
18
30
42
41
40
52
53
65
77
78
90
91
79
67
55
54
53
41
29
28
40
39
51
52
64
63
62
74
86
87
99
98
110
111
112
113
125
137
138
126
127
139
140
128
129
141
142
130
131
143
144
132
120
119
118
106
94
93
105
104
103
102
114
115
116
117
118
106
105
93
92
104
103
102
101
113
125
137
138
139
127
126
114
115
116
117
129
128
140
141
142
130
131
143
144
132
120
119
107
108
96
95
94
82
81
82
70
71
83
84
72
60
59
47
46
58
57
69
68
56
44
43
55
67
66
78
79
80
92
91
90
89
77
76
75
74
62
50
51
39
27
26
38
26
14
15
16
17
18
19
20
21
22
23
24
12
11
10
9
8
7
6
5
4
3
2
1
13
25
37
49
61
73
85
86
98
97
109
110
122
121
133
134
135
136
124
123
111
99
100
88
87
144
143
131
119
118
130
142
141
140
128
127
139
138
126
114
113
125
137
136
124
112
111
110
122
123
135
134
133
121
109
97
85
86
74
75
87
88
100
101
102
90
91
79
80
92
104
103
115
116
117
105
106
107
95
96
108
120
132
144
143
142
130
129
117
105
93
94
82
81
69
70
71
59
60
72
84
83
82
70
58
57
45
46
34
22
23
35
47
48
36
24
12
11
10
9
21
20
8
7
6
5
17
18
19
31
30
42
41
40
39
27
15
3
4
16
28
29
30
31
32
33
45
44
43
55
56
68
67
66
78
77
76
64
65
53
54
42
41
29
28
27
26
14
2
1
13
25
37
49
61
73
85
97
98
99
100
112
113
101
89
88
76
75
63
62
50
51
52
40
39
38
50
38
26
14
2
1
13
25
37
49
61
73
74
62
63
51
52
64
65
53
54
66
67
55
43
44
56
68
80
81
69
57
58
46
34
33
32
20
19
18
17
16
15
3
4
5
6
7
8
9
21
22
10
11
12
24
23
35
36
48
47
59
60
72
71
83
84
96
95
107
108
120
132
131
119
118
106
94
93
92
91
79
78
77
89
90
102
114
126
127
115
103
104
116
128
129
141
140
139
138
137
125
124
136
135
123
122
134
133
121
109
110
111
99
87
86
98
120
19
42
131
69
102
43
111
138
75
54
17
127
124
112
73
39
142
20
89
44
101
18
21
85
13
113
104
67
44
139
112
128
68
105
40
102
43
116
64
94
26
143
91
131
87
93
55
97
82
21
95
135
58
86
73
106
50
20
117
48
45
32
83
33
125
92
115
3
65
88
56
81
14
113
100
72
25
78
99
140
109
126
103
22
76
119
90
121
56
79
49
36
144
88
36
116
98
19
110
15
141
38
28
134
140
1
12
2
53
84
138
47
132
77
106
60
33
136
1
130
83
51
24
119
142
11
120
101
135
7
53
27
50
31
123
122
82
62
68
2
6
37
99
32
67
95
85
29
107
124
58
25
6
66
75
41
31
74
123
15
12
91
133
57
23
111
16
5
22
70
109
87
40
118
125
52
10
35
70
30
80
96
129
81
76
51
126
139
77
14
63
39
134
37
29
8
114
84
5
61
137
4
9
57
64
107
104
49
108
80
38
59
8
18
3
117
94
7
23
41
4
96
108
11
46
100
121
66
127
42
59
92
71
16
45
115
118
30
122
90
27
137
34
72
62
17
133
9
54
52
35
143
86
71
136
141
10
24
144
79
78
48
114
69
89
110
129
26
132
74
105
128
93
13
34
55
103
46
97
130
61
28
98
65
47
63
60
31
15
31
113
126
109
11
6
95
51
79
72
140
124
94
127
137
108
34
53
39
13
50
134
25
76
33
40
131
98
114
135
104
32
54
36
30
97
29
117
15
41
63
30
7
141
45
136
68
47
112
56
5
44
100
53
45
17
80
125
91
49
79
38
29
106
8
132
105
90
118
116
58
109
102
134
72
4
67
7
135
84
75
101
85
42
46
76
39
33
77
122
27
22
59
101
132
120
19
28
115
4
12
57
123
92
22
97
103
81
16
20
20
81
122
23
144
50
65
1
1
26
99
82
133
3
121
69
24
138
141
96
107
2
46
57
85
111
52
19
52
108
54
96
107
125
100
102
86
118
14
21
90
58
95
62
73
23
129
21
82
66
60
62
98
89
70
128
48
71
114
87
99
123
88
18
142
103
139
129
14
104
92
93
32
128
106
86
5
36
119
48
13
127
117
110
130
64
78
142
51
126
10
77
55
89
49
63
67
41
115
140
26
111
119
61
11
91
70
80
66
144
68
40
113
87
137
138
116
74
84
69
131
35
124
61
83
43
130
112
78
24
3
8
12
35
74
121
10
64
28
55
143
37
43
110
120
37
60
47
56
42
75
38
83
88
73
143
9
93
59
2
136
133
94
44
65
18
25
9
105
6
71
34
139
16
27
17
