##Rat 7 Day 46
 ##rewards
62
51
129
##Vertices
56
133
111
80
123
42
40
89
57
77
120
63
59
136
85
23
120
58
48
89
88
81
130
49
28
25
29
18
35
121
2
36
20
132
76
18
39
23
122
17
32
43
34
8
69
107
21
62
72
80
30
128
41
66
1
69
22
124
75
83
77
70
96
16
54
7
26
125
24
50
4
126
121
15
115
144
58
100
59
135
78
46
7
111
93
94
118
21
72
100
22
45
127
52
73
31
106
116
41
71
99
101
87
68
60
47
68
110
140
114
92
102
83
129
53
139
98
117
62
79
6
140
141
127
125
1
73
16
70
118
67
17
98
134
136
25
103
13
51
138
79
86
57
93
113
12
11
82
14
19
115
40
90
112
5
133
28
3
88
123
31
75
97
67
102
132
74
60
84
54
78
129
14
19
107
12
105
143
33
51
116
104
33
87
103
81
43
42
36
110
96
144
47
112
20
39
124
108
126
61
6
56
137
34
52
64
49
76
32
106
48
119
10
113
9
4
38
85
134
131
2
101
142
91
117
29
95
141
11
37
91
66
131
109
50
35
27
135
30
53
61
74
37
64
86
27
44
90
128
139
71
95
109
26
97
122
65
108
92
55
138
44
104
94
9
119
45
114
8
142
10
5
46
99
130
55
105
84
3
24
15
82
143
13
137
38
65
63
65
123
86
57
107
100
45
31
97
137
34
13
142
137
74
52
107
5
112
75
36
104
87
98
109
106
143
26
90
43
122
27
123
39
121
44
69
129
81
94
73
10
42
80
89
77
28
119
111
20
30
25
106
103
56
48
27
109
135
132
120
54
114
136
19
75
5
99
108
84
48
39
15
78
58
97
61
65
135
40
128
17
70
63
124
42
35
46
127
44
46
1
118
79
101
89
138
124
108
85
57
50
129
84
37
118
113
30
61
96
140
2
130
96
10
21
49
79
9
18
144
76
126
38
2
12
113
54
45
91
20
31
21
34
47
49
114
33
25
51
29
53
105
32
55
78
62
143
95
70
55
38
141
88
59
110
18
99
115
72
127
3
16
51
122
66
40
103
67
128
101
83
117
7
68
105
37
131
126
74
43
111
50
94
53
139
90
4
102
120
115
140
69
138
33
92
56
23
88
24
92
41
64
7
73
85
91
14
22
71
144
141
110
26
58
22
68
87
17
11
116
121
4
35
41
1
12
100
134
9
6
130
77
80
112
83
60
71
93
93
8
8
11
136
81
133
86
28
24
116
133
32
13
67
66
36
82
15
102
125
119
60
132
125
82
19
29
131
63
47
98
117
14
23
142
52
76
72
62
3
6
104
64
95
59
139
16
134
144
132
131
130
118
117
116
104
92
93
94
82
83
84
96
95
107
108
120
119
118
106
105
117
129
141
140
139
127
126
138
137
125
113
112
124
123
122
110
109
97
98
86
85
73
74
62
63
75
76
64
52
51
50
38
37
25
26
27
39
40
28
29
17
16
4
5
6
18
30
42
43
31
19
7
8
20
21
9
10
22
23
35
36
24
12
11
10
9
8
7
6
5
4
3
15
14
2
1
13
25
37
49
61
73
85
97
109
121
133
134
135
136
137
138
139
140
128
127
115
114
102
101
100
99
111
110
98
86
87
88
89
90
91
103
102
90
78
66
67
79
80
81
69
68
56
44
32
33
45
57
58
59
60
48
47
46
34
22
21
20
19
18
17
29
41
53
54
55
67
68
56
57
58
70
71
59
60
72
84
72
71
83
82
70
69
81
80
79
78
66
54
55
43
44
45
46
47
48
36
24
12
11
23
35
34
33
32
31
30
42
41
40
28
16
15
3
2
1
13
14
26
27
39
38
50
49
61
62
74
75
76
64
63
51
52
53
65
77
65
77
89
101
113
112
100
88
87
99
111
123
122
121
133
134
135
136
124
125
126
114
115
116
104
103
91
92
93
105
106
94
95
96
108
107
119
120
132
144
143
131
130
142
143
142
141
129
128
1
2
14
26
27
39
51
52
53
41
29
30
18
6
5
17
16
4
3
15
27
28
40
39
38
37
49
61
62
74
73
85
86
87
99
98
110
122
123
135
136
124
125
137
138
126
127
115
114
102
103
104
116
128
129
141
142
130
118
117
105
106
94
95
107
108
96
84
83
82
81
69
70
71
72
60
59
47
48
36
35
23
22
10
11
12
24
36
48
60
72
84
96
108
120
119
131
132
144
143
142
141
140
139
138
137
136
135
134
133
121
109
97
85
73
61
49
50
62
63
75
76
88
100
112
111
123
124
125
113
101
89
77
65
64
76
77
78
79
67
66
54
42
43
55
56
57
58
46
45
44
32
20
8
9
21
33
34
35
47
59
71
83
95
94
93
92
80
68
67
55
56
44
32
31
19
20
8
7
6
7
19
18
30
31
43
42
54
66
78
79
80
68
69
57
45
33
21
9
10
11
12
24
23
22
34
46
58
70
82
81
93
105
106
107
119
120
132
144
143
131
130
118
117
129
128
140
139
127
126
114
102
103
115
116
104
92
91
90
91
90
89
88
87
99
100
101
113
112
111
110
122
134
133
121
109
97
98
86
74
75
63
51
52
64
65
53
41
40
28
29
17
5
4
16
15
3
2
1
13
14
26
25
13
25
37
38
50
77
28
34
30
76
57
141
87
30
113
96
140
29
130
53
132
114
143
7
5
90
82
100
66
126
24
124
125
40
61
9
62
92
88
22
89
96
98
31
120
52
3
80
39
65
90
43
136
41
135
26
66
72
125
55
122
110
73
121
82
1
37
69
106
83
78
103
107
53
23
117
135
112
37
46
62
73
131
68
15
40
36
35
42
105
47
120
121
24
17
102
72
67
143
10
16
79
35
94
95
110
21
31
58
59
97
32
45
25
22
112
77
111
127
9
113
2
11
13
75
23
20
81
88
139
118
10
104
115
109
27
106
99
126
78
142
104
26
60
47
11
70
29
20
142
8
69
138
12
131
59
86
52
5
18
44
33
101
83
116
71
49
55
48
14
2
144
44
56
38
49
25
48
68
129
111
51
137
4
114
124
57
75
76
27
74
71
87
50
93
118
92
45
51
34
74
32
81
19
85
91
132
64
54
105
36
19
85
136
94
91
122
46
8
67
100
12
127
18
21
6
138
89
128
134
63
60
99
4
139
129
108
128
6
3
43
86
123
64
117
133
33
134
140
98
1
84
102
54
13
58
133
101
50
84
144
41
7
70
38
115
137
109
17
116
56
63
80
93
28
119
141
79
39
95
108
107
97
65
119
42
103
130
15
16
14
123
61
72
30
35
141
70
76
81
138
2
85
33
143
28
64
73
78
115
97
25
123
56
98
26
120
11
112
15
55
101
103
144
127
76
95
54
39
42
125
89
19
36
35
28
20
57
86
45
110
140
10
129
37
1
48
24
92
44
117
77
34
108
127
121
13
135
142
75
60
17
4
120
31
118
84
131
18
59
37
62
132
34
141
129
111
65
130
19
107
52
46
75
54
91
144
55
137
79
68
63
61
63
105
112
40
43
72
143
108
119
86
80
132
111
142
114
26
11
31
53
2
47
113
84
106
62
17
117
98
66
102
27
79
102
81
67
124
14
109
104
135
88
5
71
122
100
22
6
73
58
43
21
33
139
56
121
58
68
125
9
53
16
130
94
123
16
89
107
137
128
8
23
106
7
9
27
83
5
122
69
105
41
126
116
50
18
139
24
1
134
12
29
114
51
87
101
94
40
93
103
14
38
3
91
126
15
82
64
7
136
118
44
71
3
104
47
57
115
20
77
66
100
50
32
119
12
59
65
10
69
96
131
90
21
42
60
39
87
78
80
133
6
48
90
4
97
29
45
67
38
51
82
138
74
99
13
52
32
124
85
30
49
83
46
22
110
96
61
134
128
136
36
8
99
41
74
88
25
113
92
140
23
116
49
95
70
93
133
109
12
24
36
35
47
48
60
59
58
70
69
68
67
79
91
90
89
88
76
64
52
40
28
29
41
42
54
55
56
44
32
31
43
42
30
18
19
7
6
5
4
16
15
14
2
1
13
25
26
27
39
38
37
49
61
73
74
86
98
110
111
99
100
112
124
125
126
138
137
136
135
123
122
121
109
97
85
73
61
62
63
51
50
49
37
25
26
38
50
62
63
75
87
99
111
112
113
101
102
114
115
127
139
140
128
129
141
142
143
144
132
120
108
107
106
94
95
83
71
72
84
96
108
120
119
131
130
118
117
105
93
81
80
92
104
103
115
116
104
92
93
94
82
81
80
79
78
66
65
53
54
66
67
68
69
57
45
46
34
33
21
20
8
9
10
22
23
11
10
9
21
22
34
35
23
11
12
24
36
48
60
59
47
46
45
33
32
44
43
55
56
57
58
70
82
83
71
72
84
96
95
107
119
118
106
105
117
116
128
129
130
131
132
144
143
142
141
140
139
127
126
138
137
125
124
136
135
123
122
134
133
134
133
121
109
110
98
97
85
86
74
75
87
88
100
101
113
114
102
103
91
90
78
77
89
77
76
64
65
53
52
51
39
40
41
29
30
31
19
20
8
7
6
18
17
5
17
16
28
27
15
3
4
3
2
1
13
14
133
134
135
123
124
136
137
125
113
114
102
90
78
79
80
68
56
44
43
42
41
40
39
51
52
64
65
77
89
88
87
75
76
64
63
62
74
73
61
49
37
38
26
14
13
1
2
3
15
27
28
16
4
5
6
7
19
20
21
22
34
33
45
46
47
59
71
72
60
48
36
35
23
11
10
9
8
7
6
18
30
29
17
5
4
3
15
16
17
18
30
31
32
33
34
46
58
57
69
70
82
83
84
96
95
107
108
120
132
144
143
142
141
129
117
116
128
127
126
138
139
140
141
142
130
131
119
118
106
105
104
103
91
92
93
81
82
94
93
92
104
116
115
103
91
79
67
66
54
53
65
66
78
90
102
101
100
112
111
99
98
86
85
97
109
110
122
121
109
97
98
110
111
123
122
121
133
134
135
136
137
125
124
112
100
99
87
88
76
77
89
101
113
114
115
127
126
138
139
140
128
129
130
118
117
105
106
94
95
107
119
131
143
144
132
120
108
96
84
83
71
72
60
59
47
48
36
35
23
24
12
24
12
11
10
22
21
9
8
20
19
31
32
44
45
57
58
70
69
81
80
68
67
55
56
55
43
42
54
53
41
29
28
40
52
51
63
75
74
86
85
73
61
62
50
49
50
38
39
27
26
25
37
25
13
1
2
14
131
7
41
71
35
75
61
48
17
134
14
118
69
140
95
79
60
102
140
51
90
101
2
137
73
49
40
19
57
53
126
123
34
108
129
104
31
115
128
138
88
5
84
38
66
28
58
85
106
118
35
78
3
46
102
84
5
113
98
46
92
93
77
26
82
87
112
61
11
137
76
111
130
106
72
68
113
63
95
16
38
86
25
91
115
36
37
107
60
56
124
122
112
18
131
128
43
71
111
58
96
133
22
31
54
104
65
32
52
81
62
141
30
27
136
68
73
41
139
116
105
105
8
34
42
10
103
90
2
142
81
13
47
114
114
75
7
47
139
13
59
56
144
135
138
100
129
89
50
133
20
53
43
99
119
70
74
77
96
50
1
1
27
22
45
109
123
64
40
103
125
97
94
83
127
70
125
65
33
144
18
122
94
76
80
12
69
132
143
109
57
8
83
3
88
16
141
59
6
110
116
12
86
120
143
29
80
74
48
54
79
63
26
51
6
100
4
37
93
85
23
24
119
45
15
10
25
20
62
107
98
4
130
33
136
32
142
9
67
29
126
92
120
49
55
39
28
127
72
132
42
36
117
78
64
14
99
21
15
11
108
89
110
17
134
87
66
82
117
121
101
55
24
91
97
9
21
52
124
19
23
30
39
44
67
135
121
44
110
71
131
87
85
95
101
27
59
138
60
15
130
81
90
123
2
127
102
81
7
17
108
44
137
114
100
61
70
12
132
51
78
90
77
70
50
86
60
28
45
10
36
38
42
19
32
6
121
3
112
134
34
87
102
99
40
77
9
126
100
133
37
74
79
111
99
142
4
55
53
24
22
82
41
53
4
94
24
40
54
59
143
66
29
128
46
97
137
142
89
2
26
20
91
83
104
68
48
133
52
76
96
136
48
66
5
56
19
82
52
72
125
39
25
126
34
84
45
30
89
74
20
127
26
5
65
80
50
119
113
84
55
139
86
47
67
14
31
14
94
65
136
104
62
120
106
42
116
98
96
108
43
114
16
103
37
113
79
8
121
54
144
97
128
69
78
140
23
140
73
35
21
31
138
21
10
23
88
122
41
132
92
80
18
49
8
35
1
51
58
12
91
115
120
32
117
69
3
112
93
17
7
107
110
39
1
88
64
68
13
122
73
63
61
117
44
144
49
135
116
139
28
11
124
119
106
57
125
22
129
29
56
135
107
93
76
123
130
109
72
141
85
101
38
105
58
57
27
109
13
92
124
11
118
129
25
64
33
115
62
15
33
71
98
18
43
134
30
9
6
103
67
118
47
75
105
63
141
75
111
46
95
143
16
36
83
131
144
143
142
141
140
128
116
115
127
139
138
126
114
102
90
91
103
104
105
117
129
130
131
132
120
119
118
106
94
95
96
108
107
106
94
82
70
69
81
93
92
80
68
67
79
78
66
65
64
52
40
41
53
54
42
30
29
17
18
6
5
4
3
15
16
28
27
39
38
37
25
13
14
26
25
37
49
50
51
63
62
74
86
98
97
85
73
61
49
50
38
39
51
52
40
28
29
30
31
19
7
8
9
21
20
32
33
45
57
56
55
43
44
45
46
58
59
71
83
84
72
60
48
47
35
36
24
23
11
10
22
34
46
58
57
69
81
93
105
104
116
115
103
102
101
100
99
87
75
76
77
89
88
87
99
111
112
113
125
124
136
135
123
122
134
133
121
109
110
111
112
124
123
135
134
133
121
122
110
109
97
98
86
85
73
61
62
74
75
63
64
65
53
41
42
54
55
56
68
67
66
78
79
80
92
91
90
89
77
76
88
100
101
113
114
126
125
137
136
137
138
139
127
128
140
141
142
130
129
117
118
119
131
143
144
132
120
108
107
95
96
84
83
82
70
71
72
60
59
47
48
36
35
23
22
34
33
21
20
32
44
43
31
19
18
17
16
15
27
26
14
2
1
13
1
2
3
4
5
6
7
8
9
10
11
12
24
12
133
121
109
97
85
86
87
75
74
73
61
62
63
64
65
77
76
88
100
99
98
110
122
134
135
123
111
112
113
125
137
136
124
112
113
114
115
103
102
101
89
90
91
79
78
66
67
55
43
44
45
57
56
68
69
70
58
59
71
72
60
48
36
35
47
46
34
33
21
9
10
11
23
22
10
9
8
20
32
31
19
18
17
16
4
5
6
7
8
20
21
33
32
44
45
46
58
70
82
83
84
96
108
107
95
94
106
105
104
92
80
81
93
105
117
116
128
127
126
138
139
140
141
129
130
142
143
131
132
120
119
118
117
116
104
103
102
101
100
88
87
75
76
64
52
40
28
29
30
42
54
53
41
29
28
27
39
51
50
38
37
25
26
14
13
1
2
3
15
27
39
38
26
25
13
1
2
14
15
3
4
16
17
5
6
7
19
18
30
31
43
55
56
57
69
68
80
92
91
79
67
66
78
90
89
77
65
53
54
42
41
40
52
51
63
62
50
49
37
49
61
73
74
86
85
97
109
110
98
99
111
123
122
121
133
134
135
136
124
125
137
138
126
114
115
127
139
140
128
129
141
142
130
131
119
118
106
107
95
94
93
81
82
83
71
59
47
35
34
22
23
24
12
11
12
24
36
48
60
72
84
96
108
120
132
144
143
144
