##Rat 8 Day 21
 ##rewards
71
58
124
##Vertices
12
11
23
35
36
48
60
72
71
70
69
68
80
79
91
92
104
116
115
103
102
90
78
77
89
88
87
75
74
73
61
49
37
25
26
27
28
29
17
5
4
16
15
14
2
1
13
25
37
38
50
62
63
64
76
88
100
99
111
112
124
125
126
127
139
138
137
136
135
123
122
134
133
121
109
97
85
86
98
110
111
99
87
75
76
64
52
51
39
40
41
42
54
55
67
66
65
53
52
40
41
29
30
31
32
20
19
18
6
7
8
9
21
22
10
9
8
20
32
33
34
46
58
59
47
48
60
72
84
83
82
81
93
105
106
118
119
120
108
107
95
96
108
120
132
144
143
131
130
142
141
140
128
129
117
116
115
114
113
101
102
103
104
92
91
79
67
55
43
44
45
57
45
44
56
57
56
68
80
81
69
70
58
46
34
33
21
22
10
11
23
24
12
24
36
35
47
59
71
83
84
96
95
94
82
94
93
105
106
107
119
131
132
144
143
142
130
118
117
129
141
140
128
127
139
138
137
125
126
114
113
101
100
112
124
136
135
123
122
134
133
121
109
110
98
97
85
86
74
73
61
49
50
62
63
51
39
38
26
14
13
1
2
3
4
3
15
27
28
16
17
5
6
7
19
18
30
31
43
42
54
66
78
90
89
77
65
53
144
132
131
130
142
141
140
139
138
137
136
135
123
124
112
100
101
89
88
87
75
74
73
61
49
50
38
37
25
26
14
13
1
2
3
4
16
28
40
41
53
52
51
39
27
15
3
4
5
17
29
30
42
54
66
65
64
76
77
78
90
102
103
115
114
113
125
126
127
128
116
104
105
106
94
95
96
84
83
71
72
60
59
47
48
36
24
23
22
10
9
8
7
6
18
19
20
21
33
45
57
69
70
58
46
34
35
36
48
60
72
84
96
108
120
119
107
106
118
117
129
141
140
128
116
115
103
91
79
67
68
80
81
82
83
71
59
47
35
34
46
58
70
69
57
56
44
32
31
43
55
54
66
78
90
102
101
100
99
111
110
122
121
109
97
98
86
85
73
61
62
74
86
85
97
98
110
109
121
133
134
133
134
122
123
135
136
137
138
139
127
126
114
113
125
124
112
111
99
87
88
89
77
76
75
63
62
50
49
37
38
39
51
63
64
65
53
52
40
28
27
26
25
13
1
2
14
15
16
17
5
6
7
19
18
30
29
41
42
43
31
32
20
8
9
10
11
12
24
12
11
23
22
21
33
45
44
56
55
67
68
80
79
91
92
93
105
117
129
130
118
119
131
143
142
143
144
132
120
108
107
95
94
82
81
93
92
104
2
69
135
16
12
68
72
59
18
122
37
92
6
115
90
53
58
43
30
125
44
20
131
127
100
83
39
135
5
11
99
133
64
52
3
142
77
124
113
47
100
26
78
57
65
23
140
134
143
29
144
141
97
105
137
97
84
85
77
74
96
110
79
7
60
120
83
46
118
45
1
94
138
81
63
94
22
13
91
132
60
9
93
63
41
76
67
59
71
85
62
55
43
10
74
116
103
23
80
50
36
1
109
24
54
114
5
25
115
19
86
106
114
54
66
6
67
48
136
122
110
108
99
14
11
117
61
113
22
51
66
17
112
32
96
27
64
35
26
76
57
84
127
58
49
40
131
38
68
29
17
118
75
124
34
123
44
104
56
89
39
144
28
28
119
56
47
101
4
103
90
108
137
82
141
10
31
41
32
132
16
120
8
119
126
31
109
101
21
49
142
65
53
52
106
19
80
98
102
70
128
136
134
107
45
78
20
14
15
128
2
27
89
48
88
33
130
130
61
42
87
143
104
72
98
18
121
50
21
69
112
107
117
88
125
34
33
91
140
75
9
126
51
129
25
139
93
7
92
139
111
86
30
37
4
95
70
133
55
121
73
79
35
38
3
12
62
13
71
102
46
73
87
15
36
40
129
123
138
8
81
42
116
24
105
111
95
82
71
9
119
34
142
43
5
124
70
107
15
18
105
7
77
88
42
49
75
45
39
25
109
57
42
51
123
17
73
132
130
65
71
55
64
110
61
52
107
99
10
122
84
137
120
4
89
62
62
131
74
44
28
8
80
141
3
114
1
136
38
66
56
128
53
91
41
93
60
94
87
83
90
135
19
61
114
16
64
121
32
15
36
115
9
127
56
137
143
37
85
24
113
97
117
48
84
24
138
111
58
100
79
27
66
87
95
69
82
127
86
106
125
23
102
47
139
76
135
5
69
20
47
78
63
54
37
132
35
91
22
85
126
96
139
119
25
116
31
33
81
68
58
82
26
112
59
83
11
104
118
51
97
21
144
39
29
4
79
134
88
44
45
16
19
40
54
26
95
74
98
133
134
40
32
48
112
140
125
30
7
133
53
57
122
144
136
22
130
93
116
100
103
138
70
113
38
28
3
43
121
2
27
8
60
123
104
73
67
67
2
6
111
10
14
12
77
103
1
86
129
129
118
46
72
142
141
55
49
101
117
143
94
35
131
6
96
72
12
52
78
108
65
34
50
76
17
128
120
21
92
99
23
63
11
18
115
20
105
101
31
68
50
89
108
124
102
13
41
140
46
36
98
92
33
109
126
30
59
110
13
81
80
106
14
90
75
29
133
134
122
110
109
97
85
73
74
75
76
77
65
66
54
53
41
29
30
42
43
55
67
68
56
57
58
70
71
72
84
96
108
120
119
118
117
116
128
140
141
129
130
131
143
144
132
120
108
107
95
83
82
81
69
57
45
46
34
33
21
20
19
18
6
7
8
9
10
22
23
11
12
24
36
48
60
59
47
35
34
46
58
70
69
81
93
94
106
105
104
103
91
90
78
79
80
92
93
105
104
116
115
114
113
125
126
127
139
138
137
136
124
123
135
136
137
125
113
112
111
99
87
86
98
97
85
73
61
62
63
64
52
40
39
27
26
25
37
38
50
49
37
25
13
1
2
14
15
3
4
5
17
16
28
29
30
31
32
44
43
42
41
53
54
66
78
90
102
101
100
88
100
101
89
88
89
77
65
64
76
75
87
99
111
112
124
123
135
134
122
121
133
121
109
110
98
86
74
62
61
49
50
51
63
51
52
40
39
38
26
14
13
1
2
3
15
27
28
16
4
5
17
18
6
7
8
20
19
31
32
44
45
33
21
9
10
22
23
11
12
24
36
35
47
48
60
59
71
72
84
96
95
83
82
94
106
107
119
131
132
144
143
142
141
142
130
118
117
129
128
140
139
138
126
127
115
114
102
103
91
79
67
55
56
68
80
92
1
13
25
37
49
50
38
26
14
2
3
15
27
28
40
52
53
65
64
76
88
87
75
74
73
85
86
98
97
109
121
122
123
124
136
137
125
113
101
89
90
102
103
91
79
67
68
80
81
69
57
56
44
43
55
54
66
78
77
89
101
100
99
111
110
109
97
85
73
61
62
63
51
39
40
41
29
30
42
41
29
17
5
4
16
28
27
39
51
52
64
76
88
100
112
113
114
115
127
128
129
141
142
130
118
117
116
104
92
93
105
106
94
95
107
108
120
119
131
132
144
143
142
141
140
139
138
126
114
102
103
104
92
93
105
106
94
82
70
71
83
84
72
60
48
47
59
58
46
34
22
21
20
32
33
45
44
32
31
19
7
8
9
10
11
12
24
23
35
36
48
47
35
36
24
12
11
23
22
10
9
21
33
34
46
45
57
56
68
69
70
58
59
60
72
71
83
82
81
80
79
91
90
78
77
65
53
54
66
67
55
43
42
30
31
19
20
8
7
6
18
17
18
6
5
4
16
15
3
2
1
13
14
26
25
37
38
50
49
61
62
63
75
74
86
98
110
122
121
133
134
133
134
135
123
135
136
137
138
139
140
128
129
130
131
143
144
132
120
108
96
84
96
95
107
119
118
117
116
115
127
126
125
124
112
111
99
87
29
95
27
11
71
80
125
46
120
49
70
3
74
25
114
13
84
17
101
10
121
64
109
60
134
92
111
132
47
110
98
141
45
65
116
140
21
1
83
93
83
79
98
4
141
103
119
32
130
6
97
54
117
87
57
8
106
99
24
73
100
18
131
115
138
57
144
131
9
78
67
21
118
61
22
26
114
111
41
22
24
72
129
130
106
124
86
55
115
133
33
137
44
29
137
32
88
26
68
39
59
44
128
123
96
80
48
35
95
100
19
93
15
133
70
121
110
134
51
71
42
65
92
75
7
11
36
59
113
23
125
30
17
124
63
68
2
16
107
89
123
20
122
43
25
84
52
117
52
135
38
19
5
94
118
144
76
1
143
14
109
127
37
56
116
81
128
53
105
66
28
12
50
79
55
64
66
58
88
7
105
49
46
108
73
139
3
69
40
119
81
62
136
23
8
15
104
87
45
61
91
30
142
27
112
51
126
47
53
108
38
90
76
96
31
126
86
40
12
39
63
85
9
142
120
99
97
34
72
28
77
4
138
34
135
129
33
35
18
140
43
36
2
16
127
139
14
20
62
50
89
42
91
67
113
56
69
143
6
122
37
13
101
85
103
82
107
132
58
102
10
41
136
82
94
112
48
54
60
78
77
31
104
5
90
102
75
74
26
101
53
35
56
88
75
111
5
2
55
89
44
113
61
19
140
52
134
30
11
86
129
13
25
96
103
62
108
66
4
51
74
132
127
116
99
83
45
52
124
109
83
124
15
1
111
64
112
76
84
37
91
85
63
69
138
30
120
73
27
81
28
125
80
46
107
131
32
74
143
70
41
37
45
93
104
139
7
117
73
25
142
82
132
59
48
91
110
66
80
112
20
4
13
42
31
7
89
78
50
114
14
144
95
110
49
67
12
54
134
16
71
26
67
33
135
96
93
79
68
122
2
29
40
9
143
8
106
105
135
69
71
53
118
141
94
47
140
99
97
72
90
144
133
115
18
10
35
60
81
82
128
95
142
64
31
55
6
39
77
46
130
119
6
56
27
113
117
106
104
9
63
21
42
58
114
20
100
98
28
21
77
122
5
14
128
92
75
29
121
109
102
139
8
34
78
19
11
123
84
36
137
92
33
16
44
100
15
86
40
102
125
133
43
3
126
39
17
76
88
59
116
108
131
49
118
57
137
65
87
1
87
47
136
138
98
101
58
24
51
38
22
103
105
68
120
130
65
94
85
48
23
115
17
34
126
32
24
62
129
70
54
22
136
79
121
107
60
57
12
18
43
41
61
72
50
97
90
141
123
3
10
127
36
38
119
23
144
143
142
130
131
119
120
108
107
106
105
93
94
82
70
71
83
95
96
84
72
60
48
36
35
23
24
12
11
10
9
8
20
32
33
21
22
34
46
45
44
56
57
69
68
67
55
43
31
19
18
30
29
41
42
54
66
65
53
52
40
28
27
15
3
2
1
13
14
26
25
37
49
61
73
74
62
63
75
87
88
76
77
78
79
80
81
93
92
91
90
89
101
102
114
115
103
104
116
128
127
126
125
113
112
124
136
135
123
111
110
122
121
133
134
135
136
137
138
139
140
141
129
117
118
106
94
82
81
80
68
69
70
58
59
47
48
36
35
34
33
32
31
30
29
17
5
4
16
28
27
39
38
50
51
63
64
76
75
87
99
100
88
89
90
102
101
100
99
98
97
85
86
98
86
85
73
74
62
61
49
37
25
13
1
2
3
4
5
6
7
19
20
21
22
23
24
12
11
10
9
8
7
6
18
17
16
15
14
26
38
50
51
39
40
52
64
65
77
78
79
67
66
54
53
41
42
43
55
56
44
45
57
58
46
47
59
60
72
71
83
84
96
95
107
119
118
117
105
104
92
91
103
115
116
128
127
126
114
113
112
111
110
109
97
109
121
133
134
122
123
124
125
137
138
139
140
141
129
130
142
143
144
132
131
132
120
108
1
2
14
26
25
37
49
61
73
85
97
109
110
98
99
100
88
89
101
113
114
126
138
139
140
128
129
141
142
130
131
143
144
132
120
108
107
106
105
93
92
104
116
117
118
119
120
108
96
95
94
82
81
80
79
91
103
102
90
78
77
76
64
63
75
87
86
74
62
50
51
52
40
28
29
17
5
6
18
19
7
8
20
21
9
10
11
23
35
36
48
60
72
84
83
71
59
47
46
45
44
43
31
32
33
34
22
10
9
8
7
6
5
4
3
15
16
28
27
39
38
37
49
50
51
63
64
65
66
67
55
54
42
30
18
19
20
21
22
34
33
32
31
43
44
56
57
58
70
69
68
80
79
78
77
76
88
100
112
111
123
122
134
135
136
124
125
137
138
139
127
126
125
137
136
124
123
135
134
133
121
133
121
122
110
109
97
85
73
61
62
74
75
87
86
98
99
111
112
113
101
89
90
102
114
115
127
128
140
141
129
117
116
115
103
91
92
104
105
106
118
130
142
143
144
132
131
119
107
95
96
84
72
71
83
82
94
93
81
69
70
58
59
60
48
36
24
12
11
12
24
23
35
47
46
45
57
56
68
67
55
54
66
65
53
41
40
39
38
26
27
15
14
13
25
13
1
2
3
4
16
17
29
30
42
41
53
52
62
81
55
10
89
144
71
129
98
58
51
96
99
119
18
50
123
137
102
14
38
135
115
8
68
59
126
35
140
85
82
83
135
39
74
138
54
64
140
92
20
63
31
107
23
131
60
28
6
41
88
133
11
103
125
47
97
142
100
70
25
3
29
108
86
43
110
33
3
87
5
141
20
136
26
107
52
22
97
72
122
117
144
22
141
7
39
127
18
99
4
16
14
116
1
78
80
56
106
12
120
73
33
114
118
82
34
11
35
143
15
74
125
54
50
37
46
136
93
57
45
69
53
36
101
49
48
60
25
26
96
109
127
130
21
134
57
86
23
71
48
113
36
53
7
115
29
9
81
116
89
76
30
19
47
56
44
12
95
124
55
90
28
132
27
41
137
61
122
123
91
38
5
51
67
63
67
17
58
40
24
85
129
9
83
98
61
112
2
101
21
143
24
32
88
84
139
77
124
121
75
42
112
95
40
73
79
19
8
70
13
92
46
80
94
78
66
102
42
114
132
142
120
134
90
131
108
77
13
113
128
119
126
31
37
130
17
59
30
105
104
118
91
72
43
10
133
111
2
75
15
84
111
87
44
79
109
138
27
104
76
139
121
94
1
32
93
100
106
49
4
64
65
65
128
6
16
66
69
62
110
117
103
45
68
105
52
34
15
122
141
53
134
43
128
45
26
48
15
76
94
84
75
119
71
35
62
120
4
133
46
114
45
94
90
20
49
27
76
132
9
59
87
8
109
87
139
1
62
92
80
101
26
139
126
64
93
81
23
101
108
105
137
29
96
136
24
84
115
65
44
55
73
133
131
30
125
54
79
38
78
20
18
47
72
58
123
104
93
58
16
4
95
19
11
7
88
98
52
105
77
124
137
110
29
6
116
22
68
80
127
91
39
138
3
27
97
92
14
119
68
53
2
141
66
67
136
115
41
52
121
43
138
144
103
122
32
111
127
46
25
63
86
113
23
108
42
17
142
102
104
129
86
73
12
96
123
28
95
17
65
135
37
39
36
71
112
121
140
72
130
55
19
22
83
24
74
140
31
44
109
85
37
64
48
70
89
7
42
6
16
56
120
21
11
9
1
51
142
5
131
51
70
107
14
134
50
79
12
40
2
69
61
125
90
91
107
59
69
21
111
60
33
3
83
57
128
130
117
143
49
35
25
41
132
31
89
38
33
118
114
67
143
40
112
10
129
18
77
99
100
32
47
116
100
56
110
98
118
34
81
135
63
13
66
144
75
97
34
74
61
88
103
10
102
36
60
8
28
117
85
30
57
113
99
78
106
5
106
124
54
13
50
82
82
126
