##Rat 6 Day 1
 ##rewards
83
94
16
##Vertices
12
11
23
35
36
48
60
72
71
70
69
68
80
79
91
92
104
116
115
103
102
90
78
77
89
88
87
75
74
73
61
49
37
25
26
27
28
29
17
5
4
16
15
14
2
1
13
25
37
38
50
62
63
64
76
88
100
99
111
112
124
125
126
127
139
138
137
136
135
123
122
134
133
121
109
97
85
86
98
110
111
99
87
75
76
64
52
51
39
40
41
42
54
55
67
66
65
53
52
40
41
29
30
31
32
20
19
18
6
7
8
9
21
22
10
9
8
20
32
33
34
46
58
59
47
48
60
72
84
83
82
81
93
105
106
118
119
120
108
107
95
96
108
120
132
144
143
131
130
142
141
140
128
129
117
116
115
114
113
101
102
103
104
92
91
79
67
55
43
44
45
57
45
44
56
57
56
68
80
81
69
70
58
46
34
33
21
22
10
11
23
24
12
24
36
35
47
59
71
83
84
96
95
94
82
94
93
105
106
107
119
131
132
144
143
142
130
118
117
129
141
140
128
127
139
138
137
125
126
114
113
101
100
112
124
136
135
123
122
134
133
121
109
110
98
97
85
86
74
73
61
49
50
62
63
51
39
38
26
14
13
1
2
3
4
3
15
27
28
16
17
5
6
7
19
18
30
31
43
42
54
66
78
90
89
77
65
53
144
143
131
119
120
108
96
84
83
82
81
80
68
67
55
56
44
32
31
43
42
54
66
65
53
52
51
63
62
61
73
85
97
109
110
111
112
113
125
137
136
124
123
122
134
133
121
109
97
98
86
74
75
76
64
52
40
39
27
28
16
17
18
19
7
6
5
4
3
15
14
2
1
13
25
37
49
50
38
26
27
39
51
63
64
76
88
87
99
100
101
102
90
91
79
78
77
89
88
100
101
113
114
115
116
128
127
126
138
139
140
141
129
130
142
141
140
128
116
117
118
106
94
95
107
108
96
84
72
71
70
69
57
45
46
34
35
36
48
47
59
60
48
36
24
12
11
23
22
10
9
8
20
21
33
32
31
30
29
41
42
43
44
56
55
67
79
91
103
104
105
93
105
104
92
93
92
80
68
69
81
82
94
106
118
117
129
130
142
143
131
132
144
132
120
119
107
95
83
71
72
60
59
58
70
58
57
45
46
47
35
23
24
12
11
10
22
34
33
21
9
8
20
19
7
6
5
17
18
30
29
41
40
28
16
4
3
15
14
2
1
13
25
26
38
37
49
50
62
61
73
85
86
74
75
87
99
98
110
122
121
133
134
135
136
135
123
111
112
124
125
137
138
139
127
126
114
115
103
102
90
78
66
54
53
65
77
89
55
83
35
96
18
78
36
26
141
52
111
124
49
3
126
21
75
98
72
11
113
84
96
95
33
97
108
29
38
59
124
45
93
55
59
5
107
48
11
40
125
34
121
18
76
54
49
85
46
69
40
41
28
66
45
32
63
50
144
75
109
139
1
47
9
73
48
104
109
53
36
12
125
89
51
98
30
47
26
60
102
82
42
23
107
62
54
133
44
134
56
135
78
64
56
29
81
8
35
22
13
88
114
9
123
30
140
63
52
128
116
14
25
127
129
41
93
136
131
133
137
65
143
20
130
139
43
92
110
21
108
112
31
80
82
132
118
94
127
28
103
81
1
19
117
57
100
103
114
138
44
15
115
87
118
7
71
138
97
46
67
70
69
86
22
87
65
99
101
144
99
39
10
73
143
142
137
101
105
5
72
140
50
25
136
34
51
115
122
23
102
135
58
7
17
8
141
111
95
17
142
61
129
19
68
38
134
120
86
70
4
79
24
20
74
121
27
88
90
37
116
31
100
71
4
64
24
3
84
6
91
67
106
33
123
130
58
90
68
10
122
76
74
6
80
37
39
32
79
110
119
117
77
61
62
16
91
16
113
2
89
2
94
15
14
60
128
112
66
83
126
12
131
42
43
27
57
104
85
132
77
119
106
13
105
53
92
120
116
39
75
77
26
132
97
65
59
24
5
108
56
138
96
4
97
126
51
84
134
6
29
23
1
124
86
22
122
67
95
100
14
47
110
76
92
57
114
13
22
71
33
8
74
83
78
83
18
3
79
12
125
40
21
89
43
44
127
4
88
39
140
64
121
25
96
11
38
10
36
119
131
34
108
24
85
131
38
11
15
137
18
124
117
99
70
21
17
31
2
35
89
19
25
7
66
93
53
42
6
84
3
78
85
37
30
50
14
82
23
109
58
33
81
80
60
55
32
142
144
55
110
26
16
100
101
54
87
45
19
88
20
118
102
62
73
70
125
46
134
103
91
130
141
103
52
50
105
48
43
76
41
1
118
143
101
141
28
107
142
35
61
102
127
5
105
143
69
139
27
120
116
67
68
74
42
129
136
79
77
128
36
72
104
133
132
107
15
112
47
32
123
63
73
92
113
75
12
133
57
54
30
49
28
7
95
41
37
135
113
45
69
112
10
48
122
17
126
139
65
86
64
62
111
99
40
9
135
58
34
53
91
111
140
46
98
123
27
61
51
117
2
31
106
9
59
13
98
129
82
44
66
94
114
20
121
90
115
81
115
109
138
63
119
52
71
72
90
29
94
137
104
56
16
8
80
60
49
144
106
93
120
128
68
87
130
136
1
2
3
15
14
26
25
37
38
39
40
52
51
63
75
74
62
50
49
61
73
85
97
109
110
122
121
133
134
135
136
137
125
113
112
124
123
111
99
100
101
89
88
76
77
78
90
102
114
126
127
115
116
104
103
91
79
80
92
93
105
117
118
130
142
143
144
132
131
119
120
108
96
84
72
71
83
82
70
58
57
69
68
67
66
65
64
52
53
54
55
56
44
43
31
30
42
41
29
17
18
19
20
32
33
21
9
10
22
34
35
23
24
12
11
10
9
8
7
6
5
4
16
28
27
39
51
63
64
65
77
76
75
87
86
98
97
109
110
111
112
113
114
115
116
128
140
141
129
117
118
106
107
95
94
82
81
69
70
58
46
45
57
56
55
43
44
45
46
47
48
60
59
47
59
60
72
71
83
84
96
108
120
132
144
143
142
141
140
139
138
126
125
124
123
122
121
133
134
135
136
137
138
139
127
128
129
130
131
119
107
95
94
106
105
93
81
80
68
67
66
78
79
91
92
104
103
102
90
89
101
100
88
87
99
98
86
85
73
74
62
61
49
50
38
26
27
28
40
41
53
54
42
30
29
17
18
19
31
32
33
34
35
36
48
36
24
12
11
23
22
21
20
8
7
6
5
4
16
15
3
2
1
13
14
13
25
37
133
121
122
123
135
134
133
121
109
110
98
86
87
88
76
77
78
66
54
42
30
29
41
40
28
16
17
5
6
18
19
7
8
20
21
33
34
22
10
9
8
7
6
5
4
3
15
14
2
1
13
25
26
27
39
38
37
49
61
62
63
75
74
73
85
97
109
110
111
99
100
101
102
103
104
92
80
79
91
90
89
101
113
112
124
136
137
138
126
127
139
140
128
129
130
142
141
140
139
138
137
125
126
114
115
116
117
105
93
81
82
83
95
96
84
72
60
59
58
46
47
48
36
24
23
35
34
46
45
57
56
68
69
70
71
72
84
96
108
107
119
131
143
144
132
120
108
107
106
94
93
81
80
92
91
90
89
77
65
53
52
51
50
49
37
38
39
40
41
42
43
55
67
79
78
66
67
68
69
57
58
70
82
94
95
83
71
59
60
48
47
35
36
24
12
11
12
11
23
22
10
9
21
33
32
20
19
18
17
16
4
3
15
14
2
1
13
25
26
27
28
29
30
31
32
31
43
44
45
44
56
55
54
53
65
64
76
88
87
75
63
64
52
51
50
62
61
73
74
86
85
97
98
99
100
112
111
123
122
134
135
136
124
125
113
114
102
103
115
116
104
105
106
118
117
118
130
131
119
120
132
144
143
142
141
129
128
127
15
64
82
108
55
24
122
11
29
26
4
54
100
113
35
124
109
17
15
5
106
142
129
10
132
112
59
91
35
100
113
66
70
74
58
76
80
74
103
105
3
7
84
49
112
97
94
79
83
134
3
131
101
102
17
128
99
57
47
63
97
111
132
16
26
130
51
66
81
54
22
22
44
83
38
128
73
5
138
114
62
85
45
133
10
133
124
36
142
87
58
20
89
56
12
13
107
78
127
36
13
75
117
126
19
86
47
59
126
105
31
127
135
46
110
52
140
43
86
62
88
27
68
25
69
49
106
28
121
82
18
123
32
118
134
119
24
103
51
76
102
39
96
144
60
43
9
125
48
53
69
85
25
40
115
34
120
120
33
93
139
136
72
11
109
1
108
42
30
67
121
137
16
8
94
144
46
87
111
123
91
92
29
90
92
110
61
135
23
98
42
131
41
116
88
48
56
119
141
130
32
72
1
141
101
37
90
68
20
21
129
81
23
73
122
78
64
53
136
7
75
98
89
8
50
21
140
61
93
65
19
30
39
116
37
55
14
95
18
33
70
2
143
6
71
107
71
65
137
139
41
67
57
52
95
104
117
40
45
99
104
28
80
96
27
2
77
50
114
6
84
60
31
115
79
125
12
138
4
9
118
77
34
143
38
63
14
44
96
109
123
30
63
35
28
14
100
143
91
68
126
35
106
27
107
144
34
142
138
124
17
110
99
64
7
40
3
115
130
31
88
14
37
140
8
130
75
116
77
41
53
113
22
143
69
70
36
16
129
1
103
59
16
12
5
52
109
101
32
108
20
76
54
86
125
125
112
132
40
110
9
63
11
85
104
137
67
60
65
87
79
74
23
135
52
13
44
83
111
77
43
136
113
32
84
31
91
12
124
62
76
117
139
6
95
65
24
59
135
19
132
50
114
144
73
133
37
141
121
47
49
93
48
128
33
107
61
34
131
79
103
140
55
123
72
101
92
112
24
66
39
94
108
11
39
70
66
93
136
9
5
45
105
137
4
98
74
78
85
134
48
27
122
56
92
118
45
3
98
25
15
58
78
46
2
80
128
46
51
50
120
54
81
89
134
127
90
29
10
68
19
117
8
142
42
18
82
6
55
33
69
100
36
139
26
131
94
114
120
126
105
75
17
95
86
122
116
106
38
71
102
119
82
49
89
97
61
99
53
44
115
21
28
133
23
41
10
104
1
96
30
121
56
80
88
4
111
73
21
18
90
43
58
141
119
60
72
42
13
129
84
57
57
81
64
22
51
97
15
62
87
2
26
102
71
47
83
118
20
25
127
7
29
38
138
67
144
132
120
108
96
95
107
119
131
143
142
130
118
117
105
93
92
80
81
69
57
58
70
71
72
60
59
47
48
36
24
23
22
21
9
8
20
32
44
56
55
43
42
54
66
78
77
65
64
76
88
89
101
102
90
91
79
67
68
56
44
45
46
34
35
36
48
60
72
84
83
82
94
106
105
104
116
115
103
104
116
128
140
141
129
117
118
106
94
93
81
69
57
45
33
32
31
30
18
17
16
4
3
15
27
28
29
41
53
52
40
39
51
50
38
37
25
26
14
13
1
2
3
4
5
6
7
19
31
43
42
41
53
52
40
39
51
63
75
74
62
61
73
85
97
98
86
87
99
111
123
124
125
113
112
100
101
113
114
126
138
137
136
135
134
133
121
122
110
109
97
98
110
109
121
133
134
122
123
135
136
124
112
111
99
100
88
89
77
76
75
87
86
85
73
74
62
63
64
65
66
54
55
67
68
80
92
91
79
78
90
102
103
115
114
126
125
137
138
139
127
128
127
139
140
141
129
130
142
143
144
132
131
119
120
108
107
95
96
84
83
82
70
71
59
47
35
23
24
12
11
12
11
10
22
10
9
8
7
6
5
17
16
15
14
2
1
13
25
37
49
61
49
50
38
26
27
28
29
30
18
19
20
21
33
34
46
58
133
134
135
123
122
110
109
97
98
99
100
88
87
75
63
62
74
86
85
73
61
49
37
25
26
14
13
1
2
3
4
5
17
29
28
16
15
27
39
40
41
53
52
64
65
66
54
42
30
18
19
31
32
44
43
55
67
68
56
57
45
33
34
22
10
11
12
24
23
35
36
48
60
72
84
83
71
70
82
94
93
81
80
79
78
77
76
88
89
90
91
92
104
103
115
114
102
101
113
125
126
127
128
116
117
129
141
142
130
118
119
131
132
144
143
142
141
140
139
138
137
136
124
112
111
99
87
75
76
77
65
64
63
51
50
38
37
25
26
27
28
29
30
31
32
20
8
9
21
33
34
46
47
59
58
70
69
81
82
94
106
105
93
92
91
103
104
105
106
107
108
96
95
107
95
96
84
83
71
72
60
48
36
24
12
11
10
9
8
7
6
18
17
16
15
14
13
1
2
3
4
5
6
7
19
20
21
22
23
35
47
59
58
46
45
57
69
68
80
79
78
66
67
55
56
44
43
42
54
53
41
40
52
51
39
38
50
49
61
62
74
73
85
86
98
110
111
112
100
101
89
90
102
114
113
125
126
127
115
116
117
118
119
120
108
120
132
144
143
131
130
129
128
140
139
138
137
136
124
123
135
134
133
121
122
121
109
97
80
140
89
14
83
92
121
59
83
120
17
60
123
15
124
37
79
133
4
31
38
96
5
139
85
99
143
57
107
18
85
56
141
40
113
24
1
33
70
52
87
118
26
7
19
95
71
141
8
75
11
104
2
142
62
51
115
29
114
86
6
78
39
136
33
53
42
67
113
62
135
64
66
12
106
90
134
82
72
20
55
61
36
32
116
108
11
34
59
81
50
66
52
23
55
72
87
134
135
53
131
143
101
65
126
140
44
96
79
2
65
9
130
46
22
107
8
100
5
127
12
106
91
126
3
34
25
51
73
80
81
125
138
138
119
144
54
10
47
128
17
89
56
97
77
28
30
13
137
136
35
40
37
27
120
116
127
112
124
139
105
68
21
49
3
67
41
16
93
35
91
130
10
110
16
98
104
54
117
61
1
114
47
23
4
45
50
101
74
9
30
69
48
26
19
13
95
100
58
42
110
121
102
84
99
102
98
88
97
137
63
111
88
76
144
76
90
132
84
129
48
45
20
36
133
86
69
74
77
28
38
122
94
92
32
115
6
18
108
111
43
22
21
71
15
128
131
122
117
112
93
58
7
31
105
63
27
64
109
73
129
39
118
25
82
60
41
103
142
70
132
49
94
57
125
119
29
68
75
78
46
123
109
103
24
14
43
44
104
22
5
45
92
1
56
44
63
48
35
98
122
2
62
101
140
77
85
95
9
121
123
122
72
7
104
39
58
137
120
124
133
16
88
47
68
143
33
134
102
141
135
48
82
111
136
76
84
128
10
42
126
41
134
11
120
78
130
83
44
95
132
128
20
61
92
34
117
31
51
66
57
65
113
8
3
117
80
61
87
86
25
113
139
37
13
116
93
78
142
74
60
89
125
28
142
108
70
141
17
4
51
28
119
40
29
18
42
140
100
64
121
55
88
75
18
94
124
133
94
82
111
10
46
50
139
80
71
58
91
83
63
105
132
71
38
23
107
66
72
46
116
118
105
73
74
138
118
68
59
2
69
14
40
13
43
52
115
106
89
29
4
99
136
6
16
101
20
70
112
54
24
55
125
56
26
108
39
14
85
5
33
110
21
9
12
49
98
93
57
41
35
27
6
30
97
115
52
25
131
103
8
90
86
22
131
77
15
112
37
32
64
97
114
127
30
100
87
54
123
99
103
138
127
11
129
110
36
135
34
102
81
65
7
12
1
119
53
91
109
114
59
73
143
50
49
96
144
84
96
15
79
19
53
67
75
67
21
129
43
126
79
81
19
109
3
107
69
36
27
130
144
17
60
137
24
106
38
31
45
47
23
26
90
32
76
62
