##Rat 5 Day 24
 ##rewards
74
87
21
##Vertices
2
5
142
14
93
114
109
54
79
113
121
52
64
129
140
45
30
143
30
62
108
76
22
29
106
6
70
133
100
120
68
10
25
139
97
136
77
87
3
69
67
2
84
22
38
132
8
138
122
13
31
125
34
57
1
52
63
31
20
50
32
89
86
16
61
112
107
136
58
47
48
94
128
71
101
28
137
87
62
121
140
11
96
9
99
21
130
12
7
86
113
130
29
128
33
89
82
88
90
81
41
135
88
110
43
65
51
35
16
83
102
95
13
81
5
39
44
40
78
33
48
115
120
117
80
4
49
106
78
141
96
126
98
122
36
56
103
74
123
95
85
126
36
70
125
132
44
27
17
53
141
72
142
92
41
11
23
23
53
14
63
135
65
43
60
45
83
6
19
40
91
39
144
127
97
98
111
118
77
84
105
76
57
92
72
90
104
26
101
47
93
109
143
114
127
91
42
134
111
24
60
144
71
64
46
100
37
117
38
46
74
55
18
51
66
123
110
139
35
129
17
24
138
7
59
80
82
8
68
124
107
69
54
104
32
79
112
42
119
115
75
133
20
119
15
55
9
56
137
102
10
49
99
3
19
58
34
1
131
94
27
4
12
108
25
66
28
131
61
134
124
73
105
37
18
85
103
26
15
118
67
73
116
21
116
75
50
59
130
12
101
14
65
41
109
34
19
9
118
78
102
74
86
56
30
67
87
45
32
4
89
42
8
50
38
76
77
88
114
43
31
144
46
62
79
51
23
108
15
77
1
28
30
67
18
103
17
37
60
18
128
115
126
53
31
39
74
98
91
24
101
116
34
135
16
125
119
22
11
111
80
5
140
85
51
92
143
144
13
61
81
15
97
143
105
21
14
72
8
102
112
133
134
95
129
132
53
104
38
43
45
82
23
79
138
108
64
125
121
99
56
37
106
127
120
55
73
39
75
131
3
61
83
7
75
57
55
7
87
10
93
117
66
136
140
94
6
100
59
128
123
134
71
86
139
95
11
59
114
63
85
120
33
115
94
40
63
35
105
122
20
2
123
119
118
1
121
103
141
68
65
3
117
49
22
100
112
47
137
78
131
54
35
69
13
109
27
12
48
80
90
41
98
113
36
5
92
127
99
62
10
44
52
32
16
76
21
82
28
97
33
70
129
17
24
25
57
116
46
133
60
113
107
91
64
50
124
130
110
68
136
26
126
88
69
19
58
44
135
40
26
84
107
2
122
54
110
93
25
96
142
58
132
104
70
138
42
48
29
142
73
81
84
137
4
27
83
52
71
6
111
36
89
66
90
20
141
47
72
9
49
139
106
124
96
29
133
134
135
123
122
110
109
121
133
134
135
136
137
138
139
140
141
142
130
118
119
120
108
96
84
72
60
59
47
48
36
35
23
11
10
9
21
22
34
46
58
70
71
83
82
81
69
57
56
55
43
42
54
66
67
68
80
79
78
90
102
101
113
125
124
112
111
99
87
86
85
97
98
99
100
88
76
64
65
77
89
88
100
101
89
77
78
90
91
92
93
94
95
107
106
105
104
103
115
116
117
129
128
127
126
114
115
116
104
105
93
94
82
81
69
57
45
44
32
33
34
46
45
44
43
31
30
29
41
53
52
40
39
27
28
16
15
14
26
38
37
25
13
1
2
3
4
5
17
18
19
20
8
7
6
5
4
16
28
27
39
51
50
49
61
73
74
62
63
75
87
86
98
110
111
112
113
114
102
103
91
92
80
79
67
66
65
64
76
75
74
62
63
51
50
38
26
14
15
3
2
1
13
25
37
49
61
73
85
97
109
121
122
123
124
136
137
125
126
138
139
127
128
140
141
142
130
129
117
118
106
107
119
131
132
131
143
144
143
144
132
120
108
96
95
83
84
72
71
70
58
59
60
48
47
35
36
24
12
11
12
24
23
22
10
9
21
33
32
31
19
20
8
7
6
18
17
29
30
42
41
40
52
53
54
55
56
68
1
2
3
15
14
26
25
13
1
2
3
4
5
6
7
8
9
10
22
34
35
36
48
60
72
84
96
95
107
108
120
119
131
143
142
141
129
130
118
106
94
82
83
71
70
69
81
93
92
91
103
102
90
78
79
80
68
67
66
54
42
41
29
17
16
28
27
39
51
50
49
37
38
39
40
52
64
76
77
65
53
52
40
41
53
65
66
54
55
56
57
58
59
47
46
45
44
43
31
32
33
21
20
19
18
30
31
32
44
45
57
58
70
69
81
93
105
104
116
117
118
106
105
104
103
115
114
113
101
89
88
100
99
111
112
124
123
122
110
98
97
109
121
133
134
135
136
137
125
126
127
128
140
139
138
137
136
124
112
111
99
87
86
85
73
61
62
74
75
63
51
50
38
26
27
28
29
30
42
43
55
56
68
67
79
78
77
76
64
63
62
74
75
87
86
98
110
122
123
135
134
133
121
109
97
85
73
61
49
37
25
13
14
15
16
4
5
17
18
6
7
19
20
8
9
10
22
21
33
34
46
47
35
23
24
23
11
12
11
12
24
36
48
60
59
71
72
84
83
82
94
95
96
108
107
119
120
132
144
143
144
132
131
130
142
141
129
117
116
115
127
128
140
139
138
126
125
113
114
102
101
100
88
89
90
91
92
80
97
12
60
20
14
97
42
36
107
98
65
10
6
58
142
1
133
112
37
27
18
31
14
77
41
24
119
99
113
15
91
24
11
63
111
67
26
112
93
75
88
50
59
55
8
125
17
33
96
105
25
136
27
136
9
103
69
1
19
118
93
139
30
135
29
2
143
90
104
135
106
48
66
113
79
36
2
100
4
90
78
61
133
73
80
44
26
31
144
73
41
120
114
17
22
91
124
87
61
5
82
118
34
86
101
83
3
128
84
38
115
105
131
138
96
39
20
81
28
42
123
102
60
30
38
76
66
121
56
13
51
87
95
107
130
75
116
10
16
68
72
80
37
64
57
121
58
77
74
126
53
43
40
141
106
132
65
138
144
51
124
8
19
47
130
63
120
126
84
29
7
13
129
15
49
23
122
129
45
67
110
46
33
23
109
132
140
18
110
7
88
89
89
100
108
59
139
71
5
28
32
94
4
140
83
102
22
69
56
117
109
54
49
131
9
46
71
134
127
53
99
34
111
114
72
94
137
78
92
108
3
68
62
50
79
92
137
11
81
21
52
35
12
52
104
70
125
119
44
82
64
21
122
6
115
39
54
47
74
98
40
32
101
85
142
127
117
25
76
57
141
123
143
43
55
85
116
16
103
70
48
134
62
95
86
128
45
35
21
20
59
52
98
82
33
30
33
11
2
126
71
88
138
63
22
111
83
43
124
84
95
124
67
96
31
121
92
132
29
89
26
28
104
67
64
32
112
53
95
76
103
130
91
82
36
54
27
40
8
5
70
115
143
34
17
133
134
102
105
6
68
72
24
116
137
63
78
7
97
115
100
106
61
68
5
80
71
75
85
76
38
31
94
50
118
45
42
23
108
8
29
41
11
49
105
101
42
134
6
131
88
79
60
116
47
109
40
60
69
81
10
13
48
79
62
85
46
119
74
54
136
3
17
137
143
62
81
117
18
46
52
47
99
86
55
84
25
4
101
12
57
110
128
113
117
129
58
37
113
131
98
39
9
19
72
57
58
114
107
32
20
12
44
132
44
114
123
16
55
66
41
65
64
86
53
36
65
27
108
93
139
21
91
73
125
128
28
109
127
144
3
37
35
96
125
2
119
135
73
15
14
16
56
90
120
1
122
141
77
83
106
9
120
75
142
99
30
23
66
107
74
140
34
94
69
112
13
18
93
142
80
56
70
141
140
43
4
127
133
49
121
25
51
126
50
122
92
139
78
104
24
102
100
111
110
38
15
130
39
7
138
26
77
97
118
129
103
22
10
19
123
87
35
89
144
51
45
61
48
14
90
136
87
135
59
1
144
132
120
119
131
130
129
141
142
143
144
132
120
108
96
84
72
60
59
71
70
69
57
56
44
45
33
34
35
36
48
47
46
58
57
69
81
82
94
95
107
106
118
117
116
128
127
115
103
104
92
93
105
104
116
115
114
113
125
126
138
137
136
135
123
122
110
111
112
124
136
135
134
133
121
109
97
85
86
74
75
76
64
65
53
52
51
63
62
61
73
85
97
98
99
87
88
100
101
89
90
78
66
67
68
80
79
91
103
102
90
91
92
80
79
78
77
65
66
54
42
43
31
19
20
32
44
45
33
21
22
23
24
12
11
10
9
8
7
6
18
30
29
41
40
28
27
39
38
26
14
2
1
13
25
37
49
50
51
52
53
41
40
39
27
15
3
4
5
17
16
15
14
26
25
13
1
2
3
4
16
17
5
6
18
19
7
8
9
10
11
12
24
36
48
47
59
60
72
84
83
95
96
108
107
119
131
143
142
141
140
139
140
139
138
137
125
124
123
122
134
133
121
109
110
98
86
87
75
74
73
61
49
37
38
50
62
63
64
76
77
89
88
100
99
111
112
113
101
102
114
126
127
128
129
130
118
117
105
106
94
93
81
82
83
71
70
58
46
34
35
23
22
21
20
32
31
43
55
67
68
56
55
54
42
30
29
28
12
11
10
22
23
35
47
48
36
24
12
11
10
9
8
7
6
5
17
18
30
42
41
53
52
40
39
27
15
3
4
16
28
29
41
42
43
31
32
20
21
33
34
46
58
59
71
70
69
57
56
44
45
57
58
70
82
94
95
83
84
96
108
120
119
131
130
118
106
107
108
120
132
144
143
142
141
140
128
127
115
103
102
90
89
101
113
114
126
138
139
140
141
129
117
116
104
105
93
92
80
79
78
66
54
55
67
68
69
81
80
68
56
55
67
79
91
90
78
77
76
64
63
62
50
51
52
40
39
38
26
14
2
1
13
25
37
49
61
73
74
75
87
88
100
99
111
112
124
123
122
121
133
134
135
136
137
125
113
101
89
88
100
112
111
110
109
97
85
86
98
110
122
123
135
134
133
121
109
97
98
86
85
73
74
62
61
49
37
25
13
1
2
3
4
16
17
5
6
7
19
20
8
9
21
22
23
24
36
48
60
72
60
72
84
96
95
107
119
131
132
144
143
142
130
129
128
116
115
127
139
138
137
136
124
125
126
114
102
103
91
92
104
105
117
118
106
94
93
81
82
83
71
59
47
35
34
46
45
33
32
44
43
31
19
18
30
29
28
27
15
14
26
38
50
51
63
64
65
66
54
53
65
77
76
75
87
99
1
113
46
40
124
114
52
101
7
51
36
46
35
139
127
74
59
98
100
141
50
67
143
37
76
26
92
27
89
2
59
73
29
10
82
49
84
54
13
87
115
135
128
76
109
41
62
121
20
112
60
44
106
29
6
102
74
122
139
118
56
5
21
75
129
43
50
58
37
124
79
73
65
132
138
61
92
86
12
78
53
38
108
57
99
80
57
70
23
18
140
85
112
2
69
64
49
34
135
143
72
11
91
88
127
129
133
107
120
15
35
11
32
9
125
134
64
96
100
90
62
8
83
67
72
30
51
89
32
48
55
53
116
7
94
104
19
106
21
133
131
19
47
117
132
103
119
12
9
60
78
25
20
34
44
81
36
83
18
13
120
117
3
77
6
107
79
8
123
90
14
68
17
52
97
140
47
43
22
111
38
66
95
142
5
23
99
48
97
30
80
94
105
123
68
1
130
98
54
108
77
134
115
41
101
144
119
111
131
39
122
121
42
25
4
71
110
93
16
14
102
113
104
55
141
126
56
17
96
75
27
42
95
40
87
33
118
39
65
63
138
85
24
105
84
116
86
88
144
31
26
28
10
114
22
15
63
16
71
103
110
109
70
58
125
93
45
45
69
24
4
61
28
142
33
130
3
81
137
91
136
136
126
31
82
128
66
137
24
7
78
106
38
128
61
93
142
117
106
63
104
1
78
130
95
45
133
28
120
6
112
39
126
76
61
33
135
4
8
92
22
20
40
123
127
108
111
71
94
72
77
37
80
94
26
98
127
54
88
10
23
110
136
44
26
135
63
1
73
51
67
85
102
107
136
102
21
55
66
50
105
24
74
139
66
45
87
58
109
129
69
13
25
46
30
99
51
70
27
49
47
97
104
62
72
62
138
28
143
64
14
77
31
17
82
103
29
9
101
33
119
9
4
69
53
92
122
83
18
79
111
131
19
100
108
107
13
58
22
118
35
68
3
39
144
79
81
11
27
98
16
101
41
34
118
68
140
34
121
38
49
138
117
88
75
59
86
132
2
82
122
12
85
144
56
141
10
23
90
25
64
5
91
86
123
142
65
133
36
65
97
18
84
120
42
109
2
21
71
134
29
53
114
70
41
126
30
96
129
131
44
60
116
139
17
99
5
57
14
3
20
57
43
55
32
52
95
67
74
125
103
60
115
75
83
32
91
35
96
50
93
37
73
48
124
76
141
137
48
8
59
15
84
124
89
31
6
12
15
36
113
114
134
80
46
47
56
112
105
119
140
90
81
11
132
137
130
19
42
116
89
54
16
100
7
121
43
113
87
52
143
125
128
110
40
115
133
134
135
136
137
125
124
112
113
114
102
101
100
88
89
77
76
64
65
66
67
55
43
42
54
53
41
40
52
51
50
62
61
49
37
38
39
27
26
14
13
1
2
3
4
5
17
29
30
18
19
31
32
33
34
46
58
70
69
81
80
92
104
105
117
118
106
94
93
92
91
90
78
79
91
103
115
116
128
127
126
138
139
140
141
129
130
131
143
144
132
120
108
96
84
83
95
107
119
120
108
96
84
72
71
59
60
48
47
35
36
24
12
11
23
22
10
9
21
20
8
7
6
5
4
16
28
40
39
51
63
75
87
99
98
97
85
73
74
86
87
99
111
123
122
121
109
110
111
112
100
88
76
77
65
66
54
55
56
68
80
81
82
70
69
57
45
44
43
31
32
20
19
18
6
7
8
9
10
11
12
24
23
22
21
33
34
46
47
35
36
48
60
72
71
59
58
57
45
44
56
68
67
79
78
90
89
101
102
114
113
125
126
127
115
103
104
116
128
129
117
105
93
94
82
83
95
107
106
118
119
131
132
144
143
142
130
142
141
140
139
138
137
136
124
123
135
134
133
121
122
110
109
97
98
86
85
73
74
62
61
49
50
38
37
25
26
25
13
1
2
3
15
14
15
27
28
16
17
29
30
42
41
53
52
64
63
75
1
13
25
37
49
50
38
39
51
63
64
52
40
41
53
54
42
43
55
67
79
80
81
69
68
56
57
45
44
32
20
19
7
8
9
21
33
34
22
23
11
12
24
36
48
60
59
58
70
71
83
82
94
106
118
117
116
115
103
102
90
89
88
100
99
111
112
113
101
89
77
65
66
78
77
76
75
87
86
74
62
61
73
85
97
98
110
122
121
133
134
135
136
137
138
126
125
124
123
135
136
137
138
139
127
128
140
141
129
130
142
143
144
132
131
119
120
108
107
95
96
84
72
60
48
47
46
45
33
32
31
30
29
28
16
4
5
6
18
17
29
28
27
26
14
2
3
15
27
39
40
41
42
54
55
67
68
80
92
91
90
102
114
115
103
104
105
93
81
82
94
95
83
71
72
84
96
108
120
132
144
143
131
119
107
106
118
117
129
130
142
141
140
139
127
128
116
104
105
93
92
91
79
78
66
65
53
52
64
63
51
50
62
74
75
76
88
87
86
98
99
100
101
113
114
126
125
124
112
111
123
122
134
133
121
109
110
109
97
85
73
61
49
37
38
26
25
13
1
2
14
15
3
4
16
17
5
6
18
19
7
8
20
21
9
10
22
10
11
12
24
36
35
23
35
34
46
47
59
58
70
69
57
56
44
43
31
30
