##Rat 7 Day 40
 ##rewards
62
51
129
##Vertices
63
61
107
75
43
60
53
9
31
111
13
24
134
12
49
102
87
62
100
10
7
22
133
79
120
42
44
58
41
3
100
21
127
129
1
76
88
94
78
123
85
5
134
2
142
76
143
86
141
16
115
29
70
36
63
130
16
128
101
49
27
77
142
48
122
122
102
60
82
17
47
113
139
48
130
81
39
103
65
68
71
55
68
18
137
57
36
64
115
59
30
112
59
37
99
113
104
105
65
77
39
140
33
78
19
94
35
131
118
31
8
109
84
61
66
132
80
81
25
17
110
96
72
135
69
38
42
10
29
14
11
27
141
93
97
51
38
57
22
138
40
20
24
98
132
97
140
106
101
50
4
6
41
83
139
23
82
30
67
46
116
105
104
88
137
75
5
92
80
54
99
123
1
86
47
124
4
52
95
128
85
135
66
107
45
91
72
56
33
125
121
91
40
37
95
62
13
14
108
96
12
131
21
58
67
79
53
136
118
25
11
120
7
23
117
109
15
34
69
143
114
133
19
106
124
144
9
119
116
127
70
89
110
136
74
90
73
73
32
8
26
98
117
108
2
18
89
111
138
129
50
87
93
51
28
54
52
44
55
112
45
71
92
121
46
3
56
114
28
84
20
74
64
15
125
35
6
90
119
83
103
43
126
126
32
26
144
34
58
102
112
118
73
42
86
65
54
144
97
68
132
137
114
9
60
85
98
5
26
114
119
130
113
15
89
18
5
8
98
143
13
38
89
24
104
20
125
62
72
33
34
129
68
121
56
28
66
74
18
36
60
105
128
29
97
20
45
50
110
46
103
63
77
75
36
2
59
63
11
100
99
42
78
87
73
48
41
117
4
92
137
31
124
83
59
32
43
85
14
80
46
12
17
84
88
136
122
23
127
48
25
71
96
95
127
71
7
78
57
126
29
69
93
33
49
37
144
120
91
64
3
38
115
21
129
131
55
110
102
27
108
94
141
132
16
107
141
80
111
10
133
13
8
135
79
111
135
82
65
82
109
50
28
58
126
44
37
19
106
138
14
96
90
47
51
115
64
118
117
54
44
77
7
26
22
43
45
30
116
1
15
104
106
53
138
4
101
40
142
62
12
83
130
67
142
6
6
140
79
84
16
116
143
39
99
72
52
75
67
119
39
17
136
21
134
131
55
41
70
51
69
10
125
19
24
120
34
11
105
140
31
90
40
22
87
139
124
109
100
3
121
92
27
107
88
32
95
23
113
25
101
81
86
103
35
123
30
74
81
52
112
61
133
35
122
56
76
139
134
49
66
76
70
1
61
53
94
123
2
57
128
47
93
9
91
108
133
134
135
136
137
125
113
114
126
138
139
127
115
103
91
90
102
101
100
112
124
123
122
121
109
110
111
99
87
86
85
97
98
99
87
75
63
64
76
88
89
77
65
66
78
79
67
68
69
57
45
44
56
55
43
31
32
20
19
7
8
9
10
22
21
33
34
46
47
48
36
24
23
35
36
48
60
59
58
70
71
83
95
107
108
96
84
72
60
59
47
46
58
57
45
33
32
31
30
18
6
5
4
16
17
29
28
40
52
53
54
42
41
40
39
51
50
62
74
73
61
49
37
38
26
25
13
14
2
3
15
27
39
51
52
64
76
88
100
101
113
114
102
103
104
105
106
94
82
81
80
92
93
94
106
118
117
116
128
129
141
142
130
131
143
144
132
120
119
118
117
129
130
142
143
144
132
131
119
120
108
107
95
96
84
72
71
83
82
70
69
68
56
44
43
55
54
53
65
66
67
79
78
77
89
90
91
92
80
81
93
105
104
116
115
127
128
140
141
140
139
138
126
125
137
136
135
123
124
112
111
110
122
134
133
121
109
97
98
86
85
73
74
75
63
62
61
49
50
38
37
25
26
14
15
27
28
16
17
29
41
42
30
18
19
20
21
22
34
35
23
11
12
24
12
11
10
9
8
7
6
5
4
3
2
1
13
1
1
13
25
37
49
50
51
63
62
61
73
74
75
76
77
65
64
52
40
39
38
26
14
2
3
15
27
28
29
17
5
4
16
28
29
30
31
43
42
41
53
54
55
67
66
78
79
91
103
104
105
93
92
80
81
82
94
95
83
84
96
108
120
119
107
106
118
117
129
141
142
143
131
130
142
141
140
128
116
115
127
126
125
124
136
137
138
139
140
128
129
117
116
104
105
106
94
82
70
71
72
60
48
47
59
58
46
45
44
56
68
69
57
45
33
32
20
19
18
6
7
8
9
21
22
10
11
23
24
36
35
34
33
32
44
43
42
41
40
52
51
63
64
76
88
100
112
113
114
102
90
89
101
113
112
111
99
87
86
98
97
109
110
122
121
133
134
135
123
111
99
98
110
109
121
133
134
122
123
135
136
124
125
137
138
139
127
126
114
115
103
91
92
93
81
80
68
56
55
67
79
78
66
54
53
65
77
89
90
102
101
100
88
87
75
74
86
85
97
85
73
61
62
50
49
37
25
26
38
39
27
15
14
13
1
2
3
4
16
17
5
6
18
30
31
19
7
8
20
21
9
10
22
23
35
34
46
47
59
58
57
69
70
71
83
95
107
119
118
130
131
132
144
143
144
132
120
108
96
84
72
60
48
36
24
12
11
12
100
110
85
33
93
109
38
13
104
50
2
62
8
114
16
129
7
29
64
135
70
137
68
121
48
84
19
64
111
121
138
63
89
5
1
46
95
141
72
92
118
103
105
62
42
80
99
53
24
35
144
95
96
42
83
66
19
41
78
49
14
34
56
88
14
68
20
55
40
125
77
34
18
110
36
1
53
124
38
129
87
115
12
139
113
131
97
123
81
142
69
113
47
127
114
136
52
117
112
90
65
133
9
31
61
82
48
51
134
89
43
10
57
130
32
98
50
4
28
106
107
58
133
22
71
120
22
33
77
84
92
23
116
119
112
108
118
144
104
57
101
54
45
30
25
100
141
76
23
131
107
102
132
15
98
116
83
56
5
27
65
2
11
4
126
21
52
74
86
36
74
16
71
54
46
26
28
132
111
99
97
119
67
120
76
44
82
101
60
24
124
55
20
59
93
61
73
29
13
3
49
87
51
66
17
80
6
130
47
85
8
32
115
75
122
108
106
79
6
11
72
117
10
123
143
86
25
136
81
41
63
127
102
15
138
140
103
134
91
43
78
91
58
128
73
75
12
70
94
139
7
137
125
143
128
18
122
27
37
39
135
69
90
142
40
35
140
59
60
126
3
79
45
44
26
30
31
21
94
96
109
17
67
105
9
39
37
88
120
101
105
18
102
108
141
131
30
130
137
100
16
26
67
13
142
133
47
95
87
31
76
109
69
9
98
5
3
101
143
36
38
1
68
21
55
125
123
41
111
106
128
78
129
138
43
37
83
12
136
44
129
15
50
67
24
54
113
62
114
132
75
99
6
42
133
142
73
60
6
119
92
110
43
96
121
63
31
77
45
134
71
66
141
16
39
128
47
59
40
49
24
125
132
61
17
89
79
61
8
124
72
40
38
144
8
85
75
92
25
18
109
104
29
9
93
113
74
144
115
98
37
139
41
70
103
44
73
134
11
33
115
106
57
95
10
58
84
110
56
82
94
83
5
93
127
81
97
107
84
107
90
20
137
108
103
118
126
117
116
87
121
26
32
42
7
131
119
1
112
140
59
122
100
4
22
91
114
27
53
139
45
94
105
81
135
70
4
29
88
143
14
19
71
117
64
118
78
51
28
79
30
17
50
11
35
2
130
72
74
135
104
3
49
112
77
138
34
90
14
52
46
54
120
36
123
23
39
68
51
66
89
13
99
27
111
48
34
65
25
86
12
33
85
7
19
88
97
23
102
35
69
62
64
122
126
60
127
52
28
48
58
140
56
2
86
46
22
57
21
55
53
91
80
10
20
96
116
124
76
65
63
32
15
82
136
80
144
132
120
108
107
106
94
95
96
84
72
60
48
47
59
58
46
34
33
21
22
23
11
12
24
36
35
34
33
45
57
69
70
82
83
71
72
84
96
108
120
119
131
143
142
141
140
139
138
126
125
137
136
135
134
133
121
109
110
98
97
85
73
61
62
74
86
87
88
89
101
102
114
115
127
128
129
130
118
117
116
104
105
93
81
80
92
91
90
78
66
65
64
63
51
52
53
54
55
43
44
32
20
8
7
6
5
17
29
30
18
19
31
32
44
56
68
67
79
80
81
93
92
104
103
115
114
113
112
124
123
111
99
100
101
113
112
100
88
76
77
65
53
41
42
43
31
30
42
41
40
39
38
26
27
15
3
4
16
28
40
52
51
50
49
37
25
13
14
2
1
2
1
13
14
26
25
37
38
39
27
15
3
4
16
28
29
17
5
6
18
19
7
8
20
21
9
10
9
10
22
23
11
12
24
36
35
47
48
60
59
58
46
45
57
56
55
54
66
78
77
89
90
102
103
91
79
67
68
69
70
71
83
82
94
95
107
119
131
132
144
143
142
130
118
106
105
117
116
128
129
141
140
139
127
126
138
137
125
124
136
135
134
122
123
111
99
98
86
87
75
76
64
63
75
74
62
50
49
61
73
85
97
109
110
122
121
133
12
11
10
9
21
33
32
20
8
7
6
5
4
16
17
29
28
27
39
38
26
14
13
1
2
3
15
27
39
40
41
42
30
31
19
18
6
7
8
9
10
22
23
24
36
48
60
72
84
83
95
96
108
120
132
144
143
142
130
129
141
140
139
138
126
127
128
116
104
92
93
81
82
70
71
59
47
35
34
46
58
57
45
44
43
55
56
68
80
79
78
90
102
114
113
101
89
77
65
64
52
51
50
49
61
73
85
86
87
75
74
62
63
51
52
53
54
66
67
55
43
44
56
57
69
70
82
94
106
107
119
118
117
105
93
94
106
105
104
103
91
90
89
88
76
64
63
75
76
88
100
112
124
123
111
110
109
97
98
99
100
101
113
125
137
136
135
134
122
121
133
121
133
134
122
123
135
136
124
112
111
110
109
97
98
99
87
86
85
73
74
62
61
49
50
38
37
25
37
25
26
14
13
1
2
3
15
16
4
5
17
29
28
40
41
53
65
77
78
79
91
92
80
81
69
68
67
66
54
42
30
18
19
31
32
20
21
22
23
11
12
24
36
35
34
33
45
46
58
59
47
48
60
72
71
83
84
96
95
107
108
120
132
131
119
118
117
129
128
116
115
103
102
114
115
127
126
125
137
138
139
140
141
142
130
131
143
144
117
98
138
54
55
2
67
125
78
31
102
89
14
21
111
93
63
60
133
49
9
15
38
39
40
36
119
6
24
46
47
137
87
90
75
64
92
85
126
124
103
22
73
128
73
43
12
80
47
143
80
60
127
144
66
8
1
110
117
42
104
11
34
53
41
74
40
132
81
62
5
65
83
107
79
14
75
44
87
74
51
16
10
142
9
38
48
61
99
56
46
124
28
57
112
108
136
37
85
105
101
25
58
106
106
97
28
144
62
32
70
67
3
34
83
57
97
131
120
27
141
114
13
142
96
70
56
2
72
59
81
55
93
30
21
136
43
22
41
37
132
88
7
101
24
88
50
109
25
95
1
68
53
11
20
111
140
13
29
116
107
17
65
131
35
86
50
26
27
92
112
100
44
49
120
113
123
138
61
58
91
66
99
95
33
63
71
122
119
29
134
110
126
59
129
90
128
123
105
35
141
108
19
94
6
36
130
86
45
77
5
139
20
79
69
4
91
10
115
82
114
113
68
122
8
109
84
48
76
118
96
94
52
121
54
18
72
139
78
135
135
45
4
89
121
127
15
143
7
71
100
76
102
64
140
116
26
18
134
130
84
39
33
133
30
16
129
3
19
23
115
32
42
52
82
137
125
12
69
104
51
23
103
17
31
98
118
77
34
26
77
81
144
83
115
59
6
75
63
75
127
61
99
125
47
7
98
39
106
89
32
19
33
9
131
20
72
48
113
100
108
17
51
22
139
11
29
2
5
38
127
55
27
50
113
100
8
23
34
79
138
94
15
122
80
74
143
108
18
6
54
3
105
137
4
124
67
43
47
141
105
40
14
38
117
85
88
97
31
66
21
107
64
139
119
45
118
114
30
16
128
98
79
141
24
14
76
55
67
126
23
117
21
58
134
8
57
101
107
87
44
136
82
42
102
92
41
135
65
65
143
124
1
70
135
104
32
94
83
19
85
103
9
123
12
95
7
80
121
106
28
78
125
128
62
115
140
13
131
138
40
96
15
11
50
84
90
31
63
3
16
73
56
89
45
120
49
130
28
96
64
46
36
68
121
130
109
5
1
76
93
129
20
102
91
110
103
84
70
37
61
30
66
18
116
52
25
142
39
62
144
41
46
116
122
110
99
71
132
60
59
35
12
112
132
27
2
24
133
78
17
90
77
140
42
119
142
86
25
69
35
10
109
95
71
4
33
88
44
112
111
87
91
97
51
60
52
82
133
69
58
136
134
104
120
129
73
126
10
48
49
74
29
13
101
137
118
111
53
81
72
43
53
114
22
26
93
54
92
36
123
86
56
68
57
37
133
134
122
110
98
97
109
121
133
134
135
136
137
125
113
101
102
114
115
103
91
90
89
77
78
79
67
68
80
81
69
57
58
70
82
83
71
72
60
59
47
48
36
35
34
46
45
33
21
22
23
24
12
11
10
9
8
7
19
18
30
29
17
16
15
14
13
1
2
3
4
5
6
7
8
20
32
31
43
42
54
55
56
44
43
55
67
66
65
64
52
51
50
38
39
40
28
27
26
25
37
49
61
73
74
62
63
75
76
88
100
112
124
123
111
99
87
86
85
73
61
49
37
38
50
62
63
51
39
40
41
53
52
64
76
88
100
101
113
114
126
138
139
127
128
140
141
129
130
142
143
131
132
120
119
118
117
105
93
92
104
116
117
118
106
107
108
96
84
72
60
48
47
46
34
22
23
35
36
24
12
11
10
9
21
33
32
20
19
31
30
18
6
5
17
16
4
3
2
1
13
25
26
14
15
27
28
29
41
42
54
53
65
66
78
77
89
90
102
103
104
105
93
92
91
79
80
68
56
44
45
57
58
59
71
70
69
81
82
94
106
94
95
83
84
96
95
107
108
120
119
131
130
129
128
116
115
127
126
125
124
112
111
99
87
75
74
86
85
97
98
110
109
121
122
123
135
136
137
138
139
140
141
142
143
144
132
144
12
24
23
22
21
9
10
11
12
24
36
48
60
59
58
57
69
70
82
81
80
68
56
55
67
79
78
90
91
103
102
101
113
114
115
127
126
138
137
125
124
136
135
123
111
112
100
99
98
110
122
134
133
121
109
97
85
73
74
62
63
51
50
38
26
14
2
1
13
25
37
49
61
73
85
86
87
75
76
64
65
77
89
88
76
77
78
66
54
42
41
29
17
16
28
40
39
27
15
3
4
5
6
7
19
18
30
31
43
44
45
46
47
35
34
33
32
20
8
7
6
5
4
16
17
18
30
29
28
40
52
53
41
42
43
44
45
57
58
70
71
72
84
83
95
96
108
107
119
120
132
131
143
142
130
118
106
105
104
92
93
94
106
118
117
129
141
140
139
138
137
136
124
112
111
110
122
123
135
134
133
121
109
97
98
99
87
86
74
75
63
62
61
49
50
38
37
25
13
1
2
3
15
14
26
27
39
51
52
64
65
53
54
66
67
55
56
68
69
81
93
105
104
92
80
79
91
90
89
88
100
101
113
125
126
114
102
103
115
116
117
116
128
127
139
140
128
129
141
142
130
131
119
107
95
94
82
83
71
59
47
46
34
33
32
31
19
20
8
9
21
22
10
11
23
35
36
48
60
72
84
96
108
120
132
144
143
144
