##Rat 3 Day 40
 ##rewards
127
116
38
##Vertices
115
139
16
114
69
8
92
48
70
111
143
11
121
12
140
76
113
127
100
36
72
35
133
66
3
81
57
32
93
120
100
47
62
38
144
102
101
29
78
110
137
96
121
132
25
102
13
125
37
107
63
94
31
10
115
26
107
50
88
140
118
90
25
9
122
122
76
8
30
95
21
87
61
9
26
42
117
64
91
55
19
68
55
83
85
44
10
103
63
20
82
99
20
141
112
87
52
40
91
90
117
49
46
78
71
29
22
14
27
70
60
135
6
139
79
2
54
42
142
95
123
5
7
109
43
129
81
36
94
131
24
118
37
41
136
116
129
44
35
73
105
59
11
124
2
136
49
28
88
128
108
84
93
18
61
23
30
82
67
33
51
40
52
101
85
114
96
53
54
80
112
110
144
125
21
98
108
104
17
50
137
109
79
16
45
65
7
56
46
86
134
65
105
141
17
127
143
131
4
5
12
14
47
32
67
66
92
97
27
142
24
3
72
23
39
135
119
34
43
13
75
133
71
28
98
1
48
15
51
62
31
89
123
97
126
77
138
138
58
60
130
124
39
4
132
83
89
111
73
38
128
113
41
116
106
80
104
57
68
99
45
19
53
134
33
120
56
75
106
6
59
126
103
119
86
22
84
77
15
18
64
69
74
74
58
130
1
34
32
76
99
27
138
81
125
91
80
1
136
55
2
85
75
48
8
137
124
96
130
75
15
26
87
119
89
83
96
60
124
13
143
129
89
11
52
59
86
127
7
46
34
38
55
134
56
106
79
126
83
10
8
40
50
94
136
59
45
128
123
33
64
115
90
114
10
132
20
115
24
100
112
81
78
113
138
9
93
39
108
53
85
70
98
18
20
58
69
137
131
54
33
12
95
6
101
97
122
23
62
9
142
19
5
17
62
19
72
78
44
74
94
43
41
46
140
141
1
3
65
103
120
129
63
47
38
14
68
123
76
118
4
29
37
2
107
16
37
54
111
36
133
143
60
109
66
111
109
30
91
30
135
128
106
32
74
57
141
71
28
73
131
5
77
21
116
63
103
27
39
80
57
90
72
130
35
69
45
82
51
144
119
52
28
92
73
108
88
105
25
127
12
18
26
67
25
84
84
49
66
6
107
51
13
117
112
7
104
114
67
15
117
95
97
47
121
14
68
93
31
116
43
36
86
71
11
3
34
24
40
49
70
77
105
35
113
61
98
135
100
120
134
53
118
16
101
58
17
23
87
142
88
42
125
64
22
110
82
126
42
104
99
139
133
22
122
56
102
61
121
140
79
102
31
144
139
92
29
110
132
44
50
21
41
48
65
4
133
121
109
97
85
86
87
75
74
73
61
62
63
64
65
77
76
88
100
99
98
110
122
134
135
123
111
112
113
125
137
136
124
112
113
114
115
103
102
101
89
90
91
79
78
66
67
55
43
44
45
57
56
68
69
70
58
59
71
72
60
48
36
35
47
46
34
33
21
9
10
11
23
22
10
9
8
20
32
31
19
18
17
16
4
5
6
7
8
20
21
33
32
44
45
46
58
70
82
83
84
96
108
107
95
94
106
105
104
92
80
81
93
105
117
116
128
127
126
138
139
140
141
129
130
142
143
131
132
120
119
118
117
116
104
103
102
101
100
88
87
75
76
64
52
40
28
29
30
42
54
53
41
29
28
27
39
51
50
38
37
25
26
14
13
1
2
3
15
27
39
38
26
25
13
1
2
14
15
3
4
16
17
5
6
7
19
18
30
31
43
55
56
57
69
68
80
92
91
79
67
66
78
90
89
77
65
53
54
42
41
40
52
51
63
62
50
49
37
49
61
73
74
86
85
97
109
110
98
99
111
123
122
121
133
134
135
136
124
125
137
138
126
114
115
127
139
140
128
129
141
142
130
131
119
118
106
107
95
94
93
81
82
83
71
59
47
35
34
22
23
24
12
11
12
24
36
48
60
72
84
96
108
120
132
144
143
144
144
143
142
141
140
128
116
115
127
139
138
126
114
102
90
91
103
104
105
117
129
130
131
132
120
119
118
106
94
95
96
108
107
106
94
82
70
69
81
93
92
80
68
67
79
78
66
65
64
52
40
41
53
54
42
30
29
17
18
6
5
4
3
15
16
28
27
39
38
37
25
13
14
26
25
37
49
50
51
63
62
74
86
98
97
85
73
61
49
50
38
39
51
52
40
28
29
30
31
19
7
8
9
21
20
32
33
45
57
56
55
43
44
45
46
58
59
71
83
84
72
60
48
47
35
36
24
23
11
10
22
34
46
58
57
69
81
93
105
104
116
115
103
102
101
100
99
87
75
76
77
89
88
87
99
111
112
113
125
124
136
135
123
122
134
133
121
109
110
111
112
124
123
135
134
133
121
122
110
109
97
98
86
85
73
61
62
74
75
63
64
65
53
41
42
54
55
56
68
67
66
78
79
80
92
91
90
89
77
76
88
100
101
113
114
126
125
137
136
137
138
139
127
128
140
141
142
130
129
117
118
119
131
143
144
132
120
108
107
95
96
84
83
82
70
71
72
60
59
47
48
36
35
23
22
34
33
21
20
32
44
43
31
19
18
17
16
15
27
26
14
2
1
13
1
2
3
4
5
6
7
8
9
10
11
12
24
12
100
123
137
46
41
135
129
143
52
128
132
127
60
75
107
38
72
94
103
109
31
85
55
134
9
6
71
103
111
134
73
115
89
96
144
33
17
37
7
53
27
64
40
127
81
54
112
92
11
22
1
17
5
81
18
79
71
93
78
140
131
34
56
101
131
55
59
68
105
86
90
34
83
123
10
144
92
98
129
38
113
63
12
61
87
14
136
110
42
25
43
87
21
62
75
97
104
39
99
77
91
133
48
70
139
30
9
116
121
89
69
36
44
26
58
124
128
108
106
28
16
32
133
35
19
3
35
46
90
6
53
23
51
15
99
4
27
1
52
44
88
80
45
82
142
100
37
102
23
14
16
76
2
119
124
51
18
56
96
118
91
132
24
108
74
47
104
126
125
10
126
107
19
80
33
130
106
2
111
112
136
15
67
3
102
57
30
88
8
11
98
68
59
20
41
139
138
94
143
120
140
113
116
79
95
54
84
26
21
137
60
58
63
114
122
4
28
66
84
24
7
39
36
110
13
125
142
97
42
93
115
62
76
119
73
49
64
121
65
69
78
65
32
50
138
114
12
31
29
61
72
85
86
13
50
83
122
118
141
117
109
43
77
25
105
22
49
20
8
74
120
66
45
57
130
82
70
47
29
5
135
95
67
40
48
117
141
101
3
88
40
83
76
4
37
14
82
26
85
100
107
130
67
143
25
133
21
17
113
70
102
135
43
48
124
96
120
88
13
10
129
144
55
47
68
86
110
93
111
28
50
78
38
73
69
141
18
12
97
57
38
119
128
67
11
80
87
127
75
2
114
112
84
81
133
25
138
8
84
15
53
123
69
5
134
115
70
90
45
121
19
79
37
107
117
50
21
20
105
140
11
86
2
139
95
89
66
139
60
98
7
105
129
1
60
137
114
53
142
83
135
52
94
48
41
87
126
1
63
124
141
61
93
31
64
57
138
121
24
46
63
28
44
17
36
32
6
123
56
30
29
18
96
41
62
42
136
16
6
16
77
59
85
4
64
27
74
39
51
113
134
130
58
81
72
14
15
144
99
49
20
122
100
108
35
65
75
118
92
61
45
29
40
42
109
31
108
94
101
13
131
71
19
39
103
27
78
116
106
66
82
95
128
24
22
132
26
7
126
109
52
120
140
99
90
73
34
77
131
104
33
80
3
10
110
23
117
55
116
79
89
143
112
118
111
9
34
91
142
125
12
46
137
72
71
101
136
23
76
22
43
127
103
122
74
8
62
104
106
9
32
49
56
132
125
33
35
44
47
68
92
65
54
36
59
5
51
98
102
91
115
58
119
30
97
54
1
2
3
4
16
28
29
17
5
6
7
8
9
21
20
32
33
34
46
47
35
23
24
12
11
10
22
34
46
45
44
43
31
30
18
19
7
6
5
4
3
15
14
13
25
37
49
61
73
74
86
85
97
109
121
133
134
135
123
124
136
137
138
139
127
126
125
113
101
89
88
76
75
63
62
50
38
26
27
39
51
52
40
41
42
54
53
65
77
78
79
91
103
115
116
104
92
80
68
69
57
58
59
60
72
84
96
95
94
82
83
71
70
58
57
56
55
67
66
54
42
41
53
52
64
63
75
87
99
98
110
111
112
100
88
87
99
100
101
102
90
91
92
93
81
69
70
82
81
93
105
117
129
130
118
119
120
108
107
106
105
104
116
128
140
141
142
143
131
132
144
132
144
143
131
130
142
141
129
117
118
119
120
108
107
106
94
95
96
84
83
71
72
60
59
47
48
36
48
36
35
23
24
12
11
10
22
21
9
8
20
32
33
45
44
56
68
80
79
78
90
89
77
76
64
65
66
67
55
43
31
19
18
30
29
17
16
15
14
2
1
13
25
26
27
28
40
39
51
50
38
37
49
61
62
74
73
85
86
98
97
109
121
122
110
111
112
124
125
113
114
102
103
115
114
126
127
128
140
139
138
137
136
135
123
122
134
133
12
24
36
48
47
46
58
59
60
72
84
96
108
107
95
94
106
118
117
129
130
131
143
144
132
120
119
118
117
105
93
81
82
70
71
83
84
72
60
48
36
35
23
11
10
9
8
7
6
18
17
5
4
3
2
1
13
25
26
38
37
49
61
73
74
62
50
51
52
53
41
42
30
31
19
20
21
22
34
33
32
44
45
57
69
68
56
55
54
66
78
77
76
75
87
88
89
90
91
103
104
116
128
140
139
138
137
125
113
114
126
127
115
116
104
92
80
79
67
68
69
57
56
44
43
31
30
29
28
16
15
27
39
40
41
29
28
40
52
64
65
77
89
101
102
103
115
114
102
101
100
99
98
110
111
123
135
136
124
112
100
88
87
86
85
97
109
121
122
134
133
134
133
121
122
110
109
97
98
99
111
123
135
136
124
112
113
125
137
138
126
127
139
140
128
129
141
142
141
142
130
131
143
144
132
120
119
107
108
96
95
94
106
105
93
92
91
90
78
66
65
53
54
42
43
55
67
79
80
81
82
83
71
70
58
59
47
35
23
24
12
11
10
22
34
46
45
33
32
20
21
9
8
7
19
18
6
5
17
16
4
3
2
14
15
27
39
38
50
51
63
64
76
75
63
62
74
86
85
73
61
49
37
25
26
14
13
1
39
124
73
80
68
132
67
86
78
70
76
89
131
47
111
41
115
8
133
140
48
119
129
117
105
10
15
84
11
33
21
85
113
77
114
103
53
137
74
98
64
35
138
50
138
69
12
54
21
13
54
8
62
1
79
60
144
123
39
81
52
24
34
92
93
126
105
2
42
127
96
91
18
16
66
131
114
57
113
126
116
107
36
25
48
129
9
139
112
56
33
98
106
44
99
4
97
141
137
40
88
142
32
28
28
136
106
1
127
58
31
67
120
34
18
44
136
14
3
118
37
75
143
25
5
31
56
132
7
20
42
68
41
82
47
97
69
35
93
141
2
101
72
88
11
101
128
135
142
17
144
55
92
24
59
111
49
143
94
51
16
95
91
14
22
125
128
130
118
53
99
100
57
140
3
87
110
73
139
32
65
79
112
17
46
115
19
122
15
94
121
123
74
20
38
77
50
110
40
22
37
4
71
29
84
10
26
125
45
90
96
61
59
66
43
108
65
36
63
30
75
87
55
122
60
135
6
9
102
27
5
29
104
134
80
83
7
61
78
109
109
45
108
89
134
62
119
13
72
19
100
102
76
103
49
51
130
83
121
26
6
117
46
133
82
107
38
120
71
23
63
58
81
104
30
85
86
12
43
52
116
23
64
95
70
124
27
90
34
130
90
42
1
18
63
20
84
114
115
114
62
139
112
86
21
72
124
117
28
89
58
71
46
48
14
59
7
9
87
100
4
95
116
35
61
24
94
132
96
129
62
68
118
128
87
100
60
23
34
66
73
29
119
122
54
126
13
4
83
84
80
120
40
85
108
98
67
69
21
37
40
105
131
129
39
137
101
136
70
79
47
16
103
61
15
45
27
75
82
107
50
124
66
37
11
131
102
68
67
74
23
39
47
32
121
60
44
88
16
113
57
97
30
81
76
53
93
109
91
91
13
98
144
31
109
52
58
29
18
71
137
64
48
110
12
17
72
54
134
28
106
78
86
50
127
63
49
143
14
73
105
5
119
24
128
6
77
70
115
120
107
138
56
89
45
3
140
26
106
5
103
33
10
55
134
26
135
96
144
102
41
38
59
76
65
123
64
6
31
141
139
82
79
83
51
104
142
25
117
127
1
93
33
51
122
123
112
19
2
8
20
22
12
99
2
118
132
11
133
78
95
77
90
49
81
15
25
125
142
43
22
36
135
17
19
108
46
101
57
99
111
113
65
136
116
8
104
30
133
43
32
97
121
52
3
38
138
74
36
9
140
126
94
143
88
85
27
111
92
42
7
69
92
75
35
130
41
80
53
10
110
125
56
55
44
141
133
121
122
123
124
136
135
134
133
121
109
97
85
86
87
88
76
75
63
64
65
77
89
90
78
66
67
55
54
42
43
44
32
31
30
18
19
7
8
20
21
9
10
22
34
33
45
46
47
35
23
11
12
24
36
48
60
72
71
83
82
94
95
107
119
131
143
144
132
120
108
96
84
72
60
59
58
70
69
81
80
68
56
57
69
68
67
79
91
103
104
116
128
129
117
105
106
118
130
142
141
140
139
138
126
127
115
114
102
101
100
99
98
110
111
112
113
125
137
138
139
140
141
129
128
127
115
116
117
105
93
92
104
103
102
101
100
88
87
75
74
73
61
62
50
49
37
38
26
25
13
14
2
3
15
27
39
40
41
53
52
51
39
27
28
16
4
5
6
7
8
9
21
33
34
35
23
22
10
11
12
24
36
48
47
46
58
59
71
70
82
83
84
96
95
107
108
120
132
144
143
142
130
131
119
118
106
94
93
81
80
92
91
79
78
90
89
77
76
64
52
40
41
53
65
66
54
55
56
57
45
44
32
20
19
31
43
42
30
29
28
29
17
18
6
5
17
16
4
3
15
14
26
38
50
51
63
62
74
86
98
99
111
112
113
114
126
125
137
136
124
123
135
134
122
110
109
97
85
73
61
49
37
25
13
1
2
1
12
11
23
35
47
48
36
24
12
11
10
9
8
20
32
44
43
31
30
42
54
55
56
68
67
66
78
77
65
64
76
88
87
75
63
62
74
73
85
86
98
97
109
110
111
99
100
112
124
123
122
121
133
134
135
136
137
138
126
127
115
116
128
129
130
131
132
144
143
142
141
140
139
138
137
125
113
114
102
103
91
90
89
101
102
90
78
79
80
81
93
94
95
107
106
105
117
118
119
120
108
96
84
72
71
83
82
70
69
57
45
33
21
22
34
46
58
59
60
72
84
96
108
107
95
83
82
94
106
105
104
92
93
81
69
57
45
44
32
31
19
7
6
18
17
5
4
16
15
3
2
14
13
25
26
27
28
40
52
53
41
29
28
27
39
38
37
49
61
73
85
97
98
99
111
123
122
110
109
121
133
134
135
136
124
112
113
125
126
114
115
127
139
140
128
129
141
142
143
144
132
120
119
131
130
118
117
116
104
103
91
92
80
79
67
68
56
55
43
42
41
40
52
53
54
66
65
77
89
101
100
88
87
86
74
75
76
64
63
51
39
51
50
62
61
49
50
38
37
25
26
14
15
16
17
29
30
18
19
20
21
33
34
46
58
70
71
59
60
48
47
35
36
24
23
22
10
9
8
7
6
5
4
3
2
1
13
1
