##Rat 2 Day 49
 ##rewards
18
29
107
##Vertices
133
134
122
110
109
97
85
73
74
75
76
77
65
66
54
53
41
29
30
42
43
55
67
68
56
57
58
70
71
72
84
96
108
120
119
118
117
116
128
140
141
129
130
131
143
144
132
120
108
107
95
83
82
81
69
57
45
46
34
33
21
20
19
18
6
7
8
9
10
22
23
11
12
24
36
48
60
59
47
35
34
46
58
70
69
81
93
94
106
105
104
103
91
90
78
79
80
92
93
105
104
116
115
114
113
125
126
127
139
138
137
136
124
123
135
136
137
125
113
112
111
99
87
86
98
97
85
73
61
62
63
64
52
40
39
27
26
25
37
38
50
49
37
25
13
1
2
14
15
3
4
5
17
16
28
29
30
31
32
44
43
42
41
53
54
66
78
90
102
101
100
88
100
101
89
88
89
77
65
64
76
75
87
99
111
112
124
123
135
134
122
121
133
121
109
110
98
86
74
62
61
49
50
51
63
51
52
40
39
38
26
14
13
1
2
3
15
27
28
16
4
5
17
18
6
7
8
20
19
31
32
44
45
33
21
9
10
22
23
11
12
24
36
35
47
48
60
59
71
72
84
96
95
83
82
94
106
107
119
131
132
144
143
142
141
142
130
118
117
129
128
140
139
138
126
127
115
114
102
103
91
79
67
55
56
68
80
92
1
13
25
37
49
50
38
26
14
2
3
15
27
28
40
52
53
65
64
76
88
87
75
74
73
85
86
98
97
109
121
122
123
124
136
137
125
113
101
89
90
102
103
91
79
67
68
80
81
69
57
56
44
43
55
54
66
78
77
89
101
100
99
111
110
109
97
85
73
61
62
63
51
39
40
41
29
30
42
41
29
17
5
4
16
28
27
39
51
52
64
76
88
100
112
113
114
115
127
128
129
141
142
130
118
117
116
104
92
93
105
106
94
95
107
108
120
119
131
132
144
143
142
141
140
139
138
126
114
102
103
104
92
93
105
106
94
82
70
71
83
84
72
60
48
47
59
58
46
34
22
21
20
32
33
45
44
32
31
19
7
8
9
10
11
12
24
23
35
36
48
47
35
36
24
12
11
23
22
10
9
21
33
34
46
45
57
56
68
69
70
58
59
60
72
71
83
82
81
80
79
91
90
78
77
65
53
54
66
67
55
43
42
30
31
19
20
8
7
6
18
17
18
6
5
4
16
15
3
2
1
13
14
26
25
37
38
50
49
61
62
63
75
74
86
98
110
122
121
133
134
133
134
135
123
135
136
137
138
139
140
128
129
130
131
143
144
132
120
108
96
84
96
95
107
119
118
117
116
115
127
126
125
124
112
111
99
87
61
71
86
115
102
113
5
61
131
6
113
121
111
109
68
141
24
142
54
45
17
93
28
106
95
25
70
55
51
23
46
137
3
12
82
140
10
68
72
85
103
74
26
64
31
120
1
14
40
80
59
91
13
78
121
108
79
2
119
39
33
89
50
21
72
86
44
7
82
122
22
56
8
14
133
115
144
138
99
37
21
15
127
29
73
98
43
91
96
129
18
60
100
108
83
57
16
58
95
94
54
53
63
134
58
123
76
123
49
87
135
9
34
97
104
65
17
59
66
8
57
105
112
22
11
140
29
122
42
45
42
35
9
112
69
79
48
23
85
46
3
139
98
105
20
48
75
130
74
63
28
110
77
118
13
107
118
133
25
88
75
18
126
144
131
136
12
49
66
106
71
89
83
7
88
138
136
87
19
135
119
101
127
90
43
77
39
37
5
124
96
26
10
143
132
111
125
52
11
90
97
101
30
120
38
92
50
64
143
67
62
62
34
141
100
109
69
47
137
126
55
78
124
35
130
104
84
81
107
4
125
44
114
134
117
99
51
116
2
19
110
76
116
70
20
52
114
80
56
92
6
27
36
67
32
132
81
27
94
60
65
84
32
36
38
73
30
16
117
31
1
41
102
103
41
93
40
128
47
15
4
142
129
139
33
53
128
24
110
95
22
118
128
7
8
107
85
98
80
38
88
1
52
27
137
71
70
105
132
13
118
113
101
117
51
144
113
119
137
53
112
93
124
135
95
53
34
77
82
14
134
91
39
36
131
143
73
25
19
32
1
83
7
6
19
17
138
88
67
71
2
37
55
105
73
63
45
94
54
47
10
90
15
24
20
122
76
29
139
20
79
81
29
68
64
18
79
96
45
25
3
50
108
50
28
120
72
61
97
91
41
56
24
58
102
111
42
5
22
30
110
66
77
82
92
70
51
72
38
80
56
141
43
74
124
75
125
86
49
31
87
14
76
44
112
129
100
87
10
83
84
67
126
21
106
11
21
114
107
131
63
138
23
33
57
75
123
66
54
41
59
111
64
74
27
30
92
48
3
15
39
134
49
60
55
60
59
12
102
33
85
99
97
140
115
46
57
139
104
5
116
96
93
122
65
99
40
125
103
141
130
109
69
98
34
31
142
62
42
120
100
142
44
2
106
114
4
13
135
9
48
133
126
115
144
23
17
116
121
6
136
84
140
37
52
90
121
26
123
127
47
130
36
89
35
69
46
132
16
9
35
28
11
143
119
26
43
18
128
81
65
136
101
86
68
62
4
127
117
103
133
108
94
129
40
16
61
78
109
12
78
8
104
89
58
32
144
132
120
108
107
95
96
84
72
60
48
36
24
12
11
23
22
10
9
21
33
45
44
56
57
69
70
82
81
80
79
91
103
102
114
115
116
128
129
117
118
130
131
143
142
141
140
139
138
137
125
124
136
135
134
133
121
109
97
98
110
122
123
111
99
100
88
89
77
65
64
76
75
87
86
74
62
50
38
37
49
61
73
85
97
109
110
111
112
113
101
100
112
113
114
126
127
115
103
104
105
93
92
80
68
67
55
54
66
78
90
91
92
104
116
117
105
106
94
93
81
82
83
71
59
58
46
47
35
34
33
32
20
8
7
19
18
6
5
17
16
4
3
15
14
2
1
13
25
26
27
39
51
52
40
41
42
43
31
30
29
28
27
39
40
52
53
41
42
43
44
32
20
8
7
6
18
19
31
30
29
28
16
17
5
4
3
15
14
2
1
13
25
26
38
37
49
50
51
63
64
63
75
74
62
61
73
85
86
98
99
87
88
76
77
89
101
102
90
78
79
67
66
65
53
54
55
56
68
69
70
71
83
95
94
106
118
119
107
119
131
130
129
128
127
126
125
124
123
122
121
133
134
135
136
137
138
139
140
141
142
143
144
132
120
108
96
84
72
60
59
47
48
36
35
23
24
12
11
10
9
21
22
34
46
45
57
58
12
11
10
22
23
35
36
24
12
11
10
9
8
7
6
5
4
3
15
27
26
25
37
49
61
73
85
86
98
97
109
110
122
134
135
136
124
123
111
99
87
75
74
62
63
64
76
88
89
90
102
103
91
79
78
77
65
66
67
55
43
44
32
20
21
33
34
46
58
59
60
48
47
46
45
57
69
81
80
68
56
57
45
44
56
68
67
55
54
53
52
51
50
38
39
40
41
42
30
29
28
16
17
18
19
31
30
29
41
40
52
51
63
64
76
88
100
101
113
112
111
99
100
101
102
114
115
116
104
92
93
105
106
118
117
129
130
131
119
107
108
120
132
144
143
142
141
140
128
127
126
125
137
138
139
140
141
129
117
118
106
94
95
96
84
72
71
83
82
70
58
59
47
35
34
33
32
31
43
42
54
53
65
66
78
79
80
81
69
70
71
83
82
94
95
107
119
131
130
142
143
144
132
120
108
96
84
72
60
48
36
24
23
22
21
9
8
20
19
7
6
18
17
5
4
3
15
16
28
27
39
38
26
14
13
14
2
1
2
1
13
25
37
49
50
62
61
73
74
75
87
86
85
97
98
110
109
121
133
134
133
121
122
123
135
136
124
112
113
114
126
125
137
138
139
127
128
116
115
103
104
105
93
92
91
90
89
77
74
45
39
132
141
37
115
84
6
57
96
94
36
22
27
62
80
56
83
31
113
110
53
12
138
4
28
25
26
102
6
120
35
124
11
135
80
40
77
126
83
104
47
104
60
43
133
48
16
59
130
11
69
17
1
118
67
91
7
7
139
123
142
71
1
14
113
48
26
111
123
100
25
141
13
81
129
81
39
17
144
53
88
86
116
98
78
19
70
105
63
52
90
106
65
140
136
106
76
85
140
19
46
122
70
40
9
13
114
15
122
9
57
127
32
90
142
117
64
128
2
5
16
143
18
86
12
101
28
91
92
71
30
102
55
64
96
46
128
42
68
93
36
37
97
56
41
118
44
97
43
14
88
33
41
120
54
78
72
38
114
108
58
33
139
49
89
143
73
20
138
125
29
15
101
112
44
42
103
125
144
75
5
76
134
99
79
129
95
133
131
67
94
132
84
50
10
31
8
52
112
79
85
47
34
107
109
73
10
93
121
35
27
115
131
29
54
69
50
134
21
92
34
45
119
18
82
38
51
68
22
61
98
66
99
89
30
49
74
82
126
24
105
55
61
77
127
107
119
121
110
65
87
60
3
136
24
20
117
116
58
109
21
66
3
63
103
124
100
95
75
59
87
32
4
23
72
111
2
135
108
51
137
62
23
8
130
137
84
47
105
65
71
74
21
84
122
125
21
6
100
78
92
97
73
33
127
11
120
77
45
42
45
13
24
14
102
19
96
81
15
125
111
95
34
23
114
61
19
82
6
1
20
98
132
111
38
104
73
69
141
126
59
56
67
46
71
8
68
124
31
59
75
82
129
41
69
113
58
123
32
35
29
107
10
96
90
139
13
133
57
8
100
64
50
128
142
138
58
137
7
66
119
75
40
92
112
134
48
83
17
116
83
127
37
118
87
17
36
85
34
86
52
124
2
16
28
39
46
30
128
143
63
60
132
136
48
43
9
117
129
9
66
65
81
28
113
107
60
117
121
38
49
44
55
119
105
5
16
87
68
101
26
140
27
93
41
114
97
126
80
23
89
22
22
63
25
140
116
108
2
88
120
115
104
76
110
4
50
109
56
36
79
143
103
20
37
7
144
35
91
141
94
109
30
10
121
72
18
51
131
4
53
135
134
136
47
86
89
53
142
135
54
43
144
110
130
70
93
14
102
74
103
101
137
27
12
51
94
26
18
130
85
139
40
91
44
98
42
31
3
90
95
123
25
24
15
3
55
99
12
54
77
62
29
64
133
106
39
80
138
61
108
62
72
52
76
118
32
78
70
5
33
79
1
122
112
131
99
11
106
49
88
67
57
115
1
2
3
4
16
17
5
6
7
8
9
10
11
12
24
23
35
36
48
47
46
45
57
56
44
43
31
30
42
54
66
65
64
76
75
63
51
50
38
39
27
26
14
13
25
37
49
61
73
85
86
98
97
109
121
133
134
135
136
124
123
122
110
111
112
100
101
89
90
91
103
102
114
113
125
126
127
128
129
141
140
139
138
137
136
135
123
111
99
87
88
100
99
87
75
74
62
63
64
52
40
41
53
54
55
67
68
80
79
78
77
65
53
52
51
39
40
28
29
41
42
30
18
19
20
32
33
21
22
34
46
58
59
60
72
71
83
84
96
95
107
108
120
119
131
132
144
143
142
130
118
117
116
104
105
93
81
69
70
82
94
106
118
117
105
104
92
93
81
69
57
58
59
60
72
84
83
71
70
82
94
106
107
95
96
108
120
119
131
132
144
143
142
130
129
141
140
128
116
115
103
115
114
126
127
139
138
137
125
124
112
113
101
102
90
89
88
76
77
78
66
67
79
91
92
80
68
56
55
43
31
19
18
17
29
28
27
15
16
15
14
26
38
50
62
74
86
98
110
122
134
133
121
109
97
85
73
61
49
37
25
13
1
2
3
4
5
6
7
8
20
21
9
10
22
23
11
12
24
36
48
47
35
34
33
45
44
32
144
132
131
130
118
119
120
108
96
95
83
84
72
71
70
58
59
60
48
47
46
34
22
23
35
36
24
12
11
10
9
8
20
19
31
32
44
45
57
69
68
80
79
91
92
93
81
82
94
106
105
117
129
128
140
141
142
143
144
132
120
119
107
106
105
104
116
115
103
102
114
126
125
137
138
139
127
115
114
113
101
100
112
111
110
122
123
124
136
135
134
133
121
109
97
98
86
85
73
61
49
50
62
74
75
63
64
52
40
28
27
26
25
37
38
39
51
63
75
87
99
100
88
76
77
89
90
78
66
67
55
43
42
54
53
65
64
52
51
39
27
15
14
13
1
2
3
4
5
6
7
8
9
21
33
45
46
58
57
56
44
43
31
30
18
17
29
41
40
28
16
17
16
15
14
13
1
2
3
4
5
6
7
19
18
30
29
41
42
54
53
65
66
78
77
76
88
89
90
91
103
102
101
113
112
111
99
87
86
74
62
50
38
26
25
37
49
61
73
85
97
98
110
109
121
133
134
122
123
135
136
124
125
137
138
126
127
139
140
128
129
141
142
143
131
130
118
117
116
104
92
80
79
67
55
56
68
69
70
71
83
82
81
93
94
95
107
108
96
84
72
60
59
47
48
36
35
23
24
12
11
10
22
34
33
32
20
21
142
74
64
131
102
69
76
34
72
31
65
50
83
47
46
7
28
120
86
56
88
57
62
98
8
2
58
93
78
88
84
46
95
90
105
40
69
76
94
42
116
15
132
80
131
32
104
77
9
115
98
128
36
113
20
7
117
17
86
106
136
100
87
127
99
59
92
82
25
54
44
89
103
14
58
45
138
3
67
33
96
10
71
81
110
43
130
68
11
89
79
5
135
144
44
135
94
21
74
22
26
108
16
39
24
96
1
133
13
53
139
72
124
143
55
117
137
99
48
1
119
127
29
134
130
120
121
142
57
36
73
53
27
17
75
35
23
115
18
90
13
61
4
33
87
78
128
8
51
129
47
113
3
61
66
31
52
75
19
35
26
133
80
12
101
122
34
38
49
110
114
10
32
40
118
59
41
109
123
114
63
91
140
107
103
43
29
71
84
55
14
30
28
24
4
51
85
70
139
49
6
60
37
97
101
42
129
93
5
141
91
16
125
85
62
25
106
116
73
122
52
37
140
141
121
112
45
11
66
83
64
125
92
126
38
100
82
118
63
23
68
27
60
111
138
18
50
12
97
65
41
123
132
20
126
48
108
109
134
144
79
67
136
70
102
56
22
107
15
143
19
105
95
104
2
111
77
81
112
9
119
6
39
21
54
124
30
137
75
26
75
58
71
10
121
61
128
29
79
138
96
47
116
83
60
141
111
53
28
2
17
24
3
43
99
40
131
21
70
36
93
87
65
135
63
9
51
106
26
52
30
63
73
108
100
48
90
124
46
89
49
88
45
53
100
50
91
59
80
5
79
16
51
117
85
143
105
68
118
94
113
10
69
24
138
37
78
73
36
139
31
57
8
64
112
43
28
99
55
23
27
110
125
57
143
142
74
39
82
37
133
101
35
92
110
9
81
103
38
86
86
103
23
122
144
17
54
1
1
15
33
115
12
25
11
102
134
72
108
140
129
13
112
101
8
34
41
74
41
141
65
140
129
59
45
69
20
118
14
98
68
113
128
18
7
122
107
98
115
66
137
18
21
56
114
95
136
126
70
32
33
35
44
62
120
81
84
107
14
93
92
104
87
95
117
20
49
135
130
136
2
83
106
22
119
42
67
120
29
71
109
55
77
56
5
30
78
52
82
96
15
34
130
6
121
80
114
91
66
144
90
40
58
32
60
72
94
19
139
102
131
123
47
6
127
76
119
46
67
134
25
85
133
123
19
11
109
42
39
77
132
4
76
22
142
4
137
124
89
64
31
16
127
44
7
132
97
104
125
13
48
12
116
88
54
62
3
97
105
61
126
111
84
38
27
50
