##Rat 4 Day 13
 ##rewards
126
113
47
##Vertices
133
134
135
123
124
136
137
125
113
114
102
90
78
79
80
68
56
44
43
42
41
40
39
51
52
64
65
77
89
88
87
75
76
64
63
62
74
73
61
49
37
38
26
14
13
1
2
3
15
27
28
16
4
5
6
7
19
20
21
22
34
33
45
46
47
59
71
72
60
48
36
35
23
11
10
9
8
7
6
18
30
29
17
5
4
3
15
16
17
18
30
31
32
33
34
46
58
57
69
70
82
83
84
96
95
107
108
120
132
144
143
142
141
129
117
116
128
127
126
138
139
140
141
142
130
131
119
118
106
105
104
103
91
92
93
81
82
94
93
92
104
116
115
103
91
79
67
66
54
53
65
66
78
90
102
101
100
112
111
99
98
86
85
97
109
110
122
121
109
97
98
110
111
123
122
121
133
134
135
136
137
125
124
112
100
99
87
88
76
77
89
101
113
114
115
127
126
138
139
140
128
129
130
118
117
105
106
94
95
107
119
131
143
144
132
120
108
96
84
83
71
72
60
59
47
48
36
35
23
24
12
24
12
11
10
22
21
9
8
20
19
31
32
44
45
57
58
70
69
81
80
68
67
55
56
55
43
42
54
53
41
29
28
40
52
51
63
75
74
86
85
73
61
62
50
49
50
38
39
27
26
25
37
25
13
1
2
14
1
13
25
26
38
37
49
50
51
63
64
65
66
78
90
91
92
93
81
69
57
45
33
32
44
43
55
54
53
41
29
30
42
43
31
19
18
6
7
8
9
21
22
23
11
12
24
36
35
34
46
47
48
60
72
84
83
95
107
119
118
106
105
117
129
128
127
139
140
141
142
130
131
132
120
108
96
84
72
71
70
58
59
60
48
36
35
47
59
71
70
82
94
106
118
117
116
104
103
115
114
126
138
137
125
124
136
135
134
133
121
109
97
98
99
87
86
74
62
61
73
85
97
109
110
122
123
111
112
100
88
76
77
89
101
102
114
113
101
89
88
87
75
76
77
78
79
67
68
56
55
67
66
65
64
52
40
39
27
28
16
17
5
4
3
15
14
2
3
4
16
15
27
26
14
2
1
13
25
37
49
50
38
39
40
28
29
41
42
54
53
52
51
63
75
74
62
61
73
85
86
98
110
111
99
100
112
113
125
124
123
122
121
133
134
135
136
137
138
126
127
139
140
128
129
141
142
130
131
143
144
143
144
132
120
119
107
108
96
95
83
82
94
93
105
104
116
115
103
102
90
91
79
80
92
80
81
69
68
56
57
58
46
45
44
32
31
30
18
17
5
6
7
19
20
8
20
21
33
34
22
10
9
10
11
12
24
23
7
98
48
11
61
52
68
133
110
99
80
61
122
20
93
29
117
62
45
102
120
103
28
69
106
130
91
124
42
135
68
114
66
41
112
60
63
133
126
128
67
38
107
64
8
125
20
74
129
18
23
12
134
90
34
60
35
6
138
37
25
55
49
63
140
64
30
142
98
50
18
19
40
57
24
79
14
101
88
1
115
141
34
43
144
42
6
80
49
103
128
81
33
59
43
86
13
144
87
72
69
104
13
45
41
56
1
66
12
54
16
91
22
4
116
120
139
21
97
101
122
83
137
82
141
33
121
71
130
127
99
26
110
131
123
59
29
22
9
113
58
7
46
136
118
84
14
104
2
53
77
67
107
96
105
53
96
78
109
100
139
38
114
73
32
32
108
106
136
83
5
138
109
115
28
71
3
94
47
54
132
93
116
95
94
113
21
100
65
10
127
118
90
75
44
39
112
51
86
50
73
72
111
27
142
70
8
30
24
58
37
123
108
85
16
119
137
48
2
39
89
111
97
132
31
15
119
52
102
76
70
95
129
84
36
23
40
3
9
131
78
76
27
143
17
25
89
19
57
44
11
47
124
143
74
135
4
75
15
117
140
31
51
87
55
62
79
17
36
105
56
10
26
46
82
125
65
92
92
121
81
134
77
88
85
35
126
5
137
132
27
97
100
5
130
142
70
34
38
8
11
22
67
32
60
35
98
3
42
40
20
125
103
71
39
35
134
24
74
78
117
23
16
111
77
21
104
34
10
31
122
47
90
130
108
36
129
95
64
86
50
74
118
83
11
135
86
88
87
33
65
18
7
19
65
99
44
115
102
46
105
8
138
98
88
29
68
68
55
50
141
61
100
38
26
122
69
97
79
52
51
115
41
75
49
3
36
126
37
103
54
9
132
72
44
123
113
57
134
82
21
144
15
139
40
112
5
124
18
76
31
56
104
25
75
19
128
94
62
84
80
30
125
79
131
140
23
13
93
41
82
51
14
138
4
57
6
26
126
133
52
117
30
17
108
28
42
96
43
46
7
33
137
127
120
1
39
87
70
90
136
60
110
66
85
62
92
27
143
102
120
128
116
1
4
76
81
89
135
71
77
32
73
2
25
67
15
59
116
142
113
13
124
127
107
141
112
48
45
9
109
10
107
22
78
111
140
101
58
114
58
64
61
29
118
92
55
48
14
106
110
131
16
54
24
121
63
101
136
96
119
109
2
53
133
28
91
56
99
105
144
6
129
91
83
43
106
47
80
12
20
94
59
139
53
66
81
123
72
49
119
93
12
95
85
89
73
84
69
45
37
121
114
17
143
63
12
24
36
48
60
59
58
70
71
72
84
83
82
81
80
68
69
57
45
46
47
35
23
11
10
22
34
33
32
20
8
9
21
33
32
31
30
42
43
44
56
55
54
66
67
79
78
90
102
101
100
88
89
77
76
75
87
86
74
73
85
97
109
110
98
99
111
112
124
136
135
134
122
123
135
136
137
125
113
114
126
127
128
129
141
140
139
138
137
125
124
112
113
101
100
99
87
75
63
62
61
49
37
38
50
51
39
40
41
53
65
64
52
40
28
29
17
18
19
7
6
5
4
16
15
3
2
14
13
25
26
27
28
29
41
42
43
44
45
57
58
70
69
81
93
105
117
116
115
103
91
92
104
116
117
118
106
94
95
107
108
120
119
131
132
144
143
142
130
118
106
107
119
120
132
144
143
131
130
142
141
129
128
140
139
138
126
127
115
114
102
90
89
88
76
77
65
53
54
66
78
79
67
55
56
68
80
92
91
103
104
105
93
94
82
83
95
96
108
96
84
72
71
59
60
48
36
35
47
46
34
22
23
24
12
11
10
9
21
20
8
7
19
31
30
18
6
5
17
16
4
3
15
14
26
27
39
38
50
51
52
64
63
62
74
86
98
110
111
123
122
121
133
134
133
121
109
97
85
73
61
49
37
25
13
1
2
1
144
143
142
141
140
128
116
115
127
139
138
126
114
102
90
91
103
104
105
117
129
130
131
132
120
119
118
106
94
95
96
108
107
106
94
82
70
69
81
93
92
80
68
67
79
78
66
65
64
52
40
41
53
54
42
30
29
17
18
6
5
4
3
15
16
28
27
39
38
37
25
13
14
26
25
37
49
50
51
63
62
74
86
98
97
85
73
61
49
50
38
39
51
52
40
28
29
30
31
19
7
8
9
21
20
32
33
45
57
56
55
43
44
45
46
58
59
71
83
84
72
60
48
47
35
36
24
23
11
10
22
34
46
58
57
69
81
93
105
104
116
115
103
102
101
100
99
87
75
76
77
89
88
87
99
111
112
113
125
124
136
135
123
122
134
133
121
109
110
111
112
124
123
135
134
133
121
122
110
109
97
98
86
85
73
61
62
74
75
63
64
65
53
41
42
54
55
56
68
67
66
78
79
80
92
91
90
89
77
76
88
100
101
113
114
126
125
137
136
137
138
139
127
128
140
141
142
130
129
117
118
119
131
143
144
132
120
108
107
95
96
84
83
82
70
71
72
60
59
47
48
36
35
23
22
34
33
21
20
32
44
43
31
19
18
17
16
15
27
26
14
2
1
13
1
2
3
4
5
6
7
8
9
10
11
12
24
12
73
10
46
47
100
1
88
68
139
46
15
112
102
4
101
144
22
8
23
111
21
105
24
70
82
62
129
72
5
55
31
129
117
29
58
11
17
59
114
7
61
117
26
108
132
81
123
115
123
108
37
42
128
55
38
90
100
122
74
41
73
138
138
74
141
1
134
118
43
12
64
14
96
61
142
83
50
142
18
83
30
97
47
77
133
95
39
137
95
6
31
120
121
25
57
112
72
56
87
122
4
121
43
82
23
54
41
91
37
92
59
111
65
75
128
13
40
27
2
53
101
58
132
103
125
7
66
28
140
124
133
86
32
94
33
113
77
69
36
64
19
85
34
116
75
13
68
45
114
9
119
104
106
5
134
35
60
130
110
51
115
80
54
6
8
136
76
87
92
78
19
18
81
29
14
97
78
136
71
139
107
62
3
94
12
67
51
49
50
110
91
109
70
48
96
20
98
106
124
52
45
69
127
84
144
10
30
89
104
109
131
143
125
141
84
21
3
33
20
15
16
135
118
93
53
27
99
99
34
63
107
49
85
79
16
36
140
2
90
119
93
32
22
57
35
26
66
102
116
86
38
103
24
89
131
48
9
88
126
79
11
39
143
130
105
63
42
65
71
25
126
40
76
67
113
17
98
44
137
120
80
135
60
44
56
28
52
127
135
139
143
75
27
48
6
103
61
33
65
119
136
133
120
12
73
18
81
138
97
22
70
129
55
57
91
135
34
31
109
144
19
99
17
14
99
67
100
106
40
2
133
144
45
65
39
121
127
105
39
53
90
134
137
20
96
49
47
90
136
125
59
46
16
55
126
71
115
129
118
38
85
110
75
37
101
127
35
8
125
83
3
68
62
80
29
79
16
137
134
113
142
80
69
51
95
23
66
140
17
105
85
72
13
36
4
78
60
47
126
30
15
89
87
132
76
138
18
56
69
59
142
122
81
86
124
82
60
50
97
78
113
45
141
8
49
98
13
116
32
110
112
70
5
114
24
43
46
38
28
116
103
5
124
106
35
4
26
21
64
96
7
36
63
1
114
72
21
27
87
79
3
52
50
74
2
67
54
37
128
58
139
26
95
12
74
7
92
93
130
91
120
57
64
84
98
76
48
11
29
11
63
131
107
54
10
88
111
84
102
109
43
31
41
71
88
42
22
101
119
19
86
115
128
73
92
141
53
25
25
41
123
77
121
56
32
117
9
104
61
42
52
94
94
51
23
77
66
118
33
143
132
6
89
10
107
15
40
44
58
123
9
14
108
83
111
44
131
112
68
34
122
24
104
28
117
100
102
62
108
1
140
30
82
93
20
130
1
2
3
4
16
28
29
17
5
6
7
8
9
21
20
32
33
34
46
47
35
23
24
12
11
10
22
34
46
45
44
43
31
30
18
19
7
6
5
4
3
15
14
13
25
37
49
61
73
74
86
85
97
109
121
133
134
135
123
124
136
137
138
139
127
126
125
113
101
89
88
76
75
63
62
50
38
26
27
39
51
52
40
41
42
54
53
65
77
78
79
91
103
115
116
104
92
80
68
69
57
58
59
60
72
84
96
95
94
82
83
71
70
58
57
56
55
67
66
54
42
41
53
52
64
63
75
87
99
98
110
111
112
100
88
87
99
100
101
102
90
91
92
93
81
69
70
82
81
93
105
117
129
130
118
119
120
108
107
106
105
104
116
128
140
141
142
143
131
132
144
132
144
143
131
130
142
141
129
117
118
119
120
108
107
106
94
95
96
84
83
71
72
60
59
47
48
36
48
36
35
23
24
12
11
10
22
21
9
8
20
32
33
45
44
56
68
80
79
78
90
89
77
76
64
65
66
67
55
43
31
19
18
30
29
17
16
15
14
2
1
13
25
26
27
28
40
39
51
50
38
37
49
61
62
74
73
85
86
98
97
109
121
122
110
111
112
124
125
113
114
102
103
115
114
126
127
128
140
139
138
137
136
135
123
122
134
133
144
132
120
108
107
106
94
95
96
84
72
60
48
47
59
58
46
34
33
21
22
23
11
12
24
36
35
34
33
45
57
69
70
82
83
71
72
84
96
108
120
119
131
143
142
141
140
139
138
126
125
137
136
135
134
133
121
109
110
98
97
85
73
61
62
74
86
87
88
89
101
102
114
115
127
128
129
130
118
117
116
104
105
93
81
80
92
91
90
78
66
65
64
63
51
52
53
54
55
43
44
32
20
8
7
6
5
17
29
30
18
19
31
32
44
56
68
67
79
80
81
93
92
104
103
115
114
113
112
124
123
111
99
100
101
113
112
100
88
76
77
65
53
41
42
43
31
30
42
41
40
39
38
26
27
15
3
4
16
28
40
52
51
50
49
37
25
13
14
2
1
2
1
13
14
26
25
37
38
39
27
15
3
4
16
28
29
17
5
6
18
19
7
8
20
21
9
10
9
10
22
23
11
12
24
36
35
47
48
60
59
58
46
45
57
56
55
54
66
78
77
89
90
102
103
91
79
67
68
69
70
71
83
82
94
95
107
119
131
132
144
143
142
130
118
106
105
117
116
128
129
141
140
139
127
126
138
137
125
124
136
135
134
122
123
111
99
98
86
87
75
76
64
63
75
74
62
50
49
61
73
85
97
109
110
122
121
133
76
75
111
55
73
79
126
86
32
123
44
70
133
82
71
58
89
125
142
45
40
4
131
27
77
98
37
114
29
66
74
126
52
116
117
96
63
31
125
132
135
136
32
94
119
55
72
134
40
81
23
76
95
37
84
6
19
127
97
116
35
8
121
51
14
67
13
26
141
71
6
137
16
91
61
105
112
68
16
51
50
79
134
65
124
23
118
36
52
90
14
89
47
94
93
2
56
13
44
2
131
57
124
93
69
138
30
108
144
28
128
36
22
98
81
113
72
10
62
75
43
39
78
105
83
121
64
3
49
25
5
41
87
1
3
104
27
59
143
141
60
99
70
12
20
65
108
130
91
33
104
46
34
35
17
129
80
103
42
68
54
22
120
107
46
18
111
85
73
82
123
53
1
57
48
15
63
88
107
38
7
102
135
45
95
110
20
87
26
101
133
127
28
129
117
48
21
42
24
43
88
109
11
10
34
9
84
118
140
62
97
49
9
96
132
120
41
74
12
39
80
53
8
113
85
101
78
115
110
102
77
100
30
112
31
64
103
92
139
59
142
11
86
54
60
24
122
83
61
139
106
5
122
15
18
69
130
109
21
143
106
136
115
67
58
38
7
140
137
100
25
47
50
33
17
119
4
66
19
29
92
128
144
90
114
56
99
138
129
54
124
80
8
81
89
100
111
79
94
59
5
67
43
10
6
65
126
11
24
119
2
99
124
49
64
138
70
53
45
25
114
31
5
33
8
86
98
88
9
120
139
20
14
42
118
125
50
80
7
134
117
31
104
133
36
6
36
9
82
112
117
56
38
48
41
123
35
29
101
133
78
144
13
55
3
27
12
81
77
121
32
134
19
102
45
109
15
101
74
12
22
4
54
67
77
125
61
78
63
119
62
73
39
84
141
56
4
71
3
68
87
47
128
130
127
121
109
85
142
57
28
90
141
90
86
1
110
116
126
34
66
16
51
120
28
98
92
83
115
44
142
18
91
53
110
22
85
2
11
136
97
61
105
122
47
111
1
93
40
88
75
100
130
118
139
15
82
76
32
21
113
16
131
132
91
116
52
71
23
37
23
17
69
38
73
18
60
135
114
143
113
52
129
107
103
108
123
46
74
136
35
7
29
58
66
26
108
144
26
65
104
10
107
83
25
37
137
99
19
132
115
13
21
79
143
62
93
33
44
95
59
95
105
14
106
96
127
92
55
51
122
58
41
27
140
84
76
97
57
103
94
49
140
135
34
75
30
112
131
39
17
50
102
72
72
42
89
43
40
106
46
69
137
70
24
87
64
48
60
138
96
128
63
20
68
30
