##Rat 1 Day 13
 ##rewards
19
32
98
##Vertices
12
11
10
22
21
9
8
20
32
31
43
55
67
66
65
77
89
101
102
103
104
105
106
94
93
81
80
68
56
57
58
70
69
81
82
83
71
72
84
96
108
107
119
131
132
144
143
142
130
118
117
129
141
140
139
138
126
125
124
123
111
112
100
99
98
86
74
73
85
97
109
110
122
134
135
136
137
138
139
127
115
116
128
140
141
142
130
129
128
127
115
114
113
112
111
99
87
88
76
75
63
62
61
49
50
38
37
25
13
1
2
3
4
16
28
29
17
18
19
7
6
5
4
3
15
14
26
27
39
40
41
42
54
53
52
64
63
51
52
53
41
29
30
42
54
66
78
79
91
92
80
79
67
55
43
44
45
33
34
46
47
59
60
48
36
35
23
24
36
48
47
35
34
22
23
24
12
11
10
9
8
20
21
33
45
46
58
57
69
68
56
44
32
31
30
18
19
7
6
5
17
16
15
27
28
40
39
51
50
38
26
14
2
1
13
25
37
49
61
62
74
73
85
86
98
97
109
110
122
121
133
121
133
134
135
123
124
136
137
125
126
114
113
101
100
88
87
75
76
64
65
77
78
90
89
90
102
103
91
92
104
116
117
105
93
94
82
70
71
59
60
72
84
83
95
96
95
107
106
118
119
120
108
120
132
144
143
131
144
132
120
119
107
108
96
95
94
82
81
80
79
67
55
54
53
52
64
76
88
100
112
113
101
102
90
91
92
104
116
115
103
102
114
126
127
139
138
137
136
124
123
122
134
133
121
109
110
111
99
98
97
85
73
61
62
50
38
26
27
39
40
28
16
17
18
6
5
4
3
15
14
13
25
37
49
61
73
74
75
87
86
85
97
109
110
98
86
74
75
63
51
39
27
28
29
41
42
30
31
19
7
8
20
21
9
10
11
12
24
36
48
47
46
58
59
71
83
84
72
60
48
36
35
23
22
34
33
45
57
69
68
56
44
43
31
32
44
56
57
58
70
69
68
67
66
78
77
89
90
78
79
80
81
93
105
106
118
117
129
128
140
141
142
130
131
143
142
141
129
130
118
119
131
143
144
132
120
108
96
95
107
106
105
117
116
104
103
91
92
93
94
82
70
71
83
84
72
60
59
47
35
34
46
45
33
32
20
21
22
23
24
12
11
10
9
8
7
19
18
6
5
17
16
4
3
15
14
2
1
2
1
13
25
26
38
37
49
50
62
63
51
52
40
41
29
30
42
43
55
54
66
65
53
65
64
76
77
89
88
87
99
100
101
113
114
115
127
128
140
139
138
126
125
137
125
124
112
111
123
135
136
135
134
133
121
122
138
47
97
134
84
93
77
12
35
46
65
84
23
125
52
116
28
83
100
43
25
42
117
76
39
15
54
21
103
10
77
31
79
104
33
85
82
12
19
17
78
107
38
81
137
20
125
71
16
127
122
133
11
55
111
85
110
139
7
108
120
90
96
82
5
81
115
3
47
95
127
126
105
88
121
66
131
44
57
144
30
4
111
102
1
103
139
65
96
42
17
64
112
86
102
59
132
1
58
73
76
41
132
100
104
89
144
79
133
91
129
54
123
141
29
25
6
124
48
44
23
62
8
63
4
112
24
74
15
18
46
119
35
14
22
86
116
123
136
32
87
138
99
9
27
61
131
41
143
92
68
78
38
49
40
92
49
67
36
45
6
107
31
72
113
113
37
39
9
62
140
7
36
30
117
74
142
51
98
91
13
52
29
50
51
32
124
45
80
135
18
27
55
70
101
106
33
94
59
95
72
73
34
118
3
75
137
115
121
87
108
22
37
60
129
26
8
97
143
106
56
34
48
13
114
130
26
93
43
69
75
50
16
61
109
122
105
142
136
14
67
69
118
2
128
120
56
126
88
101
134
98
21
2
71
10
141
70
130
28
5
114
94
58
90
83
66
128
109
40
89
135
119
99
63
20
80
53
53
24
64
11
68
57
60
110
19
140
8
13
118
48
45
140
15
3
75
111
107
137
134
123
78
113
85
110
47
142
103
105
125
20
42
74
106
110
11
121
71
67
28
122
129
34
68
124
41
111
135
114
23
98
55
15
37
109
16
50
81
59
95
71
27
62
134
10
59
57
58
112
80
127
138
126
80
46
101
30
43
99
40
137
7
47
57
116
77
77
90
95
4
84
45
107
119
23
76
48
66
93
94
30
104
70
96
142
109
19
108
42
91
136
13
73
101
22
32
88
11
63
124
1
130
6
105
33
140
21
127
69
114
89
41
120
70
126
17
51
83
61
65
115
20
66
14
5
122
132
52
104
63
94
131
7
141
88
139
119
19
12
93
28
115
128
37
117
103
49
102
99
138
112
8
18
25
144
106
58
75
55
9
85
35
79
60
83
53
118
2
43
25
17
29
144
141
69
64
56
10
74
68
113
72
143
120
78
130
86
29
3
32
132
21
18
38
4
33
97
100
136
36
135
38
123
67
34
5
44
87
31
87
81
84
116
27
53
90
97
131
39
35
14
129
91
121
24
82
44
9
49
26
36
143
92
12
117
54
89
46
40
1
139
16
54
62
102
39
98
65
133
125
51
86
6
92
79
64
22
73
96
26
52
133
50
60
56
72
61
76
100
108
24
31
128
2
82
133
121
109
97
85
86
87
75
74
73
61
62
63
64
65
77
76
88
100
99
98
110
122
134
135
123
111
112
113
125
137
136
124
112
113
114
115
103
102
101
89
90
91
79
78
66
67
55
43
44
45
57
56
68
69
70
58
59
71
72
60
48
36
35
47
46
34
33
21
9
10
11
23
22
10
9
8
20
32
31
19
18
17
16
4
5
6
7
8
20
21
33
32
44
45
46
58
70
82
83
84
96
108
107
95
94
106
105
104
92
80
81
93
105
117
116
128
127
126
138
139
140
141
129
130
142
143
131
132
120
119
118
117
116
104
103
102
101
100
88
87
75
76
64
52
40
28
29
30
42
54
53
41
29
28
27
39
51
50
38
37
25
26
14
13
1
2
3
15
27
39
38
26
25
13
1
2
14
15
3
4
16
17
5
6
7
19
18
30
31
43
55
56
57
69
68
80
92
91
79
67
66
78
90
89
77
65
53
54
42
41
40
52
51
63
62
50
49
37
49
61
73
74
86
85
97
109
110
98
99
111
123
122
121
133
134
135
136
124
125
137
138
126
114
115
127
139
140
128
129
141
142
130
131
119
118
106
107
95
94
93
81
82
83
71
59
47
35
34
22
23
24
12
11
12
24
36
48
60
72
84
96
108
120
132
144
143
144
1
2
3
4
5
17
29
30
18
6
7
19
31
43
55
54
42
41
40
28
16
15
14
13
25
26
27
39
51
50
49
37
38
39
51
63
75
76
64
52
53
65
77
78
66
67
79
80
81
93
105
104
92
91
103
115
116
128
127
139
140
141
142
130
129
117
118
106
107
108
120
132
131
119
120
108
96
95
94
82
83
71
59
47
48
60
72
84
96
95
107
106
94
93
105
117
116
115
114
126
138
137
136
124
125
113
112
100
88
89
90
102
101
100
99
87
86
74
62
61
73
85
97
98
110
109
121
122
134
135
123
111
99
87
88
76
64
52
40
41
29
30
42
43
44
45
46
58
70
69
68
56
57
58
46
34
33
32
20
21
9
10
22
23
11
12
24
36
35
34
33
21
22
10
11
12
24
23
35
36
48
47
59
60
72
84
83
71
70
82
81
80
92
104
103
91
90
89
77
78
79
67
66
65
53
54
55
56
68
69
57
45
44
32
31
19
20
8
9
8
7
6
18
17
5
4
3
15
16
28
27
26
14
2
1
13
25
37
38
50
49
61
62
63
75
74
73
85
86
98
97
109
110
122
123
111
112
124
125
113
101
102
114
126
127
128
129
130
118
119
131
143
144
132
144
143
142
141
140
139
138
137
136
135
134
133
121
133
72
135
99
98
45
144
57
77
6
99
130
33
43
141
44
1
123
137
122
34
124
40
121
75
63
83
16
73
140
90
114
16
28
116
87
134
128
86
31
138
84
28
119
37
13
64
22
30
22
37
108
103
17
90
107
55
45
23
71
104
72
7
7
71
4
144
11
27
102
133
81
131
49
84
3
62
95
3
127
62
115
48
98
68
12
50
106
8
50
139
114
25
24
120
88
33
73
89
58
23
141
24
102
63
122
91
104
54
108
53
86
34
80
70
17
132
105
118
143
92
44
87
13
42
20
138
79
117
5
21
12
59
113
51
112
32
68
76
109
81
126
60
111
29
70
132
77
100
31
136
26
41
39
140
11
110
85
15
35
94
30
65
91
139
137
9
69
58
53
67
126
127
64
116
131
48
67
9
74
6
38
83
142
51
133
78
94
96
95
35
54
36
75
97
49
125
47
39
21
93
100
76
18
61
1
135
115
56
41
36
14
2
20
4
61
124
142
112
125
130
129
10
27
52
92
118
46
46
111
82
38
96
60
66
129
109
5
143
55
26
52
113
123
88
110
119
79
43
29
59
107
42
121
56
14
97
136
57
19
66
134
106
2
15
40
82
103
80
74
120
19
105
69
78
32
128
47
101
8
25
65
10
85
101
89
117
93
18
10
6
2
70
118
97
139
42
84
112
80
26
9
12
25
133
72
127
64
7
48
123
75
16
90
88
54
10
111
114
36
1
126
46
128
131
46
78
45
39
105
143
12
1
100
80
106
24
18
40
106
92
55
11
8
125
49
96
98
55
9
20
86
99
129
90
19
74
30
16
27
107
60
35
70
108
44
18
110
137
20
62
142
77
83
65
116
66
129
8
11
32
3
65
76
94
50
122
79
5
128
40
60
73
132
109
141
67
85
98
19
115
130
56
58
13
69
7
127
89
76
86
3
23
64
59
21
63
85
95
48
67
32
100
4
137
96
47
132
29
113
35
33
75
140
31
121
102
99
107
117
29
42
140
21
39
110
141
119
124
81
49
138
109
82
144
31
73
124
118
58
66
142
93
95
71
143
78
91
108
17
87
6
119
50
133
71
138
53
52
15
54
25
88
81
61
47
69
97
134
116
134
82
14
38
91
135
57
34
61
43
36
102
114
104
74
57
103
123
44
26
126
59
30
17
72
53
4
92
120
120
104
22
68
24
89
113
28
136
41
84
103
93
51
51
94
122
68
79
27
112
2
13
139
56
135
38
130
105
101
87
22
136
131
37
62
34
101
14
33
77
111
23
121
41
117
28
45
43
83
37
144
5
115
63
52
125
15
144
143
142
141
129
117
116
128
140
139
138
137
136
124
125
113
112
111
99
98
110
122
121
133
134
135
123
111
99
100
101
102
114
115
127
126
138
139
140
141
142
130
131
132
120
108
96
84
72
71
59
60
48
36
24
12
11
10
22
21
9
8
7
6
18
19
20
32
44
56
57
69
70
82
83
95
107
119
118
106
94
93
105
104
103
91
92
80
68
67
66
54
42
30
29
41
53
65
77
76
88
87
86
85
73
61
49
50
51
63
62
74
75
87
88
89
90
78
79
91
103
104
92
93
81
82
70
58
46
47
35
34
33
45
57
58
46
45
44
43
55
54
53
52
64
76
75
63
64
52
40
28
16
15
27
26
25
37
38
39
40
41
29
17
5
4
3
2
14
13
1
13
1
2
14
15
3
4
16
28
27
26
25
37
38
39
51
50
49
61
62
74
73
85
86
98
97
109
97
109
110
122
121
133
134
135
123
124
136
137
125
113
112
100
101
89
77
65
66
67
55
56
68
69
81
80
79
78
90
102
114
126
127
115
116
128
129
130
131
143
144
132
120
119
118
117
105
106
94
95
107
108
96
84
83
71
72
60
59
47
48
36
24
23
35
34
33
21
20
32
31
43
42
30
31
19
18
17
5
6
7
8
9
10
22
23
11
12
1
13
25
37
38
39
51
50
49
61
73
85
97
98
86
87
99
111
112
124
123
122
134
133
121
109
110
111
112
100
88
76
75
63
62
74
73
61
49
37
25
26
14
2
3
4
5
6
7
19
20
8
9
10
11
12
24
36
35
47
48
60
72
84
83
71
59
58
57
56
44
43
31
30
18
17
16
15
27
28
29
41
40
52
64
65
53
54
55
67
79
80
81
82
94
93
92
91
90
102
101
113
125
137
138
139
140
128
116
115
127
126
114
113
101
89
77
78
66
65
64
52
53
41
42
30
31
32
33
21
22
34
46
45
44
32
33
45
57
69
68
80
92
104
103
102
114
115
103
104
105
106
107
119
118
130
142
141
129
117
105
93
94
95
96
108
120
132
131
143
144
143
144
132
131
119
120
108
107
106
118
130
142
141
129
117
116
128
140
139
127
126
138
137
125
124
136
135
136
135
123
122
134
133
121
109
110
98
97
85
86
87
99
100
88
89
90
91
79
67
68
56
55
43
42
54
66
78
77
76
75
74
62
63
51
50
38
26
14
13
1
2
3
15
27
39
40
28
29
17
16
4
5
6
18
19
7
8
20
21
9
10
11
23
22
34
46
47
59
58
70
69
81
82
70
71
83
95
96
84
72
60
48
36
35
23
24
12
69
70
34
90
72
66
19
59
113
22
101
75
12
63
74
87
56
20
3
100
105
141
14
118
68
47
108
31
116
79
71
19
93
29
28
49
82
114
20
13
10
9
113
51
26
90
73
11
105
64
122
69
50
108
61
139
126
18
48
29
110
137
24
94
131
78
132
119
4
74
139
8
129
54
84
40
33
77
129
94
95
66
11
80
21
122
27
109
93
55
131
56
98
51
52
143
89
132
101
143
14
88
21
52
76
7
115
37
1
117
17
109
123
47
64
32
73
135
83
70
102
106
67
40
62
24
81
142
96
120
140
104
58
144
142
41
118
86
2
4
85
46
75
133
125
80
37
15
54
112
41
99
111
110
128
16
65
42
103
77
91
123
25
38
99
127
34
60
72
63
22
92
144
88
97
130
82
57
38
107
138
43
10
100
50
35
125
58
119
44
12
18
117
16
28
97
124
103
121
102
57
36
134
135
111
136
61
27
5
83
48
96
136
49
13
25
104
71
133
106
65
92
137
32
60
44
67
30
35
43
68
45
115
33
114
81
42
53
6
86
3
134
59
91
85
121
23
62
84
6
39
140
23
130
127
76
15
36
124
2
39
9
30
78
87
107
138
5
8
45
120
98
95
112
128
26
141
79
126
116
53
17
1
55
31
89
46
7
16
91
21
65
137
64
56
45
34
66
51
86
140
78
102
135
139
80
19
134
121
26
143
46
21
96
81
7
75
92
100
120
31
114
140
112
137
59
47
57
136
25
6
125
131
103
27
20
95
65
138
11
28
114
41
12
109
139
109
136
63
33
28
89
107
97
104
22
110
116
44
12
67
1
132
90
142
118
133
64
68
24
113
11
126
43
100
36
130
44
71
133
123
141
91
78
68
20
84
67
82
26
83
72
106
61
4
89
141
74
142
77
58
98
17
15
18
24
36
60
3
88
117
55
4
55
59
144
35
29
19
111
79
129
94
25
117
47
53
62
30
101
3
127
54
92
35
123
60
143
134
9
48
84
40
23
98
34
144
52
105
57
70
45
15
27
6
130
63
69
113
124
32
129
14
13
54
29
93
74
122
108
122
128
76
107
72
127
85
10
31
2
32
93
16
38
42
37
22
99
71
9
110
138
116
87
79
119
37
1
119
80
41
135
38
62
120
108
8
46
126
13
30
132
124
66
2
83
52
112
101
50
86
50
40
131
39
49
18
53
90
94
23
87
104
118
5
61
69
48
88
42
51
96
5
10
111
70
115
33
14
106
128
95
43
73
73
103
56
102
105
39
99
76
8
75
121
58
81
97
85
7
49
17
82
125
77
115
