##Rat 2 Day 14
 ##rewards
18
29
107
##Vertices
82
23
129
17
107
70
68
136
62
2
27
128
30
72
87
92
121
1
48
20
77
35
48
121
91
55
113
33
20
13
87
93
141
114
66
6
54
3
35
135
131
75
56
88
63
65
18
92
24
120
106
37
9
29
133
34
19
3
26
100
103
82
14
125
68
5
96
127
44
43
11
139
15
32
57
79
99
85
117
80
109
59
101
116
71
4
6
122
72
76
47
86
31
36
53
14
73
74
18
56
51
103
76
125
110
49
62
107
106
59
58
110
124
142
113
69
123
38
25
140
40
32
84
8
45
58
79
10
131
22
41
95
47
130
137
61
26
73
46
114
74
115
50
1
10
28
78
22
24
141
99
115
57
111
91
122
118
25
96
19
53
140
52
31
112
21
139
4
144
126
93
55
54
133
28
44
12
17
104
16
90
118
84
143
45
13
39
46
124
49
144
89
105
126
119
108
43
138
30
40
81
127
135
102
70
50
136
111
132
15
33
94
112
71
94
51
109
11
67
36
89
108
88
134
52
119
105
7
102
128
117
137
42
116
5
61
83
7
37
63
80
39
78
34
65
66
42
104
83
98
64
75
130
132
38
21
85
138
29
77
8
100
142
97
9
16
86
97
134
2
95
67
41
27
120
81
143
60
98
64
60
12
101
90
23
129
123
69
100
71
18
4
41
58
111
107
128
49
120
109
19
137
54
139
133
111
25
141
86
16
65
99
89
127
116
95
72
102
70
140
59
121
86
136
37
74
54
47
31
81
82
118
35
32
105
43
75
95
21
142
134
74
22
78
33
75
125
130
63
96
60
69
53
83
94
114
135
1
139
97
117
31
129
13
62
48
49
103
4
131
32
51
33
28
18
44
110
133
60
93
5
127
79
61
120
57
15
107
44
11
80
67
13
88
27
35
138
55
67
8
21
90
97
132
20
38
115
45
43
50
14
89
88
8
87
25
66
116
124
143
76
125
11
131
113
134
108
16
39
105
40
26
110
10
59
55
52
92
41
28
109
36
96
71
30
61
135
138
144
68
17
53
77
65
7
91
42
76
85
62
17
122
77
47
83
90
68
132
39
82
72
119
66
136
10
73
46
23
129
22
38
34
118
126
52
12
85
98
14
130
9
106
103
6
73
70
30
143
20
104
15
7
1
106
98
36
45
24
104
91
121
80
56
101
92
117
48
123
122
29
50
101
112
140
115
137
78
126
144
24
112
3
51
57
141
2
84
3
56
114
26
40
19
100
128
27
42
9
64
58
87
2
94
63
81
46
84
102
64
108
119
99
6
142
123
79
34
5
12
69
23
124
37
113
29
93
12
24
23
22
21
9
10
11
12
24
36
48
60
59
58
57
69
70
82
81
80
68
56
55
67
79
78
90
91
103
102
101
113
114
115
127
126
138
137
125
124
136
135
123
111
112
100
99
98
110
122
134
133
121
109
97
85
73
74
62
63
51
50
38
26
14
2
1
13
25
37
49
61
73
85
86
87
75
76
64
65
77
89
88
76
77
78
66
54
42
41
29
17
16
28
40
39
27
15
3
4
5
6
7
19
18
30
31
43
44
45
46
47
35
34
33
32
20
8
7
6
5
4
16
17
18
30
29
28
40
52
53
41
42
43
44
45
57
58
70
71
72
84
83
95
96
108
107
119
120
132
131
143
142
130
118
106
105
104
92
93
94
106
118
117
129
141
140
139
138
137
136
124
112
111
110
122
123
135
134
133
121
109
97
98
99
87
86
74
75
63
62
61
49
50
38
37
25
13
1
2
3
15
14
26
27
39
51
52
64
65
53
54
66
67
55
56
68
69
81
93
105
104
92
80
79
91
90
89
88
100
101
113
125
126
114
102
103
115
116
117
116
128
127
139
140
128
129
141
142
130
131
119
107
95
94
82
83
71
59
47
46
34
33
32
31
19
20
8
9
21
22
10
11
23
35
36
48
60
72
84
96
108
120
132
144
143
144
133
134
122
110
98
97
109
121
133
134
135
136
137
125
113
101
102
114
115
103
91
90
89
77
78
79
67
68
80
81
69
57
58
70
82
83
71
72
60
59
47
48
36
35
34
46
45
33
21
22
23
24
12
11
10
9
8
7
19
18
30
29
17
16
15
14
13
1
2
3
4
5
6
7
8
20
32
31
43
42
54
55
56
44
43
55
67
66
65
64
52
51
50
38
39
40
28
27
26
25
37
49
61
73
74
62
63
75
76
88
100
112
124
123
111
99
87
86
85
73
61
49
37
38
50
62
63
51
39
40
41
53
52
64
76
88
100
101
113
114
126
138
139
127
128
140
141
129
130
142
143
131
132
120
119
118
117
105
93
92
104
116
117
118
106
107
108
96
84
72
60
48
47
46
34
22
23
35
36
24
12
11
10
9
21
33
32
20
19
31
30
18
6
5
17
16
4
3
2
1
13
25
26
14
15
27
28
29
41
42
54
53
65
66
78
77
89
90
102
103
104
105
93
92
91
79
80
68
56
44
45
57
58
59
71
70
69
81
82
94
106
94
95
83
84
96
95
107
108
120
119
131
130
129
128
116
115
127
126
125
124
112
111
99
87
75
74
86
85
97
98
110
109
121
122
123
135
136
137
138
139
140
141
142
143
144
132
144
50
69
14
41
76
141
60
101
7
40
114
75
27
65
66
18
81
57
25
10
126
139
133
58
41
38
6
131
10
125
48
131
4
141
90
42
63
124
88
137
34
5
56
96
133
1
118
43
59
89
122
54
22
97
52
78
118
60
113
91
71
92
140
16
132
88
64
14
13
9
108
25
1
72
46
2
121
79
74
47
3
15
7
17
89
107
35
30
113
134
35
100
109
62
27
80
32
137
120
97
115
44
8
28
69
110
119
26
128
37
83
138
21
117
52
120
37
117
104
134
76
45
29
106
125
142
124
85
116
111
121
115
4
100
144
112
142
79
130
93
13
127
42
136
22
135
59
72
123
31
47
40
57
112
102
17
102
82
143
56
8
32
87
33
31
21
116
33
55
48
28
24
105
49
58
15
96
105
91
61
20
67
63
138
2
86
114
81
82
61
99
103
98
39
130
119
5
29
12
109
87
30
19
132
23
85
78
54
139
84
65
95
12
51
90
43
9
77
3
101
93
55
19
26
44
123
92
11
99
53
70
36
127
129
86
38
39
23
103
53
143
20
71
34
110
144
128
18
104
83
95
84
106
49
24
94
122
111
73
108
45
46
136
51
135
70
75
98
126
68
94
6
50
80
77
129
68
11
36
73
74
140
64
16
62
107
67
66
19
5
47
83
46
53
135
96
93
20
71
21
74
120
86
8
36
72
44
16
109
131
112
125
97
52
18
13
129
91
67
88
24
79
8
15
34
17
34
144
25
114
107
7
55
43
31
12
1
24
114
63
62
3
49
61
10
93
109
1
103
50
32
75
123
121
30
14
35
102
25
122
99
59
136
128
81
83
87
32
143
90
116
84
54
38
113
96
29
11
84
85
118
9
111
70
127
94
110
100
108
137
132
99
23
80
23
112
101
59
26
42
134
81
3
52
49
130
126
144
78
65
19
95
105
27
106
142
139
36
82
89
11
45
91
73
7
26
35
111
100
64
41
141
47
133
92
58
56
15
138
44
140
28
41
86
51
54
121
21
69
74
122
92
68
70
126
134
5
110
138
97
124
120
38
108
132
137
60
73
56
95
12
2
90
113
48
106
77
139
141
29
51
123
136
117
88
75
80
63
9
6
22
65
62
133
115
67
116
14
140
13
76
142
57
82
57
66
72
104
17
43
37
119
102
30
89
42
16
78
124
37
18
10
39
77
94
135
71
28
45
76
68
61
58
98
127
118
98
105
39
4
48
40
87
2
104
143
85
125
107
103
79
128
69
40
131
129
4
20
64
22
60
55
115
33
53
130
119
117
50
27
6
33
66
101
46
31
144
132
120
119
131
130
142
141
129
117
105
104
116
115
114
126
127
128
140
139
138
137
136
135
123
122
134
133
121
109
97
85
86
87
99
98
110
111
112
100
88
89
101
102
90
78
77
76
75
74
62
63
51
52
64
65
66
54
53
41
40
39
27
26
25
13
1
2
14
15
3
4
5
6
7
19
18
30
31
32
44
43
55
67
79
91
103
104
92
80
68
56
57
69
70
82
81
93
94
95
83
71
59
58
46
47
48
36
35
34
22
23
11
12
24
36
48
60
72
84
96
108
107
106
118
117
116
115
103
91
90
102
114
113
125
124
136
135
123
111
99
87
75
63
51
50
49
37
38
39
27
28
16
17
29
30
42
43
31
32
33
45
44
56
68
69
57
45
33
21
9
8
20
21
20
8
7
19
18
6
5
4
3
2
1
13
25
37
49
61
73
74
86
98
110
122
134
133
121
109
97
85
73
61
62
50
38
26
14
15
16
17
29
28
40
41
42
54
55
67
79
78
66
65
53
52
64
76
77
89
88
100
101
113
112
124
125
137
138
126
127
139
140
128
129
130
118
106
105
93
92
80
81
82
94
95
83
71
70
58
46
34
22
10
9
10
11
12
24
23
35
47
59
60
72
84
96
108
107
119
120
132
144
143
131
143
142
141
1
2
14
26
25
37
49
61
62
63
64
65
77
78
90
89
101
113
114
102
103
91
79
80
92
93
94
82
83
84
72
60
48
36
35
34
33
32
20
8
9
21
22
23
11
12
24
36
48
47
59
71
70
69
81
93
105
106
118
117
129
128
127
126
138
139
140
141
142
130
131
143
144
132
120
108
96
95
107
119
118
106
94
82
81
69
57
58
46
45
44
43
55
54
66
67
68
56
57
45
44
32
31
30
29
17
18
19
7
6
5
4
16
15
3
4
5
17
29
28
27
39
51
50
38
37
49
61
73
74
75
76
88
100
99
111
110
109
97
98
86
85
97
109
121
133
134
122
123
135
136
137
125
124
112
113
114
115
116
104
103
102
101
89
90
78
66
54
42
41
40
52
40
41
53
52
53
65
77
76
64
63
51
39
27
28
16
15
3
2
14
13
1
13
25
26
38
50
62
74
73
85
86
87
75
87
88
100
99
98
110
122
121
133
134
135
123
111
112
124
136
137
125
126
138
139
140
128
127
115
116
104
105
117
129
141
142
130
131
143
144
132
120
119
107
108
96
95
83
84
72
60
59
71
70
58
46
47
35
23
24
12
11
10
9
10
22
34
33
21
20
8
7
6
18
19
31
30
42
43
55
67
79
91
92
80
68
56
17
52
78
123
17
69
124
23
96
12
76
87
27
38
59
25
45
91
56
55
118
37
61
81
88
49
43
129
96
31
70
49
35
6
95
85
143
42
78
105
18
117
93
28
57
106
136
118
53
104
137
126
88
4
82
92
37
56
107
52
25
100
71
7
139
67
8
129
47
39
144
90
54
110
91
115
51
105
73
3
66
124
89
93
64
14
53
70
65
5
101
28
120
110
86
114
2
113
86
130
101
34
138
84
102
90
68
83
80
42
103
36
83
135
74
97
55
103
30
130
109
11
13
141
32
65
47
108
119
132
62
16
126
7
13
82
89
125
29
45
121
44
106
27
23
95
21
43
1
15
111
119
98
68
79
46
112
24
38
109
63
131
74
8
41
46
122
39
60
140
131
114
48
33
142
58
54
123
35
113
132
67
64
57
76
69
99
84
94
112
117
134
19
77
33
137
79
144
87
100
121
20
73
32
34
94
133
58
50
2
26
40
22
75
128
31
63
24
71
107
134
59
75
116
62
98
22
122
9
72
99
81
138
9
102
6
10
115
3
41
143
61
19
142
30
80
26
139
108
136
4
18
127
14
60
15
135
48
20
5
127
97
44
141
50
92
1
77
40
72
120
85
116
51
140
128
29
111
104
12
16
10
133
125
66
36
21
11
54
18
103
144
15
31
73
129
66
143
57
132
79
114
44
7
122
7
101
113
6
32
85
41
133
136
25
26
75
80
120
60
136
3
59
118
23
93
52
139
78
124
105
107
13
74
56
28
67
10
115
14
10
89
21
15
53
110
34
99
108
103
96
12
75
80
39
55
65
73
120
36
27
83
49
61
46
90
71
97
49
119
2
63
122
11
68
87
85
99
6
72
114
116
134
140
91
55
12
79
65
82
27
90
8
109
77
112
48
47
53
33
5
20
31
35
51
39
92
135
38
11
8
45
131
121
131
20
137
9
14
143
5
141
111
130
87
35
69
127
24
111
121
104
83
60
116
102
135
54
123
34
57
104
142
13
115
17
42
1
18
117
105
144
40
72
89
86
23
66
129
16
91
127
40
88
71
25
22
33
128
36
19
126
16
43
77
50
124
95
29
141
119
19
84
108
110
130
32
26
37
42
64
63
76
125
51
22
56
94
112
48
82
2
62
126
133
93
128
97
4
92
101
30
134
38
138
45
140
44
17
68
70
46
29
98
100
3
69
21
74
37
9
81
62
106
96
137
138
58
107
88
76
123
70
98
61
132
4
50
81
64
102
58
142
106
100
86
78
125
24
109
117
30
52
1
118
28
94
47
113
41
139
43
84
67
59
95
144
132
131
130
142
141
140
139
127
115
103
91
90
78
77
89
88
87
75
76
64
65
66
54
53
41
29
30
18
6
7
8
9
10
22
34
46
58
59
60
48
47
35
23
24
12
11
10
9
21
20
19
31
43
42
41
40
28
27
39
38
50
62
74
73
61
49
37
25
26
14
13
1
2
3
4
5
17
16
15
27
28
29
30
42
43
44
32
33
45
57
69
68
80
79
67
55
56
44
45
57
58
70
82
94
95
83
71
72
84
96
108
107
119
120
108
96
95
94
106
118
117
116
128
129
141
140
139
138
126
114
102
101
100
112
111
123
135
136
124
125
137
136
135
134
133
121
122
110
109
97
85
86
98
99
87
75
63
51
52
64
76
88
89
77
78
79
80
81
93
105
104
105
93
92
104
92
91
90
102
103
115
116
117
118
106
107
119
120
132
131
143
144
143
142
130
129
128
127
126
138
137
125
113
114
113
101
100
112
124
123
122
134
133
121
109
110
111
99
98
97
85
86
74
73
61
49
50
62
63
51
52
40
39
38
37
25
26
14
13
1
2
3
15
16
4
5
17
18
6
7
8
20
19
31
32
33
21
22
23
11
12
24
36
48
36
35
34
46
47
59
60
72
84
83
71
70
82
81
69
68
67
66
65
53
54
55
56
133
121
122
123
135
136
137
138
139
140
141
142
130
129
117
105
104
92
93
94
82
83
84
72
60
59
47
48
36
35
23
24
12
11
10
9
21
33
45
44
56
57
58
46
34
22
10
9
8
20
32
31
43
55
67
68
69
81
80
79
91
103
102
114
115
116
128
127
126
125
113
101
100
99
87
86
85
73
74
62
61
49
50
38
37
25
13
14
15
3
4
5
6
7
19
18
17
16
28
40
52
64
63
51
39
27
26
25
37
49
61
73
85
97
109
110
98
99
111
112
124
136
137
125
113
114
102
90
78
66
65
77
76
75
74
62
50
38
26
27
39
51
63
64
52
53
41
29
30
42
54
55
67
79
91
103
104
105
106
118
119
131
132
120
108
107
95
96
84
72
71
83
95
96
108
107
119
120
132
144
143
144
143
131
130
142
141
140
139
138
126
127
115
116
128
129
117
118
106
94
93
92
80
81
82
70
71
59
60
48
47
46
58
70
69
68
56
57
45
33
34
35
36
24
12
11
23
22
21
20
8
7
6
18
19
31
32
44
43
42
30
29
17
5
4
3
2
1
13
1
2
14
15
16
28
40
41
53
54
66
65
77
78
90
89
88
100
112
124
123
111
110
122
134
135
134
133
121
109
97
98
86
87
75
76
88
89
101
