##Rat 6 Day 9
 ##rewards
83
94
16
##Vertices
1
13
14
15
3
4
5
6
18
30
42
54
55
67
68
56
57
58
70
69
81
80
79
91
92
104
116
115
127
139
138
137
136
135
123
111
99
87
86
85
97
98
110
122
121
133
134
135
136
124
125
126
114
102
103
104
105
117
118
106
107
95
83
71
72
84
96
108
120
119
131
132
144
143
142
141
140
128
129
130
118
117
116
115
103
102
101
113
112
100
88
76
77
65
66
78
90
89
101
100
88
87
75
63
51
50
62
74
73
61
49
37
38
26
25
37
49
50
51
39
27
28
29
17
16
4
5
6
7
19
31
43
44
45
33
34
22
10
9
21
20
8
9
10
11
12
24
23
35
36
48
60
59
47
46
58
70
82
94
93
81
69
57
56
68
67
66
65
64
52
40
41
40
52
53
41
53
54
55
43
42
30
29
28
27
39
38
26
25
13
14
2
1
2
3
15
16
17
18
19
7
8
20
32
31
32
44
45
33
21
22
23
11
12
24
36
35
34
46
47
48
60
59
71
72
84
96
95
83
82
94
93
105
106
107
108
120
119
131
132
144
143
142
130
129
141
140
128
127
139
138
137
125
126
114
113
112
124
123
122
134
133
121
109
97
109
110
111
99
98
86
85
73
61
62
74
75
63
64
76
77
78
79
80
92
91
90
89
12
11
23
35
36
48
60
72
84
96
108
120
119
107
106
105
93
92
104
116
115
127
139
138
137
125
124
136
135
123
122
134
133
121
109
97
98
99
100
88
89
101
113
112
111
110
109
97
85
86
87
75
76
77
78
90
102
103
91
79
80
81
69
70
82
94
95
83
71
59
58
57
45
33
32
20
8
7
19
18
6
5
17
16
4
3
2
14
26
25
37
49
61
73
74
62
50
38
39
40
41
42
30
29
28
27
15
3
4
5
6
7
8
9
10
22
21
33
34
46
47
48
60
59
58
70
69
68
67
66
54
55
43
31
19
18
17
16
15
27
28
29
30
42
41
53
52
51
63
64
65
77
78
79
80
81
93
105
117
118
130
131
143
142
141
129
128
140
139
138
126
127
128
140
141
129
130
142
143
144
132
144
132
131
119
120
108
96
84
72
71
83
82
94
95
107
106
118
117
116
104
92
91
103
115
114
126
125
137
136
124
112
113
114
102
90
89
101
100
99
111
123
135
134
133
121
122
110
98
86
85
73
61
62
74
75
87
88
76
64
63
51
50
49
37
25
13
1
2
1
13
14
26
38
39
40
52
53
65
66
54
55
67
68
56
44
45
46
47
35
34
22
23
24
36
24
12
11
10
9
21
20
32
31
43
44
56
57
93
118
128
108
85
144
121
39
90
80
94
5
113
1
63
78
57
25
47
31
11
105
85
136
126
74
81
48
114
115
77
100
102
56
24
6
82
72
12
54
70
17
7
80
104
82
20
142
55
133
2
56
15
59
2
14
16
66
52
129
35
130
32
34
70
117
138
84
89
107
97
131
96
48
98
60
7
41
42
8
26
139
3
98
91
24
119
103
120
68
93
88
73
72
116
142
118
137
46
132
6
124
111
55
62
79
112
114
27
61
9
30
11
110
83
1
127
44
73
76
88
105
36
110
71
107
134
126
102
95
14
9
49
66
134
141
63
116
33
92
99
87
90
26
135
51
79
12
129
32
99
101
86
100
18
36
111
69
50
113
45
121
22
38
50
44
97
67
5
28
144
77
21
140
94
64
103
19
67
29
60
57
23
138
139
123
115
76
16
143
58
47
21
75
43
112
86
27
29
71
124
34
39
132
109
141
62
84
49
20
28
117
18
23
120
42
4
38
68
41
59
31
10
30
108
69
125
96
83
104
133
135
58
65
40
54
15
119
106
33
64
61
106
53
4
8
37
128
78
17
75
136
122
81
122
51
19
101
95
13
137
13
65
143
45
74
3
37
10
43
125
91
53
46
130
92
89
35
127
140
25
40
87
131
123
22
52
109
87
144
63
67
38
123
61
25
27
88
75
133
64
79
128
60
140
51
13
70
133
129
60
20
102
131
106
63
78
78
101
127
130
48
21
82
46
20
44
48
1
23
103
29
132
36
55
119
114
118
43
74
141
19
31
4
143
38
86
115
107
112
140
68
57
120
144
32
35
16
139
93
4
91
87
110
5
14
58
105
116
7
32
130
59
62
16
64
40
135
83
111
7
83
69
124
143
50
14
131
104
73
126
21
26
47
53
37
81
34
30
44
43
12
62
30
72
95
35
11
92
96
45
66
90
117
94
2
89
128
34
28
85
61
84
37
138
82
141
66
58
76
49
54
98
54
101
39
115
40
28
8
72
137
96
136
71
15
92
116
129
42
126
127
24
79
1
55
68
42
2
18
57
124
41
39
51
67
105
50
100
70
121
45
99
123
89
103
104
125
52
29
9
119
41
100
132
90
118
122
3
99
46
139
12
69
59
33
53
80
24
36
74
5
134
65
91
98
109
134
75
112
114
18
76
138
23
27
81
33
31
26
94
11
88
15
19
56
49
13
47
22
108
110
17
95
136
86
25
113
111
113
10
137
65
17
93
117
22
77
120
84
142
77
109
108
122
9
142
8
52
125
107
6
73
80
85
135
97
6
10
106
3
56
121
71
97
102
144
132
120
108
107
95
96
84
72
60
48
36
24
12
11
23
22
10
9
21
33
45
44
56
57
69
70
82
81
80
79
91
103
102
114
115
116
128
129
117
118
130
131
143
142
141
140
139
138
137
125
124
136
135
134
133
121
109
97
98
110
122
123
111
99
100
88
89
77
65
64
76
75
87
86
74
62
50
38
37
49
61
73
85
97
109
110
111
112
113
101
100
112
113
114
126
127
115
103
104
105
93
92
80
68
67
55
54
66
78
90
91
92
104
116
117
105
106
94
93
81
82
83
71
59
58
46
47
35
34
33
32
20
8
7
19
18
6
5
17
16
4
3
15
14
2
1
13
25
26
27
39
51
52
40
41
42
43
31
30
29
28
27
39
40
52
53
41
42
43
44
32
20
8
7
6
18
19
31
30
29
28
16
17
5
4
3
15
14
2
1
13
25
26
38
37
49
50
51
63
64
63
75
74
62
61
73
85
86
98
99
87
88
76
77
89
101
102
90
78
79
67
66
65
53
54
55
56
68
69
70
71
83
95
94
106
118
119
107
119
131
130
129
128
127
126
125
124
123
122
121
133
134
135
136
137
138
139
140
141
142
143
144
132
120
108
96
84
72
60
59
47
48
36
35
23
24
12
11
10
9
21
22
34
46
45
57
58
133
134
122
110
111
123
135
136
137
125
126
138
139
127
115
116
128
140
141
129
117
118
119
131
130
142
143
144
132
120
108
96
95
83
82
94
93
105
104
103
91
90
78
77
89
101
102
114
113
112
100
99
98
86
85
97
109
121
133
134
135
123
124
112
100
88
87
75
76
64
63
62
50
49
61
73
74
75
63
51
52
40
39
27
15
14
26
38
37
25
13
1
2
3
4
16
17
5
6
7
8
20
19
18
30
31
43
44
45
46
34
22
10
9
21
33
32
31
30
29
28
40
41
42
54
53
65
66
67
79
80
81
69
68
56
55
43
44
32
33
34
35
23
11
12
24
36
48
60
72
84
96
108
107
106
105
117
116
104
92
93
81
82
70
71
59
58
57
45
46
47
59
47
35
23
11
12
24
36
48
60
72
84
83
71
70
58
57
69
68
56
55
67
66
54
42
41
53
65
77
76
64
52
51
39
27
28
29
17
18
19
20
21
22
10
9
8
7
6
5
4
16
15
3
2
1
13
14
26
25
37
38
50
49
61
62
74
73
85
86
98
97
109
121
122
110
111
99
87
88
89
90
78
79
80
92
91
103
115
127
126
114
102
101
113
125
124
136
137
138
139
140
128
129
141
142
130
131
143
144
132
120
119
118
106
94
95
107
95
4
11
62
33
34
140
114
11
97
78
59
14
63
52
96
139
63
122
110
33
128
91
93
17
105
35
12
80
49
98
8
123
84
59
114
54
131
79
47
142
12
27
53
107
119
15
124
117
41
30
102
37
22
4
24
39
121
13
49
77
103
125
107
92
108
21
140
135
126
67
50
28
135
138
72
68
123
38
23
127
100
5
6
90
87
85
141
3
27
44
88
98
91
132
57
9
6
74
72
45
21
29
118
99
69
55
10
99
15
89
56
80
75
76
20
130
34
48
126
26
82
104
8
88
137
144
133
137
36
136
77
13
16
143
100
26
45
113
23
71
58
14
9
128
92
111
2
24
58
81
94
96
42
66
5
143
86
120
10
118
61
44
67
132
60
134
73
97
120
81
29
18
46
60
124
101
101
64
131
54
89
7
18
86
39
32
64
25
113
31
121
7
65
38
115
40
115
112
35
66
68
36
69
105
142
110
102
109
52
61
85
83
109
83
57
76
122
28
50
31
112
17
79
70
30
47
129
90
71
94
139
104
51
117
108
43
136
65
134
84
25
1
16
138
141
41
40
93
82
53
48
37
1
119
62
106
127
130
22
75
116
51
106
78
3
70
56
95
144
125
46
19
87
73
42
116
74
2
103
20
111
129
43
55
133
32
19
99
31
108
34
133
65
35
78
67
24
73
98
26
112
131
116
76
69
118
113
107
129
55
121
27
112
33
79
51
17
12
106
60
84
50
46
53
20
23
49
100
90
81
31
114
2
14
62
47
22
7
76
41
101
18
68
7
39
73
21
20
24
11
13
50
21
80
87
143
141
97
82
27
115
45
138
96
61
6
36
85
19
87
44
132
119
16
133
122
46
77
64
110
94
72
83
49
85
39
26
57
17
115
141
42
139
44
127
103
53
123
30
114
14
88
91
28
143
15
93
129
29
12
104
16
22
28
144
52
56
102
58
128
23
83
38
134
137
25
72
51
95
70
136
59
86
66
54
136
4
43
80
102
66
34
130
43
97
32
81
10
48
119
60
71
104
118
130
59
32
86
54
37
99
63
58
126
90
13
47
91
42
57
75
132
61
110
106
35
96
4
124
18
29
64
94
45
65
69
74
63
139
109
95
100
135
9
70
52
30
131
92
71
1
55
48
56
37
10
5
98
33
89
123
89
117
127
8
62
125
6
105
124
84
135
142
3
107
25
103
40
125
120
19
121
38
111
109
120
117
78
134
88
79
40
140
41
1
144
15
82
3
8
77
122
68
138
128
140
74
5
126
116
9
67
111
137
36
75
142
108
93
105
11
2
101
113
92
1
13
25
37
49
50
38
39
27
28
40
52
64
76
75
87
88
89
77
78
90
91
103
102
114
115
127
139
138
137
125
126
114
113
101
100
99
98
86
85
97
109
121
133
134
122
123
135
136
124
112
111
110
109
97
85
73
74
62
63
51
39
27
26
14
15
3
4
5
6
18
30
29
41
53
54
66
65
77
89
101
113
112
100
88
76
64
52
40
28
16
17
5
6
7
19
31
43
55
56
57
58
46
45
33
21
9
10
11
23
35
34
22
10
9
8
20
32
44
45
46
47
48
60
72
71
70
69
68
80
92
104
116
128
140
141
142
143
144
132
120
108
107
95
96
84
83
82
81
93
105
106
94
93
105
117
118
119
131
130
129
117
118
106
94
82
81
80
79
67
68
56
55
67
79
91
92
104
116
115
103
102
90
78
66
65
53
41
29
17
18
30
42
54
42
43
44
32
31
19
7
8
20
21
33
34
22
23
35
36
24
12
11
12
24
36
48
60
59
47
59
58
57
69
70
71
72
84
83
95
96
108
107
119
120
132
144
143
131
130
142
141
129
128
140
139
127
126
138
137
125
124
136
135
134
133
121
122
123
111
110
98
99
87
86
74
75
63
51
50
62
61
73
61
49
37
38
26
25
13
14
15
16
4
3
2
1
2
133
121
122
123
111
110
109
97
85
86
74
73
61
62
63
51
50
49
37
38
39
27
15
14
26
25
13
1
2
3
4
5
17
18
30
29
41
40
52
64
65
77
78
90
89
88
76
75
87
99
100
112
124
125
137
136
135
134
133
121
109
110
98
99
100
101
113
114
102
103
115
127
128
140
139
138
126
114
115
116
104
105
117
118
119
131
130
129
141
142
143
144
132
120
108
107
95
96
84
72
60
59
71
83
82
70
69
57
45
33
34
35
36
48
47
46
58
70
82
94
106
105
93
81
80
92
91
79
67
66
54
42
43
55
56
68
69
57
58
46
34
22
23
24
12
11
10
9
8
7
6
5
4
16
28
40
39
51
52
53
41
42
30
31
19
20
32
44
45
33
21
20
21
22
23
24
12
11
10
9
8
7
6
18
19
31
32
44
43
55
56
68
67
79
80
81
93
92
91
90
102
103
104
116
117
118
106
94
95
83
71
59
47
35
36
48
60
72
84
96
108
107
119
120
132
144
143
131
130
142
141
129
128
140
139
127
126
138
137
125
124
136
135
134
122
123
111
112
113
101
89
77
78
66
54
53
65
64
63
62
74
75
76
88
87
86
98
97
85
73
61
49
50
38
37
25
26
14
13
1
2
3
15
27
28
29
17
16
95
130
81
93
138
135
125
139
37
131
6
106
1
55
67
49
57
16
91
56
2
19
111
101
82
65
54
10
139
20
134
125
78
40
143
87
71
27
3
102
26
76
52
124
117
32
85
104
5
8
80
12
25
118
70
4
91
59
132
121
11
8
42
127
114
7
34
115
39
9
119
71
99
66
137
16
46
107
13
12
140
123
23
69
79
141
36
136
89
38
111
88
43
61
94
45
34
39
1
5
129
38
15
63
41
124
17
109
14
46
30
58
6
18
103
115
60
20
4
56
135
137
10
113
60
66
67
80
113
69
144
21
132
98
103
29
18
40
108
93
133
96
72
57
82
85
45
68
53
74
77
101
109
107
108
120
15
50
76
141
116
36
114
94
24
64
79
126
68
47
51
116
121
32
52
142
90
130
33
27
134
55
112
75
127
22
23
59
106
89
92
61
143
50
44
119
75
110
112
29
122
105
35
86
77
88
49
28
58
126
63
43
25
54
133
2
83
122
7
136
120
96
104
83
95
100
99
138
13
64
128
84
74
144
81
65
110
72
44
51
118
129
87
9
19
17
98
11
42
53
117
97
105
123
26
41
78
102
48
33
3
73
140
31
22
28
37
90
128
62
21
97
86
142
70
92
84
62
100
14
73
24
48
47
31
35
30
131
30
18
63
46
127
26
76
36
43
107
82
62
64
1
23
78
67
77
69
6
124
137
86
136
96
132
10
132
135
90
142
126
65
64
52
122
41
144
19
5
42
31
134
141
74
128
68
55
85
3
95
54
32
62
10
120
58
100
80
131
102
45
127
113
115
83
122
121
70
89
7
57
17
25
114
35
125
128
80
30
76
130
72
73
93
94
119
84
25
27
39
75
54
29
50
11
98
27
23
111
138
97
117
67
59
36
100
131
104
115
44
96
118
41
6
86
116
109
117
9
94
13
48
118
73
139
140
16
133
105
121
4
49
108
97
142
20
79
61
35
53
102
109
45
40
110
71
135
9
60
2
12
101
140
51
116
129
141
110
46
143
59
143
37
14
126
136
50
60
88
2
88
81
92
15
40
105
8
21
38
14
91
137
18
42
103
104
103
82
108
34
120
51
87
101
56
44
93
79
99
37
21
7
77
57
3
139
8
92
65
22
130
107
133
138
26
66
119
17
28
22
98
43
34
90
111
24
1
83
66
19
112
125
32
33
56
33
74
16
91
47
58
84
55
99
81
53
24
48
13
28
61
78
87
123
69
70
5
63
106
129
47
134
95
31
38
4
89
68
29
113
12
85
49
52
123
20
71
112
39
11
144
124
106
75
114
72
15
