##Rat 3 Day 29
 ##rewards
127
116
38
##Vertices
133
121
122
123
135
136
137
138
139
140
141
142
130
129
117
105
104
92
93
94
82
83
84
72
60
59
47
48
36
35
23
24
12
11
10
9
21
33
45
44
56
57
58
46
34
22
10
9
8
20
32
31
43
55
67
68
69
81
80
79
91
103
102
114
115
116
128
127
126
125
113
101
100
99
87
86
85
73
74
62
61
49
50
38
37
25
13
14
15
3
4
5
6
7
19
18
17
16
28
40
52
64
63
51
39
27
26
25
37
49
61
73
85
97
109
110
98
99
111
112
124
136
137
125
113
114
102
90
78
66
65
77
76
75
74
62
50
38
26
27
39
51
63
64
52
53
41
29
30
42
54
55
67
79
91
103
104
105
106
118
119
131
132
120
108
107
95
96
84
72
71
83
95
96
108
107
119
120
132
144
143
144
143
131
130
142
141
140
139
138
126
127
115
116
128
129
117
118
106
94
93
92
80
81
82
70
71
59
60
48
47
46
58
70
69
68
56
57
45
33
34
35
36
24
12
11
23
22
21
20
8
7
6
18
19
31
32
44
43
42
30
29
17
5
4
3
2
1
13
1
2
14
15
16
28
40
41
53
54
66
65
77
78
90
89
88
100
112
124
123
111
110
122
134
135
134
133
121
109
97
98
86
87
75
76
88
89
101
12
11
10
22
23
35
36
48
47
46
45
57
58
70
82
83
71
59
60
72
84
96
108
120
119
131
132
144
143
142
141
140
128
116
117
129
130
118
106
105
104
92
93
81
80
79
91
103
115
127
126
114
113
101
102
90
78
77
89
88
100
112
111
123
135
134
133
121
122
110
109
97
85
73
61
62
74
75
63
51
52
64
65
66
67
68
69
57
56
55
54
53
41
42
30
31
43
44
32
20
19
18
17
29
28
16
4
3
15
27
26
14
13
1
2
3
4
5
6
7
8
9
21
33
34
46
58
70
69
68
80
81
82
94
95
107
108
120
119
118
117
116
115
114
113
125
137
136
124
112
111
99
98
86
87
75
76
64
63
51
39
40
52
53
54
42
41
40
39
38
37
49
50
38
50
49
61
62
74
73
85
97
109
121
133
134
135
136
137
138
139
127
128
129
130
131
132
144
143
142
141
140
139
138
126
125
124
123
122
110
98
86
87
99
100
88
76
77
65
66
67
79
78
90
89
101
102
103
91
92
104
105
93
94
106
107
95
96
84
83
71
72
60
59
47
35
34
33
45
44
56
55
43
31
32
20
19
18
30
29
28
27
26
25
37
25
13
1
2
14
15
16
17
5
6
7
8
9
21
22
10
11
12
24
23
24
36
48
16
120
47
117
52
112
6
113
24
96
126
123
30
35
96
30
20
138
109
102
21
54
108
15
17
111
129
143
67
5
105
77
118
89
73
98
81
14
140
128
42
92
85
20
14
39
71
42
103
92
73
28
45
103
46
66
36
40
52
26
10
68
78
127
3
45
101
77
136
130
101
6
131
59
22
90
78
80
111
74
120
34
88
82
144
33
107
69
95
82
56
89
123
43
34
100
86
29
70
53
74
1
141
61
110
29
142
121
112
11
79
27
32
102
124
110
133
11
114
116
75
88
144
94
94
70
9
31
63
15
83
84
136
69
93
53
143
22
19
121
141
4
97
67
40
18
75
128
12
16
57
18
50
64
134
43
81
56
61
13
7
51
28
2
137
3
64
48
126
122
49
8
104
55
26
19
99
119
137
76
37
79
23
97
106
51
85
44
5
114
59
93
83
130
66
115
38
124
58
62
113
25
1
41
62
105
90
109
55
98
71
99
33
107
108
119
17
72
36
7
84
63
60
13
135
142
132
65
118
41
37
134
140
87
25
50
24
8
49
122
44
139
91
38
133
27
39
31
95
48
60
139
131
125
116
47
32
138
2
23
80
76
46
115
72
4
129
132
127
100
12
35
135
65
9
10
68
125
57
117
104
106
21
91
86
54
87
58
141
16
46
144
22
115
98
132
83
107
111
28
110
133
121
34
89
114
29
28
77
61
93
90
71
17
23
77
82
36
107
103
53
82
69
101
86
52
24
7
117
19
118
137
16
136
97
63
36
47
126
46
48
84
11
139
98
11
32
72
42
9
75
105
14
95
62
133
54
20
56
47
128
26
92
60
40
113
79
15
142
141
138
41
88
32
51
65
143
54
105
104
13
58
91
129
6
27
142
102
122
61
97
71
43
130
91
66
19
10
87
88
119
138
8
124
125
136
67
1
1
93
31
114
118
52
49
26
37
14
109
144
5
140
127
95
109
87
104
25
81
130
33
106
38
129
111
55
21
68
128
30
123
125
33
35
15
43
25
108
127
78
94
69
72
92
124
135
80
134
106
89
4
50
90
76
23
2
85
99
12
21
112
53
123
94
70
3
84
139
102
78
67
85
22
31
45
75
132
62
96
126
17
5
4
59
6
119
3
74
10
116
49
38
39
140
57
34
42
8
108
44
24
18
99
40
86
96
131
131
9
63
65
100
57
135
74
59
27
37
81
117
48
101
115
13
100
64
143
29
137
35
20
51
79
103
112
7
64
110
30
55
2
83
73
134
39
120
122
50
113
18
73
76
70
41
120
68
44
56
116
66
58
60
45
12
80
121
1
2
14
26
27
15
3
4
5
17
18
6
7
19
31
32
20
8
9
21
33
34
35
23
22
10
11
12
24
36
48
60
59
71
70
58
57
45
44
43
55
54
66
65
53
41
42
30
29
28
40
39
38
50
49
37
25
13
1
2
3
15
16
28
40
52
51
63
64
76
75
74
86
85
73
61
62
63
75
87
88
100
99
111
123
122
110
98
97
109
121
133
134
135
136
124
125
137
138
139
140
128
127
126
114
115
103
104
105
106
118
130
142
141
129
117
116
115
114
113
112
100
101
102
90
89
77
78
79
67
68
69
81
80
92
91
103
104
116
117
118
119
131
143
144
132
120
108
96
84
72
60
48
47
46
45
33
32
44
56
57
69
70
82
83
95
94
93
105
106
107
95
107
119
131
143
144
132
120
108
96
84
72
71
83
82
94
93
81
80
92
91
79
78
90
102
101
89
77
65
64
76
88
87
99
111
112
113
125
126
127
128
129
130
142
141
140
139
138
137
136
124
123
135
134
133
121
122
110
109
97
98
86
85
73
74
62
61
49
50
38
37
25
13
14
26
27
39
51
52
53
54
66
67
68
56
55
43
31
19
18
30
42
41
29
17
16
4
5
6
7
8
20
21
9
10
22
23
11
12
24
36
35
34
46
58
59
47
144
132
120
108
107
95
96
84
72
60
48
36
24
12
11
23
22
10
9
21
33
45
44
56
57
69
70
82
81
80
79
91
103
102
114
115
116
128
129
117
118
130
131
143
142
141
140
139
138
137
125
124
136
135
134
133
121
109
97
98
110
122
123
111
99
100
88
89
77
65
64
76
75
87
86
74
62
50
38
37
49
61
73
85
97
109
110
111
112
113
101
100
112
113
114
126
127
115
103
104
105
93
92
80
68
67
55
54
66
78
90
91
92
104
116
117
105
106
94
93
81
82
83
71
59
58
46
47
35
34
33
32
20
8
7
19
18
6
5
17
16
4
3
15
14
2
1
13
25
26
27
39
51
52
40
41
42
43
31
30
29
28
27
39
40
52
53
41
42
43
44
32
20
8
7
6
18
19
31
30
29
28
16
17
5
4
3
15
14
2
1
13
25
26
38
37
49
50
51
63
64
63
75
74
62
61
73
85
86
98
99
87
88
76
77
89
101
102
90
78
79
67
66
65
53
54
55
56
68
69
70
71
83
95
94
106
118
119
107
119
131
130
129
128
127
126
125
124
123
122
121
133
134
135
136
137
138
139
140
141
142
143
144
132
120
108
96
84
72
60
59
47
48
36
35
23
24
12
11
10
9
21
22
34
46
45
57
58
60
12
106
134
106
16
22
19
88
9
27
72
113
23
125
78
77
36
31
1
56
71
101
36
121
110
144
70
120
123
38
135
62
81
42
3
66
41
27
1
59
60
93
140
125
79
101
137
72
75
113
49
136
23
15
124
22
48
104
32
70
91
73
84
87
119
50
41
80
58
104
142
97
109
92
111
56
7
108
112
51
121
115
94
3
46
9
63
33
46
131
117
19
57
52
20
139
51
53
34
107
26
64
89
128
92
137
63
50
37
34
138
49
126
116
30
107
141
48
2
4
128
2
69
42
131
77
32
5
133
132
109
105
85
108
24
114
87
29
37
45
122
71
97
135
98
79
40
75
21
39
4
18
8
93
68
20
68
143
38
99
55
90
14
66
82
94
6
114
47
122
65
6
39
21
31
130
91
115
142
69
98
133
61
15
67
17
33
88
28
43
43
123
78
85
100
55
90
84
44
11
102
119
89
111
95
28
24
82
40
11
29
64
18
118
80
65
5
35
26
13
74
105
95
130
129
52
138
81
139
126
141
144
59
129
47
118
10
100
86
124
58
132
25
143
8
136
13
57
116
96
120
53
112
103
54
74
127
103
54
83
117
76
67
76
25
96
99
86
83
30
110
45
62
35
10
14
16
134
73
12
44
61
127
17
7
140
102
131
22
122
112
74
69
119
143
66
130
32
14
15
9
93
47
40
87
48
133
82
27
35
124
41
79
4
23
60
134
50
41
113
13
133
92
97
121
103
114
87
114
112
29
37
138
9
56
120
26
99
79
139
45
3
8
63
129
5
90
29
73
100
51
36
67
39
85
1
80
124
25
55
24
141
59
144
27
42
140
22
110
37
139
122
126
44
83
49
91
65
115
121
126
49
70
18
117
26
130
59
16
141
107
24
31
89
34
71
86
108
136
128
82
2
74
81
53
39
105
23
62
123
93
10
18
30
50
132
91
16
5
98
20
64
69
88
21
78
125
106
67
109
128
68
99
19
92
85
94
116
115
104
143
111
43
11
45
108
131
86
60
102
83
135
51
52
76
43
20
3
62
98
102
33
94
140
101
38
71
78
117
11
132
12
66
103
137
1
57
116
46
76
84
134
44
17
113
53
136
35
7
125
77
10
12
104
88
68
19
61
4
13
75
90
81
65
75
28
6
109
105
137
25
84
135
40
144
70
17
106
80
57
72
33
36
89
2
52
63
77
95
110
28
30
61
118
96
42
129
55
127
21
111
123
8
14
100
31
64
32
15
6
72
97
58
118
58
54
96
142
95
73
7
107
138
54
119
48
101
127
34
142
38
56
46
47
120
144
143
142
141
129
128
140
139
138
137
136
135
134
133
121
122
110
109
97
98
99
100
88
89
101
102
114
115
103
91
79
80
81
69
70
82
94
95
107
106
118
119
131
132
120
108
96
84
72
60
59
47
48
36
24
12
11
10
9
21
22
23
35
34
33
45
44
56
55
54
42
43
31
32
20
19
18
17
16
4
5
6
7
8
9
10
22
34
46
58
57
45
46
58
70
71
83
82
81
93
105
104
92
91
90
78
77
65
66
67
68
80
92
93
94
106
105
117
116
104
103
115
127
126
125
113
112
124
123
111
99
87
86
85
73
74
62
61
49
50
38
37
25
26
14
13
1
2
3
15
27
28
29
41
40
52
64
76
75
63
51
39
27
28
40
41
53
52
64
76
88
87
86
85
73
61
62
74
75
63
51
39
38
50
49
37
25
26
14
13
1
2
3
15
16
4
5
17
29
30
42
30
31
19
18
6
7
8
20
21
33
32
44
43
55
56
57
69
68
67
79
78
66
54
53
65
77
89
90
102
114
126
127
128
116
117
118
130
129
130
131
119
107
95
83
71
59
47
35
23
11
12
24
36
48
60
72
84
96
108
120
132
144
143
142
141
140
139
138
137
125
124
136
135
123
122
134
133
121
109
97
98
110
111
112
100
101
113
133
134
135
123
111
99
98
86
74
62
61
73
85
97
109
110
122
121
109
97
85
73
74
75
87
88
76
77
65
66
54
55
56
68
80
79
78
90
102
114
115
116
128
127
139
140
141
142
130
118
117
129
141
140
139
138
137
136
124
112
113
125
126
114
113
101
100
88
89
77
78
66
67
55
43
42
41
40
52
51
50
38
39
27
26
14
15
16
4
5
17
29
30
18
6
7
19
20
32
44
45
33
34
35
36
24
12
11
23
22
10
9
8
7
6
5
4
3
2
1
13
25
37
49
61
62
63
64
65
53
54
42
43
31
32
44
45
46
47
59
71
70
58
57
69
81
82
83
84
96
95
94
93
92
91
103
104
105
106
107
119
131
143
144
132
120
108
96
84
72
60
72
71
83
82
94
95
107
108
120
119
131
132
144
143
142
130
129
117
118
106
105
104
116
128
127
115
103
102
101
89
90
91
92
93
81
80
79
67
68
56
57
69
70
58
59
60
48
36
48
47
46
34
35
23
24
12
11
10
22
21
33
21
9
8
20
19
31
30
18
17
16
28
27
26
14
15
3
2
1
13
25
37
49
50
38
39
40
28
29
41
53
52
51
63
64
76
75
87
99
100
112
111
123
124
125
126
138
137
136
135
134
133
121
122
110
98
86
45
111
32
61
13
2
80
64
135
47
119
5
37
79
63
32
54
131
81
22
85
107
132
94
112
139
118
56
115
98
15
62
55
5
3
123
16
36
45
105
57
125
83
39
97
102
50
109
144
75
53
120
104
6
48
82
108
21
40
110
106
142
69
78
11
117
3
48
116
104
17
38
20
41
4
31
120
33
12
73
131
68
92
140
142
34
67
126
46
44
29
91
8
96
92
66
110
122
127
135
30
15
43
40
106
8
51
71
31
85
44
80
109
26
18
89
133
72
62
49
99
58
61
88
103
130
114
36
129
98
2
10
119
96
90
28
97
125
19
128
64
56
133
112
33
140
52
81
93
28
39
53
13
117
113
63
30
86
78
94
87
107
113
138
52
144
77
101
143
25
27
84
122
93
66
19
27
121
23
59
49
70
75
55
18
47
24
14
88
95
74
35
100
65
46
22
9
69
14
86
132
82
54
25
143
17
72
10
124
116
1
101
23
105
90
134
7
115
111
11
136
137
87
50
51
16
42
74
35
83
95
26
6
136
38
129
76
141
41
58
134
4
141
37
65
124
89
138
21
91
100
130
60
20
118
67
70
139
73
71
43
1
79
103
76
57
24
108
77
102
34
127
59
114
123
68
12
84
137
7
29
121
60
42
9
126
99
128
47
64
23
58
100
49
16
28
113
31
43
12
109
44
130
123
113
105
29
127
95
102
78
141
111
128
47
99
41
142
122
21
20
132
75
29
55
126
30
117
135
37
75
114
4
136
97
141
71
68
73
42
16
121
91
35
39
119
101
96
130
94
60
143
88
34
83
87
25
2
112
45
118
18
72
90
135
46
63
28
63
3
66
58
82
117
44
122
134
54
79
66
138
128
76
108
98
79
97
103
62
7
34
14
99
87
65
11
110
115
98
96
144
67
59
143
24
89
33
41
142
144
23
125
26
123
107
55
21
124
106
5
74
35
137
17
85
8
131
116
61
36
56
103
140
70
82
61
57
119
131
120
12
49
45
13
85
38
116
18
52
107
59
93
115
93
88
100
77
6
26
140
2
129
133
53
53
51
106
42
138
86
105
81
137
90
3
13
1
1
11
36
50
17
84
20
120
92
139
4
51
7
22
108
37
84
110
109
15
86
65
14
94
102
111
68
24
56
39
92
77
104
31
69
30
32
80
8
43
112
72
64
129
46
5
104
80
52
91
83
27
50
126
10
127
9
114
78
10
89
57
69
48
48
95
38
121
139
70
74
124
19
15
118
27
76
81
133
22
40
33
19
71
60
32
101
25
67
6
125
9
136
134
73
40
132
54
62
