##Rat 1 Day 9
 ##rewards
19
32
98
##Vertices
133
134
122
110
109
97
85
73
74
75
76
77
65
66
54
53
41
29
30
42
43
55
67
68
56
57
58
70
71
72
84
96
108
120
119
118
117
116
128
140
141
129
130
131
143
144
132
120
108
107
95
83
82
81
69
57
45
46
34
33
21
20
19
18
6
7
8
9
10
22
23
11
12
24
36
48
60
59
47
35
34
46
58
70
69
81
93
94
106
105
104
103
91
90
78
79
80
92
93
105
104
116
115
114
113
125
126
127
139
138
137
136
124
123
135
136
137
125
113
112
111
99
87
86
98
97
85
73
61
62
63
64
52
40
39
27
26
25
37
38
50
49
37
25
13
1
2
14
15
3
4
5
17
16
28
29
30
31
32
44
43
42
41
53
54
66
78
90
102
101
100
88
100
101
89
88
89
77
65
64
76
75
87
99
111
112
124
123
135
134
122
121
133
121
109
110
98
86
74
62
61
49
50
51
63
51
52
40
39
38
26
14
13
1
2
3
15
27
28
16
4
5
17
18
6
7
8
20
19
31
32
44
45
33
21
9
10
22
23
11
12
24
36
35
47
48
60
59
71
72
84
96
95
83
82
94
106
107
119
131
132
144
143
142
141
142
130
118
117
129
128
140
139
138
126
127
115
114
102
103
91
79
67
55
56
68
80
92
1
13
14
15
3
4
5
6
7
8
9
10
22
21
33
45
44
56
57
58
70
71
72
84
96
95
107
108
120
119
131
132
144
143
142
141
129
117
105
104
92
93
94
106
118
130
142
141
140
128
116
115
103
91
79
80
81
69
68
67
55
43
42
30
31
32
20
19
18
17
29
41
40
39
51
50
49
61
62
74
73
85
86
98
97
109
121
122
123
135
136
137
138
139
127
126
125
124
112
100
88
76
75
87
99
111
110
109
97
85
73
61
49
37
25
26
38
39
27
28
16
4
5
17
29
30
42
54
66
78
77
65
64
63
62
74
86
98
110
111
99
87
75
76
88
89
101
113
114
102
90
91
79
67
55
43
44
45
46
34
35
23
24
36
48
47
59
60
72
84
83
71
59
60
48
47
35
36
24
12
11
12
11
23
22
10
9
8
7
6
18
19
31
32
20
21
33
34
46
58
57
56
68
69
70
82
83
95
96
108
107
106
94
82
81
80
92
93
105
117
118
119
120
132
144
143
131
130
129
128
140
139
138
126
127
115
116
104
103
102
114
113
125
137
136
135
134
133
121
133
134
122
123
124
112
100
101
89
90
78
77
65
66
54
53
52
40
28
16
15
27
26
14
2
3
2
1
13
25
37
38
50
51
63
64
52
53
41
44
34
59
9
140
12
143
112
80
55
32
85
94
133
114
79
41
135
16
63
13
45
140
108
83
127
43
4
82
70
91
105
81
53
2
73
31
6
1
77
30
86
61
55
57
31
50
36
65
144
121
53
110
17
121
122
98
78
101
47
15
35
51
27
30
46
84
7
92
21
141
23
8
4
129
5
61
88
76
49
123
72
109
129
68
2
22
69
10
54
44
104
139
6
58
36
34
96
28
11
73
107
118
65
126
67
106
82
111
138
37
75
13
130
19
133
71
52
139
103
104
45
3
130
18
21
132
83
81
20
122
37
137
78
132
48
114
58
39
56
117
116
80
123
120
113
67
1
47
51
117
93
128
105
74
3
118
42
125
94
40
143
26
124
125
52
141
66
85
99
12
91
38
60
32
102
69
62
66
87
5
41
14
84
72
119
70
103
98
24
29
16
38
115
64
106
128
111
87
18
107
27
112
11
142
48
126
7
137
50
99
46
74
14
10
76
97
124
54
88
17
63
25
75
9
42
95
8
19
57
144
120
29
90
100
77
110
22
33
39
102
138
33
89
97
49
136
59
79
86
115
108
131
43
131
113
62
93
20
134
96
134
90
24
40
127
109
136
25
64
95
68
89
28
35
56
92
15
71
60
135
100
116
23
119
26
101
142
116
12
114
66
124
119
138
135
111
104
115
144
102
67
59
5
60
113
134
30
144
47
5
50
81
23
33
114
79
79
93
71
35
4
38
31
28
50
52
4
133
14
69
87
11
3
65
22
82
34
64
127
48
62
63
97
24
124
128
70
21
106
60
54
41
10
12
51
15
98
72
44
97
68
116
130
85
122
29
45
58
61
51
35
17
126
98
102
100
120
19
118
61
19
42
107
24
125
122
23
57
139
83
38
123
16
89
136
43
27
75
52
64
1
126
75
6
20
15
13
56
8
40
78
80
46
32
121
92
59
27
99
140
138
7
136
84
31
48
78
29
103
137
77
129
77
93
112
70
100
99
49
6
96
8
108
18
110
56
58
47
76
83
71
2
67
133
65
54
76
121
74
41
107
88
112
113
66
45
125
105
30
143
40
117
119
92
69
57
95
101
87
37
22
88
105
11
80
34
131
109
117
28
72
1
42
17
39
89
55
2
3
127
85
132
90
68
129
142
132
115
106
82
74
103
84
14
111
43
39
63
123
32
13
104
110
62
53
137
134
16
26
9
130
86
20
108
128
135
94
118
94
25
96
90
86
44
46
26
91
10
7
36
91
142
9
131
37
36
49
101
95
21
73
139
55
140
120
141
73
25
33
109
53
143
18
141
81
12
11
10
9
21
20
8
7
6
5
4
3
2
1
13
14
26
25
37
38
39
40
52
53
41
42
30
31
43
55
67
68
69
81
82
70
58
59
47
46
34
35
23
24
36
48
60
72
84
96
95
107
108
120
132
144
143
142
141
129
130
131
119
118
117
105
104
92
91
90
102
103
115
116
128
127
126
125
124
136
137
138
139
140
141
142
130
118
106
94
93
105
106
94
82
83
71
70
69
57
45
44
56
55
54
66
65
77
78
79
80
68
56
57
58
46
45
33
32
44
43
31
19
18
17
29
28
16
15
27
39
51
50
49
61
62
74
73
85
86
98
97
109
110
122
121
133
134
135
123
111
112
113
101
100
88
76
64
63
75
87
99
111
112
100
101
89
88
76
64
52
51
50
49
61
73
74
62
63
75
87
99
98
86
85
97
109
110
122
121
133
134
135
123
124
136
137
125
113
114
102
114
115
127
126
138
139
140
128
129
117
116
104
103
91
92
93
81
80
79
67
66
78
90
89
77
65
53
54
42
30
18
19
20
32
33
34
22
21
22
23
35
47
59
71
83
95
107
119
131
143
144
132
120
108
96
84
72
60
48
36
24
12
11
10
9
8
7
6
5
17
16
4
3
15
14
2
1
13
25
37
38
26
27
28
40
41
29
144
132
131
130
118
119
120
108
96
95
83
84
72
71
70
58
59
60
48
47
46
34
22
23
35
36
24
12
11
10
9
8
20
19
31
32
44
45
57
69
68
80
79
91
92
93
81
82
94
106
105
117
129
128
140
141
142
143
144
132
120
119
107
106
105
104
116
115
103
102
114
126
125
137
138
139
127
115
114
113
101
100
112
111
110
122
123
124
136
135
134
133
121
109
97
98
86
85
73
61
49
50
62
74
75
63
64
52
40
28
27
26
25
37
38
39
51
63
75
87
99
100
88
76
77
89
90
78
66
67
55
43
42
54
53
65
64
52
51
39
27
15
14
13
1
2
3
4
5
6
7
8
9
21
33
45
46
58
57
56
44
43
31
30
18
17
29
41
40
28
16
17
16
15
14
13
1
2
3
4
5
6
7
19
18
30
29
41
42
54
53
65
66
78
77
76
88
89
90
91
103
102
101
113
112
111
99
87
86
74
62
50
38
26
25
37
49
61
73
85
97
98
110
109
121
133
134
122
123
135
136
124
125
137
138
126
127
139
140
128
129
141
142
143
131
130
118
117
116
104
92
80
79
67
55
56
68
69
70
71
83
82
81
93
94
95
107
108
96
84
72
60
59
47
48
36
35
23
24
12
11
10
22
34
33
32
20
21
20
97
13
126
39
27
60
82
13
141
79
17
122
114
101
8
72
114
131
130
39
59
68
44
86
45
15
1
55
137
129
49
119
7
17
82
77
23
67
16
36
1
111
89
21
22
110
107
46
88
75
81
136
26
97
2
112
143
134
137
91
69
95
21
56
9
38
60
120
83
66
125
99
120
84
6
54
119
124
14
71
105
85
73
80
116
140
48
109
111
52
104
129
68
11
41
37
73
127
6
40
38
87
34
117
42
65
25
117
110
92
53
55
115
103
50
35
27
4
83
123
31
57
49
104
96
12
144
96
3
108
91
134
98
24
105
123
40
94
14
18
29
122
37
59
56
118
121
2
29
43
32
8
76
78
85
24
128
10
25
34
138
52
66
11
5
132
139
141
10
43
87
74
28
5
107
93
93
102
23
77
92
61
74
128
112
51
102
135
94
63
143
61
90
124
70
100
70
106
15
78
54
3
42
45
36
130
81
142
101
138
140
19
142
19
41
103
131
99
125
63
106
86
67
30
75
16
47
80
18
32
72
57
113
46
9
64
108
90
132
7
135
133
98
84
48
88
100
44
31
89
4
136
133
22
126
33
71
35
26
115
58
113
33
79
109
30
53
20
12
95
28
62
116
139
76
58
127
121
69
50
118
47
64
65
144
51
62
117
63
9
27
144
90
15
79
66
2
139
129
123
106
23
58
103
42
34
94
21
47
65
143
111
106
39
67
113
86
1
33
5
7
125
28
89
50
14
137
105
80
43
63
82
121
122
126
16
26
61
103
88
93
74
54
61
112
139
38
50
2
13
134
125
38
55
116
24
48
141
31
111
70
40
84
8
138
73
3
140
62
116
52
11
22
98
144
131
28
91
102
130
32
6
19
137
140
112
123
41
86
70
48
76
72
52
71
69
89
119
75
82
122
104
68
99
24
110
44
47
87
1
57
98
26
99
12
101
53
81
29
59
14
19
124
132
96
135
6
113
20
30
108
17
128
78
77
108
97
64
55
81
78
27
35
64
141
51
43
25
4
22
5
18
57
34
35
17
51
128
77
136
117
114
29
83
80
134
16
68
76
41
115
11
138
130
33
15
8
97
107
74
87
102
32
40
90
42
127
114
72
142
20
105
120
37
30
101
75
23
56
18
133
65
4
53
136
25
85
129
39
92
119
92
46
71
49
126
95
73
45
107
7
120
36
109
21
135
69
100
95
10
62
143
124
118
142
10
46
79
132
104
67
100
60
88
133
12
110
31
109
49
91
131
54
84
59
60
127
85
83
58
37
66
118
96
3
115
36
9
44
45
13
121
93
94
56
133
134
135
136
137
125
124
112
111
99
100
101
102
103
115
116
104
92
91
79
80
68
69
81
82
70
71
72
84
96
95
83
82
94
93
105
117
129
128
140
141
142
143
144
132
131
119
120
108
107
106
118
130
142
141
140
139
127
126
114
113
112
111
123
122
110
109
97
85
73
74
75
87
88
89
77
78
90
91
92
93
94
106
105
104
103
102
101
100
99
98
86
85
73
61
62
63
64
65
53
41
29
28
40
39
38
37
25
13
14
15
27
26
25
37
49
50
51
52
40
28
16
4
5
6
18
30
42
54
55
56
57
58
59
60
48
36
24
12
11
10
9
21
20
8
7
19
31
43
44
45
33
32
44
45
46
34
22
23
35
47
46
34
33
32
31
43
55
67
66
54
53
65
66
67
68
56
57
58
70
69
81
80
79
78
90
89
88
87
86
74
75
76
77
76
64
52
51
63
62
61
49
50
38
39
27
26
14
15
3
2
1
13
1
2
3
4
5
17
16
17
29
41
42
30
18
6
7
19
20
8
9
21
22
10
11
12
24
23
35
36
48
47
59
60
72
71
83
84
96
95
107
108
120
132
144
143
131
119
118
130
129
117
116
128
127
115
114
113
125
126
138
139
138
137
136
124
123
135
134
122
110
98
97
109
121
133
121
144
143
131
119
118
130
142
141
140
128
127
139
138
126
114
113
125
137
136
124
112
111
110
122
123
135
134
133
121
109
97
85
86
74
75
87
88
100
101
102
90
91
79
80
92
104
103
115
116
117
105
106
107
95
96
108
120
132
144
143
142
130
129
117
105
93
94
82
81
69
70
71
59
60
72
84
83
82
70
58
57
45
46
34
22
23
35
47
48
36
24
12
11
10
9
21
20
8
7
6
5
17
18
19
31
30
42
41
40
39
27
15
3
4
16
28
29
30
31
32
33
45
44
43
55
56
68
67
66
78
77
76
64
65
53
54
42
41
29
28
27
26
14
2
1
13
25
37
49
61
73
85
97
98
99
100
112
113
101
89
88
76
75
63
62
50
51
52
40
39
38
50
38
26
14
2
1
13
25
37
49
61
73
74
62
63
51
52
64
65
53
54
66
67
55
43
44
56
68
80
81
69
57
58
46
34
33
32
20
19
18
17
16
15
3
4
5
6
7
8
9
21
22
10
11
12
24
23
35
36
48
47
59
60
72
71
83
84
96
95
107
108
120
132
131
119
118
106
94
93
92
91
79
78
77
89
90
102
114
126
127
115
103
104
116
128
129
141
140
139
138
137
125
124
136
135
123
122
134
133
121
109
110
111
99
87
86
98
20
35
43
44
84
120
95
72
136
23
73
33
133
65
66
137
41
98
68
53
121
62
118
93
31
90
77
25
72
50
132
95
79
100
24
116
18
111
109
81
123
103
101
107
46
51
140
57
85
49
55
1
135
34
30
97
68
17
11
143
13
49
76
71
82
61
27
70
112
37
22
18
117
78
96
98
28
21
134
1
60
119
14
42
67
48
3
108
92
124
118
104
64
138
32
40
27
112
133
85
47
124
110
114
88
107
86
142
122
28
75
29
73
74
69
70
5
50
97
53
120
96
25
94
5
78
66
55
94
42
12
38
11
129
69
87
74
100
9
44
144
8
6
41
31
140
40
54
89
127
91
93
142
21
9
10
110
125
103
48
58
3
82
32
2
102
67
83
54
16
113
58
143
51
101
36
80
35
39
111
132
65
106
115
71
26
14
17
33
92
56
138
24
125
52
22
115
130
106
87
131
45
15
128
91
104
137
99
29
83
114
64
135
77
144
121
19
131
61
108
10
8
57
19
20
105
117
84
134
102
59
7
127
12
43
90
130
6
52
113
34
47
116
37
62
86
129
13
76
89
46
141
45
119
123
88
79
81
4
39
109
139
60
63
26
99
136
80
59
126
38
141
128
36
30
56
7
126
105
122
139
2
4
16
63
15
75
23
75
74
114
28
71
123
103
3
64
21
31
126
102
133
14
79
66
91
42
73
107
96
128
108
8
11
25
11
120
80
36
83
90
102
101
131
88
12
62
85
76
63
132
48
127
59
54
65
140
109
20
77
51
126
25
10
29
105
55
23
81
40
71
94
70
19
131
143
30
92
61
41
86
135
82
15
95
59
55
75
103
35
6
139
44
32
22
7
135
111
112
115
77
87
125
13
129
111
14
118
84
141
46
66
17
3
105
23
57
70
52
8
34
88
73
128
58
142
46
37
32
134
4
34
139
72
60
98
144
45
143
97
137
9
141
36
50
67
138
15
89
81
142
40
100
130
18
120
37
5
121
1
93
60
113
58
47
48
130
28
24
17
24
136
122
83
108
125
5
104
121
104
43
56
110
100
45
49
38
124
122
68
96
74
76
69
57
69
31
9
27
10
113
116
93
53
52
44
67
117
136
38
61
91
41
109
72
49
56
90
26
35
21
144
84
123
78
22
86
99
26
129
64
27
80
118
2
133
19
78
62
106
95
51
39
53
39
127
98
68
16
29
7
65
117
43
89
2
4
134
99
138
79
116
119
42
30
85
114
33
47
16
132
20
63
124
97
92
54
87
94
1
140
137
101
119
50
18
106
112
13
12
107
33
115
82
6
110
