##Rat 1 Day 19
 ##rewards
19
32
98
##Vertices
12
11
23
35
34
33
45
46
58
59
60
48
36
24
12
11
10
9
21
22
10
9
8
7
6
5
4
3
2
1
13
25
26
14
15
27
28
16
17
18
30
29
41
42
54
55
67
66
65
77
89
90
78
79
91
103
115
116
128
127
126
138
139
140
141
129
117
118
106
107
95
83
82
94
93
105
104
92
80
81
69
57
56
68
69
70
71
72
84
96
108
120
119
131
130
142
143
144
132
120
108
96
84
72
60
48
47
59
58
57
45
44
32
31
43
42
41
53
52
51
50
49
61
62
63
75
76
88
87
99
100
101
113
112
124
123
122
110
109
121
133
134
135
136
137
125
113
114
102
103
104
92
80
68
56
55
54
53
65
64
52
40
39
38
37
49
61
73
85
86
74
75
87
99
100
101
102
90
91
79
67
66
78
77
89
88
76
64
63
51
39
40
28
29
30
31
43
44
32
33
34
46
47
35
36
24
23
22
21
20
19
20
8
7
19
18
6
5
17
16
4
3
2
1
13
14
15
27
26
25
37
38
50
62
74
73
85
86
98
97
98
97
109
110
111
112
111
123
122
121
133
134
135
136
124
125
137
138
139
127
126
114
115
116
128
129
130
118
117
105
106
94
93
81
82
70
71
83
95
107
119
131
132
144
143
142
141
140
1
13
14
15
27
39
40
28
29
17
5
4
3
2
1
13
25
37
38
26
25
37
49
61
73
85
97
109
121
133
134
135
123
122
110
111
99
98
86
74
75
87
88
76
77
65
66
78
90
91
92
80
79
67
68
69
70
58
59
71
83
84
72
60
48
47
46
34
33
21
20
19
31
32
44
45
57
56
55
43
42
41
53
54
42
30
18
6
7
8
9
10
22
23
35
36
24
12
11
10
9
8
7
6
5
4
16
17
29
41
40
52
51
63
64
76
88
89
101
113
125
137
138
126
114
115
103
104
116
117
105
93
94
106
107
119
131
130
142
143
144
132
120
108
96
95
94
82
81
69
57
56
55
54
53
65
77
89
90
102
101
100
112
124
136
137
138
139
140
128
127
115
116
117
105
93
81
80
68
67
66
78
79
91
92
104
103
102
114
113
112
100
99
87
75
63
64
52
51
39
27
28
16
15
3
2
14
26
38
50
62
50
49
61
62
74
73
85
86
98
97
109
121
133
134
122
110
111
123
135
136
124
125
126
127
139
140
128
129
141
129
141
142
130
118
106
118
119
131
143
144
132
120
108
107
95
96
84
72
71
83
82
70
58
59
47
35
34
46
45
33
32
44
43
31
30
18
19
20
21
22
23
11
12
24
36
48
60
121
113
17
36
22
120
15
28
144
92
58
124
34
80
77
129
40
8
71
90
44
103
114
72
59
69
85
9
9
108
88
130
20
74
81
92
91
43
50
131
4
61
133
73
138
59
80
77
87
100
72
54
78
135
14
126
46
82
45
87
68
125
7
7
45
48
34
39
70
93
41
127
106
30
47
98
60
123
16
132
65
97
33
52
119
109
88
85
112
116
79
101
5
113
76
33
128
135
38
131
117
75
3
51
140
112
78
31
107
104
31
94
57
48
62
41
37
115
106
57
64
2
118
1
16
63
44
96
89
118
68
11
21
89
142
136
119
22
11
79
141
138
6
10
70
29
134
132
102
24
52
144
49
47
122
14
29
97
111
137
128
10
101
99
96
2
115
12
127
67
139
73
81
137
17
66
123
42
24
26
54
103
56
84
143
141
35
50
124
55
28
82
110
120
3
36
40
19
69
19
109
93
30
91
95
23
133
20
67
12
84
121
26
8
86
58
32
86
60
76
126
37
117
56
102
122
18
104
74
64
66
130
95
25
13
62
46
43
129
27
42
5
55
71
61
114
53
83
134
142
63
111
105
49
90
75
25
15
38
53
21
65
136
143
23
13
83
107
100
94
39
110
27
51
98
6
18
99
1
32
116
35
108
4
125
139
140
105
39
58
85
13
8
98
103
36
101
9
31
30
61
74
114
1
7
113
86
54
23
75
73
123
65
106
91
51
28
89
100
27
10
12
102
45
130
44
48
71
5
48
6
7
63
77
90
52
114
4
25
124
111
112
129
66
92
42
46
80
29
94
12
56
56
38
15
142
54
139
138
68
40
22
59
27
3
88
20
46
24
122
142
41
38
84
36
112
50
62
1
76
96
126
125
117
113
32
57
89
19
88
50
111
76
37
70
104
32
97
24
52
2
37
26
120
72
132
131
85
78
55
83
67
58
18
60
121
60
66
6
109
87
51
22
84
19
65
53
143
109
15
124
95
100
119
67
29
105
8
118
139
78
108
103
136
61
40
2
120
53
130
118
141
90
83
35
47
79
97
108
141
127
14
102
82
106
79
42
17
70
99
110
144
34
47
75
41
43
55
69
21
107
82
23
116
140
3
62
16
144
133
91
81
71
20
45
93
33
74
73
138
5
11
13
143
69
30
107
68
59
21
35
98
135
80
81
49
134
96
136
57
33
132
137
115
25
122
64
127
115
77
10
9
116
16
93
125
34
121
92
14
28
18
104
26
49
99
117
11
126
140
94
63
43
128
133
64
17
95
101
72
39
128
131
31
135
105
123
87
119
86
4
129
134
137
44
110
133
134
122
110
111
99
87
88
89
101
113
114
126
138
137
125
124
136
135
123
111
112
100
99
98
97
85
73
74
62
61
49
50
51
39
38
26
14
15
3
4
16
17
5
6
18
19
31
30
42
43
44
32
20
21
9
10
22
34
33
45
46
58
59
47
48
60
72
71
70
69
81
82
83
84
96
95
107
108
120
119
131
130
142
143
144
132
120
108
96
84
72
60
48
36
35
23
24
12
11
10
9
8
7
6
5
4
3
2
1
13
25
37
49
61
73
85
86
74
75
63
64
52
40
28
27
15
16
17
29
41
53
65
77
76
64
65
66
67
79
78
90
102
103
91
92
93
94
106
105
104
116
128
140
141
129
117
118
119
107
95
83
71
59
58
57
56
68
80
79
91
92
104
116
115
127
128
140
139
138
139
127
126
114
115
103
102
90
78
66
67
68
80
81
93
105
117
129
141
142
143
144
132
131
130
118
106
94
82
70
69
57
45
46
47
35
36
24
12
11
23
22
34
33
21
20
8
7
19
18
30
42
43
31
32
44
56
55
54
55
54
53
52
51
39
40
41
29
28
27
26
14
2
1
13
25
37
38
50
62
63
75
87
88
76
77
89
101
100
112
113
125
137
136
124
123
135
134
133
121
122
110
109
121
109
97
98
86
144
132
131
130
118
117
116
104
92
93
94
82
83
84
96
95
107
108
120
119
118
106
105
117
129
141
140
139
127
126
138
137
125
113
112
124
123
122
110
109
97
98
86
85
73
74
62
63
75
76
64
52
51
50
38
37
25
26
27
39
40
28
29
17
16
4
5
6
18
30
42
43
31
19
7
8
20
21
9
10
22
23
35
36
24
12
11
10
9
8
7
6
5
4
3
15
14
2
1
13
25
37
49
61
73
85
97
109
121
133
134
135
136
137
138
139
140
128
127
115
114
102
101
100
99
111
110
98
86
87
88
89
90
91
103
102
90
78
66
67
79
80
81
69
68
56
44
32
33
45
57
58
59
60
48
47
46
34
22
21
20
19
18
17
29
41
53
54
55
67
68
56
57
58
70
71
59
60
72
84
72
71
83
82
70
69
81
80
79
78
66
54
55
43
44
45
46
47
48
36
24
12
11
23
35
34
33
32
31
30
42
41
40
28
16
15
3
2
1
13
14
26
27
39
38
50
49
61
62
74
75
76
64
63
51
52
53
65
77
65
77
89
101
113
112
100
88
87
99
111
123
122
121
133
134
135
136
124
125
126
114
115
116
104
103
91
92
93
105
106
94
95
96
108
107
119
120
132
144
143
131
130
142
143
142
141
129
128
102
4
46
81
42
111
3
29
1
100
83
64
88
32
75
31
82
37
122
49
103
36
54
25
7
124
92
53
95
15
75
79
71
121
137
12
45
77
52
8
18
32
44
31
143
86
44
127
2
61
79
8
53
142
28
90
57
67
125
133
63
82
27
88
38
57
30
59
18
70
118
33
139
120
49
24
106
60
41
68
130
135
9
74
144
121
131
119
126
16
26
73
48
115
70
83
134
52
97
40
113
3
132
77
21
94
117
16
58
17
99
56
64
101
80
128
123
112
89
20
63
137
54
67
100
89
73
115
14
78
134
14
104
85
87
116
138
139
109
30
86
144
103
9
36
138
127
97
24
124
140
2
12
56
7
60
38
33
4
47
69
62
132
136
23
125
108
69
10
19
113
35
51
76
42
119
55
50
66
13
39
10
6
11
71
140
128
17
76
120
109
19
131
130
98
95
62
102
111
105
123
40
22
110
108
118
15
68
6
110
116
98
91
28
143
51
48
80
84
84
78
87
72
105
114
91
1
66
61
58
34
72
142
133
92
107
47
93
41
141
101
96
26
39
96
81
43
22
11
65
90
23
107
43
45
59
5
117
129
99
13
122
94
126
104
35
135
93
65
5
129
37
29
106
112
34
141
25
21
46
85
50
55
74
114
136
20
27
65
31
14
126
78
41
136
11
128
130
1
101
115
118
112
50
6
84
85
9
13
35
23
137
38
34
129
61
39
111
80
72
133
80
98
59
101
36
117
114
139
68
19
128
130
140
114
17
22
53
44
18
52
90
42
41
96
124
120
102
16
141
10
66
96
46
3
4
115
3
142
50
98
2
46
89
107
5
116
112
29
79
47
48
91
88
53
70
60
48
43
78
116
56
69
132
68
65
55
124
45
79
61
7
87
63
99
51
67
33
16
76
105
138
81
70
9
73
82
103
35
133
8
123
62
52
106
97
93
12
54
4
72
107
40
129
113
143
62
56
67
18
24
58
66
39
49
51
131
38
108
24
86
15
125
76
93
20
37
40
20
119
28
97
6
30
113
44
25
64
22
75
104
94
21
110
100
45
89
103
87
122
127
57
54
134
63
21
23
60
88
84
25
15
19
110
138
27
28
81
104
26
109
102
126
144
125
77
33
121
57
74
82
26
99
144
10
31
135
90
118
32
83
91
119
132
12
92
27
75
69
11
95
92
73
122
134
100
117
94
71
95
43
85
143
139
32
14
106
8
29
37
140
2
36
59
64
47
74
142
108
30
55
127
58
83
120
121
71
5
7
131
135
34
105
136
42
141
109
13
77
137
86
1
49
111
17
123
1
2
3
15
16
4
5
17
29
30
42
54
66
67
68
80
92
104
103
102
101
100
99
87
88
76
77
65
53
52
51
63
64
76
75
74
62
61
73
85
97
98
110
122
121
133
134
135
123
111
112
124
136
137
138
139
127
128
129
130
118
117
105
106
107
95
83
84
96
108
120
119
131
143
142
141
140
139
138
126
114
113
125
137
136
135
123
124
125
126
114
115
116
117
118
106
94
93
81
82
70
71
72
60
59
47
48
36
24
12
11
10
9
21
33
32
20
19
18
6
7
8
9
10
22
23
35
34
46
45
44
43
55
56
57
69
70
58
57
56
44
32
31
43
55
67
79
78
90
89
77
78
66
54
42
41
40
28
27
39
38
50
49
37
25
26
14
13
25
37
38
26
27
15
14
13
1
2
3
4
5
17
16
28
40
39
51
52
64
65
53
41
29
30
31
19
18
6
7
8
20
21
22
34
33
45
46
58
59
47
35
23
11
12
24
36
48
60
72
71
83
84
96
95
107
108
120
119
131
132
144
132
144
143
142
130
129
141
140
128
127
115
116
104
105
93
94
82
81
69
68
80
79
91
92
91
103
102
90
89
101
113
112
100
88
87
75
63
62
50
49
61
73
74
86
85
86
98
99
111
110
109
97
109
121
133
134
122
12
24
36
35
47
48
60
59
58
70
69
68
67
79
91
90
89
88
76
64
52
40
28
29
41
42
54
55
56
44
32
31
43
42
30
18
19
7
6
5
4
16
15
14
2
1
13
25
26
27
39
38
37
49
61
73
74
86
98
110
111
99
100
112
124
125
126
138
137
136
135
123
122
121
109
97
85
73
61
62
63
51
50
49
37
25
26
38
50
62
63
75
87
99
111
112
113
101
102
114
115
127
139
140
128
129
141
142
143
144
132
120
108
107
106
94
95
83
71
72
84
96
108
120
119
131
130
118
117
105
93
81
80
92
104
103
115
116
104
92
93
94
82
81
80
79
78
66
65
53
54
66
67
68
69
57
45
46
34
33
21
20
8
9
10
22
23
11
10
9
21
22
34
35
23
11
12
24
36
48
60
59
47
46
45
33
32
44
43
55
56
57
58
70
82
83
71
72
84
96
95
107
119
118
106
105
117
116
128
129
130
131
132
144
143
142
141
140
139
127
126
138
137
125
124
136
135
123
122
134
133
134
133
121
109
110
98
97
85
86
74
75
87
88
100
101
113
114
102
103
91
90
78
77
89
77
76
64
65
53
52
51
39
40
41
29
30
31
19
20
8
7
6
18
17
5
17
16
28
27
15
3
4
3
2
1
13
14
45
18
59
19
90
124
36
19
135
143
14
106
102
88
57
12
54
104
131
31
121
93
74
132
144
58
119
122
88
47
94
8
56
120
142
129
82
116
118
46
85
113
7
127
112
26
130
138
46
101
35
117
79
84
20
66
77
13
105
136
2
52
10
73
126
59
4
71
3
60
134
7
133
126
70
92
117
113
97
53
16
51
43
96
86
20
110
21
93
118
5
141
69
11
65
75
92
91
44
102
63
138
100
55
115
61
17
4
32
49
33
125
40
39
18
23
57
65
108
12
81
9
64
74
51
22
39
98
107
103
112
73
6
52
50
28
100
67
24
140
128
128
60
144
123
63
135
131
101
34
35
17
137
9
87
30
67
54
127
86
143
29
89
76
81
21
25
95
132
99
36
76
84
80
85
133
139
78
103
119
104
58
24
41
111
43
13
37
121
38
38
37
130
122
56
79
89
48
31
22
16
34
110
114
23
64
75
61
137
123
109
83
105
82
42
83
80
47
1
77
14
44
1
48
29
90
49
97
50
66
111
62
106
72
72
99
78
91
27
10
40
107
33
25
28
26
3
68
15
134
140
70
142
8
15
136
98
42
2
115
5
96
109
114
41
6
27
87
124
45
53
62
120
116
32
68
141
71
94
55
129
30
139
11
125
108
95
69
37
107
10
8
2
119
89
109
95
127
47
6
128
53
79
1
138
118
71
23
129
127
72
10
29
5
23
25
70
115
30
2
110
18
84
43
81
88
73
106
65
49
132
93
18
124
98
11
117
63
60
80
8
87
66
16
42
13
75
48
92
74
28
20
44
17
107
101
108
15
12
22
142
56
103
71
90
62
119
98
39
69
36
83
42
65
34
143
52
94
121
12
77
99
64
22
138
41
95
3
21
137
94
63
136
26
126
35
16
48
13
58
135
78
103
105
101
3
143
100
36
133
120
82
58
91
86
139
61
120
50
111
45
144
117
28
54
112
24
124
30
86
100
128
26
40
80
78
122
25
34
109
123
29
61
139
84
50
97
81
96
32
62
116
38
57
55
35
15
104
27
55
83
102
56
90
64
14
4
31
5
37
111
96
108
4
7
104
69
134
66
46
44
130
32
1
132
51
141
115
125
99
74
144
105
75
113
59
102
14
9
89
130
142
33
19
135
68
53
110
54
21
79
38
121
133
27
131
93
70
77
41
39
76
33
106
68
45
140
114
31
114
73
129
91
20
7
134
6
24
60
125
122
11
82
126
67
87
118
88
47
51
85
67
43
46
72
123
113
17
141
19
57
97
40
131
52
76
92
85
140
137
136
116
9
49
112
59
