##Rat 8 Day 17
 ##rewards
71
58
124
##Vertices
12
24
36
35
34
33
21
20
19
18
6
7
8
9
10
22
23
11
10
9
8
7
19
31
32
44
43
55
54
66
65
77
89
90
91
79
67
68
69
70
82
94
95
83
84
96
108
120
119
118
106
107
108
96
84
72
60
48
47
46
58
59
71
70
58
57
45
44
56
55
67
66
78
77
76
64
52
40
41
29
17
16
28
27
15
14
26
38
37
49
50
51
63
62
61
73
74
86
87
88
100
99
111
123
135
134
133
121
122
110
109
97
85
73
61
49
37
25
13
1
2
3
4
5
6
18
30
42
54
53
65
64
76
75
87
88
100
112
124
125
126
114
113
101
102
103
115
127
139
140
128
116
104
92
80
81
93
105
117
129
130
131
132
144
143
142
141
140
139
138
137
138
126
127
115
116
128
129
141
142
130
131
143
144
132
120
119
107
106
118
117
105
93
94
95
83
82
81
69
57
56
68
80
92
104
103
91
79
78
90
89
101
102
114
113
125
137
136
135
136
124
112
111
123
122
134
133
121
109
110
98
99
98
97
85
86
74
75
63
62
50
38
39
27
15
14
26
25
13
1
2
3
4
5
17
16
28
40
39
51
52
53
41
29
30
42
43
31
32
33
45
46
34
35
47
59
71
72
60
48
36
24
12
11
23
22
21
20
144
132
120
119
118
117
129
128
127
126
138
139
140
141
142
130
131
143
142
141
140
139
127
115
116
104
103
91
90
78
77
65
53
54
55
67
79
80
81
82
70
58
59
71
72
60
48
36
35
34
46
47
48
60
72
84
96
108
107
106
94
95
83
82
94
93
105
104
92
91
79
78
66
65
64
76
88
100
101
113
125
124
112
111
123
122
110
98
97
85
86
87
75
74
73
61
62
50
51
52
40
39
27
15
3
2
1
13
14
26
25
37
49
61
73
85
97
109
121
133
134
135
136
137
138
126
114
102
90
89
77
76
64
63
51
52
40
28
16
17
18
30
29
41
42
43
31
19
7
8
20
32
44
56
68
69
57
45
33
21
22
23
24
12
11
10
9
8
7
6
5
6
18
19
31
32
20
21
9
10
22
23
11
12
24
36
35
47
46
34
33
45
57
58
59
71
70
69
81
93
92
80
68
56
44
43
55
67
66
54
53
41
42
30
29
17
5
4
3
4
16
28
27
15
14
2
1
13
25
26
38
39
38
37
49
50
62
63
75
74
86
98
99
111
123
122
110
109
121
133
134
135
136
137
125
124
112
100
99
87
88
89
101
113
114
102
103
115
116
117
105
106
118
119
107
95
83
84
96
108
120
132
144
143
131
130
129
128
37
62
45
9
86
74
74
8
54
67
121
139
137
82
39
79
18
123
143
25
88
85
7
71
12
141
129
42
40
5
133
59
62
60
144
85
52
122
132
102
66
35
57
21
53
49
143
73
6
11
115
112
131
118
87
141
64
13
89
1
59
61
75
66
28
91
17
124
111
97
91
98
16
142
84
47
31
130
94
68
22
4
125
46
101
89
34
134
121
135
35
131
21
16
26
118
128
114
27
117
95
51
57
76
63
20
38
23
19
19
25
40
119
77
142
113
65
24
78
61
94
65
15
54
56
90
45
117
7
49
87
132
107
58
44
38
18
22
50
106
3
122
112
86
139
33
120
126
69
103
10
48
129
48
31
103
67
104
10
55
41
15
135
134
116
29
90
58
30
26
109
100
2
108
64
76
9
95
123
60
17
84
50
136
92
52
113
30
109
44
93
102
3
14
28
88
144
140
96
5
110
68
92
20
73
70
108
55
138
42
79
133
110
6
71
13
124
106
128
111
36
81
69
8
98
51
119
137
127
14
46
81
72
99
80
1
130
37
43
11
56
104
70
116
2
63
100
126
33
101
83
77
107
78
41
75
80
72
120
4
24
127
53
114
82
32
97
29
105
93
23
47
96
105
32
83
36
140
136
99
12
27
138
125
115
34
39
43
64
64
120
11
27
103
116
53
23
77
120
143
32
81
5
132
13
110
11
67
78
7
117
92
126
143
118
4
66
69
6
105
85
52
135
65
141
116
136
28
111
35
16
127
99
21
25
108
142
128
20
10
136
29
61
128
104
122
133
108
84
115
91
17
25
38
40
58
121
137
100
71
139
123
62
112
130
111
113
119
106
44
9
79
101
75
20
55
127
142
1
101
137
31
1
144
96
73
115
18
57
93
59
13
9
79
135
21
102
49
41
86
95
122
97
18
89
97
131
81
68
107
100
102
124
56
88
134
80
139
63
15
40
44
30
63
109
17
30
124
75
84
70
93
47
8
55
34
26
87
141
39
33
54
19
110
12
138
4
138
24
129
117
105
72
42
130
89
107
68
43
26
50
60
74
53
32
45
83
27
65
113
70
133
131
134
69
39
132
83
37
33
119
2
126
52
94
90
47
34
56
46
59
85
61
118
50
51
95
24
106
3
43
16
76
2
31
38
123
74
96
48
112
36
78
8
91
49
109
3
71
125
90
80
73
99
41
6
58
14
37
125
42
51
72
77
114
45
67
104
76
28
92
54
98
46
66
29
144
88
60
36
57
22
22
48
121
12
82
140
114
62
23
15
82
103
7
86
94
5
19
87
129
98
35
10
14
140
133
121
109
97
98
86
85
73
61
49
37
25
13
1
2
14
15
3
4
16
28
40
41
53
52
64
63
75
76
77
78
90
102
103
115
114
113
125
124
112
111
123
122
134
135
136
137
138
139
140
128
129
141
142
143
144
132
120
108
107
119
131
130
118
106
105
93
92
80
68
69
81
82
94
95
83
71
59
47
48
60
72
84
96
108
120
119
118
117
116
104
105
117
116
115
127
126
114
102
101
100
88
89
77
65
66
54
55
67
79
91
90
89
101
113
112
100
99
87
88
76
75
74
62
50
51
39
38
26
27
28
29
17
5
6
18
19
7
8
20
21
9
10
22
23
11
12
24
36
35
34
46
58
57
45
44
43
42
30
31
32
33
34
46
45
57
56
44
43
42
41
29
17
5
6
7
19
18
30
31
32
33
21
20
8
9
10
22
23
11
12
24
36
35
47
48
60
59
58
70
69
70
82
83
71
72
84
96
95
107
106
94
93
81
80
92
104
103
91
79
78
66
67
68
56
55
54
53
65
64
63
62
74
86
87
99
111
110
98
110
122
123
124
125
126
127
128
129
130
131
132
144
143
142
141
140
139
138
137
136
135
134
133
121
109
97
85
73
61
49
50
38
37
25
26
14
13
1
2
3
4
16
15
27
39
40
52
51
1
2
14
26
27
15
3
4
5
17
18
6
7
19
31
32
20
8
9
21
33
34
35
23
22
10
11
12
24
36
48
60
59
71
70
58
57
45
44
43
55
54
66
65
53
41
42
30
29
28
40
39
38
50
49
37
25
13
1
2
3
15
16
28
40
52
51
63
64
76
75
74
86
85
73
61
62
63
75
87
88
100
99
111
123
122
110
98
97
109
121
133
134
135
136
124
125
137
138
139
140
128
127
126
114
115
103
104
105
106
118
130
142
141
129
117
116
115
114
113
112
100
101
102
90
89
77
78
79
67
68
69
81
80
92
91
103
104
116
117
118
119
131
143
144
132
120
108
96
84
72
60
48
47
46
45
33
32
44
56
57
69
70
82
83
95
94
93
105
106
107
95
107
119
131
143
144
132
120
108
96
84
72
71
83
82
94
93
81
80
92
91
79
78
90
102
101
89
77
65
64
76
88
87
99
111
112
113
125
126
127
128
129
130
142
141
140
139
138
137
136
124
123
135
134
133
121
122
110
109
97
98
86
85
73
74
62
61
49
50
38
37
25
13
14
26
27
39
51
52
53
54
66
67
68
56
55
43
31
19
18
30
42
41
29
17
16
4
5
6
7
8
20
21
9
10
22
23
11
12
24
36
35
34
46
58
59
47
38
115
121
106
50
69
15
64
56
130
75
88
43
46
139
100
94
64
118
102
84
39
9
78
124
101
6
99
128
10
20
138
127
138
57
68
35
101
77
7
29
37
5
132
30
115
80
48
89
109
96
129
28
111
109
63
73
134
59
1
114
96
83
2
21
81
90
73
44
141
76
85
40
30
80
72
93
91
79
51
116
38
126
56
4
5
54
17
61
18
41
134
135
2
117
47
21
133
131
9
94
114
92
7
6
108
11
104
92
112
62
79
70
72
32
95
102
132
3
70
122
77
136
26
48
86
129
33
49
46
28
139
39
103
23
26
35
142
137
76
41
17
142
143
98
65
130
20
111
120
27
14
60
55
16
12
119
113
124
116
65
121
140
112
68
81
95
82
19
54
13
125
57
125
98
119
44
29
110
87
60
22
113
86
52
71
100
8
31
123
15
128
108
63
82
106
143
78
25
14
66
97
126
107
120
3
144
118
32
18
25
135
34
43
55
103
85
53
107
11
52
71
59
33
69
104
36
19
37
34
136
53
137
99
12
31
97
105
49
105
36
42
27
127
88
40
89
45
131
90
67
141
67
144
13
4
51
24
74
133
23
123
1
84
16
110
61
87
74
42
58
24
122
10
83
66
75
8
50
93
140
62
47
117
22
91
58
45
60
29
137
110
82
33
59
14
131
47
16
126
1
43
118
129
127
75
34
117
39
62
12
33
4
144
76
125
71
72
14
106
123
42
119
100
134
136
124
116
128
28
80
48
57
51
74
18
63
23
112
123
141
15
69
85
6
77
62
139
104
42
49
31
121
50
92
61
131
1
49
133
22
5
55
135
24
7
45
15
45
137
85
27
98
66
5
141
144
22
50
109
9
26
64
31
102
69
17
70
10
40
73
52
99
140
59
82
142
35
51
68
89
41
138
114
36
11
25
44
100
67
32
54
40
91
65
3
83
91
55
104
111
19
48
70
120
52
38
10
30
13
118
58
105
139
2
81
78
98
101
11
23
75
115
115
56
76
140
71
36
61
111
96
37
46
16
34
44
8
102
57
124
95
110
130
21
67
99
120
20
122
113
94
94
79
25
127
89
114
103
132
66
53
3
84
122
8
88
43
95
135
30
93
4
138
84
128
47
56
53
37
97
103
107
106
130
87
27
21
24
35
109
17
119
90
74
101
19
87
13
107
136
41
80
68
18
38
142
12
64
92
90
9
105
117
86
26
39
29
83
97
7
132
93
63
20
79
78
77
126
46
143
134
32
129
72
86
133
65
73
121
116
88
113
96
125
81
54
108
108
112
28
58
143
2
6
60
1
13
25
26
14
15
16
4
3
2
1
13
25
37
49
61
73
85
86
74
75
76
88
89
101
100
112
111
110
109
97
98
99
87
88
76
64
63
51
50
38
39
27
28
29
17
18
30
42
41
53
52
40
41
29
30
31
32
20
19
7
8
9
10
22
23
35
34
33
21
9
10
11
12
24
36
48
60
59
71
70
69
81
80
92
93
94
82
83
84
72
60
48
47
46
58
57
45
44
56
55
67
79
78
77
65
66
54
42
43
55
54
53
65
66
67
68
80
79
91
103
102
114
126
125
113
101
100
112
124
123
122
121
133
134
135
136
137
138
139
127
115
116
104
105
117
118
106
107
119
131
143
144
132
120
108
96
95
94
93
92
104
105
106
118
130
142
141
140
128
129
130
131
119
120
132
144
143
142
141
129
128
140
139
127
126
138
137
136
135
134
133
121
109
97
98
86
85
73
61
62
50
49
37
38
26
14
2
3
4
5
6
5
6
7
8
20
21
22
23
11
12
24
36
35
47
59
58
70
71
72
84
96
108
107
95
83
82
81
69
68
56
57
45
46
34
33
32
44
43
31
19
18
17
16
15
27
28
40
39
51
52
64
63
62
74
75
87
99
111
110
122
123
124
125
113
114
102
90
78
77
89
90
91
103
115
116
117
144
143
142
130
131
119
107
108
120
132
144
143
142
141
140
139
138
137
125
126
114
102
101
89
88
100
99
111
123
135
136
124
112
113
101
102
103
115
116
128
129
117
118
106
94
95
83
82
81
93
92
104
105
93
94
82
70
58
59
71
72
60
48
36
35
23
22
34
46
47
48
36
24
12
11
10
9
8
20
19
31
43
42
54
53
41
29
30
18
6
7
8
9
21
33
32
44
45
57
56
68
67
66
78
90
91
79
80
81
69
68
80
92
91
79
67
55
54
66
65
64
76
75
74
86
87
88
100
99
98
110
122
134
133
121
109
97
85
73
61
62
63
51
52
40
39
27
28
16
15
14
13
1
2
3
4
5
17
29
41
53
52
40
28
27
26
25
37
49
50
38
26
14
15
3
2
1
13
25
37
38
50
49
61
62
74
73
85
97
109
121
133
134
135
136
124
125
137
138
139
127
128
140
141
129
130
131
132
120
108
96
84
96
84
72
60
59
47
35
23
24
12
11
10
22
21
20
32
31
19
7
6
5
4
16
17
18
30
42
43
55
56
44
45
33
34
46
58
57
69
70
71
83
95
107
119
118
106
105
117
116
104
103
115
127
126
114
113
112
111
123
122
110
98
86
87
75
76
77
78
90
89
77
65
64
63
51
39
125
10
113
104
123
16
53
77
28
60
13
121
99
68
89
121
63
39
81
128
97
78
99
122
37
43
19
65
62
32
131
74
67
37
82
75
127
45
15
105
74
88
107
138
132
129
143
14
100
85
11
116
21
70
95
60
128
35
62
57
115
67
58
68
47
41
84
33
72
4
77
83
110
119
86
102
7
103
93
2
8
136
64
54
36
10
54
144
17
115
29
98
76
108
40
135
61
55
3
22
52
69
90
64
143
51
29
49
14
51
38
112
114
35
144
135
28
98
142
141
44
32
87
71
25
8
27
92
142
23
111
91
93
120
132
82
21
48
26
39
71
4
86
129
126
50
138
57
131
120
126
78
85
45
123
125
113
83
84
40
49
118
116
63
80
111
61
30
94
31
3
46
76
109
75
134
30
1
80
42
101
69
136
18
91
43
137
130
6
106
46
70
73
106
15
31
36
34
101
1
109
66
24
108
23
141
56
27
9
127
13
59
104
25
117
5
139
7
95
140
65
9
100
107
18
50
89
58
133
79
26
20
96
12
38
16
34
81
52
79
130
72
124
19
47
102
5
105
92
122
59
112
119
114
88
42
94
66
56
12
33
44
2
41
17
22
6
103
53
137
96
90
110
117
24
139
134
87
140
133
118
48
11
55
97
124
20
73
84
79
11
41
9
68
76
140
123
98
132
89
33
120
62
4
14
11
95
88
133
125
37
137
7
143
109
114
67
139
125
127
38
71
57
38
48
64
49
19
105
116
131
54
20
90
58
6
36
34
75
103
56
12
114
82
50
54
77
134
70
96
83
76
143
28
47
119
16
5
27
92
111
112
43
26
21
26
84
69
122
42
24
56
105
48
126
118
7
138
90
115
85
144
82
13
132
78
107
42
41
135
4
122
121
137
99
21
73
30
141
66
77
14
60
81
108
29
28
25
33
44
5
110
116
115
117
16
63
94
61
74
47
135
104
91
55
17
130
104
25
65
94
102
120
35
81
13
129
59
52
36
35
100
51
20
29
103
126
66
98
51
128
100
111
124
31
15
134
86
78
97
39
65
92
130
22
75
108
30
99
43
53
136
141
10
34
107
2
87
45
39
102
138
18
44
57
1
40
73
64
46
8
46
37
136
32
112
89
70
106
61
2
62
53
23
45
88
97
95
63
140
40
22
118
27
109
85
142
72
91
24
71
68
19
119
8
117
142
1
80
3
101
3
86
72
74
9
55
80
113
67
59
49
124
15
113
139
101
144
6
96
52
131
32
93
31
58
93
106
133
128
127
129
87
83
69
17
79
10
110
12
121
23
123
60
18
50
