##Rat 5 Day 23
 ##rewards
74
87
21
##Vertices
1
2
14
26
27
15
3
4
5
17
18
6
7
19
31
32
20
8
9
21
33
34
35
23
22
10
11
12
24
36
48
60
59
71
70
58
57
45
44
43
55
54
66
65
53
41
42
30
29
28
40
39
38
50
49
37
25
13
1
2
3
15
16
28
40
52
51
63
64
76
75
74
86
85
73
61
62
63
75
87
88
100
99
111
123
122
110
98
97
109
121
133
134
135
136
124
125
137
138
139
140
128
127
126
114
115
103
104
105
106
118
130
142
141
129
117
116
115
114
113
112
100
101
102
90
89
77
78
79
67
68
69
81
80
92
91
103
104
116
117
118
119
131
143
144
132
120
108
96
84
72
60
48
47
46
45
33
32
44
56
57
69
70
82
83
95
94
93
105
106
107
95
107
119
131
143
144
132
120
108
96
84
72
71
83
82
94
93
81
80
92
91
79
78
90
102
101
89
77
65
64
76
88
87
99
111
112
113
125
126
127
128
129
130
142
141
140
139
138
137
136
124
123
135
134
133
121
122
110
109
97
98
86
85
73
74
62
61
49
50
38
37
25
13
14
26
27
39
51
52
53
54
66
67
68
56
55
43
31
19
18
30
42
41
29
17
16
4
5
6
7
8
20
21
9
10
22
23
11
12
24
36
35
34
46
58
59
47
144
132
120
108
107
95
96
84
72
60
48
36
24
12
11
23
22
10
9
21
33
45
44
56
57
69
70
82
81
80
79
91
103
102
114
115
116
128
129
117
118
130
131
143
142
141
140
139
138
137
125
124
136
135
134
133
121
109
97
98
110
122
123
111
99
100
88
89
77
65
64
76
75
87
86
74
62
50
38
37
49
61
73
85
97
109
110
111
112
113
101
100
112
113
114
126
127
115
103
104
105
93
92
80
68
67
55
54
66
78
90
91
92
104
116
117
105
106
94
93
81
82
83
71
59
58
46
47
35
34
33
32
20
8
7
19
18
6
5
17
16
4
3
15
14
2
1
13
25
26
27
39
51
52
40
41
42
43
31
30
29
28
27
39
40
52
53
41
42
43
44
32
20
8
7
6
18
19
31
30
29
28
16
17
5
4
3
15
14
2
1
13
25
26
38
37
49
50
51
63
64
63
75
74
62
61
73
85
86
98
99
87
88
76
77
89
101
102
90
78
79
67
66
65
53
54
55
56
68
69
70
71
83
95
94
106
118
119
107
119
131
130
129
128
127
126
125
124
123
122
121
133
134
135
136
137
138
139
140
141
142
143
144
132
120
108
96
84
72
60
59
47
48
36
35
23
24
12
11
10
9
21
22
34
46
45
57
58
119
48
63
1
107
116
121
30
57
16
83
88
32
110
90
103
98
8
68
7
88
96
40
82
75
7
34
125
12
43
105
35
70
112
45
58
73
62
6
104
79
80
86
101
86
91
5
61
85
60
138
142
47
41
113
132
94
89
97
130
125
116
138
99
70
111
115
97
22
5
143
84
120
69
122
42
27
117
135
83
141
135
131
56
120
25
101
95
14
58
34
108
53
72
16
137
46
93
77
33
44
43
99
68
37
29
40
130
20
50
128
13
102
4
79
31
26
65
122
72
46
128
26
23
41
22
127
134
51
92
103
59
61
106
75
100
137
35
21
31
139
48
67
11
81
27
102
121
90
25
71
119
52
110
89
66
10
74
24
131
76
69
117
109
62
64
92
118
55
4
66
124
30
123
142
106
45
56
3
133
50
9
59
98
139
95
132
2
93
24
118
80
38
23
17
126
85
3
144
15
87
12
134
29
104
84
78
49
19
53
140
127
114
112
111
114
78
126
64
81
17
13
91
54
77
74
57
42
71
60
36
140
129
2
19
36
20
32
143
39
109
44
136
28
144
76
136
96
133
124
63
38
52
113
105
18
141
115
51
65
39
10
107
8
18
129
123
28
47
37
49
14
33
21
67
15
54
108
73
11
9
82
100
1
87
55
6
94
109
45
48
104
88
85
86
36
99
13
92
98
108
77
140
44
56
33
11
54
42
78
95
55
41
95
53
44
118
1
144
119
67
122
115
115
139
45
117
60
113
131
134
56
128
126
84
62
43
30
19
98
103
80
107
117
25
53
138
31
116
39
138
69
58
102
54
26
143
55
77
83
71
114
109
21
60
94
27
113
4
68
73
132
101
130
1
91
63
111
24
120
75
73
12
52
64
4
136
125
105
137
112
87
5
144
103
39
8
84
19
132
10
123
89
37
123
38
20
70
14
76
133
71
20
35
7
69
96
83
75
2
104
31
27
127
141
135
29
16
106
135
130
110
72
140
35
9
33
22
131
49
122
136
38
34
79
57
110
59
58
57
90
66
51
10
9
17
121
46
18
89
3
16
133
23
62
24
40
32
102
129
120
46
86
18
85
42
50
61
30
97
81
74
97
111
41
79
92
28
63
61
70
80
8
47
72
22
74
93
5
65
137
65
125
13
88
48
116
3
25
59
51
143
134
81
105
112
12
119
15
128
127
66
11
49
108
43
37
40
126
107
118
100
121
106
21
100
101
6
129
76
114
87
96
6
82
91
28
90
7
67
94
124
64
78
14
124
142
52
141
26
2
68
23
34
29
15
36
93
47
139
50
82
17
99
32
142
12
11
10
22
23
35
36
24
12
11
10
9
8
7
6
5
4
3
15
27
26
25
37
49
61
73
85
86
98
97
109
110
122
134
135
136
124
123
111
99
87
75
74
62
63
64
76
88
89
90
102
103
91
79
78
77
65
66
67
55
43
44
32
20
21
33
34
46
58
59
60
48
47
46
45
57
69
81
80
68
56
57
45
44
56
68
67
55
54
53
52
51
50
38
39
40
41
42
30
29
28
16
17
18
19
31
30
29
41
40
52
51
63
64
76
88
100
101
113
112
111
99
100
101
102
114
115
116
104
92
93
105
106
118
117
129
130
131
119
107
108
120
132
144
143
142
141
140
128
127
126
125
137
138
139
140
141
129
117
118
106
94
95
96
84
72
71
83
82
70
58
59
47
35
34
33
32
31
43
42
54
53
65
66
78
79
80
81
69
70
71
83
82
94
95
107
119
131
130
142
143
144
132
120
108
96
84
72
60
48
36
24
23
22
21
9
8
20
19
7
6
18
17
5
4
3
15
16
28
27
39
38
26
14
13
14
2
1
2
1
13
25
37
49
50
62
61
73
74
75
87
86
85
97
98
110
109
121
133
134
133
121
122
123
135
136
124
112
113
114
126
125
137
138
139
127
128
116
115
103
104
105
93
92
91
90
89
77
133
121
109
110
111
112
124
125
126
127
139
138
137
136
135
123
122
134
135
136
137
138
126
114
113
101
102
90
91
79
80
68
56
55
54
66
78
77
76
75
63
51
50
62
61
49
37
25
26
27
39
38
37
49
61
73
85
97
98
99
87
86
74
75
87
88
100
101
89
90
78
79
67
68
69
81
93
105
104
116
128
129
117
118
130
131
119
107
108
96
95
94
82
83
84
72
71
59
58
57
45
46
34
22
10
11
12
24
23
35
36
48
60
72
84
96
108
120
132
144
143
142
141
140
139
127
115
103
91
92
80
81
69
70
58
57
45
33
21
20
19
31
32
44
43
42
30
18
6
5
17
29
41
53
65
64
52
40
28
16
15
14
13
1
2
3
4
5
6
7
8
7
19
18
30
29
17
16
4
3
15
14
2
1
13
25
26
38
39
27
28
40
52
51
50
62
63
64
76
88
89
77
65
53
41
42
54
66
67
55
56
44
43
31
32
20
8
9
10
9
21
33
34
22
23
11
12
24
36
35
47
46
47
48
60
59
71
70
82
83
95
107
106
118
130
131
119
120
132
144
143
142
141
140
128
129
117
105
106
94
93
92
104
116
115
103
102
114
113
112
100
99
111
110
98
86
74
73
85
97
109
121
133
134
122
123
124
125
36
51
28
66
139
15
128
136
20
69
130
31
117
39
85
7
114
86
106
60
56
75
4
124
108
34
31
71
75
123
109
51
97
64
123
48
127
99
59
35
63
72
119
48
144
127
15
141
135
26
26
119
40
116
73
9
107
32
53
104
13
122
133
61
87
128
74
47
12
132
96
38
125
83
36
121
133
59
68
112
29
45
81
84
10
73
102
38
4
89
126
117
54
137
139
30
118
90
50
114
65
108
103
122
14
79
45
111
32
94
95
99
42
43
106
124
37
14
24
16
3
102
41
25
25
77
8
17
50
17
121
130
132
46
12
92
28
113
107
110
46
98
140
116
82
79
136
101
74
129
61
22
30
82
5
110
115
58
89
19
43
18
72
3
104
96
24
52
97
20
142
143
70
21
1
80
88
58
6
115
85
92
120
29
40
105
69
53
21
142
56
87
93
57
63
18
105
67
44
52
111
95
129
47
68
60
88
2
100
55
70
140
84
126
44
9
39
83
81
66
49
62
91
54
90
131
144
67
23
42
100
33
27
34
91
19
13
76
71
11
138
143
41
65
27
16
2
134
1
78
23
98
109
141
86
138
112
57
93
80
137
94
77
5
62
8
134
10
125
103
64
101
78
76
11
135
113
6
49
120
7
37
131
22
55
35
33
118
42
26
64
47
89
112
13
31
33
75
22
17
8
6
19
136
94
60
106
123
115
25
142
96
34
123
58
116
77
70
80
99
52
70
81
135
36
73
63
79
65
86
43
38
34
111
111
122
143
128
33
65
7
133
104
74
90
105
108
144
116
103
85
49
117
87
11
118
109
91
83
109
16
117
61
48
93
37
95
14
102
40
86
131
40
90
68
115
98
52
39
126
24
5
92
42
62
46
3
106
56
80
78
139
96
29
18
60
125
41
53
140
11
69
120
114
48
46
137
50
127
92
124
8
78
20
120
73
57
79
144
15
43
3
5
110
98
128
88
107
91
93
88
71
76
12
62
102
71
130
133
36
21
61
84
132
44
77
59
28
74
129
69
24
143
125
119
35
41
103
136
45
20
101
121
112
104
76
6
142
127
49
95
72
25
134
19
55
132
122
108
21
101
9
82
1
75
30
141
94
126
26
119
124
47
66
97
58
130
51
16
53
32
139
83
63
113
64
54
89
17
55
44
27
67
7
131
105
99
39
85
2
35
30
81
23
138
87
32
66
38
27
140
1
114
22
50
28
37
68
100
14
29
12
137
2
23
59
67
121
100
10
57
113
51
134
107
82
138
135
4
141
84
72
110
56
18
54
129
15
45
9
10
118
97
13
31
4
144
132
131
130
118
119
120
108
96
95
83
84
72
71
70
58
59
60
48
47
46
34
22
23
35
36
24
12
11
10
9
8
20
19
31
32
44
45
57
69
68
80
79
91
92
93
81
82
94
106
105
117
129
128
140
141
142
143
144
132
120
119
107
106
105
104
116
115
103
102
114
126
125
137
138
139
127
115
114
113
101
100
112
111
110
122
123
124
136
135
134
133
121
109
97
98
86
85
73
61
49
50
62
74
75
63
64
52
40
28
27
26
25
37
38
39
51
63
75
87
99
100
88
76
77
89
90
78
66
67
55
43
42
54
53
65
64
52
51
39
27
15
14
13
1
2
3
4
5
6
7
8
9
21
33
45
46
58
57
56
44
43
31
30
18
17
29
41
40
28
16
17
16
15
14
13
1
2
3
4
5
6
7
19
18
30
29
41
42
54
53
65
66
78
77
76
88
89
90
91
103
102
101
113
112
111
99
87
86
74
62
50
38
26
25
37
49
61
73
85
97
98
110
109
121
133
134
122
123
135
136
124
125
137
138
126
127
139
140
128
129
141
142
143
131
130
118
117
116
104
92
80
79
67
55
56
68
69
70
71
83
82
81
93
94
95
107
108
96
84
72
60
59
47
48
36
35
23
24
12
11
10
22
34
33
32
20
21
1
13
25
37
38
50
49
61
73
85
97
109
121
133
134
122
123
135
136
124
112
100
101
89
88
76
75
63
64
65
66
54
42
43
31
30
29
17
16
28
27
15
14
2
3
4
5
6
7
8
20
21
9
10
11
12
24
36
48
47
35
23
22
34
46
45
57
56
68
80
81
69
70
58
59
71
83
95
107
108
96
84
72
60
48
36
35
34
33
32
44
45
33
32
31
19
18
30
42
41
40
52
53
65
77
78
90
91
79
67
55
54
53
41
29
28
40
39
51
52
64
63
62
74
86
87
99
98
110
111
112
113
125
137
138
126
127
139
140
128
129
141
142
130
131
143
144
132
120
119
118
106
94
93
105
104
103
102
114
115
116
117
118
106
105
93
92
104
103
102
101
113
125
137
138
139
127
126
114
115
116
117
129
128
140
141
142
130
131
143
144
132
120
119
107
108
96
95
94
82
81
82
70
71
83
84
72
60
59
47
46
58
57
69
68
56
44
43
55
67
66
78
79
80
92
91
90
89
77
76
75
74
62
50
51
39
27
26
38
26
14
15
16
17
18
19
20
21
22
23
24
12
11
10
9
8
7
6
5
4
3
2
1
13
25
37
49
61
73
85
86
98
97
109
110
122
121
133
134
135
136
124
123
111
99
100
88
87
48
69
75
128
143
142
36
120
134
133
65
90
108
90
12
31
76
52
117
4
7
111
141
83
39
4
126
74
62
3
46
136
103
95
54
59
135
133
139
31
86
130
72
17
91
77
142
21
98
88
59
85
50
138
26
10
123
13
101
120
23
37
53
131
42
79
64
106
92
102
12
143
94
80
121
127
85
80
48
71
60
125
103
39
83
38
30
129
92
44
119
67
126
124
127
106
27
49
116
53
119
63
98
28
22
68
26
87
61
63
115
29
61
19
135
41
104
70
121
33
33
84
64
55
130
60
5
10
136
56
54
49
113
66
57
28
144
69
35
93
72
66
21
58
114
102
93
122
55
37
13
91
8
67
24
9
100
19
68
75
34
99
105
56
76
5
128
99
116
96
14
2
30
58
144
41
115
113
42
25
47
46
97
97
22
109
27
11
45
44
17
86
6
51
6
82
81
9
108
129
117
114
88
1
20
73
73
57
45
89
112
47
23
94
141
111
38
110
87
81
82
34
77
24
32
109
20
32
3
125
43
16
18
15
84
70
15
8
25
118
18
139
123
110
36
50
11
35
107
124
62
105
78
79
52
140
78
138
112
16
100
29
43
107
71
132
14
74
89
137
95
122
96
1
101
132
140
65
51
118
7
40
40
137
2
134
131
104
16
5
4
34
116
137
129
111
101
105
42
110
128
140
56
91
89
53
80
20
29
69
123
27
125
10
71
33
39
66
37
5
108
77
45
119
114
24
12
21
119
115
129
98
97
75
36
117
127
92
104
57
138
128
52
57
59
44
99
132
4
82
26
63
18
38
75
62
108
58
80
135
17
83
98
118
81
53
121
11
25
79
8
23
111
20
88
93
84
31
55
15
39
106
18
126
16
44
69
66
1
93
6
77
54
122
88
33
94
138
139
35
17
82
133
85
132
35
72
65
112
60
78
11
140
40
136
8
104
15
94
100
41
74
64
72
97
144
134
50
22
36
70
47
28
86
134
51
109
103
37
124
41
96
59
51
114
14
12
55
32
122
47
120
112
14
133
92
135
81
137
74
68
46
87
6
107
113
60
21
130
29
141
102
87
1
142
99
123
121
67
50
131
71
109
89
3
110
144
73
43
86
10
91
96
95
48
106
31
30
40
70
142
2
131
56
136
90
84
76
22
38
115
78
65
68
61
130
90
19
54
83
52
107
125
139
19
48
49
143
67
116
63
117
27
100
127
13
42
3
126
95
85
34
61
79
73
26
101
32
13
9
124
118
141
76
45
46
2
49
105
64
23
103
28
62
30
43
25
120
24
143
7
58
113
7
102
9
