##Rat 3 Day 25
 ##rewards
127
116
38
##Vertices
133
134
122
121
109
110
98
97
85
86
87
99
100
88
76
75
74
73
61
49
50
62
63
51
39
27
28
16
17
29
41
53
65
64
52
40
39
38
37
25
26
14
13
1
2
3
4
5
6
7
19
18
30
42
54
55
67
79
91
90
102
103
104
105
93
81
80
68
69
70
58
57
45
46
47
59
60
48
36
24
12
11
23
35
34
33
21
22
10
9
8
20
32
44
56
55
43
31
30
42
43
31
32
44
56
68
69
81
82
83
95
107
119
131
130
129
141
140
128
127
115
116
117
118
106
94
93
92
104
105
106
94
82
70
71
72
84
96
108
120
132
144
143
142
141
140
139
138
137
125
126
114
113
112
111
123
135
136
124
112
111
99
87
75
76
77
89
101
113
114
115
116
117
129
128
127
139
138
126
125
137
136
124
123
135
134
133
121
122
110
109
97
98
86
85
73
74
62
61
49
50
51
63
64
65
77
78
79
80
92
91
103
102
101
100
88
89
90
78
66
67
66
54
53
52
40
41
29
28
27
15
16
15
14
26
38
37
25
13
1
2
3
4
5
17
18
6
7
19
20
8
9
21
22
10
11
12
24
23
35
36
48
47
46
34
33
45
57
58
59
60
72
71
83
84
96
95
107
108
120
119
131
132
144
143
142
130
118
12
24
23
11
10
22
21
9
8
20
32
33
45
44
43
31
19
7
6
5
17
18
30
29
28
27
39
38
50
51
52
53
54
42
41
40
28
16
4
3
15
14
2
1
13
25
37
49
61
73
74
62
63
64
65
77
78
79
80
68
69
81
93
105
104
103
91
90
102
114
113
101
100
112
124
125
137
136
135
134
133
121
122
123
111
99
98
110
109
97
85
86
87
88
89
77
76
75
63
64
76
75
87
88
89
90
102
103
115
127
128
129
130
131
119
107
108
96
95
83
82
94
106
118
117
116
104
92
93
105
117
116
115
114
126
138
139
140
141
142
143
144
132
120
108
96
84
72
60
59
71
70
58
46
34
35
36
48
47
46
34
33
32
31
43
55
56
57
58
70
82
94
106
107
95
83
84
72
71
59
60
48
47
35
36
24
12
11
23
22
10
9
21
20
8
7
19
18
6
5
17
29
30
42
54
55
67
79
91
92
80
81
69
57
45
44
56
68
67
66
78
66
65
53
41
40
52
51
39
27
26
38
26
14
15
16
4
3
2
1
13
25
37
49
50
62
61
73
74
86
85
97
98
110
109
121
133
134
122
123
135
136
124
112
111
99
100
101
113
125
137
138
126
127
139
140
128
129
141
142
130
131
143
144
132
120
119
118
70
127
30
58
102
76
78
136
138
54
64
43
43
55
36
80
31
29
130
68
60
125
95
30
45
126
116
73
112
109
59
22
37
88
137
136
29
13
8
113
3
124
55
28
16
49
124
40
26
2
108
75
121
21
16
53
107
121
134
102
63
24
23
4
98
87
94
74
117
138
51
74
129
19
8
28
86
99
21
95
62
84
20
69
104
73
135
52
14
41
110
22
39
103
23
67
41
17
53
11
99
122
118
123
105
34
143
119
139
130
40
93
75
108
139
5
7
14
49
12
60
81
20
79
54
117
39
24
115
142
7
78
140
47
132
93
72
77
4
25
101
142
62
1
85
113
123
56
92
112
32
31
19
118
38
64
131
88
6
71
129
58
134
125
33
9
37
114
2
137
120
50
133
119
33
90
52
107
65
72
82
46
47
81
44
26
35
103
59
15
132
68
115
79
83
13
85
6
122
82
67
131
69
61
32
35
97
105
71
15
96
80
44
12
18
38
133
48
98
65
94
128
116
106
120
63
56
128
104
141
57
42
91
57
17
100
45
92
1
109
89
143
5
76
50
90
48
127
11
27
96
42
3
25
83
66
106
9
61
10
27
110
77
111
100
135
87
101
51
36
34
114
86
144
144
18
89
10
70
141
97
46
126
66
140
91
111
84
62
22
91
65
78
143
18
37
32
15
79
72
57
11
46
3
80
53
98
61
108
73
10
111
129
57
66
133
67
21
14
97
47
70
126
124
134
112
8
89
28
56
19
68
144
48
127
125
115
102
133
9
93
12
2
130
100
45
60
50
140
75
38
76
32
54
120
87
79
74
80
83
44
39
78
16
12
120
8
142
77
1
71
39
88
63
109
71
118
122
27
5
140
105
114
17
136
20
26
134
42
116
95
104
41
49
43
141
36
97
113
99
113
69
77
95
24
59
25
128
64
76
63
91
61
31
55
83
13
64
34
16
101
47
60
36
14
90
94
9
125
51
58
29
35
96
74
93
84
119
20
110
131
143
59
132
13
141
139
82
68
88
85
117
6
126
42
118
23
86
11
30
103
94
109
138
107
35
121
15
139
111
70
30
33
82
40
7
131
66
102
56
17
1
114
137
67
72
52
98
129
6
37
21
106
123
87
29
44
69
112
55
144
81
121
26
54
50
51
135
2
92
128
130
75
100
45
19
96
124
22
48
34
142
116
122
46
24
105
38
110
5
33
101
3
92
40
18
138
23
53
106
25
86
52
99
7
4
119
103
81
27
104
41
115
123
62
90
117
10
49
89
107
73
65
137
58
84
135
4
127
108
31
28
85
132
136
43
144
132
120
108
107
119
118
130
131
143
142
141
140
139
127
128
116
117
129
141
140
128
116
115
114
126
125
113
112
124
136
137
138
139
127
115
103
102
90
78
79
80
81
69
70
58
57
45
46
34
33
21
22
23
35
36
24
12
11
10
9
8
7
6
5
4
3
2
1
13
25
26
14
15
27
39
40
52
64
65
53
54
55
56
68
67
66
54
42
41
29
17
16
28
29
30
31
32
44
43
42
30
18
19
20
8
9
21
33
34
46
47
48
60
72
71
59
58
70
82
94
95
96
84
83
82
81
93
105
104
92
91
103
102
101
89
77
76
75
63
62
74
73
85
86
87
88
100
99
98
97
109
110
122
123
135
134
133
121
109
97
85
73
61
49
50
51
63
64
65
66
67
55
56
68
69
57
45
44
43
31
32
20
19
7
6
18
17
5
4
16
28
40
41
53
52
51
50
38
37
25
13
1
2
3
15
14
26
27
39
38
37
49
61
62
74
86
87
75
76
88
100
99
98
110
111
112
111
123
122
121
133
134
135
136
124
125
137
138
126
114
113
101
89
77
78
90
91
79
80
92
104
105
117
129
130
142
143
144
132
131
119
120
108
96
84
72
60
48
36
24
12
11
10
22
23
35
47
59
71
83
95
107
106
118
106
94
93
1
2
3
4
16
15
27
26
14
13
25
37
49
61
62
50
51
39
38
37
49
50
51
63
75
74
86
87
99
98
97
85
73
61
62
63
64
76
77
78
66
54
42
43
31
32
44
45
33
34
46
47
35
23
22
10
11
12
24
36
48
60
72
84
96
108
120
132
144
143
142
130
131
119
118
117
105
104
103
91
92
80
68
56
55
67
79
80
81
93
94
95
107
106
94
82
70
58
57
69
81
82
83
71
59
60
48
47
46
34
33
21
9
8
7
19
20
32
31
30
29
17
5
6
18
30
42
41
40
52
53
65
64
76
88
89
90
102
114
115
127
126
138
137
125
113
101
100
112
124
136
135
123
122
110
109
121
133
134
135
136
137
138
139
140
128
116
115
103
91
79
67
68
56
55
43
44
45
57
69
70
58
59
71
72
84
83
95
96
108
107
106
105
93
92
104
116
128
129
141
142
143
144
132
120
119
131
130
118
117
129
141
140
139
127
126
125
113
114
102
101
100
112
124
123
111
99
111
110
122
134
133
121
109
97
98
86
85
73
74
75
87
88
89
90
78
77
65
66
54
53
52
40
39
38
26
25
13
1
2
14
15
3
4
5
6
7
8
9
10
11
12
24
36
35
23
22
21
20
19
18
17
16
28
27
28
29
41
3
94
8
118
69
13
25
66
143
62
25
138
112
17
105
44
42
57
75
122
125
91
63
114
123
23
121
124
18
94
97
22
142
90
45
139
58
103
106
43
27
100
36
113
99
70
35
81
41
72
61
114
89
15
49
70
20
128
43
8
141
28
134
136
101
88
80
86
76
79
110
129
109
67
40
82
27
16
127
4
48
84
51
63
140
104
73
120
64
88
72
111
133
101
71
78
46
140
14
32
6
22
19
125
97
68
117
49
31
134
58
33
93
30
110
26
19
10
14
132
118
130
104
21
76
2
7
138
144
68
50
34
11
139
20
21
59
119
130
126
80
81
5
46
61
143
90
32
78
3
24
89
54
50
12
124
77
85
100
119
136
38
66
98
116
133
107
141
57
126
28
120
93
111
82
99
87
34
108
30
1
74
106
92
55
67
84
56
9
69
24
98
39
15
96
38
47
37
10
31
135
65
41
91
52
95
48
4
142
45
87
40
109
23
60
96
71
6
74
85
7
121
144
33
29
52
13
36
135
47
129
127
115
29
62
12
102
116
107
128
117
65
16
18
51
112
44
103
132
137
60
11
53
83
54
77
83
39
55
59
26
102
73
115
92
131
79
35
42
9
56
113
108
137
131
53
86
75
105
5
64
37
1
2
95
123
17
122
44
16
141
143
125
2
45
120
86
138
122
53
56
15
141
112
4
128
124
142
136
100
79
46
119
134
113
77
95
83
47
103
127
126
64
49
135
27
24
14
91
76
36
121
132
88
101
68
61
128
4
89
96
98
10
53
115
7
69
113
111
69
104
114
82
120
90
49
124
52
94
70
115
54
59
106
1
60
77
39
87
139
133
127
13
129
3
31
123
52
78
41
72
106
108
68
57
72
56
117
23
7
27
97
21
8
48
91
108
35
116
15
13
20
34
5
67
17
112
142
93
10
21
36
110
117
65
25
89
67
134
59
123
135
33
37
88
136
132
50
30
84
81
45
131
1
73
80
122
19
8
23
138
3
109
55
11
32
85
2
75
14
37
51
25
26
70
144
64
137
133
31
137
62
99
139
66
87
55
38
18
47
119
80
100
90
11
78
97
9
125
107
104
131
18
71
144
102
63
65
28
114
40
58
82
46
51
17
22
129
126
40
20
92
66
102
38
44
111
93
28
35
41
29
130
6
84
83
22
19
42
116
118
73
107
130
62
33
34
5
103
12
85
76
92
29
42
57
140
75
43
143
60
6
26
32
39
16
109
12
30
101
61
54
81
95
9
110
50
94
105
48
105
96
24
99
58
121
74
118
71
140
86
43
98
74
63
79
144
143
131
119
118
117
105
106
94
95
96
108
120
132
144
143
142
141
129
130
142
141
140
139
138
137
136
135
134
133
121
109
110
122
123
111
112
124
125
126
114
113
101
102
90
91
79
78
77
65
53
54
66
67
55
43
31
32
20
19
18
6
7
8
9
21
33
34
46
47
59
71
70
58
57
45
44
56
68
69
81
93
92
80
81
82
83
84
72
60
48
36
35
23
22
10
11
12
24
36
48
60
72
84
96
108
107
95
94
93
105
104
116
115
103
102
101
89
88
87
86
85
73
74
75
63
64
52
51
39
40
41
29
28
16
15
14
26
25
13
1
2
3
4
5
17
29
30
42
43
44
56
68
80
92
91
90
89
77
76
88
100
99
98
97
85
73
61
49
50
62
63
51
39
40
41
42
54
55
67
79
78
66
65
53
52
64
76
75
87
99
100
112
113
114
115
103
104
116
117
118
106
107
119
120
132
131
130
129
128
127
128
140
139
127
126
138
137
125
124
136
135
134
133
121
122
123
111
110
109
97
98
86
74
62
61
49
50
38
37
38
37
25
26
27
28
27
15
14
13
1
2
3
4
16
17
5
6
7
19
18
30
31
32
20
21
22
34
33
45
46
58
57
69
70
82
83
71
59
47
35
23
24
12
11
10
9
8
1
13
14
15
27
39
40
28
29
17
5
4
3
2
1
13
25
37
38
26
25
37
49
61
73
85
97
109
121
133
134
135
123
122
110
111
99
98
86
74
75
87
88
76
77
65
66
78
90
91
92
80
79
67
68
69
70
58
59
71
83
84
72
60
48
47
46
34
33
21
20
19
31
32
44
45
57
56
55
43
42
41
53
54
42
30
18
6
7
8
9
10
22
23
35
36
24
12
11
10
9
8
7
6
5
4
16
17
29
41
40
52
51
63
64
76
88
89
101
113
125
137
138
126
114
115
103
104
116
117
105
93
94
106
107
119
131
130
142
143
144
132
120
108
96
95
94
82
81
69
57
56
55
54
53
65
77
89
90
102
101
100
112
124
136
137
138
139
140
128
127
115
116
117
105
93
81
80
68
67
66
78
79
91
92
104
103
102
114
113
112
100
99
87
75
63
64
52
51
39
27
28
16
15
3
2
14
26
38
50
62
50
49
61
62
74
73
85
86
98
97
109
121
133
134
122
110
111
123
135
136
124
125
126
127
139
140
128
129
141
129
141
142
130
118
106
118
119
131
143
144
132
120
108
107
95
96
84
72
71
83
82
70
58
59
47
35
34
46
45
33
32
44
43
31
30
18
19
20
21
22
23
11
12
24
36
48
60
109
10
143
105
49
55
134
94
11
67
3
18
51
46
30
60
76
66
107
36
24
129
66
139
56
72
75
59
121
43
83
82
67
32
52
50
13
103
122
1
26
56
19
101
61
109
62
40
74
60
31
46
117
28
110
69
37
65
31
138
77
47
138
100
124
141
7
62
6
36
88
115
7
132
41
104
91
23
141
49
84
68
39
53
102
45
64
65
71
99
51
50
101
80
117
104
70
14
98
83
14
120
11
100
127
54
74
24
5
107
118
131
129
93
114
116
64
21
135
44
140
13
43
84
61
142
135
79
32
26
76
113
128
48
82
95
79
144
15
25
12
35
44
108
86
110
38
98
42
139
111
130
87
144
125
95
33
68
16
30
113
133
37
106
39
89
96
112
63
17
8
89
20
3
4
93
27
78
90
8
48
91
38
34
96
20
35
92
123
21
78
124
17
102
137
12
27
115
136
34
106
120
33
41
127
69
72
5
128
29
28
81
2
86
19
87
112
58
116
70
55
57
97
18
140
22
1
114
9
125
111
136
73
85
137
15
142
126
122
105
58
131
119
92
97
22
25
132
80
126
57
77
121
123
9
119
103
108
90
45
53
16
40
85
10
54
2
42
143
71
6
59
130
29
63
47
134
133
88
81
99
94
73
23
4
118
75
52
2
116
61
125
106
93
11
47
74
138
58
82
123
8
22
2
59
43
132
35
13
132
89
69
12
86
9
141
115
41
46
50
15
32
104
127
85
21
136
60
129
29
27
3
48
73
45
16
25
37
47
39
42
71
23
11
45
96
62
120
5
114
44
141
53
17
29
142
140
49
135
63
127
19
118
98
46
103
81
22
64
113
32
40
110
49
44
101
10
25
73
88
56
139
52
104
31
51
90
9
64
85
6
116
121
112
96
40
36
78
97
63
90
33
83
79
4
68
50
108
86
23
62
79
58
137
1
55
66
72
20
105
128
54
60
1
78
131
143
100
10
82
119
24
94
77
5
70
128
38
75
72
107
112
88
122
131
12
56
30
33
93
121
24
37
110
102
100
39
6
55
54
48
129
101
57
118
109
124
30
119
99
117
41
65
84
126
120
67
18
111
98
134
92
107
135
42
130
74
19
71
13
8
76
109
31
83
108
15
38
61
87
35
69
133
126
134
67
89
144
105
65
144
18
16
125
95
123
138
57
26
102
76
137
75
51
117
92
3
142
87
27
28
140
34
122
20
34
77
84
21
95
28
115
80
59
91
136
4
68
94
14
106
91
81
26
103
139
113
17
7
97
52
114
53
99
124
143
133
43
111
130
80
70
36
66
7
14
