##Rat 2 Day 9
 ##rewards
18
29
107
##Vertices
144
143
131
119
120
108
96
84
83
82
81
80
68
67
55
56
44
32
31
43
42
54
66
65
53
52
51
63
62
61
73
85
97
109
110
111
112
113
125
137
136
124
123
122
134
133
121
109
97
98
86
74
75
76
64
52
40
39
27
28
16
17
18
19
7
6
5
4
3
15
14
2
1
13
25
37
49
50
38
26
27
39
51
63
64
76
88
87
99
100
101
102
90
91
79
78
77
89
88
100
101
113
114
115
116
128
127
126
138
139
140
141
129
130
142
141
140
128
116
117
118
106
94
95
107
108
96
84
72
71
70
69
57
45
46
34
35
36
48
47
59
60
48
36
24
12
11
23
22
10
9
8
20
21
33
32
31
30
29
41
42
43
44
56
55
67
79
91
103
104
105
93
105
104
92
93
92
80
68
69
81
82
94
106
118
117
129
130
142
143
131
132
144
132
120
119
107
95
83
71
72
60
59
58
70
58
57
45
46
47
35
23
24
12
11
10
22
34
33
21
9
8
20
19
7
6
5
17
18
30
29
41
40
28
16
4
3
15
14
2
1
13
25
26
38
37
49
50
62
61
73
85
86
74
75
87
99
98
110
122
121
133
134
135
136
135
123
111
112
124
125
137
138
139
127
126
114
115
103
102
90
78
66
54
53
65
77
89
12
24
23
22
10
9
8
7
6
5
4
3
15
16
28
40
41
53
52
51
63
62
61
73
85
86
98
97
109
110
122
121
133
134
135
136
124
112
100
101
89
88
87
99
111
123
135
136
137
125
113
114
102
90
78
77
76
64
65
66
54
42
43
31
30
29
17
18
19
20
32
44
45
46
58
59
60
72
71
83
84
96
95
107
108
120
132
131
130
142
141
140
139
138
126
127
128
129
117
105
93
81
82
94
106
118
119
120
108
96
84
72
60
48
36
35
47
46
34
33
21
9
8
20
32
31
43
55
67
79
80
68
69
70
71
83
95
107
119
118
106
94
82
81
93
92
104
116
115
103
91
90
78
66
54
42
41
40
39
27
26
14
13
25
37
38
50
49
61
73
74
62
50
49
37
38
26
25
13
1
2
1
2
14
15
3
4
5
6
7
19
18
30
29
17
16
28
27
39
51
52
53
65
64
63
75
74
86
85
97
98
99
87
75
76
77
89
88
100
112
111
110
109
121
133
134
122
123
124
125
137
138
139
127
126
114
113
101
102
103
115
116
128
140
141
142
143
144
132
144
143
131
130
129
117
105
104
92
91
79
80
68
67
55
56
57
45
33
21
22
34
35
23
11
10
11
12
24
36
48
47
59
58
70
69
57
56
44
41
27
50
4
137
1
134
117
77
54
29
96
87
144
115
78
44
142
21
70
24
40
137
97
74
126
42
9
75
63
90
100
76
56
11
84
30
7
12
80
31
95
72
54
52
30
59
25
68
133
132
56
119
20
132
131
107
79
104
38
22
26
58
34
31
39
73
6
89
16
136
14
5
9
124
8
72
93
81
60
130
61
120
124
65
11
15
64
3
55
41
101
138
7
51
25
27
85
33
2
84
98
111
68
127
66
99
75
118
139
48
82
24
123
18
144
62
57
138
102
101
40
10
123
19
16
121
74
76
17
131
48
140
79
121
37
115
51
46
53
112
113
77
130
109
116
66
12
38
58
112
88
125
100
83
10
111
43
128
87
45
134
35
129
128
57
136
67
96
106
1
90
47
49
29
103
64
71
67
94
8
44
23
73
61
110
63
102
107
13
32
21
47
114
69
99
125
118
94
19
98
34
117
2
135
37
127
6
140
59
106
39
83
23
3
81
108
129
55
93
20
70
36
82
4
43
86
5
18
52
133
109
32
91
105
80
119
15
28
46
103
139
28
92
108
60
141
50
78
95
114
97
122
42
122
116
71
88
17
143
85
143
91
13
45
126
120
141
36
69
86
65
92
33
26
53
89
22
62
49
142
105
113
14
110
35
104
135
113
1
115
67
129
110
139
142
118
101
114
133
103
66
50
8
49
116
143
31
133
38
8
59
76
14
28
115
78
78
88
62
26
9
47
30
33
59
57
9
144
23
64
94
2
10
68
15
75
27
69
126
37
71
70
108
13
129
125
63
16
99
49
55
44
3
1
58
22
107
61
41
108
65
113
123
96
131
32
40
51
72
58
26
20
127
107
103
105
109
18
111
72
18
43
98
13
128
131
14
52
138
74
47
130
21
92
141
42
34
82
57
69
12
127
82
7
17
22
24
53
5
45
79
77
39
29
132
89
50
34
106
137
139
6
141
73
30
37
79
32
102
140
80
124
80
88
117
63
105
106
60
7
85
5
97
19
119
53
51
38
81
74
62
11
66
144
68
55
81
132
83
44
98
93
117
116
67
40
128
100
31
134
45
112
110
89
64
52
86
104
94
48
15
93
100
2
77
27
122
120
112
33
61
12
43
20
46
92
54
11
10
126
96
121
91
65
124
135
121
114
99
75
83
102
73
23
118
42
46
70
130
29
24
101
119
71
56
140
143
21
35
4
123
95
17
97
125
142
87
111
87
36
85
91
95
41
39
35
90
3
6
25
90
135
4
122
48
25
60
104
86
16
84
138
54
137
109
136
84
36
28
120
56
134
19
136
76
1
2
3
4
16
17
5
6
7
8
9
10
11
12
24
23
35
36
48
47
46
45
57
56
44
43
31
30
42
54
66
65
64
76
75
63
51
50
38
39
27
26
14
13
25
37
49
61
73
85
86
98
97
109
121
133
134
135
136
124
123
122
110
111
112
100
101
89
90
91
103
102
114
113
125
126
127
128
129
141
140
139
138
137
136
135
123
111
99
87
88
100
99
87
75
74
62
63
64
52
40
41
53
54
55
67
68
80
79
78
77
65
53
52
51
39
40
28
29
41
42
30
18
19
20
32
33
21
22
34
46
58
59
60
72
71
83
84
96
95
107
108
120
119
131
132
144
143
142
130
118
117
116
104
105
93
81
69
70
82
94
106
118
117
105
104
92
93
81
69
57
58
59
60
72
84
83
71
70
82
94
106
107
95
96
108
120
119
131
132
144
143
142
130
129
141
140
128
116
115
103
115
114
126
127
139
138
137
125
124
112
113
101
102
90
89
88
76
77
78
66
67
79
91
92
80
68
56
55
43
31
19
18
17
29
28
27
15
16
15
14
26
38
50
62
74
86
98
110
122
134
133
121
109
97
85
73
61
49
37
25
13
1
2
3
4
5
6
7
8
20
21
9
10
22
23
11
12
24
36
48
47
35
34
33
45
44
32
133
121
122
123
111
110
109
97
85
86
74
73
61
62
63
51
50
49
37
38
39
27
15
14
26
25
13
1
2
3
4
5
17
18
30
29
41
40
52
64
65
77
78
90
89
88
76
75
87
99
100
112
124
125
137
136
135
134
133
121
109
110
98
99
100
101
113
114
102
103
115
127
128
140
139
138
126
114
115
116
104
105
117
118
119
131
130
129
141
142
143
144
132
120
108
107
95
96
84
72
60
59
71
83
82
70
69
57
45
33
34
35
36
48
47
46
58
70
82
94
106
105
93
81
80
92
91
79
67
66
54
42
43
55
56
68
69
57
58
46
34
22
23
24
12
11
10
9
8
7
6
5
4
16
28
40
39
51
52
53
41
42
30
31
19
20
32
44
45
33
21
20
21
22
23
24
12
11
10
9
8
7
6
18
19
31
32
44
43
55
56
68
67
79
80
81
93
92
91
90
102
103
104
116
117
118
106
94
95
83
71
59
47
35
36
48
60
72
84
96
108
107
119
120
132
144
143
131
130
142
141
129
128
140
139
127
126
138
137
125
124
136
135
134
122
123
111
112
113
101
89
77
78
66
54
53
65
64
63
62
74
75
76
88
87
86
98
97
85
73
61
49
50
38
37
25
26
14
13
1
2
3
15
27
28
29
17
16
17
108
24
127
46
34
49
75
24
136
78
20
131
115
104
5
61
115
122
123
46
50
65
41
95
40
22
12
54
140
124
60
110
6
20
75
80
14
66
21
25
12
118
92
16
15
119
98
39
93
82
76
141
35
108
11
117
134
143
140
90
64
86
16
53
4
47
49
109
74
67
128
106
109
73
7
55
110
129
23
62
100
96
84
77
113
137
37
120
118
57
101
124
65
2
44
48
84
126
7
45
47
94
27
112
43
68
36
112
119
89
56
54
114
102
59
26
34
9
74
130
30
52
60
101
85
1
133
85
10
97
90
143
107
13
100
130
45
87
23
19
32
131
48
50
53
111
132
11
32
42
29
5
81
79
96
13
125
3
36
27
139
57
67
2
8
121
138
136
3
42
94
83
33
8
98
88
88
103
14
80
89
72
83
125
117
58
103
142
87
70
134
72
91
129
63
105
63
99
22
79
55
10
43
40
25
123
76
135
104
139
137
18
135
18
44
102
122
106
128
70
99
95
66
31
82
21
38
77
19
29
61
52
116
39
4
69
97
91
121
6
142
144
107
73
37
93
105
41
30
92
9
141
144
15
127
28
62
26
35
114
51
116
28
78
120
31
56
17
1
86
33
71
113
138
81
51
126
132
64
59
111
38
69
68
133
58
71
112
70
4
34
133
91
22
78
67
11
138
124
130
99
14
51
102
43
27
87
16
38
68
134
118
99
46
66
116
95
12
28
8
6
128
33
92
59
23
140
100
77
42
70
75
132
131
127
21
35
72
102
93
88
83
55
72
117
138
47
59
11
24
143
128
47
54
113
13
37
136
30
118
63
45
73
5
139
84
10
137
71
113
57
2
15
107
133
122
33
90
103
123
29
7
18
140
137
117
130
44
95
63
37
81
61
57
62
64
92
110
82
75
131
101
65
106
13
119
41
38
94
12
52
107
35
106
1
104
56
76
32
50
23
18
129
121
85
142
7
116
17
31
97
20
125
79
80
97
108
69
54
76
79
34
26
69
136
58
42
36
9
15
8
19
52
27
26
20
58
125
80
141
112
115
32
74
77
143
21
65
81
44
114
2
139
123
28
22
5
108
98
83
94
103
29
45
91
43
126
115
61
135
17
100
109
48
31
104
82
14
53
19
144
68
9
56
141
36
96
124
46
89
110
89
39
62
60
127
86
84
40
98
6
109
25
120
16
142
64
105
86
3
71
134
129
111
135
3
39
78
121
101
66
105
49
93
144
1
119
30
120
60
90
122
55
73
50
49
126
96
74
51
48
67
111
85
10
114
25
4
41
40
24
132
88
87
53
144
143
142
141
140
128
129
117
118
106
105
104
103
102
114
113
101
89
90
78
77
65
64
76
75
63
62
61
73
85
86
74
75
87
88
100
112
124
125
137
136
135
134
133
121
122
110
109
97
98
99
111
123
135
136
137
138
126
127
115
116
117
118
130
131
119
120
108
96
84
83
82
94
93
92
80
79
91
90
89
88
87
99
100
101
102
103
104
105
106
107
95
96
84
72
71
70
69
68
56
44
32
33
45
46
47
48
36
24
23
22
34
35
36
48
60
59
58
57
45
33
21
9
8
7
19
31
43
55
54
53
52
51
50
49
37
25
13
1
2
3
4
16
17
5
6
18
30
42
41
40
28
29
41
40
39
27
15
14
26
38
39
27
28
29
30
42
54
66
67
55
56
68
67
66
65
53
52
51
63
64
76
77
78
79
91
92
93
94
95
83
82
81
80
81
69
57
58
70
71
72
60
59
47
46
34
35
23
22
10
11
12
24
12
11
10
9
8
20
21
20
32
44
43
31
19
7
6
18
17
5
4
16
15
3
2
1
13
14
26
25
37
38
50
49
61
62
74
73
85
86
98
97
109
121
133
134
122
110
111
123
124
112
113
125
126
114
115
116
128
127
139
138
139
140
141
129
130
142
143
131
119
107
108
120
132
144
132
133
134
122
110
111
123
135
136
137
125
126
138
139
127
115
116
128
140
141
129
117
118
119
131
130
142
143
144
132
120
108
96
95
83
82
94
93
105
104
103
91
90
78
77
89
101
102
114
113
112
100
99
98
86
85
97
109
121
133
134
135
123
124
112
100
88
87
75
76
64
63
62
50
49
61
73
74
75
63
51
52
40
39
27
15
14
26
38
37
25
13
1
2
3
4
16
17
5
6
7
8
20
19
18
30
31
43
44
45
46
34
22
10
9
21
33
32
31
30
29
28
40
41
42
54
53
65
66
67
79
80
81
69
68
56
55
43
44
32
33
34
35
23
11
12
24
36
48
60
72
84
96
108
107
106
105
117
116
104
92
93
81
82
70
71
59
58
57
45
46
47
59
47
35
23
11
12
24
36
48
60
72
84
83
71
70
58
57
69
68
56
55
67
66
54
42
41
53
65
77
76
64
52
51
39
27
28
29
17
18
19
20
21
22
10
9
8
7
6
5
4
16
15
3
2
1
13
14
26
25
37
38
50
49
61
62
74
73
85
86
98
97
109
121
122
110
111
99
87
88
89
90
78
79
80
92
91
103
115
127
126
114
102
101
113
125
124
136
137
138
139
140
128
129
141
142
130
131
143
144
132
120
119
118
106
94
95
107
17
26
42
41
73
109
86
61
141
14
84
28
144
68
67
140
44
107
65
56
132
71
111
88
30
91
80
36
61
59
121
86
78
105
13
113
19
118
120
76
130
102
104
98
39
58
137
52
96
60
54
12
142
27
31
108
65
20
2
134
24
60
81
62
75
72
34
63
117
48
15
19
112
79
85
107
33
16
143
12
49
110
23
43
66
37
10
97
89
129
111
101
69
139
29
45
34
117
144
96
38
129
119
115
93
98
95
135
131
33
82
32
84
83
64
63
8
59
108
56
109
85
36
87
8
79
67
54
87
43
1
47
2
124
64
94
83
105
4
41
133
5
7
44
30
137
45
55
92
126
90
88
135
16
4
3
119
128
102
37
51
10
75
29
11
103
66
74
55
21
116
51
134
58
104
25
77
26
46
118
121
68
99
114
62
35
23
20
28
89
53
139
13
128
57
15
114
123
99
94
122
40
22
125
90
101
140
106
32
74
115
69
142
80
133
132
18
122
72
97
3
5
52
18
17
100
112
73
143
103
50
6
126
1
42
91
123
7
57
116
27
38
113
48
71
95
124
24
81
92
39
136
40
110
130
93
78
76
9
46
120
138
49
70
35
106
141
77
50
127
47
136
125
25
31
53
6
127
100
131
138
11
9
21
70
22
82
14
82
83
115
33
62
130
102
10
69
16
30
127
103
144
23
78
67
90
43
84
98
85
125
97
5
2
36
2
109
77
25
74
91
103
104
122
93
1
71
96
81
70
121
37
126
50
55
68
137
120
17
80
58
127
36
3
32
100
54
14
76
45
62
87
63
18
122
134
31
89
72
44
95
142
75
22
86
50
54
82
102
26
7
138
41
29
15
6
142
118
117
114
80
94
128
24
124
118
23
111
73
136
39
67
20
10
100
14
52
63
57
5
27
93
84
125
51
135
39
48
29
143
9
27
138
61
49
107
133
40
134
108
140
4
136
25
59
66
139
22
92
76
135
45
105
123
19
109
48
8
132
12
88
49
116
51
38
37
123
33
13
20
13
141
131
74
97
128
8
101
132
101
42
53
119
105
40
60
47
129
131
65
85
83
81
64
52
64
30
4
34
3
116
113
88
56
57
41
66
112
141
47
72
90
44
120
61
60
53
91
35
26
16
133
73
130
79
15
95
106
35
124
69
34
77
111
11
144
18
79
71
99
86
58
46
56
46
126
107
65
21
32
6
68
112
42
92
11
9
143
106
139
78
113
110
43
31
96
115
28
38
21
121
17
70
129
108
89
55
94
87
12
137
140
104
110
59
19
99
117
24
1
98
28
114
75
7
119
