##Rat 5 Day 14
 ##rewards
74
87
21
##Vertices
31
14
47
86
21
30
54
108
126
121
111
59
75
6
116
56
143
133
4
50
91
15
4
143
68
65
94
39
50
134
116
44
48
82
78
73
77
109
15
120
23
115
53
104
114
90
74
56
2
10
33
136
37
87
144
27
62
109
123
105
69
31
122
95
54
85
8
71
52
64
13
72
110
51
41
67
117
140
46
55
142
17
93
58
18
97
73
131
6
103
16
128
63
3
89
122
139
127
74
53
113
69
103
95
130
137
126
21
33
17
29
130
107
36
94
42
119
124
135
60
100
51
7
49
40
29
67
25
23
26
88
20
16
35
96
138
123
139
28
82
127
70
125
133
25
99
79
26
2
48
117
70
41
118
68
131
34
135
8
62
89
60
101
63
106
38
72
97
12
83
44
65
77
144
99
52
1
86
57
98
80
34
7
24
40
134
112
28
107
137
12
92
45
83
22
9
64
84
75
100
43
71
120
81
30
125
108
118
11
110
39
32
106
18
32
113
142
13
66
3
92
9
104
132
101
22
45
61
81
59
46
96
76
58
85
138
19
61
136
114
55
112
79
27
90
78
76
57
19
129
102
115
35
11
124
38
140
84
87
91
49
105
36
141
37
98
128
141
132
121
20
66
88
111
10
43
24
5
129
102
5
1
93
80
14
47
119
42
105
18
74
97
88
29
118
21
59
137
10
142
62
96
77
72
144
118
135
48
128
98
90
117
92
71
58
20
6
81
30
60
17
143
128
108
136
127
77
16
63
43
31
34
15
51
45
64
115
20
38
36
132
127
26
79
39
115
95
35
114
8
5
42
89
19
32
82
120
133
72
141
46
63
47
134
126
4
137
69
97
23
51
113
39
99
74
52
130
144
5
44
85
71
67
138
10
41
110
21
52
13
55
66
134
104
111
15
84
65
66
49
38
80
141
11
50
124
70
40
64
125
122
92
104
49
116
135
78
58
107
24
103
95
13
23
94
132
9
98
112
45
100
123
130
25
17
65
101
56
88
99
142
3
8
18
75
138
120
84
12
54
86
89
91
90
61
68
76
103
140
126
86
131
91
16
19
80
54
11
112
31
6
22
78
108
25
139
28
14
47
26
124
27
34
83
101
1
140
129
122
35
37
33
69
73
139
30
75
24
50
57
110
61
133
33
129
3
40
2
57
68
143
55
53
93
56
46
4
119
131
87
125
93
106
60
70
96
79
83
12
2
106
109
113
41
48
121
7
109
53
82
123
100
62
105
59
111
76
37
102
29
116
121
32
114
43
28
7
81
102
9
22
117
73
36
119
67
27
85
1
42
14
107
136
94
87
44
1
2
14
26
38
37
25
13
1
2
3
4
5
17
29
41
42
30
31
43
55
54
53
65
66
67
79
80
68
69
81
93
94
82
70
71
83
84
96
95
107
108
120
119
118
106
105
117
129
130
131
132
144
143
142
141
140
139
127
126
114
113
125
124
123
122
121
133
134
135
136
137
138
139
140
128
116
115
103
102
90
91
92
104
103
91
79
78
77
76
88
87
86
98
99
100
112
111
110
109
97
85
73
61
62
74
75
63
64
52
40
28
16
15
27
39
51
50
49
61
73
85
97
98
86
74
75
87
99
100
101
89
88
76
64
52
40
41
29
30
18
6
7
19
20
8
9
21
22
10
11
23
24
36
35
34
33
45
57
56
44
32
33
34
46
47
48
60
72
84
96
108
107
106
118
130
131
119
120
132
144
143
142
141
129
117
116
128
127
115
114
126
138
137
125
124
136
135
134
133
121
109
110
122
123
111
112
113
101
102
90
89
77
78
66
65
53
54
42
43
44
45
57
56
55
67
68
80
92
104
105
93
94
95
83
82
81
69
70
58
46
58
59
71
72
60
59
47
48
36
35
23
22
21
20
32
31
19
18
17
16
28
27
39
51
63
62
50
49
37
38
26
25
13
14
15
3
4
5
6
7
8
9
10
11
12
24
12
144
132
131
130
129
141
142
143
144
132
120
108
96
95
94
93
81
82
70
69
68
80
92
91
79
67
66
54
55
43
42
41
29
30
31
19
18
6
5
17
16
4
3
15
27
28
40
39
38
26
14
2
1
13
25
37
49
61
62
74
75
87
86
98
110
122
134
133
121
109
97
85
73
61
49
50
51
63
64
76
77
65
53
52
64
65
66
78
90
102
101
113
125
124
112
100
99
111
123
135
136
137
138
139
127
126
114
115
103
104
105
106
107
119
118
117
116
128
140
139
138
137
136
124
125
126
114
113
112
100
88
89
101
102
103
104
105
93
94
82
83
84
72
71
59
60
48
47
35
36
24
23
11
10
22
34
46
45
44
56
57
58
46
34
33
21
9
8
7
6
5
4
16
28
27
26
14
15
3
2
1
13
25
37
38
39
51
50
62
63
75
74
73
85
86
98
97
109
121
133
134
135
123
122
110
111
99
87
88
76
77
89
90
78
79
91
92
80
81
69
57
45
44
56
68
67
55
54
53
52
40
41
29
17
18
30
42
43
31
32
33
32
20
19
7
8
20
21
9
10
22
23
35
47
59
58
70
71
83
95
107
106
118
117
116
115
127
128
140
141
129
130
142
143
131
119
120
108
96
84
72
60
48
36
24
12
11
12
125
42
122
88
103
48
5
93
61
100
82
115
111
90
78
74
43
41
135
25
83
72
144
29
88
124
73
23
25
95
4
23
97
48
80
76
114
107
104
96
27
85
53
8
144
133
34
64
17
92
131
77
26
141
101
79
34
5
94
68
18
56
60
98
11
104
102
122
134
37
9
135
133
6
28
121
143
67
127
16
109
110
61
86
92
21
15
75
94
132
15
105
142
126
111
55
51
96
10
141
70
52
49
99
42
130
22
123
59
136
19
84
38
46
101
10
136
46
57
132
103
40
87
33
95
36
107
140
58
118
143
70
97
105
12
106
36
67
35
44
134
71
76
108
26
120
17
6
119
63
16
100
41
106
81
86
81
31
24
53
49
51
116
39
63
38
58
39
65
4
99
2
45
137
29
110
8
45
68
138
50
66
114
84
121
128
82
43
31
138
117
69
129
112
35
22
85
87
1
142
116
75
62
11
14
140
79
77
72
7
90
20
1
113
80
64
37
91
109
93
44
65
62
123
52
119
56
13
117
89
30
3
71
47
128
124
112
14
69
89
24
50
18
27
130
12
59
74
57
19
20
7
33
137
2
32
131
118
139
9
40
28
108
113
120
30
115
129
83
54
32
73
125
55
91
47
54
13
3
139
127
60
102
98
126
21
66
78
62
85
16
19
28
89
120
8
44
50
18
38
127
10
128
49
3
6
52
98
142
23
106
95
141
101
74
134
47
68
66
104
2
67
49
110
27
86
27
12
135
82
21
61
65
64
63
1
133
2
82
114
126
109
137
138
25
44
142
133
69
125
51
115
119
143
75
122
15
81
135
131
117
17
108
59
43
19
116
51
24
80
58
7
77
124
94
8
87
13
7
140
34
37
118
30
71
32
130
105
9
96
11
117
14
55
14
106
93
17
123
76
132
43
109
101
137
35
83
12
79
90
62
20
45
111
33
36
72
3
31
92
13
40
68
139
61
123
15
118
105
102
88
48
16
144
56
29
53
110
84
52
60
99
88
128
113
77
143
38
42
127
131
56
54
30
83
132
85
130
84
141
107
10
124
9
11
96
5
139
53
20
1
121
80
94
4
33
91
72
48
87
113
119
108
46
104
115
55
114
37
73
26
90
126
144
70
66
58
122
60
134
103
36
41
31
41
78
6
57
86
64
136
22
81
75
92
76
98
79
107
136
74
25
112
91
32
120
18
99
40
103
54
138
29
129
71
34
129
45
112
97
4
100
116
121
57
24
140
95
21
69
67
59
42
100
23
47
97
50
102
26
5
65
70
39
89
35
22
46
125
111
73
39
78
93
28
63
12
11
10
22
23
35
36
48
47
46
45
57
58
70
82
83
71
59
60
72
84
96
108
120
119
131
132
144
143
142
141
140
128
116
117
129
130
118
106
105
104
92
93
81
80
79
91
103
115
127
126
114
113
101
102
90
78
77
89
88
100
112
111
123
135
134
133
121
122
110
109
97
85
73
61
62
74
75
63
51
52
64
65
66
67
68
69
57
56
55
54
53
41
42
30
31
43
44
32
20
19
18
17
29
28
16
4
3
15
27
26
14
13
1
2
3
4
5
6
7
8
9
21
33
34
46
58
70
69
68
80
81
82
94
95
107
108
120
119
118
117
116
115
114
113
125
137
136
124
112
111
99
98
86
87
75
76
64
63
51
39
40
52
53
54
42
41
40
39
38
37
49
50
38
50
49
61
62
74
73
85
97
109
121
133
134
135
136
137
138
139
127
128
129
130
131
132
144
143
142
141
140
139
138
126
125
124
123
122
110
98
86
87
99
100
88
76
77
65
66
67
79
78
90
89
101
102
103
91
92
104
105
93
94
106
107
95
96
84
83
71
72
60
59
47
35
34
33
45
44
56
55
43
31
32
20
19
18
30
29
28
27
26
25
37
25
13
1
2
14
15
16
17
5
6
7
8
9
21
22
10
11
12
24
23
24
36
48
133
121
122
123
135
136
137
138
126
114
102
90
91
79
80
92
93
94
82
81
69
68
67
55
56
44
32
31
19
7
6
5
4
3
15
27
39
51
50
49
37
38
26
14
13
1
2
3
4
16
17
18
30
42
43
44
45
33
34
46
47
59
71
83
84
72
60
48
36
35
23
24
12
11
10
9
8
20
21
22
34
33
32
31
43
42
41
29
28
40
52
64
65
77
78
66
54
53
41
40
52
51
63
75
87
86
74
62
61
73
85
97
98
110
109
97
85
86
87
99
111
112
113
125
124
136
137
138
139
127
115
103
104
105
117
118
130
142
141
129
128
140
141
142
143
144
132
131
119
120
108
96
95
107
106
94
82
70
58
57
69
81
93
92
80
79
78
77
76
88
100
101
100
88
89
101
89
90
91
103
102
114
113
112
111
99
98
110
109
121
122
134
133
134
135
123
124
125
126
127
139
140
128
116
115
116
104
105
117
129
130
131
143
144
132
120
119
118
106
107
108
96
95
83
84
72
60
59
71
70
58
57
45
46
47
48
36
35
23
24
12
11
10
22
21
9
8
20
19
7
6
5
17
18
30
29
28
16
15
14
2
1
13
25
37
25
26
27
39
38
50
49
61
73
74
62
63
75
76
64
65
66
67
68
56
55
54
53
86
101
79
119
86
42
107
14
8
1
103
116
111
124
17
135
40
68
53
65
34
136
138
43
104
137
64
47
8
63
30
137
15
73
20
140
24
76
79
45
74
46
44
99
41
33
108
34
89
57
96
83
104
97
31
56
136
53
21
101
135
105
18
61
72
66
49
47
16
112
12
80
77
130
68
70
113
45
139
109
78
107
92
44
102
122
89
30
90
85
93
99
10
130
128
82
121
94
128
35
93
27
84
7
81
80
54
19
55
76
69
3
19
120
127
141
65
69
75
35
142
13
134
48
51
90
16
9
22
11
126
98
83
61
134
31
92
95
87
40
143
52
33
111
14
20
38
64
133
110
118
22
129
54
67
28
106
2
124
142
114
23
127
49
88
28
131
112
5
60
23
82
4
39
36
29
77
119
15
94
11
66
102
41
103
42
117
7
32
106
46
132
62
91
39
96
67
12
116
105
143
50
139
51
27
32
144
29
125
121
123
100
26
115
59
63
114
2
18
21
132
17
115
58
126
129
26
131
37
6
117
43
84
37
81
73
25
70
109
88
24
138
62
36
75
55
123
72
9
108
97
74
71
122
5
110
120
4
50
85
71
141
52
48
125
56
133
91
100
6
10
140
58
113
60
59
87
118
57
1
98
25
144
95
78
3
38
13
77
74
69
12
110
63
139
47
78
24
41
11
67
82
52
61
131
61
93
94
73
51
140
88
144
108
135
123
115
55
10
5
108
109
17
34
14
44
101
72
79
107
45
21
134
127
53
99
66
25
70
122
25
92
38
110
89
130
27
117
9
69
8
1
115
55
112
65
90
139
10
3
111
19
137
138
28
80
18
141
137
22
121
114
131
13
54
116
140
117
73
6
82
58
132
60
68
65
1
67
90
31
111
80
49
142
91
106
4
16
89
39
85
50
63
15
113
112
56
120
124
13
49
40
23
143
23
50
96
37
122
24
85
48
118
35
116
15
42
71
2
118
143
57
19
5
58
81
120
77
119
27
41
57
36
134
70
86
76
133
74
46
45
12
100
6
92
128
14
78
47
98
68
71
100
104
18
135
26
39
59
3
62
83
98
64
91
125
107
20
87
48
22
62
7
9
130
35
51
123
136
76
102
114
103
95
113
26
53
32
106
4
31
121
126
83
144
44
59
141
97
56
93
75
132
124
84
40
60
52
86
54
30
28
87
129
105
109
42
38
127
136
37
43
126
33
8
96
84
29
21
104
103
119
30
129
138
11
97
125
43
102
81
29
36
33
105
128
79
95
2
142
46
75
101
133
34
99
32
16
94
88
72
64
7
66
17
20
12
11
23
35
36
48
60
72
71
70
69
68
80
79
91
92
104
116
115
103
102
90
78
77
89
88
87
75
74
73
61
49
37
25
26
27
28
29
17
5
4
16
15
14
2
1
13
25
37
38
50
62
63
64
76
88
100
99
111
112
124
125
126
127
139
138
137
136
135
123
122
134
133
121
109
97
85
86
98
110
111
99
87
75
76
64
52
51
39
40
41
42
54
55
67
66
65
53
52
40
41
29
30
31
32
20
19
18
6
7
8
9
21
22
10
9
8
20
32
33
34
46
58
59
47
48
60
72
84
83
82
81
93
105
106
118
119
120
108
107
95
96
108
120
132
144
143
131
130
142
141
140
128
129
117
116
115
114
113
101
102
103
104
92
91
79
67
55
43
44
45
57
45
44
56
57
56
68
80
81
69
70
58
46
34
33
21
22
10
11
23
24
12
24
36
35
47
59
71
83
84
96
95
94
82
94
93
105
106
107
119
131
132
144
143
142
130
118
117
129
141
140
128
127
139
138
137
125
126
114
113
101
100
112
124
136
135
123
122
134
133
121
109
110
98
97
85
86
74
73
61
49
50
62
63
51
39
38
26
14
13
1
2
3
4
3
15
27
28
16
17
5
6
7
19
18
30
31
43
42
54
66
78
90
89
77
65
53
144
143
131
119
120
108
96
84
72
60
48
36
35
47
46
45
57
56
44
32
31
19
7
6
5
17
16
4
3
15
14
2
1
13
25
37
38
39
40
52
53
41
29
28
27
26
25
37
49
50
51
63
64
65
66
54
42
43
55
67
68
69
81
82
70
58
59
71
83
95
94
93
105
117
116
128
140
139
127
126
138
137
125
124
136
135
134
122
110
109
97
85
73
61
62
74
86
98
99
100
101
102
114
113
112
111
123
135
136
137
138
139
140
141
142
130
129
117
118
106
107
108
96
95
94
82
81
80
79
78
90
91
103
115
127
126
125
124
123
111
112
113
114
102
101
89
88
87
75
76
77
65
66
67
68
69
57
45
33
34
22
23
11
10
9
21
20
8
7
6
18
19
20
8
9
21
22
10
11
12
24
12
24
23
35
36
48
60
72
84
83
71
70
58
59
47
46
34
33
32
44
56
55
43
31
30
18
17
5
4
16
28
29
30
42
54
53
41
40
39
27
15
3
2
1
13
14
26
38
50
49
61
73
74
62
63
51
52
64
76
75
87
86
85
97
109
121
133
134
133
121
122
110
98
99
100
88
89
77
78
90
91
79
80
92
104
105
106
107
119
118
130
131
132
120
132
144
143
142
141
129
128
116
115
103
104
92
93
