##Rat 4 Day 6
 ##rewards
126
113
47
##Vertices
57
76
30
107
119
116
90
77
135
109
40
143
58
25
11
38
84
9
3
100
132
35
115
104
81
32
82
5
35
58
82
54
42
137
41
144
112
98
78
112
120
11
14
37
15
110
134
18
88
124
63
37
121
92
99
121
39
133
79
73
43
81
87
106
108
91
47
6
27
19
57
136
25
52
79
73
136
32
23
132
85
124
87
50
107
111
69
18
17
60
26
65
45
140
122
43
125
2
55
119
105
39
29
142
106
20
86
97
126
48
52
7
62
118
3
72
40
50
34
1
85
130
80
65
83
141
90
64
94
33
98
96
114
53
60
80
12
123
51
10
17
29
128
123
38
54
62
102
77
16
7
117
13
8
138
92
42
114
108
78
97
15
56
61
70
99
105
111
9
16
63
91
49
71
23
113
117
89
95
49
27
72
12
86
74
100
28
126
10
95
36
8
31
139
4
103
128
110
56
70
93
115
103
83
31
88
69
130
24
75
75
24
5
113
120
129
135
125
102
127
131
53
143
55
4
46
101
13
67
26
101
89
76
6
104
139
28
36
2
74
127
84
133
46
109
59
94
44
68
93
22
140
59
21
71
142
20
48
66
33
137
30
47
134
118
19
14
122
34
66
144
64
45
1
129
138
96
22
116
61
141
51
131
67
41
68
44
21
89
111
122
143
61
139
70
123
15
125
47
84
93
1
72
126
18
66
25
80
133
2
31
127
112
103
61
122
129
107
31
84
4
69
48
34
102
136
25
40
54
66
44
26
81
17
111
124
65
46
94
7
47
27
27
18
53
121
50
43
96
92
38
39
101
116
82
52
138
95
131
81
63
114
104
67
75
98
105
96
68
14
134
89
136
71
28
12
28
29
128
16
114
49
64
91
141
9
3
51
83
59
79
131
87
65
33
140
100
14
36
82
24
141
56
106
132
90
118
140
99
36
142
97
86
11
57
105
72
106
37
124
110
137
102
62
135
92
90
46
94
113
15
42
110
48
116
22
4
32
70
49
39
77
138
83
54
20
143
68
58
57
21
73
37
8
53
79
115
69
56
59
30
41
67
7
10
16
108
142
123
119
11
76
8
55
127
133
30
41
33
119
19
134
73
13
24
98
78
128
32
117
34
144
58
51
118
91
42
112
80
6
88
74
121
135
130
62
108
125
109
71
88
95
52
104
132
99
87
120
23
12
139
126
35
55
109
45
63
19
74
10
22
107
76
9
117
17
26
77
129
43
13
130
38
20
60
64
113
45
35
6
144
120
5
86
75
100
97
23
1
85
85
44
40
93
50
101
103
3
137
5
60
21
29
78
2
115
133
134
122
110
111
99
87
88
89
101
113
114
126
138
137
125
124
136
135
123
111
112
100
99
98
97
85
73
74
62
61
49
50
51
39
38
26
14
15
3
4
16
17
5
6
18
19
31
30
42
43
44
32
20
21
9
10
22
34
33
45
46
58
59
47
48
60
72
71
70
69
81
82
83
84
96
95
107
108
120
119
131
130
142
143
144
132
120
108
96
84
72
60
48
36
35
23
24
12
11
10
9
8
7
6
5
4
3
2
1
13
25
37
49
61
73
85
86
74
75
63
64
52
40
28
27
15
16
17
29
41
53
65
77
76
64
65
66
67
79
78
90
102
103
91
92
93
94
106
105
104
116
128
140
141
129
117
118
119
107
95
83
71
59
58
57
56
68
80
79
91
92
104
116
115
127
128
140
139
138
139
127
126
114
115
103
102
90
78
66
67
68
80
81
93
105
117
129
141
142
143
144
132
131
130
118
106
94
82
70
69
57
45
46
47
35
36
24
12
11
23
22
34
33
21
20
8
7
19
18
30
42
43
31
32
44
56
55
54
55
54
53
52
51
39
40
41
29
28
27
26
14
2
1
13
25
37
38
50
62
63
75
87
88
76
77
89
101
100
112
113
125
137
136
124
123
135
134
133
121
122
110
109
121
109
97
98
86
144
132
131
130
118
117
116
104
92
93
94
82
83
84
96
95
107
108
120
119
118
106
105
117
129
141
140
139
127
126
138
137
125
113
112
124
123
122
110
109
97
98
86
85
73
74
62
63
75
76
64
52
51
50
38
37
25
26
27
39
40
28
29
17
16
4
5
6
18
30
42
43
31
19
7
8
20
21
9
10
22
23
35
36
24
12
11
10
9
8
7
6
5
4
3
15
14
2
1
13
25
37
49
61
73
85
97
109
121
133
134
135
136
137
138
139
140
128
127
115
114
102
101
100
99
111
110
98
86
87
88
89
90
91
103
102
90
78
66
67
79
80
81
69
68
56
44
32
33
45
57
58
59
60
48
47
46
34
22
21
20
19
18
17
29
41
53
54
55
67
68
56
57
58
70
71
59
60
72
84
72
71
83
82
70
69
81
80
79
78
66
54
55
43
44
45
46
47
48
36
24
12
11
23
35
34
33
32
31
30
42
41
40
28
16
15
3
2
1
13
14
26
27
39
38
50
49
61
62
74
75
76
64
63
51
52
53
65
77
65
77
89
101
113
112
100
88
87
99
111
123
122
121
133
134
135
136
124
125
126
114
115
116
104
103
91
92
93
105
106
94
95
96
108
107
119
120
132
144
143
131
130
142
143
142
141
129
128
31
44
107
7
64
37
125
78
74
136
19
103
87
50
88
94
42
43
4
84
13
115
71
23
4
24
90
138
33
31
119
46
120
85
37
54
69
21
122
8
68
52
99
16
127
141
113
16
127
75
18
117
115
76
15
91
108
23
132
77
104
82
22
27
48
86
104
112
114
131
35
2
26
144
116
21
17
53
52
102
99
131
135
81
67
140
97
47
65
134
29
9
28
43
19
40
121
105
32
142
130
59
25
103
5
80
126
11
95
135
98
124
18
63
136
128
68
86
123
109
133
118
33
137
92
63
113
72
50
49
34
138
38
2
133
28
29
95
1
111
66
22
55
102
13
81
87
41
106
77
78
73
9
129
139
128
141
62
70
100
91
60
24
137
143
134
89
129
112
61
60
142
12
82
80
30
109
25
140
41
124
27
110
36
61
97
92
30
38
116
42
54
96
94
11
93
122
17
100
143
58
105
83
101
3
7
12
96
79
46
65
74
40
117
3
88
111
35
73
110
14
45
20
79
56
48
49
75
44
56
1
57
101
53
32
57
51
119
10
120
118
36
76
10
98
106
59
20
55
45
83
121
69
130
72
144
26
47
84
71
125
51
67
6
39
70
34
123
62
126
139
5
66
132
14
58
114
107
89
39
8
90
64
6
93
15
108
85
41
64
19
94
116
53
104
100
84
33
136
46
96
66
58
128
40
121
137
78
49
25
45
109
22
141
143
73
1
44
20
108
101
80
17
93
24
103
94
134
10
114
105
80
75
38
4
28
85
90
92
46
97
36
98
70
37
35
132
112
49
79
61
89
87
39
20
35
124
81
51
17
139
6
41
21
113
36
82
140
29
69
8
135
105
34
92
77
39
13
111
130
112
21
127
15
22
125
12
115
128
96
5
108
104
23
25
67
107
9
1
138
59
141
95
122
72
83
43
118
6
26
53
54
114
9
47
107
135
56
88
76
77
51
71
93
131
11
8
131
13
30
115
4
62
37
2
117
45
67
18
117
87
89
55
19
91
82
71
85
23
44
47
55
125
32
26
68
14
58
15
38
122
42
72
74
28
2
111
16
136
102
64
52
65
144
34
83
109
43
90
40
120
123
133
126
123
127
110
143
3
18
132
116
60
56
106
137
129
102
76
50
118
54
7
86
59
101
63
65
57
27
63
69
142
48
130
7
74
61
144
52
73
68
84
29
110
3
99
97
30
119
32
139
70
134
81
5
86
119
33
75
79
99
120
57
126
50
60
27
100
113
98
103
124
95
42
78
138
62
142
121
88
31
31
16
10
11
91
12
48
129
133
140
14
106
66
24
12
11
10
22
21
9
8
20
32
31
43
55
67
66
65
77
89
101
102
103
104
105
106
94
93
81
80
68
56
57
58
70
69
81
82
83
71
72
84
96
108
107
119
131
132
144
143
142
130
118
117
129
141
140
139
138
126
125
124
123
111
112
100
99
98
86
74
73
85
97
109
110
122
134
135
136
137
138
139
127
115
116
128
140
141
142
130
129
128
127
115
114
113
112
111
99
87
88
76
75
63
62
61
49
50
38
37
25
13
1
2
3
4
16
28
29
17
18
19
7
6
5
4
3
15
14
26
27
39
40
41
42
54
53
52
64
63
51
52
53
41
29
30
42
54
66
78
79
91
92
80
79
67
55
43
44
45
33
34
46
47
59
60
48
36
35
23
24
36
48
47
35
34
22
23
24
12
11
10
9
8
20
21
33
45
46
58
57
69
68
56
44
32
31
30
18
19
7
6
5
17
16
15
27
28
40
39
51
50
38
26
14
2
1
13
25
37
49
61
62
74
73
85
86
98
97
109
110
122
121
133
121
133
134
135
123
124
136
137
125
126
114
113
101
100
88
87
75
76
64
65
77
78
90
89
90
102
103
91
92
104
116
117
105
93
94
82
70
71
59
60
72
84
83
95
96
95
107
106
118
119
120
108
120
132
144
143
131
1
13
25
26
38
37
49
50
51
63
64
65
66
78
90
91
92
93
81
69
57
45
33
32
44
43
55
54
53
41
29
30
42
43
31
19
18
6
7
8
9
21
22
23
11
12
24
36
35
34
46
47
48
60
72
84
83
95
107
119
118
106
105
117
129
128
127
139
140
141
142
130
131
132
120
108
96
84
72
71
70
58
59
60
48
36
35
47
59
71
70
82
94
106
118
117
116
104
103
115
114
126
138
137
125
124
136
135
134
133
121
109
97
98
99
87
86
74
62
61
73
85
97
109
110
122
123
111
112
100
88
76
77
89
101
102
114
113
101
89
88
87
75
76
77
78
79
67
68
56
55
67
66
65
64
52
40
39
27
28
16
17
5
4
3
15
14
2
3
4
16
15
27
26
14
2
1
13
25
37
49
50
38
39
40
28
29
41
42
54
53
52
51
63
75
74
62
61
73
85
86
98
110
111
99
100
112
113
125
124
123
122
121
133
134
135
136
137
138
126
127
139
140
128
129
141
142
130
131
143
144
143
144
132
120
119
107
108
96
95
83
82
94
93
105
104
116
115
103
102
90
91
79
80
92
80
81
69
68
56
57
58
46
45
44
32
31
30
18
17
5
6
7
19
20
8
20
21
33
34
22
10
9
10
11
12
24
23
88
67
124
116
29
106
127
98
110
58
33
100
110
130
105
90
53
132
105
50
25
125
25
78
134
17
52
6
41
140
10
14
56
72
46
101
103
7
102
41
60
98
72
8
18
80
15
144
101
55
68
81
113
120
42
48
7
34
59
133
24
18
9
128
103
125
30
15
9
134
29
20
79
13
86
24
129
90
59
16
2
31
38
36
60
76
94
71
3
54
22
14
57
11
127
40
94
141
100
115
95
78
27
121
77
115
57
131
62
47
64
133
85
4
143
120
108
132
97
131
19
31
68
117
82
123
51
143
99
96
124
1
81
130
28
104
135
109
142
67
93
53
21
135
56
128
44
69
65
61
20
80
43
76
93
119
49
73
34
21
104
65
77
75
66
95
129
102
51
37
10
86
111
111
109
88
11
116
27
32
45
123
82
117
106
114
137
144
35
8
2
87
38
64
30
13
71
113
107
54
33
140
99
142
96
69
114
87
5
39
97
85
36
139
22
118
26
23
62
141
112
50
17
79
23
26
58
137
91
139
63
84
55
75
107
3
83
136
122
108
44
84
126
46
89
138
70
92
61
89
118
12
138
39
122
74
48
92
49
112
70
37
126
4
45
136
19
40
66
12
91
63
1
6
35
119
16
28
73
47
83
32
74
42
52
121
5
43
136
128
143
19
118
84
17
31
102
45
95
139
119
125
75
79
9
52
67
110
112
8
42
16
117
59
107
138
12
85
122
116
63
52
32
12
109
3
50
36
115
131
30
142
84
114
56
83
44
94
122
26
98
69
113
124
140
129
101
82
80
120
64
39
54
103
116
61
67
46
115
112
13
20
101
11
133
137
4
135
53
20
10
87
98
35
23
100
24
45
1
48
55
78
133
106
1
18
130
65
35
18
107
108
111
43
40
77
76
130
90
41
36
141
111
65
55
30
10
46
29
43
97
59
138
14
69
95
137
31
71
110
72
49
34
78
86
103
121
68
89
102
97
66
38
51
62
144
16
8
126
14
25
80
41
27
60
85
91
26
89
15
104
120
72
70
132
82
7
127
139
7
28
50
62
96
32
6
88
22
2
74
11
23
113
42
39
47
109
38
66
83
54
121
68
117
33
105
108
37
140
64
56
57
135
100
37
86
29
99
128
75
136
99
96
61
53
134
60
73
49
13
131
143
63
33
142
92
144
40
73
79
106
123
124
17
93
119
77
47
114
81
48
4
88
76
125
22
71
94
134
74
28
141
104
123
90
5
127
58
34
5
19
21
44
126
21
24
51
87
57
81
58
6
3
25
105
118
2
92
132
15
91
129
27
9
93
70
133
121
109
97
85
86
87
75
74
73
61
62
63
64
65
77
76
88
100
99
98
110
122
134
135
123
111
112
113
125
137
136
124
112
113
114
115
103
102
101
89
90
91
79
78
66
67
55
43
44
45
57
56
68
69
70
58
59
71
72
60
48
36
35
47
46
34
33
21
9
10
11
23
22
10
9
8
20
32
31
19
18
17
16
4
5
6
7
8
20
21
33
32
44
45
46
58
70
82
83
84
96
108
107
95
94
106
105
104
92
80
81
93
105
117
116
128
127
126
138
139
140
141
129
130
142
143
131
132
120
119
118
117
116
104
103
102
101
100
88
87
75
76
64
52
40
28
29
30
42
54
53
41
29
28
27
39
51
50
38
37
25
26
14
13
1
2
3
15
27
39
38
26
25
13
1
2
14
15
3
4
16
17
5
6
7
19
18
30
31
43
55
56
57
69
68
80
92
91
79
67
66
78
90
89
77
65
53
54
42
41
40
52
51
63
62
50
49
37
49
61
73
74
86
85
97
109
110
98
99
111
123
122
121
133
134
135
136
124
125
137
138
126
114
115
127
139
140
128
129
141
142
130
131
119
118
106
107
95
94
93
81
82
83
71
59
47
35
34
22
23
24
12
11
12
24
36
48
60
72
84
96
108
120
132
144
143
144
12
11
10
9
8
20
32
31
19
7
6
18
30
42
54
55
43
44
45
33
21
22
23
24
36
35
34
46
58
59
60
48
47
46
58
70
82
81
69
57
56
68
80
79
67
66
78
77
76
88
100
101
89
90
102
114
113
125
126
138
137
136
135
123
124
112
111
99
98
97
109
121
122
110
109
97
85
86
87
75
74
62
50
38
37
49
61
73
85
86
98
99
87
88
100
112
113
114
115
127
139
140
141
129
128
116
117
105
93
92
91
103
104
105
106
94
95
83
71
72
84
96
108
107
119
120
132
131
143
142
130
118
106
94
93
81
69
57
45
44
32
31
43
42
41
40
39
51
63
64
65
53
52
51
39
27
28
29
17
16
4
3
15
14
2
1
13
25
26
27
28
16
15
3
2
1
13
14
26
25
37
38
50
49
61
73
74
62
63
75
76
77
89
101
102
90
91
92
80
79
78
66
67
68
56
55
54
53
65
64
52
40
41
29
30
18
17
5
4
5
6
7
19
20
8
9
10
22
21
33
34
35
23
11
12
24
36
48
47
59
60
72
71
70
82
83
84
96
95
107
108
120
119
131
130
118
117
129
128
116
104
103
115
127
126
125
124
123
111
110
122
134
133
121
133
134
135
136
137
138
139
140
141
142
143
144
132
144
