##Rat 5 Day 38
 ##rewards
74
87
21
##Vertices
132
86
21
67
129
43
13
113
98
5
2
66
136
61
55
91
41
32
28
57
9
33
79
55
127
75
77
25
106
39
139
118
20
122
132
64
1
44
123
117
96
4
126
136
24
44
141
62
58
17
105
86
117
40
54
14
89
68
116
62
137
45
91
72
73
131
22
118
6
31
100
71
105
84
123
90
42
81
85
54
4
47
70
51
101
72
40
97
30
49
37
83
93
107
121
38
142
80
112
59
100
46
26
28
109
88
138
74
42
18
93
84
27
104
125
61
95
120
124
2
103
139
69
108
116
98
80
10
130
70
77
12
60
115
122
144
75
15
90
9
39
85
103
46
71
73
138
135
47
15
63
6
111
134
43
125
119
74
35
78
60
112
5
12
114
92
110
59
140
10
13
133
69
143
102
36
56
56
31
96
82
115
33
68
21
88
50
22
34
53
20
108
48
37
87
114
107
99
95
16
128
50
144
111
128
113
92
130
143
49
1
134
16
17
34
106
3
101
8
140
97
48
52
27
66
64
82
24
104
30
126
89
11
65
25
142
99
26
11
35
23
19
76
53
94
129
63
8
120
135
36
51
79
32
57
102
45
29
52
121
119
137
3
131
7
41
29
19
18
133
14
124
94
78
58
110
76
127
7
23
67
65
83
81
38
141
87
109
94
135
88
4
114
55
80
121
50
136
96
77
129
106
17
38
24
94
87
104
29
128
81
45
120
17
67
142
49
38
12
31
118
13
70
140
129
89
32
43
49
47
12
73
144
79
32
21
90
23
53
93
75
20
14
131
30
111
30
36
74
97
89
131
82
62
71
73
67
126
1
141
143
97
123
108
23
46
22
7
126
112
117
87
58
64
65
58
105
133
29
31
115
92
108
33
16
86
79
46
25
3
62
10
40
134
18
118
27
85
112
35
61
101
96
135
8
33
15
59
137
142
86
45
4
104
19
84
139
54
136
44
63
78
102
110
37
6
140
13
100
141
82
117
43
111
26
76
132
92
48
70
51
134
59
57
34
25
11
78
48
60
18
11
113
138
105
2
66
119
106
68
85
116
56
115
52
37
116
127
109
127
102
130
28
107
114
52
138
100
88
47
107
113
128
41
7
44
42
71
66
1
24
42
50
15
27
103
95
22
122
8
72
139
28
76
83
3
26
124
130
9
72
83
5
103
110
60
91
121
74
10
57
53
36
120
21
65
55
56
64
125
143
137
144
9
109
84
99
124
34
35
61
39
90
123
98
40
19
99
95
39
98
41
125
54
93
14
20
132
122
80
16
6
69
91
101
119
63
2
75
77
69
81
68
5
133
51
144
143
142
141
140
128
129
117
116
115
103
104
105
93
92
80
81
69
68
67
66
54
42
43
55
56
44
45
57
58
59
71
72
60
48
47
46
34
35
23
24
12
11
10
9
8
20
32
31
19
18
30
29
28
27
39
51
63
64
76
77
89
101
100
112
111
99
87
88
89
90
91
79
78
90
102
114
113
125
126
127
139
138
137
136
124
123
122
134
133
121
109
97
85
73
74
86
98
110
109
97
85
73
61
62
50
49
37
38
26
25
13
1
2
14
15
3
4
16
17
5
6
7
8
9
21
33
45
46
58
70
82
94
106
107
108
96
84
83
95
94
106
118
130
131
132
120
119
118
117
105
93
81
80
68
67
55
54
53
65
77
76
75
63
64
52
40
41
42
30
29
17
18
19
7
6
5
4
3
2
1
13
14
15
16
28
27
39
38
26
25
37
49
61
62
50
51
52
40
41
53
65
66
78
79
91
92
104
103
115
116
128
127
126
114
102
101
113
125
124
112
100
88
87
75
74
86
98
99
111
110
122
121
133
134
135
123
135
136
137
138
139
140
141
129
130
142
143
144
132
131
119
120
108
107
95
96
84
83
71
72
60
59
47
48
36
35
36
24
12
11
10
22
23
22
34
33
21
20
32
31
43
44
56
57
69
70
82
133
121
109
97
85
86
98
99
87
75
76
88
100
101
89
90
102
103
91
79
67
68
69
81
80
92
93
105
104
116
128
127
139
140
141
129
117
118
130
131
143
144
132
120
108
96
95
94
82
83
71
70
58
46
34
33
32
31
43
42
54
53
52
40
39
27
28
29
41
53
65
77
78
66
65
64
63
51
50
62
74
73
61
49
37
38
26
14
13
1
2
3
4
5
6
18
17
16
15
3
4
5
6
7
19
20
8
9
21
22
10
11
12
24
23
35
36
48
47
59
60
72
84
96
108
107
106
105
117
116
115
114
113
112
124
136
137
138
126
125
113
112
111
110
122
134
135
123
111
99
100
101
102
90
91
79
80
68
56
55
54
42
30
31
43
44
45
57
69
70
58
59
71
83
84
72
60
48
36
24
12
11
23
35
47
46
34
33
21
22
10
9
8
7
19
20
32
44
45
57
56
55
67
66
78
77
89
88
76
75
87
86
74
62
63
64
52
51
50
38
39
40
41
29
30
18
17
16
28
27
15
14
2
1
13
25
26
25
37
49
61
73
85
97
98
110
109
121
133
134
122
123
135
136
124
125
137
138
126
127
139
140
128
129
141
142
130
142
143
144
132
120
119
131
119
118
106
107
95
94
82
81
93
92
104
103
115
114
37
92
64
73
43
120
127
36
72
34
133
84
113
78
68
31
140
29
96
16
138
2
96
39
32
3
115
142
39
46
86
133
9
102
87
144
69
15
11
49
5
79
52
37
10
101
118
61
25
122
14
88
58
72
100
50
137
112
103
18
3
99
91
75
98
77
27
74
43
61
91
34
40
120
23
109
142
77
57
20
49
24
76
55
21
51
28
54
134
56
113
102
60
1
81
124
97
70
85
110
137
16
138
90
128
51
80
20
30
119
68
71
23
6
119
114
81
100
83
101
93
45
144
46
79
121
8
44
143
125
106
85
2
21
13
118
31
24
8
136
54
117
93
25
139
62
6
130
33
67
63
104
47
98
65
99
13
132
110
104
124
48
41
123
134
42
75
80
125
130
40
84
126
82
38
32
105
35
106
44
105
66
90
117
82
15
41
128
48
1
95
19
135
94
22
12
141
107
56
139
10
136
65
55
27
116
26
132
122
73
92
129
30
36
52
129
115
50
4
7
5
69
107
33
19
76
45
108
59
114
103
66
17
94
135
4
7
89
71
12
140
141
60
88
38
26
64
63
121
95
47
143
111
87
57
112
28
86
42
116
29
35
53
78
108
70
18
22
9
97
109
67
127
83
17
131
53
62
14
59
123
131
126
58
89
11
74
111
25
7
135
78
9
65
94
114
34
65
85
28
45
80
143
32
142
117
93
42
134
109
97
52
87
78
52
53
133
24
138
139
75
89
126
29
76
36
140
81
131
140
16
30
21
112
128
60
27
17
20
56
144
106
58
94
17
105
41
70
81
131
27
110
15
30
143
39
84
63
122
11
3
116
101
38
4
96
100
57
73
92
38
62
91
141
47
40
61
128
29
96
18
119
69
23
36
51
49
44
24
44
130
80
58
40
10
127
108
6
1
100
137
85
114
70
136
5
132
115
55
113
72
126
16
68
60
139
110
19
87
99
117
130
35
121
120
8
105
14
77
133
75
46
116
33
68
95
22
9
10
71
84
122
88
135
48
1
50
57
88
123
141
22
92
20
64
35
102
77
95
54
91
123
42
83
79
120
66
127
101
28
76
72
19
26
59
124
11
13
119
90
2
82
103
112
32
41
34
4
48
124
104
118
93
62
125
59
129
53
125
74
7
6
71
98
51
115
43
103
63
55
67
132
13
98
56
73
142
121
45
129
144
102
106
14
113
49
25
97
107
46
69
23
134
43
47
118
137
67
89
99
61
108
12
86
82
15
104
138
26
136
74
3
37
12
50
31
79
33
111
111
21
66
37
107
54
90
39
2
83
64
109
18
86
31
8
5
1
13
14
2
3
15
16
4
5
17
29
28
40
41
42
30
18
6
7
8
20
19
31
32
33
34
46
47
59
58
57
56
55
43
44
45
33
21
9
10
22
23
11
12
24
36
48
60
72
84
83
71
70
69
68
80
79
78
77
65
64
76
88
100
101
102
90
91
103
115
116
104
105
117
129
128
140
141
142
143
144
132
131
130
118
106
107
119
120
108
96
95
94
93
92
80
81
82
70
69
81
82
94
93
92
91
103
102
114
126
125
124
123
122
110
98
97
85
86
74
75
87
99
111
112
113
101
89
88
100
112
113
114
115
127
139
138
137
136
135
134
133
121
109
97
85
73
61
49
50
62
63
51
39
27
26
25
37
38
39
27
28
29
30
42
54
53
52
51
63
75
87
99
98
86
74
73
61
62
50
49
37
38
26
25
13
1
2
14
15
3
4
16
17
5
6
18
19
7
8
20
32
31
43
55
54
66
78
90
89
77
76
64
52
40
41
53
65
66
67
79
67
68
56
44
45
57
58
46
34
35
47
35
23
22
21
9
10
11
12
24
36
48
60
59
71
72
84
83
95
96
108
107
119
120
132
144
143
131
130
142
141
129
117
118
106
105
104
116
128
140
139
127
126
138
137
125
124
136
135
123
122
134
133
121
109
110
111
12
11
23
24
36
35
47
48
60
59
58
46
45
57
69
70
71
72
84
96
95
83
82
94
106
118
117
129
128
116
104
92
80
81
93
105
106
107
108
120
119
131
132
144
143
142
141
140
139
138
126
127
115
103
91
90
78
66
54
55
43
42
41
40
52
64
65
77
76
75
87
88
100
99
98
86
85
97
109
121
133
134
122
110
111
112
124
123
135
136
137
125
113
101
89
90
102
114
115
103
102
114
113
101
89
77
76
64
63
62
50
38
26
14
15
16
4
5
17
18
30
29
28
27
39
51
52
53
41
40
39
51
63
75
74
73
61
49
37
25
13
1
2
3
4
5
6
7
8
20
19
31
32
33
34
22
10
9
21
33
34
46
58
70
69
68
56
44
32
31
30
29
28
16
17
18
6
7
19
20
8
9
21
22
10
11
12
24
23
35
36
48
47
59
60
72
71
83
84
96
95
94
82
81
80
68
67
66
65
53
54
42
43
44
45
57
56
55
67
79
78
79
91
92
93
105
104
116
117
118
130
129
130
131
119
107
108
120
132
144
143
142
141
140
128
127
139
138
126
125
137
136
124
123
135
134
133
121
122
110
109
97
98
99
111
112
100
88
87
86
85
73
74
62
61
49
50
38
37
25
26
14
13
1
2
3
15
27
39
48
17
17
5
38
110
79
36
123
25
88
77
24
115
118
91
99
90
128
24
72
139
111
86
31
46
85
121
84
116
28
116
101
130
34
98
78
34
57
136
117
122
88
6
126
73
14
93
44
58
35
110
59
27
32
136
140
29
75
11
74
141
57
94
13
16
49
125
90
14
15
76
108
125
64
50
74
56
122
20
128
21
51
81
66
117
143
143
29
33
32
114
69
7
104
11
66
96
31
5
131
41
10
144
51
26
100
21
43
105
67
46
1
48
54
60
8
89
65
25
40
70
114
30
18
80
127
80
1
98
120
52
50
141
89
58
106
76
52
60
18
82
135
15
107
33
27
2
61
142
138
4
132
95
54
93
133
55
36
44
4
121
104
118
8
70
124
97
137
73
23
139
91
113
64
71
42
87
127
103
7
134
85
22
87
12
112
20
129
140
100
86
132
37
109
22
16
102
10
129
53
106
65
39
47
63
61
97
94
107
9
2
69
103
9
105
23
35
75
26
109
79
133
134
55
82
112
108
137
77
130
131
49
96
113
92
83
92
72
45
40
111
102
71
84
12
19
63
123
3
3
83
6
62
42
38
135
37
30
101
99
138
45
13
47
62
119
115
43
59
81
95
41
119
56
28
67
126
19
78
124
144
53
142
68
68
120
37
98
29
143
68
67
3
120
46
44
121
50
41
26
71
54
43
5
31
92
19
95
34
6
87
63
18
58
9
42
144
110
25
93
22
104
48
7
125
17
70
88
56
138
8
97
76
19
71
72
101
140
51
28
113
94
78
26
73
41
28
10
99
35
80
30
51
84
75
13
2
14
15
134
54
81
84
92
75
65
10
142
52
72
129
79
61
89
11
116
100
109
48
42
53
118
55
63
57
141
96
107
133
132
123
120
83
118
3
49
100
105
67
13
121
69
124
50
7
112
18
5
37
60
20
32
66
29
99
20
130
143
111
21
24
16
138
124
132
133
68
6
135
98
57
114
77
139
108
88
14
80
9
83
47
142
58
131
107
17
11
134
27
144
86
105
62
31
93
119
128
81
87
119
21
111
4
46
137
74
73
52
137
135
43
62
36
35
96
117
2
128
74
30
106
45
59
89
25
44
91
139
141
116
115
91
59
103
94
79
106
70
4
47
85
55
122
90
97
131
39
127
33
33
69
109
95
140
101
65
60
85
103
104
82
86
115
16
90
110
122
136
64
127
77
38
61
123
27
15
126
23
34
102
125
126
23
39
32
108
12
22
12
53
129
113
49
56
112
24
36
136
38
78
114
64
1
1
102
8
40
82
66
130
40
76
45
117
12
11
10
9
21
22
34
35
23
24
36
48
60
72
71
59
58
46
47
48
60
59
58
70
82
83
95
94
106
107
108
96
84
72
71
70
69
81
80
79
67
55
43
42
30
29
41
40
28
27
39
38
26
14
15
3
2
1
13
25
37
49
61
73
85
97
109
121
133
134
135
123
122
110
111
112
100
101
102
90
89
77
65
53
54
66
78
77
76
88
87
86
98
99
87
75
63
51
52
64
76
75
74
62
50
49
37
38
39
27
28
16
4
5
6
18
17
29
30
31
32
20
8
7
19
31
43
44
45
57
56
68
69
81
93
92
91
103
115
114
126
127
139
140
128
116
104
105
117
129
141
142
130
131
119
120
132
144
143
142
141
140
139
138
137
125
113
114
102
90
78
66
65
53
54
42
41
40
52
64
63
51
50
62
61
73
74
86
85
97
98
99
100
88
89
101
113
125
124
136
135
134
133
121
109
110
122
123
111
112
124
136
137
138
126
127
128
116
115
103
104
105
117
129
130
118
106
118
119
131
143
144
132
120
108
107
95
96
84
83
82
94
93
92
91
79
80
68
67
55
56
57
45
46
47
35
36
24
12
11
23
22
10
9
8
7
6
5
4
3
2
1
13
25
26
14
15
16
17
18
19
20
21
33
34
33
32
44
1
13
25
37
38
26
27
15
14
2
3
4
5
6
18
17
29
28
16
4
5
17
29
30
31
19
20
32
33
21
9
8
7
6
18
30
42
43
55
67
66
65
64
76
75
87
88
100
99
111
112
124
123
122
110
109
121
133
134
135
136
137
138
139
140
141
142
143
144
132
120
119
131
130
118
106
105
93
81
80
92
91
90
89
77
78
79
91
103
104
116
128
129
117
116
115
114
113
101
102
103
115
127
126
125
137
136
124
112
111
99
98
97
85
73
74
86
87
75
63
51
50
49
61
62
63
64
52
40
41
53
54
42
43
44
56
68
69
70
82
83
71
72
60
59
58
57
45
46
47
48
36
35
23
22
10
11
12
24
36
48
60
72
84
96
95
94
82
81
80
79
78
90
89
77
76
88
100
101
102
114
113
125
126
138
139
127
128
140
141
129
117
105
104
92
93
94
95
107
108
120
132
144
143
142
130
131
119
118
106
107
108
96
84
83
71
59
58
70
69
57
45
46
47
35
34
33
34
22
23
24
12
11
10
9
21
20
8
7
19
31
32
44
56
68
67
55
54
66
65
53
41
40
28
16
15
3
2
1
13
14
26
25
37
49
61
73
85
97
109
121
133
134
135
123
122
110
98
86
74
62
50
38
39
27
39
51
52
