##Rat 4 Day 11
 ##rewards
126
113
47
##Vertices
12
11
10
22
23
35
47
48
36
24
12
11
10
9
8
7
6
5
17
18
30
42
41
53
52
40
39
27
15
3
4
16
28
29
41
42
43
31
32
20
21
33
34
46
58
59
71
70
69
57
56
44
45
57
58
70
82
94
95
83
84
96
108
120
119
131
130
118
106
107
108
120
132
144
143
142
141
140
128
127
115
103
102
90
89
101
113
114
126
138
139
140
141
129
117
116
104
105
93
92
80
79
78
66
54
55
67
68
69
81
80
68
56
55
67
79
91
90
78
77
76
64
63
62
50
51
52
40
39
38
26
14
2
1
13
25
37
49
61
73
74
75
87
88
100
99
111
112
124
123
122
121
133
134
135
136
137
125
113
101
89
88
100
112
111
110
109
97
85
86
98
110
122
123
135
134
133
121
109
97
98
86
85
73
74
62
61
49
37
25
13
1
2
3
4
16
17
5
6
7
19
20
8
9
21
22
23
24
36
48
60
72
60
72
84
96
95
107
119
131
132
144
143
142
130
129
128
116
115
127
139
138
137
136
124
125
126
114
102
103
91
92
104
105
117
118
106
94
93
81
82
83
71
59
47
35
34
46
45
33
32
44
43
31
19
18
30
29
28
27
15
14
26
38
50
51
63
64
65
66
54
53
65
77
76
75
87
99
144
132
120
119
131
130
129
141
142
143
144
132
120
108
96
84
72
60
59
71
70
69
57
56
44
45
33
34
35
36
48
47
46
58
57
69
81
82
94
95
107
106
118
117
116
128
127
115
103
104
92
93
105
104
116
115
114
113
125
126
138
137
136
135
123
122
110
111
112
124
136
135
134
133
121
109
97
85
86
74
75
76
64
65
53
52
51
63
62
61
73
85
97
98
99
87
88
100
101
89
90
78
66
67
68
80
79
91
103
102
90
91
92
80
79
78
77
65
66
54
42
43
31
19
20
32
44
45
33
21
22
23
24
12
11
10
9
8
7
6
18
30
29
41
40
28
27
39
38
26
14
2
1
13
25
37
49
50
51
52
53
41
40
39
27
15
3
4
5
17
16
15
14
26
25
13
1
2
3
4
16
17
5
6
18
19
7
8
9
10
11
12
24
36
48
47
59
60
72
84
83
95
96
108
107
119
131
143
142
141
140
139
140
139
138
137
125
124
123
122
134
133
121
109
110
98
86
87
75
74
73
61
49
37
38
50
62
63
64
76
77
89
88
100
99
111
112
113
101
102
114
126
127
128
129
130
118
117
105
106
94
93
81
82
83
71
70
58
46
34
35
23
22
21
20
32
31
43
55
67
68
56
55
54
42
30
29
28
7
119
26
13
100
60
26
113
116
76
64
43
21
58
53
79
82
18
86
29
73
18
131
104
98
3
124
25
20
124
38
74
4
85
100
111
129
5
49
33
75
22
120
34
59
109
136
78
56
115
81
76
84
3
77
28
7
108
62
132
8
94
78
118
35
48
45
16
105
112
120
73
117
44
66
9
133
93
83
43
119
101
41
55
143
13
19
106
91
11
74
113
71
133
93
87
16
61
143
23
51
138
65
12
81
128
64
62
102
11
51
36
44
77
117
40
140
96
10
130
72
1
105
95
68
88
69
31
128
40
139
19
103
83
70
32
94
121
56
67
24
80
107
144
114
50
72
85
28
89
30
30
71
132
60
112
89
12
42
91
27
92
125
17
9
115
55
138
14
8
140
141
69
46
46
80
36
107
125
53
38
15
57
58
47
6
90
33
17
2
75
135
25
126
98
79
4
59
47
130
87
110
34
29
52
95
123
118
54
31
144
20
10
1
106
49
70
116
6
114
86
131
21
61
137
122
41
14
90
127
99
32
54
142
22
2
136
104
127
48
27
52
66
84
142
50
109
141
5
82
129
102
35
15
88
63
37
23
45
39
37
96
67
137
97
135
101
42
126
139
99
63
110
134
121
111
92
134
68
57
123
39
65
108
122
103
24
97
131
83
27
1
60
128
66
92
136
41
95
43
99
74
79
79
72
132
140
4
141
126
51
37
38
94
101
122
108
139
143
21
73
81
63
33
29
11
37
44
45
114
14
86
121
94
28
97
53
122
84
106
10
22
127
44
76
89
3
42
8
42
15
97
90
46
39
120
67
117
87
25
96
13
83
101
36
80
67
11
61
16
137
131
107
17
100
12
65
48
91
30
113
138
135
33
143
105
128
54
36
14
61
18
142
3
138
87
16
51
81
121
119
109
49
130
75
64
129
123
24
38
111
40
9
137
93
49
68
88
64
53
59
142
112
77
78
102
12
40
88
39
45
115
105
19
50
82
141
127
115
85
23
7
93
70
58
13
60
77
125
5
124
84
4
75
7
134
103
123
95
110
136
22
89
118
32
18
120
96
19
8
78
21
104
35
28
69
118
132
71
126
57
48
74
92
99
70
25
2
110
90
113
102
41
133
106
57
111
124
46
55
23
144
29
20
58
125
140
80
34
26
17
62
55
103
134
2
107
91
114
35
56
98
26
144
43
56
108
31
116
130
119
73
86
63
139
71
112
98
100
62
47
47
6
104
27
6
72
135
133
9
30
65
69
32
1
76
52
50
34
116
117
52
24
109
31
85
54
68
15
82
20
129
5
66
59
10
1
13
25
37
49
50
38
39
51
63
64
52
40
41
53
54
42
43
55
67
79
80
81
69
68
56
57
45
44
32
20
19
7
8
9
21
33
34
22
23
11
12
24
36
48
60
59
58
70
71
83
82
94
106
118
117
116
115
103
102
90
89
88
100
99
111
112
113
101
89
77
65
66
78
77
76
75
87
86
74
62
61
73
85
97
98
110
122
121
133
134
135
136
137
138
126
125
124
123
135
136
137
138
139
127
128
140
141
129
130
142
143
144
132
131
119
120
108
107
95
96
84
72
60
48
47
46
45
33
32
31
30
29
28
16
4
5
6
18
17
29
28
27
26
14
2
3
15
27
39
40
41
42
54
55
67
68
80
92
91
90
102
114
115
103
104
105
93
81
82
94
95
83
71
72
84
96
108
120
132
144
143
131
119
107
106
118
117
129
130
142
141
140
139
127
128
116
104
105
93
92
91
79
78
66
65
53
52
64
63
51
50
62
74
75
76
88
87
86
98
99
100
101
113
114
126
125
124
112
111
123
122
134
133
121
109
110
109
97
85
73
61
49
37
38
26
25
13
1
2
14
15
3
4
16
17
5
6
18
19
7
8
20
21
9
10
22
10
11
12
24
36
35
23
35
34
46
47
59
58
70
69
57
56
44
43
31
30
133
134
135
136
137
125
124
112
113
114
102
101
100
88
89
77
76
64
65
66
67
55
43
42
54
53
41
40
52
51
50
62
61
49
37
38
39
27
26
14
13
1
2
3
4
5
17
29
30
18
19
31
32
33
34
46
58
70
69
81
80
92
104
105
117
118
106
94
93
92
91
90
78
79
91
103
115
116
128
127
126
138
139
140
141
129
130
131
143
144
132
120
108
96
84
83
95
107
119
120
108
96
84
72
71
59
60
48
47
35
36
24
12
11
23
22
10
9
21
20
8
7
6
5
4
16
28
40
39
51
63
75
87
99
98
97
85
73
74
86
87
99
111
123
122
121
109
110
111
112
100
88
76
77
65
66
54
55
56
68
80
81
82
70
69
57
45
44
43
31
32
20
19
18
6
7
8
9
10
11
12
24
23
22
21
33
34
46
47
35
36
48
60
72
71
59
58
57
45
44
56
68
67
79
78
90
89
101
102
114
113
125
126
127
115
103
104
116
128
129
117
105
93
94
82
83
95
107
106
118
119
131
132
144
143
142
130
142
141
140
139
138
137
136
124
123
135
134
133
121
122
110
109
97
98
86
85
73
74
62
61
49
50
38
37
25
26
25
13
1
2
3
15
14
15
27
28
16
17
29
30
42
41
53
52
64
63
75
112
30
39
1
55
86
123
118
136
41
43
72
60
28
35
41
96
85
9
118
22
88
23
14
16
81
1
66
2
2
67
128
127
73
142
13
111
37
68
139
63
144
82
124
48
84
79
109
104
3
117
70
8
65
46
107
67
18
122
25
74
78
51
136
62
105
131
89
93
110
20
10
119
70
106
76
54
115
132
16
126
26
138
91
134
36
20
9
61
84
105
39
87
132
10
114
46
38
117
129
94
97
81
104
54
71
6
57
50
100
80
90
124
123
82
47
28
99
23
135
25
48
32
51
92
77
7
43
102
45
19
139
59
22
19
12
61
95
134
13
143
44
15
116
24
91
116
111
14
55
69
113
125
126
94
90
121
40
135
72
133
88
99
11
113
4
83
12
71
141
129
106
108
86
40
141
42
60
140
15
133
33
83
98
53
101
4
98
18
96
143
49
108
127
103
115
75
7
100
45
37
63
31
97
76
69
62
122
27
114
11
56
128
103
49
109
59
56
130
121
125
5
137
144
30
21
102
35
44
78
64
6
87
64
42
89
93
34
21
66
31
57
74
3
26
58
8
119
32
75
85
27
120
47
138
80
101
107
17
53
36
68
77
92
142
29
65
38
120
50
130
29
79
24
140
95
58
73
34
52
112
110
52
17
137
5
131
33
125
144
56
48
97
120
64
142
96
8
142
87
134
87
4
44
29
36
82
98
143
42
104
13
91
135
26
32
107
85
80
127
66
71
99
38
124
126
41
20
81
125
7
58
119
76
118
136
78
16
139
98
128
130
50
22
52
95
51
102
66
137
48
16
91
109
63
93
140
121
114
115
84
100
68
9
105
72
17
96
15
6
45
6
111
46
131
25
36
81
94
80
57
105
19
11
76
21
10
144
47
129
28
62
108
12
116
88
122
58
79
26
89
23
127
22
138
89
110
65
103
37
62
63
90
41
95
77
75
30
47
61
68
114
138
40
143
19
28
140
132
117
64
4
29
112
112
99
59
123
109
67
73
141
35
57
100
107
60
93
88
65
24
70
2
27
1
113
77
131
3
133
137
92
49
106
110
25
46
27
5
1
5
83
79
84
54
101
102
14
94
90
34
121
135
20
116
61
43
118
128
40
53
106
104
23
97
82
51
21
69
52
75
44
60
67
86
124
69
37
11
103
70
83
71
43
139
24
49
59
120
132
3
15
32
130
31
34
129
113
74
72
9
45
73
7
54
14
117
12
33
56
53
134
17
136
122
8
39
115
2
18
18
101
108
50
78
31
86
42
85
111
13
38
39
74
141
10
123
30
133
33
55
119
126
92
35
55
1
2
14
13
25
26
38
37
49
50
51
39
40
52
64
63
62
61
73
85
86
74
75
87
99
111
112
124
125
113
101
89
77
76
88
100
99
98
97
109
110
122
121
133
134
135
136
137
138
139
127
126
114
102
90
91
79
67
55
54
42
43
44
45
57
69
68
80
81
82
94
93
105
106
107
95
96
108
120
132
144
143
131
119
118
117
129
130
142
141
140
128
116
104
92
91
103
115
114
102
103
115
116
104
92
80
81
69
70
71
59
47
35
23
22
21
9
8
20
19
31
32
33
34
46
58
57
56
44
45
46
58
70
82
83
84
72
60
48
36
24
12
11
10
9
8
7
6
5
17
18
30
29
28
27
15
3
4
16
28
27
39
51
63
64
65
53
41
29
30
31
32
33
21
20
19
7
6
18
17
5
4
16
15
3
2
1
13
14
26
25
37
38
50
49
61
62
74
73
85
86
87
75
76
77
65
66
67
68
56
55
43
42
41
40
52
53
54
66
78
79
78
90
89
88
100
101
113
112
111
123
124
123
122
110
98
97
109
121
133
134
135
136
137
125
126
138
139
127
128
140
141
129
130
142
143
144
132
131
119
120
108
107
106
118
117
105
93
94
95
96
84
83
71
72
60
59
47
48
36
35
23
24
12
11
10
22
34
144
132
131
143
142
130
129
141
140
128
116
117
105
104
103
115
127
139
138
137
125
126
114
113
112
111
99
98
86
87
88
89
90
102
101
100
112
124
136
135
123
122
134
133
121
109
97
85
73
61
62
74
75
76
77
65
66
67
68
80
81
69
57
45
44
43
55
54
42
30
29
41
40
28
16
17
5
4
3
2
1
13
14
15
27
39
38
26
25
37
49
50
51
52
53
65
64
63
75
76
64
63
51
52
53
54
42
43
31
19
20
21
22
23
35
47
48
60
59
71
70
58
46
34
33
32
44
56
57
45
33
32
31
30
18
6
7
8
9
10
11
12
24
36
48
60
72
84
96
95
83
82
94
106
118
119
120
108
107
106
118
117
116
115
103
91
92
93
94
82
70
58
46
47
59
71
72
84
83
95
96
108
107
119
120
132
144
143
131
130
142
141
129
128
140
139
127
126
138
137
125
113
114
102
90
91
79
67
55
56
68
69
81
93
105
104
92
80
79
78
66
78
77
89
101
100
88
87
99
111
110
98
110
122
123
124
136
135
134
133
121
109
97
85
86
74
73
61
62
50
49
37
38
26
25
13
1
2
14
15
3
4
16
28
27
39
40
41
29
17
5
6
18
19
7
8
20
21
9
10
22
23
11
12
24
36
35
34
45
5
72
9
34
4
51
124
39
60
82
11
35
59
75
46
61
10
126
34
140
87
6
63
49
88
108
116
121
43
57
60
29
139
119
55
14
13
97
69
94
141
65
41
80
67
16
10
76
95
138
73
131
15
50
56
104
1
29
116
56
122
41
93
19
54
83
96
133
106
51
73
112
123
58
22
36
64
106
84
82
66
69
26
70
23
84
90
86
123
54
102
68
33
88
52
137
14
103
130
31
77
7
17
38
46
12
79
9
7
47
3
120
139
105
20
21
115
127
55
64
85
100
48
111
27
49
6
62
97
129
107
114
18
42
70
37
36
39
85
58
74
105
95
42
47
101
120
142
144
19
28
2
118
53
78
134
103
98
23
132
13
11
71
45
118
108
83
112
114
100
67
107
129
130
102
127
40
135
61
72
80
33
128
99
104
32
115
65
133
57
12
75
109
5
111
68
78
110
128
98
4
44
113
99
96
125
143
110
131
74
31
119
8
92
2
137
117
144
38
138
94
32
93
53
71
124
18
91
101
81
25
121
135
91
141
20
52
66
140
117
16
17
35
28
26
62
30
24
89
125
90
126
132
27
136
22
136
59
92
15
113
81
122
48
44
76
24
50
21
63
8
40
79
134
142
87
25
30
3
86
143
89
109
1
77
43
37
92
77
87
30
38
121
111
114
5
1
115
136
123
95
45
119
96
6
46
47
88
99
98
119
48
113
31
57
33
93
140
37
16
34
144
77
56
139
133
132
54
33
141
43
53
130
111
25
109
90
8
92
61
89
81
2
11
83
49
133
79
124
101
41
27
106
143
19
141
96
48
79
66
15
131
99
62
95
87
13
55
64
36
118
23
136
138
38
71
28
84
66
68
74
109
94
9
124
53
69
90
32
43
98
10
64
36
23
122
103
75
116
110
127
120
113
73
134
35
135
74
139
142
138
117
105
34
49
73
61
78
58
7
131
50
112
107
134
32
20
59
52
35
116
143
1
108
39
13
75
91
108
15
104
127
103
6
76
68
91
21
40
12
128
18
60
86
115
142
5
104
67
132
126
55
82
137
57
85
56
31
140
71
44
72
17
2
58
37
80
3
67
9
106
11
51
20
126
118
26
24
7
39
27
70
102
72
144
63
19
135
101
122
60
93
8
25
114
4
121
29
120
4
30
94
129
26
137
17
112
24
81
130
84
63
18
28
3
22
70
83
82
65
125
97
65
123
44
85
29
102
100
45
100
129
51
59
88
16
86
69
110
14
125
12
52
42
80
89
62
54
78
41
42
22
46
107
10
76
14
21
50
128
97
105
117
40
47
