##Rat 8 Day 11
 ##rewards
71
58
124
##Vertices
133
121
109
110
122
123
124
136
135
134
133
121
109
97
85
73
61
49
50
62
63
64
52
53
41
40
28
27
26
25
37
38
39
51
52
64
76
75
87
86
98
99
111
112
113
125
126
114
102
101
89
88
100
101
113
114
115
116
128
127
139
140
141
142
130
131
119
118
117
129
141
142
143
144
132
120
108
96
95
83
82
81
69
68
56
57
58
70
71
72
84
96
108
107
106
94
93
105
104
92
91
79
67
66
65
77
78
90
102
103
91
90
89
77
78
79
80
68
67
55
43
42
30
18
17
29
41
40
28
16
15
14
13
1
2
3
4
5
6
7
19
31
32
44
45
33
34
46
47
35
23
11
12
24
36
48
60
59
58
57
56
44
45
46
34
22
10
9
8
20
21
22
23
35
36
24
12
11
10
9
21
20
8
7
19
18
6
5
4
3
2
1
13
25
37
38
50
49
61
73
74
86
85
97
98
110
122
134
135
136
137
138
137
138
139
140
128
129
130
131
143
144
132
120
119
107
95
94
82
83
84
72
60
48
47
59
71
70
69
81
80
92
93
105
106
118
117
116
104
103
115
127
126
125
124
123
111
112
100
99
87
88
76
75
74
62
63
51
39
27
26
14
15
16
17
29
30
42
54
66
65
53
54
55
43
31
32
33
144
143
142
130
131
119
107
108
120
132
144
143
142
141
140
139
138
137
125
126
114
102
101
89
88
100
99
111
123
135
136
124
112
113
101
102
103
115
116
128
129
117
118
106
94
95
83
82
81
93
92
104
105
93
94
82
70
58
59
71
72
60
48
36
35
23
22
34
46
47
48
36
24
12
11
10
9
8
20
19
31
43
42
54
53
41
29
30
18
6
7
8
9
21
33
32
44
45
57
56
68
67
66
78
90
91
79
80
81
69
68
80
92
91
79
67
55
54
66
65
64
76
75
74
86
87
88
100
99
98
110
122
134
133
121
109
97
85
73
61
62
63
51
52
40
39
27
28
16
15
14
13
1
2
3
4
5
17
29
41
53
52
40
28
27
26
25
37
49
50
38
26
14
15
3
2
1
13
25
37
38
50
49
61
62
74
73
85
97
109
121
133
134
135
136
124
125
137
138
139
127
128
140
141
129
130
131
132
120
108
96
84
96
84
72
60
59
47
35
23
24
12
11
10
22
21
20
32
31
19
7
6
5
4
16
17
18
30
42
43
55
56
44
45
33
34
46
58
57
69
70
71
83
95
107
119
118
106
105
117
116
104
103
115
127
126
114
113
112
111
123
122
110
98
86
87
75
76
77
78
90
89
77
65
64
63
51
39
73
130
15
2
45
137
15
58
94
43
42
76
98
113
53
79
115
62
20
51
7
62
131
93
21
25
47
3
86
47
16
19
37
8
45
34
107
49
5
99
31
110
142
111
125
10
48
67
89
82
103
43
139
25
55
39
73
141
18
143
85
116
67
118
123
136
100
38
105
46
142
7
106
88
66
97
12
104
127
76
130
57
52
77
132
2
74
117
80
121
19
58
126
12
104
32
38
6
132
122
29
72
54
133
103
95
42
18
69
121
29
135
88
55
106
40
96
140
109
119
138
1
105
128
90
44
102
75
95
40
84
74
81
127
114
87
116
11
89
78
134
91
129
144
70
17
138
8
39
56
63
63
126
143
137
46
56
133
64
80
27
92
59
50
97
82
77
72
14
85
96
108
102
112
112
91
135
129
59
53
16
26
101
113
124
61
68
99
50
13
31
36
3
71
21
79
37
125
124
119
32
22
111
51
41
128
35
118
65
75
144
86
109
1
117
5
114
94
61
70
20
131
98
6
60
23
52
14
68
83
33
87
65
120
110
13
48
93
83
136
27
41
66
139
120
17
10
108
49
115
107
69
123
26
44
30
4
122
100
28
4
140
78
60
9
36
57
64
71
84
33
30
22
24
11
34
92
24
90
101
35
28
54
141
23
81
134
9
131
127
27
1
137
95
66
92
48
52
128
76
33
19
79
79
138
143
96
37
108
71
29
4
16
116
57
23
141
84
132
98
7
103
30
99
51
121
4
88
100
70
14
20
11
116
39
9
53
23
139
117
109
110
83
88
43
56
25
64
85
64
26
9
68
112
28
142
78
106
32
3
140
2
127
57
135
91
78
121
6
38
60
131
129
50
45
133
54
136
80
63
58
72
36
99
132
105
95
65
135
14
6
62
120
25
72
32
38
29
103
11
130
10
5
119
31
42
107
35
134
16
34
40
97
60
104
5
90
44
42
53
125
120
46
55
67
69
133
40
44
28
100
82
105
74
17
115
108
83
82
8
122
73
104
114
113
2
137
55
59
49
47
139
37
31
73
24
81
35
128
22
48
110
56
118
87
62
142
140
74
85
67
98
93
123
39
102
118
143
126
71
101
136
19
92
33
114
3
13
22
68
58
69
52
12
117
101
34
47
112
77
122
144
51
86
113
59
96
91
111
15
50
18
77
81
24
13
129
80
70
123
89
21
15
144
76
89
141
75
94
119
130
7
20
30
84
126
46
21
45
18
124
124
61
93
27
61
138
36
12
97
63
54
102
87
1
43
41
17
111
94
106
41
134
10
75
8
65
90
26
115
86
107
49
66
125
109
1
2
3
4
5
17
16
28
29
30
42
41
40
52
53
65
64
76
77
78
79
91
103
102
90
89
101
100
88
87
86
74
73
85
97
98
99
111
110
122
121
133
134
135
136
137
125
113
114
126
127
115
116
117
118
106
94
82
81
69
68
56
44
45
33
34
46
58
57
56
55
54
66
67
55
43
31
32
20
19
18
6
7
8
9
21
22
23
11
12
24
36
48
60
72
71
59
47
35
36
48
60
72
84
83
95
96
108
107
119
120
132
144
143
131
130
142
141
129
128
140
139
138
137
136
124
112
100
99
87
75
63
51
39
38
37
49
61
62
50
51
39
27
15
14
13
25
26
27
28
40
52
64
65
77
78
90
91
92
80
68
69
70
82
81
93
105
104
103
115
116
128
127
126
138
139
140
141
142
143
144
132
131
130
129
117
118
106
107
119
120
108
96
84
83
95
94
93
105
104
92
80
79
67
66
54
53
41
42
30
29
17
18
19
31
43
44
32
20
21
33
45
57
58
70
71
59
47
46
34
35
23
24
12
11
10
22
10
9
8
7
6
5
4
16
15
3
2
1
13
14
26
25
37
38
50
49
61
62
74
73
85
86
98
97
109
110
109
121
133
134
135
123
122
123
111
112
124
125
113
114
102
101
89
88
76
75
63
12
24
36
48
60
59
47
46
58
70
69
57
45
44
56
55
43
42
54
66
78
77
76
64
65
53
52
40
41
29
17
18
6
5
4
16
28
27
15
14
2
1
13
25
37
49
50
51
63
62
74
75
87
99
111
112
113
114
102
103
91
92
93
105
106
118
117
116
104
92
80
68
67
79
80
81
82
94
95
83
71
72
84
96
108
107
119
131
132
144
143
142
141
140
139
127
128
129
130
142
141
140
139
138
126
125
137
136
124
123
135
134
133
121
122
110
109
97
98
86
85
73
61
49
37
38
39
40
28
29
30
31
32
33
21
9
8
7
19
20
32
33
34
35
23
11
10
22
34
46
45
44
43
55
54
66
65
77
89
90
91
103
115
114
102
101
100
88
76
75
87
86
74
62
61
73
85
97
109
121
133
134
122
110
98
99
111
112
124
123
135
136
137
138
126
125
113
101
100
88
89
90
78
79
67
68
56
57
69
70
58
59
71
83
82
81
93
94
95
107
106
105
104
116
115
127
128
129
117
118
130
131
143
144
132
120
119
120
108
96
84
72
60
48
47
35
36
24
12
11
23
22
10
9
21
20
8
7
19
18
6
5
17
16
4
3
15
3
2
1
13
25
26
14
26
27
39
38
50
51
63
64
52
53
41
42
30
31
46
63
28
1
77
20
35
118
48
52
76
138
137
39
123
52
140
8
97
118
110
44
122
14
38
103
1
66
13
13
78
95
83
7
120
2
34
4
90
84
30
144
115
47
136
139
79
10
93
25
106
114
85
54
112
129
78
62
23
3
19
67
29
48
18
105
131
56
104
22
86
109
130
114
117
43
65
82
143
38
71
15
72
80
24
135
86
97
6
139
105
28
32
143
109
70
112
16
106
107
116
9
103
93
65
126
61
101
17
45
91
68
47
35
115
124
39
33
122
36
3
136
87
29
92
55
73
76
69
100
74
84
125
110
74
133
6
128
24
2
132
88
26
94
134
80
94
34
14
77
102
58
59
71
116
68
11
40
36
138
12
44
33
121
58
37
127
133
126
108
107
117
141
20
40
108
64
137
96
26
12
99
127
21
53
57
37
21
62
140
132
5
141
83
81
82
31
73
45
100
4
30
75
9
43
102
18
23
27
70
121
89
95
81
5
10
125
89
119
11
59
49
60
144
63
98
69
123
88
67
42
61
32
42
64
56
104
111
98
66
75
101
19
25
15
113
85
130
87
31
8
27
142
124
72
91
57
129
50
53
135
90
55
92
120
51
54
16
142
17
119
51
79
134
96
128
113
7
111
41
46
22
41
50
60
49
131
99
59
144
89
136
9
142
42
120
140
85
120
32
24
32
37
88
51
135
115
21
132
64
93
2
80
36
15
87
129
8
91
83
66
126
33
16
47
71
52
86
103
59
73
113
130
43
118
48
67
38
84
21
95
119
17
110
41
128
29
69
66
60
136
38
80
10
30
104
96
11
70
82
139
45
90
97
105
138
50
140
26
61
100
61
34
112
131
3
135
103
116
91
101
105
74
121
43
98
109
144
124
107
39
18
141
133
94
44
23
113
79
15
56
122
83
110
72
56
22
54
81
4
18
30
68
52
128
55
31
63
124
6
90
70
72
40
132
74
39
96
143
106
42
37
51
46
46
33
125
35
10
78
7
108
123
101
45
129
137
104
44
54
134
114
13
27
1
58
55
131
25
12
60
92
5
117
22
3
112
27
49
1
49
127
79
139
65
57
69
14
116
68
111
11
36
86
94
6
76
118
95
40
53
117
93
122
9
115
29
98
102
41
31
88
137
78
20
47
102
4
121
81
114
127
126
76
84
134
5
125
142
143
25
26
87
119
75
111
107
58
19
138
97
100
7
73
65
14
106
133
99
89
53
24
50
48
23
85
28
82
13
62
62
57
141
17
67
75
20
64
8
34
2
16
28
19
108
109
35
63
12
99
77
130
71
92
123
77
1
13
14
2
3
15
16
4
5
17
29
28
40
41
42
30
18
6
7
8
20
19
31
32
33
34
46
47
59
58
57
56
55
43
44
45
33
21
9
10
22
23
11
12
24
36
48
60
72
84
83
71
70
69
68
80
79
78
77
65
64
76
88
100
101
102
90
91
103
115
116
104
105
117
129
128
140
141
142
143
144
132
131
130
118
106
107
119
120
108
96
95
94
93
92
80
81
82
70
69
81
82
94
93
92
91
103
102
114
126
125
124
123
122
110
98
97
85
86
74
75
87
99
111
112
113
101
89
88
100
112
113
114
115
127
139
138
137
136
135
134
133
121
109
97
85
73
61
49
50
62
63
51
39
27
26
25
37
38
39
27
28
29
30
42
54
53
52
51
63
75
87
99
98
86
74
73
61
62
50
49
37
38
26
25
13
1
2
14
15
3
4
16
17
5
6
18
19
7
8
20
32
31
43
55
54
66
78
90
89
77
76
64
52
40
41
53
65
66
67
79
67
68
56
44
45
57
58
46
34
35
47
35
23
22
21
9
10
11
12
24
36
48
60
59
71
72
84
83
95
96
108
107
119
120
132
144
143
131
130
142
141
129
117
118
106
105
104
116
128
140
139
127
126
138
137
125
124
136
135
123
122
134
133
121
109
110
111
144
143
131
132
120
119
107
108
96
95
94
106
105
93
81
82
83
84
72
60
59
71
70
58
46
34
33
21
20
32
44
56
68
69
57
45
46
47
48
36
35
23
24
12
11
10
9
8
7
6
18
19
31
43
55
54
66
78
90
91
103
102
101
100
88
76
77
65
64
63
51
52
40
39
38
50
49
37
25
13
1
2
14
26
27
28
16
15
3
4
5
17
29
41
53
54
42
30
31
43
42
30
29
41
53
65
64
76
75
74
86
98
110
122
123
124
136
137
125
126
114
113
112
111
99
87
88
89
101
100
99
87
75
63
62
61
73
85
97
109
121
133
134
135
136
137
138
139
140
128
127
115
116
117
118
130
142
141
129
117
118
106
94
82
81
80
92
104
116
115
114
113
112
124
125
126
138
139
127
128
140
141
129
130
142
143
144
132
131
119
120
108
107
95
96
84
83
71
72
60
59
58
70
69
68
80
79
78
77
89
90
102
103
104
105
93
92
91
79
67
66
67
55
56
57
45
44
32
33
34
22
21
22
23
35
47
48
36
24
12
11
10
9
8
20
19
7
6
18
17
5
4
16
15
3
2
1
13
14
26
25
37
38
39
27
28
40
52
51
50
49
61
62
74
73
85
86
98
97
109
110
122
121
133
134
135
123
111
100
49
138
97
111
37
29
47
28
137
115
121
123
125
31
112
6
109
71
111
96
32
61
30
5
44
141
94
11
76
101
137
51
84
130
77
14
2
9
102
116
108
54
52
91
78
38
109
43
128
72
7
131
26
17
89
93
1
51
94
89
23
52
104
74
65
127
140
12
117
29
7
46
35
113
110
135
42
117
139
115
66
102
15
114
122
139
68
20
35
65
69
90
99
44
41
60
14
81
119
75
55
73
50
16
112
133
79
97
73
124
25
142
84
105
86
98
82
83
77
42
8
45
136
34
27
5
61
18
9
107
129
70
62
64
114
4
135
28
8
113
19
105
128
64
124
57
142
120
144
74
39
13
118
53
67
24
81
21
122
143
2
121
126
100
118
141
127
46
70
45
78
129
107
119
69
83
40
36
6
138
91
99
95
33
93
87
82
54
12
101
133
31
10
49
34
90
67
22
95
21
37
88
58
33
140
59
132
22
131
19
75
130
85
92
13
60
106
144
16
72
116
87
104
53
126
47
62
80
57
103
3
11
36
80
108
86
41
66
96
106
38
50
123
39
15
18
63
134
56
59
68
71
143
27
48
110
48
125
92
26
58
103
23
136
88
43
134
17
98
30
85
40
79
24
120
32
3
63
25
20
132
56
10
1
55
76
4
92
55
32
63
16
11
34
70
49
1
82
48
35
128
100
130
140
61
112
124
44
33
21
130
136
58
75
101
99
104
96
4
38
111
144
55
89
84
12
143
65
99
108
76
53
119
34
3
10
68
85
92
6
56
103
13
121
127
5
12
79
47
57
52
27
117
132
74
108
140
136
79
66
26
131
33
18
128
32
2
77
42
135
118
122
48
72
16
126
39
139
66
90
19
10
116
97
47
53
102
68
87
76
21
109
42
135
122
23
81
31
94
22
83
142
58
7
24
123
36
19
84
120
72
106
105
111
5
7
6
67
113
73
131
17
46
129
24
87
86
125
41
123
94
132
1
141
28
2
31
80
141
26
93
83
81
61
43
90
80
98
40
133
95
62
137
20
82
120
49
93
78
143
71
77
115
60
101
8
89
75
96
126
88
138
50
13
113
4
91
25
78
97
117
121
29
86
71
118
15
134
73
28
27
114
69
138
144
30
74
36
57
23
137
104
85
3
70
37
11
51
142
37
63
116
107
15
60
50
46
134
103
119
139
30
62
39
25
110
114
127
115
54
59
9
54
35
88
8
51
69
45
100
45
107
29
125
44
38
20
102
22
14
59
133
41
64
91
56
18
65
67
52
64
110
112
129
109
43
14
98
17
95
9
105
106
40
124
