##Rat 8 Day 13
 ##rewards
71
58
124
##Vertices
12
24
36
35
47
48
60
59
58
70
69
68
67
79
91
90
89
88
76
64
52
40
28
29
41
42
54
55
56
44
32
31
43
42
30
18
19
7
6
5
4
16
15
14
2
1
13
25
26
27
39
38
37
49
61
73
74
86
98
110
111
99
100
112
124
125
126
138
137
136
135
123
122
121
109
97
85
73
61
62
63
51
50
49
37
25
26
38
50
62
63
75
87
99
111
112
113
101
102
114
115
127
139
140
128
129
141
142
143
144
132
120
108
107
106
94
95
83
71
72
84
96
108
120
119
131
130
118
117
105
93
81
80
92
104
103
115
116
104
92
93
94
82
81
80
79
78
66
65
53
54
66
67
68
69
57
45
46
34
33
21
20
8
9
10
22
23
11
10
9
21
22
34
35
23
11
12
24
36
48
60
59
47
46
45
33
32
44
43
55
56
57
58
70
82
83
71
72
84
96
95
107
119
118
106
105
117
116
128
129
130
131
132
144
143
142
141
140
139
127
126
138
137
125
124
136
135
123
122
134
133
134
133
121
109
110
98
97
85
86
74
75
87
88
100
101
113
114
102
103
91
90
78
77
89
77
76
64
65
53
52
51
39
40
41
29
30
31
19
20
8
7
6
18
17
5
17
16
28
27
15
3
4
3
2
1
13
14
1
2
3
15
16
4
5
17
29
30
42
54
66
67
68
80
92
104
103
102
101
100
99
87
88
76
77
65
53
52
51
63
64
76
75
74
62
61
73
85
97
98
110
122
121
133
134
135
123
111
112
124
136
137
138
139
127
128
129
130
118
117
105
106
107
95
83
84
96
108
120
119
131
143
142
141
140
139
138
126
114
113
125
137
136
135
123
124
125
126
114
115
116
117
118
106
94
93
81
82
70
71
72
60
59
47
48
36
24
12
11
10
9
21
33
32
20
19
18
6
7
8
9
10
22
23
35
34
46
45
44
43
55
56
57
69
70
58
57
56
44
32
31
43
55
67
79
78
90
89
77
78
66
54
42
41
40
28
27
39
38
50
49
37
25
26
14
13
25
37
38
26
27
15
14
13
1
2
3
4
5
17
16
28
40
39
51
52
64
65
53
41
29
30
31
19
18
6
7
8
20
21
22
34
33
45
46
58
59
47
35
23
11
12
24
36
48
60
72
71
83
84
96
95
107
108
120
119
131
132
144
132
144
143
142
130
129
141
140
128
127
115
116
104
105
93
94
82
81
69
68
80
79
91
92
91
103
102
90
89
101
113
112
100
88
87
75
63
62
50
49
61
73
74
86
85
86
98
99
111
110
109
97
109
121
133
134
122
73
21
136
121
6
41
90
12
22
33
91
6
23
86
104
51
106
18
100
69
142
81
39
102
117
119
80
47
64
36
90
70
66
52
46
137
30
12
71
95
78
16
129
42
85
59
86
19
107
62
122
133
24
68
111
137
123
61
72
4
3
77
5
30
96
42
63
120
21
17
62
74
40
101
134
79
14
57
44
1
82
108
111
76
144
64
61
91
5
81
95
103
99
125
76
20
2
144
32
138
102
93
2
100
52
89
1
66
133
65
38
80
110
37
94
142
84
98
9
57
23
127
60
115
108
99
11
126
119
83
33
15
22
131
35
125
51
110
97
58
113
73
112
48
118
139
14
93
13
53
55
78
129
140
105
53
140
67
10
45
84
16
70
7
87
87
141
117
48
127
49
72
10
82
39
126
25
116
124
65
143
104
94
128
116
58
98
45
54
109
83
118
68
31
88
28
46
29
20
17
7
138
34
27
120
114
85
63
134
113
4
35
141
8
38
130
60
136
13
28
56
34
9
143
75
26
130
41
69
43
114
128
107
139
135
122
40
25
97
131
67
43
27
132
50
3
56
74
101
88
121
124
47
132
19
36
37
31
26
106
96
75
29
32
77
18
79
50
135
105
89
109
15
112
115
59
54
92
92
11
103
24
55
44
8
123
71
49
60
143
27
9
45
49
119
120
114
111
16
85
121
110
78
87
137
123
21
25
64
40
86
59
81
126
28
123
24
134
19
67
106
122
38
34
55
98
93
111
109
75
23
124
68
119
141
135
107
128
42
20
17
19
118
127
121
36
20
44
32
99
54
62
73
74
54
33
88
82
69
112
105
85
72
21
44
51
90
90
77
17
108
6
45
16
15
23
102
9
79
41
29
82
52
31
5
25
135
71
4
81
65
97
143
138
88
35
58
101
24
115
98
144
26
84
40
46
49
47
62
43
75
89
93
3
31
74
95
116
18
139
91
63
59
79
131
96
122
2
104
52
115
29
14
72
37
101
61
15
71
12
41
106
63
50
141
39
64
140
76
112
73
99
60
83
142
1
28
32
114
68
48
137
22
66
8
18
92
27
132
69
142
95
94
1
37
43
103
56
36
126
55
87
7
13
3
78
26
125
94
120
58
2
47
83
129
108
46
136
100
97
10
109
129
110
67
34
96
57
113
70
113
42
6
51
118
92
77
136
14
117
22
131
38
65
134
11
30
57
48
140
130
10
13
53
12
39
80
89
33
105
144
61
107
80
127
76
117
124
91
133
86
116
125
84
53
66
103
35
138
5
130
104
133
128
8
56
7
139
102
100
4
11
70
50
132
30
133
134
135
136
137
125
113
114
126
138
139
127
115
103
91
90
102
101
100
112
124
123
122
121
109
110
111
99
87
86
85
97
98
99
87
75
63
64
76
88
89
77
65
66
78
79
67
68
69
57
45
44
56
55
43
31
32
20
19
7
8
9
10
22
21
33
34
46
47
48
36
24
23
35
36
48
60
59
58
70
71
83
95
107
108
96
84
72
60
59
47
46
58
57
45
33
32
31
30
18
6
5
4
16
17
29
28
40
52
53
54
42
41
40
39
51
50
62
74
73
61
49
37
38
26
25
13
14
2
3
15
27
39
51
52
64
76
88
100
101
113
114
102
103
104
105
106
94
82
81
80
92
93
94
106
118
117
116
128
129
141
142
130
131
143
144
132
120
119
118
117
129
130
142
143
144
132
131
119
120
108
107
95
96
84
72
71
83
82
70
69
68
56
44
43
55
54
53
65
66
67
79
78
77
89
90
91
92
80
81
93
105
104
116
115
127
128
140
141
140
139
138
126
125
137
136
135
123
124
112
111
110
122
134
133
121
109
97
98
86
85
73
74
75
63
62
61
49
50
38
37
25
26
14
15
27
28
16
17
29
41
42
30
18
19
20
21
22
34
35
23
11
12
24
12
11
10
9
8
7
6
5
4
3
2
1
13
1
144
132
120
108
96
95
94
82
83
84
72
71
70
69
68
80
81
93
105
106
107
119
131
143
142
130
118
117
116
128
140
141
129
117
116
115
114
102
103
104
92
91
90
78
79
67
66
54
42
41
40
52
53
65
64
63
51
50
62
61
49
37
25
26
38
39
27
28
16
4
3
2
14
15
3
4
5
17
29
30
18
19
20
21
9
8
7
6
5
17
16
28
29
41
40
39
51
63
75
74
73
85
97
98
86
87
99
100
101
89
77
76
88
100
112
113
125
126
127
139
138
137
136
124
123
135
134
122
121
109
110
111
112
113
101
102
103
104
105
93
94
82
81
69
57
45
33
32
31
43
55
56
44
32
33
34
46
58
59
47
48
36
35
23
24
12
11
10
22
34
46
47
35
36
24
12
11
23
22
10
9
21
20
8
7
6
18
19
31
30
42
54
53
52
64
65
77
89
90
78
66
67
79
91
92
80
68
56
55
43
44
45
57
58
70
71
59
60
48
60
72
84
83
95
96
108
120
119
107
106
118
130
131
132
144
143
142
141
129
128
140
139
127
115
114
126
138
137
125
124
136
135
123
122
110
111
99
98
86
87
88
76
75
74
62
50
38
26
27
15
14
13
1
2
1
13
25
37
49
61
73
85
97
109
121
133
134
133
7
109
112
124
45
1
44
90
84
112
26
46
69
37
57
144
110
85
122
34
98
105
134
114
115
18
107
138
49
77
75
107
106
51
113
121
50
125
70
73
6
106
15
141
143
103
35
82
35
141
4
64
95
77
16
68
45
23
19
52
7
72
72
19
108
1
24
118
76
133
42
14
140
6
120
127
17
120
62
127
63
9
124
55
12
128
28
60
128
61
75
142
11
3
101
46
138
89
32
23
37
11
76
115
122
65
52
80
4
92
125
34
54
31
95
2
40
27
13
53
57
113
143
81
59
73
66
39
96
47
12
20
87
116
99
58
55
102
135
42
74
8
111
94
31
2
90
100
70
97
130
93
117
49
24
123
137
119
22
29
82
91
65
61
85
48
43
32
92
67
74
62
103
51
14
9
67
48
126
84
129
18
25
116
133
78
29
5
17
22
80
10
114
136
140
86
21
117
47
41
100
102
83
139
144
109
63
56
93
10
131
132
59
108
139
98
25
99
86
26
38
36
118
104
53
27
33
33
111
30
129
5
8
79
38
135
96
13
68
130
104
87
110
101
123
15
66
69
94
20
16
81
134
56
131
136
97
44
71
79
121
28
132
119
105
30
64
54
126
3
71
40
43
78
58
50
21
88
60
142
91
36
137
88
89
39
41
83
36
84
132
31
27
136
61
81
6
99
54
130
48
12
142
133
7
62
103
72
9
110
114
107
77
101
80
36
111
75
10
144
74
33
50
14
33
78
45
117
40
13
12
144
100
54
28
11
83
105
28
53
68
24
60
86
140
5
124
68
48
59
125
112
38
77
71
126
82
107
118
16
8
22
31
4
57
83
123
85
59
127
25
90
18
91
51
79
38
60
24
58
120
91
102
29
128
122
66
96
50
105
8
138
2
135
37
67
137
124
71
63
26
56
32
143
43
72
62
89
102
125
120
23
103
20
47
115
137
17
9
67
58
100
108
85
5
21
2
94
87
22
46
114
49
70
134
76
112
16
39
94
81
49
47
117
123
37
15
98
42
140
73
135
30
1
70
138
98
27
32
79
25
41
17
19
13
78
65
4
95
113
84
15
128
133
19
73
92
104
119
80
142
101
42
139
21
43
136
121
51
121
30
131
129
65
109
44
34
139
69
10
76
75
52
126
44
64
110
57
130
74
20
82
95
7
92
108
53
3
3
52
35
55
11
89
87
106
97
93
6
64
41
116
116
29
122
55
66
118
99
132
143
61
56
109
129
26
40
88
113
35
97
14
141
127
34
88
131
46
90
111
23
134
93
39
106
45
69
18
141
1
96
63
115
104
86
119
1
13
25
37
38
39
51
50
49
61
73
85
97
98
86
87
99
111
112
124
123
122
134
133
121
109
110
111
112
100
88
76
75
63
62
74
73
61
49
37
25
26
14
2
3
4
5
6
7
19
20
8
9
10
11
12
24
36
35
47
48
60
72
84
83
71
59
58
57
56
44
43
31
30
18
17
16
15
27
28
29
41
40
52
64
65
53
54
55
67
79
80
81
82
94
93
92
91
90
102
101
113
125
137
138
139
140
128
116
115
127
126
114
113
101
89
77
78
66
65
64
52
53
41
42
30
31
32
33
21
22
34
46
45
44
32
33
45
57
69
68
80
92
104
103
102
114
115
103
104
105
106
107
119
118
130
142
141
129
117
105
93
94
95
96
108
120
132
131
143
144
143
144
132
131
119
120
108
107
106
118
130
142
141
129
117
116
128
140
139
127
126
138
137
125
124
136
135
136
135
123
122
134
133
121
109
110
98
97
85
86
87
99
100
88
89
90
91
79
67
68
56
55
43
42
54
66
78
77
76
75
74
62
63
51
50
38
26
14
13
1
2
3
15
27
39
40
28
29
17
16
4
5
6
18
19
7
8
20
21
9
10
11
23
22
34
46
47
59
58
70
69
81
82
70
71
83
95
96
84
72
60
48
36
35
23
24
12
144
143
142
141
129
117
116
128
140
139
138
137
136
124
125
113
112
111
99
98
110
122
121
133
134
135
123
111
99
100
101
102
114
115
127
126
138
139
140
141
142
130
131
132
120
108
96
84
72
71
59
60
48
36
24
12
11
10
22
21
9
8
7
6
18
19
20
32
44
56
57
69
70
82
83
95
107
119
118
106
94
93
105
104
103
91
92
80
68
67
66
54
42
30
29
41
53
65
77
76
88
87
86
85
73
61
49
50
51
63
62
74
75
87
88
89
90
78
79
91
103
104
92
93
81
82
70
58
46
47
35
34
33
45
57
58
46
45
44
43
55
54
53
52
64
76
75
63
64
52
40
28
16
15
27
26
25
37
38
39
40
41
29
17
5
4
3
2
14
13
1
13
1
2
14
15
3
4
16
28
27
26
25
37
38
39
51
50
49
61
62
74
73
85
86
98
97
109
97
109
110
122
121
133
134
135
123
124
136
137
125
113
112
100
101
89
77
65
66
67
55
56
68
69
81
80
79
78
90
102
114
126
127
115
116
128
129
130
131
143
144
132
120
119
118
117
105
106
94
95
107
108
96
84
83
71
72
60
59
47
48
36
24
23
35
34
33
21
20
32
31
43
42
30
31
19
18
17
5
6
7
8
9
10
22
23
11
12
43
31
34
77
7
79
71
20
87
35
88
114
12
115
126
113
56
59
120
100
40
37
131
27
55
21
4
70
51
66
19
71
41
94
106
140
30
75
59
143
36
48
87
116
130
77
138
24
40
103
122
43
128
4
139
61
74
83
9
94
123
85
11
29
14
78
2
15
108
126
61
60
38
80
6
105
46
90
38
29
17
79
24
54
47
122
118
135
41
68
14
56
124
116
104
13
89
2
88
13
131
101
47
104
102
72
63
141
144
39
95
135
110
21
103
58
138
109
18
31
76
28
67
105
127
11
42
25
5
3
49
52
32
1
25
93
27
125
132
108
137
33
114
133
86
54
141
119
80
99
93
112
111
123
50
107
91
81
64
90
65
110
142
129
112
62
34
8
7
115
35
53
1
101
136
26
30
44
129
16
73
69
36
100
128
22
86
32
15
57
12
83
39
107
106
136
98
64
134
76
44
10
121
109
111
97
139
118
96
18
9
5
97
140
143
142
52
19
133
28
91
53
85
58
8
57
67
82
22
69
55
45
63
46
75
42
81
92
84
125
120
121
20
65
137
134
23
127
6
84
117
49
23
26
62
102
119
10
98
132
117
48
82
78
113
16
73
96
60
45
3
124
17
99
50
130
37
66
74
51
92
95
144
68
70
89
33
72
107
65
47
91
85
103
56
45
34
79
116
125
49
78
76
109
61
54
71
121
134
130
13
33
47
5
42
72
114
53
100
3
70
75
49
99
85
20
21
44
97
142
84
86
14
64
118
59
17
91
73
24
106
75
93
12
135
61
135
97
115
46
106
89
16
136
52
35
123
51
57
12
67
144
2
77
25
27
133
103
55
11
87
24
74
69
100
10
26
57
19
133
110
37
65
78
55
59
6
67
30
130
18
7
28
139
108
89
37
126
25
90
32
124
95
119
83
11
10
8
120
101
39
68
108
68
20
1
22
94
71
111
66
38
29
142
39
21
92
127
82
88
120
62
80
53
22
110
8
13
121
48
9
6
105
23
124
34
1
104
40
44
31
45
119
118
84
26
115
43
87
98
58
38
131
143
80
94
41
126
122
4
122
50
102
16
7
62
137
36
70
132
58
41
107
129
81
141
35
112
19
48
123
73
51
113
66
15
141
144
15
54
93
109
129
127
3
4
60
33
74
143
82
2
98
79
132
18
104
99
88
128
125
128
105
14
117
140
83
92
77
29
23
113
52
27
96
139
43
9
101
81
116
5
96
36
111
31
63
46
131
28
50
17
69
138
138
64
56
76
40
117
112
102
60
114
134
32
42
136
137
72
140
95
30
86
90
63
