##Rat 1 Day 41
 ##rewards
19
32
98
##Vertices
144
143
131
119
120
132
144
143
142
130
129
128
116
104
103
91
79
78
77
76
75
87
88
100
99
98
86
85
73
74
62
61
49
50
38
39
27
26
25
37
49
61
73
85
97
109
110
122
121
133
134
135
123
111
112
124
136
137
138
126
114
115
127
139
140
141
142
130
118
117
105
93
81
69
57
56
55
67
68
80
92
93
94
106
107
108
96
84
83
71
72
60
59
47
35
36
48
60
72
84
96
95
83
82
70
58
46
45
44
43
31
19
20
8
7
6
5
17
29
28
16
4
3
2
14
15
27
28
40
41
53
54
42
30
18
6
7
8
9
21
22
23
24
12
11
10
9
21
33
32
44
43
55
56
68
80
92
91
90
89
101
113
125
137
136
124
112
100
88
76
64
65
66
67
79
78
66
54
42
41
29
30
31
32
20
19
18
17
5
4
16
15
3
2
1
13
1
13
14
26
25
37
38
39
51
50
62
74
86
98
97
109
110
122
121
133
134
135
123
111
99
87
75
63
51
63
64
52
40
52
53
65
77
89
90
102
103
104
116
115
114
102
101
113
125
126
138
139
127
128
140
141
129
117
105
106
118
119
131
132
120
108
107
95
94
82
81
69
70
58
57
45
33
34
46
34
35
23
22
10
11
12
24
36
48
47
59
71
12
24
23
22
10
9
8
7
6
5
4
3
15
16
28
40
41
53
52
51
63
62
61
73
85
86
98
97
109
110
122
121
133
134
135
136
124
112
100
101
89
88
87
99
111
123
135
136
137
125
113
114
102
90
78
77
76
64
65
66
54
42
43
31
30
29
17
18
19
20
32
44
45
46
58
59
60
72
71
83
84
96
95
107
108
120
132
131
130
142
141
140
139
138
126
127
128
129
117
105
93
81
82
94
106
118
119
120
108
96
84
72
60
48
36
35
47
46
34
33
21
9
8
20
32
31
43
55
67
79
80
68
69
70
71
83
95
107
119
118
106
94
82
81
93
92
104
116
115
103
91
90
78
66
54
42
41
40
39
27
26
14
13
25
37
38
50
49
61
73
74
62
50
49
37
38
26
25
13
1
2
1
2
14
15
3
4
5
6
7
19
18
30
29
17
16
28
27
39
51
52
53
65
64
63
75
74
86
85
97
98
99
87
75
76
77
89
88
100
112
111
110
109
121
133
134
122
123
124
125
137
138
139
127
126
114
113
101
102
103
115
116
128
140
141
142
143
144
132
144
143
131
130
129
117
105
104
92
91
79
80
68
67
55
56
57
45
33
21
22
34
35
23
11
10
11
12
24
36
48
47
59
58
70
69
57
56
44
13
98
59
41
133
58
127
82
56
36
130
115
84
30
113
104
110
72
115
28
78
44
25
101
68
6
54
67
102
77
50
117
34
8
106
52
62
26
75
95
139
89
129
93
140
8
9
21
103
7
40
29
46
72
100
121
88
144
128
135
118
65
38
144
136
85
128
31
134
99
138
19
40
81
126
103
97
14
37
24
79
19
5
42
63
105
91
73
52
90
67
47
62
131
56
96
79
60
55
119
55
96
124
3
73
92
17
81
104
74
111
107
11
6
58
108
69
77
113
141
2
15
49
86
82
54
140
95
53
66
142
127
90
34
117
114
53
74
23
2
102
97
21
70
29
94
122
112
89
17
116
18
9
47
4
11
42
5
32
25
119
37
107
91
110
131
106
10
46
27
116
28
85
143
49
76
16
126
30
35
137
83
108
36
10
51
7
83
76
27
18
3
93
43
137
44
32
118
80
142
24
22
69
57
66
124
125
109
41
130
109
26
59
20
71
105
39
121
123
123
22
80
48
143
20
78
64
87
61
120
60
31
23
99
88
12
61
94
114
68
122
129
100
87
63
43
135
112
139
51
38
75
134
71
12
50
120
136
86
1
133
101
33
16
39
33
15
45
4
45
92
14
48
98
84
65
35
64
132
111
70
1
132
138
141
13
125
57
136
5
66
128
66
137
135
61
122
104
11
42
112
104
62
34
129
136
33
28
130
85
96
11
81
71
115
16
52
143
40
131
63
91
31
12
119
82
57
64
110
99
16
83
24
9
112
72
113
2
107
27
92
45
70
107
38
129
5
111
137
46
73
75
85
28
50
135
110
82
93
52
72
114
1
140
58
26
126
18
10
26
133
96
57
80
144
77
12
124
43
106
69
53
34
127
80
43
79
86
17
127
55
142
128
10
53
79
87
95
74
50
42
117
62
31
33
108
9
35
24
30
90
40
138
131
134
86
6
23
3
44
51
133
55
65
14
39
83
20
63
94
108
130
120
21
37
105
3
103
113
67
116
36
54
47
89
126
76
97
116
78
8
59
118
48
78
134
48
109
100
35
23
41
71
39
15
138
122
41
109
30
36
4
64
106
139
95
20
81
65
121
103
13
37
67
44
101
125
29
60
4
25
97
27
87
125
139
14
84
73
88
119
51
7
105
32
99
132
22
132
124
49
92
94
141
15
8
115
49
77
102
56
25
123
60
56
32
38
46
68
76
61
22
93
89
100
75
59
111
54
143
101
45
102
117
1
18
90
144
98
121
91
7
58
47
70
68
19
123
114
120
141
88
13
19
29
142
69
21
84
118
6
74
17
140
2
98
1
2
14
26
25
37
49
61
62
63
64
65
77
78
90
89
101
113
114
102
103
91
79
80
92
93
94
82
83
84
72
60
48
36
35
34
33
32
20
8
9
21
22
23
11
12
24
36
48
47
59
71
70
69
81
93
105
106
118
117
129
128
127
126
138
139
140
141
142
130
131
143
144
132
120
108
96
95
107
119
118
106
94
82
81
69
57
58
46
45
44
43
55
54
66
67
68
56
57
45
44
32
31
30
29
17
18
19
7
6
5
4
16
15
3
4
5
17
29
28
27
39
51
50
38
37
49
61
73
74
75
76
88
100
99
111
110
109
97
98
86
85
97
109
121
133
134
122
123
135
136
137
125
124
112
113
114
115
116
104
103
102
101
89
90
78
66
54
42
41
40
52
40
41
53
52
53
65
77
76
64
63
51
39
27
28
16
15
3
2
14
13
1
13
25
26
38
50
62
74
73
85
86
87
75
87
88
100
99
98
110
122
121
133
134
135
123
111
112
124
136
137
125
126
138
139
140
128
127
115
116
104
105
117
129
141
142
130
131
143
144
132
120
119
107
108
96
95
83
84
72
60
59
71
70
58
46
47
35
23
24
12
11
10
9
10
22
34
33
21
20
8
7
6
18
19
31
30
42
43
55
67
79
91
92
80
68
56
133
134
122
110
109
121
133
134
135
123
124
125
113
101
102
90
78
79
80
81
82
94
93
105
106
107
95
96
84
83
71
72
60
59
47
46
34
35
36
48
60
72
84
96
108
120
119
131
132
144
143
142
130
118
117
129
141
140
139
127
115
114
126
138
137
136
135
123
111
112
100
88
76
64
52
53
54
66
65
77
89
88
87
99
98
97
85
73
74
62
61
49
50
38
26
25
37
49
61
73
85
86
74
75
63
51
39
40
41
42
30
18
17
5
6
7
8
20
32
33
21
9
10
11
23
22
34
33
45
44
56
55
43
31
19
7
6
5
4
16
15
14
13
1
2
3
4
16
28
29
41
42
54
53
65
77
89
90
91
92
104
116
128
140
141
129
117
105
93
81
69
68
67
66
78
79
67
55
43
44
32
31
30
29
17
18
19
20
8
9
21
22
10
11
12
24
12
24
23
35
36
48
47
46
58
59
71
83
95
107
108
120
119
131
132
144
143
142
130
118
106
94
82
70
58
70
69
57
45
57
56
68
80
92
91
103
102
101
113
114
115
103
104
116
128
127
139
138
126
125
137
136
124
112
100
99
111
110
122
121
109
97
98
86
87
75
76
64
63
51
52
40
28
27
39
27
26
14
15
3
2
1
13
25
37
38
50
62
35
8
99
48
29
26
32
95
85
33
14
87
54
118
63
105
108
115
21
112
56
110
109
91
104
23
73
50
57
34
13
54
102
129
120
42
40
32
138
38
128
76
92
128
57
132
41
113
89
77
42
102
41
133
30
130
130
72
18
58
129
45
108
17
47
127
9
44
7
79
111
105
24
100
100
47
23
20
111
5
131
143
67
69
34
114
27
98
104
66
112
68
84
93
138
95
116
15
35
31
14
2
61
144
135
116
70
1
96
44
65
126
19
75
101
140
143
90
53
76
10
62
3
101
6
94
139
60
66
62
80
83
51
37
50
106
20
74
141
81
120
8
43
43
83
142
85
110
86
118
71
123
77
64
9
28
136
24
25
127
122
18
46
141
19
36
80
71
10
36
27
39
22
96
106
88
137
124
92
117
137
51
7
25
46
119
87
55
37
126
33
49
125
122
78
115
73
17
121
125
58
79
30
22
142
113
123
132
75
53
56
119
13
91
86
103
31
67
38
72
88
52
26
97
140
61
1
55
135
82
11
109
59
6
124
107
65
60
48
40
12
70
107
81
99
97
121
4
114
16
117
144
3
16
90
69
39
45
139
59
49
131
74
15
63
98
84
136
28
134
133
89
52
94
93
29
64
4
5
2
82
68
103
21
11
12
78
134
98
47
129
111
112
51
12
49
76
93
39
125
142
95
66
100
23
56
128
102
69
105
30
17
62
50
22
65
118
131
25
73
68
127
104
33
53
70
38
7
13
24
71
60
110
83
126
44
80
18
139
21
132
82
75
107
61
107
71
111
35
31
43
124
78
117
8
72
63
54
136
10
82
106
20
119
142
28
49
96
121
95
130
98
55
143
27
119
81
122
141
134
42
81
85
45
133
132
123
101
59
80
39
33
46
27
103
58
11
106
12
118
73
120
61
54
57
31
55
32
3
32
103
19
92
91
68
60
66
89
5
117
127
140
70
102
64
35
114
85
8
144
52
6
140
36
26
124
13
16
79
69
40
29
130
43
11
9
126
37
138
108
18
21
10
26
108
110
144
63
2
99
6
84
62
1
4
15
24
77
79
72
34
77
23
4
100
99
113
59
115
58
5
116
93
38
37
1
48
141
116
123
115
129
22
14
7
137
135
136
14
114
52
42
2
75
30
87
94
139
89
84
137
105
104
134
112
53
67
83
64
57
19
20
46
86
25
15
120
56
125
97
16
87
74
138
109
92
45
109
90
17
135
51
90
78
86
48
29
94
9
44
74
36
96
88
40
97
133
50
131
65
121
41
76
67
88
91
143
41
3
47
34
113
28
101
128
122
133
134
122
110
109
97
85
73
74
75
76
77
65
66
54
53
41
29
30
42
43
55
67
68
56
57
58
70
71
72
84
96
108
120
119
118
117
116
128
140
141
129
130
131
143
144
132
120
108
107
95
83
82
81
69
57
45
46
34
33
21
20
19
18
6
7
8
9
10
22
23
11
12
24
36
48
60
59
47
35
34
46
58
70
69
81
93
94
106
105
104
103
91
90
78
79
80
92
93
105
104
116
115
114
113
125
126
127
139
138
137
136
124
123
135
136
137
125
113
112
111
99
87
86
98
97
85
73
61
62
63
64
52
40
39
27
26
25
37
38
50
49
37
25
13
1
2
14
15
3
4
5
17
16
28
29
30
31
32
44
43
42
41
53
54
66
78
90
102
101
100
88
100
101
89
88
89
77
65
64
76
75
87
99
111
112
124
123
135
134
122
121
133
121
109
110
98
86
74
62
61
49
50
51
63
51
52
40
39
38
26
14
13
1
2
3
15
27
28
16
4
5
17
18
6
7
8
20
19
31
32
44
45
33
21
9
10
22
23
11
12
24
36
35
47
48
60
59
71
72
84
96
95
83
82
94
106
107
119
131
132
144
143
142
141
142
130
118
117
129
128
140
139
138
126
127
115
114
102
103
91
79
67
55
56
68
80
92
12
11
23
35
36
48
60
72
84
96
108
120
119
107
106
105
93
92
104
116
115
127
139
138
137
125
124
136
135
123
122
134
133
121
109
97
98
99
100
88
89
101
113
112
111
110
109
97
85
86
87
75
76
77
78
90
102
103
91
79
80
81
69
70
82
94
95
83
71
59
58
57
45
33
32
20
8
7
19
18
6
5
17
16
4
3
2
14
26
25
37
49
61
73
74
62
50
38
39
40
41
42
30
29
28
27
15
3
4
5
6
7
8
9
10
22
21
33
34
46
47
48
60
59
58
70
69
68
67
66
54
55
43
31
19
18
17
16
15
27
28
29
30
42
41
53
52
51
63
64
65
77
78
79
80
81
93
105
117
118
130
131
143
142
141
129
128
140
139
138
126
127
128
140
141
129
130
142
143
144
132
144
132
131
119
120
108
96
84
72
71
83
82
94
95
107
106
118
117
116
104
92
91
103
115
114
126
125
137
136
124
112
113
114
102
90
89
101
100
99
111
123
135
134
133
121
122
110
98
86
85
73
61
62
74
75
87
88
76
64
63
51
50
49
37
25
13
1
2
1
13
14
26
38
39
40
52
53
65
66
54
55
67
68
56
44
45
46
47
35
34
22
23
24
36
24
12
11
10
9
21
20
32
31
43
44
56
57
32
75
43
113
41
103
22
118
20
64
17
111
119
93
42
123
129
82
4
126
37
64
86
121
69
107
117
135
112
39
109
29
131
132
14
80
40
104
87
17
93
141
143
82
23
44
144
72
111
108
122
10
78
100
122
59
86
95
114
66
27
98
12
12
24
67
65
46
74
114
77
140
142
9
115
129
144
48
30
125
68
138
58
5
109
120
9
4
124
128
3
62
80
25
60
26
77
98
33
112
16
110
66
88
52
99
60
32
34
136
45
133
106
53
52
57
83
70
54
97
91
35
101
55
23
115
6
89
134
101
72
94
57
1
73
99
102
141
46
97
34
33
44
31
125
108
70
8
29
143
89
63
18
48
51
130
138
62
76
10
113
50
38
38
118
83
120
49
126
73
11
61
106
18
137
49
107
19
127
39
35
94
19
24
27
90
139
135
117
76
110
36
7
75
55
54
96
51
15
42
13
128
85
74
13
1
127
137
142
14
134
133
65
30
84
123
59
67
22
92
103
131
68
50
58
87
26
16
2
3
21
79
88
2
71
6
11
28
15
119
25
47
90
81
7
105
84
124
116
105
53
63
45
28
140
85
21
69
56
92
37
20
41
102
31
121
36
139
8
71
56
40
91
43
47
96
79
132
95
81
136
130
61
100
104
116
5
78
26
19
78
54
55
45
131
141
31
115
103
61
125
140
43
98
58
122
74
3
64
21
60
1
113
19
17
16
22
65
18
47
42
128
109
56
69
96
142
27
58
10
102
34
137
37
46
53
38
32
37
29
141
127
123
113
117
116
69
95
49
91
17
135
118
89
85
107
87
108
83
129
73
27
128
114
140
81
77
91
5
90
36
117
15
119
124
25
59
48
20
8
14
99
109
11
93
62
142
84
114
82
106
138
86
33
108
84
104
78
36
7
12
30
85
13
72
89
110
116
39
42
32
126
49
136
111
22
50
132
38
70
98
71
28
59
65
77
41
60
9
127
102
24
11
79
130
54
143
132
63
2
120
35
2
75
68
61
134
92
115
121
47
33
76
23
100
94
53
133
74
35
135
75
124
106
1
133
138
67
6
110
68
14
56
137
144
86
80
40
23
107
51
16
95
79
24
72
136
126
7
4
112
119
62
6
64
5
94
99
57
34
70
82
50
20
83
12
51
39
66
44
52
43
112
90
134
97
139
122
97
139
81
26
15
55
88
71
87
129
101
104
73
18
131
80
44
41
130
30
10
120
96
105
48
8
28
29
125
103
144
52
105
92
123
67
93
76
100
45
111
25
4
66
57
31
21
3
63
40
121
46
101
9
13
118
88
143
