##Rat 1 Day 38
 ##rewards
19
32
98
##Vertices
143
20
98
78
107
76
2
58
21
49
13
66
48
6
77
80
52
87
39
101
97
99
79
77
83
31
55
3
117
28
84
118
86
23
143
42
1
88
35
106
140
37
71
48
134
88
108
18
113
50
105
20
106
40
65
14
56
90
94
18
60
100
80
138
7
131
110
118
61
75
45
126
105
139
35
68
64
103
8
65
37
124
114
29
57
138
40
9
63
5
4
127
104
129
11
16
120
91
46
125
45
112
15
39
10
44
72
19
64
62
104
139
27
93
59
6
128
142
47
13
81
84
102
141
94
21
91
109
119
114
55
133
137
82
23
144
31
26
68
97
28
8
81
112
126
7
72
36
124
26
30
61
34
24
76
59
130
19
123
67
137
46
49
133
70
92
22
125
96
109
2
12
102
132
69
135
89
89
75
140
115
82
99
90
98
44
17
110
111
53
86
141
136
4
32
70
129
33
128
38
95
17
144
34
95
58
92
119
132
5
1
24
38
50
111
117
25
57
85
96
9
136
41
27
66
42
115
134
93
63
71
56
121
54
3
120
33
15
121
123
122
74
43
53
116
107
30
85
142
36
135
29
79
87
101
69
100
51
41
11
130
60
25
131
73
52
51
74
62
12
14
47
116
67
113
22
43
83
73
122
78
54
127
103
16
108
32
10
116
36
44
37
70
77
91
11
17
48
140
55
107
117
50
16
134
116
32
93
51
95
103
100
142
50
78
120
5
16
133
75
118
2
114
96
107
56
87
76
5
124
133
7
144
79
87
98
68
122
53
104
31
86
14
131
63
34
63
135
19
9
56
131
115
18
126
7
78
71
1
108
132
9
35
141
122
112
110
73
71
46
106
32
113
42
54
113
105
12
51
75
82
92
141
99
38
20
79
112
3
25
18
109
40
24
62
118
27
8
46
123
6
57
140
36
85
99
26
125
60
120
20
100
37
93
74
139
84
65
48
88
30
67
69
22
4
61
96
2
45
108
115
106
76
34
15
43
143
92
136
114
29
24
125
101
111
3
121
67
136
137
62
121
58
72
105
13
66
130
117
90
8
94
89
82
41
4
94
83
10
83
69
119
39
129
70
41
72
45
44
124
129
58
95
52
73
88
64
126
66
1
134
64
17
26
27
81
128
110
23
85
138
84
39
43
127
25
15
47
119
97
138
127
49
81
22
137
80
11
19
109
101
53
135
142
98
54
77
89
42
59
132
60
144
97
10
139
33
47
111
123
6
28
68
35
21
40
74
33
128
28
21
52
59
65
104
14
86
143
23
91
38
61
102
80
57
130
30
13
31
55
102
103
90
49
12
29
144
132
120
108
96
95
107
106
94
82
81
93
105
104
92
91
103
102
90
78
66
65
64
76
77
89
88
100
101
113
125
126
138
137
136
124
112
111
123
122
134
133
121
109
97
85
86
87
75
74
62
63
51
39
27
28
29
30
42
43
55
56
57
45
46
34
33
32
44
56
68
80
79
67
68
69
70
58
59
71
83
84
72
60
48
47
35
23
24
12
11
10
9
8
7
19
20
21
22
10
9
8
7
6
18
17
5
4
16
15
3
2
1
13
14
26
25
37
38
50
49
61
73
85
97
98
99
100
112
113
114
115
116
117
129
141
140
139
127
128
116
117
118
119
131
143
142
130
118
106
105
104
103
91
90
78
77
65
53
54
55
43
31
30
42
41
40
52
64
63
51
50
62
74
73
61
49
37
25
13
1
2
14
26
38
39
27
28
16
15
3
4
5
6
18
17
29
41
40
52
53
54
66
67
79
80
92
93
81
82
94
95
83
71
70
69
57
58
59
47
46
45
44
32
31
19
20
21
33
34
22
23
11
12
24
36
35
36
48
60
72
84
96
108
107
119
120
132
144
143
131
130
142
141
129
128
140
139
127
126
138
137
125
124
136
135
123
135
134
133
121
109
110
122
110
111
99
98
86
87
75
76
88
89
101
102
114
115
12
11
10
9
8
20
21
33
32
31
43
44
45
57
56
68
69
81
80
79
78
90
102
103
91
92
104
105
93
94
95
83
84
96
108
107
106
118
119
131
132
144
143
142
141
140
128
116
115
127
126
114
113
112
111
99
87
75
76
64
65
53
41
40
28
27
39
51
52
53
54
55
67
66
54
42
30
29
17
18
19
7
6
5
4
16
15
14
2
1
13
25
37
49
61
62
50
38
26
25
37
49
61
73
74
86
85
97
98
110
109
121
133
134
122
123
135
136
124
125
137
138
139
140
141
129
117
105
106
94
82
70
58
46
47
48
60
72
71
59
58
46
34
22
23
24
36
35
34
33
45
57
69
68
80
79
91
90
89
77
65
64
63
75
76
88
100
101
102
114
113
125
126
127
139
138
137
136
135
134
133
121
122
123
124
112
111
99
98
110
109
97
85
73
74
86
87
88
100
101
89
77
78
66
67
55
56
44
43
31
32
20
19
18
30
42
41
29
17
16
28
40
52
51
63
62
50
38
39
27
26
14
13
1
2
3
15
3
4
5
6
7
8
9
21
22
10
11
12
24
23
35
36
48
47
59
60
72
71
83
84
96
95
107
108
120
119
120
132
144
143
142
130
131
130
118
117
129
128
116
115
103
104
92
93
81
82
70
4
92
42
7
76
142
83
135
138
111
12
139
58
67
90
75
96
51
140
38
72
13
140
28
87
25
82
120
28
112
20
12
97
69
32
144
102
26
121
5
49
79
41
4
109
57
118
6
3
23
14
44
113
138
45
17
60
46
81
62
25
33
80
31
21
55
27
19
76
6
80
111
40
142
122
10
120
55
101
86
5
134
43
77
98
29
39
65
24
89
58
69
137
1
103
47
9
114
8
22
60
38
72
68
95
29
91
86
63
130
90
126
122
61
130
70
103
45
127
57
104
100
144
112
79
11
85
88
132
59
117
8
13
98
2
118
75
134
85
48
65
106
104
3
84
18
61
119
99
78
30
93
124
21
54
33
2
143
22
93
47
136
52
35
24
64
31
91
59
119
40
139
71
115
16
87
105
123
117
88
105
66
68
106
115
26
52
95
136
1
128
74
36
116
110
133
108
129
89
84
109
48
54
77
27
94
15
143
23
7
92
107
63
135
41
107
82
17
37
73
49
102
129
99
74
43
100
141
125
70
81
66
50
116
36
37
73
56
126
133
96
108
137
44
16
15
42
30
11
128
124
132
34
32
101
46
39
20
64
94
51
123
53
67
141
114
62
110
97
9
10
78
83
127
50
131
53
18
14
125
35
131
71
113
56
121
19
34
3
73
36
67
97
54
116
70
111
54
8
39
100
91
132
87
120
106
104
64
24
10
9
41
32
67
41
53
12
134
72
84
31
56
71
51
43
135
96
103
131
96
38
63
98
46
95
137
27
50
86
89
144
117
113
116
50
105
52
114
103
131
27
22
26
63
132
28
139
30
23
121
25
94
57
16
37
140
45
101
7
92
16
18
80
108
124
40
6
95
51
140
62
130
102
122
135
29
5
88
134
88
119
91
113
40
109
83
141
61
1
45
60
8
70
114
48
49
143
82
77
58
138
71
38
90
137
84
22
74
32
33
106
119
123
11
142
85
105
14
55
12
31
112
94
99
90
128
110
97
109
126
139
23
44
36
136
1
17
101
44
35
108
110
92
86
42
123
69
55
128
65
80
35
64
127
79
142
66
83
57
39
43
138
74
15
125
47
121
2
130
68
13
115
81
46
87
52
111
37
136
47
93
118
104
18
59
125
107
53
59
19
73
61
126
21
29
82
76
81
30
77
78
143
2
21
89
7
120
11
100
107
144
69
117
14
58
5
3
9
129
112
102
122
24
76
124
118
60
78
56
33
6
141
133
20
115
26
93
72
15
48
19
25
4
133
17
75
79
99
34
34
98
66
4
129
65
68
28
13
127
42
10
62
20
75
85
49
1
2
14
13
25
26
38
37
49
50
51
39
40
52
64
63
62
61
73
85
86
74
75
87
99
111
112
124
125
113
101
89
77
76
88
100
99
98
97
109
110
122
121
133
134
135
136
137
138
139
127
126
114
102
90
91
79
67
55
54
42
43
44
45
57
69
68
80
81
82
94
93
105
106
107
95
96
108
120
132
144
143
131
119
118
117
129
130
142
141
140
128
116
104
92
91
103
115
114
102
103
115
116
104
92
80
81
69
70
71
59
47
35
23
22
21
9
8
20
19
31
32
33
34
46
58
57
56
44
45
46
58
70
82
83
84
72
60
48
36
24
12
11
10
9
8
7
6
5
17
18
30
29
28
27
15
3
4
16
28
27
39
51
63
64
65
53
41
29
30
31
32
33
21
20
19
7
6
18
17
5
4
16
15
3
2
1
13
14
26
25
37
38
50
49
61
62
74
73
85
86
87
75
76
77
65
66
67
68
56
55
43
42
41
40
52
53
54
66
78
79
78
90
89
88
100
101
113
112
111
123
124
123
122
110
98
97
109
121
133
134
135
136
137
125
126
138
139
127
128
140
141
129
130
142
143
144
132
131
119
120
108
107
106
118
117
105
93
94
95
96
84
83
71
72
60
59
47
48
36
35
23
24
12
11
10
22
34
133
121
122
134
135
123
124
136
137
125
113
112
100
101
102
114
126
138
139
140
128
127
115
116
117
118
106
107
95
94
93
92
91
103
104
105
117
129
141
142
130
131
143
144
132
120
108
96
84
72
71
83
82
81
80
68
67
66
65
77
76
64
52
40
41
42
54
55
43
31
32
44
45
33
21
20
8
9
10
11
12
24
23
22
34
46
47
35
36
48
60
59
58
57
56
68
69
70
82
81
69
70
58
57
56
55
43
42
30
18
17
16
15
14
26
38
37
49
50
62
63
51
39
27
28
29
41
53
52
40
28
29
30
31
19
7
6
5
4
3
2
1
13
25
37
49
61
73
85
86
74
75
87
99
111
110
109
97
98
99
111
112
113
114
102
90
89
88
87
75
63
51
39
38
50
62
61
73
74
86
85
97
98
110
109
121
133
134
122
123
135
136
124
125
137
138
126
127
139
140
128
116
115
103
91
90
78
66
54
53
65
64
76
88
100
101
89
77
78
79
67
79
80
92
104
105
93
94
106
118
119
107
119
131
130
129
141
142
143
144
132
120
108
96
95
83
84
72
71
59
60
48
47
35
36
24
12
11
23
22
10
9
21
33
34
46
45
44
32
20
8
7
19
18
6
5
17
16
4
3
15
14
2
1
13
25
26
27
28
136
50
50
49
16
22
79
135
35
3
44
55
134
82
118
80
33
68
95
134
138
84
34
20
75
112
8
11
139
94
39
94
57
119
111
21
67
111
101
48
106
23
44
61
71
7
14
104
88
113
123
22
125
27
87
48
96
51
31
121
19
108
101
116
2
38
5
59
68
14
26
43
141
59
42
17
19
89
23
86
95
98
29
103
66
106
132
132
51
99
87
70
102
73
93
121
66
140
75
49
131
52
109
144
29
15
45
98
76
105
78
112
1
136
65
137
85
56
54
3
40
114
70
63
62
91
83
91
1
21
142
41
17
108
56
113
117
43
41
137
62
115
36
26
129
99
27
13
6
120
72
37
143
128
65
104
12
77
135
88
37
11
93
118
85
114
47
9
60
7
122
84
80
58
42
126
64
32
83
81
73
24
8
110
32
133
46
86
107
96
45
20
143
4
10
110
38
69
109
107
53
117
54
28
124
30
6
9
116
129
97
13
102
81
97
105
122
123
31
15
10
79
12
24
77
115
46
141
60
55
119
131
5
140
58
92
127
92
138
100
40
34
69
126
139
133
74
30
35
25
25
127
61
18
64
16
36
4
63
57
33
72
100
2
124
18
130
82
76
125
103
128
52
130
89
39
78
71
74
67
47
144
53
120
90
90
142
4
21
51
132
90
78
25
142
112
88
11
17
52
15
126
65
76
49
75
92
74
128
111
61
32
30
62
113
97
64
144
22
3
104
110
93
136
73
59
50
114
44
89
72
85
9
43
74
126
138
57
96
29
39
58
116
67
15
7
52
39
109
33
123
91
63
29
139
31
2
13
14
26
24
65
103
139
92
31
54
109
120
41
138
107
79
6
56
121
94
45
10
136
64
53
118
77
30
101
108
140
129
12
143
35
142
127
118
25
5
45
105
78
2
11
102
47
17
73
46
62
49
4
137
86
87
66
51
33
86
119
132
34
98
134
38
72
47
143
12
90
61
36
21
101
70
55
84
141
44
14
91
97
127
124
120
113
131
129
50
121
24
27
144
20
105
18
75
104
130
95
103
32
130
98
34
37
112
60
19
7
41
60
36
76
18
135
123
140
106
13
95
19
63
117
100
125
56
3
88
80
84
108
94
82
80
125
81
116
79
117
114
37
124
8
77
23
68
9
131
28
83
99
99
102
10
128
96
57
54
137
8
81
93
115
20
82
38
68
22
23
48
42
83
55
16
6
35
27
26
71
122
111
69
59
71
122
28
87
141
133
110
133
53
107
58
5
89
46
134
135
48
16
67
70
42
1
1
69
85
40
115
66
119
40
43
100
106
133
121
109
97
98
110
111
123
122
134
135
136
137
138
126
125
113
112
124
136
137
125
113
114
115
127
128
116
117
129
141
140
139
138
126
114
102
103
91
79
78
77
76
64
63
51
52
40
39
27
28
16
15
14
26
25
13
1
2
3
4
5
6
7
8
9
10
11
12
24
36
35
23
22
34
46
45
57
69
68
56
55
54
53
65
66
67
55
43
44
32
20
21
33
32
31
30
29
41
42
43
31
19
18
17
5
4
16
28
27
39
38
37
49
61
62
50
51
63
75
87
86
85
73
74
75
76
88
100
101
89
90
102
103
104
92
80
81
82
70
71
83
84
96
95
94
93
105
106
107
108
120
119
131
130
142
143
144
132
120
108
96
84
72
60
59
58
70
69
68
67
66
54
53
65
64
52
40
41
42
30
29
17
18
6
7
19
20
8
9
21
33
45
44
56
57
58
59
47
48
36
24
12
11
10
22
23
35
34
46
47
48
60
72
71
83
95
94
82
81
93
105
106
107
119
118
117
118
130
131
132
144
143
142
141
129
128
140
139
127
115
116
104
92
80
79
91
90
78
77
89
101
100
112
124
123
135
134
133
121
122
110
109
97
85
73
61
49
37
25
13
1
2
3
15
14
26
38
50
62
74
86
98
99
111
99
87
88
1
2
3
4
16
15
27
26
14
13
25
37
49
61
62
50
51
39
38
37
49
50
51
63
75
74
86
87
99
98
97
85
73
61
62
63
64
76
77
78
66
54
42
43
31
32
44
45
33
34
46
47
35
23
22
10
11
12
24
36
48
60
72
84
96
108
120
132
144
143
142
130
131
119
118
117
105
104
103
91
92
80
68
56
55
67
79
80
81
93
94
95
107
106
94
82
70
58
57
69
81
82
83
71
59
60
48
47
46
34
33
21
9
8
7
19
20
32
31
30
29
17
5
6
18
30
42
41
40
52
53
65
64
76
88
89
90
102
114
115
127
126
138
137
125
113
101
100
112
124
136
135
123
122
110
109
121
133
134
135
136
137
138
139
140
128
116
115
103
91
79
67
68
56
55
43
44
45
57
69
70
58
59
71
72
84
83
95
96
108
107
106
105
93
92
104
116
128
129
141
142
143
144
132
120
119
131
130
118
117
129
141
140
139
127
126
125
113
114
102
101
100
112
124
123
111
99
111
110
122
134
133
121
109
97
98
86
85
73
74
75
87
88
89
90
78
77
65
66
54
53
52
40
39
38
26
25
13
1
2
14
15
3
4
5
6
7
8
9
10
11
12
24
36
35
23
22
21
20
19
18
17
16
28
27
28
29
41
