##Rat 6 Day 29
 ##rewards
83
94
16
##Vertices
12
11
23
35
36
48
60
72
84
96
108
120
119
107
106
105
93
92
104
116
115
127
139
138
137
125
124
136
135
123
122
134
133
121
109
97
98
99
100
88
89
101
113
112
111
110
109
97
85
86
87
75
76
77
78
90
102
103
91
79
80
81
69
70
82
94
95
83
71
59
58
57
45
33
32
20
8
7
19
18
6
5
17
16
4
3
2
14
26
25
37
49
61
73
74
62
50
38
39
40
41
42
30
29
28
27
15
3
4
5
6
7
8
9
10
22
21
33
34
46
47
48
60
59
58
70
69
68
67
66
54
55
43
31
19
18
17
16
15
27
28
29
30
42
41
53
52
51
63
64
65
77
78
79
80
81
93
105
117
118
130
131
143
142
141
129
128
140
139
138
126
127
128
140
141
129
130
142
143
144
132
144
132
131
119
120
108
96
84
72
71
83
82
94
95
107
106
118
117
116
104
92
91
103
115
114
126
125
137
136
124
112
113
114
102
90
89
101
100
99
111
123
135
134
133
121
122
110
98
86
85
73
61
62
74
75
87
88
76
64
63
51
50
49
37
25
13
1
2
1
13
14
26
38
39
40
52
53
65
66
54
55
67
68
56
44
45
46
47
35
34
22
23
24
36
24
12
11
10
9
21
20
32
31
43
44
56
57
133
121
109
110
122
123
135
136
124
112
100
101
113
114
115
127
126
125
137
138
139
140
141
142
130
131
143
144
132
120
108
96
95
94
106
107
119
118
117
105
93
92
104
103
91
79
80
81
82
83
71
70
58
57
69
68
67
55
56
44
45
46
34
35
36
24
12
11
23
22
10
9
8
7
6
18
19
31
30
29
41
42
54
66
78
90
102
101
89
77
65
53
52
64
63
75
76
88
87
86
74
62
50
51
39
38
37
25
26
27
15
14
2
1
13
25
37
49
61
73
85
97
98
99
111
112
113
114
102
90
91
103
115
116
128
129
141
142
130
118
106
94
82
70
58
59
60
48
47
46
34
33
21
20
32
31
43
42
30
29
28
40
41
53
65
64
52
40
28
16
4
5
17
16
17
5
6
18
19
7
8
9
10
11
12
24
36
48
60
72
84
83
95
107
119
131
143
144
132
120
108
96
84
72
71
59
47
35
23
22
21
20
32
33
45
44
43
55
54
66
78
79
67
68
56
57
69
81
80
92
93
105
104
116
117
129
128
140
139
127
126
138
137
125
124
123
111
99
100
88
89
77
76
75
87
86
74
62
63
51
39
27
15
3
4
3
2
1
13
14
26
38
50
49
61
73
85
97
98
110
109
121
133
134
122
134
135
136
38
142
124
106
41
46
61
58
134
140
71
35
63
123
140
63
86
72
10
69
98
65
141
26
50
34
107
132
78
49
105
55
118
56
7
21
103
14
96
95
64
92
8
86
14
28
126
64
81
92
7
39
100
81
112
66
135
40
41
15
109
90
67
83
25
100
57
55
48
119
57
61
131
125
110
68
67
91
34
19
142
111
44
115
144
99
129
102
128
115
89
56
35
76
111
45
20
51
114
53
19
1
108
6
22
51
120
11
46
121
79
27
87
69
47
22
12
121
70
94
31
44
144
116
116
114
97
75
30
26
127
139
48
102
104
53
132
110
74
11
108
37
9
78
40
62
31
95
133
38
101
62
17
42
24
76
103
89
6
2
73
29
39
13
60
25
42
136
71
23
5
85
93
77
15
74
33
130
60
43
4
79
122
9
117
29
8
88
49
70
125
104
127
119
66
82
16
47
113
18
58
3
1
52
18
105
68
10
77
21
126
33
99
129
141
130
50
138
135
73
139
30
137
2
36
120
143
54
118
52
4
24
96
32
3
17
134
85
5
23
88
84
80
16
12
27
28
75
128
136
137
84
131
59
94
124
87
72
13
122
91
43
112
82
138
37
107
143
83
45
133
123
36
54
97
109
90
59
101
106
93
117
98
80
20
65
32
113
108
38
112
144
110
82
21
143
127
129
34
39
22
12
11
111
56
70
51
39
55
6
104
68
126
50
122
55
115
135
129
81
53
115
102
57
20
41
134
73
106
74
118
60
38
48
9
30
135
124
71
112
136
139
121
84
21
121
87
138
64
97
31
105
14
128
18
12
65
86
89
124
95
15
92
137
40
58
79
26
120
108
72
52
44
87
29
54
132
65
105
93
2
113
80
107
61
27
120
69
23
6
9
126
76
119
80
66
74
109
32
44
130
72
85
47
59
48
78
1
1
104
75
70
118
41
5
15
4
14
10
144
49
96
83
128
10
32
93
3
103
119
99
117
16
107
34
77
98
90
95
63
35
59
99
123
26
76
3
141
83
67
116
102
138
92
47
36
91
24
117
56
37
17
68
43
122
13
8
33
133
98
46
53
35
116
114
25
139
84
69
67
78
8
110
75
100
31
143
18
140
71
50
49
37
125
61
130
25
19
109
94
5
16
28
96
101
111
64
85
141
88
134
62
33
40
20
140
131
131
97
30
54
45
101
36
19
125
27
4
103
106
136
57
82
2
45
42
132
51
60
123
86
29
79
81
46
73
42
22
63
77
13
127
7
24
28
142
23
17
58
62
7
43
114
52
142
90
88
89
94
66
113
137
100
133
91
11
1
13
14
15
27
26
25
37
49
50
62
61
73
74
75
87
86
85
97
98
99
111
123
122
110
109
121
133
134
135
136
137
125
126
114
113
101
100
88
76
77
65
66
54
53
52
64
63
51
39
40
28
16
17
5
4
3
2
1
13
25
26
38
39
40
41
29
30
42
43
31
19
20
8
7
6
18
30
31
32
44
45
33
34
35
23
22
21
9
10
11
12
24
36
48
47
59
60
72
84
96
95
83
71
70
82
81
93
105
117
118
119
120
108
107
106
94
82
70
58
46
45
57
69
68
56
55
67
79
78
90
102
103
91
92
80
81
93
94
106
118
130
131
132
144
143
142
141
140
139
138
137
136
124
112
100
99
87
88
89
101
102
114
115
127
128
116
104
105
117
129
128
129
130
131
132
144
143
142
141
140
139
138
126
127
115
116
104
103
91
92
80
79
67
68
69
57
56
55
54
42
43
44
32
33
34
46
58
59
71
83
95
107
119
120
108
96
84
72
60
48
47
35
36
24
12
11
23
22
10
9
21
20
8
7
19
18
6
5
17
16
4
3
2
14
15
27
28
29
41
53
65
66
78
90
89
77
76
75
74
62
63
64
52
51
50
38
37
49
61
73
85
86
98
97
109
110
122
121
133
134
135
123
111
112
113
125
124
144
143
142
141
129
128
140
139
138
137
136
135
134
133
121
122
110
109
97
98
99
100
88
89
101
102
114
115
103
91
79
80
81
69
70
82
94
95
107
106
118
119
131
132
120
108
96
84
72
60
59
47
48
36
24
12
11
10
9
21
22
23
35
34
33
45
44
56
55
54
42
43
31
32
20
19
18
17
16
4
5
6
7
8
9
10
22
34
46
58
57
45
46
58
70
71
83
82
81
93
105
104
92
91
90
78
77
65
66
67
68
80
92
93
94
106
105
117
116
104
103
115
127
126
125
113
112
124
123
111
99
87
86
85
73
74
62
61
49
50
38
37
25
26
14
13
1
2
3
15
27
28
29
41
40
52
64
76
75
63
51
39
27
28
40
41
53
52
64
76
88
87
86
85
73
61
62
74
75
63
51
39
38
50
49
37
25
26
14
13
1
2
3
15
16
4
5
17
29
30
42
30
31
19
18
6
7
8
20
21
33
32
44
43
55
56
57
69
68
67
79
78
66
54
53
65
77
89
90
102
114
126
127
128
116
117
118
130
129
130
131
119
107
95
83
71
59
47
35
23
11
12
24
36
48
60
72
84
96
108
120
132
144
143
142
141
140
139
138
137
125
124
136
135
123
122
134
133
121
109
97
98
110
111
112
100
101
113
137
133
117
24
117
38
110
74
44
97
27
138
58
122
59
67
55
135
75
1
89
126
57
135
11
22
144
114
142
35
16
36
18
103
64
25
66
52
27
1
125
137
104
96
59
79
57
60
138
31
58
5
48
122
26
47
110
136
93
87
114
80
7
139
32
130
17
52
91
113
93
120
9
10
92
34
89
73
141
46
29
11
82
116
25
112
97
30
99
112
131
106
74
101
41
86
84
29
53
111
129
15
42
56
95
92
60
30
17
4
111
72
5
71
94
63
129
108
136
13
37
95
13
102
64
131
55
87
49
12
143
10
105
8
141
134
70
32
51
4
100
23
126
9
36
21
79
40
31
98
28
37
62
85
104
90
86
90
132
16
33
77
68
14
66
115
116
61
70
124
23
54
61
28
98
75
119
80
82
120
102
21
12
6
26
78
50
99
44
39
76
76
35
67
8
45
77
68
139
88
121
69
130
56
34
128
39
134
115
40
121
51
42
62
118
91
54
49
123
15
2
19
105
128
119
107
41
72
103
84
71
108
144
125
107
124
118
109
45
20
47
113
143
3
132
85
48
2
101
94
140
142
53
46
81
65
19
83
81
65
127
106
43
78
43
3
140
33
20
127
63
22
100
18
123
109
14
38
24
7
133
88
6
83
50
73
96
69
131
110
23
46
19
102
130
132
66
119
87
14
26
97
104
124
40
32
136
12
115
27
123
47
52
79
37
122
137
24
17
52
58
2
12
92
9
11
81
70
32
70
46
51
4
72
97
89
142
15
33
79
84
100
25
85
30
107
49
68
51
7
45
29
135
78
28
8
1
91
47
3
77
134
108
125
144
27
64
96
110
22
4
84
23
71
88
127
5
80
54
82
11
71
5
114
62
106
15
119
125
38
108
129
134
75
56
111
126
20
141
48
95
115
13
19
103
53
28
105
122
18
35
104
109
62
63
17
143
80
38
49
21
86
42
102
44
98
67
59
117
78
10
95
90
33
74
92
8
116
94
82
93
132
34
76
121
100
141
131
20
137
69
127
36
29
41
43
76
86
25
18
21
69
99
116
96
57
16
126
67
106
121
143
133
66
81
60
1
101
94
112
43
139
24
88
50
58
53
48
123
73
59
55
109
133
93
44
90
74
6
37
2
31
68
103
54
31
39
61
10
105
60
3
139
36
40
144
114
50
117
91
101
138
99
135
56
13
41
30
55
128
22
39
63
6
118
140
64
107
77
83
98
34
35
85
14
45
75
42
87
26
61
138
9
113
118
113
65
140
120
128
7
73
129
72
65
130
136
57
83
111
120
16
89
112
124
142
144
132
120
108
107
95
96
84
72
60
48
36
24
12
11
23
22
10
9
21
33
45
44
56
57
69
70
82
81
80
79
91
103
102
114
115
116
128
129
117
118
130
131
143
142
141
140
139
138
137
125
124
136
135
134
133
121
109
97
98
110
122
123
111
99
100
88
89
77
65
64
76
75
87
86
74
62
50
38
37
49
61
73
85
97
109
110
111
112
113
101
100
112
113
114
126
127
115
103
104
105
93
92
80
68
67
55
54
66
78
90
91
92
104
116
117
105
106
94
93
81
82
83
71
59
58
46
47
35
34
33
32
20
8
7
19
18
6
5
17
16
4
3
15
14
2
1
13
25
26
27
39
51
52
40
41
42
43
31
30
29
28
27
39
40
52
53
41
42
43
44
32
20
8
7
6
18
19
31
30
29
28
16
17
5
4
3
15
14
2
1
13
25
26
38
37
49
50
51
63
64
63
75
74
62
61
73
85
86
98
99
87
88
76
77
89
101
102
90
78
79
67
66
65
53
54
55
56
68
69
70
71
83
95
94
106
118
119
107
119
131
130
129
128
127
126
125
124
123
122
121
133
134
135
136
137
138
139
140
141
142
143
144
132
120
108
96
84
72
60
59
47
48
36
35
23
24
12
11
10
9
21
22
34
46
45
57
58
12
24
36
35
34
33
21
20
19
18
6
7
8
9
10
22
23
11
10
9
8
7
19
31
32
44
43
55
54
66
65
77
89
90
91
79
67
68
69
70
82
94
95
83
84
96
108
120
119
118
106
107
108
96
84
72
60
48
47
46
58
59
71
70
58
57
45
44
56
55
67
66
78
77
76
64
52
40
41
29
17
16
28
27
15
14
26
38
37
49
50
51
63
62
61
73
74
86
87
88
100
99
111
123
135
134
133
121
122
110
109
97
85
73
61
49
37
25
13
1
2
3
4
5
6
18
30
42
54
53
65
64
76
75
87
88
100
112
124
125
126
114
113
101
102
103
115
127
139
140
128
116
104
92
80
81
93
105
117
129
130
131
132
144
143
142
141
140
139
138
137
138
126
127
115
116
128
129
141
142
130
131
143
144
132
120
119
107
106
118
117
105
93
94
95
83
82
81
69
57
56
68
80
92
104
103
91
79
78
90
89
101
102
114
113
125
137
136
135
136
124
112
111
123
122
134
133
121
109
110
98
99
98
97
85
86
74
75
63
62
50
38
39
27
15
14
26
25
13
1
2
3
4
5
17
16
28
40
39
51
52
53
41
29
30
42
43
31
32
33
45
46
34
35
47
59
71
72
60
48
36
24
12
11
23
22
21
20
100
34
87
6
2
13
91
42
36
124
130
49
4
79
30
87
65
131
103
110
8
129
143
116
46
84
118
89
82
21
26
18
77
49
25
35
38
135
100
105
101
59
127
28
9
69
17
10
144
31
53
142
93
61
136
115
141
98
40
22
117
120
102
67
121
106
25
136
94
93
50
16
86
52
37
75
142
99
133
7
131
90
92
96
120
111
78
71
112
88
51
80
85
140
92
66
22
23
83
36
63
26
76
40
117
85
29
126
75
8
88
91
10
15
62
56
12
138
18
5
33
113
6
44
81
119
70
135
107
21
13
109
130
140
68
39
9
59
74
95
42
89
12
46
99
96
41
103
104
39
28
53
2
106
58
30
63
20
67
116
32
129
58
72
41
144
55
57
132
3
27
139
23
104
66
74
27
11
122
125
5
114
31
77
62
124
134
14
44
128
19
123
45
54
112
110
97
102
14
20
143
115
65
3
132
50
138
109
47
94
1
57
122
105
68
24
73
82
34
121
48
60
32
17
29
38
64
19
123
127
128
15
61
48
16
107
43
108
52
113
24
37
108
4
54
47
56
72
98
80
45
119
137
86
118
78
114
84
7
126
76
1
79
81
43
101
134
141
55
69
111
83
125
70
35
90
133
139
60
73
51
11
137
64
97
71
33
95
124
42
122
113
45
5
38
39
58
75
76
133
10
88
119
35
58
105
51
83
128
69
67
108
34
95
124
33
52
120
23
98
86
143
31
51
77
71
63
106
36
4
31
70
37
48
9
108
126
90
7
64
38
11
80
123
28
130
57
140
119
116
137
132
44
111
127
32
3
13
46
100
118
62
138
68
36
112
30
39
30
25
66
113
115
106
88
23
24
65
79
66
72
95
43
141
21
79
9
81
18
73
111
14
33
32
54
121
22
82
21
140
144
78
125
132
134
56
99
52
120
144
122
59
15
35
129
77
98
47
117
49
19
123
60
50
8
85
131
94
6
135
89
81
96
114
115
6
101
130
131
142
133
5
100
2
8
16
94
62
41
129
125
104
82
104
44
45
55
61
15
96
13
107
12
53
53
29
117
64
72
20
105
103
60
68
25
2
1
1
121
135
17
50
139
86
142
92
84
37
29
73
110
141
4
139
22
10
26
20
54
14
116
69
34
90
134
89
28
92
55
93
75
102
63
87
91
85
76
46
138
42
107
112
49
93
91
41
80
127
27
17
71
109
83
97
70
67
109
56
101
102
136
136
128
16
11
84
114
19
47
74
26
118
27
43
103
12
110
40
99
74
126
137
87
57
3
78
61
59
97
48
24
7
40
143
65
18
