##Rat 5 Day 42
 ##rewards
74
87
21
##Vertices
55
107
98
54
3
78
17
96
55
34
58
28
120
112
12
4
92
21
52
137
114
1
109
14
39
94
70
22
45
44
29
53
56
33
106
83
99
62
17
28
35
3
66
9
102
88
13
20
61
35
23
74
57
21
89
143
78
39
6
91
16
61
119
101
27
15
91
81
76
103
106
107
12
84
99
139
114
140
49
77
18
143
117
85
131
115
93
70
1
19
25
110
24
53
10
68
130
41
115
111
48
38
68
144
122
116
8
101
96
56
118
103
120
126
116
112
43
97
43
59
108
110
36
141
52
142
136
133
117
48
100
59
111
7
75
123
4
10
64
124
8
73
124
27
58
140
113
15
16
33
135
133
130
95
81
79
25
51
94
13
138
67
46
141
32
63
36
132
100
30
47
24
26
142
20
144
125
97
89
134
18
90
113
80
2
86
125
73
109
69
118
14
65
57
23
44
129
72
19
60
126
26
29
122
46
38
67
31
136
60
128
83
49
104
41
135
93
127
105
119
34
139
121
65
128
69
37
82
45
86
6
98
11
74
31
5
32
11
87
50
51
62
50
71
64
42
9
5
131
88
127
75
42
66
76
134
22
132
108
95
79
123
40
80
121
105
82
7
54
2
137
92
90
87
37
30
71
102
40
84
104
77
47
63
129
72
138
85
46
112
27
5
80
91
57
110
107
49
127
33
132
61
113
32
3
7
102
8
141
135
52
69
62
113
36
25
1
53
65
98
127
128
142
76
34
104
35
8
87
67
19
64
131
7
89
9
104
101
125
42
88
39
122
20
96
17
123
109
116
15
42
85
80
4
92
139
82
16
99
116
103
5
79
105
74
102
88
50
90
121
140
130
10
61
143
57
123
93
19
29
109
86
45
18
89
45
3
144
60
84
55
72
6
43
13
11
51
21
115
78
100
132
38
36
81
134
74
73
28
126
125
98
22
136
33
121
130
39
23
76
82
97
23
133
105
63
141
58
111
106
52
120
56
12
66
11
134
94
21
137
107
81
9
110
6
31
95
37
24
70
25
144
71
86
60
124
18
112
75
10
14
96
83
118
92
137
97
49
100
75
99
95
68
1
77
78
40
41
40
30
27
14
35
50
77
29
114
56
65
133
54
28
119
32
68
30
135
120
54
26
85
22
53
70
69
122
101
15
34
143
13
2
63
58
124
87
67
2
126
47
129
93
20
136
38
41
26
62
118
51
12
117
108
55
43
44
115
103
139
108
106
83
73
131
4
72
84
59
94
16
66
71
111
140
142
138
64
17
46
48
91
79
24
47
128
114
119
37
90
48
117
44
31
129
59
138
12
11
10
22
23
35
36
48
47
46
45
57
58
70
82
83
71
59
60
72
84
96
108
120
119
131
132
144
143
142
141
140
128
116
117
129
130
118
106
105
104
92
93
81
80
79
91
103
115
127
126
114
113
101
102
90
78
77
89
88
100
112
111
123
135
134
133
121
122
110
109
97
85
73
61
62
74
75
63
51
52
64
65
66
67
68
69
57
56
55
54
53
41
42
30
31
43
44
32
20
19
18
17
29
28
16
4
3
15
27
26
14
13
1
2
3
4
5
6
7
8
9
21
33
34
46
58
70
69
68
80
81
82
94
95
107
108
120
119
118
117
116
115
114
113
125
137
136
124
112
111
99
98
86
87
75
76
64
63
51
39
40
52
53
54
42
41
40
39
38
37
49
50
38
50
49
61
62
74
73
85
97
109
121
133
134
135
136
137
138
139
127
128
129
130
131
132
144
143
142
141
140
139
138
126
125
124
123
122
110
98
86
87
99
100
88
76
77
65
66
67
79
78
90
89
101
102
103
91
92
104
105
93
94
106
107
95
96
84
83
71
72
60
59
47
35
34
33
45
44
56
55
43
31
32
20
19
18
30
29
28
27
26
25
37
25
13
1
2
14
15
16
17
5
6
7
8
9
21
22
10
11
12
24
23
24
36
48
1
13
25
26
14
15
3
4
16
28
40
41
29
30
31
19
18
17
5
6
7
8
9
10
22
23
11
12
24
36
48
60
59
58
46
47
35
34
33
45
57
56
44
43
55
67
68
69
70
71
83
82
94
93
81
80
79
91
92
104
105
106
118
119
120
132
144
143
131
130
142
141
140
139
138
126
127
115
114
113
101
102
90
78
66
54
42
41
53
65
77
89
88
76
75
63
64
52
51
50
62
74
86
87
99
98
97
109
110
111
123
122
134
133
121
109
97
85
73
61
49
37
38
39
27
28
29
30
42
54
55
43
31
32
20
21
9
10
22
34
46
58
70
82
94
95
96
108
107
106
118
117
129
128
116
115
103
102
114
113
112
100
101
89
77
76
88
100
112
124
136
137
125
124
125
137
138
126
127
139
140
141
142
143
144
132
120
108
96
84
72
71
59
47
35
23
11
12
24
36
48
60
72
84
83
95
107
119
131
130
129
128
116
117
105
104
103
91
90
78
66
67
79
80
92
93
81
69
68
56
57
45
44
32
33
21
20
8
7
19
18
6
5
17
16
15
27
39
40
52
53
65
64
63
51
50
62
74
75
87
99
111
123
135
136
135
134
133
121
122
110
98
86
85
73
61
49
37
38
26
25
13
1
2
14
2
3
4
100
7
108
64
6
125
103
2
71
116
98
117
141
34
127
112
70
40
18
65
83
38
4
80
125
58
61
53
71
82
60
7
45
94
127
61
117
116
87
142
50
89
143
107
33
86
9
138
68
30
97
27
139
138
91
90
14
17
49
99
42
112
39
2
13
75
97
92
57
79
131
10
1
77
105
82
65
22
118
50
43
66
124
110
74
96
10
43
15
41
96
115
123
45
115
85
76
106
122
109
106
101
126
30
107
102
53
129
37
114
20
8
108
123
36
51
95
144
85
114
118
27
134
26
39
29
140
23
52
23
46
81
105
78
99
121
119
136
60
28
19
80
113
1
141
142
128
17
52
37
139
26
78
144
48
73
36
31
55
47
19
6
12
124
38
18
98
5
49
67
88
66
54
76
5
72
120
95
11
131
74
136
20
130
55
143
92
32
87
59
28
70
137
46
13
3
135
33
68
16
103
130
90
110
135
79
134
63
62
24
133
21
67
15
93
44
40
11
59
84
42
109
32
63
101
89
119
132
9
111
69
34
129
83
24
122
8
14
88
140
48
94
64
126
113
51
56
41
91
22
86
111
12
21
29
31
132
133
56
84
102
47
100
58
77
4
25
57
137
93
104
35
3
62
73
120
75
35
54
104
81
128
16
25
44
121
69
72
4
12
22
58
30
21
103
23
27
109
15
5
51
113
141
29
32
112
59
35
140
11
1
129
128
8
77
131
43
45
95
17
130
51
122
68
127
119
26
42
3
59
66
20
111
44
42
114
76
115
112
35
10
6
92
36
91
142
69
66
82
39
104
133
98
43
38
8
31
140
19
101
32
95
46
97
64
62
144
118
34
126
123
124
37
76
26
106
105
65
14
69
120
64
19
139
23
33
9
102
65
137
74
53
70
87
111
144
139
98
115
61
57
21
38
37
89
56
93
119
7
84
138
80
53
84
93
24
137
127
71
68
16
138
70
40
123
88
52
49
9
101
44
80
113
99
1
78
117
118
36
110
88
134
41
61
85
79
6
14
136
20
116
78
28
58
50
143
27
7
73
133
110
96
18
48
3
18
25
94
130
117
96
15
143
108
11
81
52
81
120
125
132
90
75
24
77
102
75
17
40
136
82
46
29
116
100
50
31
92
33
103
91
83
67
5
135
79
25
121
126
54
72
142
55
106
125
107
39
86
12
63
72
2
132
71
99
128
100
2
131
13
73
28
83
48
47
97
63
49
135
141
105
109
90
134
122
124
114
89
54
47
34
30
60
74
108
62
56
87
94
16
85
121
4
107
104
10
55
22
41
57
45
60
67
86
129
13
144
143
142
130
131
119
120
108
107
106
105
93
94
82
70
71
83
95
96
84
72
60
48
36
35
23
24
12
11
10
9
8
20
32
33
21
22
34
46
45
44
56
57
69
68
67
55
43
31
19
18
30
29
41
42
54
66
65
53
52
40
28
27
15
3
2
1
13
14
26
25
37
49
61
73
74
62
63
75
87
88
76
77
78
79
80
81
93
92
91
90
89
101
102
114
115
103
104
116
128
127
126
125
113
112
124
136
135
123
111
110
122
121
133
134
135
136
137
138
139
140
141
129
117
118
106
94
82
81
80
68
69
70
58
59
47
48
36
35
34
33
32
31
30
29
17
5
4
16
28
27
39
38
50
51
63
64
76
75
87
99
100
88
89
90
102
101
100
99
98
97
85
86
98
86
85
73
74
62
61
49
37
25
13
1
2
3
4
5
6
7
19
20
21
22
23
24
12
11
10
9
8
7
6
18
17
16
15
14
26
38
50
51
39
40
52
64
65
77
78
79
67
66
54
53
41
42
43
55
56
44
45
57
58
46
47
59
60
72
71
83
84
96
95
107
119
118
117
105
104
92
91
103
115
116
128
127
126
114
113
112
111
110
109
97
109
121
133
134
122
123
124
125
137
138
139
140
141
129
130
142
143
144
132
131
132
120
108
133
121
109
97
85
86
98
110
122
134
135
123
111
112
100
88
89
77
76
64
52
51
63
62
61
49
50
38
37
25
13
14
15
16
4
5
17
29
41
53
54
42
43
55
67
79
80
68
69
81
93
92
104
103
91
90
78
66
65
53
41
40
39
27
26
25
37
49
61
73
74
75
87
99
100
101
113
114
102
101
113
125
137
136
124
112
111
99
87
88
76
64
52
40
28
29
30
31
19
20
21
9
10
22
34
33
32
44
56
57
45
46
58
59
47
48
36
35
23
24
12
11
10
9
8
7
6
18
30
42
43
44
56
57
45
46
58
70
82
83
71
72
84
96
108
107
95
94
106
118
130
129
128
116
117
105
104
116
115
127
139
140
141
142
143
144
132
131
119
120
108
107
119
120
132
144
143
131
130
142
141
129
117
118
106
105
93
92
80
81
82
94
95
96
84
83
71
70
69
68
67
55
54
66
65
77
89
90
78
79
91
103
102
114
115
127
128
140
139
138
126
125
126
138
137
136
124
123
135
134
133
121
122
110
109
97
98
86
85
73
74
75
63
62
50
38
26
14
13
1
2
1
2
3
15
3
4
5
6
7
8
20
21
22
23
11
12
24
36
48
60
72
60
59
47
35
34
33
32
31
19
18
17
16
28
27
39
51
37
9
137
42
63
33
128
86
106
119
73
100
91
68
69
51
66
68
6
52
139
77
101
90
1
82
38
99
80
59
104
93
101
58
7
40
74
48
41
43
64
21
48
22
10
135
49
128
75
123
34
142
12
40
32
13
125
77
31
124
84
134
1
79
16
67
49
74
70
51
91
130
112
111
88
81
112
54
11
98
3
94
104
100
45
28
107
84
107
20
23
86
75
129
30
37
30
32
2
85
121
110
141
71
78
83
127
87
19
17
61
55
139
111
56
26
53
142
12
106
109
20
140
131
118
131
16
50
4
19
38
132
122
45
121
138
10
25
135
105
26
105
92
89
97
55
70
29
15
65
81
93
136
130
27
11
35
39
13
39
88
120
62
143
60
96
42
113
33
9
138
108
41
52
64
129
66
115
144
79
113
109
69
28
123
117
44
50
67
43
83
78
92
80
103
5
114
65
90
17
110
120
94
89
132
136
126
95
8
58
76
72
4
115
99
8
53
23
46
87
127
141
116
36
76
14
21
22
34
117
137
5
108
15
144
25
18
47
6
126
133
14
72
73
71
24
35
56
103
18
102
102
97
60
59
119
116
27
143
7
29
125
63
133
57
96
85
82
46
118
2
36
124
95
114
24
3
62
47
57
134
31
61
54
122
98
44
140
112
137
61
55
92
74
32
140
74
82
78
21
132
93
97
54
65
50
15
26
63
94
42
35
107
141
130
42
120
40
44
18
117
98
142
45
41
69
84
37
7
38
75
129
99
143
20
102
87
90
16
73
134
31
81
90
108
60
112
66
111
53
139
73
76
44
36
87
10
48
115
36
113
51
143
134
86
101
91
95
122
59
136
1
106
141
132
9
22
131
82
5
62
77
125
128
1
41
89
2
139
88
84
38
32
3
56
104
23
2
64
6
57
95
43
27
127
103
52
105
100
80
83
144
34
46
133
24
71
33
81
43
61
20
12
118
77
58
126
79
135
130
79
11
24
45
67
68
9
17
49
66
114
116
31
8
109
14
54
122
102
107
119
33
131
93
105
123
97
110
106
11
124
86
52
68
25
4
19
70
69
138
111
35
128
89
114
64
65
46
99
34
8
6
127
108
4
56
57
15
110
58
103
119
28
62
96
71
21
135
136
59
18
91
104
25
13
92
115
83
76
72
16
118
22
53
5
129
75
50
109
49
29
27
80
133
67
121
98
63
94
113
100
124
55
121
120
70
137
40
13
3
144
60
140
37
96
85
10
19
123
29
51
26
39
88
23
116
117
48
72
78
142
47
126
85
39
12
138
101
28
30
14
7
47
17
30
125
12
11
10
9
8
20
21
33
34
46
45
44
43
42
30
29
41
53
54
66
65
77
76
64
63
75
74
73
61
49
50
62
63
51
52
40
28
16
17
5
4
3
2
1
13
14
26
25
37
38
39
27
15
3
4
5
6
18
19
31
32
33
34
22
23
35
36
48
60
72
71
70
58
57
56
68
67
55
54
53
52
51
39
40
41
42
43
44
45
46
47
59
60
72
84
83
82
81
80
92
104
116
117
105
106
107
108
120
132
131
130
118
119
120
108
96
95
94
93
105
117
129
141
140
139
127
115
103
91
90
89
88
87
86
85
97
109
121
133
134
135
136
124
125
137
138
126
114
102
101
100
112
113
101
100
99
111
123
122
110
98
99
111
112
113
114
102
90
78
79
91
92
80
79
78
77
89
88
87
75
76
64
65
66
67
55
56
57
58
59
71
70
69
68
69
81
93
94
82
83
84
96
95
107
106
118
119
131
130
142
143
144
132
144
143
142
141
140
128
129
128
116
104
103
115
127
139
138
126
125
137
136
124
123
135
134
133
121
122
110
109
97
98
86
85
73
74
62
61
49
50
38
37
25
13
1
2
14
26
27
15
16
28
29
17
18
30
31
32
20
19
7
6
7
8
9
21
22
10
11
23
35
47
48
36
24
12
24
133
121
109
110
111
112
124
125
126
127
139
138
137
136
135
123
122
134
135
136
137
138
126
114
113
101
102
90
91
79
80
68
56
55
54
66
78
77
76
75
63
51
50
62
61
49
37
25
26
27
39
38
37
49
61
73
85
97
98
99
87
86
74
75
87
88
100
101
89
90
78
79
67
68
69
81
93
105
104
116
128
129
117
118
130
131
119
107
108
96
95
94
82
83
84
72
71
59
58
57
45
46
34
22
10
11
12
24
23
35
36
48
60
72
84
96
108
120
132
144
143
142
141
140
139
127
115
103
91
92
80
81
69
70
58
57
45
33
21
20
19
31
32
44
43
42
30
18
6
5
17
29
41
53
65
64
52
40
28
16
15
14
13
1
2
3
4
5
6
7
8
7
19
18
30
29
17
16
4
3
15
14
2
1
13
25
26
38
39
27
28
40
52
51
50
62
63
64
76
88
89
77
65
53
41
42
54
66
67
55
56
44
43
31
32
20
8
9
10
9
21
33
34
22
23
11
12
24
36
35
47
46
47
48
60
59
71
70
82
83
95
107
106
118
130
131
119
120
132
144
143
142
141
140
128
129
117
105
106
94
93
92
104
116
115
103
102
114
113
112
100
99
111
110
98
86
74
73
85
97
109
121
133
134
122
123
124
125
