##Rat 3 Day 1
 ##rewards
127
116
38
##Vertices
133
121
122
123
135
136
137
138
126
114
102
90
91
79
80
92
93
94
82
81
69
68
67
55
56
44
32
31
19
7
6
5
4
3
15
27
39
51
50
49
37
38
26
14
13
1
2
3
4
16
17
18
30
42
43
44
45
33
34
46
47
59
71
83
84
72
60
48
36
35
23
24
12
11
10
9
8
20
21
22
34
33
32
31
43
42
41
29
28
40
52
64
65
77
78
66
54
53
41
40
52
51
63
75
87
86
74
62
61
73
85
97
98
110
109
97
85
86
87
99
111
112
113
125
124
136
137
138
139
127
115
103
104
105
117
118
130
142
141
129
128
140
141
142
143
144
132
131
119
120
108
96
95
107
106
94
82
70
58
57
69
81
93
92
80
79
78
77
76
88
100
101
100
88
89
101
89
90
91
103
102
114
113
112
111
99
98
110
109
121
122
134
133
134
135
123
124
125
126
127
139
140
128
116
115
116
104
105
117
129
130
131
143
144
132
120
119
118
106
107
108
96
95
83
84
72
60
59
71
70
58
57
45
46
47
48
36
35
23
24
12
11
10
22
21
9
8
20
19
7
6
5
17
18
30
29
28
16
15
14
2
1
13
25
37
25
26
27
39
38
50
49
61
73
74
62
63
75
76
64
65
66
67
68
56
55
54
53
144
132
131
130
142
141
140
139
127
115
103
91
90
78
77
89
88
87
75
76
64
65
66
54
53
41
29
30
18
6
7
8
9
10
22
34
46
58
59
60
48
47
35
23
24
12
11
10
9
21
20
19
31
43
42
41
40
28
27
39
38
50
62
74
73
61
49
37
25
26
14
13
1
2
3
4
5
17
16
15
27
28
29
30
42
43
44
32
33
45
57
69
68
80
79
67
55
56
44
45
57
58
70
82
94
95
83
71
72
84
96
108
107
119
120
108
96
95
94
106
118
117
116
128
129
141
140
139
138
126
114
102
101
100
112
111
123
135
136
124
125
137
136
135
134
133
121
122
110
109
97
85
86
98
99
87
75
63
51
52
64
76
88
89
77
78
79
80
81
93
105
104
105
93
92
104
92
91
90
102
103
115
116
117
118
106
107
119
120
132
131
143
144
143
142
130
129
128
127
126
138
137
125
113
114
113
101
100
112
124
123
122
134
133
121
109
110
111
99
98
97
85
86
74
73
61
49
50
62
63
51
52
40
39
38
37
25
26
14
13
1
2
3
15
16
4
5
17
18
6
7
8
20
19
31
32
33
21
22
23
11
12
24
36
48
36
35
34
46
47
59
60
72
84
83
71
70
82
81
69
68
67
66
65
53
54
55
56
77
127
123
140
62
67
135
15
108
41
34
47
5
25
71
98
31
21
138
121
58
139
140
128
99
9
141
51
16
125
47
100
104
77
125
49
129
136
121
40
59
111
11
62
43
65
5
8
112
102
40
52
39
66
100
87
30
17
144
31
10
84
1
124
97
7
136
93
10
53
135
133
59
56
29
21
63
124
15
137
69
115
64
122
129
18
65
12
88
24
89
36
67
42
89
51
103
85
123
110
2
44
70
97
35
63
96
30
41
95
94
14
3
83
107
52
104
48
131
12
60
54
132
86
119
84
76
92
22
98
141
46
75
91
115
143
118
116
83
39
81
103
1
74
106
101
45
81
70
72
88
26
82
32
118
73
126
72
9
112
78
114
102
20
110
32
54
33
57
144
33
28
109
7
132
120
60
57
105
49
138
96
17
3
48
111
29
82
23
122
69
36
113
73
50
85
108
34
128
50
120
6
107
74
90
16
24
142
20
114
37
79
134
86
19
11
27
44
68
4
94
75
45
126
37
42
134
25
139
61
80
78
117
99
35
119
113
68
90
109
23
43
19
61
91
4
28
87
79
22
130
106
55
6
18
38
80
38
58
13
56
13
116
26
14
137
95
46
66
127
71
133
131
64
76
27
101
93
8
143
55
130
117
2
105
53
92
142
94
28
31
55
15
143
9
54
125
134
49
141
89
72
140
37
9
71
29
139
24
61
51
122
1
47
20
110
23
78
128
45
14
124
22
43
92
101
70
2
110
126
99
85
19
127
67
127
62
25
79
133
59
40
98
56
76
88
83
37
44
28
96
42
11
3
140
121
16
109
135
130
131
111
141
134
8
131
16
121
26
60
62
47
106
33
114
98
50
75
13
123
56
74
3
73
66
104
53
64
61
139
25
67
8
4
63
17
14
115
122
10
113
99
103
91
137
77
87
120
144
77
22
15
38
45
57
65
32
100
74
44
86
118
69
18
7
114
59
112
24
81
80
119
108
81
41
17
105
136
76
43
52
1
118
132
57
108
39
129
120
123
6
69
83
49
105
132
102
84
27
142
94
78
90
19
64
107
48
79
55
95
135
138
93
12
143
129
26
46
124
87
35
30
7
92
58
31
133
12
101
65
63
5
39
73
128
52
4
36
58
100
102
46
109
136
23
50
71
84
54
20
42
18
34
33
40
97
36
113
111
53
80
34
96
112
21
35
27
6
29
106
13
75
117
97
125
2
21
107
115
88
66
116
70
86
11
68
82
103
82
10
72
30
130
41
126
138
68
51
116
60
93
89
38
85
91
137
5
144
117
104
142
95
90
32
119
48
1
13
25
26
14
15
3
4
16
28
40
41
29
30
31
19
18
17
5
6
7
8
9
10
22
23
11
12
24
36
48
60
59
58
46
47
35
34
33
45
57
56
44
43
55
67
68
69
70
71
83
82
94
93
81
80
79
91
92
104
105
106
118
119
120
132
144
143
131
130
142
141
140
139
138
126
127
115
114
113
101
102
90
78
66
54
42
41
53
65
77
89
88
76
75
63
64
52
51
50
62
74
86
87
99
98
97
109
110
111
123
122
134
133
121
109
97
85
73
61
49
37
38
39
27
28
29
30
42
54
55
43
31
32
20
21
9
10
22
34
46
58
70
82
94
95
96
108
107
106
118
117
129
128
116
115
103
102
114
113
112
100
101
89
77
76
88
100
112
124
136
137
125
124
125
137
138
126
127
139
140
141
142
143
144
132
120
108
96
84
72
71
59
47
35
23
11
12
24
36
48
60
72
84
83
95
107
119
131
130
129
128
116
117
105
104
103
91
90
78
66
67
79
80
92
93
81
69
68
56
57
45
44
32
33
21
20
8
7
19
18
6
5
17
16
15
27
39
40
52
53
65
64
63
51
50
62
74
75
87
99
111
123
135
136
135
134
133
121
122
110
98
86
85
73
61
49
37
38
26
25
13
1
2
14
2
3
4
12
11
23
35
36
24
12
11
10
22
21
20
32
44
43
55
67
66
65
64
63
51
52
40
39
38
50
49
61
62
74
73
85
86
98
99
111
110
109
97
85
73
61
49
37
25
26
14
13
1
2
3
15
27
28
16
4
5
6
18
30
31
19
7
8
9
10
22
34
33
45
57
69
81
93
92
91
79
80
68
56
57
58
46
47
48
60
72
71
83
84
96
95
107
119
120
108
96
84
72
60
59
71
70
82
94
106
105
104
103
115
127
128
140
139
138
137
125
113
112
124
136
135
134
122
123
111
112
100
101
89
90
102
114
126
138
139
140
141
129
130
131
132
144
143
142
141
129
117
116
104
103
91
92
80
68
56
55
54
53
41
29
17
5
4
16
28
40
52
64
76
77
78
79
67
66
78
90
102
101
113
114
115
116
128
127
126
125
137
136
124
123
135
134
133
121
133
121
122
110
109
97
98
99
87
86
74
62
50
38
37
25
26
14
13
1
2
3
15
27
39
51
63
75
87
75
76
88
100
88
89
77
65
53
54
42
43
44
32
31
30
42
41
29
17
18
6
7
19
20
8
9
21
33
45
46
34
35
23
24
36
48
47
59
58
70
69
81
82
94
93
105
117
118
106
118
119
131
130
142
143
144
132
120
108
107
95
83
26
42
115
141
77
134
23
121
51
15
37
65
45
58
123
47
10
50
26
49
117
120
107
109
143
46
125
80
123
45
58
66
114
19
113
43
91
19
81
105
25
73
139
5
46
9
116
79
127
24
25
131
57
69
50
95
33
101
124
30
9
34
143
38
15
119
29
66
103
65
110
110
88
127
16
95
7
49
72
70
18
8
100
12
109
12
47
135
120
32
113
86
56
89
133
2
129
67
83
135
2
31
106
71
74
20
124
125
71
105
75
83
36
112
22
41
96
76
20
18
44
27
90
3
102
5
117
39
11
115
62
35
87
118
24
130
134
81
29
43
69
28
140
144
137
76
97
59
136
53
102
8
3
40
82
111
142
142
99
104
84
48
138
121
10
1
141
64
63
78
11
60
38
85
116
144
112
32
34
35
80
92
51
68
92
22
6
36
122
21
64
131
52
94
44
136
89
130
108
119
87
138
1
108
57
4
68
90
86
98
107
103
122
7
23
67
42
53
48
73
31
21
56
85
17
98
96
6
104
54
74
63
28
94
4
77
14
128
62
99
114
13
132
61
126
129
126
54
60
84
52
78
101
41
128
93
106
40
100
33
93
39
91
140
27
13
55
17
70
61
139
137
75
82
79
59
133
72
37
97
118
55
111
132
16
30
14
88
140
10
35
63
30
123
39
14
45
132
80
90
71
123
117
27
129
144
111
120
72
47
50
22
33
42
73
40
25
82
119
75
44
14
4
96
85
119
31
94
55
52
53
58
110
132
102
114
135
38
107
1
81
125
38
133
49
41
10
57
87
141
86
43
65
20
59
59
46
143
40
22
97
30
121
8
93
60
78
137
54
32
79
19
122
36
41
2
88
127
34
55
76
48
58
87
139
75
80
133
47
18
43
106
84
61
128
54
134
125
36
74
143
17
70
144
7
12
4
108
11
124
5
104
136
95
99
129
6
111
131
79
81
96
77
35
138
57
92
46
134
66
28
116
141
121
28
114
66
104
48
97
49
100
105
60
37
21
19
67
8
24
136
27
23
89
92
118
100
25
21
3
26
113
67
112
13
91
95
112
29
17
142
65
103
56
24
83
68
51
109
90
74
106
85
120
64
62
115
61
77
99
102
45
135
84
15
131
116
70
142
71
105
31
50
128
20
23
94
117
16
126
69
130
115
5
56
9
6
33
53
88
82
98
39
12
122
52
109
93
1
140
63
11
89
91
44
37
34
7
98
62
68
76
113
108
130
137
138
64
2
107
139
101
101
103
42
110
29
9
26
18
32
13
15
69
126
124
127
118
86
3
83
73
51
16
72
78
144
143
142
141
140
128
129
130
131
132
120
119
118
106
105
104
92
91
103
102
101
113
114
126
138
137
125
124
136
135
134
122
110
98
97
85
86
87
88
89
77
76
64
65
66
67
55
54
42
43
44
56
57
69
68
80
79
78
90
89
88
100
112
111
123
135
136
137
138
139
127
115
116
117
105
93
94
82
81
93
94
95
96
108
107
106
118
117
116
104
103
102
101
100
99
87
75
63
62
50
38
37
25
26
27
39
51
52
53
41
40
28
29
17
16
4
3
15
14
2
1
13
25
37
49
61
73
74
75
76
64
52
53
41
40
28
29
30
31
19
18
6
7
8
9
21
20
32
33
34
35
47
59
58
46
45
57
58
70
71
72
60
48
36
24
12
11
23
22
10
9
21
22
10
11
12
24
23
35
36
48
47
46
34
33
45
44
56
55
43
31
32
20
8
7
19
18
30
42
54
66
65
77
78
90
91
92
80
79
67
68
69
81
82
70
71
59
60
72
84
83
95
83
84
96
108
107
119
120
132
144
143
131
130
142
141
129
128
140
139
127
115
114
126
125
124
123
122
134
133
121
133
121
109
110
109
97
85
73
61
49
50
38
26
14
13
1
2
3
4
5
6
5
17
16
15
27
39
51
63
62
74
86
98
99
111
112
113
12
24
36
35
23
22
10
9
21
33
45
44
32
31
30
18
19
20
8
7
6
5
4
3
15
14
2
1
13
25
37
49
50
51
39
38
26
27
28
40
52
53
41
42
54
66
65
64
63
62
74
75
87
88
76
77
78
90
89
101
100
99
111
110
109
121
133
134
122
123
135
136
137
138
139
127
126
114
115
116
104
103
91
79
67
55
43
44
56
68
80
92
93
81
82
70
69
57
58
59
71
83
95
94
106
107
108
120
119
118
130
131
143
144
132
120
108
96
84
72
60
48
47
46
34
33
32
31
43
55
54
42
30
29
17
16
4
3
15
27
39
51
63
75
87
86
85
97
98
99
111
112
124
125
113
114
102
103
115
116
117
105
104
92
80
81
93
105
117
129
141
140
128
129
128
140
139
127
126
138
137
136
135
134
133
121
109
97
85
73
61
62
50
38
26
14
2
1
13
25
37
49
61
73
74
86
98
110
122
123
124
125
113
112
100
101
102
90
91
79
67
66
78
77
89
88
76
64
65
53
52
40
41
29
28
16
17
5
6
18
19
7
8
20
21
22
34
46
45
57
56
68
69
70
58
59
71
83
82
94
106
118
130
142
141
142
143
144
132
131
119
107
95
96
84
72
60
48
47
35
36
24
12
11
23
11
10
9
91
96
56
14
127
92
11
125
127
142
50
137
35
26
47
4
79
12
37
75
16
140
49
84
8
33
132
101
129
62
8
89
108
40
58
134
1
99
114
41
32
118
15
73
74
128
126
108
85
31
121
93
13
120
18
29
82
51
70
20
61
67
28
48
99
53
64
78
58
18
36
42
66
133
117
68
24
115
138
86
77
6
135
87
94
141
121
111
125
103
17
66
41
122
77
138
32
24
36
53
131
132
57
54
71
96
88
140
79
13
54
97
119
112
110
129
85
45
49
83
133
117
80
71
25
111
3
29
7
91
103
59
72
72
130
144
65
109
124
95
50
56
89
9
55
39
63
2
60
48
123
40
4
27
142
94
83
46
47
84
105
90
98
5
25
78
52
38
104
123
80
119
109
22
38
21
93
65
106
6
1
70
124
122
37
100
17
57
19
97
63
102
136
15
74
2
128
45
113
64
22
11
69
139
33
69
21
44
9
60
30
34
44
43
144
43
68
143
139
107
136
100
86
135
12
20
102
19
55
39
16
23
116
92
87
82
61
62
141
34
76
110
98
126
26
95
131
23
106
46
104
113
73
75
105
30
27
42
10
7
107
28
118
3
115
137
52
81
120
114
143
5
116
101
59
130
51
90
31
67
112
35
10
81
134
14
76
88
93
110
49
100
92
1
89
88
30
136
123
21
23
13
18
57
96
55
8
128
97
11
35
23
138
73
93
28
113
60
142
47
12
38
44
124
90
132
99
24
69
108
36
136
115
34
48
43
139
95
109
64
71
52
24
121
142
67
119
127
88
128
143
95
86
6
92
111
106
75
29
66
101
54
58
85
25
106
91
6
32
20
3
58
84
4
2
94
104
67
120
19
137
56
59
39
120
141
114
108
50
37
29
39
130
40
51
62
64
96
45
42
11
77
44
31
62
116
47
12
116
115
34
109
112
17
84
91
126
113
80
127
30
105
143
126
16
122
129
66
138
112
94
118
105
7
19
72
118
90
125
13
102
14
40
2
76
41
82
117
56
51
37
33
48
61
38
57
86
114
46
65
134
77
59
89
15
141
28
14
8
49
99
22
98
97
133
5
21
104
101
52
123
27
61
63
9
82
41
3
131
81
85
68
20
110
131
55
26
46
4
87
42
9
70
83
63
45
32
65
35
33
81
72
83
121
107
22
135
36
111
69
103
54
73
133
1
130
53
80
10
70
125
7
132
17
5
140
144
139
140
26
79
74
53
78
31
78
98
107
76
71
79
103
74
10
25
129
102
135
27
119
144
50
137
60
134
117
16
75
100
124
122
15
68
87
43
18
