##Rat 1 Day 45
 ##rewards
19
32
98
##Vertices
12
11
23
24
36
35
47
48
60
59
58
46
45
57
69
70
71
72
84
96
95
83
82
94
106
118
117
129
128
116
104
92
80
81
93
105
106
107
108
120
119
131
132
144
143
142
141
140
139
138
126
127
115
103
91
90
78
66
54
55
43
42
41
40
52
64
65
77
76
75
87
88
100
99
98
86
85
97
109
121
133
134
122
110
111
112
124
123
135
136
137
125
113
101
89
90
102
114
115
103
102
114
113
101
89
77
76
64
63
62
50
38
26
14
15
16
4
5
17
18
30
29
28
27
39
51
52
53
41
40
39
51
63
75
74
73
61
49
37
25
13
1
2
3
4
5
6
7
8
20
19
31
32
33
34
22
10
9
21
33
34
46
58
70
69
68
56
44
32
31
30
29
28
16
17
18
6
7
19
20
8
9
21
22
10
11
12
24
23
35
36
48
47
59
60
72
71
83
84
96
95
94
82
81
80
68
67
66
65
53
54
42
43
44
45
57
56
55
67
79
78
79
91
92
93
105
104
116
117
118
130
129
130
131
119
107
108
120
132
144
143
142
141
140
128
127
139
138
126
125
137
136
124
123
135
134
133
121
122
110
109
97
98
99
111
112
100
88
87
86
85
73
74
62
61
49
50
38
37
25
26
14
13
1
2
3
15
27
144
132
131
143
142
130
129
141
140
128
116
117
105
104
103
115
127
139
138
137
125
126
114
113
112
111
99
98
86
87
88
89
90
102
101
100
112
124
136
135
123
122
134
133
121
109
97
85
73
61
62
74
75
76
77
65
66
67
68
80
81
69
57
45
44
43
55
54
42
30
29
41
40
28
16
17
5
4
3
2
1
13
14
15
27
39
38
26
25
37
49
50
51
52
53
65
64
63
75
76
64
63
51
52
53
54
42
43
31
19
20
21
22
23
35
47
48
60
59
71
70
58
46
34
33
32
44
56
57
45
33
32
31
30
18
6
7
8
9
10
11
12
24
36
48
60
72
84
96
95
83
82
94
106
118
119
120
108
107
106
118
117
116
115
103
91
92
93
94
82
70
58
46
47
59
71
72
84
83
95
96
108
107
119
120
132
144
143
131
130
142
141
129
128
140
139
127
126
138
137
125
113
114
102
90
91
79
67
55
56
68
69
81
93
105
104
92
80
79
78
66
78
77
89
101
100
88
87
99
111
110
98
110
122
123
124
136
135
134
133
121
109
97
85
86
74
73
61
62
50
49
37
38
26
25
13
1
2
14
15
3
4
16
28
27
39
40
41
29
17
5
6
18
19
7
8
20
21
9
10
22
23
11
12
24
36
35
34
23
95
80
36
110
16
43
52
36
28
136
56
43
19
15
85
46
101
102
14
119
62
134
133
116
89
29
140
32
47
54
98
138
63
91
124
54
8
78
81
90
142
41
73
117
82
10
18
74
105
51
37
128
17
140
58
109
73
117
94
97
133
103
11
114
13
100
83
137
104
53
71
9
60
123
37
35
21
92
93
38
2
31
108
120
88
124
60
44
81
40
92
86
85
7
105
100
58
29
99
104
17
12
82
102
35
48
48
87
130
139
126
45
90
56
7
111
57
68
87
52
44
72
15
9
24
96
67
110
115
18
72
11
33
3
68
118
10
101
97
86
55
112
27
25
78
80
79
128
61
23
38
40
50
132
88
1
91
111
32
122
53
70
99
115
136
27
61
75
79
5
108
119
130
1
49
34
65
107
24
142
96
64
70
106
20
62
14
26
123
137
55
77
83
66
93
2
89
139
4
13
114
63
57
75
21
39
69
113
64
125
113
47
121
69
116
129
138
59
66
12
84
5
141
25
132
143
41
118
3
42
65
109
4
67
30
6
95
30
144
49
77
107
39
76
143
98
22
126
20
50
106
42
129
59
103
71
31
121
131
22
120
46
19
135
131
74
134
135
28
94
141
84
8
112
33
122
26
16
6
144
127
76
127
34
51
125
45
1
72
8
33
26
81
107
116
134
132
9
67
131
7
64
140
29
115
113
91
1
81
109
44
26
48
86
41
6
33
89
7
5
43
99
87
80
135
66
78
117
53
39
131
54
88
46
43
19
46
27
35
108
65
23
134
79
56
118
17
114
120
136
129
97
105
101
85
126
96
51
51
90
119
4
82
60
11
99
124
60
115
58
9
12
114
72
80
110
57
29
110
42
142
36
64
74
3
8
132
31
57
73
30
103
125
101
42
77
123
10
31
138
106
135
98
92
96
65
69
144
121
50
54
121
122
112
74
90
53
2
83
30
144
37
119
102
27
112
118
143
13
66
28
139
36
14
62
94
47
104
3
102
141
38
70
19
133
91
100
59
105
108
35
49
71
137
34
89
97
22
141
117
10
84
20
6
55
139
17
111
126
12
18
69
63
92
4
104
93
87
85
50
116
22
24
32
52
61
76
128
61
15
56
127
40
133
11
76
124
111
79
93
140
44
20
49
34
137
24
77
78
129
142
136
2
82
58
67
127
59
70
100
63
21
94
84
109
103
40
15
28
37
75
130
13
83
68
32
16
123
130
122
73
71
128
25
75
55
39
14
21
98
88
23
52
68
95
16
38
25
125
45
41
120
138
86
106
113
95
48
107
18
143
62
47
5
45
133
121
109
97
98
110
111
123
122
134
135
136
137
138
126
125
113
112
124
136
137
125
113
114
115
127
128
116
117
129
141
140
139
138
126
114
102
103
91
79
78
77
76
64
63
51
52
40
39
27
28
16
15
14
26
25
13
1
2
3
4
5
6
7
8
9
10
11
12
24
36
35
23
22
34
46
45
57
69
68
56
55
54
53
65
66
67
55
43
44
32
20
21
33
32
31
30
29
41
42
43
31
19
18
17
5
4
16
28
27
39
38
37
49
61
62
50
51
63
75
87
86
85
73
74
75
76
88
100
101
89
90
102
103
104
92
80
81
82
70
71
83
84
96
95
94
93
105
106
107
108
120
119
131
130
142
143
144
132
120
108
96
84
72
60
59
58
70
69
68
67
66
54
53
65
64
52
40
41
42
30
29
17
18
6
7
19
20
8
9
21
33
45
44
56
57
58
59
47
48
36
24
12
11
10
22
23
35
34
46
47
48
60
72
71
83
95
94
82
81
93
105
106
107
119
118
117
118
130
131
132
144
143
142
141
129
128
140
139
127
115
116
104
92
80
79
91
90
78
77
89
101
100
112
124
123
135
134
133
121
122
110
109
97
85
73
61
49
37
25
13
1
2
3
15
14
26
38
50
62
74
86
98
99
111
99
87
88
1
2
3
4
16
15
27
26
14
13
25
37
49
61
62
50
51
39
38
37
49
50
51
63
75
74
86
87
99
98
97
85
73
61
62
63
64
76
77
78
66
54
42
43
31
32
44
45
33
34
46
47
35
23
22
10
11
12
24
36
48
60
72
84
96
108
120
132
144
143
142
130
131
119
118
117
105
104
103
91
92
80
68
56
55
67
79
80
81
93
94
95
107
106
94
82
70
58
57
69
81
82
83
71
59
60
48
47
46
34
33
21
9
8
7
19
20
32
31
30
29
17
5
6
18
30
42
41
40
52
53
65
64
76
88
89
90
102
114
115
127
126
138
137
125
113
101
100
112
124
136
135
123
122
110
109
121
133
134
135
136
137
138
139
140
128
116
115
103
91
79
67
68
56
55
43
44
45
57
69
70
58
59
71
72
84
83
95
96
108
107
106
105
93
92
104
116
128
129
141
142
143
144
132
120
119
131
130
118
117
129
141
140
139
127
126
125
113
114
102
101
100
112
124
123
111
99
111
110
122
134
133
121
109
97
98
86
85
73
74
75
87
88
89
90
78
77
65
66
54
53
52
40
39
38
26
25
13
1
2
14
15
3
4
5
6
7
8
9
10
11
12
24
36
35
23
22
21
20
19
18
17
16
28
27
28
29
41
43
24
137
68
121
63
134
30
117
25
19
130
102
80
122
49
63
50
85
114
73
51
4
14
136
91
27
94
89
15
143
49
42
37
65
118
119
100
96
48
13
102
39
121
101
129
20
76
80
86
119
29
103
79
61
127
67
87
75
66
123
11
138
18
28
71
133
6
115
53
44
35
70
42
30
131
107
126
59
47
18
1
57
32
27
139
105
39
126
70
128
20
87
113
132
54
116
55
26
40
117
96
143
130
93
38
104
64
58
14
67
78
56
116
2
24
140
11
141
86
125
21
106
104
141
107
106
97
10
93
135
108
33
85
36
133
62
95
77
5
128
61
125
144
16
144
54
99
21
36
135
2
51
44
23
83
109
138
66
4
88
1
19
53
45
142
57
38
28
118
100
60
8
72
97
94
84
45
82
129
31
132
127
47
22
29
12
113
73
108
43
15
34
98
65
74
60
84
37
112
120
92
105
3
16
7
26
120
13
69
134
62
91
71
75
137
110
59
35
124
31
56
25
111
48
64
112
46
46
8
140
90
98
7
79
52
77
74
41
9
34
12
72
103
22
124
92
101
110
99
81
114
122
9
10
17
23
142
55
89
131
123
52
115
6
69
58
88
68
90
78
111
50
81
76
83
109
40
33
41
139
95
32
17
82
5
3
136
111
45
22
1
46
94
75
8
109
117
74
13
68
89
32
136
87
117
95
84
44
48
143
18
112
5
37
57
29
102
42
79
18
58
98
130
141
111
27
21
99
103
15
96
114
138
2
48
72
131
128
144
63
11
113
23
138
100
140
24
143
104
137
30
77
100
127
61
31
41
94
95
141
115
29
81
4
97
134
82
52
121
43
123
129
11
119
19
22
20
24
70
23
4
124
91
59
36
106
56
130
93
34
85
109
47
81
90
135
34
36
86
53
108
123
73
82
62
64
51
39
132
26
131
119
75
52
62
60
133
32
77
44
139
71
89
60
28
40
66
96
79
38
21
86
84
105
107
125
71
59
68
120
73
25
16
46
1
10
72
6
3
5
26
107
132
127
124
112
133
9
64
118
85
113
80
122
76
57
38
142
135
91
93
12
2
63
102
126
12
6
7
16
14
128
92
110
49
61
45
65
69
50
101
67
27
74
19
92
42
115
106
136
98
78
120
14
108
122
103
8
139
101
54
37
20
87
121
144
33
90
80
140
25
40
54
114
118
69
13
83
41
126
15
58
67
70
17
104
110
31
116
55
30
105
83
28
7
47
3
125
76
51
35
99
43
134
50
142
78
116
39
129
17
33
55
66
137
53
10
49
56
65
9
97
88
35
88
12
11
23
35
34
33
45
46
58
59
60
48
36
24
12
11
10
9
21
22
10
9
8
7
6
5
4
3
2
1
13
25
26
14
15
27
28
16
17
18
30
29
41
42
54
55
67
66
65
77
89
90
78
79
91
103
115
116
128
127
126
138
139
140
141
129
117
118
106
107
95
83
82
94
93
105
104
92
80
81
69
57
56
68
69
70
71
72
84
96
108
120
119
131
130
142
143
144
132
120
108
96
84
72
60
48
47
59
58
57
45
44
32
31
43
42
41
53
52
51
50
49
61
62
63
75
76
88
87
99
100
101
113
112
124
123
122
110
109
121
133
134
135
136
137
125
113
114
102
103
104
92
80
68
56
55
54
53
65
64
52
40
39
38
37
49
61
73
85
86
74
75
87
99
100
101
102
90
91
79
67
66
78
77
89
88
76
64
63
51
39
40
28
29
30
31
43
44
32
33
34
46
47
35
36
24
23
22
21
20
19
20
8
7
19
18
6
5
17
16
4
3
2
1
13
14
15
27
26
25
37
38
50
62
74
73
85
86
98
97
98
97
109
110
111
112
111
123
122
121
133
134
135
136
124
125
137
138
139
127
126
114
115
116
128
129
130
118
117
105
106
94
93
81
82
70
71
83
95
107
119
131
132
144
143
142
141
140
1
13
14
15
27
39
40
28
29
17
5
4
3
2
1
13
25
37
38
26
25
37
49
61
73
85
97
109
121
133
134
135
123
122
110
111
99
98
86
74
75
87
88
76
77
65
66
78
90
91
92
80
79
67
68
69
70
58
59
71
83
84
72
60
48
47
46
34
33
21
20
19
31
32
44
45
57
56
55
43
42
41
53
54
42
30
18
6
7
8
9
10
22
23
35
36
24
12
11
10
9
8
7
6
5
4
16
17
29
41
40
52
51
63
64
76
88
89
101
113
125
137
138
126
114
115
103
104
116
117
105
93
94
106
107
119
131
130
142
143
144
132
120
108
96
95
94
82
81
69
57
56
55
54
53
65
77
89
90
102
101
100
112
124
136
137
138
139
140
128
127
115
116
117
105
93
81
80
68
67
66
78
79
91
92
104
103
102
114
113
112
100
99
87
75
63
64
52
51
39
27
28
16
15
3
2
14
26
38
50
62
50
49
61
62
74
73
85
86
98
97
109
121
133
134
122
110
111
123
135
136
124
125
126
127
139
140
128
129
141
129
141
142
130
118
106
118
119
131
143
144
132
120
108
107
95
96
84
72
71
83
82
70
58
59
47
35
34
46
45
33
32
44
43
31
30
18
19
20
21
22
23
11
12
24
36
48
60
33
94
85
106
83
38
106
12
89
55
48
11
3
65
144
98
25
118
66
107
23
125
81
41
92
99
49
14
32
85
6
37
112
124
31
45
136
110
10
15
138
109
90
87
84
27
4
46
33
119
137
141
8
15
100
137
5
10
57
77
105
119
31
110
13
38
130
63
17
54
91
72
53
64
87
24
140
142
86
93
65
77
111
73
70
96
135
34
126
39
142
135
51
116
92
71
113
64
23
57
94
139
100
26
139
123
83
79
32
128
84
76
40
68
69
131
96
62
62
22
114
67
107
37
97
5
7
81
61
129
129
82
69
80
105
29
19
61
63
47
59
25
141
45
102
46
43
9
122
6
17
52
104
70
108
28
134
21
109
20
73
143
101
93
127
74
20
133
103
140
120
30
97
108
4
67
48
60
133
90
2
123
78
115
126
101
136
50
120
91
114
36
121
79
144
115
98
113
124
99
22
8
76
138
7
1
134
130
58
121
127
30
131
54
95
41
49
42
75
95
13
34
55
16
42
35
66
117
29
14
78
3
132
12
112
44
88
125
27
35
75
86
111
128
58
80
56
19
89
24
16
39
72
60
102
40
68
18
56
28
36
2
82
143
9
117
71
51
47
26
104
88
116
132
43
18
50
74
52
11
122
21
1
59
44
118
103
53
3
79
37
53
39
135
34
51
68
72
65
15
47
1
96
67
63
33
52
54
45
115
112
34
45
38
27
129
117
104
117
114
105
40
13
63
134
22
136
29
115
83
56
123
59
111
116
124
39
42
101
76
18
93
106
48
113
74
90
122
60
118
73
108
131
120
60
16
6
126
65
128
23
71
70
87
133
89
83
4
93
120
137
57
128
125
5
124
62
112
68
80
129
51
11
56
2
64
49
75
107
27
139
113
62
41
14
84
92
33
82
139
80
64
47
97
79
137
13
50
96
2
57
109
17
1
44
30
28
25
100
116
81
58
71
29
127
92
67
23
131
53
5
99
36
144
99
6
82
91
8
143
85
100
78
121
16
138
103
135
109
78
38
86
98
98
41
58
15
21
77
142
95
106
90
52
31
55
143
12
132
104
94
77
61
119
119
75
55
59
114
130
61
10
32
35
76
102
142
11
134
132
43
101
72
10
43
95
32
8
30
28
102
88
26
37
48
125
107
110
140
133
123
140
91
12
144
105
141
85
74
36
4
9
19
46
3
108
111
70
73
49
66
97
110
103
69
50
138
130
136
141
21
19
54
66
44
46
14
81
126
7
20
86
20
127
22
25
35
121
118
24
24
42
31
26
122
89
9
18
84
87
7
94
69
88
40
17
