##Rat 3 Day 26
 ##rewards
127
116
38
##Vertices
115
34
125
119
10
75
120
21
39
25
106
105
24
103
143
87
141
5
34
40
50
99
111
46
96
101
48
118
24
130
11
86
144
30
96
116
108
7
107
89
12
84
1
19
131
18
58
73
95
79
88
28
66
93
144
28
137
98
35
45
118
52
61
135
62
85
139
17
128
81
23
104
121
23
136
64
57
63
65
113
67
110
135
78
121
73
55
114
19
27
97
27
128
14
3
138
32
123
70
3
52
42
117
60
31
39
139
130
142
66
49
126
132
62
83
127
68
47
74
109
126
51
18
108
15
64
11
105
25
78
74
69
91
22
112
124
89
103
38
94
56
44
47
21
1
32
68
41
26
43
30
85
36
13
91
4
116
2
132
2
36
140
71
53
5
53
134
29
17
79
56
94
111
67
22
113
33
107
83
88
136
63
122
29
44
82
95
33
6
61
141
112
129
87
127
55
75
46
69
20
10
93
92
40
77
123
102
16
54
90
134
8
7
80
99
131
59
140
58
41
45
115
8
82
59
31
142
110
26
122
43
76
102
119
114
81
4
65
50
20
57
129
80
37
13
12
9
143
16
120
117
35
49
90
70
77
72
84
60
14
138
48
9
133
133
124
38
51
137
71
109
37
76
104
54
101
92
86
125
42
72
100
6
100
106
15
97
98
88
54
110
67
52
76
84
144
71
137
86
78
23
31
12
77
128
74
72
94
136
98
106
27
135
14
28
109
29
108
87
70
129
128
65
105
113
9
138
16
105
97
115
22
37
21
76
131
109
49
66
85
93
103
17
123
126
32
5
112
83
68
135
98
73
142
3
23
53
89
78
144
4
54
134
143
121
75
107
45
26
53
37
16
71
24
6
116
99
102
130
102
55
35
49
12
92
4
25
47
131
57
44
126
34
60
36
64
35
91
34
77
27
114
10
75
140
84
20
108
52
94
21
104
82
101
96
36
51
29
129
80
111
19
92
61
1
5
43
122
22
113
89
121
58
15
124
60
143
38
120
101
65
64
2
40
38
125
11
25
39
10
79
104
41
48
90
137
91
141
7
142
72
79
136
1
132
50
141
139
15
68
50
18
127
45
48
42
119
100
122
97
95
103
17
90
106
83
33
134
6
133
9
117
67
118
95
93
26
110
18
32
28
74
66
61
100
8
8
13
56
44
20
46
39
30
46
51
139
59
117
58
138
82
3
120
88
2
43
63
42
85
127
41
69
114
96
115
62
111
19
118
73
107
87
133
59
80
47
63
86
24
57
124
70
56
81
123
62
55
30
13
40
69
116
33
125
31
119
81
14
132
112
11
99
130
7
140
1
2
14
26
27
39
51
52
53
41
29
30
18
6
5
17
16
4
3
15
27
28
40
39
38
37
49
61
62
74
73
85
86
87
99
98
110
122
123
135
136
124
125
137
138
126
127
115
114
102
103
104
116
128
129
141
142
130
118
117
105
106
94
95
107
108
96
84
83
82
81
69
70
71
72
60
59
47
48
36
35
23
22
10
11
12
24
36
48
60
72
84
96
108
120
119
131
132
144
143
142
141
140
139
138
137
136
135
134
133
121
109
97
85
73
61
49
50
62
63
75
76
88
100
112
111
123
124
125
113
101
89
77
65
64
76
77
78
79
67
66
54
42
43
55
56
57
58
46
45
44
32
20
8
9
21
33
34
35
47
59
71
83
95
94
93
92
80
68
67
55
56
44
32
31
19
20
8
7
6
7
19
18
30
31
43
42
54
66
78
79
80
68
69
57
45
33
21
9
10
11
12
24
23
22
34
46
58
70
82
81
93
105
106
107
119
120
132
144
143
131
130
118
117
129
128
140
139
127
126
114
102
103
115
116
104
92
91
90
91
90
89
88
87
99
100
101
113
112
111
110
122
134
133
121
109
97
98
86
74
75
63
51
52
64
65
53
41
40
28
29
17
5
4
16
15
3
2
1
13
14
26
25
13
25
37
38
50
144
132
131
130
118
117
116
104
92
93
94
82
83
84
96
95
107
108
120
119
118
106
105
117
129
141
140
139
127
126
138
137
125
113
112
124
123
122
110
109
97
98
86
85
73
74
62
63
75
76
64
52
51
50
38
37
25
26
27
39
40
28
29
17
16
4
5
6
18
30
42
43
31
19
7
8
20
21
9
10
22
23
35
36
24
12
11
10
9
8
7
6
5
4
3
15
14
2
1
13
25
37
49
61
73
85
97
109
121
133
134
135
136
137
138
139
140
128
127
115
114
102
101
100
99
111
110
98
86
87
88
89
90
91
103
102
90
78
66
67
79
80
81
69
68
56
44
32
33
45
57
58
59
60
48
47
46
34
22
21
20
19
18
17
29
41
53
54
55
67
68
56
57
58
70
71
59
60
72
84
72
71
83
82
70
69
81
80
79
78
66
54
55
43
44
45
46
47
48
36
24
12
11
23
35
34
33
32
31
30
42
41
40
28
16
15
3
2
1
13
14
26
27
39
38
50
49
61
62
74
75
76
64
63
51
52
53
65
77
65
77
89
101
113
112
100
88
87
99
111
123
122
121
133
134
135
136
124
125
126
114
115
116
104
103
91
92
93
105
106
94
95
96
108
107
119
120
132
144
143
131
130
142
143
142
141
129
128
127
136
84
108
126
109
138
87
37
25
130
42
5
65
106
18
30
27
48
59
35
90
102
22
100
43
81
120
137
64
8
120
79
57
105
123
21
50
66
23
7
39
38
128
54
4
56
78
57
32
86
99
85
59
85
1
44
76
49
6
10
18
84
111
58
124
139
101
110
139
13
6
100
134
92
12
115
30
107
15
45
121
39
11
74
141
17
22
86
99
82
114
104
143
119
62
33
96
7
67
114
34
125
28
2
81
52
29
60
70
20
62
55
83
21
89
56
58
2
112
103
104
144
63
70
68
63
4
64
40
23
41
143
94
88
31
75
46
98
91
10
46
135
119
142
36
60
33
35
19
76
132
115
31
52
118
91
75
37
95
16
1
55
28
129
53
112
90
135
117
69
93
3
117
134
69
77
32
124
71
74
105
78
123
66
19
122
126
87
144
132
67
14
80
65
127
48
109
54
73
45
92
121
130
12
8
26
101
20
29
72
16
72
14
13
51
111
138
116
136
61
95
53
9
43
142
93
113
26
106
44
140
141
116
129
97
77
110
38
34
131
89
47
97
17
94
98
71
73
27
88
50
25
107
140
24
15
49
128
47
80
40
131
122
36
125
113
137
11
24
103
83
9
108
5
133
118
61
82
96
42
79
102
51
68
41
133
3
57
54
20
16
97
87
75
80
45
9
42
73
122
65
24
140
124
105
25
132
143
52
87
109
91
40
130
18
117
51
32
12
77
123
81
69
39
116
122
86
57
142
68
37
30
39
141
127
2
88
6
44
88
107
35
65
27
107
115
133
90
40
78
108
7
34
126
86
74
128
79
59
133
120
46
3
10
38
123
114
119
111
70
85
84
95
60
19
121
4
53
56
100
137
16
45
96
135
42
106
131
11
10
5
22
104
106
131
18
77
9
103
1
64
24
124
22
120
127
38
37
81
69
73
60
112
48
47
103
92
58
117
55
64
59
101
97
84
15
128
125
3
15
89
82
136
8
113
93
110
89
134
12
80
72
43
102
98
132
11
30
31
34
144
7
115
71
98
35
49
61
108
94
140
8
14
17
91
66
136
74
94
68
56
134
100
31
5
17
53
58
76
137
110
112
92
23
121
41
142
25
50
49
93
126
32
41
141
20
67
63
21
66
125
102
83
109
70
50
76
63
4
99
21
101
79
118
116
54
19
95
72
118
71
14
113
43
75
139
27
129
139
33
111
28
82
55
29
33
96
83
29
129
36
48
44
6
13
46
47
138
78
135
13
1
36
28
26
51
2
99
143
23
119
130
105
90
144
114
138
26
52
62
104
61
67
85
62
12
11
10
22
21
9
8
20
32
31
43
55
67
66
65
77
89
101
102
103
104
105
106
94
93
81
80
68
56
57
58
70
69
81
82
83
71
72
84
96
108
107
119
131
132
144
143
142
130
118
117
129
141
140
139
138
126
125
124
123
111
112
100
99
98
86
74
73
85
97
109
110
122
134
135
136
137
138
139
127
115
116
128
140
141
142
130
129
128
127
115
114
113
112
111
99
87
88
76
75
63
62
61
49
50
38
37
25
13
1
2
3
4
16
28
29
17
18
19
7
6
5
4
3
15
14
26
27
39
40
41
42
54
53
52
64
63
51
52
53
41
29
30
42
54
66
78
79
91
92
80
79
67
55
43
44
45
33
34
46
47
59
60
48
36
35
23
24
36
48
47
35
34
22
23
24
12
11
10
9
8
20
21
33
45
46
58
57
69
68
56
44
32
31
30
18
19
7
6
5
17
16
15
27
28
40
39
51
50
38
26
14
2
1
13
25
37
49
61
62
74
73
85
86
98
97
109
110
122
121
133
121
133
134
135
123
124
136
137
125
126
114
113
101
100
88
87
75
76
64
65
77
78
90
89
90
102
103
91
92
104
116
117
105
93
94
82
70
71
59
60
72
84
83
95
96
95
107
106
118
119
120
108
120
132
144
143
131
133
121
109
110
98
97
85
86
87
75
76
77
78
66
54
55
56
57
69
81
93
105
117
116
104
103
91
90
89
101
113
114
102
103
115
127
126
138
139
140
141
129
130
131
143
144
132
120
119
118
106
107
108
96
84
72
71
59
47
35
34
46
45
33
21
20
19
7
8
9
10
22
23
24
36
48
60
72
84
83
82
94
95
96
108
120
119
107
95
83
82
70
58
46
34
33
32
44
43
31
30
18
6
5
17
16
4
3
2
1
13
25
37
38
39
51
50
62
74
73
61
49
37
25
26
14
15
27
28
40
52
64
65
53
41
42
30
29
41
53
52
51
63
64
65
66
67
79
80
92
91
79
78
77
76
88
100
99
111
112
124
125
137
136
135
123
122
134
135
136
124
123
111
110
122
134
133
121
109
97
85
86
98
99
100
112
113
101
102
90
89
88
87
75
63
62
74
73
61
49
50
38
26
27
39
40
28
29
17
16
15
14
13
1
2
3
4
5
6
18
19
7
8
20
21
9
10
22
23
11
12
11
12
24
36
35
47
48
60
59
71
70
58
57
45
44
32
31
43
42
54
55
67
68
56
68
69
81
80
92
93
94
106
105
104
116
115
114
126
125
137
138
139
127
128
140
128
129
117
118
130
142
141
142
143
144
132
131
45
30
107
144
83
129
132
13
60
116
103
23
32
122
83
52
63
32
41
70
140
27
48
40
9
55
50
96
93
53
108
12
28
17
74
87
44
22
37
92
113
88
94
79
54
20
121
49
18
143
43
104
139
131
25
97
75
40
82
86
67
119
18
90
98
72
38
49
111
120
89
4
38
34
109
99
78
114
66
130
21
26
7
46
59
117
46
22
43
36
119
34
118
61
52
74
50
62
144
30
141
9
80
143
3
125
5
105
56
123
88
120
14
64
134
54
42
79
39
92
106
48
112
35
128
8
90
7
76
111
39
14
136
57
51
1
100
139
123
41
44
19
77
51
53
118
112
124
132
33
93
77
106
116
57
11
36
31
24
56
84
35
26
98
66
28
6
138
97
55
11
115
20
59
19
95
85
4
125
130
71
129
23
135
27
86
110
84
60
133
142
138
62
127
64
126
108
110
76
91
124
8
1
102
114
107
126
65
58
21
67
24
113
101
122
42
33
85
105
102
10
15
47
109
81
10
65
128
87
137
95
89
69
78
68
104
15
2
6
17
29
16
96
2
136
12
134
91
5
133
127
37
73
115
47
141
81
140
16
73
68
69
70
71
82
137
131
3
121
63
75
94
31
101
103
61
135
100
29
13
45
25
99
80
72
142
58
117
86
137
104
66
46
64
75
14
18
55
86
41
70
54
23
119
11
123
58
119
100
65
77
69
122
80
105
139
125
58
101
132
17
7
80
92
45
126
142
133
48
51
69
73
24
129
19
33
84
44
25
67
84
110
39
50
81
34
122
42
25
121
54
136
71
141
95
134
143
18
55
93
8
12
97
52
62
106
38
139
108
79
95
129
79
34
57
83
4
113
10
60
85
61
102
10
111
124
43
22
28
114
11
143
59
135
140
107
103
19
6
33
94
63
62
7
125
15
88
127
120
37
92
116
137
29
1
46
23
27
96
47
82
5
40
115
41
21
104
17
36
52
43
144
53
20
99
26
9
130
130
107
61
96
8
128
127
76
13
131
42
20
63
28
3
78
136
45
53
106
112
113
35
13
85
81
16
32
98
4
117
75
56
134
144
64
72
39
132
76
126
57
48
142
110
133
67
91
128
91
115
99
30
32
30
87
12
118
51
123
121
2
15
78
35
90
109
100
65
117
112
44
21
87
141
24
124
111
29
68
140
1
9
36
94
68
101
14
16
74
31
40
135
103
71
47
70
138
31
50
88
72
38
56
89
93
109
97
59
60
77
49
89
6
118
102
73
120
37
27
26
114
105
131
22
2
98
90
66
138
82
83
5
74
108
49
3
116
144
132
120
108
96
95
94
82
83
84
72
71
70
69
68
80
81
93
105
106
107
119
131
143
142
130
118
117
116
128
140
141
129
117
116
115
114
102
103
104
92
91
90
78
79
67
66
54
42
41
40
52
53
65
64
63
51
50
62
61
49
37
25
26
38
39
27
28
16
4
3
2
14
15
3
4
5
17
29
30
18
19
20
21
9
8
7
6
5
17
16
28
29
41
40
39
51
63
75
74
73
85
97
98
86
87
99
100
101
89
77
76
88
100
112
113
125
126
127
139
138
137
136
124
123
135
134
122
121
109
110
111
112
113
101
102
103
104
105
93
94
82
81
69
57
45
33
32
31
43
55
56
44
32
33
34
46
58
59
47
48
36
35
23
24
12
11
10
22
34
46
47
35
36
24
12
11
23
22
10
9
21
20
8
7
6
18
19
31
30
42
54
53
52
64
65
77
89
90
78
66
67
79
91
92
80
68
56
55
43
44
45
57
58
70
71
59
60
48
60
72
84
83
95
96
108
120
119
107
106
118
130
131
132
144
143
142
141
129
128
140
139
127
115
114
126
138
137
125
124
136
135
123
122
110
111
99
98
86
87
88
76
75
74
62
50
38
26
27
15
14
13
1
2
1
13
25
37
49
61
73
85
97
109
121
133
134
133
12
11
10
9
8
20
32
31
19
7
6
18
30
42
54
55
43
44
45
33
21
22
23
24
36
35
34
46
58
59
60
48
47
46
58
70
82
81
69
57
56
68
80
79
67
66
78
77
76
88
100
101
89
90
102
114
113
125
126
138
137
136
135
123
124
112
111
99
98
97
109
121
122
110
109
97
85
86
87
75
74
62
50
38
37
49
61
73
85
86
98
99
87
88
100
112
113
114
115
127
139
140
141
129
128
116
117
105
93
92
91
103
104
105
106
94
95
83
71
72
84
96
108
107
119
120
132
131
143
142
130
118
106
94
93
81
69
57
45
44
32
31
43
42
41
40
39
51
63
64
65
53
52
51
39
27
28
29
17
16
4
3
15
14
2
1
13
25
26
27
28
16
15
3
2
1
13
14
26
25
37
38
50
49
61
73
74
62
63
75
76
77
89
101
102
90
91
92
80
79
78
66
67
68
56
55
54
53
65
64
52
40
41
29
30
18
17
5
4
5
6
7
19
20
8
9
10
22
21
33
34
35
23
11
12
24
36
48
47
59
60
72
71
70
82
83
84
96
95
107
108
120
119
131
130
118
117
129
128
116
104
103
115
127
126
125
124
123
111
110
122
134
133
121
133
134
135
136
137
138
139
140
141
142
143
144
132
144
