##Rat 5 Day 17
 ##rewards
74
87
21
##Vertices
133
121
109
110
111
112
124
125
126
127
139
138
137
136
135
123
122
134
135
136
137
138
126
114
113
101
102
90
91
79
80
68
56
55
54
66
78
77
76
75
63
51
50
62
61
49
37
25
26
27
39
38
37
49
61
73
85
97
98
99
87
86
74
75
87
88
100
101
89
90
78
79
67
68
69
81
93
105
104
116
128
129
117
118
130
131
119
107
108
96
95
94
82
83
84
72
71
59
58
57
45
46
34
22
10
11
12
24
23
35
36
48
60
72
84
96
108
120
132
144
143
142
141
140
139
127
115
103
91
92
80
81
69
70
58
57
45
33
21
20
19
31
32
44
43
42
30
18
6
5
17
29
41
53
65
64
52
40
28
16
15
14
13
1
2
3
4
5
6
7
8
7
19
18
30
29
17
16
4
3
15
14
2
1
13
25
26
38
39
27
28
40
52
51
50
62
63
64
76
88
89
77
65
53
41
42
54
66
67
55
56
44
43
31
32
20
8
9
10
9
21
33
34
22
23
11
12
24
36
35
47
46
47
48
60
59
71
70
82
83
95
107
106
118
130
131
119
120
132
144
143
142
141
140
128
129
117
105
106
94
93
92
104
116
115
103
102
114
113
112
100
99
111
110
98
86
74
73
85
97
109
121
133
134
122
123
124
125
1
13
25
26
27
28
16
17
18
19
7
6
5
4
3
15
14
2
3
4
5
6
18
30
29
41
42
54
55
67
68
80
92
91
90
78
66
65
64
63
75
87
86
74
73
85
97
109
110
111
99
98
97
85
73
61
49
37
38
39
51
50
62
63
51
52
40
41
53
54
66
67
79
80
81
69
57
45
44
32
20
21
33
34
22
23
35
47
48
60
59
58
70
71
72
84
83
95
94
93
105
106
118
130
142
143
144
132
131
119
120
108
96
84
72
60
48
36
24
12
11
10
9
8
7
19
31
43
55
56
68
69
81
82
94
93
105
117
129
128
127
115
116
104
103
102
114
126
138
137
125
113
101
89
77
76
88
100
112
124
123
122
121
133
134
135
136
137
138
139
140
139
127
126
114
113
125
124
136
135
123
122
134
133
121
109
110
98
99
111
112
100
88
87
86
74
75
76
64
52
53
65
77
89
101
102
90
78
79
91
92
104
103
115
116
128
140
141
142
141
129
117
118
130
131
143
144
132
120
119
107
106
107
108
96
95
83
82
70
71
59
47
46
34
22
23
35
36
24
12
11
10
9
8
20
21
33
45
46
58
57
56
44
32
31
43
42
30
29
28
40
39
27
26
38
50
62
61
49
37
25
13
1
2
14
15
16
17
108
83
100
136
59
71
71
137
91
78
24
6
8
63
106
66
127
22
2
120
57
60
138
74
133
4
16
103
105
140
12
86
83
85
1
60
93
23
13
43
79
110
88
124
92
96
2
72
139
134
30
33
14
27
58
4
81
132
56
144
86
84
70
79
117
54
128
21
34
48
54
47
129
3
61
98
114
15
51
77
123
141
20
99
44
56
111
11
24
10
110
14
124
129
119
27
17
31
118
28
50
94
88
69
82
125
107
122
126
126
120
105
26
68
3
32
80
121
67
84
51
80
130
91
89
55
100
28
138
96
58
13
38
87
101
107
127
123
95
39
142
23
33
59
6
112
25
19
76
42
135
97
16
97
114
42
78
41
135
90
104
130
10
11
29
116
55
87
115
119
36
45
143
37
81
69
136
50
22
85
128
61
95
9
53
93
32
115
36
101
52
43
142
131
117
57
1
5
49
140
35
77
53
125
72
75
37
90
7
103
66
12
35
139
74
132
21
39
17
34
109
64
76
137
47
94
26
8
18
131
99
64
73
46
65
144
15
108
102
134
89
41
75
29
143
82
45
19
112
44
62
68
38
67
104
70
65
73
25
141
121
18
92
31
63
113
48
116
40
52
122
98
49
40
113
62
109
5
9
46
133
118
7
20
30
111
106
102
81
81
25
134
118
42
29
92
122
68
25
2
113
64
140
13
132
35
134
78
67
138
28
53
19
2
27
141
79
76
139
40
60
93
10
80
4
29
9
117
34
110
129
18
46
124
120
37
3
17
125
135
9
116
84
17
41
23
12
37
61
30
54
128
120
107
105
87
24
8
45
74
6
22
83
33
15
34
32
26
39
101
136
66
44
70
125
90
18
3
144
44
8
114
144
1
49
72
30
127
88
52
86
132
136
66
10
124
43
96
104
59
50
23
48
127
56
48
14
64
77
38
45
43
21
89
57
11
65
6
82
130
105
101
115
82
36
128
115
21
70
61
75
52
98
137
90
111
119
58
4
106
112
91
126
35
133
7
141
7
121
16
28
40
73
103
15
56
38
77
102
119
95
85
71
92
113
100
62
118
80
32
75
12
14
11
76
106
13
62
108
112
26
143
19
93
51
55
98
111
89
99
86
60
84
27
95
94
50
121
39
142
102
129
69
143
114
107
22
71
49
97
33
109
67
137
54
96
36
142
74
20
55
65
72
46
104
139
87
131
108
20
103
94
73
68
31
100
78
41
69
117
53
91
47
99
79
116
1
57
85
109
88
123
123
97
24
133
63
5
31
83
122
130
63
42
138
59
51
140
126
58
16
47
110
135
131
5
12
24
36
48
47
59
60
72
84
96
108
120
132
144
143
131
130
142
141
129
117
105
104
92
93
81
82
70
69
68
67
55
43
42
30
31
32
20
21
33
34
22
23
11
10
9
8
7
6
5
17
16
4
3
2
1
13
25
37
38
26
14
15
27
39
40
52
53
65
77
76
64
63
51
50
62
74
86
98
97
85
73
61
49
37
25
26
27
28
29
41
40
28
29
30
18
19
31
43
44
45
57
56
68
80
79
91
90
78
66
54
55
56
44
32
33
45
46
58
57
69
70
71
83
95
94
106
107
119
118
117
116
128
140
139
127
126
138
137
125
124
136
135
123
122
134
133
121
109
110
111
99
87
88
100
101
102
103
115
114
113
112
111
99
100
88
89
101
102
103
104
116
128
140
139
138
126
127
115
114
113
112
124
125
137
136
135
123
122
134
133
121
109
110
98
97
85
86
87
75
76
75
63
62
74
73
61
49
50
38
39
51
52
64
65
53
41
42
54
66
67
79
78
77
89
90
91
92
80
81
82
83
71
59
58
46
34
35
47
35
23
22
21
20
19
18
17
16
15
14
13
1
2
3
4
5
6
7
8
9
10
11
12
24
36
48
60
72
84
96
95
107
108
120
119
131
132
144
143
142
141
129
130
118
106
105
93
94
144
143
131
119
118
130
142
141
140
128
127
139
138
126
114
113
125
137
136
124
112
111
110
122
123
135
134
133
121
109
97
85
86
74
75
87
88
100
101
102
90
91
79
80
92
104
103
115
116
117
105
106
107
95
96
108
120
132
144
143
142
130
129
117
105
93
94
82
81
69
70
71
59
60
72
84
83
82
70
58
57
45
46
34
22
23
35
47
48
36
24
12
11
10
9
21
20
8
7
6
5
17
18
19
31
30
42
41
40
39
27
15
3
4
16
28
29
30
31
32
33
45
44
43
55
56
68
67
66
78
77
76
64
65
53
54
42
41
29
28
27
26
14
2
1
13
25
37
49
61
73
85
97
98
99
100
112
113
101
89
88
76
75
63
62
50
51
52
40
39
38
50
38
26
14
2
1
13
25
37
49
61
73
74
62
63
51
52
64
65
53
54
66
67
55
43
44
56
68
80
81
69
57
58
46
34
33
32
20
19
18
17
16
15
3
4
5
6
7
8
9
21
22
10
11
12
24
23
35
36
48
47
59
60
72
71
83
84
96
95
107
108
120
132
131
119
118
106
94
93
92
91
79
78
77
89
90
102
114
126
127
115
103
104
116
128
129
141
140
139
138
137
125
124
136
135
123
122
134
133
121
109
110
111
99
87
86
98
107
30
24
39
95
76
130
81
89
15
70
57
102
99
6
45
51
81
27
43
61
106
136
67
21
44
139
46
17
135
125
7
18
7
88
77
110
44
68
138
116
108
140
13
115
30
65
97
56
36
49
16
117
34
36
82
72
11
86
144
31
49
62
143
124
64
55
72
101
4
69
60
105
115
65
73
52
54
66
94
29
107
19
89
141
140
91
128
84
127
104
11
10
143
28
98
124
12
14
136
51
31
53
138
139
37
134
41
53
33
83
66
75
73
113
50
43
13
142
75
23
68
9
119
97
59
16
112
96
99
117
6
106
42
122
119
110
3
8
69
104
128
3
2
47
80
15
125
34
25
118
131
85
90
129
133
26
32
21
29
80
24
5
33
77
64
50
63
126
91
132
20
88
20
47
26
101
116
35
58
85
123
32
59
93
74
45
137
114
22
130
17
37
82
63
39
2
67
120
131
79
48
19
38
25
142
1
27
113
127
120
10
111
102
90
42
60
92
38
134
93
74
86
112
76
41
109
126
108
111
9
92
8
46
133
114
48
40
96
40
109
103
118
18
57
105
56
100
14
55
78
4
78
1
132
141
94
121
71
12
122
22
144
61
129
35
84
58
71
103
87
121
23
135
62
79
70
137
95
52
5
83
98
28
123
54
87
100
85
116
8
35
63
112
86
131
14
98
129
19
144
102
27
16
18
70
111
28
106
83
133
112
141
1
69
20
74
73
131
39
22
103
26
45
11
9
21
29
17
117
65
97
88
94
71
127
82
122
33
22
4
130
76
60
139
68
83
6
41
103
96
114
24
95
53
84
14
144
96
12
123
140
90
10
121
138
100
130
100
8
60
118
47
79
140
4
1
123
95
36
136
119
81
114
43
76
128
75
135
105
72
93
46
5
86
63
3
110
94
77
56
104
7
31
109
134
120
101
45
78
113
91
105
54
80
142
62
54
90
41
34
126
97
75
25
93
107
135
115
132
27
87
40
6
143
64
67
47
44
134
122
70
30
30
89
69
5
74
109
84
34
49
108
99
129
111
101
137
43
88
21
50
35
15
124
78
46
25
125
23
32
51
51
66
120
18
56
31
42
13
79
92
142
61
23
137
57
102
50
10
115
52
141
7
61
17
98
89
92
108
48
42
38
39
15
58
118
124
121
110
36
128
26
55
71
44
126
58
132
38
9
104
65
77
127
107
3
133
81
53
55
136
40
28
59
119
106
116
62
48
138
13
52
82
125
66
67
68
19
99
2
11
113
16
73
59
12
80
72
24
29
57
32
49
20
64
91
37
37
33
117
87
2
143
139
85
144
132
120
119
131
130
129
141
142
143
144
132
120
108
96
84
72
60
59
71
70
69
57
56
44
45
33
34
35
36
48
47
46
58
57
69
81
82
94
95
107
106
118
117
116
128
127
115
103
104
92
93
105
104
116
115
114
113
125
126
138
137
136
135
123
122
110
111
112
124
136
135
134
133
121
109
97
85
86
74
75
76
64
65
53
52
51
63
62
61
73
85
97
98
99
87
88
100
101
89
90
78
66
67
68
80
79
91
103
102
90
91
92
80
79
78
77
65
66
54
42
43
31
19
20
32
44
45
33
21
22
23
24
12
11
10
9
8
7
6
18
30
29
41
40
28
27
39
38
26
14
2
1
13
25
37
49
50
51
52
53
41
40
39
27
15
3
4
5
17
16
15
14
26
25
13
1
2
3
4
16
17
5
6
18
19
7
8
9
10
11
12
24
36
48
47
59
60
72
84
83
95
96
108
107
119
131
143
142
141
140
139
140
139
138
137
125
124
123
122
134
133
121
109
110
98
86
87
75
74
73
61
49
37
38
50
62
63
64
76
77
89
88
100
99
111
112
113
101
102
114
126
127
128
129
130
118
117
105
106
94
93
81
82
83
71
70
58
46
34
35
23
22
21
20
32
31
43
55
67
68
56
55
54
42
30
29
28
1
2
3
15
14
26
38
37
25
13
1
2
3
4
5
6
7
8
20
19
31
43
44
56
57
45
46
34
22
10
9
21
33
32
44
43
42
30
29
17
16
28
27
39
51
50
62
63
64
52
53
41
40
52
51
63
75
87
86
74
73
85
97
109
110
122
123
111
99
98
97
109
121
133
134
135
136
137
125
126
114
102
103
91
92
104
116
115
127
139
138
137
136
124
112
113
101
100
88
89
77
78
79
67
55
54
66
65
64
76
77
65
53
54
66
78
90
91
79
80
81
69
70
71
59
58
57
45
46
47
35
23
11
12
24
36
48
60
72
84
83
82
94
93
105
106
118
117
129
130
131
132
144
143
142
141
140
128
116
104
92
93
105
117
118
119
120
108
96
95
107
119
131
130
142
143
144
132
120
108
107
95
96
84
83
71
72
60
48
36
24
12
11
10
9
21
20
8
7
6
18
17
5
4
16
15
14
13
25
37
49
61
49
61
73
85
86
98
110
122
121
133
134
135
123
124
125
113
114
126
138
139
140
141
129
128
127
115
103
102
90
89
101
100
112
111
99
87
88
76
75
74
62
50
38
26
27
39
40
28
29
41
42
30
18
19
31
32
33
34
22
23
35
47
59
58
70
69
68
67
55
56
68
80
81
82
94
106
20
135
32
41
22
129
92
68
117
85
132
24
46
77
56
24
82
106
64
17
48
67
46
23
108
102
126
80
83
113
14
71
78
108
63
70
18
100
130
40
71
57
38
7
13
16
2
131
45
60
134
29
124
75
50
85
17
110
83
88
30
78
87
77
98
104
61
112
73
141
68
62
35
26
59
43
138
42
52
143
137
9
81
91
109
135
91
1
128
30
116
47
69
37
105
10
84
90
142
123
93
76
55
81
2
94
116
96
131
94
107
33
31
110
1
10
117
47
3
4
101
113
58
74
120
137
118
53
3
122
34
54
52
25
13
63
124
97
119
106
74
141
59
16
19
95
7
88
14
25
19
67
60
100
22
20
32
62
61
105
96
27
29
82
65
34
84
115
51
114
142
99
69
36
70
11
115
144
65
103
44
76
9
127
54
102
8
15
139
39
99
75
72
39
130
114
109
111
44
144
36
79
121
37
122
4
89
118
136
18
132
86
41
120
28
140
6
138
50
5
80
136
45
38
127
95
56
87
12
66
119
125
49
133
107
129
111
64
93
66
15
73
21
126
98
43
140
40
53
23
86
33
26
31
57
103
51
79
89
133
112
101
143
104
128
123
139
42
92
8
49
55
35
28
121
6
11
58
5
12
27
97
134
90
48
21
125
72
61
66
134
104
136
77
69
5
22
47
13
56
112
25
83
141
131
134
50
57
12
20
108
8
138
2
36
31
78
6
20
18
107
74
88
107
97
81
96
126
40
29
14
91
125
55
87
139
109
111
70
42
89
133
31
63
95
91
68
11
75
49
62
69
2
117
98
26
129
140
118
53
34
33
102
119
124
119
61
76
23
103
121
89
40
97
19
27
138
7
55
30
60
1
63
132
13
67
38
103
104
10
141
23
24
8
46
124
72
115
4
79
68
131
85
64
37
116
117
120
112
101
140
35
29
30
28
129
82
51
84
71
98
10
41
54
90
128
15
41
120
80
51
43
25
110
64
132
16
86
93
109
110
45
94
125
116
42
19
79
47
94
17
45
34
21
114
130
11
59
67
48
106
80
53
15
123
70
37
115
46
102
92
9
4
135
111
38
143
58
100
106
43
7
127
101
88
144
105
72
81
99
137
99
108
9
113
33
56
75
39
84
143
83
92
122
100
57
48
50
82
5
105
123
27
118
36
60
3
73
54
121
74
77
126
26
137
28
3
144
65
142
44
142
59
73
71
136
90
65
32
78
86
96
21
130
32
6
44
1
139
49
93
14
113
52
114
87
52
39
12
17
18
16
58
62
76
128
66
135
35
133
24
122
22
85
127
95
