##Rat 5 Day 44
 ##rewards
74
87
21
##Vertices
15
91
70
120
64
2
135
63
100
37
49
53
26
118
124
40
106
136
65
137
107
59
77
8
104
73
84
45
54
38
127
133
56
113
21
52
4
11
85
34
130
119
139
7
101
50
43
97
126
45
141
108
24
82
10
131
59
97
40
92
22
133
67
46
62
20
42
63
65
62
83
142
127
114
68
90
110
29
120
80
49
12
41
136
107
50
47
42
17
78
71
19
88
48
103
81
39
9
142
82
134
138
140
129
76
51
140
23
13
5
33
33
36
129
94
99
60
36
143
95
35
2
111
37
109
8
143
75
53
74
113
20
86
102
23
22
35
64
100
7
51
34
32
144
117
81
85
18
61
87
44
30
130
123
6
132
52
90
93
38
119
61
106
72
6
134
21
99
75
15
28
115
84
105
4
16
118
86
102
57
126
79
96
1
58
93
92
103
41
128
66
116
98
67
57
112
128
131
70
26
112
114
19
25
117
54
17
58
72
5
110
125
55
122
139
43
104
18
80
28
14
32
27
14
95
44
94
3
79
87
39
47
111
109
73
66
144
31
76
78
89
3
122
135
48
69
123
1
88
55
121
13
16
125
121
137
77
74
12
83
25
27
11
132
10
31
124
141
138
89
68
101
71
30
98
46
96
116
60
29
24
108
69
9
56
105
91
115
118
21
49
25
71
39
15
119
130
106
64
54
90
87
89
110
83
34
135
91
53
79
76
78
1
136
30
144
97
106
60
37
124
17
133
11
81
14
86
60
57
111
121
102
54
72
7
12
131
88
64
108
51
85
103
27
138
26
121
31
124
5
50
73
91
132
143
29
62
56
44
20
59
138
108
57
137
32
21
8
22
77
95
85
16
59
43
129
80
119
18
114
101
45
107
41
142
105
10
136
67
40
143
58
75
99
94
117
1
104
116
52
141
97
139
88
115
83
43
9
58
112
49
127
61
84
95
37
68
140
23
46
55
33
63
81
53
77
144
120
100
65
102
69
98
79
84
4
73
135
4
36
127
13
67
115
42
100
13
28
2
101
9
35
12
45
116
63
18
92
96
48
38
103
114
69
26
109
117
3
76
123
118
55
125
113
36
3
24
19
42
34
46
129
20
93
14
90
126
66
22
130
128
110
82
86
16
40
96
24
48
62
139
105
123
132
39
15
70
38
111
93
82
19
65
10
17
41
75
104
122
52
112
126
109
50
140
7
2
44
137
99
120
125
47
6
8
74
70
80
134
94
31
6
71
78
128
122
32
29
11
66
25
51
61
47
35
113
28
87
56
74
23
33
107
5
92
141
134
98
27
131
68
89
133
30
142
72
12
11
10
22
34
46
47
59
71
83
84
72
60
48
36
35
23
24
36
48
60
72
71
70
58
57
69
68
80
79
91
90
89
77
65
66
67
55
43
31
30
29
17
18
6
5
4
3
15
27
28
16
4
5
6
7
8
9
21
33
32
20
19
31
32
44
45
57
56
68
67
79
78
90
102
103
104
105
93
94
95
107
106
118
119
131
130
129
141
140
128
116
115
127
139
138
126
125
113
101
100
112
111
110
109
121
133
134
122
123
135
136
137
138
139
140
141
142
143
144
132
120
108
96
84
83
82
81
80
92
91
103
102
114
113
101
100
99
98
86
74
75
87
88
76
64
63
62
61
49
50
51
52
53
54
42
41
40
39
38
26
14
2
1
13
25
37
49
61
73
85
73
74
62
63
51
50
38
37
25
26
14
13
1
2
3
15
16
28
27
39
40
41
29
17
18
30
42
43
44
56
55
54
53
52
64
65
66
78
77
89
88
76
75
87
86
85
97
109
97
98
99
111
110
122
121
133
134
135
123
124
112
124
136
137
125
126
114
115
127
128
129
117
118
119
131
130
142
143
144
132
120
108
96
95
107
106
105
117
116
104
92
93
94
82
81
69
70
58
46
45
33
34
22
21
20
19
7
8
9
10
11
12
24
23
35
47
59
133
134
122
110
111
123
135
136
137
125
126
138
139
127
115
116
128
140
141
129
117
118
119
131
130
142
143
144
132
120
108
96
95
83
82
94
93
105
104
103
91
90
78
77
89
101
102
114
113
112
100
99
98
86
85
97
109
121
133
134
135
123
124
112
100
88
87
75
76
64
63
62
50
49
61
73
74
75
63
51
52
40
39
27
15
14
26
38
37
25
13
1
2
3
4
16
17
5
6
7
8
20
19
18
30
31
43
44
45
46
34
22
10
9
21
33
32
31
30
29
28
40
41
42
54
53
65
66
67
79
80
81
69
68
56
55
43
44
32
33
34
35
23
11
12
24
36
48
60
72
84
96
108
107
106
105
117
116
104
92
93
81
82
70
71
59
58
57
45
46
47
59
47
35
23
11
12
24
36
48
60
72
84
83
71
70
58
57
69
68
56
55
67
66
54
42
41
53
65
77
76
64
52
51
39
27
28
29
17
18
19
20
21
22
10
9
8
7
6
5
4
16
15
3
2
1
13
14
26
25
37
38
50
49
61
62
74
73
85
86
98
97
109
121
122
110
111
99
87
88
89
90
78
79
80
92
91
103
115
127
126
114
102
101
113
125
124
136
137
138
139
140
128
129
141
142
130
131
143
144
132
120
119
118
106
94
95
107
82
38
63
44
75
40
120
33
20
141
66
55
119
84
21
57
8
30
87
31
85
95
39
111
4
1
46
32
128
37
74
37
24
60
18
100
127
9
46
123
58
24
123
112
90
8
17
92
41
97
72
103
129
144
108
104
131
73
88
78
12
112
137
108
113
20
78
130
36
15
16
34
94
143
80
88
13
58
77
121
80
73
49
93
27
110
56
106
85
92
4
141
52
62
96
7
114
12
35
89
69
83
21
15
137
61
136
10
19
51
117
100
60
59
140
23
70
102
118
22
135
65
2
117
144
94
43
54
99
139
27
16
128
47
40
97
103
114
79
129
139
68
82
66
25
50
91
30
47
77
28
48
3
86
101
107
127
71
3
71
130
101
42
69
83
105
43
89
55
98
125
41
68
105
98
17
59
138
110
118
10
36
104
72
62
140
7
26
76
134
67
91
29
122
35
111
81
39
99
53
14
51
106
26
13
132
50
131
14
22
142
95
1
136
48
64
5
2
86
90
54
115
109
81
34
113
115
107
87
75
133
67
143
18
31
122
57
96
49
52
138
93
109
135
124
133
116
32
102
142
124
19
134
56
42
70
125
76
44
74
28
119
25
9
53
29
23
38
6
63
132
126
6
126
11
61
5
84
33
45
116
45
120
65
121
79
64
11
81
105
142
118
14
139
114
86
15
118
42
32
85
140
23
56
119
65
70
97
5
106
23
63
24
124
66
104
91
132
11
79
138
19
75
107
95
113
90
49
16
20
43
43
64
76
84
71
31
3
37
45
8
113
111
127
141
45
111
112
25
33
34
79
14
64
99
133
50
74
6
123
128
89
26
143
106
55
47
17
49
52
30
81
68
6
94
102
115
52
20
58
140
80
94
39
87
77
16
82
88
54
35
131
112
7
72
95
83
97
130
102
110
46
7
104
71
137
9
126
142
46
40
89
88
133
62
121
129
27
15
80
10
125
90
36
85
130
29
5
122
86
32
18
139
30
68
132
105
37
135
109
70
107
73
144
61
98
114
75
100
116
11
21
138
27
117
117
28
13
119
128
2
67
48
35
51
103
126
101
25
116
62
108
67
120
127
57
125
12
41
135
115
60
129
21
87
65
73
58
84
57
2
91
108
13
69
61
24
92
1
134
99
36
59
74
123
40
131
39
19
134
124
69
96
78
60
53
122
55
28
98
38
101
50
12
143
72
63
66
83
47
96
109
3
137
9
121
44
59
42
4
141
54
56
31
136
77
22
10
103
136
92
17
82
26
48
18
110
33
22
29
51
41
34
100
78
44
144
93
93
8
4
76
53
1
120
38
1
13
25
26
14
15
16
4
3
2
1
13
25
37
49
61
73
85
86
74
75
76
88
89
101
100
112
111
110
109
97
98
99
87
88
76
64
63
51
50
38
39
27
28
29
17
18
30
42
41
53
52
40
41
29
30
31
32
20
19
7
8
9
10
22
23
35
34
33
21
9
10
11
12
24
36
48
60
59
71
70
69
81
80
92
93
94
82
83
84
72
60
48
47
46
58
57
45
44
56
55
67
79
78
77
65
66
54
42
43
55
54
53
65
66
67
68
80
79
91
103
102
114
126
125
113
101
100
112
124
123
122
121
133
134
135
136
137
138
139
127
115
116
104
105
117
118
106
107
119
131
143
144
132
120
108
96
95
94
93
92
104
105
106
118
130
142
141
140
128
129
130
131
119
120
132
144
143
142
141
129
128
140
139
127
126
138
137
136
135
134
133
121
109
97
98
86
85
73
61
62
50
49
37
38
26
14
2
3
4
5
6
5
6
7
8
20
21
22
23
11
12
24
36
35
47
59
58
70
71
72
84
96
108
107
95
83
82
81
69
68
56
57
45
46
34
33
32
44
43
31
19
18
17
16
15
27
28
40
39
51
52
64
63
62
74
75
87
99
111
110
122
123
124
125
113
114
102
90
78
77
89
90
91
103
115
116
117
144
143
142
130
131
119
107
108
120
132
144
143
142
141
140
139
138
137
125
126
114
102
101
89
88
100
99
111
123
135
136
124
112
113
101
102
103
115
116
128
129
117
118
106
94
95
83
82
81
93
92
104
105
93
94
82
70
58
59
71
72
60
48
36
35
23
22
34
46
47
48
36
24
12
11
10
9
8
20
19
31
43
42
54
53
41
29
30
18
6
7
8
9
21
33
32
44
45
57
56
68
67
66
78
90
91
79
80
81
69
68
80
92
91
79
67
55
54
66
65
64
76
75
74
86
87
88
100
99
98
110
122
134
133
121
109
97
85
73
61
62
63
51
52
40
39
27
28
16
15
14
13
1
2
3
4
5
17
29
41
53
52
40
28
27
26
25
37
49
50
38
26
14
15
3
2
1
13
25
37
38
50
49
61
62
74
73
85
97
109
121
133
134
135
136
124
125
137
138
139
127
128
140
141
129
130
131
132
120
108
96
84
96
84
72
60
59
47
35
23
24
12
11
10
22
21
20
32
31
19
7
6
5
4
16
17
18
30
42
43
55
56
44
45
33
34
46
58
57
69
70
71
83
95
107
119
118
106
105
117
116
104
103
115
127
126
114
113
112
111
123
122
110
98
86
87
75
76
77
78
90
89
77
65
64
63
51
39
67
57
71
77
33
11
108
64
28
17
98
132
66
68
88
15
60
11
17
144
118
83
64
49
126
40
13
120
112
16
5
51
130
60
4
122
47
133
129
26
74
113
54
50
82
14
73
78
35
135
116
43
52
55
36
112
3
15
142
101
27
127
80
29
52
53
105
18
67
96
27
84
69
14
84
129
9
25
122
81
78
16
117
61
136
77
49
89
99
102
3
18
114
83
91
138
141
31
23
87
56
20
92
72
134
98
107
95
111
41
130
41
46
99
90
70
75
6
39
1
24
20
38
123
28
62
1
65
131
140
53
39
8
121
118
44
104
131
116
85
12
6
13
7
87
125
50
132
103
75
58
103
86
59
19
110
93
123
35
30
144
57
107
86
22
33
89
137
48
2
80
97
106
82
34
34
115
143
109
142
94
69
126
54
46
4
70
30
141
104
40
47
72
32
45
74
5
19
94
105
128
25
134
143
115
9
10
100
59
88
79
58
12
101
124
8
24
21
21
26
56
42
10
61
51
125
128
43
45
114
121
73
66
138
135
79
136
137
124
109
37
65
81
127
100
111
22
42
55
139
44
76
7
91
62
90
108
133
102
29
2
96
48
93
32
37
36
106
85
68
119
76
120
38
63
117
97
31
110
95
23
119
140
139
71
63
113
92
43
63
55
80
35
131
140
81
7
16
68
17
133
51
55
64
48
94
108
121
136
116
106
137
132
88
127
119
129
139
94
99
6
135
65
28
121
76
107
1
89
68
21
96
34
4
72
131
40
79
63
97
74
72
144
144
24
83
93
143
103
7
14
42
100
90
119
2
32
139
116
60
54
109
84
15
142
122
114
47
13
25
57
9
86
23
22
53
13
101
95
66
61
142
56
66
61
103
35
140
91
46
98
111
134
45
2
69
37
75
75
14
51
28
18
81
52
93
126
105
100
31
141
122
29
74
49
111
118
12
38
23
109
85
4
40
127
86
60
29
11
34
91
38
52
22
62
21
123
82
11
62
58
138
70
102
137
117
50
45
128
90
143
10
19
46
96
77
118
120
117
101
8
67
82
128
110
113
97
110
141
3
6
30
73
36
112
87
36
112
80
84
15
39
48
50
24
58
102
9
77
105
56
1
114
78
44
98
67
132
79
25
87
126
59
8
92
49
3
134
20
135
104
31
133
5
71
104
42
26
130
124
130
64
27
37
115
32
41
136
85
39
92
33
26
59
78
99
125
69
10
16
54
125
95
138
113
44
43
76
65
124
71
53
33
120
73
17
47
123
19
20
70
88
89
27
115
106
18
5
12
83
30
129
57
108
107
41
144
143
142
141
140
128
129
117
116
115
103
104
105
93
92
80
81
69
68
67
66
54
42
43
55
56
44
45
57
58
59
71
72
60
48
47
46
34
35
23
24
12
11
10
9
8
20
32
31
19
18
30
29
28
27
39
51
63
64
76
77
89
101
100
112
111
99
87
88
89
90
91
79
78
90
102
114
113
125
126
127
139
138
137
136
124
123
122
134
133
121
109
97
85
73
74
86
98
110
109
97
85
73
61
62
50
49
37
38
26
25
13
1
2
14
15
3
4
16
17
5
6
7
8
9
21
33
45
46
58
70
82
94
106
107
108
96
84
83
95
94
106
118
130
131
132
120
119
118
117
105
93
81
80
68
67
55
54
53
65
77
76
75
63
64
52
40
41
42
30
29
17
18
19
7
6
5
4
3
2
1
13
14
15
16
28
27
39
38
26
25
37
49
61
62
50
51
52
40
41
53
65
66
78
79
91
92
104
103
115
116
128
127
126
114
102
101
113
125
124
112
100
88
87
75
74
86
98
99
111
110
122
121
133
134
135
123
135
136
137
138
139
140
141
129
130
142
143
144
132
131
119
120
108
107
95
96
84
83
71
72
60
59
47
48
36
35
36
24
12
11
10
22
23
22
34
33
21
20
32
31
43
44
56
57
69
70
82
1
13
25
37
49
50
38
39
51
63
64
52
40
41
53
54
42
43
55
67
79
80
81
69
68
56
57
45
44
32
20
19
7
8
9
21
33
34
22
23
11
12
24
36
48
60
59
58
70
71
83
82
94
106
118
117
116
115
103
102
90
89
88
100
99
111
112
113
101
89
77
65
66
78
77
76
75
87
86
74
62
61
73
85
97
98
110
122
121
133
134
135
136
137
138
126
125
124
123
135
136
137
138
139
127
128
140
141
129
130
142
143
144
132
131
119
120
108
107
95
96
84
72
60
48
47
46
45
33
32
31
30
29
28
16
4
5
6
18
17
29
28
27
26
14
2
3
15
27
39
40
41
42
54
55
67
68
80
92
91
90
102
114
115
103
104
105
93
81
82
94
95
83
71
72
84
96
108
120
132
144
143
131
119
107
106
118
117
129
130
142
141
140
139
127
128
116
104
105
93
92
91
79
78
66
65
53
52
64
63
51
50
62
74
75
76
88
87
86
98
99
100
101
113
114
126
125
124
112
111
123
122
134
133
121
109
110
109
97
85
73
61
49
37
38
26
25
13
1
2
14
15
3
4
16
17
5
6
18
19
7
8
20
21
9
10
22
10
11
12
24
36
35
23
35
34
46
47
59
58
70
69
57
56
44
43
31
30
