##Rat 8 Day 32
 ##rewards
71
58
124
##Vertices
140
32
96
15
4
83
112
67
66
46
63
94
12
111
92
104
74
30
109
137
32
112
11
91
49
17
103
130
115
73
67
69
2
86
142
141
84
98
49
54
113
117
126
27
13
73
85
100
27
9
144
124
95
89
76
129
124
58
28
35
59
42
41
14
139
87
23
129
120
95
134
74
55
71
137
138
132
5
22
39
64
131
40
93
38
114
51
98
20
122
99
18
126
47
8
37
52
71
118
130
50
79
31
70
133
107
143
39
61
29
57
127
60
75
35
96
68
128
97
87
19
81
117
82
24
62
3
69
119
16
75
122
66
114
50
5
33
134
131
36
2
51
33
138
108
72
56
31
104
21
7
42
29
21
121
41
133
103
116
105
106
127
9
53
20
136
107
110
90
43
36
88
45
123
64
108
119
44
43
88
101
115
61
46
11
62
34
123
25
81
26
78
68
47
52
19
14
22
34
53
77
15
18
38
84
65
8
111
99
54
16
82
85
10
142
44
24
48
65
135
113
106
25
3
13
26
77
116
59
23
100
45
118
86
125
17
135
136
94
6
125
97
101
63
7
4
140
132
102
143
40
80
110
55
105
93
89
10
121
37
91
76
72
12
60
1
48
28
78
90
128
58
1
139
92
144
6
79
102
57
56
30
70
120
83
80
109
141
50
102
137
31
57
4
55
79
109
110
43
97
99
15
24
78
16
28
49
65
88
39
142
35
109
112
117
84
5
43
34
83
81
78
93
143
17
92
6
42
27
86
95
11
124
45
29
47
111
9
127
68
15
71
114
94
1
20
85
105
116
59
103
108
44
7
33
121
104
65
143
34
54
131
106
21
141
134
8
82
75
100
69
40
35
52
55
130
129
104
96
140
83
138
11
2
63
122
128
1
92
50
90
107
52
96
36
6
133
97
72
110
9
20
64
128
98
99
25
60
135
58
26
29
101
8
60
142
77
53
135
136
66
116
42
134
3
71
4
73
5
64
21
48
98
133
94
41
129
3
24
136
7
103
121
123
132
119
137
115
30
46
54
74
26
139
126
31
51
73
126
23
130
144
28
17
87
105
19
114
115
59
80
79
62
144
23
2
32
72
131
86
120
118
76
14
102
89
18
14
38
67
10
118
93
69
124
66
125
27
141
75
12
70
33
84
36
16
101
49
12
22
67
53
58
62
91
47
111
37
95
125
76
70
87
106
132
81
122
56
82
51
140
77
100
90
117
113
119
41
44
32
127
61
68
10
139
38
123
13
85
39
57
138
19
88
56
45
63
25
112
113
108
37
91
18
46
40
30
120
80
22
89
13
48
74
61
107
144
143
142
141
129
130
118
119
131
132
120
108
96
84
83
95
94
106
107
108
96
95
94
82
70
71
59
58
46
47
48
60
72
84
83
82
81
69
68
67
79
91
103
102
114
113
101
100
112
111
99
98
110
122
123
135
134
133
121
109
97
85
73
61
49
37
25
13
1
2
3
15
14
26
27
28
40
41
42
54
53
65
77
89
90
78
66
65
64
52
51
50
38
39
51
63
75
87
88
76
64
63
62
74
86
85
97
98
99
111
112
124
136
137
138
126
125
113
114
115
116
128
140
139
127
115
103
104
105
93
92
80
81
69
57
56
55
43
31
30
18
19
7
8
20
32
44
45
33
21
9
10
22
23
35
36
24
12
11
10
9
8
7
6
5
17
29
30
42
54
66
78
77
89
90
102
101
100
88
76
75
87
86
74
73
61
62
50
49
37
38
39
40
52
53
41
29
17
16
4
3
2
1
13
25
26
14
15
27
28
16
4
5
6
18
19
20
32
31
43
44
45
33
21
22
34
46
34
35
23
11
12
24
36
48
47
59
60
72
71
70
58
57
56
55
67
68
80
79
91
92
93
105
106
107
119
120
132
144
143
131
130
142
141
140
139
138
137
136
135
134
133
121
109
110
122
123
124
125
126
127
128
129
117
118
117
116
104
1
13
25
37
38
26
27
15
14
2
3
4
5
6
18
17
29
28
16
4
5
17
29
30
31
19
20
32
33
21
9
8
7
6
18
30
42
43
55
67
66
65
64
76
75
87
88
100
99
111
112
124
123
122
110
109
121
133
134
135
136
137
138
139
140
141
142
143
144
132
120
119
131
130
118
106
105
93
81
80
92
91
90
89
77
78
79
91
103
104
116
128
129
117
116
115
114
113
101
102
103
115
127
126
125
137
136
124
112
111
99
98
97
85
73
74
86
87
75
63
51
50
49
61
62
63
64
52
40
41
53
54
42
43
44
56
68
69
70
82
83
71
72
60
59
58
57
45
46
47
48
36
35
23
22
10
11
12
24
36
48
60
72
84
96
95
94
82
81
80
79
78
90
89
77
76
88
100
101
102
114
113
125
126
138
139
127
128
140
141
129
117
105
104
92
93
94
95
107
108
120
132
144
143
142
130
131
119
118
106
107
108
96
84
83
71
59
58
70
69
57
45
46
47
35
34
33
34
22
23
24
12
11
10
9
21
20
8
7
19
31
32
44
56
68
67
55
54
66
65
53
41
40
28
16
15
3
2
1
13
14
26
25
37
49
61
73
85
97
109
121
133
134
135
123
122
110
98
86
74
62
50
38
39
27
39
51
52
20
50
36
83
99
142
91
24
66
52
58
144
137
11
134
106
92
59
113
137
10
116
125
74
64
109
118
7
121
104
61
87
14
8
78
105
139
138
17
118
31
49
128
31
21
122
23
65
112
10
66
73
123
75
115
44
3
51
126
110
86
127
124
109
25
111
97
130
72
60
75
59
28
122
136
5
84
113
45
47
14
121
56
39
101
135
141
119
95
15
27
53
82
12
140
93
64
38
24
70
138
48
18
98
120
62
43
70
125
16
15
81
84
73
101
61
71
60
89
78
85
126
40
28
35
139
116
54
8
41
102
2
127
128
74
103
65
67
56
37
42
7
44
13
124
134
129
133
5
57
62
79
114
9
39
112
32
76
100
90
40
107
99
117
108
58
36
81
49
115
103
132
52
120
96
27
85
86
76
69
43
69
130
13
11
2
3
93
107
48
54
106
22
46
88
123
37
41
110
133
30
4
34
55
91
67
132
100
94
136
140
98
51
33
45
111
26
129
20
144
22
94
35
47
108
32
29
12
143
82
88
89
33
79
97
38
50
53
26
141
68
46
105
96
25
63
55
4
34
57
63
77
9
80
19
6
30
131
72
16
42
77
131
18
6
1
142
95
21
19
92
119
143
87
104
114
29
80
135
83
117
102
71
90
23
1
68
17
18
127
49
90
111
2
71
39
110
112
123
137
20
91
138
67
86
74
140
119
85
124
89
129
8
46
52
75
113
122
84
136
126
74
8
17
31
112
9
97
21
62
101
127
135
121
98
10
21
115
81
58
120
95
54
77
63
113
60
37
117
130
5
17
44
142
28
27
124
100
76
103
30
75
133
32
64
51
64
68
36
99
25
44
69
40
30
66
40
3
111
19
5
42
61
120
90
92
132
24
142
57
72
29
118
77
7
55
4
126
110
88
12
119
118
144
83
132
2
131
61
60
42
71
63
94
143
106
48
134
104
73
94
12
46
15
139
83
140
54
69
96
38
73
93
56
128
45
11
65
38
53
136
67
24
68
96
4
62
128
36
78
108
49
33
102
34
144
92
47
135
39
76
133
13
18
116
134
48
105
97
131
109
79
19
55
3
82
93
109
29
80
130
114
20
14
139
143
122
115
108
34
125
50
43
57
1
32
116
106
6
23
58
103
25
26
7
41
141
104
22
105
107
31
45
117
129
78
123
100
70
1
125
87
10
22
53
11
35
91
98
70
33
107
85
50
51
102
52
16
23
138
66
14
35
99
114
89
47
6
87
72
80
9
79
59
56
88
82
101
65
37
95
27
86
26
43
121
84
59
13
81
41
16
15
137
28
141
12
24
23
22
34
46
45
33
32
20
8
9
10
11
12
24
36
48
47
35
36
48
60
72
84
96
108
120
132
144
143
142
130
131
119
118
106
107
95
83
82
94
93
81
80
68
67
79
91
90
89
77
78
66
65
64
63
51
50
62
74
73
61
49
37
38
39
27
28
16
17
18
30
29
41
40
52
53
54
42
43
44
56
55
43
31
19
7
6
5
4
3
15
14
26
25
13
1
2
3
4
5
6
7
8
9
21
20
32
44
45
57
58
70
69
81
93
92
104
116
128
140
139
127
115
114
102
101
113
112
100
88
87
99
98
110
122
123
135
134
133
121
109
97
85
86
87
75
76
64
52
53
54
55
56
68
80
92
91
103
104
105
117
129
141
140
139
138
137
125
126
114
113
112
100
88
76
77
65
66
67
79
78
90
89
101
102
103
115
116
117
105
106
94
82
70
69
57
58
46
34
33
21
22
10
11
23
35
47
59
71
59
60
72
71
83
84
96
95
107
108
120
132
144
143
131
119
118
130
142
141
129
128
127
126
138
137
125
124
136
124
136
135
123
111
99
111
110
122
134
133
121
109
97
98
86
85
73
61
62
74
75
63
51
50
38
26
27
39
40
28
29
41
42
30
31
19
18
17
16
15
14
2
1
13
25
37
49
133
134
122
110
111
112
100
99
87
86
85
97
109
121
133
134
135
136
124
123
135
136
137
138
139
140
141
142
143
144
132
120
119
131
130
118
117
129
128
127
115
116
104
103
91
90
78
79
80
68
56
55
67
66
54
42
30
29
17
18
19
7
6
5
4
16
28
27
39
38
50
62
63
51
52
40
41
53
65
64
76
88
89
77
76
75
74
73
61
49
37
25
26
14
15
3
2
1
13
25
37
49
61
73
85
97
98
86
87
88
100
101
113
114
102
103
104
92
93
94
95
96
84
83
82
70
69
57
58
46
45
44
32
33
21
22
23
35
36
24
12
11
10
9
8
20
32
31
43
42
41
53
65
77
89
90
91
92
80
81
93
105
106
107
108
96
84
72
60
59
71
70
58
46
45
44
43
55
54
66
78
79
67
68
56
57
69
81
82
94
106
105
117
116
115
114
102
101
113
112
111
99
98
110
109
121
122
123
124
125
126
125
137
138
126
127
139
140
128
129
141
142
143
144
132
131
130
118
119
120
108
107
95
83
71
72
60
59
47
48
47
48
36
35
34
33
34
22
23
24
12
11
10
9
21
20
8
7
6
18
19
31
30
29
17
16
15
27
28
40
39
51
52
64
63
75
74
62
50
38
26
14
13
1
2
3
4
5
31
10
31
73
131
45
141
38
109
97
39
3
30
87
102
52
28
71
32
71
106
21
4
66
90
5
120
40
142
77
122
132
132
49
37
27
60
37
101
2
137
111
84
134
89
63
125
80
144
21
10
62
119
97
137
26
85
56
117
7
115
8
127
57
48
112
15
25
51
18
6
105
84
81
82
23
35
1
88
98
67
89
17
49
104
101
91
140
100
27
78
75
32
29
29
65
53
54
38
5
126
13
28
87
88
91
81
143
20
75
41
51
68
70
111
9
121
74
34
79
64
47
86
11
115
55
119
109
11
78
57
43
18
72
139
120
6
14
48
72
99
35
138
126
50
112
12
9
102
59
16
128
140
34
44
85
7
113
95
110
24
127
36
99
15
105
53
1
136
110
39
69
33
8
128
23
104
100
135
19
98
13
66
107
108
130
58
141
50
33
79
124
56
131
12
46
121
129
90
40
113
94
60
63
107
114
83
80
52
43
64
143
118
46
125
3
58
55
44
138
41
139
76
94
92
82
130
92
77
61
42
142
20
30
117
61
133
103
47
124
136
103
133
122
19
54
83
93
2
116
68
62
95
114
123
118
14
22
22
96
96
45
65
16
42
106
123
24
134
36
25
59
4
67
73
129
144
93
17
135
26
116
69
74
76
70
108
86
96
140
23
123
115
120
51
25
24
104
58
56
63
58
53
111
134
61
119
41
63
119
91
85
53
125
74
66
19
66
106
101
11
78
86
47
67
78
95
1
86
111
93
20
7
144
106
69
123
61
22
27
92
136
132
108
113
142
9
2
124
55
22
116
15
17
116
49
11
129
36
120
40
81
29
71
29
122
143
26
15
14
37
85
127
23
52
107
140
51
33
104
88
57
114
109
100
33
135
113
5
60
108
73
25
35
50
84
43
16
84
57
102
99
128
121
38
9
82
59
31
54
18
52
43
88
109
21
128
117
90
59
4
19
136
138
26
17
7
124
100
6
93
14
103
55
77
135
105
82
131
41
76
132
20
76
12
24
98
35
13
112
112
80
21
74
121
47
1
40
141
65
50
142
79
131
98
141
8
102
125
91
48
39
81
68
139
90
130
105
62
6
45
10
115
2
137
89
137
34
30
54
139
122
114
42
87
38
44
64
42
94
79
80
133
67
138
3
92
32
12
143
87
65
37
107
46
56
71
130
117
99
31
144
126
127
45
75
30
13
96
77
48
83
118
89
69
60
110
101
36
68
133
27
8
70
4
46
16
62
44
64
72
28
18
72
75
129
34
83
110
134
97
70
73
5
95
49
3
118
39
97
32
28
126
10
94
103
144
132
131
130
118
117
116
104
92
93
94
82
83
84
96
95
107
108
120
119
118
106
105
117
129
141
140
139
127
126
138
137
125
113
112
124
123
122
110
109
97
98
86
85
73
74
62
63
75
76
64
52
51
50
38
37
25
26
27
39
40
28
29
17
16
4
5
6
18
30
42
43
31
19
7
8
20
21
9
10
22
23
35
36
24
12
11
10
9
8
7
6
5
4
3
15
14
2
1
13
25
37
49
61
73
85
97
109
121
133
134
135
136
137
138
139
140
128
127
115
114
102
101
100
99
111
110
98
86
87
88
89
90
91
103
102
90
78
66
67
79
80
81
69
68
56
44
32
33
45
57
58
59
60
48
47
46
34
22
21
20
19
18
17
29
41
53
54
55
67
68
56
57
58
70
71
59
60
72
84
72
71
83
82
70
69
81
80
79
78
66
54
55
43
44
45
46
47
48
36
24
12
11
23
35
34
33
32
31
30
42
41
40
28
16
15
3
2
1
13
14
26
27
39
38
50
49
61
62
74
75
76
64
63
51
52
53
65
77
65
77
89
101
113
112
100
88
87
99
111
123
122
121
133
134
135
136
124
125
126
114
115
116
104
103
91
92
93
105
106
94
95
96
108
107
119
120
132
144
143
131
130
142
143
142
141
129
128
133
134
122
110
111
99
87
88
89
101
113
114
126
138
137
125
124
136
135
123
111
112
100
99
98
97
85
73
74
62
61
49
50
51
39
38
26
14
15
3
4
16
17
5
6
18
19
31
30
42
43
44
32
20
21
9
10
22
34
33
45
46
58
59
47
48
60
72
71
70
69
81
82
83
84
96
95
107
108
120
119
131
130
142
143
144
132
120
108
96
84
72
60
48
36
35
23
24
12
11
10
9
8
7
6
5
4
3
2
1
13
25
37
49
61
73
85
86
74
75
63
64
52
40
28
27
15
16
17
29
41
53
65
77
76
64
65
66
67
79
78
90
102
103
91
92
93
94
106
105
104
116
128
140
141
129
117
118
119
107
95
83
71
59
58
57
56
68
80
79
91
92
104
116
115
127
128
140
139
138
139
127
126
114
115
103
102
90
78
66
67
68
80
81
93
105
117
129
141
142
143
144
132
131
130
118
106
94
82
70
69
57
45
46
47
35
36
24
12
11
23
22
34
33
21
20
8
7
19
18
30
42
43
31
32
44
56
55
54
55
54
53
52
51
39
40
41
29
28
27
26
14
2
1
13
25
37
38
50
62
63
75
87
88
76
77
89
101
100
112
113
125
137
136
124
123
135
134
133
121
122
110
109
121
109
97
98
86
