##Rat 6 Day 6
 ##rewards
83
94
16
##Vertices
41
103
75
21
22
58
80
91
120
142
100
24
29
135
13
124
7
37
109
105
11
15
70
57
43
51
31
85
15
29
31
77
76
96
88
12
106
129
79
106
10
13
122
136
110
130
132
74
104
107
114
136
143
56
117
143
112
144
67
139
64
43
116
33
9
68
16
73
111
62
41
108
135
101
67
139
108
51
14
11
140
107
116
125
21
118
42
74
86
5
123
90
40
60
131
64
95
121
65
22
45
112
87
36
33
50
128
141
83
4
101
61
126
34
109
6
100
125
27
133
140
35
55
90
19
48
80
102
32
39
129
8
82
89
5
55
1
119
113
25
86
87
59
119
124
77
126
81
91
98
61
46
134
49
84
56
76
82
9
79
141
110
53
138
30
117
45
118
37
98
114
68
137
18
14
94
46
92
20
137
111
6
1
128
127
105
99
83
25
20
3
49
63
72
97
69
59
130
53
30
44
70
69
19
63
104
42
35
2
115
115
2
85
94
10
47
120
95
81
71
23
89
24
65
97
28
93
134
66
123
93
92
103
73
57
72
99
3
121
127
71
7
144
28
142
17
32
52
54
44
26
60
17
38
18
36
50
4
78
39
96
75
16
132
34
62
122
131
27
78
12
102
40
133
47
84
8
26
58
138
48
113
23
66
88
54
52
38
92
118
131
24
138
72
30
119
110
95
16
7
44
133
6
83
74
78
135
55
144
121
63
71
106
69
138
131
47
21
63
7
97
42
4
27
81
108
135
100
77
78
52
123
43
86
118
107
90
28
32
61
16
111
111
74
89
143
125
64
8
56
124
112
93
58
31
101
84
20
23
43
114
82
57
66
115
129
45
8
54
122
132
92
108
18
99
1
99
87
59
98
82
137
102
68
48
37
109
113
19
17
67
23
116
90
39
60
105
122
3
31
2
48
53
33
11
80
34
60
117
3
36
141
128
13
41
45
6
33
136
107
130
96
81
126
120
56
80
28
32
94
110
76
130
4
58
26
97
51
30
137
112
91
84
19
77
50
24
54
29
41
38
139
136
49
89
67
70
42
53
17
75
88
66
61
25
98
9
36
119
22
13
103
49
65
71
144
75
88
39
22
62
132
139
134
2
129
79
59
51
46
27
12
29
113
34
68
76
106
55
73
104
127
143
120
35
126
9
95
142
18
104
20
101
57
11
117
116
10
14
1
72
83
15
65
142
40
114
62
127
25
26
21
103
37
46
86
123
91
47
64
134
35
124
50
5
102
94
40
15
73
12
10
85
128
115
105
141
14
133
140
140
52
100
44
125
93
69
109
96
85
5
38
87
79
121
70
144
132
131
130
118
117
116
104
92
93
94
82
83
84
96
95
107
108
120
119
118
106
105
117
129
141
140
139
127
126
138
137
125
113
112
124
123
122
110
109
97
98
86
85
73
74
62
63
75
76
64
52
51
50
38
37
25
26
27
39
40
28
29
17
16
4
5
6
18
30
42
43
31
19
7
8
20
21
9
10
22
23
35
36
24
12
11
10
9
8
7
6
5
4
3
15
14
2
1
13
25
37
49
61
73
85
97
109
121
133
134
135
136
137
138
139
140
128
127
115
114
102
101
100
99
111
110
98
86
87
88
89
90
91
103
102
90
78
66
67
79
80
81
69
68
56
44
32
33
45
57
58
59
60
48
47
46
34
22
21
20
19
18
17
29
41
53
54
55
67
68
56
57
58
70
71
59
60
72
84
72
71
83
82
70
69
81
80
79
78
66
54
55
43
44
45
46
47
48
36
24
12
11
23
35
34
33
32
31
30
42
41
40
28
16
15
3
2
1
13
14
26
27
39
38
50
49
61
62
74
75
76
64
63
51
52
53
65
77
65
77
89
101
113
112
100
88
87
99
111
123
122
121
133
134
135
136
124
125
126
114
115
116
104
103
91
92
93
105
106
94
95
96
108
107
119
120
132
144
143
131
130
142
143
142
141
129
128
12
11
23
35
34
46
58
57
56
44
32
31
19
7
8
20
21
9
10
22
34
33
45
46
47
48
60
72
71
83
84
96
95
94
106
107
119
131
130
142
141
129
128
140
139
127
126
114
115
103
102
101
113
125
124
136
135
123
111
112
100
99
87
86
98
97
85
73
74
75
76
64
63
62
61
49
50
38
37
25
26
14
15
3
2
1
13
25
37
49
61
73
85
97
109
110
122
121
133
134
135
136
137
138
139
140
141
142
143
144
132
120
108
96
84
72
60
59
71
70
82
81
93
105
117
118
130
129
128
116
104
92
80
68
69
81
80
79
78
66
67
55
43
42
54
53
52
51
39
40
41
29
17
5
4
16
28
27
26
38
50
62
74
86
87
88
89
77
65
66
54
53
41
29
30
18
17
5
6
7
6
18
19
31
30
42
43
55
67
79
78
77
65
64
52
40
28
16
4
3
2
1
13
14
15
27
39
51
63
75
76
88
100
99
98
110
109
121
133
134
122
123
111
112
124
125
137
138
126
127
115
103
102
114
113
101
89
90
91
90
91
92
93
94
106
105
104
116
117
118
119
131
143
144
132
120
108
107
95
83
82
70
58
57
69
68
56
44
45
33
32
20
8
9
21
22
10
11
12
24
23
35
36
24
36
48
47
59
63
52
21
61
102
136
95
79
127
108
62
69
116
125
104
32
76
64
97
7
134
70
18
14
97
2
80
84
39
63
22
28
10
140
136
77
42
38
131
49
54
101
117
98
71
48
94
98
71
115
74
46
70
103
110
68
9
14
11
91
57
31
26
111
4
128
57
106
82
23
15
121
123
12
58
38
86
89
101
81
117
23
120
43
66
60
141
16
90
132
87
37
99
64
62
100
143
45
51
36
35
17
135
69
85
55
83
13
20
120
129
107
74
114
108
59
54
128
119
142
144
34
39
96
56
114
94
6
125
137
27
84
124
121
144
99
87
20
133
118
78
26
65
81
134
43
116
88
33
91
79
139
37
47
72
59
48
126
30
105
68
5
2
96
24
132
92
47
106
138
5
36
1
31
55
75
142
135
60
88
107
111
130
3
138
141
56
75
124
58
76
77
8
32
13
44
131
86
105
24
29
45
19
93
109
61
1
8
67
28
90
127
100
46
109
104
118
15
139
130
122
40
50
67
53
4
137
115
52
53
133
41
93
89
51
41
113
22
25
10
34
3
103
25
129
33
17
50
65
40
19
143
42
35
6
12
123
16
7
18
95
113
66
73
112
30
27
119
126
83
72
85
78
11
122
29
82
21
92
112
49
80
102
73
44
110
9
140
88
102
62
32
58
89
57
105
7
39
108
28
8
78
29
59
100
143
96
79
137
135
40
142
26
48
24
139
133
52
50
9
93
55
86
44
2
69
32
132
25
82
45
55
115
124
97
99
140
80
56
28
141
3
129
30
136
15
11
106
137
67
138
92
116
112
50
15
107
43
113
86
72
73
88
38
94
3
31
60
87
42
49
120
45
27
56
91
112
134
118
35
106
38
71
110
26
95
1
70
59
8
85
9
57
14
135
66
21
37
133
84
17
48
20
131
6
19
64
34
73
123
89
77
82
37
16
21
120
53
104
103
91
113
18
44
23
13
49
23
134
75
70
97
126
136
121
46
40
66
74
46
116
92
65
62
68
31
18
140
14
52
16
65
95
51
123
54
122
29
110
124
131
76
6
127
99
121
118
98
108
81
102
101
90
12
27
19
142
64
80
100
10
119
144
83
119
71
130
24
109
74
11
58
5
53
33
96
47
81
103
125
34
77
61
128
17
93
114
90
41
111
114
42
36
4
35
61
127
138
12
101
139
54
7
87
130
109
117
141
75
22
51
72
30
132
43
85
128
22
39
115
67
117
10
41
83
125
5
111
105
94
129
69
107
20
76
79
84
126
36
143
104
63
63
98
25
13
68
1
4
47
144
60
122
33
78
2
1
13
25
26
38
37
49
50
51
63
64
65
66
78
90
91
92
93
81
69
57
45
33
32
44
43
55
54
53
41
29
30
42
43
31
19
18
6
7
8
9
21
22
23
11
12
24
36
35
34
46
47
48
60
72
84
83
95
107
119
118
106
105
117
129
128
127
139
140
141
142
130
131
132
120
108
96
84
72
71
70
58
59
60
48
36
35
47
59
71
70
82
94
106
118
117
116
104
103
115
114
126
138
137
125
124
136
135
134
133
121
109
97
98
99
87
86
74
62
61
73
85
97
109
110
122
123
111
112
100
88
76
77
89
101
102
114
113
101
89
88
87
75
76
77
78
79
67
68
56
55
67
66
65
64
52
40
39
27
28
16
17
5
4
3
15
14
2
3
4
16
15
27
26
14
2
1
13
25
37
49
50
38
39
40
28
29
41
42
54
53
52
51
63
75
74
62
61
73
85
86
98
110
111
99
100
112
113
125
124
123
122
121
133
134
135
136
137
138
126
127
139
140
128
129
141
142
130
131
143
144
143
144
132
120
119
107
108
96
95
83
82
94
93
105
104
116
115
103
102
90
91
79
80
92
80
81
69
68
56
57
58
46
45
44
32
31
30
18
17
5
6
7
19
20
8
20
21
33
34
22
10
9
10
11
12
24
23
133
134
135
123
124
136
137
125
113
114
102
90
78
79
80
68
56
44
43
42
41
40
39
51
52
64
65
77
89
88
87
75
76
64
63
62
74
73
61
49
37
38
26
14
13
1
2
3
15
27
28
16
4
5
6
7
19
20
21
22
34
33
45
46
47
59
71
72
60
48
36
35
23
11
10
9
8
7
6
18
30
29
17
5
4
3
15
16
17
18
30
31
32
33
34
46
58
57
69
70
82
83
84
96
95
107
108
120
132
144
143
142
141
129
117
116
128
127
126
138
139
140
141
142
130
131
119
118
106
105
104
103
91
92
93
81
82
94
93
92
104
116
115
103
91
79
67
66
54
53
65
66
78
90
102
101
100
112
111
99
98
86
85
97
109
110
122
121
109
97
98
110
111
123
122
121
133
134
135
136
137
125
124
112
100
99
87
88
76
77
89
101
113
114
115
127
126
138
139
140
128
129
130
118
117
105
106
94
95
107
119
131
143
144
132
120
108
96
84
83
71
72
60
59
47
48
36
35
23
24
12
24
12
11
10
22
21
9
8
20
19
31
32
44
45
57
58
70
69
81
80
68
67
55
56
55
43
42
54
53
41
29
28
40
52
51
63
75
74
86
85
73
61
62
50
49
50
38
39
27
26
25
37
25
13
1
2
14
104
66
107
58
87
33
71
129
130
29
39
105
130
35
45
80
89
11
45
125
135
95
135
79
132
86
101
73
88
60
25
122
53
6
28
93
69
61
81
88
5
129
6
49
74
55
110
12
93
65
54
43
94
10
76
4
61
27
17
144
2
74
37
59
69
95
75
110
37
132
87
50
67
134
128
2
47
80
17
98
121
63
124
3
5
103
32
18
109
77
26
122
41
13
71
100
32
48
105
70
20
79
111
143
91
70
41
23
126
16
102
144
140
97
24
10
9
11
141
23
62
63
54
46
31
119
113
24
117
8
107
133
43
35
99
57
120
142
36
66
44
89
38
120
53
59
52
42
90
138
50
55
64
103
44
22
137
139
27
38
57
90
91
115
78
20
47
81
113
136
25
128
118
118
142
104
13
58
111
51
40
119
31
46
33
82
96
12
15
49
121
116
124
102
75
134
18
94
21
77
39
60
117
36
8
42
82
116
85
112
141
140
3
72
26
34
123
14
126
48
106
125
86
67
14
123
29
96
68
72
114
7
65
115
21
109
19
108
131
9
52
7
83
28
92
84
30
56
138
92
34
1
84
112
131
127
4
56
137
106
30
136
83
97
40
108
62
100
78
1
68
114
133
73
15
22
98
99
139
16
19
51
127
76
101
143
85
64
108
59
24
62
34
7
86
63
81
40
20
72
22
95
115
67
37
101
66
130
106
49
76
98
46
17
21
84
1
140
131
58
114
101
51
1
142
109
125
3
70
23
75
36
7
82
53
19
52
32
131
123
129
42
94
107
60
47
93
31
55
10
102
112
77
69
58
138
66
28
70
106
134
50
93
13
144
96
97
120
89
50
25
116
129
15
14
105
2
40
133
4
65
79
144
33
133
74
35
90
15
74
21
9
118
64
100
91
103
35
80
88
3
48
118
90
65
75
25
28
87
64
141
17
84
122
42
20
96
63
18
130
6
137
27
79
128
69
143
54
92
81
141
78
124
113
126
12
98
49
83
122
135
55
88
111
5
140
68
123
92
110
57
10
6
30
11
31
61
71
72
61
99
125
126
8
51
73
104
26
121
127
13
14
94
76
112
16
142
124
78
19
77
143
54
46
39
45
9
136
60
102
53
41
120
105
136
128
87
117
59
115
108
117
8
138
89
132
5
139
137
134
23
24
114
39
36
56
12
100
139
67
33
119
107
86
44
22
91
16
82
43
4
97
104
103
95
26
18
32
132
127
99
48
57
119
80
85
71
29
27
85
62
38
52
83
38
2
113
116
41
43
29
73
109
135
45
34
121
56
11
110
68
47
111
37
44
30
144
143
142
141
140
128
116
115
127
139
138
126
114
102
90
91
103
104
105
117
129
130
131
132
120
119
118
106
94
95
96
108
107
106
94
82
70
69
81
93
92
80
68
67
79
78
66
65
64
52
40
41
53
54
42
30
29
17
18
6
5
4
3
15
16
28
27
39
38
37
25
13
14
26
25
37
49
50
51
63
62
74
86
98
97
85
73
61
49
50
38
39
51
52
40
28
29
30
31
19
7
8
9
21
20
32
33
45
57
56
55
43
44
45
46
58
59
71
83
84
72
60
48
47
35
36
24
23
11
10
22
34
46
58
57
69
81
93
105
104
116
115
103
102
101
100
99
87
75
76
77
89
88
87
99
111
112
113
125
124
136
135
123
122
134
133
121
109
110
111
112
124
123
135
134
133
121
122
110
109
97
98
86
85
73
61
62
74
75
63
64
65
53
41
42
54
55
56
68
67
66
78
79
80
92
91
90
89
77
76
88
100
101
113
114
126
125
137
136
137
138
139
127
128
140
141
142
130
129
117
118
119
131
143
144
132
120
108
107
95
96
84
83
82
70
71
72
60
59
47
48
36
35
23
22
34
33
21
20
32
44
43
31
19
18
17
16
15
27
26
14
2
1
13
1
2
3
4
5
6
7
8
9
10
11
12
24
12
1
13
25
37
49
50
51
63
62
61
73
74
75
76
77
65
64
52
40
39
38
26
14
2
3
15
27
28
29
17
5
4
16
28
29
30
31
43
42
41
53
54
55
67
66
78
79
91
103
104
105
93
92
80
81
82
94
95
83
84
96
108
120
119
107
106
118
117
129
141
142
143
131
130
142
141
140
128
116
115
127
126
125
124
136
137
138
139
140
128
129
117
116
104
105
106
94
82
70
71
72
60
48
47
59
58
46
45
44
56
68
69
57
45
33
32
20
19
18
6
7
8
9
21
22
10
11
23
24
36
35
34
33
32
44
43
42
41
40
52
51
63
64
76
88
100
112
113
114
102
90
89
101
113
112
111
99
87
86
98
97
109
110
122
121
133
134
135
123
111
99
98
110
109
121
133
134
122
123
135
136
124
125
137
138
139
127
126
114
115
103
91
92
93
81
80
68
56
55
67
79
78
66
54
53
65
77
89
90
102
101
100
88
87
75
74
86
85
97
85
73
61
62
50
49
37
25
26
38
39
27
15
14
13
1
2
3
4
16
17
5
6
18
30
31
19
7
8
20
21
9
10
22
23
35
34
46
47
59
58
57
69
70
71
83
95
107
119
118
130
131
132
144
143
144
132
120
108
96
84
72
60
48
36
24
12
11
12
