##Rat 2 Day 36
 ##rewards
18
29
107
##Vertices
13
4
58
136
14
61
27
140
119
41
64
104
67
107
27
69
102
123
28
103
37
77
32
28
134
45
96
60
74
53
142
29
6
17
111
83
85
38
100
36
96
127
55
39
105
44
24
129
126
21
124
26
76
39
42
73
65
120
133
7
1
107
57
88
11
135
70
106
25
11
132
125
71
24
52
63
47
23
97
56
43
46
139
116
5
130
72
67
112
7
74
78
93
89
80
41
108
90
82
91
92
30
17
66
110
45
71
134
51
138
115
131
73
98
62
33
113
117
124
34
5
12
99
77
10
84
70
35
72
54
100
108
49
115
112
111
128
48
59
131
19
31
80
33
3
95
87
68
14
43
110
59
144
130
54
32
60
79
81
91
66
13
58
122
6
55
64
75
57
50
121
20
101
31
126
9
40
3
40
84
101
141
47
30
128
106
44
9
140
16
81
61
120
97
19
8
137
1
117
139
118
102
25
4
21
138
133
137
20
2
8
15
118
125
141
99
94
129
143
98
10
35
23
95
75
143
26
34
114
79
103
93
48
88
63
109
89
122
136
85
65
62
49
18
52
16
82
119
86
86
50
90
2
78
38
53
18
69
22
22
83
36
105
46
15
29
42
132
92
12
87
142
135
68
123
76
56
121
109
37
104
116
51
144
127
113
94
114
32
30
135
17
5
138
12
107
6
126
28
104
141
51
25
32
7
13
90
62
12
24
37
124
96
121
49
78
106
20
122
65
131
89
66
26
94
51
91
100
112
74
14
74
87
102
140
113
136
114
132
5
46
29
80
68
90
118
29
116
31
63
105
43
125
25
115
67
117
88
130
9
42
52
98
47
70
43
48
67
69
142
40
3
42
76
85
127
55
101
93
91
94
8
27
97
23
98
36
115
105
136
122
125
63
20
120
78
96
53
135
82
22
1
92
99
133
87
3
109
108
56
4
33
139
18
120
103
93
58
26
112
24
22
119
129
85
106
86
10
38
76
83
59
108
143
60
1
59
45
54
34
16
81
28
50
44
50
33
16
54
84
79
88
131
77
31
142
48
44
66
79
18
141
117
17
60
46
119
139
7
95
97
102
144
70
95
121
2
37
123
75
10
65
104
110
101
140
47
36
35
128
109
56
80
73
110
55
35
61
82
134
129
103
13
107
62
72
77
73
64
128
99
89
111
23
137
100
69
81
132
68
92
58
72
15
116
9
75
8
53
123
49
4
83
127
57
39
27
14
130
21
41
64
6
137
57
39
34
40
143
111
144
71
126
134
41
38
118
15
84
19
114
52
124
21
11
19
30
113
86
11
45
71
2
138
133
61
133
134
135
136
137
125
124
112
111
99
100
101
102
103
115
116
104
92
91
79
80
68
69
81
82
70
71
72
84
96
95
83
82
94
93
105
117
129
128
140
141
142
143
144
132
131
119
120
108
107
106
118
130
142
141
140
139
127
126
114
113
112
111
123
122
110
109
97
85
73
74
75
87
88
89
77
78
90
91
92
93
94
106
105
104
103
102
101
100
99
98
86
85
73
61
62
63
64
65
53
41
29
28
40
39
38
37
25
13
14
15
27
26
25
37
49
50
51
52
40
28
16
4
5
6
18
30
42
54
55
56
57
58
59
60
48
36
24
12
11
10
9
21
20
8
7
19
31
43
44
45
33
32
44
45
46
34
22
23
35
47
46
34
33
32
31
43
55
67
66
54
53
65
66
67
68
56
57
58
70
69
81
80
79
78
90
89
88
87
86
74
75
76
77
76
64
52
51
63
62
61
49
50
38
39
27
26
14
15
3
2
1
13
1
2
3
4
5
17
16
17
29
41
42
30
18
6
7
19
20
8
9
21
22
10
11
12
24
23
35
36
48
47
59
60
72
71
83
84
96
95
107
108
120
132
144
143
131
119
118
130
129
117
116
128
127
115
114
113
125
126
138
139
138
137
136
124
123
135
134
122
110
98
97
109
121
133
121
144
132
120
119
131
130
142
143
144
132
120
108
96
84
72
60
48
36
35
34
22
10
9
8
7
6
5
17
16
4
3
15
14
13
25
37
38
26
27
28
29
30
18
19
31
43
42
41
53
65
64
76
77
78
66
54
55
67
79
80
81
93
94
95
107
106
118
117
116
128
140
141
129
117
105
104
103
102
90
91
92
104
105
93
92
91
79
80
68
56
44
32
20
21
33
45
57
69
70
58
46
47
59
71
83
82
70
58
57
45
44
32
31
43
42
41
40
52
51
39
27
28
40
52
64
63
75
87
88
89
101
100
112
111
99
98
110
122
123
124
136
135
134
133
121
109
97
85
86
74
62
50
49
61
73
85
97
98
99
111
112
113
125
137
138
139
127
126
114
115
116
128
129
130
118
106
94
82
81
69
68
56
55
67
66
78
90
102
103
115
127
126
114
113
125
124
123
122
110
109
121
133
134
135
136
137
138
139
140
141
142
143
131
119
107
108
96
95
83
84
72
71
59
60
48
36
35
47
46
34
33
21
22
23
11
23
24
12
24
12
11
10
9
8
20
19
7
6
18
30
29
17
5
4
16
15
3
2
1
13
1
2
14
26
25
37
38
39
51
63
62
50
49
61
73
74
86
87
75
76
88
100
101
89
77
65
53
54
71
6
6
96
67
92
52
49
64
73
3
4
10
106
137
120
10
38
139
99
110
37
27
65
45
78
32
114
144
111
56
16
120
121
134
53
48
62
31
55
2
131
110
28
70
101
63
134
66
5
12
77
35
105
40
57
86
142
121
14
58
30
118
126
61
23
75
95
143
79
83
103
8
26
22
133
62
100
34
101
49
74
40
92
82
31
108
84
77
116
138
141
85
123
33
1
30
119
72
78
50
137
81
105
144
27
114
102
138
119
103
126
81
143
125
125
51
68
128
47
17
76
104
128
136
2
43
19
21
132
47
73
123
59
9
118
50
39
129
69
131
107
36
91
94
122
76
32
86
12
23
95
72
1
127
109
142
79
117
108
80
97
124
129
88
14
42
5
53
42
140
112
75
18
51
60
130
60
26
44
94
102
65
69
84
90
115
36
35
112
24
139
63
22
113
25
54
70
55
19
41
133
20
25
98
90
46
57
58
38
67
7
135
39
20
46
106
98
61
71
56
83
48
66
93
8
34
97
45
18
89
3
43
29
99
80
140
52
15
9
29
87
4
117
28
107
127
135
130
136
141
64
11
41
89
104
96
100
33
13
88
124
116
16
17
91
93
132
59
44
21
113
13
15
115
54
87
7
82
111
68
122
74
37
11
85
24
109
71
80
90
5
3
131
44
8
79
42
85
28
76
78
64
49
66
121
109
109
133
123
16
67
52
47
36
144
38
142
58
131
117
89
1
12
8
21
4
134
45
98
24
53
15
120
22
114
126
92
126
115
19
139
13
6
105
54
4
99
141
7
10
69
86
52
123
121
70
58
46
42
140
119
39
68
110
133
25
20
69
33
95
103
128
130
9
143
143
117
60
11
75
137
81
132
94
32
77
2
72
54
77
10
36
62
20
18
83
55
112
116
120
61
49
138
14
26
45
140
32
129
28
86
56
48
38
106
103
51
34
43
104
33
65
101
125
128
44
127
88
22
62
122
91
59
24
46
17
39
100
64
122
129
26
93
107
61
27
98
101
75
43
55
73
79
17
113
31
53
5
85
135
82
67
41
6
114
97
137
80
37
68
111
2
87
82
110
87
124
40
139
13
57
93
21
50
37
84
125
112
118
66
97
63
35
1
105
72
83
60
135
51
63
136
96
15
113
99
48
3
47
132
19
138
88
111
94
57
23
35
91
50
81
141
84
18
92
90
70
136
116
59
124
104
142
12
23
11
40
73
144
16
127
27
74
102
41
108
134
78
29
107
102
115
106
76
118
100
31
29
89
14
34
71
74
30
65
7
130
96
95
30
108
9
56
25
119
1
13
25
37
49
50
38
39
27
28
40
52
64
76
75
87
88
89
77
78
90
91
103
102
114
115
127
139
138
137
125
126
114
113
101
100
99
98
86
85
97
109
121
133
134
122
123
135
136
124
112
111
110
109
97
85
73
74
62
63
51
39
27
26
14
15
3
4
5
6
18
30
29
41
53
54
66
65
77
89
101
113
112
100
88
76
64
52
40
28
16
17
5
6
7
19
31
43
55
56
57
58
46
45
33
21
9
10
11
23
35
34
22
10
9
8
20
32
44
45
46
47
48
60
72
71
70
69
68
80
92
104
116
128
140
141
142
143
144
132
120
108
107
95
96
84
83
82
81
93
105
106
94
93
105
117
118
119
131
130
129
117
118
106
94
82
81
80
79
67
68
56
55
67
79
91
92
104
116
115
103
102
90
78
66
65
53
41
29
17
18
30
42
54
42
43
44
32
31
19
7
8
20
21
33
34
22
23
35
36
24
12
11
12
24
36
48
60
59
47
59
58
57
69
70
71
72
84
83
95
96
108
107
119
120
132
144
143
131
130
142
141
129
128
140
139
127
126
138
137
125
124
136
135
134
133
121
122
123
111
110
98
99
87
86
74
75
63
51
50
62
61
73
61
49
37
38
26
25
13
14
15
16
4
3
2
1
2
12
24
23
22
34
35
36
48
60
59
71
72
84
83
82
94
95
96
108
107
106
118
130
131
119
120
132
144
143
142
141
140
128
127
115
116
104
105
93
81
80
68
67
55
56
57
69
70
58
46
45
33
21
20
8
9
10
11
12
24
36
35
47
46
45
44
32
31
43
42
30
18
17
5
6
7
19
31
30
29
41
40
28
27
26
14
15
16
4
3
2
1
13
25
37
38
50
49
61
73
85
86
74
62
63
75
76
88
100
112
111
110
109
97
98
99
87
75
63
51
39
40
52
64
65
53
54
66
78
79
91
103
102
90
89
77
76
88
87
99
111
123
122
121
133
134
135
136
137
138
139
140
141
129
117
105
106
94
93
92
104
103
115
114
126
125
113
101
100
112
124
125
124
123
122
121
133
134
135
136
137
138
139
127
126
114
113
101
102
90
89
77
78
66
65
64
52
53
54
55
43
42
41
29
28
27
39
51
50
62
74
86
98
110
109
97
85
73
61
49
37
38
26
25
13
1
2
14
15
3
4
16
17
5
6
18
19
7
8
20
21
9
10
11
23
22
34
33
32
44
56
68
67
79
91
92
80
81
82
83
71
70
69
57
58
59
47
48
60
72
84
96
95
107
108
120
119
131
132
144
143
142
130
118
117
116
128
129
139
54
106
24
23
117
98
80
13
12
142
70
112
79
47
39
77
78
16
50
65
51
127
36
123
13
125
91
24
100
33
46
102
110
23
49
108
17
85
48
2
27
142
90
64
22
118
39
111
43
34
96
37
97
47
86
132
44
108
17
27
138
100
15
93
57
64
10
6
76
124
16
75
102
120
50
43
72
76
101
107
121
94
35
114
138
141
111
117
26
95
104
9
35
38
130
129
93
52
75
45
25
40
134
116
4
82
60
67
122
144
66
79
51
29
132
1
68
97
90
113
18
126
133
62
99
34
8
140
88
91
5
48
84
137
113
7
49
12
116
71
77
3
86
66
56
131
141
61
29
143
22
19
144
63
58
57
122
9
82
42
3
11
84
118
105
78
127
44
69
106
121
56
136
112
65
70
128
30
107
125
42
15
36
92
88
67
96
26
14
53
31
19
40
54
119
20
59
95
25
69
46
129
109
103
81
21
55
133
1
114
62
52
83
81
72
83
126
89
123
135
134
101
124
31
130
20
28
2
136
63
10
73
53
87
58
128
73
74
94
59
143
14
61
55
8
104
32
103
74
71
99
80
18
120
60
4
131
137
98
41
139
7
28
85
32
6
87
21
37
33
140
68
41
105
30
115
5
110
38
11
45
89
135
115
109
92
119
12
141
134
45
127
73
116
101
95
32
25
35
111
78
68
100
113
43
57
137
81
2
109
53
10
121
132
50
111
48
5
26
45
31
88
32
97
29
4
131
105
70
107
73
136
7
9
108
127
72
129
5
135
106
39
125
28
81
130
66
24
83
96
97
75
121
51
8
112
2
22
20
134
144
92
99
85
113
11
59
72
35
103
90
80
10
13
142
55
60
54
123
99
63
36
16
122
98
102
128
133
39
4
62
86
141
27
90
12
8
94
126
104
79
30
118
18
28
114
68
14
105
94
49
142
56
108
56
79
71
44
84
125
101
116
110
42
80
53
63
135
7
74
98
84
38
96
29
48
34
70
19
20
1
140
47
87
27
123
117
143
102
88
22
37
74
18
50
115
66
93
37
15
61
25
17
126
78
75
55
139
19
109
103
40
61
76
13
144
93
69
89
30
21
86
129
139
69
11
64
138
34
64
67
41
119
40
130
51
120
71
36
120
115
31
67
100
26
82
124
77
47
15
3
91
114
17
43
137
128
6
117
38
112
1
46
76
14
3
49
110
41
23
104
106
85
42
131
143
140
122
52
23
107
9
92
83
60
46
132
65
133
119
33
24
54
52
87
136
33
65
62
95
44
138
89
77
58
21
59
57
16
58
118
91
124
82
6
1
2
14
26
27
15
3
4
5
17
18
6
7
19
31
32
20
8
9
21
33
34
35
23
22
10
11
12
24
36
48
60
59
71
70
58
57
45
44
43
55
54
66
65
53
41
42
30
29
28
40
39
38
50
49
37
25
13
1
2
3
15
16
28
40
52
51
63
64
76
75
74
86
85
73
61
62
63
75
87
88
100
99
111
123
122
110
98
97
109
121
133
134
135
136
124
125
137
138
139
140
128
127
126
114
115
103
104
105
106
118
130
142
141
129
117
116
115
114
113
112
100
101
102
90
89
77
78
79
67
68
69
81
80
92
91
103
104
116
117
118
119
131
143
144
132
120
108
96
84
72
60
48
47
46
45
33
32
44
56
57
69
70
82
83
95
94
93
105
106
107
95
107
119
131
143
144
132
120
108
96
84
72
71
83
82
94
93
81
80
92
91
79
78
90
102
101
89
77
65
64
76
88
87
99
111
112
113
125
126
127
128
129
130
142
141
140
139
138
137
136
124
123
135
134
133
121
122
110
109
97
98
86
85
73
74
62
61
49
50
38
37
25
13
14
26
27
39
51
52
53
54
66
67
68
56
55
43
31
19
18
30
42
41
29
17
16
4
5
6
7
8
20
21
9
10
22
23
11
12
24
36
35
34
46
58
59
47
12
24
36
35
34
33
21
20
19
18
6
7
8
9
10
22
23
11
10
9
8
7
19
31
32
44
43
55
54
66
65
77
89
90
91
79
67
68
69
70
82
94
95
83
84
96
108
120
119
118
106
107
108
96
84
72
60
48
47
46
58
59
71
70
58
57
45
44
56
55
67
66
78
77
76
64
52
40
41
29
17
16
28
27
15
14
26
38
37
49
50
51
63
62
61
73
74
86
87
88
100
99
111
123
135
134
133
121
122
110
109
97
85
73
61
49
37
25
13
1
2
3
4
5
6
18
30
42
54
53
65
64
76
75
87
88
100
112
124
125
126
114
113
101
102
103
115
127
139
140
128
116
104
92
80
81
93
105
117
129
130
131
132
144
143
142
141
140
139
138
137
138
126
127
115
116
128
129
141
142
130
131
143
144
132
120
119
107
106
118
117
105
93
94
95
83
82
81
69
57
56
68
80
92
104
103
91
79
78
90
89
101
102
114
113
125
137
136
135
136
124
112
111
123
122
134
133
121
109
110
98
99
98
97
85
86
74
75
63
62
50
38
39
27
15
14
26
25
13
1
2
3
4
5
17
16
28
40
39
51
52
53
41
29
30
42
43
31
32
33
45
46
34
35
47
59
71
72
60
48
36
24
12
11
23
22
21
20
