##Rat 7 Day 33
 ##rewards
62
51
129
##Vertices
133
121
109
110
98
97
85
86
87
75
76
77
78
66
54
55
56
57
69
81
93
105
117
116
104
103
91
90
89
101
113
114
102
103
115
127
126
138
139
140
141
129
130
131
143
144
132
120
119
118
106
107
108
96
84
72
71
59
47
35
34
46
45
33
21
20
19
7
8
9
10
22
23
24
36
48
60
72
84
83
82
94
95
96
108
120
119
107
95
83
82
70
58
46
34
33
32
44
43
31
30
18
6
5
17
16
4
3
2
1
13
25
37
38
39
51
50
62
74
73
61
49
37
25
26
14
15
27
28
40
52
64
65
53
41
42
30
29
41
53
52
51
63
64
65
66
67
79
80
92
91
79
78
77
76
88
100
99
111
112
124
125
137
136
135
123
122
134
135
136
124
123
111
110
122
134
133
121
109
97
85
86
98
99
100
112
113
101
102
90
89
88
87
75
63
62
74
73
61
49
50
38
26
27
39
40
28
29
17
16
15
14
13
1
2
3
4
5
6
18
19
7
8
20
21
9
10
22
23
11
12
11
12
24
36
35
47
48
60
59
71
70
58
57
45
44
32
31
43
42
54
55
67
68
56
68
69
81
80
92
93
94
106
105
104
116
115
114
126
125
137
138
139
127
128
140
128
129
117
118
130
142
141
142
143
144
132
131
1
2
3
15
16
4
5
17
29
30
42
54
66
67
68
80
92
104
103
102
101
100
99
87
88
76
77
65
53
52
51
63
64
76
75
74
62
61
73
85
97
98
110
122
121
133
134
135
123
111
112
124
136
137
138
139
127
128
129
130
118
117
105
106
107
95
83
84
96
108
120
119
131
143
142
141
140
139
138
126
114
113
125
137
136
135
123
124
125
126
114
115
116
117
118
106
94
93
81
82
70
71
72
60
59
47
48
36
24
12
11
10
9
21
33
32
20
19
18
6
7
8
9
10
22
23
35
34
46
45
44
43
55
56
57
69
70
58
57
56
44
32
31
43
55
67
79
78
90
89
77
78
66
54
42
41
40
28
27
39
38
50
49
37
25
26
14
13
25
37
38
26
27
15
14
13
1
2
3
4
5
17
16
28
40
39
51
52
64
65
53
41
29
30
31
19
18
6
7
8
20
21
22
34
33
45
46
58
59
47
35
23
11
12
24
36
48
60
72
71
83
84
96
95
107
108
120
119
131
132
144
132
144
143
142
130
129
141
140
128
127
115
116
104
105
93
94
82
81
69
68
80
79
91
92
91
103
102
90
89
101
113
112
100
88
87
75
63
62
50
49
61
73
74
86
85
86
98
99
111
110
109
97
109
121
133
134
122
24
15
29
83
80
28
138
51
68
6
107
94
47
108
84
49
53
4
135
60
17
27
125
58
144
95
118
3
72
62
74
144
97
10
7
135
114
143
67
115
68
114
52
100
38
139
85
98
129
82
94
11
9
5
11
86
81
5
64
105
90
43
52
141
117
20
99
49
41
116
136
78
47
25
77
133
25
72
16
91
4
87
125
106
128
14
121
33
61
96
20
39
35
12
134
132
1
31
42
15
130
113
77
76
53
6
57
45
43
138
115
137
45
82
32
143
75
105
79
44
129
57
124
131
14
139
103
50
110
96
79
46
40
61
41
102
44
101
123
10
66
29
110
26
64
117
42
23
30
130
7
121
66
28
108
67
83
81
141
34
75
22
18
133
128
51
30
63
132
58
123
37
97
111
111
99
84
119
31
118
2
127
36
124
54
19
120
104
142
54
107
126
73
55
86
27
39
48
21
50
56
35
88
87
71
19
92
23
112
136
142
65
71
91
69
122
131
59
140
89
56
98
100
65
46
113
112
89
34
13
8
69
70
2
126
32
55
60
103
127
63
93
95
26
13
102
40
16
18
62
92
120
140
101
90
17
59
3
88
106
74
109
12
122
93
80
134
109
36
1
24
38
137
70
9
33
73
85
37
119
8
78
22
76
104
21
48
116
16
119
23
7
126
135
70
106
110
21
80
61
68
10
65
77
60
129
127
15
123
56
84
48
104
45
97
81
17
69
114
123
120
137
85
38
26
51
113
22
26
39
27
64
47
25
143
6
50
92
95
139
30
75
72
18
131
130
23
97
47
117
22
35
101
96
2
21
62
1
83
13
41
144
20
42
54
15
8
5
29
46
88
43
125
99
90
49
73
103
116
63
70
102
3
57
54
108
143
37
38
33
106
104
92
138
89
67
49
99
31
120
112
128
44
55
110
7
108
28
62
115
46
82
31
87
71
37
67
74
19
51
13
32
135
5
39
129
109
95
59
144
1
75
141
121
42
125
100
101
58
141
34
72
116
58
107
86
85
40
133
12
79
73
52
115
18
83
11
19
16
32
56
40
124
96
112
9
137
8
118
66
122
25
53
76
3
36
57
127
105
4
14
41
63
114
33
142
34
9
122
36
45
139
65
93
11
105
82
29
50
52
131
136
107
17
126
66
88
134
118
24
81
132
136
130
69
89
100
109
94
124
53
43
132
91
98
74
12
111
78
77
134
128
4
102
78
87
140
140
133
68
94
90
121
20
61
24
98
84
86
35
27
138
28
2
142
71
111
80
117
44
64
113
59
48
103
79
10
93
76
60
119
55
14
30
6
91
144
143
142
141
140
128
116
115
127
139
138
126
114
102
90
91
103
104
105
117
129
130
131
132
120
119
118
106
94
95
96
108
107
106
94
82
70
69
81
93
92
80
68
67
79
78
66
65
64
52
40
41
53
54
42
30
29
17
18
6
5
4
3
15
16
28
27
39
38
37
25
13
14
26
25
37
49
50
51
63
62
74
86
98
97
85
73
61
49
50
38
39
51
52
40
28
29
30
31
19
7
8
9
21
20
32
33
45
57
56
55
43
44
45
46
58
59
71
83
84
72
60
48
47
35
36
24
23
11
10
22
34
46
58
57
69
81
93
105
104
116
115
103
102
101
100
99
87
75
76
77
89
88
87
99
111
112
113
125
124
136
135
123
122
134
133
121
109
110
111
112
124
123
135
134
133
121
122
110
109
97
98
86
85
73
61
62
74
75
63
64
65
53
41
42
54
55
56
68
67
66
78
79
80
92
91
90
89
77
76
88
100
101
113
114
126
125
137
136
137
138
139
127
128
140
141
142
130
129
117
118
119
131
143
144
132
120
108
107
95
96
84
83
82
70
71
72
60
59
47
48
36
35
23
22
34
33
21
20
32
44
43
31
19
18
17
16
15
27
26
14
2
1
13
1
2
3
4
5
6
7
8
9
10
11
12
24
12
12
24
36
48
60
59
58
70
71
72
84
83
82
81
80
68
69
57
45
46
47
35
23
11
10
22
34
33
32
20
8
9
21
33
32
31
30
42
43
44
56
55
54
66
67
79
78
90
102
101
100
88
89
77
76
75
87
86
74
73
85
97
109
110
98
99
111
112
124
136
135
134
122
123
135
136
137
125
113
114
126
127
128
129
141
140
139
138
137
125
124
112
113
101
100
99
87
75
63
62
61
49
37
38
50
51
39
40
41
53
65
64
52
40
28
29
17
18
19
7
6
5
4
16
15
3
2
14
13
25
26
27
28
29
41
42
43
44
45
57
58
70
69
81
93
105
117
116
115
103
91
92
104
116
117
118
106
94
95
107
108
120
119
131
132
144
143
142
130
118
106
107
119
120
132
144
143
131
130
142
141
129
128
140
139
138
126
127
115
114
102
90
89
88
76
77
65
53
54
66
78
79
67
55
56
68
80
92
91
103
104
105
93
94
82
83
95
96
108
96
84
72
71
59
60
48
36
35
47
46
34
22
23
24
12
11
10
9
21
20
8
7
19
31
30
18
6
5
17
16
4
3
15
14
26
27
39
38
50
51
52
64
63
62
74
86
98
110
111
123
122
121
133
134
133
121
109
97
85
73
61
49
37
25
13
1
2
1
123
8
92
122
26
70
82
114
10
106
63
61
36
19
20
144
85
81
18
59
106
91
34
116
19
42
55
66
109
47
127
40
21
53
137
143
125
136
71
33
2
12
9
144
139
4
48
54
69
101
35
30
49
78
14
97
30
98
104
136
95
12
110
73
128
61
111
86
119
83
115
63
122
124
132
124
59
58
138
141
36
121
87
10
41
137
53
23
27
142
65
113
134
76
46
67
103
3
138
101
118
50
17
96
131
123
39
128
139
129
100
16
50
7
87
35
79
135
127
58
69
76
108
92
89
94
62
115
77
45
81
29
45
141
107
78
28
43
22
26
119
84
133
37
43
133
107
40
20
134
44
51
60
34
116
88
129
110
18
68
96
140
95
112
77
112
3
91
103
80
125
31
15
25
44
84
132
57
89
72
130
65
85
72
68
9
15
105
118
82
62
38
97
102
24
90
121
131
130
27
17
142
135
117
73
1
29
56
111
74
52
109
51
52
4
7
114
99
23
5
24
56
93
64
5
38
108
6
60
100
55
16
37
33
11
104
117
86
74
90
46
143
54
22
75
88
42
6
83
11
57
94
120
79
48
31
1
32
80
120
39
8
99
102
13
14
49
75
21
64
47
105
13
41
126
67
71
25
2
66
140
28
70
126
98
32
93
113
105
59
57
143
81
28
119
126
7
62
58
3
50
117
86
129
20
3
112
70
10
71
61
4
116
2
75
93
24
32
41
54
34
125
98
76
97
112
63
88
37
30
117
95
2
41
49
9
60
33
62
94
44
73
17
137
14
30
102
67
89
71
116
11
31
79
127
72
61
8
59
85
13
121
67
56
1
11
134
79
7
77
69
24
132
127
54
141
128
128
40
104
15
108
122
60
12
47
42
4
45
66
46
31
18
110
135
78
44
92
113
35
142
115
100
26
84
56
142
118
18
126
136
120
38
68
111
68
86
109
114
51
23
9
20
131
105
77
124
35
15
52
98
23
16
144
124
25
27
109
74
45
21
43
137
115
93
78
88
143
58
100
19
28
118
81
97
34
25
14
75
17
12
76
141
104
80
107
123
70
84
53
72
99
94
87
65
55
132
64
87
38
47
19
39
26
46
39
101
13
82
96
40
22
133
91
33
91
5
111
66
29
27
114
107
133
138
50
139
138
5
106
55
6
51
131
113
99
110
130
37
129
36
36
101
57
48
103
144
90
95
123
96
48
120
83
85
52
49
6
65
64
74
69
8
80
10
92
130
140
136
134
83
29
108
139
16
82
53
43
125
63
106
122
42
21
90
32
1
140
135
73
121
103
89
22
102
119
1
13
25
37
38
39
51
50
49
61
73
85
97
98
86
87
99
111
112
124
123
122
134
133
121
109
110
111
112
100
88
76
75
63
62
74
73
61
49
37
25
26
14
2
3
4
5
6
7
19
20
8
9
10
11
12
24
36
35
47
48
60
72
84
83
71
59
58
57
56
44
43
31
30
18
17
16
15
27
28
29
41
40
52
64
65
53
54
55
67
79
80
81
82
94
93
92
91
90
102
101
113
125
137
138
139
140
128
116
115
127
126
114
113
101
89
77
78
66
65
64
52
53
41
42
30
31
32
33
21
22
34
46
45
44
32
33
45
57
69
68
80
92
104
103
102
114
115
103
104
105
106
107
119
118
130
142
141
129
117
105
93
94
95
96
108
120
132
131
143
144
143
144
132
131
119
120
108
107
106
118
130
142
141
129
117
116
128
140
139
127
126
138
137
125
124
136
135
136
135
123
122
134
133
121
109
110
98
97
85
86
87
99
100
88
89
90
91
79
67
68
56
55
43
42
54
66
78
77
76
75
74
62
63
51
50
38
26
14
13
1
2
3
15
27
39
40
28
29
17
16
4
5
6
18
19
7
8
20
21
9
10
11
23
22
34
46
47
59
58
70
69
81
82
70
71
83
95
96
84
72
60
48
36
35
23
24
12
12
11
10
9
21
33
32
20
8
7
6
5
4
16
17
29
28
27
39
38
26
14
13
1
2
3
15
27
39
40
41
42
30
31
19
18
6
7
8
9
10
22
23
24
36
48
60
72
84
83
95
96
108
120
132
144
143
142
130
129
141
140
139
138
126
127
128
116
104
92
93
81
82
70
71
59
47
35
34
46
58
57
45
44
43
55
56
68
80
79
78
90
102
114
113
101
89
77
65
64
52
51
50
49
61
73
85
86
87
75
74
62
63
51
52
53
54
66
67
55
43
44
56
57
69
70
82
94
106
107
119
118
117
105
93
94
106
105
104
103
91
90
89
88
76
64
63
75
76
88
100
112
124
123
111
110
109
97
98
99
100
101
113
125
137
136
135
134
122
121
133
121
133
134
122
123
135
136
124
112
111
110
109
97
98
99
87
86
85
73
74
62
61
49
50
38
37
25
37
25
26
14
13
1
2
3
15
16
4
5
17
29
28
40
41
53
65
77
78
79
91
92
80
81
69
68
67
66
54
42
30
18
19
31
32
20
21
22
23
11
12
24
36
35
34
33
45
46
58
59
47
48
60
72
71
83
84
96
95
107
108
120
132
131
119
118
117
129
128
116
115
103
102
114
115
127
126
125
137
138
139
140
141
142
130
131
143
144
84
39
120
1
13
68
14
38
50
78
18
11
51
10
124
38
142
108
140
97
53
125
19
47
119
64
2
89
41
132
29
99
23
7
3
69
118
144
35
118
37
17
3
100
29
79
116
140
68
78
72
27
99
8
109
12
130
137
131
16
18
84
111
45
82
83
56
102
128
127
41
61
35
62
101
90
89
133
98
82
83
128
131
32
40
45
55
48
92
15
108
44
47
23
115
80
105
87
91
24
32
26
71
130
2
60
22
24
100
28
8
9
30
120
139
95
129
33
73
40
76
132
102
6
25
70
11
57
67
95
88
125
63
52
111
37
141
135
77
53
93
61
39
122
87
75
124
88
109
22
65
27
52
85
123
117
96
134
138
6
129
58
94
30
64
54
92
144
80
66
46
4
60
127
119
107
42
76
66
143
114
107
126
63
15
46
59
143
81
117
5
21
90
72
116
19
86
4
50
55
5
113
91
121
10
106
56
79
20
74
137
141
42
62
112
110
101
7
54
77
85
59
136
105
73
16
31
58
34
34
106
138
57
49
103
51
26
48
43
114
74
113
94
97
36
133
81
96
12
70
25
139
103
9
49
71
43
17
104
104
67
69
98
65
121
115
14
123
13
33
112
44
134
86
21
136
142
20
36
31
135
1
122
28
75
110
93
126
4
24
66
42
127
55
26
2
25
80
113
107
141
72
130
53
77
120
110
34
25
76
8
16
32
22
112
64
104
2
37
92
44
10
56
109
9
5
87
109
43
98
69
134
73
91
103
95
70
16
11
14
111
42
51
139
19
60
19
108
82
9
123
62
67
105
7
35
53
136
132
122
84
130
116
142
45
15
85
75
60
20
95
93
1
23
129
104
32
94
65
102
66
92
118
128
58
48
5
115
126
119
85
44
54
68
4
93
39
120
137
88
142
21
81
28
26
135
140
96
74
124
140
1
131
30
114
97
6
29
31
57
139
61
117
70
12
20
21
134
126
49
91
33
86
45
144
106
40
6
108
125
75
78
13
87
78
55
48
58
107
43
65
106
122
89
36
99
86
64
3
3
30
49
59
51
27
17
8
39
79
67
94
101
105
99
132
121
23
123
88
52
117
37
73
77
102
33
47
138
38
144
15
31
141
90
81
143
100
137
90
63
133
47
74
22
84
80
100
41
111
101
24
13
115
119
61
131
17
96
68
118
28
38
127
10
18
138
46
136
29
62
11
59
89
113
128
50
54
35
46
41
112
36
76
129
125
121
135
72
34
57
18
116
114
69
40
82
79
83
27
52
12
50
63
110
14
56
71
124
7
71
143
98
103
83
97
133
