##Rat 3 Day 47
 ##rewards
127
116
38
##Vertices
1
2
3
4
16
28
29
17
5
6
7
8
9
21
20
32
33
34
46
47
35
23
24
12
11
10
22
34
46
45
44
43
31
30
18
19
7
6
5
4
3
15
14
13
25
37
49
61
73
74
86
85
97
109
121
133
134
135
123
124
136
137
138
139
127
126
125
113
101
89
88
76
75
63
62
50
38
26
27
39
51
52
40
41
42
54
53
65
77
78
79
91
103
115
116
104
92
80
68
69
57
58
59
60
72
84
96
95
94
82
83
71
70
58
57
56
55
67
66
54
42
41
53
52
64
63
75
87
99
98
110
111
112
100
88
87
99
100
101
102
90
91
92
93
81
69
70
82
81
93
105
117
129
130
118
119
120
108
107
106
105
104
116
128
140
141
142
143
131
132
144
132
144
143
131
130
142
141
129
117
118
119
120
108
107
106
94
95
96
84
83
71
72
60
59
47
48
36
48
36
35
23
24
12
11
10
22
21
9
8
20
32
33
45
44
56
68
80
79
78
90
89
77
76
64
65
66
67
55
43
31
19
18
30
29
17
16
15
14
2
1
13
25
26
27
28
40
39
51
50
38
37
49
61
62
74
73
85
86
98
97
109
121
122
110
111
112
124
125
113
114
102
103
115
114
126
127
128
140
139
138
137
136
135
123
122
134
133
133
121
109
97
98
99
87
86
85
73
61
49
37
38
50
51
39
27
28
16
15
14
2
1
13
25
26
27
28
40
52
64
63
75
74
62
61
73
85
97
109
110
122
134
135
136
137
138
139
127
128
140
141
142
143
144
132
120
119
107
108
96
84
72
71
83
95
94
93
92
104
103
115
114
126
125
124
123
111
112
113
101
100
88
76
77
89
90
91
79
67
68
69
70
58
57
56
55
54
42
41
29
17
5
6
7
8
20
32
31
19
18
30
29
41
53
65
66
78
77
76
88
89
101
102
114
115
116
117
129
130
118
106
105
104
116
117
105
93
81
80
68
56
44
43
42
30
31
43
44
45
46
47
35
34
22
10
9
21
33
45
57
58
59
60
48
36
24
23
11
12
11
12
24
23
35
36
48
47
46
34
22
10
9
21
33
32
20
8
7
19
18
6
5
17
16
4
3
4
3
15
14
2
1
13
25
26
38
37
49
50
51
39
40
52
53
54
55
67
79
80
92
91
103
102
90
78
66
65
64
63
62
74
75
87
86
98
110
122
121
133
134
135
123
111
99
100
112
113
125
124
136
137
138
126
127
139
140
128
129
141
142
143
131
130
118
106
107
95
94
82
81
69
70
82
83
71
59
60
72
84
96
108
120
119
131
132
144
21
48
106
55
90
18
84
115
50
72
129
41
133
23
48
14
132
25
109
121
115
12
87
128
35
105
20
89
58
103
68
32
99
29
53
54
130
49
67
38
73
41
143
98
140
95
137
30
81
61
62
24
51
112
93
81
74
106
112
107
128
93
143
73
90
94
32
3
46
12
22
91
94
76
42
42
102
99
9
139
116
67
139
64
77
82
130
59
7
59
83
82
144
119
1
96
19
111
34
141
72
138
21
138
127
78
95
56
26
110
69
6
86
105
16
49
107
60
31
123
47
45
118
122
80
7
131
108
133
43
65
129
142
111
76
140
85
36
8
40
10
116
131
18
137
17
113
83
52
11
135
16
37
45
28
117
33
86
78
66
126
110
88
50
25
74
134
2
124
22
101
20
77
6
125
2
47
37
91
61
5
135
96
62
30
66
103
27
75
92
11
46
97
114
125
118
88
85
27
144
36
79
29
92
56
122
68
75
3
113
100
17
13
89
101
65
4
136
97
64
63
33
58
120
8
52
1
108
44
40
26
57
84
19
35
5
44
119
69
141
57
34
14
39
15
104
114
134
100
71
24
60
13
31
4
132
102
71
104
136
51
87
70
38
109
54
117
123
126
79
23
127
80
120
43
124
39
70
55
98
121
53
28
9
15
10
63
142
20
65
88
9
48
46
63
64
106
135
134
119
8
140
101
72
84
24
58
71
30
11
15
143
61
64
28
61
82
93
123
114
118
36
12
100
54
137
50
125
10
114
96
19
78
82
15
33
35
49
31
84
6
73
122
5
86
50
123
97
24
29
99
141
95
139
3
111
139
108
131
133
115
4
58
62
16
85
43
73
127
22
81
18
112
113
60
102
40
32
91
76
101
7
25
21
116
137
68
47
69
9
59
32
127
85
80
74
8
26
86
87
2
17
142
70
41
34
144
57
22
71
87
67
142
108
138
59
111
107
126
105
89
80
116
6
42
96
132
98
38
120
18
103
20
1
53
105
39
55
77
39
115
107
25
89
54
52
134
90
63
47
97
79
128
57
56
112
38
2
122
121
23
133
109
34
67
119
19
51
66
118
126
55
14
130
23
4
66
83
103
74
141
136
28
95
75
51
104
131
37
13
117
56
44
124
128
69
17
3
41
117
48
77
68
53
5
130
26
132
46
125
106
88
109
14
76
16
120
45
72
110
30
129
52
35
36
136
129
94
40
93
79
43
99
83
11
102
44
70
13
78
60
143
110
21
27
92
1
90
62
135
92
27
94
65
29
98
124
7
113
138
10
75
91
42
49
100
144
81
31
45
37
12
104
121
33
140
144
132
131
130
129
141
142
143
144
132
120
108
96
95
94
93
81
82
70
69
68
80
92
91
79
67
66
54
55
43
42
41
29
30
31
19
18
6
5
17
16
4
3
15
27
28
40
39
38
26
14
2
1
13
25
37
49
61
62
74
75
87
86
98
110
122
134
133
121
109
97
85
73
61
49
50
51
63
64
76
77
65
53
52
64
65
66
78
90
102
101
113
125
124
112
100
99
111
123
135
136
137
138
139
127
126
114
115
103
104
105
106
107
119
118
117
116
128
140
139
138
137
136
124
125
126
114
113
112
100
88
89
101
102
103
104
105
93
94
82
83
84
72
71
59
60
48
47
35
36
24
23
11
10
22
34
46
45
44
56
57
58
46
34
33
21
9
8
7
6
5
4
16
28
27
26
14
15
3
2
1
13
25
37
38
39
51
50
62
63
75
74
73
85
86
98
97
109
121
133
134
135
123
122
110
111
99
87
88
76
77
89
90
78
79
91
92
80
81
69
57
45
44
56
68
67
55
54
53
52
40
41
29
17
18
30
42
43
31
32
33
32
20
19
7
8
20
21
9
10
22
23
35
47
59
58
70
71
83
95
107
106
118
117
116
115
127
128
140
141
129
130
142
143
131
119
120
108
96
84
72
60
48
36
24
12
11
12
12
11
23
35
47
48
36
24
12
11
10
9
8
20
32
44
43
31
30
42
54
55
56
68
67
66
78
77
65
64
76
88
87
75
63
62
74
73
85
86
98
97
109
110
111
99
100
112
124
123
122
121
133
134
135
136
137
138
126
127
115
116
128
129
130
131
132
144
143
142
141
140
139
138
137
125
113
114
102
103
91
90
89
101
102
90
78
79
80
81
93
94
95
107
106
105
117
118
119
120
108
96
84
72
71
83
82
70
69
57
45
33
21
22
34
46
58
59
60
72
84
96
108
107
95
83
82
94
106
105
104
92
93
81
69
57
45
44
32
31
19
7
6
18
17
5
4
16
15
3
2
14
13
25
26
27
28
40
52
53
41
29
28
27
39
38
37
49
61
73
85
97
98
99
111
123
122
110
109
121
133
134
135
136
124
112
113
125
126
114
115
127
139
140
128
129
141
142
143
144
132
120
119
131
130
118
117
116
104
103
91
92
80
79
67
68
56
55
43
42
41
40
52
53
54
66
65
77
89
101
100
88
87
86
74
75
76
64
63
51
39
51
50
62
61
49
50
38
37
25
26
14
15
16
17
29
30
18
19
20
21
33
34
46
58
70
71
59
60
48
47
35
36
24
23
22
10
9
8
7
6
5
4
3
2
1
13
1
140
139
104
57
112
72
41
26
98
102
31
60
16
13
37
35
61
108
29
69
117
3
36
48
103
77
94
55
144
16
4
59
21
81
97
44
1
75
80
131
14
54
63
95
43
57
61
82
12
66
119
78
97
122
121
99
133
114
114
35
69
138
4
91
106
124
1
54
106
140
104
115
5
23
111
6
6
67
141
143
15
141
10
111
19
123
125
18
93
90
132
92
11
34
9
30
62
2
133
85
130
126
100
9
46
131
41
45
51
12
115
126
49
56
123
78
27
38
25
124
46
135
21
10
142
45
100
20
92
91
83
127
51
71
125
68
86
113
3
82
134
116
84
33
47
67
73
39
139
105
22
7
89
18
66
68
38
73
108
79
132
5
116
79
137
50
17
81
105
60
109
117
58
107
109
107
8
28
56
99
7
40
110
36
88
120
8
85
62
32
25
77
129
40
14
31
101
48
87
129
13
49
103
2
143
90
89
44
59
47
33
80
110
127
74
70
24
94
64
53
11
52
118
72
83
134
101
42
50
27
64
76
86
71
19
75
29
102
26
70
34
136
95
63
120
118
24
15
128
42
93
128
84
76
32
30
130
87
96
28
96
58
65
52
138
113
122
142
74
20
55
23
17
39
121
37
137
135
43
112
144
22
88
119
136
53
65
98
71
53
61
136
34
67
138
56
80
99
49
5
100
46
54
59
128
130
112
94
12
24
42
137
104
18
10
13
135
85
38
126
101
73
18
2
32
93
59
54
44
142
136
127
94
109
95
43
88
37
114
20
2
124
36
132
3
80
138
97
62
44
128
91
90
47
61
52
102
40
87
47
64
41
58
27
77
29
13
16
81
76
70
141
95
15
39
121
109
31
7
7
92
130
144
88
75
86
125
85
27
84
107
74
78
93
117
48
120
123
17
115
66
129
23
19
144
28
101
60
5
106
24
20
114
8
140
39
4
9
132
77
14
28
21
58
121
71
113
65
63
103
75
78
74
63
122
34
102
72
103
79
65
70
127
8
60
55
56
110
139
84
125
67
131
25
62
120
90
86
6
33
55
91
48
96
119
49
32
112
72
99
43
50
17
10
14
31
35
83
16
57
110
143
57
22
6
50
1
134
76
131
111
126
15
89
64
129
25
98
46
134
9
92
111
124
38
69
135
98
53
69
119
133
100
104
68
89
33
68
36
37
116
41
118
108
133
82
137
30
11
139
115
23
1
122
4
113
97
143
11
96
107
108
82
106
26
123
42
141
142
19
105
26
35
87
40
51
30
140
45
51
83
116
117
105
52
22
45
73
21
12
118
29
81
79
3
66
133
121
122
123
135
136
137
138
139
140
141
142
130
129
117
105
104
92
93
94
82
83
84
72
60
59
47
48
36
35
23
24
12
11
10
9
21
33
45
44
56
57
58
46
34
22
10
9
8
20
32
31
43
55
67
68
69
81
80
79
91
103
102
114
115
116
128
127
126
125
113
101
100
99
87
86
85
73
74
62
61
49
50
38
37
25
13
14
15
3
4
5
6
7
19
18
17
16
28
40
52
64
63
51
39
27
26
25
37
49
61
73
85
97
109
110
98
99
111
112
124
136
137
125
113
114
102
90
78
66
65
77
76
75
74
62
50
38
26
27
39
51
63
64
52
53
41
29
30
42
54
55
67
79
91
103
104
105
106
118
119
131
132
120
108
107
95
96
84
72
71
83
95
96
108
107
119
120
132
144
143
144
143
131
130
142
141
140
139
138
126
127
115
116
128
129
117
118
106
94
93
92
80
81
82
70
71
59
60
48
47
46
58
70
69
68
56
57
45
33
34
35
36
24
12
11
23
22
21
20
8
7
6
18
19
31
32
44
43
42
30
29
17
5
4
3
2
1
13
1
2
14
15
16
28
40
41
53
54
66
65
77
78
90
89
88
100
112
124
123
111
110
122
134
135
134
133
121
109
97
98
86
87
75
76
88
89
101
1
2
14
26
25
37
49
61
62
63
64
65
77
78
90
89
101
113
114
102
103
91
79
80
92
93
94
82
83
84
72
60
48
36
35
34
33
32
20
8
9
21
22
23
11
12
24
36
48
47
59
71
70
69
81
93
105
106
118
117
129
128
127
126
138
139
140
141
142
130
131
143
144
132
120
108
96
95
107
119
118
106
94
82
81
69
57
58
46
45
44
43
55
54
66
67
68
56
57
45
44
32
31
30
29
17
18
19
7
6
5
4
16
15
3
4
5
17
29
28
27
39
51
50
38
37
49
61
73
74
75
76
88
100
99
111
110
109
97
98
86
85
97
109
121
133
134
122
123
135
136
137
125
124
112
113
114
115
116
104
103
102
101
89
90
78
66
54
42
41
40
52
40
41
53
52
53
65
77
76
64
63
51
39
27
28
16
15
3
2
14
13
1
13
25
26
38
50
62
74
73
85
86
87
75
87
88
100
99
98
110
122
121
133
134
135
123
111
112
124
136
137
125
126
138
139
140
128
127
115
116
104
105
117
129
141
142
130
131
143
144
132
120
119
107
108
96
95
83
84
72
60
59
71
70
58
46
47
35
23
24
12
11
10
9
10
22
34
33
21
20
8
7
6
18
19
31
30
42
43
55
67
79
91
92
80
68
56
120
47
97
21
16
20
86
1
58
116
131
50
129
124
6
67
9
125
70
100
15
29
68
75
118
82
128
105
118
30
102
90
84
131
73
142
97
92
15
85
103
143
91
4
84
35
123
19
104
77
79
14
94
56
39
119
83
136
105
98
51
63
68
75
134
50
104
110
27
27
54
117
86
124
26
1
2
99
115
5
130
42
140
114
24
49
64
135
106
41
65
36
14
123
98
4
113
25
55
133
96
43
76
137
101
110
121
63
82
37
80
34
8
3
126
53
46
88
57
115
39
7
34
25
7
107
38
48
116
58
67
113
42
102
33
144
60
32
21
99
9
100
143
38
72
76
95
22
56
28
40
13
10
36
23
138
93
44
94
144
90
71
119
141
79
18
138
66
54
55
62
111
48
136
141
65
52
47
96
117
107
61
2
126
89
66
5
95
10
135
140
61
108
19
52
33
40
112
81
139
31
12
22
112
132
13
6
108
122
12
31
64
57
8
101
83
3
62
18
17
51
89
46
114
71
111
80
43
23
130
125
78
41
45
59
53
109
17
20
121
93
88
28
32
103
77
44
70
106
11
137
128
85
87
60
139
127
78
127
72
35
69
26
30
122
73
92
129
109
142
132
81
11
69
87
74
59
91
49
16
74
134
29
37
133
120
45
24
123
54
144
23
66
23
132
71
90
102
39
19
80
142
35
110
65
105
60
93
20
129
21
81
61
102
142
133
89
134
72
138
85
63
90
123
51
117
59
144
38
28
1
22
120
65
24
99
69
12
47
16
76
61
45
64
137
81
106
117
122
44
44
116
140
88
136
32
127
129
78
70
37
140
89
104
134
39
118
82
73
94
103
66
33
139
11
96
80
56
126
3
141
18
79
15
93
12
50
4
63
29
33
46
59
100
28
139
64
136
8
97
5
55
4
105
101
122
49
73
48
19
84
14
53
53
120
37
75
52
119
119
113
15
13
143
62
115
112
104
68
124
125
126
58
40
43
77
78
135
75
72
43
17
32
42
143
7
11
2
98
8
83
56
36
30
111
34
21
51
110
86
133
68
96
100
135
95
55
107
74
24
7
91
1
26
6
85
71
41
84
10
35
38
131
17
113
83
13
98
108
101
67
97
3
30
109
26
70
94
52
22
112
34
41
130
95
10
99
20
40
9
16
45
116
5
58
57
127
137
18
6
87
128
69
60
130
115
118
124
141
138
103
121
88
106
46
76
77
50
42
114
57
36
121
27
125
14
67
114
92
74
87
92
47
128
131
91
54
25
31
79
111
27
48
25
62
9
108
82
107
132
109
86
2
29
49
31
