##Rat 5 Day 21
 ##rewards
74
87
21
##Vertices
133
134
122
110
109
97
85
73
74
75
76
77
65
66
54
53
41
29
30
42
43
55
67
68
56
57
58
70
71
72
84
96
108
120
119
118
117
116
128
140
141
129
130
131
143
144
132
120
108
107
95
83
82
81
69
57
45
46
34
33
21
20
19
18
6
7
8
9
10
22
23
11
12
24
36
48
60
59
47
35
34
46
58
70
69
81
93
94
106
105
104
103
91
90
78
79
80
92
93
105
104
116
115
114
113
125
126
127
139
138
137
136
124
123
135
136
137
125
113
112
111
99
87
86
98
97
85
73
61
62
63
64
52
40
39
27
26
25
37
38
50
49
37
25
13
1
2
14
15
3
4
5
17
16
28
29
30
31
32
44
43
42
41
53
54
66
78
90
102
101
100
88
100
101
89
88
89
77
65
64
76
75
87
99
111
112
124
123
135
134
122
121
133
121
109
110
98
86
74
62
61
49
50
51
63
51
52
40
39
38
26
14
13
1
2
3
15
27
28
16
4
5
17
18
6
7
8
20
19
31
32
44
45
33
21
9
10
22
23
11
12
24
36
35
47
48
60
59
71
72
84
96
95
83
82
94
106
107
119
131
132
144
143
142
141
142
130
118
117
129
128
140
139
138
126
127
115
114
102
103
91
79
67
55
56
68
80
92
1
13
14
15
3
4
5
6
7
8
9
10
22
21
33
45
44
56
57
58
70
71
72
84
96
95
107
108
120
119
131
132
144
143
142
141
129
117
105
104
92
93
94
106
118
130
142
141
140
128
116
115
103
91
79
80
81
69
68
67
55
43
42
30
31
32
20
19
18
17
29
41
40
39
51
50
49
61
62
74
73
85
86
98
97
109
121
122
123
135
136
137
138
139
127
126
125
124
112
100
88
76
75
87
99
111
110
109
97
85
73
61
49
37
25
26
38
39
27
28
16
4
5
17
29
30
42
54
66
78
77
65
64
63
62
74
86
98
110
111
99
87
75
76
88
89
101
113
114
102
90
91
79
67
55
43
44
45
46
34
35
23
24
36
48
47
59
60
72
84
83
71
59
60
48
47
35
36
24
12
11
12
11
23
22
10
9
8
7
6
18
19
31
32
20
21
33
34
46
58
57
56
68
69
70
82
83
95
96
108
107
106
94
82
81
80
92
93
105
117
118
119
120
132
144
143
131
130
129
128
140
139
138
126
127
115
116
104
103
102
114
113
125
137
136
135
134
133
121
133
134
122
123
124
112
100
101
89
90
78
77
65
66
54
53
52
40
28
16
15
27
26
14
2
3
2
1
13
25
37
38
50
51
63
64
52
53
41
143
76
10
129
133
77
73
86
127
23
108
53
139
30
55
92
87
102
115
20
101
125
14
18
45
62
106
10
140
134
46
12
81
93
142
3
68
21
32
98
45
119
67
88
80
122
5
11
2
116
1
4
48
40
8
48
61
60
68
71
49
35
66
138
85
25
62
99
27
100
144
51
7
64
82
51
123
132
54
13
85
136
52
82
104
69
78
86
74
60
83
90
102
135
71
29
42
122
65
95
109
144
36
121
91
31
140
120
30
126
59
39
31
91
79
139
78
97
9
23
35
37
46
131
134
28
84
32
123
94
79
128
33
113
49
118
81
110
119
69
88
61
18
87
96
105
14
107
77
116
128
27
70
21
111
22
101
41
89
56
106
1
117
117
26
89
98
44
141
42
55
37
8
63
4
135
114
104
113
13
129
25
137
26
19
114
36
44
124
96
3
80
92
93
39
126
65
47
43
75
17
9
11
38
100
67
125
131
130
17
143
118
56
97
57
112
15
15
84
103
58
2
41
73
47
127
24
95
124
76
33
38
28
57
20
111
112
54
5
70
136
19
94
16
120
6
52
138
53
6
34
59
115
108
141
50
75
12
90
24
72
66
110
107
142
133
83
132
74
43
99
72
58
130
109
105
16
22
7
137
64
103
29
121
40
34
50
63
74
136
26
111
3
102
140
21
75
38
130
127
40
138
68
57
103
96
70
100
106
120
36
88
103
94
22
128
72
13
15
80
74
90
81
35
84
93
38
46
135
23
61
8
25
141
56
83
83
14
71
101
117
137
65
4
142
31
144
9
107
79
89
17
92
54
104
52
85
51
58
62
55
10
126
84
31
129
81
24
113
130
109
30
136
18
89
8
2
108
60
121
32
48
28
97
61
121
7
34
87
45
66
118
79
58
50
76
63
18
59
39
20
122
43
98
6
69
10
140
76
125
98
67
82
91
108
13
110
54
123
60
19
49
6
26
120
29
114
112
64
77
87
63
119
33
86
62
134
41
27
94
48
124
1
106
116
141
66
11
57
101
100
129
126
105
91
119
50
71
47
12
11
105
113
97
33
5
20
115
138
12
92
88
23
1
9
123
15
52
29
45
42
7
75
32
107
117
142
102
24
143
118
137
85
22
41
72
78
78
143
139
34
135
131
133
68
42
144
59
16
16
27
99
73
3
4
90
96
44
28
2
51
110
14
139
49
73
133
93
67
37
80
111
95
69
128
17
25
124
53
46
122
82
134
127
30
125
40
44
114
77
95
56
37
21
43
132
104
5
99
109
47
53
112
36
19
115
86
35
132
64
65
39
131
55
70
116
12
11
23
35
36
48
60
72
71
70
69
68
80
79
91
92
104
116
115
103
102
90
78
77
89
88
87
75
74
73
61
49
37
25
26
27
28
29
17
5
4
16
15
14
2
1
13
25
37
38
50
62
63
64
76
88
100
99
111
112
124
125
126
127
139
138
137
136
135
123
122
134
133
121
109
97
85
86
98
110
111
99
87
75
76
64
52
51
39
40
41
42
54
55
67
66
65
53
52
40
41
29
30
31
32
20
19
18
6
7
8
9
21
22
10
9
8
20
32
33
34
46
58
59
47
48
60
72
84
83
82
81
93
105
106
118
119
120
108
107
95
96
108
120
132
144
143
131
130
142
141
140
128
129
117
116
115
114
113
101
102
103
104
92
91
79
67
55
43
44
45
57
45
44
56
57
56
68
80
81
69
70
58
46
34
33
21
22
10
11
23
24
12
24
36
35
47
59
71
83
84
96
95
94
82
94
93
105
106
107
119
131
132
144
143
142
130
118
117
129
141
140
128
127
139
138
137
125
126
114
113
101
100
112
124
136
135
123
122
134
133
121
109
110
98
97
85
86
74
73
61
49
50
62
63
51
39
38
26
14
13
1
2
3
4
3
15
27
28
16
17
5
6
7
19
18
30
31
43
42
54
66
78
90
89
77
65
53
144
132
120
108
96
95
107
119
131
143
142
130
118
117
105
93
92
80
81
69
57
58
70
71
72
60
59
47
48
36
24
23
22
21
9
8
20
32
44
56
55
43
42
54
66
78
77
65
64
76
88
89
101
102
90
91
79
67
68
56
44
45
46
34
35
36
48
60
72
84
83
82
94
106
105
104
116
115
103
104
116
128
140
141
129
117
118
106
94
93
81
69
57
45
33
32
31
30
18
17
16
4
3
15
27
28
29
41
53
52
40
39
51
50
38
37
25
26
14
13
1
2
3
4
5
6
7
19
31
43
42
41
53
52
40
39
51
63
75
74
62
61
73
85
97
98
86
87
99
111
123
124
125
113
112
100
101
113
114
126
138
137
136
135
134
133
121
122
110
109
97
98
110
109
121
133
134
122
123
135
136
124
112
111
99
100
88
89
77
76
75
87
86
85
73
74
62
63
64
65
66
54
55
67
68
80
92
91
79
78
90
102
103
115
114
126
125
137
138
139
127
128
127
139
140
141
129
130
142
143
144
132
131
119
120
108
107
95
96
84
83
82
70
71
59
47
35
23
24
12
11
12
11
10
22
10
9
8
7
6
5
17
16
15
14
2
1
13
25
37
49
61
49
50
38
26
27
28
29
30
18
19
20
21
33
34
46
58
116
50
118
134
74
65
20
99
25
96
75
142
71
120
31
132
61
128
44
135
24
81
36
85
11
53
34
13
98
35
47
4
100
80
29
5
124
144
62
52
62
66
47
141
4
42
26
113
15
139
48
91
28
58
88
137
39
46
121
72
45
127
14
30
7
88
1
14
136
67
78
124
27
84
123
119
31
34
104
123
121
73
16
15
39
21
59
90
30
12
112
8
101
116
8
113
57
119
77
106
86
101
17
22
49
65
97
110
50
45
126
52
130
12
75
24
35
11
94
74
103
80
53
70
138
134
109
86
32
122
20
115
128
21
82
77
143
129
38
56
22
125
23
102
120
61
93
28
93
10
107
126
140
51
27
1
69
144
2
131
36
18
108
89
29
64
17
92
40
79
117
133
95
66
90
81
79
87
57
138
40
96
99
37
72
6
142
76
105
26
64
83
9
122
137
130
41
58
100
84
54
115
3
118
33
94
19
98
92
37
107
55
69
49
114
19
59
105
133
106
82
60
136
3
25
46
48
111
73
117
68
141
7
111
10
16
112
110
127
5
102
109
143
129
18
6
131
125
83
95
56
103
54
78
32
89
76
2
139
23
108
132
44
60
42
63
38
13
87
43
135
104
9
63
51
33
97
91
85
67
68
114
41
140
55
43
70
71
119
44
92
110
89
57
70
34
140
143
90
56
101
32
84
126
5
93
11
115
134
59
16
132
120
49
42
83
37
79
141
94
71
13
18
29
46
62
100
93
21
36
62
21
130
144
34
81
33
69
61
108
54
60
82
76
7
115
25
72
118
64
117
20
65
99
38
14
113
71
2
75
104
108
100
52
41
6
138
28
72
120
3
63
13
86
97
54
35
79
65
33
125
141
132
103
114
138
56
67
95
31
131
1
50
35
96
78
133
91
11
129
74
119
78
112
10
49
52
66
77
23
143
116
105
136
2
137
39
40
10
76
74
92
27
4
51
98
5
46
48
73
55
1
12
30
127
135
110
85
64
63
17
50
3
81
114
90
139
106
68
99
15
26
139
89
118
32
28
39
41
136
82
124
103
87
31
125
45
47
117
124
68
23
140
131
17
53
70
116
24
36
43
6
137
111
67
126
134
22
61
109
8
53
112
129
101
45
130
59
105
43
20
12
102
142
19
106
128
69
57
86
29
37
14
96
27
88
8
80
58
144
58
98
9
7
47
44
87
121
94
107
123
42
40
77
25
15
80
51
60
97
122
30
128
111
19
113
121
83
16
75
91
123
9
66
24
38
85
88
133
127
102
104
84
73
95
48
55
4
22
142
135
18
109
107
26
122
1
2
3
15
14
26
25
37
38
39
40
52
51
63
75
74
62
50
49
61
73
85
97
109
110
122
121
133
134
135
136
137
125
113
112
124
123
111
99
100
101
89
88
76
77
78
90
102
114
126
127
115
116
104
103
91
79
80
92
93
105
117
118
130
142
143
144
132
131
119
120
108
96
84
72
71
83
82
70
58
57
69
68
67
66
65
64
52
53
54
55
56
44
43
31
30
42
41
29
17
18
19
20
32
33
21
9
10
22
34
35
23
24
12
11
10
9
8
7
6
5
4
16
28
27
39
51
63
64
65
77
76
75
87
86
98
97
109
110
111
112
113
114
115
116
128
140
141
129
117
118
106
107
95
94
82
81
69
70
58
46
45
57
56
55
43
44
45
46
47
48
60
59
47
59
60
72
71
83
84
96
108
120
132
144
143
142
141
140
139
138
126
125
124
123
122
121
133
134
135
136
137
138
139
127
128
129
130
131
119
107
95
94
106
105
93
81
80
68
67
66
78
79
91
92
104
103
102
90
89
101
100
88
87
99
98
86
85
73
74
62
61
49
50
38
26
27
28
40
41
53
54
42
30
29
17
18
19
31
32
33
34
35
36
48
36
24
12
11
23
22
21
20
8
7
6
5
4
16
15
3
2
1
13
14
13
25
37
144
143
131
119
120
108
96
84
72
60
48
36
35
47
46
45
57
56
44
32
31
19
7
6
5
17
16
4
3
15
14
2
1
13
25
37
38
39
40
52
53
41
29
28
27
26
25
37
49
50
51
63
64
65
66
54
42
43
55
67
68
69
81
82
70
58
59
71
83
95
94
93
105
117
116
128
140
139
127
126
138
137
125
124
136
135
134
122
110
109
97
85
73
61
62
74
86
98
99
100
101
102
114
113
112
111
123
135
136
137
138
139
140
141
142
130
129
117
118
106
107
108
96
95
94
82
81
80
79
78
90
91
103
115
127
126
125
124
123
111
112
113
114
102
101
89
88
87
75
76
77
65
66
67
68
69
57
45
33
34
22
23
11
10
9
21
20
8
7
6
18
19
20
8
9
21
22
10
11
12
24
12
24
23
35
36
48
60
72
84
83
71
70
58
59
47
46
34
33
32
44
56
55
43
31
30
18
17
5
4
16
28
29
30
42
54
53
41
40
39
27
15
3
2
1
13
14
26
38
50
49
61
73
74
62
63
51
52
64
76
75
87
86
85
97
109
121
133
134
133
121
122
110
98
99
100
88
89
77
78
90
91
79
80
92
104
105
106
107
119
118
130
131
132
120
132
144
143
142
141
129
128
116
115
103
104
92
93
83
64
90
135
56
1
74
16
47
87
94
49
46
26
127
95
22
8
43
131
107
10
30
137
77
86
19
110
5
60
63
62
10
106
71
7
91
81
5
53
125
82
114
38
122
14
85
117
139
104
57
12
134
42
20
98
48
3
45
75
120
142
116
37
59
102
35
112
142
58
140
4
125
9
119
38
93
123
48
73
23
28
1
123
4
138
106
18
127
46
141
129
131
29
144
67
65
89
39
133
25
72
112
31
27
63
111
134
110
2
130
71
20
91
95
108
99
9
52
88
100
76
92
109
44
96
97
85
120
119
49
36
18
15
124
11
88
59
122
74
97
32
109
92
138
30
116
136
64
29
56
69
115
126
98
89
101
133
50
21
90
55
117
13
118
104
8
84
23
22
54
107
140
94
78
82
78
128
87
105
121
60
16
136
62
47
84
33
143
44
124
2
121
113
57
61
6
68
21
24
70
103
33
50
105
72
66
126
137
75
132
53
99
65
51
67
79
43
103
31
13
3
25
11
55
14
37
68
132
32
17
26
19
114
108
15
128
86
115
40
41
27
54
73
102
135
12
34
143
70
130
61
34
58
101
66
36
7
118
41
69
6
24
51
144
113
52
45
39
96
141
81
80
80
17
139
129
79
76
83
35
28
42
100
77
40
93
111
130
23
4
92
11
102
17
100
119
97
130
69
51
61
70
26
74
110
83
25
141
12
99
31
100
51
55
125
96
118
69
13
136
86
58
137
36
58
6
144
83
53
65
44
119
6
19
81
52
64
122
44
37
40
8
116
49
9
121
61
30
80
101
90
72
12
14
115
20
91
66
107
67
125
127
98
73
87
22
41
52
87
129
141
50
126
134
138
57
47
93
40
68
21
8
35
116
139
29
123
77
65
18
54
106
7
142
118
48
53
131
26
77
92
143
4
79
78
9
30
104
93
24
102
7
1
42
23
113
34
18
99
120
82
59
32
122
37
103
128
3
43
41
16
59
72
133
49
22
117
50
128
80
10
108
106
109
74
33
24
5
73
15
90
126
123
62
121
71
5
114
101
36
60
108
81
97
75
56
138
103
139
129
89
25
124
134
136
144
94
3
140
14
94
75
38
131
11
95
66
133
105
143
76
84
20
55
54
38
86
76
124
34
85
112
142
62
88
17
15
28
2
96
110
120
104
13
114
56
107
112
27
31
78
2
105
33
135
16
127
68
46
45
113
98
29
45
89
35
47
27
111
64
10
82
132
79
1
70
48
111
71
84
57
42
135
43
109
85
137
117
28
60
115
88
32
46
67
39
140
39
21
91
132
95
63
63
19
