##Rat 4 Day 36
 ##rewards
126
113
47
##Vertices
121
136
94
4
122
73
111
8
35
101
76
44
79
47
111
81
42
15
112
43
97
65
116
112
2
105
60
96
62
89
10
113
138
125
27
71
49
98
40
120
60
19
91
99
45
104
132
21
18
129
16
110
64
99
102
61
77
36
1
139
133
47
93
52
143
3
82
46
109
143
24
17
83
132
88
75
107
131
37
92
103
106
7
32
137
22
84
79
28
139
62
66
57
53
68
101
48
54
70
55
56
114
125
78
26
105
83
2
87
6
31
23
61
38
74
117
29
33
16
118
137
144
39
65
142
72
82
119
84
90
40
48
85
31
28
27
20
108
95
23
127
115
68
117
135
59
51
80
122
103
26
95
12
22
90
116
96
67
69
55
78
121
94
14
138
91
76
63
93
86
13
128
41
115
18
141
100
135
100
72
41
9
107
114
20
46
104
141
8
124
69
73
36
37
127
140
5
133
33
7
34
42
109
136
129
6
1
5
128
134
140
123
34
17
9
39
58
21
11
38
142
119
131
59
63
11
110
118
30
67
43
57
108
52
75
25
53
14
4
49
77
74
85
126
88
124
70
35
50
50
86
54
134
66
98
89
126
81
130
130
71
120
45
106
123
113
102
24
56
144
51
10
3
80
15
64
92
13
25
97
44
32
87
12
19
29
58
30
116
114
3
125
137
6
144
47
138
18
112
44
9
87
109
116
139
121
54
74
144
132
97
16
60
13
85
66
46
128
14
77
23
53
78
110
58
87
55
40
28
62
122
62
51
42
8
29
4
30
24
137
106
113
68
80
54
34
113
32
115
75
45
103
17
109
31
79
33
52
22
141
102
88
38
107
82
103
108
79
81
10
100
135
102
64
49
19
91
41
57
55
58
140
111
37
131
38
120
31
45
4
14
17
75
128
36
66
60
89
3
70
130
133
56
39
1
51
135
25
48
92
136
117
7
126
36
43
57
94
110
28
132
130
35
21
49
46
50
142
98
64
71
95
48
11
96
133
95
105
90
118
124
69
112
86
104
86
117
124
90
72
67
52
23
65
115
10
108
104
78
67
126
9
33
125
96
106
35
7
139
59
37
42
12
82
59
13
134
97
15
63
142
77
44
26
41
8
107
120
119
20
25
92
68
61
26
91
119
73
70
2
21
43
121
47
74
84
65
61
76
20
39
53
27
131
5
40
81
69
24
80
56
94
84
123
32
141
63
140
89
15
85
136
71
19
93
99
111
122
22
129
101
76
138
5
93
99
118
100
11
27
12
83
18
2
101
98
34
123
72
127
30
88
16
129
143
127
114
29
50
143
105
83
134
6
1
73
1
2
3
4
5
17
16
28
27
39
40
41
42
43
31
32
44
56
55
67
68
80
81
69
70
82
83
84
72
60
59
71
70
58
57
45
33
21
20
8
9
10
11
12
24
23
35
36
48
47
46
34
22
10
9
8
7
19
18
30
29
28
27
15
14
26
25
37
49
61
62
63
51
52
53
65
66
54
55
56
57
58
46
45
44
43
42
41
40
39
38
50
49
61
73
74
75
76
77
89
101
113
112
100
99
98
97
109
121
122
123
111
110
109
97
85
86
87
88
100
112
124
136
137
138
126
114
102
90
91
92
93
94
95
96
108
120
132
144
143
142
141
129
128
140
139
127
115
103
104
105
117
116
104
105
106
118
130
131
119
107
106
118
117
116
115
103
91
79
78
90
89
77
78
79
80
92
93
94
82
81
69
68
67
66
54
53
52
51
50
62
63
64
65
64
76
88
87
75
74
73
85
86
98
99
111
110
122
123
135
134
133
121
133
134
135
136
137
125
124
125
113
101
102
114
126
138
139
127
128
140
141
129
130
142
143
144
132
131
119
120
108
107
95
96
84
83
71
72
60
59
47
48
36
24
12
11
23
35
34
22
21
33
32
20
19
31
30
29
17
18
6
7
6
5
4
16
15
3
2
14
26
38
37
25
13
1
13
12
24
36
35
23
22
10
11
12
24
36
48
60
72
84
96
108
120
119
118
130
142
141
140
139
138
137
125
124
136
135
123
122
121
109
97
98
110
111
112
113
114
126
127
115
103
102
101
89
77
76
64
65
66
78
90
91
79
67
68
69
57
58
59
47
46
34
33
32
20
8
9
21
33
45
44
43
42
54
55
56
44
45
57
56
55
67
68
80
92
104
116
128
129
117
105
93
81
82
94
106
107
95
83
71
70
82
94
93
105
104
116
115
103
102
101
100
88
87
99
111
112
100
88
76
75
63
51
52
53
41
40
28
27
39
38
26
14
15
16
4
3
2
1
13
25
37
49
50
62
74
86
85
73
61
49
37
38
39
27
28
29
17
5
6
7
19
18
30
31
32
20
21
22
34
46
58
70
69
81
80
92
91
79
78
66
54
42
43
31
19
18
30
29
17
16
15
14
26
25
13
1
2
3
4
5
6
7
8
9
10
11
23
35
47
48
60
59
71
72
84
83
95
96
108
120
119
107
106
118
117
129
130
131
143
131
132
144
132
144
143
142
141
140
128
127
139
138
126
114
113
125
137
136
124
123
135
134
133
121
133
134
122
110
109
97
98
99
87
75
74
86
85
73
61
62
50
51
63
64
52
40
41
53
65
77
89
90
83
138
138
60
79
56
88
85
76
61
135
136
142
46
5
36
142
98
7
39
26
97
111
77
105
66
116
30
12
27
92
124
36
13
2
89
108
74
115
91
134
23
26
112
82
41
75
2
78
137
144
65
119
45
100
93
50
10
13
122
94
114
34
18
73
131
63
59
11
67
71
43
140
110
130
1
74
40
118
41
85
62
100
56
70
115
48
72
65
32
6
9
49
15
117
133
114
35
84
66
86
5
69
45
12
111
30
42
6
35
43
18
69
11
17
17
87
80
20
107
125
64
44
20
4
134
103
127
129
24
107
61
15
95
141
34
86
99
21
81
23
47
120
55
58
14
64
116
50
144
131
59
84
133
19
25
10
67
33
48
68
37
16
21
52
122
102
137
89
102
8
28
63
126
87
96
22
96
110
104
58
42
77
81
72
54
31
120
119
28
132
7
75
130
29
109
90
82
91
127
101
1
128
109
38
54
106
93
94
98
79
139
3
99
128
106
46
38
73
83
92
71
108
78
57
140
118
37
105
126
53
135
103
113
39
68
8
88
123
141
113
51
136
33
112
47
19
3
22
4
9
76
143
101
53
44
60
40
117
121
52
16
32
124
125
55
57
24
95
104
129
29
121
123
31
90
51
139
70
27
80
14
62
97
143
49
132
25
83
68
54
137
135
23
104
140
67
102
49
112
64
66
76
85
78
13
25
25
1
15
124
79
88
107
120
12
98
10
94
23
33
53
133
144
140
129
136
2
105
38
132
89
123
36
130
30
18
56
18
31
127
7
121
138
45
90
136
39
9
139
142
81
50
88
15
13
82
94
106
102
8
35
99
80
26
1
109
128
81
117
59
43
20
22
141
11
11
33
96
143
63
5
69
24
58
116
65
134
84
90
65
142
120
74
128
126
71
91
28
32
36
73
85
6
122
110
105
8
116
21
112
50
92
108
98
46
43
87
118
103
44
117
77
41
17
20
104
19
52
130
74
14
55
95
132
106
125
99
40
76
14
21
110
57
47
73
111
38
41
63
103
91
61
67
125
29
115
89
137
49
3
70
79
101
138
30
37
5
68
97
80
27
134
51
70
26
51
16
100
7
121
93
57
129
86
97
72
17
28
34
78
37
75
119
133
45
84
71
96
3
87
75
4
60
123
29
39
108
135
107
24
127
6
52
27
58
93
131
119
55
86
69
9
72
126
56
54
82
4
32
95
16
44
10
144
131
143
100
61
12
124
19
111
62
42
101
48
2
66
113
47
42
31
46
64
34
40
115
113
53
122
118
83
62
114
77
139
22
60
59
114
48
141
92
109
35
133
121
109
97
85
86
98
99
111
112
100
88
76
64
63
51
52
53
65
66
54
55
43
42
30
31
19
7
6
5
17
18
30
29
41
40
39
38
50
49
37
25
13
1
2
14
15
3
4
16
28
27
26
25
37
49
61
62
74
75
87
99
111
110
122
123
135
136
137
138
126
114
113
101
89
90
78
77
65
53
41
29
28
40
52
64
76
88
100
112
124
125
137
138
139
127
115
103
91
92
93
94
106
105
117
129
141
142
143
131
119
118
130
142
141
140
128
116
104
105
106
107
108
96
84
83
82
81
80
68
56
44
32
20
8
9
10
11
12
24
36
48
47
59
60
72
71
70
69
57
45
46
58
57
45
33
34
35
23
22
21
33
34
46
58
70
69
68
67
79
80
92
91
79
67
55
56
44
32
31
43
42
54
66
78
77
89
101
113
125
126
114
102
90
102
103
104
116
115
127
139
140
128
129
117
118
130
131
119
120
132
144
143
144
132
120
108
96
95
107
95
94
93
81
82
83
84
72
71
59
60
48
47
35
36
24
12
11
23
22
10
9
21
20
8
7
19
18
6
5
17
16
4
3
2
1
13
14
15
27
26
38
39
51
50
62
63
75
87
86
74
73
61
73
85
97
98
110
109
121
122
123
124
136
135
134
133
134
144
132
131
130
118
119
120
108
96
95
83
84
72
71
70
58
59
60
48
47
46
34
22
23
35
36
24
12
11
10
9
8
20
19
31
32
44
45
57
69
68
80
79
91
92
93
81
82
94
106
105
117
129
128
140
141
142
143
144
132
120
119
107
106
105
104
116
115
103
102
114
126
125
137
138
139
127
115
114
113
101
100
112
111
110
122
123
124
136
135
134
133
121
109
97
98
86
85
73
61
49
50
62
74
75
63
64
52
40
28
27
26
25
37
38
39
51
63
75
87
99
100
88
76
77
89
90
78
66
67
55
43
42
54
53
65
64
52
51
39
27
15
14
13
1
2
3
4
5
6
7
8
9
21
33
45
46
58
57
56
44
43
31
30
18
17
29
41
40
28
16
17
16
15
14
13
1
2
3
4
5
6
7
19
18
30
29
41
42
54
53
65
66
78
77
76
88
89
90
91
103
102
101
113
112
111
99
87
86
74
62
50
38
26
25
37
49
61
73
85
97
98
110
109
121
133
134
122
123
135
136
124
125
137
138
126
127
139
140
128
129
141
142
143
131
130
118
117
116
104
92
80
79
67
55
56
68
69
70
71
83
82
81
93
94
95
107
108
96
84
72
60
59
47
48
36
35
23
24
12
11
10
22
34
33
32
20
21
7
90
46
132
131
33
38
68
121
144
10
82
28
67
107
99
65
66
124
86
77
87
19
120
15
121
17
55
132
40
117
106
42
26
131
85
48
125
49
108
134
111
10
54
76
130
34
99
27
103
118
60
97
37
107
50
24
104
48
125
111
6
40
123
57
93
76
142
138
64
16
124
63
42
36
86
103
84
64
41
47
13
58
119
30
6
9
27
33
110
59
44
141
119
98
22
21
57
88
63
105
109
100
2
32
136
70
96
79
14
12
78
67
87
113
24
133
80
37
54
29
126
18
1
74
39
118
140
8
52
55
137
108
72
5
29
139
85
144
32
83
65
135
50
78
92
23
9
73
113
11
130
127
12
75
94
93
14
141
70
102
135
143
72
34
45
66
19
104
81
46
13
92
4
28
77
82
20
114
47
17
102
123
120
56
52
79
60
110
122
89
115
127
100
90
35
128
95
59
109
81
106
21
25
43
69
129
91
1
133
30
74
88
71
69
84
71
18
53
15
3
2
41
16
115
22
128
112
134
4
75
142
61
89
51
94
20
61
62
58
95
11
122
73
91
140
44
116
43
62
83
39
68
126
36
96
136
23
5
38
101
7
139
112
49
116
138
51
129
97
117
8
80
101
45
114
31
137
26
98
143
105
53
3
31
25
56
35
144
9
2
105
19
61
32
41
59
116
109
119
27
66
80
40
29
103
93
5
69
134
25
89
142
13
24
86
27
108
137
110
105
115
52
116
37
113
136
23
45
82
47
61
4
139
141
48
19
84
21
137
3
46
99
17
112
69
22
78
132
71
60
37
63
13
87
140
28
134
130
128
2
12
56
39
49
29
143
95
84
119
43
54
68
142
121
10
91
96
90
15
39
75
120
124
14
38
42
20
1
99
136
74
50
9
111
54
144
140
58
18
44
67
114
34
126
112
30
80
122
45
58
85
10
92
48
92
67
83
104
72
17
41
32
26
102
68
89
75
3
139
62
38
72
98
60
113
108
118
82
127
128
133
8
107
51
111
15
33
11
42
52
130
97
62
126
86
31
78
57
97
123
73
109
125
18
66
63
91
7
127
25
43
100
73
64
121
12
57
81
53
114
129
50
21
7
81
143
76
6
118
76
79
101
35
100
22
87
36
83
120
36
31
115
79
40
110
70
16
65
107
123
135
55
30
125
103
5
20
138
33
98
28
133
106
64
122
135
85
26
101
131
44
46
49
102
23
11
8
14
88
131
47
141
56
71
96
106
24
77
1
35
117
132
90
88
51
4
117
77
74
59
104
6
53
65
94
129
95
93
124
94
34
55
16
70
138
133
134
122
110
111
123
135
136
137
125
126
138
139
127
115
116
128
140
141
129
117
118
119
131
130
142
143
144
132
120
108
96
95
83
82
94
93
105
104
103
91
90
78
77
89
101
102
114
113
112
100
99
98
86
85
97
109
121
133
134
135
123
124
112
100
88
87
75
76
64
63
62
50
49
61
73
74
75
63
51
52
40
39
27
15
14
26
38
37
25
13
1
2
3
4
16
17
5
6
7
8
20
19
18
30
31
43
44
45
46
34
22
10
9
21
33
32
31
30
29
28
40
41
42
54
53
65
66
67
79
80
81
69
68
56
55
43
44
32
33
34
35
23
11
12
24
36
48
60
72
84
96
108
107
106
105
117
116
104
92
93
81
82
70
71
59
58
57
45
46
47
59
47
35
23
11
12
24
36
48
60
72
84
83
71
70
58
57
69
68
56
55
67
66
54
42
41
53
65
77
76
64
52
51
39
27
28
29
17
18
19
20
21
22
10
9
8
7
6
5
4
16
15
3
2
1
13
14
26
25
37
38
50
49
61
62
74
73
85
86
98
97
109
121
122
110
111
99
87
88
89
90
78
79
80
92
91
103
115
127
126
114
102
101
113
125
124
136
137
138
139
140
128
129
141
142
130
131
143
144
132
120
119
118
106
94
95
107
144
132
120
119
118
117
129
128
127
126
138
139
140
141
142
130
131
143
142
141
140
139
127
115
116
104
103
91
90
78
77
65
53
54
55
67
79
80
81
82
70
58
59
71
72
60
48
36
35
34
46
47
48
60
72
84
96
108
107
106
94
95
83
82
94
93
105
104
92
91
79
78
66
65
64
76
88
100
101
113
125
124
112
111
123
122
110
98
97
85
86
87
75
74
73
61
62
50
51
52
40
39
27
15
3
2
1
13
14
26
25
37
49
61
73
85
97
109
121
133
134
135
136
137
138
126
114
102
90
89
77
76
64
63
51
52
40
28
16
17
18
30
29
41
42
43
31
19
7
8
20
32
44
56
68
69
57
45
33
21
22
23
24
12
11
10
9
8
7
6
5
6
18
19
31
32
20
21
9
10
22
23
11
12
24
36
35
47
46
34
33
45
57
58
59
71
70
69
81
93
92
80
68
56
44
43
55
67
66
54
53
41
42
30
29
17
5
4
3
4
16
28
27
15
14
2
1
13
25
26
38
39
38
37
49
50
62
63
75
74
86
98
99
111
123
122
110
109
121
133
134
135
136
137
125
124
112
100
99
87
88
89
101
113
114
102
103
115
116
117
105
106
118
119
107
95
83
84
96
108
120
132
144
143
131
130
129
128
