##Rat 4 Day 50
 ##rewards
126
113
47
##Vertices
26
140
89
98
133
107
66
3
73
117
59
79
32
95
140
102
13
20
31
50
2
61
71
19
86
10
55
32
136
11
137
132
68
127
130
143
120
61
62
108
56
103
142
75
94
14
60
102
142
129
95
59
53
67
37
67
118
48
49
25
33
99
47
85
42
66
101
110
122
5
119
23
57
28
22
27
51
106
92
87
118
117
48
139
36
21
41
119
138
24
105
52
20
141
18
86
121
76
123
77
35
17
9
115
43
144
8
127
37
103
116
111
11
124
85
114
27
122
104
98
78
45
16
114
71
58
49
64
77
10
76
56
26
90
125
35
9
126
87
100
8
128
57
106
90
64
81
132
72
46
109
5
52
133
80
113
131
51
14
73
131
50
29
70
45
17
79
54
78
46
138
97
81
30
88
94
92
135
75
63
100
58
134
80
12
123
136
13
38
44
65
4
15
44
139
69
83
40
19
62
109
65
38
7
137
104
126
101
110
1
93
99
1
70
15
96
34
83
74
25
55
91
144
115
134
63
128
68
113
4
108
21
111
54
31
112
125
74
33
2
24
12
116
129
121
143
105
23
7
124
89
28
93
22
29
84
47
130
41
6
69
40
39
97
82
96
34
141
72
36
120
82
6
42
60
39
16
91
135
84
53
18
43
30
88
3
112
107
40
125
134
71
39
74
135
133
12
14
54
50
89
126
97
51
136
142
129
11
106
143
96
7
2
59
51
74
83
34
92
47
95
9
99
58
61
88
93
19
55
91
59
52
105
48
117
64
4
75
65
76
76
67
118
112
32
55
92
122
26
27
66
21
103
131
128
63
120
70
21
34
16
42
77
86
72
35
29
46
143
1
124
115
132
84
36
20
121
66
101
15
106
60
61
57
41
137
88
129
79
105
133
100
128
23
144
8
126
4
44
124
73
83
117
89
81
108
17
140
18
32
9
85
134
96
113
104
98
100
13
86
110
67
114
62
116
111
45
17
71
47
35
127
82
53
38
27
85
94
56
125
139
80
77
90
138
1
10
56
3
63
97
57
141
109
138
98
84
103
91
2
123
6
130
78
122
132
120
109
123
113
44
23
19
13
48
75
43
33
114
136
64
22
40
65
18
62
93
11
79
118
73
112
8
3
94
116
82
5
60
6
99
121
119
25
36
25
107
72
69
29
80
70
95
141
111
127
31
139
16
14
54
140
135
22
41
52
10
102
37
24
46
110
104
26
30
58
45
5
102
69
87
81
68
38
30
131
28
28
107
39
144
119
33
37
78
90
101
115
53
31
42
43
68
50
142
20
130
137
49
24
49
15
7
12
108
87
12
11
10
22
34
46
47
59
71
83
84
72
60
48
36
35
23
24
36
48
60
72
71
70
58
57
69
68
80
79
91
90
89
77
65
66
67
55
43
31
30
29
17
18
6
5
4
3
15
27
28
16
4
5
6
7
8
9
21
33
32
20
19
31
32
44
45
57
56
68
67
79
78
90
102
103
104
105
93
94
95
107
106
118
119
131
130
129
141
140
128
116
115
127
139
138
126
125
113
101
100
112
111
110
109
121
133
134
122
123
135
136
137
138
139
140
141
142
143
144
132
120
108
96
84
83
82
81
80
92
91
103
102
114
113
101
100
99
98
86
74
75
87
88
76
64
63
62
61
49
50
51
52
53
54
42
41
40
39
38
26
14
2
1
13
25
37
49
61
73
85
73
74
62
63
51
50
38
37
25
26
14
13
1
2
3
15
16
28
27
39
40
41
29
17
18
30
42
43
44
56
55
54
53
52
64
65
66
78
77
89
88
76
75
87
86
85
97
109
97
98
99
111
110
122
121
133
134
135
123
124
112
124
136
137
125
126
114
115
127
128
129
117
118
119
131
130
142
143
144
132
120
108
96
95
107
106
105
117
116
104
92
93
94
82
81
69
70
58
46
45
33
34
22
21
20
19
7
8
9
10
11
12
24
23
35
47
59
1
2
3
15
14
26
25
13
1
2
3
4
5
6
7
8
9
10
22
34
35
36
48
60
72
84
96
95
107
108
120
119
131
143
142
141
129
130
118
106
94
82
83
71
70
69
81
93
92
91
103
102
90
78
79
80
68
67
66
54
42
41
29
17
16
28
27
39
51
50
49
37
38
39
40
52
64
76
77
65
53
52
40
41
53
65
66
54
55
56
57
58
59
47
46
45
44
43
31
32
33
21
20
19
18
30
31
32
44
45
57
58
70
69
81
93
105
104
116
117
118
106
105
104
103
115
114
113
101
89
88
100
99
111
112
124
123
122
110
98
97
109
121
133
134
135
136
137
125
126
127
128
140
139
138
137
136
124
112
111
99
87
86
85
73
61
62
74
75
63
51
50
38
26
27
28
29
30
42
43
55
56
68
67
79
78
77
76
64
63
62
74
75
87
86
98
110
122
123
135
134
133
121
109
97
85
73
61
49
37
25
13
14
15
16
4
5
17
18
6
7
19
20
8
9
10
22
21
33
34
46
47
35
23
24
23
11
12
11
12
24
36
48
60
59
71
72
84
83
82
94
95
96
108
107
119
120
132
144
143
144
132
131
130
142
141
129
117
116
115
127
128
140
139
138
126
125
113
114
102
101
100
88
89
90
91
92
80
122
109
85
98
72
14
113
112
137
39
79
130
42
142
12
111
59
139
87
89
60
42
88
144
121
61
6
124
45
23
9
78
41
124
93
81
16
39
85
31
81
140
64
74
30
139
117
22
21
135
13
8
63
118
21
10
101
67
15
14
23
112
143
123
70
2
70
119
19
99
5
127
144
11
59
34
56
86
91
131
129
118
3
62
125
65
4
29
27
123
7
47
52
26
8
87
55
37
69
103
68
82
77
54
35
106
116
28
43
93
133
94
109
115
121
9
138
47
114
95
92
66
84
64
141
60
32
52
127
110
20
102
126
128
13
108
72
132
20
75
86
49
90
115
136
103
34
78
27
89
37
73
3
105
48
107
69
22
25
36
129
58
141
40
26
65
96
119
38
100
44
96
143
44
61
46
35
110
55
58
125
130
104
95
53
36
76
84
101
11
97
108
91
25
106
136
83
73
74
142
63
120
97
41
30
99
31
19
80
15
29
80
90
24
111
12
71
105
10
18
1
57
24
18
94
137
79
126
71
83
43
116
48
7
135
38
68
76
33
75
66
102
104
17
28
2
122
50
107
132
5
57
56
98
6
53
46
120
92
1
17
131
140
82
54
67
45
4
117
138
49
50
62
77
16
100
51
133
113
114
40
88
134
32
134
33
128
51
91
83
120
81
82
122
93
7
108
42
89
71
52
31
131
47
73
33
111
55
19
118
78
14
115
64
76
67
95
63
24
134
94
87
58
87
92
11
3
117
5
68
12
117
34
102
133
90
120
29
72
41
67
23
104
75
135
17
52
72
119
49
69
128
13
4
40
86
116
17
31
23
139
20
34
125
28
65
64
110
59
89
115
62
101
35
59
84
131
105
26
19
47
106
86
97
36
129
135
4
50
58
50
54
142
119
77
56
97
57
44
8
71
37
90
110
27
108
33
37
103
83
125
66
143
129
112
101
96
22
113
140
77
138
124
11
107
32
127
63
1
41
74
112
10
16
32
123
25
98
6
100
7
15
114
99
121
143
10
48
62
137
51
29
98
123
1
126
18
79
3
111
88
130
69
9
36
106
6
42
35
76
28
128
84
5
85
122
116
102
24
107
142
70
54
80
46
96
18
60
121
91
82
126
81
118
13
43
70
75
132
9
136
46
74
22
39
139
103
114
85
104
144
25
88
134
124
95
30
99
55
51
141
44
136
79
73
109
21
93
109
138
14
48
2
61
15
92
38
113
132
57
49
137
141
133
66
65
100
20
56
127
30
45
140
53
27
39
45
8
40
43
105
21
130
12
16
68
53
94
144
38
78
61
2
60
26
80
144
143
142
130
118
106
107
95
83
71
72
84
96
108
120
119
131
132
120
108
96
84
83
82
94
93
81
80
68
67
55
54
53
65
77
78
79
91
103
115
114
113
125
126
138
137
136
135
123
111
112
124
136
137
138
139
140
141
129
117
116
128
127
115
116
104
105
93
92
80
79
67
66
54
42
43
44
45
57
58
59
47
46
34
35
23
22
21
9
8
20
32
31
19
7
6
18
17
29
41
40
28
27
26
25
13
1
2
14
15
3
4
5
6
7
8
9
10
11
12
24
36
48
60
72
71
70
69
68
56
55
43
42
30
29
41
40
39
38
50
62
63
51
52
64
76
75
74
73
85
86
87
88
89
90
102
101
100
99
98
110
122
134
133
121
109
97
85
73
61
49
61
62
74
75
87
86
98
97
109
110
122
121
133
134
135
123
124
112
111
99
100
101
113
125
126
114
102
103
104
92
91
90
89
88
76
77
78
66
65
53
52
64
63
51
50
49
37
25
37
38
39
27
26
14
13
1
2
3
15
16
28
16
4
5
17
18
30
31
19
20
21
33
34
35
23
22
10
11
12
24
36
48
60
59
47
46
45
33
32
44
56
57
58
70
69
81
82
94
106
105
117
118
130
129
128
127
139
140
141
142
143
144
132
131
119
107
95
133
134
135
136
137
125
124
112
111
99
100
101
102
103
115
116
104
92
91
79
80
68
69
81
82
70
71
72
84
96
95
83
82
94
93
105
117
129
128
140
141
142
143
144
132
131
119
120
108
107
106
118
130
142
141
140
139
127
126
114
113
112
111
123
122
110
109
97
85
73
74
75
87
88
89
77
78
90
91
92
93
94
106
105
104
103
102
101
100
99
98
86
85
73
61
62
63
64
65
53
41
29
28
40
39
38
37
25
13
14
15
27
26
25
37
49
50
51
52
40
28
16
4
5
6
18
30
42
54
55
56
57
58
59
60
48
36
24
12
11
10
9
21
20
8
7
19
31
43
44
45
33
32
44
45
46
34
22
23
35
47
46
34
33
32
31
43
55
67
66
54
53
65
66
67
68
56
57
58
70
69
81
80
79
78
90
89
88
87
86
74
75
76
77
76
64
52
51
63
62
61
49
50
38
39
27
26
14
15
3
2
1
13
1
2
3
4
5
17
16
17
29
41
42
30
18
6
7
19
20
8
9
21
22
10
11
12
24
23
35
36
48
47
59
60
72
71
83
84
96
95
107
108
120
132
144
143
131
119
118
130
129
117
116
128
127
115
114
113
125
126
138
139
138
137
136
124
123
135
134
122
110
98
97
109
121
133
121
91
132
15
55
6
28
84
30
118
26
19
140
34
30
102
41
79
113
16
98
105
137
123
15
140
19
135
62
128
38
71
98
83
81
103
131
69
24
41
55
100
124
2
82
52
111
85
14
117
78
136
87
43
94
21
133
108
44
20
78
59
13
128
126
101
53
46
34
99
119
121
59
143
122
123
40
112
70
88
73
27
57
60
10
65
27
111
138
62
29
142
99
52
64
84
37
29
75
1
31
36
44
46
97
20
39
114
75
135
109
92
131
9
17
93
92
110
76
66
144
26
106
133
118
58
11
129
96
93
136
86
32
97
91
37
13
107
115
50
2
8
82
24
12
122
47
107
23
51
105
21
66
68
117
104
88
18
116
101
38
57
85
49
16
45
73
125
120
4
45
5
72
90
7
35
17
112
42
43
138
95
63
94
130
1
25
61
77
68
36
56
25
86
139
48
132
54
81
100
121
80
11
127
103
22
129
53
48
4
120
5
60
130
116
144
64
63
126
33
56
113
83
89
115
23
89
7
74
58
109
22
114
76
106
51
67
70
42
32
80
134
96
10
33
141
87
119
67
28
127
143
61
6
3
39
90
3
142
65
9
141
35
69
72
134
71
49
95
40
137
79
124
104
125
108
102
77
50
14
139
8
74
47
18
54
12
110
31
69
41
6
124
54
93
140
13
25
18
55
73
42
136
56
68
19
133
126
57
102
112
127
80
120
81
69
131
115
123
39
27
90
62
122
31
7
38
76
30
67
57
42
94
5
24
35
119
20
127
75
62
80
135
66
108
125
3
89
110
113
4
98
48
15
130
47
99
53
50
70
9
59
104
82
51
72
133
8
129
33
75
118
121
10
117
143
12
109
125
94
63
38
10
26
49
109
8
21
45
122
104
32
52
36
103
48
56
107
44
47
142
65
37
31
20
43
18
64
141
46
97
83
28
143
100
65
126
52
85
77
28
130
50
99
105
92
63
60
96
24
135
77
2
72
121
37
29
70
59
35
123
79
15
17
16
32
91
17
6
60
92
58
78
40
111
3
139
138
55
95
9
78
25
128
29
34
58
142
5
88
139
41
81
21
106
118
27
73
101
49
64
86
132
11
144
61
107
43
105
39
14
102
12
33
45
141
67
2
71
120
97
134
66
96
36
113
76
22
14
61
84
68
11
137
71
54
87
129
111
90
103
74
79
1
116
1
23
140
30
132
87
98
13
51
124
144
53
108
115
93
23
4
74
131
85
16
138
22
116
86
134
91
119
110
7
84
136
112
137
44
100
40
106
88
46
34
89
82
26
114
101
117
114
95
83
128
19
12
24
36
35
34
33
21
20
19
18
6
7
8
9
10
22
23
11
10
9
8
7
19
31
32
44
43
55
54
66
65
77
89
90
91
79
67
68
69
70
82
94
95
83
84
96
108
120
119
118
106
107
108
96
84
72
60
48
47
46
58
59
71
70
58
57
45
44
56
55
67
66
78
77
76
64
52
40
41
29
17
16
28
27
15
14
26
38
37
49
50
51
63
62
61
73
74
86
87
88
100
99
111
123
135
134
133
121
122
110
109
97
85
73
61
49
37
25
13
1
2
3
4
5
6
18
30
42
54
53
65
64
76
75
87
88
100
112
124
125
126
114
113
101
102
103
115
127
139
140
128
116
104
92
80
81
93
105
117
129
130
131
132
144
143
142
141
140
139
138
137
138
126
127
115
116
128
129
141
142
130
131
143
144
132
120
119
107
106
118
117
105
93
94
95
83
82
81
69
57
56
68
80
92
104
103
91
79
78
90
89
101
102
114
113
125
137
136
135
136
124
112
111
123
122
134
133
121
109
110
98
99
98
97
85
86
74
75
63
62
50
38
39
27
15
14
26
25
13
1
2
3
4
5
17
16
28
40
39
51
52
53
41
29
30
42
43
31
32
33
45
46
34
35
47
59
71
72
60
48
36
24
12
11
23
22
21
20
1
13
25
26
14
15
3
2
1
13
25
37
49
61
73
85
97
109
110
111
123
135
136
137
138
139
140
128
129
141
142
130
131
132
120
108
107
119
118
117
116
115
127
126
114
102
103
104
92
80
81
69
68
67
79
91
90
78
66
65
64
52
51
50
38
39
27
28
29
17
5
4
16
28
40
41
42
43
55
54
53
41
40
52
53
54
66
65
77
89
101
113
125
124
112
100
88
76
75
87
99
98
86
74
62
63
75
87
88
100
101
113
114
102
103
104
105
93
94
106
118
117
105
93
81
82
70
58
57
56
44
45
33
34
46
47
35
23
22
21
9
10
11
12
24
36
48
60
59
71
83
95
96
84
72
60
48
47
46
34
33
32
20
8
7
6
18
19
31
30
29
17
16
15
27
39
51
63
64
76
77
89
90
78
79
67
55
43
42
30
18
19
31
32
20
21
22
23
35
36
24
12
11
10
9
8
7
6
5
4
3
2
14
26
38
37
49
50
62
61
73
74
86
85
97
109
110
98
99
111
112
124
123
122
134
122
121
133
121
133
134
135
136
137
125
126
138
139
127
115
116
128
140
141
129
130
142
143
144
132
144
143
131
119
120
108
107
106
94
82
83
95
96
84
72
71
59
58
70
69
57
45
44
56
68
80
92
91
