##Rat 6 Day 41
 ##rewards
83
94
16
##Vertices
133
121
122
123
135
134
133
121
109
110
98
86
87
88
76
77
78
66
54
42
30
29
41
40
28
16
17
5
6
18
19
7
8
20
21
33
34
22
10
9
8
7
6
5
4
3
15
14
2
1
13
25
26
27
39
38
37
49
61
62
63
75
74
73
85
97
109
110
111
99
100
101
102
103
104
92
80
79
91
90
89
101
113
112
124
136
137
138
126
127
139
140
128
129
130
142
141
140
139
138
137
125
126
114
115
116
117
105
93
81
82
83
95
96
84
72
60
59
58
46
47
48
36
24
23
35
34
46
45
57
56
68
69
70
71
72
84
96
108
107
119
131
143
144
132
120
108
107
106
94
93
81
80
92
91
90
89
77
65
53
52
51
50
49
37
38
39
40
41
42
43
55
67
79
78
66
67
68
69
57
58
70
82
94
95
83
71
59
60
48
47
35
36
24
12
11
12
11
23
22
10
9
21
33
32
20
19
18
17
16
4
3
15
14
2
1
13
25
26
27
28
29
30
31
32
31
43
44
45
44
56
55
54
53
65
64
76
88
87
75
63
64
52
51
50
62
61
73
74
86
85
97
98
99
100
112
111
123
122
134
135
136
124
125
113
114
102
103
115
116
104
105
106
118
117
118
130
131
119
120
132
144
143
142
141
129
128
127
144
143
131
119
120
108
96
84
72
60
48
36
35
47
46
45
57
56
44
32
31
19
7
6
5
17
16
4
3
15
14
2
1
13
25
37
38
39
40
52
53
41
29
28
27
26
25
37
49
50
51
63
64
65
66
54
42
43
55
67
68
69
81
82
70
58
59
71
83
95
94
93
105
117
116
128
140
139
127
126
138
137
125
124
136
135
134
122
110
109
97
85
73
61
62
74
86
98
99
100
101
102
114
113
112
111
123
135
136
137
138
139
140
141
142
130
129
117
118
106
107
108
96
95
94
82
81
80
79
78
90
91
103
115
127
126
125
124
123
111
112
113
114
102
101
89
88
87
75
76
77
65
66
67
68
69
57
45
33
34
22
23
11
10
9
21
20
8
7
6
18
19
20
8
9
21
22
10
11
12
24
12
24
23
35
36
48
60
72
84
83
71
70
58
59
47
46
34
33
32
44
56
55
43
31
30
18
17
5
4
16
28
29
30
42
54
53
41
40
39
27
15
3
2
1
13
14
26
38
50
49
61
73
74
62
63
51
52
64
76
75
87
86
85
97
109
121
133
134
133
121
122
110
98
99
100
88
89
77
78
90
91
79
80
92
104
105
106
107
119
118
130
131
132
120
132
144
143
142
141
129
128
116
115
103
104
92
93
11
16
128
57
1
116
74
114
92
142
110
75
138
70
51
88
15
139
75
46
66
93
10
52
91
72
68
79
64
54
20
99
118
96
112
44
19
22
30
125
73
53
98
101
85
96
108
107
76
84
45
58
117
139
40
2
41
133
86
25
111
55
21
133
37
5
86
82
13
28
61
83
45
102
62
76
4
23
9
143
78
83
60
69
31
100
77
6
44
65
79
129
19
122
92
137
78
140
80
123
80
137
38
36
6
89
59
102
88
18
27
124
132
72
116
136
103
54
51
97
24
35
8
17
114
68
85
125
56
67
109
74
65
118
99
63
56
18
131
24
64
4
107
115
58
113
14
39
53
59
87
71
108
129
48
132
69
60
94
10
123
9
124
77
15
122
112
120
117
34
87
46
5
121
8
42
47
62
70
130
49
126
136
142
120
32
84
126
42
34
71
36
101
81
49
93
94
111
90
109
143
119
103
104
67
38
50
3
57
110
3
22
128
95
127
100
33
2
26
26
119
90
141
121
95
66
43
29
7
135
140
82
131
28
41
144
7
113
63
91
14
98
40
29
31
81
25
39
73
32
21
30
13
127
144
20
135
37
17
12
1
52
106
47
33
106
35
105
48
105
89
23
141
16
138
55
130
43
134
27
115
12
134
61
97
11
50
104
37
60
67
86
67
49
25
7
14
88
132
69
39
88
19
118
98
37
106
46
110
5
137
132
102
127
75
47
44
121
45
122
31
77
82
144
123
114
104
43
15
28
47
126
143
108
39
139
51
24
124
34
89
105
115
124
21
98
60
27
49
117
6
30
5
46
20
25
15
114
101
44
139
63
12
85
116
22
62
71
120
22
1
137
104
90
133
54
144
38
81
112
103
56
118
74
90
81
78
17
59
74
80
109
86
120
56
78
29
125
18
20
69
99
19
82
106
136
108
130
143
70
65
45
61
122
13
17
72
131
36
93
32
1
80
55
23
33
126
95
31
113
136
110
135
107
9
100
36
76
51
79
87
142
68
129
53
62
42
4
87
66
96
128
111
141
66
13
141
3
40
130
131
57
127
33
35
61
14
57
3
70
142
48
43
112
73
125
95
102
55
2
76
11
9
79
93
52
50
58
140
48
10
4
34
29
50
73
23
138
6
41
123
32
84
100
94
28
134
119
134
38
8
89
113
97
35
96
75
8
54
64
92
10
26
140
92
94
21
117
91
42
7
119
101
53
40
30
128
27
68
121
52
105
64
99
12
71
65
133
16
2
77
84
116
129
115
91
83
26
63
135
97
41
11
83
58
109
103
107
138
111
72
18
59
85
24
16
12
24
23
22
10
9
8
7
19
31
43
55
54
66
65
53
52
51
63
64
76
77
78
90
89
101
113
114
126
138
139
140
141
142
130
118
106
94
95
96
108
107
119
131
132
144
143
142
141
129
128
127
115
103
102
101
100
112
111
99
98
86
74
62
61
73
85
97
109
110
122
121
133
134
135
136
137
125
124
123
111
112
113
114
102
103
104
116
117
105
93
81
80
68
67
79
91
92
104
105
93
94
82
70
58
59
71
83
84
72
60
48
47
35
36
48
60
59
58
46
34
33
32
20
21
9
8
7
6
18
30
42
41
40
28
27
15
3
4
16
17
5
4
3
2
1
13
14
26
25
37
49
50
38
39
51
63
75
87
88
76
64
52
53
65
66
67
68
69
57
45
44
45
57
56
44
56
55
54
42
43
31
32
33
34
46
47
35
36
24
23
11
12
11
10
22
21
20
19
18
6
5
17
29
30
29
41
40
28
16
15
14
2
1
13
25
26
27
39
38
37
49
50
62
61
73
85
86
74
75
87
88
100
99
98
97
109
110
122
121
133
134
135
123
124
136
137
125
126
138
139
140
128
127
115
116
117
129
130
131
143
144
132
120
108
120
119
118
106
107
95
96
84
72
71
83
82
70
69
81
80
79
78
77
89
90
91
92
1
13
14
15
3
2
1
13
25
26
38
50
51
52
64
65
66
78
90
102
114
113
101
100
112
124
125
137
138
126
127
139
140
128
129
117
118
130
142
141
140
139
138
137
136
135
123
122
134
133
121
109
110
111
99
98
97
85
73
74
75
63
62
61
49
37
25
26
27
39
40
41
42
43
44
56
68
67
55
54
53
41
29
28
16
4
5
6
18
19
7
8
20
21
22
10
9
8
7
6
5
17
18
30
31
32
33
45
57
69
70
71
59
60
72
84
96
95
94
106
107
108
120
132
131
119
118
106
105
93
92
80
81
82
83
84
72
60
48
47
35
23
11
12
24
36
48
47
46
58
57
69
68
56
55
54
53
65
77
89
88
87
86
85
97
98
99
100
101
102
103
91
79
67
66
78
79
80
81
93
94
82
70
58
59
71
83
95
96
108
107
119
120
132
144
143
144
143
131
130
142
141
129
117
116
128
127
126
125
124
136
135
123
122
134
133
121
109
110
111
112
113
114
115
116
115
103
104
105
104
92
91
90
89
77
76
64
52
51
63
75
76
88
87
86
74
73
61
62
50
49
37
38
39
40
28
27
15
14
2
3
4
16
17
29
30
42
43
31
32
44
45
46
34
33
34
22
23
35
36
24
12
11
10
9
21
20
19
130
96
28
141
58
22
94
125
5
106
23
29
68
111
31
100
136
75
107
39
92
15
3
77
88
131
6
20
104
118
11
68
64
98
135
69
45
94
61
21
86
42
89
86
104
134
57
51
53
54
69
64
57
1
70
110
110
139
71
116
98
105
136
59
129
74
108
93
84
78
27
100
143
40
40
129
131
95
27
60
122
121
79
103
118
63
34
16
88
67
39
91
138
101
61
125
87
35
130
82
23
24
7
133
25
87
115
12
137
93
55
62
83
30
52
85
121
65
56
42
120
19
36
52
72
113
73
140
67
19
90
126
32
9
20
112
95
18
97
102
135
96
81
81
126
109
5
15
17
111
127
26
54
43
108
46
37
143
10
74
14
71
117
97
83
142
90
127
120
142
34
33
119
137
112
41
49
38
89
99
49
32
84
10
117
123
29
80
9
62
106
8
50
14
66
75
6
59
2
50
116
78
70
119
109
51
26
134
30
56
92
123
11
77
17
76
82
79
21
139
41
44
22
4
85
7
12
80
25
114
132
3
128
72
38
124
55
140
141
45
144
115
124
102
28
4
2
48
63
47
99
133
36
47
65
103
33
105
73
128
8
122
18
35
31
16
138
37
46
13
1
53
44
113
101
58
43
48
60
24
114
91
76
107
132
144
66
13
16
129
98
27
39
32
144
8
42
101
33
50
109
125
67
40
131
92
86
64
103
100
70
59
19
20
119
55
111
122
10
6
91
74
88
106
56
115
21
84
11
143
127
140
15
126
62
93
90
71
73
107
134
114
30
124
7
124
127
27
130
82
81
38
66
99
96
139
31
68
37
120
114
112
95
123
109
46
8
137
2
125
110
16
80
121
34
123
102
14
97
13
69
102
5
105
1
134
26
52
128
90
33
106
117
34
76
116
132
112
144
111
6
135
7
68
104
82
80
94
36
94
76
83
89
77
91
140
67
53
60
99
74
85
115
64
43
130
63
5
96
133
44
72
85
142
22
38
11
47
78
103
45
58
110
81
132
108
62
9
61
136
71
107
120
22
136
15
133
31
24
28
72
138
19
12
48
35
143
54
78
139
118
54
131
48
40
28
51
128
75
116
60
87
101
21
9
12
141
97
87
26
75
98
119
23
84
49
25
37
23
63
44
69
24
30
70
29
113
73
53
138
49
100
88
13
39
56
79
126
43
104
83
95
117
17
10
35
135
92
50
4
47
29
18
61
3
89
105
3
65
59
25
32
65
66
17
141
58
113
108
93
18
142
137
41
45
4
1
20
122
55
2
57
42
79
41
77
121
57
36
129
118
51
46
52
86
14
1
13
14
15
3
4
5
6
18
30
42
54
55
67
68
56
57
58
70
69
81
80
79
91
92
104
116
115
127
139
138
137
136
135
123
111
99
87
86
85
97
98
110
122
121
133
134
135
136
124
125
126
114
102
103
104
105
117
118
106
107
95
83
71
72
84
96
108
120
119
131
132
144
143
142
141
140
128
129
130
118
117
116
115
103
102
101
113
112
100
88
76
77
65
66
78
90
89
101
100
88
87
75
63
51
50
62
74
73
61
49
37
38
26
25
37
49
50
51
39
27
28
29
17
16
4
5
6
7
19
31
43
44
45
33
34
22
10
9
21
20
8
9
10
11
12
24
23
35
36
48
60
59
47
46
58
70
82
94
93
81
69
57
56
68
67
66
65
64
52
40
41
40
52
53
41
53
54
55
43
42
30
29
28
27
39
38
26
25
13
14
2
1
2
3
15
16
17
18
19
7
8
20
32
31
32
44
45
33
21
22
23
11
12
24
36
35
34
46
47
48
60
59
71
72
84
96
95
83
82
94
93
105
106
107
108
120
119
131
132
144
143
142
130
129
141
140
128
127
139
138
137
125
126
114
113
112
124
123
122
134
133
121
109
97
109
110
111
99
98
86
85
73
61
62
74
75
63
64
76
77
78
79
80
92
91
90
89
144
132
131
130
142
141
140
139
138
137
136
135
123
124
112
100
101
89
88
87
75
74
73
61
49
50
38
37
25
26
14
13
1
2
3
4
16
28
40
41
53
52
51
39
27
15
3
4
5
17
29
30
42
54
66
65
64
76
77
78
90
102
103
115
114
113
125
126
127
128
116
104
105
106
94
95
96
84
83
71
72
60
59
47
48
36
24
23
22
10
9
8
7
6
18
19
20
21
33
45
57
69
70
58
46
34
35
36
48
60
72
84
96
108
120
119
107
106
118
117
129
141
140
128
116
115
103
91
79
67
68
80
81
82
83
71
59
47
35
34
46
58
70
69
57
56
44
32
31
43
55
54
66
78
90
102
101
100
99
111
110
122
121
109
97
98
86
85
73
61
62
74
86
85
97
98
110
109
121
133
134
133
134
122
123
135
136
137
138
139
127
126
114
113
125
124
112
111
99
87
88
89
77
76
75
63
62
50
49
37
38
39
51
63
64
65
53
52
40
28
27
26
25
13
1
2
14
15
16
17
5
6
7
19
18
30
29
41
42
43
31
32
20
8
9
10
11
12
24
12
11
23
22
21
33
45
44
56
55
67
68
80
79
91
92
93
105
117
129
130
118
119
131
143
142
143
144
132
120
108
107
95
94
82
81
93
92
104
94
30
81
51
57
76
119
111
95
43
59
27
123
101
69
26
98
114
48
62
9
43
17
2
103
124
99
25
39
33
3
58
122
134
23
90
45
88
29
59
101
97
121
114
131
93
133
139
27
136
14
120
66
40
14
128
17
125
63
67
34
16
144
144
143
79
55
117
18
63
54
85
109
108
75
98
133
141
70
50
91
61
116
60
3
135
108
48
38
86
36
19
90
10
140
22
54
16
106
39
47
15
67
41
44
28
140
94
118
37
105
1
112
56
44
104
126
115
68
4
77
130
52
80
131
75
72
53
13
52
139
113
104
12
6
28
64
97
117
4
118
106
93
82
50
136
115
96
58
121
53
31
71
141
32
110
61
19
42
120
51
20
21
21
111
126
135
8
62
6
132
7
112
71
49
8
124
83
74
33
130
113
83
143
34
65
73
25
99
42
15
142
84
30
80
68
137
32
35
69
11
86
5
18
11
12
74
49
109
23
13
1
55
70
138
26
128
79
119
89
76
122
91
20
116
29
22
47
24
36
107
78
41
24
127
72
132
46
35
123
10
129
65
102
84
100
138
38
87
100
56
31
105
46
85
5
107
103
92
89
9
95
57
64
82
2
142
73
96
127
92
45
77
81
129
137
78
134
125
102
37
110
7
40
88
87
60
66
22
83
66
68
80
105
122
97
82
75
76
7
50
85
81
16
116
14
18
36
43
107
140
12
51
83
59
47
119
55
71
129
69
86
3
92
103
137
109
34
116
120
64
118
49
9
117
56
21
94
9
58
97
74
26
51
99
87
103
125
8
77
59
25
111
53
5
124
29
136
126
98
6
34
86
63
85
102
54
77
60
65
142
99
35
123
38
10
128
141
95
96
23
28
3
132
101
19
109
138
63
114
112
61
17
106
136
138
88
66
142
84
144
70
5
11
139
53
15
87
33
69
94
62
8
37
27
119
20
134
21
115
16
127
46
128
55
54
57
140
108
74
64
143
132
78
110
68
121
134
31
24
135
130
24
30
91
7
13
89
75
2
129
106
42
131
40
113
56
1
18
130
25
30
38
112
12
1
61
79
72
15
91
23
92
49
133
17
90
45
131
124
32
47
125
78
143
139
37
62
84
48
39
123
19
72
43
60
113
28
104
118
115
114
20
95
126
144
32
33
67
93
44
81
39
65
13
4
73
14
4
73
102
22
35
80
41
127
29
98
52
88
6
71
122
90
93
57
110
70
120
135
137
100
141
96
46
58
50
76
133
44
100
89
26
79
101
42
40
105
27
10
48
67
104
82
107
36
31
45
2
117
52
108
11
111
41
121
