##Rat 6 Day 5
 ##rewards
83
94
16
##Vertices
133
121
122
134
135
123
124
136
137
125
113
112
100
101
102
114
126
138
139
140
128
127
115
116
117
118
106
107
95
94
93
92
91
103
104
105
117
129
141
142
130
131
143
144
132
120
108
96
84
72
71
83
82
81
80
68
67
66
65
77
76
64
52
40
41
42
54
55
43
31
32
44
45
33
21
20
8
9
10
11
12
24
23
22
34
46
47
35
36
48
60
59
58
57
56
68
69
70
82
81
69
70
58
57
56
55
43
42
30
18
17
16
15
14
26
38
37
49
50
62
63
51
39
27
28
29
41
53
52
40
28
29
30
31
19
7
6
5
4
3
2
1
13
25
37
49
61
73
85
86
74
75
87
99
111
110
109
97
98
99
111
112
113
114
102
90
89
88
87
75
63
51
39
38
50
62
61
73
74
86
85
97
98
110
109
121
133
134
122
123
135
136
124
125
137
138
126
127
139
140
128
116
115
103
91
90
78
66
54
53
65
64
76
88
100
101
89
77
78
79
67
79
80
92
104
105
93
94
106
118
119
107
119
131
130
129
141
142
143
144
132
120
108
96
95
83
84
72
71
59
60
48
47
35
36
24
12
11
23
22
10
9
21
33
34
46
45
44
32
20
8
7
19
18
6
5
17
16
4
3
15
14
2
1
13
25
26
27
1
2
14
13
25
26
38
37
49
50
51
39
40
52
64
63
62
61
73
85
86
74
75
87
99
111
112
124
125
113
101
89
77
76
88
100
99
98
97
109
110
122
121
133
134
135
136
137
138
139
127
126
114
102
90
91
79
67
55
54
42
43
44
45
57
69
68
80
81
82
94
93
105
106
107
95
96
108
120
132
144
143
131
119
118
117
129
130
142
141
140
128
116
104
92
91
103
115
114
102
103
115
116
104
92
80
81
69
70
71
59
47
35
23
22
21
9
8
20
19
31
32
33
34
46
58
57
56
44
45
46
58
70
82
83
84
72
60
48
36
24
12
11
10
9
8
7
6
5
17
18
30
29
28
27
15
3
4
16
28
27
39
51
63
64
65
53
41
29
30
31
32
33
21
20
19
7
6
18
17
5
4
16
15
3
2
1
13
14
26
25
37
38
50
49
61
62
74
73
85
86
87
75
76
77
65
66
67
68
56
55
43
42
41
40
52
53
54
66
78
79
78
90
89
88
100
101
113
112
111
123
124
123
122
110
98
97
109
121
133
134
135
136
137
125
126
138
139
127
128
140
141
129
130
142
143
144
132
131
119
120
108
107
106
118
117
105
93
94
95
96
84
83
71
72
60
59
47
48
36
35
23
24
12
11
10
22
34
46
144
138
1
142
16
19
97
121
69
15
24
24
64
130
73
23
82
34
119
6
96
36
124
101
45
84
80
104
29
43
143
113
104
127
32
50
125
38
65
141
57
110
32
13
122
114
74
105
31
59
143
89
111
128
25
12
135
18
36
85
72
136
7
144
8
130
25
9
75
108
123
2
141
133
14
107
61
21
28
96
114
54
28
89
87
103
98
136
74
135
71
27
27
18
51
99
35
115
115
56
31
112
33
66
37
37
91
83
49
76
106
4
65
93
97
42
78
70
54
63
45
112
49
88
6
55
117
105
79
69
111
138
102
47
120
39
26
16
90
10
133
17
92
140
41
119
131
38
116
72
81
17
33
124
100
77
66
8
15
94
78
19
75
118
110
80
51
21
118
67
55
11
94
71
9
122
22
102
42
20
95
23
116
108
81
57
117
132
5
132
60
40
67
126
41
13
53
84
137
113
3
86
63
137
90
87
134
103
26
128
93
48
46
29
129
62
52
47
43
35
82
10
70
121
11
20
98
5
123
30
61
52
83
127
139
39
56
14
99
2
73
131
91
106
68
12
30
79
88
109
58
85
48
7
40
92
34
59
125
86
126
68
22
44
1
60
76
4
139
77
50
44
53
58
101
62
64
120
109
107
134
129
142
100
140
95
3
72
57
43
129
92
51
93
130
118
100
132
13
41
47
111
33
3
131
11
59
104
93
33
75
127
94
100
7
37
4
37
18
74
140
48
32
30
22
10
63
136
121
20
106
17
80
9
103
103
82
96
4
56
66
15
13
141
44
90
87
73
136
120
84
104
10
119
72
87
78
77
40
122
90
86
102
77
41
139
113
18
91
35
124
2
46
35
66
74
64
73
49
121
26
110
29
127
64
124
132
55
83
99
75
68
81
105
27
128
1
65
50
94
129
88
6
143
12
42
47
144
34
2
79
108
96
32
67
1
82
116
134
23
36
141
83
58
29
14
43
62
81
5
56
112
17
60
85
54
123
23
21
126
34
31
140
105
49
142
69
113
97
89
59
98
55
107
52
133
70
28
122
38
58
27
24
61
25
31
135
65
36
106
48
46
19
57
16
54
99
28
114
123
69
118
109
52
78
60
44
128
40
111
120
139
14
89
11
70
144
53
24
95
115
5
95
85
116
107
84
142
126
133
108
71
137
97
62
117
86
117
19
130
71
131
26
8
63
92
98
125
109
68
42
101
8
45
9
61
39
110
6
20
76
45
16
101
138
138
12
67
76
91
119
25
80
30
143
137
115
79
39
38
114
3
7
134
125
53
51
22
21
15
50
102
112
88
135
144
143
142
141
129
130
118
119
131
132
120
108
96
84
83
95
94
106
107
108
96
95
94
82
70
71
59
58
46
47
48
60
72
84
83
82
81
69
68
67
79
91
103
102
114
113
101
100
112
111
99
98
110
122
123
135
134
133
121
109
97
85
73
61
49
37
25
13
1
2
3
15
14
26
27
28
40
41
42
54
53
65
77
89
90
78
66
65
64
52
51
50
38
39
51
63
75
87
88
76
64
63
62
74
86
85
97
98
99
111
112
124
136
137
138
126
125
113
114
115
116
128
140
139
127
115
103
104
105
93
92
80
81
69
57
56
55
43
31
30
18
19
7
8
20
32
44
45
33
21
9
10
22
23
35
36
24
12
11
10
9
8
7
6
5
17
29
30
42
54
66
78
77
89
90
102
101
100
88
76
75
87
86
74
73
61
62
50
49
37
38
39
40
52
53
41
29
17
16
4
3
2
1
13
25
26
14
15
27
28
16
4
5
6
18
19
20
32
31
43
44
45
33
21
22
34
46
34
35
23
11
12
24
36
48
47
59
60
72
71
70
58
57
56
55
67
68
80
79
91
92
93
105
106
107
119
120
132
144
143
131
130
142
141
140
139
138
137
136
135
134
133
121
109
110
122
123
124
125
126
127
128
129
117
118
117
116
104
12
24
36
48
47
35
34
22
23
11
10
9
8
7
19
20
32
33
21
9
8
20
32
31
30
18
17
29
28
16
4
5
6
7
19
31
43
42
54
66
67
68
69
81
82
94
93
105
106
118
117
129
130
131
119
120
132
144
143
142
141
140
139
138
137
136
135
134
133
121
109
110
122
123
111
99
100
88
76
77
89
90
91
92
80
79
78
90
102
101
113
125
124
112
113
114
115
116
104
103
102
114
126
127
128
140
141
129
117
118
106
107
108
96
84
83
95
94
82
70
58
59
60
72
71
70
69
57
45
44
56
55
43
42
41
53
65
64
63
75
74
62
61
49
50
51
52
40
39
38
37
25
26
14
15
3
2
1
13
25
37
49
61
73
85
86
87
75
76
77
78
79
91
92
80
81
93
105
104
103
115
116
128
127
139
138
126
125
137
136
124
112
100
101
89
88
87
86
98
97
109
121
133
134
135
123
122
110
111
99
98
97
85
73
74
62
50
51
63
64
52
40
39
38
26
27
28
27
15
14
13
1
2
3
4
16
17
5
6
18
30
29
41
53
65
66
54
55
67
68
56
44
45
33
21
22
10
11
12
24
23
35
36
48
60
72
84
96
108
120
132
144
143
142
130
131
119
107
95
83
71
59
47
46
34
46
58
57
122
100
22
62
47
131
140
91
137
105
50
2
132
136
49
39
71
46
35
130
79
17
32
121
139
95
92
116
4
125
106
21
123
25
3
33
84
23
70
13
20
30
129
124
135
144
65
94
12
40
107
118
133
124
36
72
72
76
122
129
120
11
67
45
58
19
6
91
2
26
8
31
27
54
73
48
141
93
65
88
81
37
31
131
68
93
90
38
138
14
53
98
19
59
10
107
57
83
63
117
69
85
4
97
138
81
63
86
28
51
137
79
46
140
62
29
121
25
90
101
52
113
15
117
5
89
41
127
102
18
77
126
67
135
128
6
86
43
34
30
1
99
53
29
130
42
50
78
38
142
9
5
34
113
111
51
134
99
27
18
97
139
115
104
87
52
134
20
89
136
115
9
60
103
66
132
55
44
36
8
44
125
75
15
114
102
109
64
96
143
41
75
1
101
61
105
88
54
77
119
42
33
60
45
56
83
108
39
109
73
68
24
35
10
103
119
110
70
14
32
13
126
114
71
100
48
80
16
74
76
111
61
16
24
95
127
37
87
28
7
17
80
74
7
55
96
57
23
43
47
58
92
112
26
141
144
116
118
104
40
3
69
123
22
142
82
108
66
94
143
120
98
112
133
64
106
85
78
11
21
128
56
12
49
59
84
110
82
61
142
68
87
101
96
13
97
88
15
72
78
5
139
118
114
107
64
91
138
33
18
99
21
16
126
76
70
70
141
46
45
132
75
106
124
113
110
58
25
6
127
62
11
44
1
39
12
25
10
123
49
87
74
119
63
143
128
86
111
144
55
63
14
96
80
83
134
141
134
131
31
132
101
88
139
37
20
74
48
81
39
18
129
112
34
30
81
11
93
9
100
43
26
60
13
104
57
125
113
68
59
53
66
85
40
102
108
69
28
98
94
52
40
144
60
105
26
115
103
77
19
100
117
112
82
76
2
46
61
90
41
73
78
32
89
54
51
120
93
95
8
115
72
73
95
56
133
50
137
128
124
7
135
105
8
6
69
44
65
130
31
140
29
137
75
17
92
24
118
64
116
97
22
43
24
86
110
103
38
71
65
49
15
21
121
117
123
47
10
98
29
54
92
133
37
127
77
130
23
116
99
9
66
42
111
62
51
140
120
30
7
12
20
53
27
114
85
36
16
91
106
52
90
122
119
80
129
143
57
55
84
136
34
94
36
35
2
17
14
42
3
102
71
67
32
82
135
48
35
109
122
47
138
4
89
109
125
50
28
3
136
84
5
79
41
33
126
83
23
79
121
59
108
27
45
104
107
56
4
67
38
1
58
19
142
131
22
1
13
14
15
27
39
40
28
29
17
5
4
3
2
1
13
25
37
38
26
25
37
49
61
73
85
97
109
121
133
134
135
123
122
110
111
99
98
86
74
75
87
88
76
77
65
66
78
90
91
92
80
79
67
68
69
70
58
59
71
83
84
72
60
48
47
46
34
33
21
20
19
31
32
44
45
57
56
55
43
42
41
53
54
42
30
18
6
7
8
9
10
22
23
35
36
24
12
11
10
9
8
7
6
5
4
16
17
29
41
40
52
51
63
64
76
88
89
101
113
125
137
138
126
114
115
103
104
116
117
105
93
94
106
107
119
131
130
142
143
144
132
120
108
96
95
94
82
81
69
57
56
55
54
53
65
77
89
90
102
101
100
112
124
136
137
138
139
140
128
127
115
116
117
105
93
81
80
68
67
66
78
79
91
92
104
103
102
114
113
112
100
99
87
75
63
64
52
51
39
27
28
16
15
3
2
14
26
38
50
62
50
49
61
62
74
73
85
86
98
97
109
121
133
134
122
110
111
123
135
136
124
125
126
127
139
140
128
129
141
129
141
142
130
118
106
118
119
131
143
144
132
120
108
107
95
96
84
72
71
83
82
70
58
59
47
35
34
46
45
33
32
44
43
31
30
18
19
20
21
22
23
11
12
24
36
48
60
12
11
23
35
34
33
45
46
58
59
60
48
36
24
12
11
10
9
21
22
10
9
8
7
6
5
4
3
2
1
13
25
26
14
15
27
28
16
17
18
30
29
41
42
54
55
67
66
65
77
89
90
78
79
91
103
115
116
128
127
126
138
139
140
141
129
117
118
106
107
95
83
82
94
93
105
104
92
80
81
69
57
56
68
69
70
71
72
84
96
108
120
119
131
130
142
143
144
132
120
108
96
84
72
60
48
47
59
58
57
45
44
32
31
43
42
41
53
52
51
50
49
61
62
63
75
76
88
87
99
100
101
113
112
124
123
122
110
109
121
133
134
135
136
137
125
113
114
102
103
104
92
80
68
56
55
54
53
65
64
52
40
39
38
37
49
61
73
85
86
74
75
87
99
100
101
102
90
91
79
67
66
78
77
89
88
76
64
63
51
39
40
28
29
30
31
43
44
32
33
34
46
47
35
36
24
23
22
21
20
19
20
8
7
19
18
6
5
17
16
4
3
2
1
13
14
15
27
26
25
37
38
50
62
74
73
85
86
98
97
98
97
109
110
111
112
111
123
122
121
133
134
135
136
124
125
137
138
139
127
126
114
115
116
128
129
130
118
117
105
106
94
93
81
82
70
71
83
95
107
119
131
132
144
143
142
141
140
101
93
14
36
100
135
135
17
110
109
27
104
124
20
56
77
3
85
109
87
125
71
10
133
12
6
90
41
133
39
38
48
98
14
81
106
37
63
51
61
19
116
58
47
138
123
84
96
84
141
108
43
111
112
54
141
61
67
8
105
87
35
29
76
99
11
40
142
4
73
115
92
20
142
113
114
126
31
16
80
27
127
38
89
25
29
52
60
71
110
137
107
102
123
134
126
23
41
97
50
60
118
118
16
36
119
121
100
13
42
91
105
7
94
9
95
97
31
74
24
22
116
70
120
65
83
8
104
114
132
143
26
122
129
94
101
18
45
34
103
40
12
127
13
24
30
95
79
122
46
96
57
17
75
65
54
98
15
78
6
33
82
32
129
80
72
111
132
117
131
52
103
79
3
107
136
73
59
125
72
108
2
7
113
43
134
53
78
99
48
19
64
34
136
117
42
64
120
5
51
26
76
49
63
90
18
66
85
21
55
35
139
25
143
137
86
58
22
131
130
144
55
130
47
62
138
30
23
1
67
69
32
44
62
115
128
128
44
83
49
5
74
46
45
112
1
121
39
28
139
124
68
91
28
102
59
92
88
93
66
69
53
56
15
77
88
10
37
33
81
140
57
119
2
140
68
89
11
144
50
9
4
106
75
86
21
82
70
122
97
134
102
125
12
35
140
45
65
117
73
55
57
127
19
85
107
87
40
18
98
55
20
108
114
19
112
10
89
108
136
37
20
17
8
88
109
132
69
141
130
132
95
71
26
66
111
103
46
16
17
76
32
70
38
23
49
56
39
126
54
104
3
126
14
75
131
128
39
86
83
120
124
61
143
54
47
125
68
44
62
34
98
113
142
110
53
96
139
27
3
114
78
84
6
42
141
50
5
119
76
51
89
27
70
31
41
25
99
87
143
77
67
7
100
67
31
82
85
137
79
120
69
59
42
115
15
58
18
64
100
28
33
30
121
25
16
68
23
43
24
109
94
1
133
56
2
9
61
38
90
43
7
118
52
15
134
110
22
60
60
101
93
103
74
29
138
50
105
144
82
115
11
71
83
93
5
73
139
29
118
46
121
101
142
37
84
79
1
102
48
137
36
11
81
58
86
129
135
9
135
64
119
127
106
75
104
52
13
8
138
14
116
2
111
80
129
33
41
88
51
117
65
72
78
47
12
66
123
133
80
92
131
34
124
4
74
32
122
140
44
130
144
10
94
30
113
112
4
77
96
99
53
81
128
24
22
48
91
21
6
116
57
40
36
26
13
91
90
97
123
106
49
63
45
28
21
136
95
105
107
72
35
92
59
62
63
