##Rat 7 Day 5
 ##rewards
62
51
129
##Vertices
12
24
23
11
10
22
21
9
8
20
32
33
45
44
43
31
19
7
6
5
17
18
30
29
28
27
39
38
50
51
52
53
54
42
41
40
28
16
4
3
15
14
2
1
13
25
37
49
61
73
74
62
63
64
65
77
78
79
80
68
69
81
93
105
104
103
91
90
102
114
113
101
100
112
124
125
137
136
135
134
133
121
122
123
111
99
98
110
109
97
85
86
87
88
89
77
76
75
63
64
76
75
87
88
89
90
102
103
115
127
128
129
130
131
119
107
108
96
95
83
82
94
106
118
117
116
104
92
93
105
117
116
115
114
126
138
139
140
141
142
143
144
132
120
108
96
84
72
60
59
71
70
58
46
34
35
36
48
47
46
34
33
32
31
43
55
56
57
58
70
82
94
106
107
95
83
84
72
71
59
60
48
47
35
36
24
12
11
23
22
10
9
21
20
8
7
19
18
6
5
17
29
30
42
54
55
67
79
91
92
80
81
69
57
45
44
56
68
67
66
78
66
65
53
41
40
52
51
39
27
26
38
26
14
15
16
4
3
2
1
13
25
37
49
50
62
61
73
74
86
85
97
98
110
109
121
133
134
122
123
135
136
124
112
111
99
100
101
113
125
137
138
126
127
139
140
128
129
141
142
130
131
143
144
132
120
119
118
144
143
131
132
120
119
107
108
96
95
94
106
105
93
81
82
83
84
72
60
59
71
70
58
46
34
33
21
20
32
44
56
68
69
57
45
46
47
48
36
35
23
24
12
11
10
9
8
7
6
18
19
31
43
55
54
66
78
90
91
103
102
101
100
88
76
77
65
64
63
51
52
40
39
38
50
49
37
25
13
1
2
14
26
27
28
16
15
3
4
5
17
29
41
53
54
42
30
31
43
42
30
29
41
53
65
64
76
75
74
86
98
110
122
123
124
136
137
125
126
114
113
112
111
99
87
88
89
101
100
99
87
75
63
62
61
73
85
97
109
121
133
134
135
136
137
138
139
140
128
127
115
116
117
118
130
142
141
129
117
118
106
94
82
81
80
92
104
116
115
114
113
112
124
125
126
138
139
127
128
140
141
129
130
142
143
144
132
131
119
120
108
107
95
96
84
83
71
72
60
59
58
70
69
68
80
79
78
77
89
90
102
103
104
105
93
92
91
79
67
66
67
55
56
57
45
44
32
33
34
22
21
22
23
35
47
48
36
24
12
11
10
9
8
20
19
7
6
18
17
5
4
16
15
3
2
1
13
14
26
25
37
38
39
27
28
40
52
51
50
49
61
62
74
73
85
86
98
97
109
110
122
121
133
134
135
123
111
99
1
7
144
3
129
126
48
24
76
130
121
121
81
15
72
122
63
111
26
139
49
109
21
44
100
61
65
41
116
102
2
32
41
18
113
95
20
107
80
4
88
35
113
132
23
31
71
40
114
86
2
56
34
17
120
133
10
127
109
60
73
9
138
1
137
15
120
136
70
37
22
143
4
12
131
38
84
124
117
49
31
91
117
56
58
42
47
9
71
10
74
118
118
127
94
46
110
30
30
89
114
33
112
79
108
108
54
62
96
69
39
141
80
52
48
103
67
75
91
82
100
33
96
57
139
90
28
40
66
76
34
7
43
98
25
106
119
129
55
135
12
128
53
5
104
26
14
107
29
73
64
128
112
21
45
68
79
137
130
51
67
126
70
27
35
65
94
124
27
78
90
134
51
74
136
23
123
43
103
125
50
122
29
37
64
88
28
13
140
13
85
105
78
19
104
132
92
61
8
32
142
59
82
8
55
58
11
42
119
17
52
97
99
116
16
83
93
98
102
110
63
135
75
24
134
125
47
140
22
115
84
93
62
18
6
106
89
131
46
143
72
14
54
39
77
133
115
66
57
36
87
60
97
138
105
53
111
86
20
59
19
77
123
101
144
85
69
141
6
68
95
101
92
87
44
83
81
25
36
38
11
16
3
45
5
50
142
73
88
102
16
53
94
52
15
27
45
13
132
104
98
34
112
142
14
134
86
41
52
112
70
18
51
45
138
108
141
108
127
71
5
97
113
115
123
135
82
9
24
125
39
128
65
136
42
42
63
49
141
89
79
130
132
4
101
55
58
72
9
25
61
41
135
26
73
58
67
68
105
23
55
59
43
68
104
6
32
127
54
110
21
143
99
110
79
71
81
72
96
24
119
35
116
18
81
21
13
90
62
46
70
77
64
40
118
17
144
80
95
51
16
57
139
2
133
103
98
1
111
143
66
37
49
113
78
144
63
29
11
122
109
4
62
87
116
131
102
83
64
140
89
33
128
85
60
91
22
122
124
19
111
114
5
40
96
3
76
32
48
56
86
47
90
38
93
12
75
117
23
107
87
118
121
84
120
114
10
80
109
39
97
99
126
88
129
91
46
117
31
22
76
27
36
93
67
85
101
17
105
34
25
6
131
56
134
75
1
92
121
50
30
140
50
60
29
38
61
3
19
12
37
74
8
48
83
28
59
28
126
15
74
14
119
137
82
53
47
20
36
77
103
44
137
100
136
84
106
35
139
125
69
100
129
44
7
7
133
78
69
54
26
120
65
115
2
8
30
66
106
107
31
142
138
11
20
92
94
123
124
130
95
43
33
57
10
1
2
3
4
16
15
27
26
14
13
25
37
49
61
62
50
51
39
38
37
49
50
51
63
75
74
86
87
99
98
97
85
73
61
62
63
64
76
77
78
66
54
42
43
31
32
44
45
33
34
46
47
35
23
22
10
11
12
24
36
48
60
72
84
96
108
120
132
144
143
142
130
131
119
118
117
105
104
103
91
92
80
68
56
55
67
79
80
81
93
94
95
107
106
94
82
70
58
57
69
81
82
83
71
59
60
48
47
46
34
33
21
9
8
7
19
20
32
31
30
29
17
5
6
18
30
42
41
40
52
53
65
64
76
88
89
90
102
114
115
127
126
138
137
125
113
101
100
112
124
136
135
123
122
110
109
121
133
134
135
136
137
138
139
140
128
116
115
103
91
79
67
68
56
55
43
44
45
57
69
70
58
59
71
72
84
83
95
96
108
107
106
105
93
92
104
116
128
129
141
142
143
144
132
120
119
131
130
118
117
129
141
140
139
127
126
125
113
114
102
101
100
112
124
123
111
99
111
110
122
134
133
121
109
97
98
86
85
73
74
75
87
88
89
90
78
77
65
66
54
53
52
40
39
38
26
25
13
1
2
14
15
3
4
5
6
7
8
9
10
11
12
24
36
35
23
22
21
20
19
18
17
16
28
27
28
29
41
133
121
109
97
98
110
111
123
122
134
135
136
137
138
126
125
113
112
124
136
137
125
113
114
115
127
128
116
117
129
141
140
139
138
126
114
102
103
91
79
78
77
76
64
63
51
52
40
39
27
28
16
15
14
26
25
13
1
2
3
4
5
6
7
8
9
10
11
12
24
36
35
23
22
34
46
45
57
69
68
56
55
54
53
65
66
67
55
43
44
32
20
21
33
32
31
30
29
41
42
43
31
19
18
17
5
4
16
28
27
39
38
37
49
61
62
50
51
63
75
87
86
85
73
74
75
76
88
100
101
89
90
102
103
104
92
80
81
82
70
71
83
84
96
95
94
93
105
106
107
108
120
119
131
130
142
143
144
132
120
108
96
84
72
60
59
58
70
69
68
67
66
54
53
65
64
52
40
41
42
30
29
17
18
6
7
19
20
8
9
21
33
45
44
56
57
58
59
47
48
36
24
12
11
10
22
23
35
34
46
47
48
60
72
71
83
95
94
82
81
93
105
106
107
119
118
117
118
130
131
132
144
143
142
141
129
128
140
139
127
115
116
104
92
80
79
91
90
78
77
89
101
100
112
124
123
135
134
133
121
122
110
109
97
85
73
61
49
37
25
13
1
2
3
15
14
26
38
50
62
74
86
98
99
111
99
87
88
23
45
123
83
98
14
5
54
8
40
95
143
13
9
96
106
74
99
110
15
66
128
113
24
6
50
53
29
141
20
39
124
22
120
142
112
61
122
75
132
125
115
16
21
10
1
80
51
133
105
38
27
12
21
109
73
73
69
23
16
25
134
78
100
87
126
139
54
143
119
137
114
118
91
72
97
4
52
80
57
64
108
114
14
77
52
55
107
7
131
92
47
126
86
135
38
88
62
82
28
76
60
141
48
7
64
82
59
117
94
8
66
99
5
83
116
24
120
55
44
93
32
130
28
140
56
104
18
43
127
68
19
78
10
17
139
59
102
111
115
144
46
92
116
15
103
95
67
107
3
136
140
111
32
34
94
11
46
118
127
48
6
30
41
58
93
11
125
56
9
30
136
85
42
79
13
90
101
109
137
101
20
70
130
31
43
36
81
49
2
104
70
144
44
84
40
57
91
68
26
103
112
85
100
89
62
37
106
36
72
77
121
110
135
42
26
35
75
131
113
132
19
31
74
45
97
65
129
71
69
34
84
129
121
50
18
108
58
117
138
128
65
71
138
90
49
88
122
102
98
87
53
33
119
4
1
29
27
41
105
142
76
22
123
3
63
37
79
51
2
25
47
33
12
81
39
60
67
134
124
17
89
133
96
86
61
35
63
84
3
77
58
44
49
132
48
57
130
73
67
140
6
27
31
38
81
54
7
112
127
46
124
129
19
69
75
75
4
99
100
13
70
39
21
32
35
87
120
139
18
83
134
101
144
106
133
120
135
22
96
58
71
26
82
2
17
59
34
1
90
82
131
49
65
62
11
4
11
14
114
13
44
57
6
108
125
71
97
64
106
127
16
33
111
115
64
134
52
136
45
102
119
85
132
41
88
20
32
77
86
92
79
60
105
43
37
76
117
47
51
93
105
1
85
40
119
30
42
68
126
45
28
33
63
69
143
99
84
55
104
72
67
113
56
91
94
25
52
50
137
30
73
72
50
89
12
95
8
17
21
138
10
40
137
139
76
101
80
15
114
5
116
8
70
128
53
121
27
81
29
48
123
102
121
59
35
42
107
74
80
96
130
124
24
28
22
98
135
47
116
91
53
12
108
18
68
15
122
29
46
136
79
103
34
83
94
5
25
115
138
133
125
92
118
31
60
109
129
54
39
93
55
23
26
65
16
2
88
90
61
9
111
51
109
110
143
128
131
103
142
43
74
78
113
63
10
97
110
36
23
98
7
141
56
36
20
95
117
142
9
61
140
66
104
112
19
62
122
66
24
86
37
118
100
41
38
89
141
78
107
144
87
126
3
14
123
144
132
131
130
118
106
105
117
116
128
140
141
142
143
144
132
120
108
107
119
120
108
96
84
72
60
48
36
24
12
11
10
22
23
35
34
46
47
59
71
70
58
57
69
68
80
79
67
55
54
53
65
66
78
77
76
75
87
86
74
62
61
73
85
97
98
99
111
112
124
125
126
114
113
101
100
88
89
90
102
103
104
92
91
103
115
127
139
138
137
136
135
123
122
110
109
121
133
134
135
136
137
138
139
140
141
129
128
116
104
105
93
94
82
81
69
57
56
44
32
20
8
7
19
31
30
42
41
29
28
40
52
51
39
38
26
14
15
3
2
1
13
25
37
49
50
51
63
64
76
88
89
90
91
92
80
68
56
55
43
44
45
33
21
9
8
7
6
5
17
18
30
29
28
40
52
64
65
77
78
79
67
66
54
53
41
42
43
31
32
33
45
46
58
70
82
81
93
94
106
118
117
129
130
142
143
131
119
107
95
83
95
96
84
83
71
72
60
59
47
48
36
24
12
11
23
35
34
22
10
9
21
20
19
18
6
5
17
16
4
16
4
3
15
27
39
27
26
14
2
1
13
25
37
38
50
49
61
73
74
62
63
75
87
86
98
110
111
99
100
112
113
101
102
114
115
127
126
125
124
123
122
134
133
121
109
97
85
133
134
122
110
111
112
100
99
87
86
85
97
109
121
133
134
135
136
124
123
135
136
137
138
139
140
141
142
143
144
132
120
119
131
130
118
117
129
128
127
115
116
104
103
91
90
78
79
80
68
56
55
67
66
54
42
30
29
17
18
19
7
6
5
4
16
28
27
39
38
50
62
63
51
52
40
41
53
65
64
76
88
89
77
76
75
74
73
61
49
37
25
26
14
15
3
2
1
13
25
37
49
61
73
85
97
98
86
87
88
100
101
113
114
102
103
104
92
93
94
95
96
84
83
82
70
69
57
58
46
45
44
32
33
21
22
23
35
36
24
12
11
10
9
8
20
32
31
43
42
41
53
65
77
89
90
91
92
80
81
93
105
106
107
108
96
84
72
60
59
71
70
58
46
45
44
43
55
54
66
78
79
67
68
56
57
69
81
82
94
106
105
117
116
115
114
102
101
113
112
111
99
98
110
109
121
122
123
124
125
126
125
137
138
126
127
139
140
128
129
141
142
143
144
132
131
130
118
119
120
108
107
95
83
71
72
60
59
47
48
47
48
36
35
34
33
34
22
23
24
12
11
10
9
21
20
8
7
6
18
19
31
30
29
17
16
15
27
28
40
39
51
52
64
63
75
74
62
50
38
26
14
13
1
2
3
4
5
44
52
131
109
45
10
10
128
35
36
118
41
21
125
89
68
142
60
36
58
20
74
135
12
133
139
55
104
12
106
107
97
47
131
64
39
108
82
94
84
126
29
87
98
7
22
61
49
61
4
37
102
34
33
91
4
84
78
137
40
58
110
116
69
46
134
105
3
141
72
30
53
125
3
32
31
19
114
129
65
118
18
107
56
120
116
93
85
74
35
8
38
43
22
11
19
122
104
48
95
85
27
27
129
109
26
24
45
132
103
54
40
138
51
136
50
48
114
71
121
123
29
75
25
80
62
137
41
31
13
2
119
23
16
51
44
127
100
111
42
105
133
18
132
121
115
50
66
23
99
49
88
128
70
80
91
47
130
67
139
112
63
113
16
65
73
34
13
28
14
93
42
66
142
38
9
72
86
20
73
37
143
138
32
102
11
92
67
46
97
126
81
111
9
28
103
81
25
140
94
119
69
96
82
55
127
79
60
124
90
110
6
120
2
8
59
87
123
14
15
1
90
15
98
83
7
115
122
144
78
76
113
101
83
30
17
17
101
62
96
140
71
99
100
33
144
24
106
117
6
21
77
54
117
43
86
53
57
52
79
76
92
89
130
68
57
135
108
112
64
5
88
26
143
5
77
56
134
1
95
136
141
39
70
59
124
63
75
23
48
11
43
20
133
110
5
100
80
28
72
90
88
18
126
60
38
58
105
127
47
90
125
37
31
126
33
135
56
37
9
108
125
128
137
57
36
13
76
4
15
13
50
74
119
79
34
42
99
129
128
69
113
75
107
122
96
89
106
19
91
41
142
19
131
70
14
17
106
59
62
25
21
84
2
91
98
20
77
101
83
111
47
32
3
35
92
49
6
118
142
31
67
61
139
103
4
95
140
26
69
94
56
118
75
114
104
120
46
58
2
68
78
138
45
78
114
63
60
8
66
25
76
86
103
30
130
87
127
81
45
117
112
115
24
120
129
77
122
102
121
36
51
144
12
89
143
136
84
107
55
102
138
27
93
130
11
35
123
85
85
44
52
42
71
116
7
95
40
1
63
30
134
74
62
52
140
72
6
116
27
99
24
44
3
108
61
66
144
43
97
8
109
134
64
87
59
16
10
136
10
81
26
18
39
70
41
93
132
137
7
131
29
143
34
65
16
112
104
57
94
28
80
73
67
98
133
79
22
12
65
53
14
111
21
141
71
113
23
5
101
15
1
135
51
115
32
33
141
68
49
46
92
64
17
121
123
97
54
124
139
29
88
105
109
119
132
54
55
48
22
39
96
82
100
117
124
9
50
40
38
73
110
53
86
83
82
