##Rat 6 Day 49
 ##rewards
83
94
16
##Vertices
133
121
122
123
135
136
137
138
126
114
102
90
91
79
80
92
93
94
82
81
69
68
67
55
56
44
32
31
19
7
6
5
4
3
15
27
39
51
50
49
37
38
26
14
13
1
2
3
4
16
17
18
30
42
43
44
45
33
34
46
47
59
71
83
84
72
60
48
36
35
23
24
12
11
10
9
8
20
21
22
34
33
32
31
43
42
41
29
28
40
52
64
65
77
78
66
54
53
41
40
52
51
63
75
87
86
74
62
61
73
85
97
98
110
109
97
85
86
87
99
111
112
113
125
124
136
137
138
139
127
115
103
104
105
117
118
130
142
141
129
128
140
141
142
143
144
132
131
119
120
108
96
95
107
106
94
82
70
58
57
69
81
93
92
80
79
78
77
76
88
100
101
100
88
89
101
89
90
91
103
102
114
113
112
111
99
98
110
109
121
122
134
133
134
135
123
124
125
126
127
139
140
128
116
115
116
104
105
117
129
130
131
143
144
132
120
119
118
106
107
108
96
95
83
84
72
60
59
71
70
58
57
45
46
47
48
36
35
23
24
12
11
10
22
21
9
8
20
19
7
6
5
17
18
30
29
28
16
15
14
2
1
13
25
37
25
26
27
39
38
50
49
61
73
74
62
63
75
76
64
65
66
67
68
56
55
54
53
144
143
142
141
140
128
129
130
131
132
120
119
118
106
105
104
92
91
103
102
101
113
114
126
138
137
125
124
136
135
134
122
110
98
97
85
86
87
88
89
77
76
64
65
66
67
55
54
42
43
44
56
57
69
68
80
79
78
90
89
88
100
112
111
123
135
136
137
138
139
127
115
116
117
105
93
94
82
81
93
94
95
96
108
107
106
118
117
116
104
103
102
101
100
99
87
75
63
62
50
38
37
25
26
27
39
51
52
53
41
40
28
29
17
16
4
3
15
14
2
1
13
25
37
49
61
73
74
75
76
64
52
53
41
40
28
29
30
31
19
18
6
7
8
9
21
20
32
33
34
35
47
59
58
46
45
57
58
70
71
72
60
48
36
24
12
11
23
22
10
9
21
22
10
11
12
24
23
35
36
48
47
46
34
33
45
44
56
55
43
31
32
20
8
7
19
18
30
42
54
66
65
77
78
90
91
92
80
79
67
68
69
81
82
70
71
59
60
72
84
83
95
83
84
96
108
107
119
120
132
144
143
131
130
142
141
129
128
140
139
127
115
114
126
125
124
123
122
134
133
121
133
121
109
110
109
97
85
73
61
49
50
38
26
14
13
1
2
3
4
5
6
5
17
16
15
27
39
51
63
62
74
86
98
99
111
112
113
139
19
125
63
76
87
96
139
14
84
87
134
111
135
55
37
11
25
80
45
95
41
106
28
17
142
31
68
116
23
33
85
120
12
30
49
36
55
7
137
64
126
130
103
70
3
144
131
105
54
20
65
143
78
134
4
66
132
15
117
46
89
128
47
7
125
57
72
30
122
35
56
60
131
133
63
1
73
112
141
47
119
62
94
138
124
69
65
5
38
83
8
100
4
18
44
107
32
17
29
80
92
115
121
32
110
102
110
140
113
109
48
34
136
52
91
95
20
79
60
44
40
99
35
24
49
94
122
81
45
81
22
48
99
43
66
9
23
137
33
120
61
124
40
59
9
114
26
126
115
106
123
90
27
143
16
27
133
142
101
114
83
74
1
14
97
12
140
79
28
19
89
18
72
101
73
97
113
71
109
15
88
62
77
69
90
117
141
96
98
5
130
36
13
2
111
86
104
24
77
136
88
82
3
129
53
128
103
13
67
127
127
34
37
100
135
43
21
85
74
68
78
98
22
26
52
6
42
16
108
86
57
75
121
39
112
116
51
132
71
123
102
51
31
59
104
75
54
56
53
84
118
10
67
58
2
42
118
29
8
91
6
58
10
129
138
82
107
39
70
144
93
76
64
93
41
105
50
21
119
108
25
38
61
46
92
50
11
123
17
35
27
50
72
60
16
137
124
54
129
101
144
104
118
85
19
31
40
2
143
27
87
88
39
116
1
87
15
85
92
99
41
98
109
17
92
34
90
30
131
121
65
117
10
14
13
138
142
71
58
144
18
72
84
71
95
73
101
67
19
132
141
68
40
138
115
45
29
80
21
36
77
119
11
59
122
102
94
61
59
66
42
94
55
103
83
66
5
45
142
120
128
4
128
106
3
7
139
136
65
93
56
11
32
76
111
81
96
35
82
123
79
90
30
53
31
116
7
129
54
56
37
69
126
98
114
86
125
140
70
113
131
102
57
99
38
100
113
36
18
6
67
74
47
28
24
47
75
16
14
115
73
23
46
44
114
110
79
80
93
20
111
103
126
118
82
53
9
120
119
117
121
140
8
68
8
20
12
76
46
137
112
136
49
63
33
44
61
52
96
51
5
41
122
91
112
105
86
64
37
26
135
43
124
34
70
25
127
81
3
100
25
57
132
28
75
108
143
109
48
9
133
74
63
1
23
95
51
134
84
97
6
49
141
104
77
134
130
110
62
21
26
10
89
22
43
33
2
107
48
22
106
24
13
15
130
69
83
50
42
91
97
88
125
55
127
108
62
39
64
133
4
29
38
105
107
139
78
135
12
78
60
52
89
32
58
1
2
3
4
16
17
5
6
7
8
9
10
11
12
24
23
35
36
48
47
46
45
57
56
44
43
31
30
42
54
66
65
64
76
75
63
51
50
38
39
27
26
14
13
25
37
49
61
73
85
86
98
97
109
121
133
134
135
136
124
123
122
110
111
112
100
101
89
90
91
103
102
114
113
125
126
127
128
129
141
140
139
138
137
136
135
123
111
99
87
88
100
99
87
75
74
62
63
64
52
40
41
53
54
55
67
68
80
79
78
77
65
53
52
51
39
40
28
29
41
42
30
18
19
20
32
33
21
22
34
46
58
59
60
72
71
83
84
96
95
107
108
120
119
131
132
144
143
142
130
118
117
116
104
105
93
81
69
70
82
94
106
118
117
105
104
92
93
81
69
57
58
59
60
72
84
83
71
70
82
94
106
107
95
96
108
120
119
131
132
144
143
142
130
129
141
140
128
116
115
103
115
114
126
127
139
138
137
125
124
112
113
101
102
90
89
88
76
77
78
66
67
79
91
92
80
68
56
55
43
31
19
18
17
29
28
27
15
16
15
14
26
38
50
62
74
86
98
110
122
134
133
121
109
97
85
73
61
49
37
25
13
1
2
3
4
5
6
7
8
20
21
9
10
22
23
11
12
24
36
48
47
35
34
33
45
44
32
12
24
36
35
23
22
10
11
12
24
36
48
60
72
84
96
108
120
119
118
130
142
141
140
139
138
137
125
124
136
135
123
122
121
109
97
98
110
111
112
113
114
126
127
115
103
102
101
89
77
76
64
65
66
78
90
91
79
67
68
69
57
58
59
47
46
34
33
32
20
8
9
21
33
45
44
43
42
54
55
56
44
45
57
56
55
67
68
80
92
104
116
128
129
117
105
93
81
82
94
106
107
95
83
71
70
82
94
93
105
104
116
115
103
102
101
100
88
87
99
111
112
100
88
76
75
63
51
52
53
41
40
28
27
39
38
26
14
15
16
4
3
2
1
13
25
37
49
50
62
74
86
85
73
61
49
37
38
39
27
28
29
17
5
6
7
19
18
30
31
32
20
21
22
34
46
58
70
69
81
80
92
91
79
78
66
54
42
43
31
19
18
30
29
17
16
15
14
26
25
13
1
2
3
4
5
6
7
8
9
10
11
23
35
47
48
60
59
71
72
84
83
95
96
108
120
119
107
106
118
117
129
130
131
143
131
132
144
132
144
143
142
141
140
128
127
139
138
126
114
113
125
137
136
124
123
135
134
133
121
133
134
122
110
109
97
98
99
87
75
74
86
85
73
61
62
50
51
63
64
52
40
41
53
65
77
89
90
126
45
117
2
37
141
63
6
84
44
5
29
10
35
118
127
54
56
18
70
87
123
92
12
73
108
106
142
130
76
84
3
22
98
24
109
54
105
90
74
18
52
21
52
8
69
133
9
107
20
26
24
43
95
144
27
67
65
72
72
61
110
25
19
144
131
87
9
130
111
110
100
142
37
143
42
38
42
117
95
1
92
101
125
51
124
78
71
31
40
115
104
77
28
91
49
97
28
102
137
49
71
33
122
31
105
48
143
75
119
122
48
44
62
58
77
25
39
103
50
132
96
107
13
83
125
12
88
106
65
53
19
82
76
68
103
5
33
50
81
55
41
10
141
136
56
93
27
57
136
69
131
101
46
93
3
80
78
7
129
75
4
32
46
61
140
89
13
138
59
73
86
94
119
88
99
57
81
64
86
1
114
96
102
121
112
66
38
17
133
14
67
29
2
6
128
36
70
60
104
99
66
137
21
34
16
135
138
36
41
134
22
118
63
14
94
80
43
128
121
47
53
34
45
15
83
30
129
116
55
35
139
124
79
112
89
82
140
126
30
74
11
40
68
139
90
62
16
15
134
123
91
113
8
120
97
11
59
39
51
32
135
47
79
120
115
64
98
100
17
114
20
113
58
108
23
7
111
132
109
4
116
85
127
23
60
26
85
6
21
40
91
19
126
47
6
122
86
47
84
100
78
53
136
138
46
62
24
3
90
45
81
45
143
11
131
76
71
5
42
119
86
111
17
34
23
75
139
71
30
84
144
59
124
2
111
129
52
138
43
37
74
20
56
67
33
19
60
55
98
70
20
114
30
38
93
43
87
32
110
58
22
94
16
36
5
77
61
143
133
44
60
100
103
128
50
25
73
32
85
72
79
15
114
105
53
99
121
9
18
95
51
18
62
141
27
113
95
10
137
34
125
104
98
132
107
106
117
33
82
50
13
115
8
2
97
9
69
48
39
38
48
79
91
42
106
87
16
8
39
134
129
140
57
68
15
40
96
107
113
55
88
130
49
118
41
93
75
136
74
54
23
89
35
35
115
142
49
51
4
132
101
3
63
52
102
123
108
128
135
56
10
66
13
64
59
141
72
1
22
65
37
29
135
82
36
134
7
83
116
14
108
92
109
121
97
21
125
89
92
25
109
80
69
1
123
26
31
41
131
76
126
64
88
85
118
12
116
29
130
83
26
137
61
105
65
57
124
81
70
120
77
17
110
142
11
119
120
68
112
12
80
90
127
94
103
133
28
117
54
73
139
4
127
7
104
102
27
58
78
31
96
46
66
144
122
99
14
112
24
28
140
101
67
44
63
144
132
120
108
107
95
96
84
72
60
48
36
24
12
11
23
22
10
9
21
33
45
44
56
57
69
70
82
81
80
79
91
103
102
114
115
116
128
129
117
118
130
131
143
142
141
140
139
138
137
125
124
136
135
134
133
121
109
97
98
110
122
123
111
99
100
88
89
77
65
64
76
75
87
86
74
62
50
38
37
49
61
73
85
97
109
110
111
112
113
101
100
112
113
114
126
127
115
103
104
105
93
92
80
68
67
55
54
66
78
90
91
92
104
116
117
105
106
94
93
81
82
83
71
59
58
46
47
35
34
33
32
20
8
7
19
18
6
5
17
16
4
3
15
14
2
1
13
25
26
27
39
51
52
40
41
42
43
31
30
29
28
27
39
40
52
53
41
42
43
44
32
20
8
7
6
18
19
31
30
29
28
16
17
5
4
3
15
14
2
1
13
25
26
38
37
49
50
51
63
64
63
75
74
62
61
73
85
86
98
99
87
88
76
77
89
101
102
90
78
79
67
66
65
53
54
55
56
68
69
70
71
83
95
94
106
118
119
107
119
131
130
129
128
127
126
125
124
123
122
121
133
134
135
136
137
138
139
140
141
142
143
144
132
120
108
96
84
72
60
59
47
48
36
35
23
24
12
11
10
9
21
22
34
46
45
57
58
1
2
14
26
27
15
3
4
5
17
18
6
7
19
31
32
20
8
9
21
33
34
35
23
22
10
11
12
24
36
48
60
59
71
70
58
57
45
44
43
55
54
66
65
53
41
42
30
29
28
40
39
38
50
49
37
25
13
1
2
3
15
16
28
40
52
51
63
64
76
75
74
86
85
73
61
62
63
75
87
88
100
99
111
123
122
110
98
97
109
121
133
134
135
136
124
125
137
138
139
140
128
127
126
114
115
103
104
105
106
118
130
142
141
129
117
116
115
114
113
112
100
101
102
90
89
77
78
79
67
68
69
81
80
92
91
103
104
116
117
118
119
131
143
144
132
120
108
96
84
72
60
48
47
46
45
33
32
44
56
57
69
70
82
83
95
94
93
105
106
107
95
107
119
131
143
144
132
120
108
96
84
72
71
83
82
94
93
81
80
92
91
79
78
90
102
101
89
77
65
64
76
88
87
99
111
112
113
125
126
127
128
129
130
142
141
140
139
138
137
136
124
123
135
134
133
121
122
110
109
97
98
86
85
73
74
62
61
49
50
38
37
25
13
14
26
27
39
51
52
53
54
66
67
68
56
55
43
31
19
18
30
42
41
29
17
16
4
5
6
7
8
20
21
9
10
22
23
11
12
24
36
35
34
46
58
59
47
25
126
103
14
76
43
102
34
7
70
91
128
18
21
33
72
106
3
125
56
101
44
127
124
60
132
32
41
78
101
6
33
17
77
40
105
43
102
29
81
51
119
2
54
14
58
52
90
48
63
124
50
10
87
59
72
39
95
125
28
97
100
113
62
112
20
53
30
142
80
57
89
64
131
32
45
73
120
67
46
5
36
19
42
123
69
26
55
24
89
66
96
109
1
57
109
29
47
126
35
130
4
107
117
11
5
144
133
143
92
61
7
98
13
68
39
85
112
9
144
15
62
94
121
26
3
134
25
44
10
138
92
118
95
114
22
23
63
83
77
143
139
108
46
113
78
50
60
116
38
21
87
120
139
79
70
104
114
71
22
130
133
54
12
88
122
34
129
140
123
75
36
58
105
27
20
93
135
110
75
115
65
49
16
64
69
94
19
6
68
131
82
106
11
108
116
137
31
61
140
84
8
141
136
88
81
38
41
96
37
65
107
86
137
127
142
28
51
138
122
104
141
49
37
134
99
45
24
79
18
103
86
53
74
129
100
30
27
115
23
55
118
8
111
73
83
128
12
136
91
93
110
2
59
74
9
4
135
121
1
66
67
97
31
76
56
35
16
119
13
71
40
17
52
132
111
90
42
99
48
15
84
117
47
80
98
82
85
114
130
114
32
19
36
134
139
50
94
66
73
5
21
51
18
8
37
111
92
106
132
95
11
120
69
112
105
14
47
31
10
41
113
91
109
115
48
116
28
130
104
82
115
138
4
100
9
77
98
33
89
140
101
45
92
100
128
65
20
54
96
66
107
116
39
137
13
40
55
27
29
87
36
43
11
73
141
78
138
10
61
70
44
60
103
99
69
106
112
68
23
118
123
86
44
13
25
126
117
30
141
133
88
22
53
123
48
42
64
129
125
125
64
23
122
1
95
80
144
144
119
46
63
12
142
24
76
121
7
4
49
38
143
99
88
60
34
93
126
93
37
91
49
38
20
45
43
59
27
131
124
55
87
50
83
72
122
16
124
63
79
85
83
47
56
75
17
97
74
31
58
46
22
57
127
3
42
6
16
131
41
53
52
113
17
39
59
140
109
26
97
132
18
28
35
15
81
67
3
94
19
135
68
90
56
96
82
78
104
30
5
119
34
26
84
134
54
75
65
79
1
77
105
32
58
8
7
29
71
61
76
14
110
21
84
62
102
15
33
67
121
142
137
133
110
71
24
135
81
117
90
2
108
102
35
25
108
85
98
89
103
70
107
62
57
72
2
136
52
86
143
9
12
51
101
80
127
120
136
40
139
74
111
6
129
118
128
