##Rat 5 Day 32
 ##rewards
74
87
21
##Vertices
5
113
49
130
141
62
33
78
79
99
82
51
133
34
53
41
71
115
36
8
113
33
134
54
96
128
42
15
30
72
78
76
143
59
3
4
61
47
96
91
32
28
19
118
132
72
60
45
118
136
1
21
50
56
69
16
21
87
117
110
86
103
104
131
6
58
122
16
25
50
11
71
90
74
8
7
13
140
123
106
81
14
105
52
107
31
94
47
125
23
46
127
19
98
137
108
93
74
27
15
95
66
114
75
12
38
2
106
84
116
88
18
85
70
110
49
77
17
48
58
126
64
28
63
121
83
142
76
26
129
70
23
79
31
95
140
112
11
14
109
143
94
112
7
37
73
89
114
41
124
138
103
116
124
24
104
12
42
29
40
39
18
136
92
125
9
38
35
55
102
109
57
100
22
81
37
26
101
102
57
44
30
84
99
134
83
111
22
120
64
119
67
77
98
93
126
131
123
111
92
68
130
127
107
61
80
137
34
46
91
129
63
60
135
3
101
121
97
80
10
32
39
120
142
132
119
68
29
86
122
45
100
27
59
20
128
10
9
51
139
20
48
44
82
138
141
5
13
43
2
105
65
35
90
40
52
56
135
24
108
54
69
73
133
85
144
97
117
67
55
17
87
144
6
53
1
139
66
43
88
89
115
75
25
62
65
36
4
95
43
8
114
88
141
90
66
36
35
102
48
46
130
121
67
129
117
96
80
57
106
3
110
36
33
28
61
140
102
111
62
64
67
52
2
128
53
139
103
118
59
50
134
21
100
116
98
34
136
18
77
130
74
31
51
144
125
60
40
29
86
42
37
101
138
112
24
41
80
2
111
91
14
39
124
4
11
137
63
70
45
76
105
110
93
90
15
16
41
49
5
62
7
134
143
82
23
17
144
53
95
55
38
93
49
109
139
12
48
73
35
136
125
81
17
47
46
120
85
10
87
119
116
44
137
85
3
68
92
10
9
79
29
103
11
142
74
141
72
140
81
124
97
47
12
51
104
16
142
121
9
138
42
24
22
13
26
8
30
115
99
91
71
119
6
19
114
94
72
19
122
15
1
117
128
58
40
126
31
30
86
65
66
83
1
122
143
113
73
14
59
25
27
69
131
43
56
127
131
107
78
135
27
52
76
21
79
20
118
4
70
133
75
112
61
109
129
44
96
133
123
78
92
87
83
54
98
34
108
50
20
69
75
58
39
13
64
23
89
63
94
5
68
45
55
28
32
26
104
101
113
18
84
77
135
6
107
22
132
60
106
88
7
126
57
89
100
82
120
33
32
37
108
54
127
99
105
115
25
65
123
56
132
97
71
84
38
1
2
3
4
16
15
27
26
14
13
25
37
49
61
62
50
51
39
38
37
49
50
51
63
75
74
86
87
99
98
97
85
73
61
62
63
64
76
77
78
66
54
42
43
31
32
44
45
33
34
46
47
35
23
22
10
11
12
24
36
48
60
72
84
96
108
120
132
144
143
142
130
131
119
118
117
105
104
103
91
92
80
68
56
55
67
79
80
81
93
94
95
107
106
94
82
70
58
57
69
81
82
83
71
59
60
48
47
46
34
33
21
9
8
7
19
20
32
31
30
29
17
5
6
18
30
42
41
40
52
53
65
64
76
88
89
90
102
114
115
127
126
138
137
125
113
101
100
112
124
136
135
123
122
110
109
121
133
134
135
136
137
138
139
140
128
116
115
103
91
79
67
68
56
55
43
44
45
57
69
70
58
59
71
72
84
83
95
96
108
107
106
105
93
92
104
116
128
129
141
142
143
144
132
120
119
131
130
118
117
129
141
140
139
127
126
125
113
114
102
101
100
112
124
123
111
99
111
110
122
134
133
121
109
97
98
86
85
73
74
75
87
88
89
90
78
77
65
66
54
53
52
40
39
38
26
25
13
1
2
14
15
3
4
5
6
7
8
9
10
11
12
24
36
35
23
22
21
20
19
18
17
16
28
27
28
29
41
144
132
120
108
107
119
118
130
131
143
142
141
140
139
127
128
116
117
129
141
140
128
116
115
114
126
125
113
112
124
136
137
138
139
127
115
103
102
90
78
79
80
81
69
70
58
57
45
46
34
33
21
22
23
35
36
24
12
11
10
9
8
7
6
5
4
3
2
1
13
25
26
14
15
27
39
40
52
64
65
53
54
55
56
68
67
66
54
42
41
29
17
16
28
29
30
31
32
44
43
42
30
18
19
20
8
9
21
33
34
46
47
48
60
72
71
59
58
70
82
94
95
96
84
83
82
81
93
105
104
92
91
103
102
101
89
77
76
75
63
62
74
73
85
86
87
88
100
99
98
97
109
110
122
123
135
134
133
121
109
97
85
73
61
49
50
51
63
64
65
66
67
55
56
68
69
57
45
44
43
31
32
20
19
7
6
18
17
5
4
16
28
40
41
53
52
51
50
38
37
25
13
1
2
3
15
14
26
27
39
38
37
49
61
62
74
86
87
75
76
88
100
99
98
110
111
112
111
123
122
121
133
134
135
136
124
125
137
138
126
114
113
101
89
77
78
90
91
79
80
92
104
105
117
129
130
142
143
144
132
131
119
120
108
96
84
72
60
48
36
24
12
11
10
22
23
35
47
59
71
83
95
107
106
118
106
94
93
125
95
109
62
46
3
54
121
79
93
87
1
8
134
11
39
53
86
32
8
135
29
20
71
81
36
27
138
24
41
84
58
131
137
67
40
6
7
128
27
114
96
17
114
124
23
122
80
33
135
79
72
22
70
30
101
142
94
19
35
59
18
21
36
120
34
48
15
73
85
70
86
117
23
9
140
61
32
100
98
131
24
89
106
44
10
4
26
50
130
118
92
63
133
5
52
81
107
121
75
7
97
127
47
25
83
102
75
20
129
130
64
61
72
44
84
74
85
56
67
60
19
105
117
110
6
29
91
137
104
43
143
18
17
71
42
80
78
89
108
103
138
101
132
21
11
16
12
140
88
83
66
31
136
106
33
113
69
45
55
105
38
46
28
37
87
109
64
96
30
42
13
93
25
49
118
60
59
69
76
102
76
15
132
134
143
142
52
38
97
91
39
123
99
57
22
108
104
35
12
115
141
111
90
54
78
13
45
51
9
5
47
94
112
100
34
119
16
125
1
123
51
110
98
37
113
116
133
2
63
57
56
112
66
48
107
95
92
119
4
77
99
40
49
120
82
90
141
111
88
82
68
136
65
126
139
115
14
73
129
103
68
14
127
139
144
3
50
124
126
53
26
2
58
41
31
116
65
10
62
28
43
74
55
122
144
77
128
127
18
96
55
34
143
74
106
35
33
22
8
125
54
7
78
59
71
5
26
60
21
56
16
137
99
93
70
32
23
61
9
19
71
137
128
114
33
136
48
124
83
44
18
10
24
47
135
124
30
64
87
25
50
91
68
82
32
85
108
28
15
140
128
101
3
117
118
21
45
69
42
115
70
12
113
81
94
81
77
109
46
120
101
76
105
115
79
105
142
34
126
140
103
84
25
55
53
13
121
3
88
73
116
27
68
138
90
141
19
35
57
133
26
27
1
62
13
143
14
84
85
103
74
82
51
2
39
97
11
41
72
51
133
99
130
6
62
5
91
76
49
107
72
52
89
17
100
134
80
107
92
9
78
121
77
49
141
83
17
109
67
37
96
112
43
111
1
53
98
10
106
69
12
132
127
29
11
97
40
48
14
36
66
126
90
142
63
52
36
116
65
15
31
125
131
6
2
23
30
37
111
20
95
102
88
144
113
29
39
139
122
87
42
120
119
138
104
4
41
123
40
38
114
100
28
16
67
22
45
75
144
20
58
135
123
92
134
110
54
47
75
112
38
60
95
94
43
93
129
122
7
79
131
110
46
31
56
98
139
58
73
65
136
66
86
89
57
63
44
80
108
50
118
59
119
102
24
61
86
132
64
104
129
130
8
117
4
133
121
122
123
111
99
100
112
113
125
137
136
135
134
133
121
109
97
98
110
109
97
85
73
61
49
37
25
13
1
2
3
15
14
26
27
39
38
50
62
63
51
52
64
65
77
78
66
54
55
56
68
67
79
80
81
82
94
95
83
71
72
84
96
108
107
106
118
117
129
128
127
115
116
104
105
93
92
91
103
102
101
89
90
102
114
126
138
139
140
141
142
130
131
119
120
132
144
143
142
141
140
139
138
137
136
124
125
113
101
100
88
87
75
76
64
52
53
41
29
17
5
6
18
30
31
43
44
32
33
45
57
58
46
47
35
23
22
10
11
12
24
36
48
60
59
58
70
69
81
93
92
91
90
89
77
65
53
54
42
41
40
28
16
4
5
6
7
8
20
19
31
32
33
45
57
69
68
80
79
78
66
67
55
56
44
43
42
30
29
28
40
39
51
63
75
76
88
87
99
111
112
124
123
135
134
122
110
98
86
74
86
85
73
74
62
61
49
50
38
37
25
13
1
2
14
26
27
15
3
4
16
17
18
19
7
8
20
21
9
21
9
10
22
34
46
34
35
23
11
12
24
36
48
47
59
60
72
84
83
71
70
82
94
95
107
119
118
106
105
117
116
104
103
115
114
126
127
128
129
130
131
143
144
132
120
108
96
12
11
23
35
34
33
45
46
58
59
60
48
36
24
12
11
10
9
21
22
10
9
8
7
6
5
4
3
2
1
13
25
26
14
15
27
28
16
17
18
30
29
41
42
54
55
67
66
65
77
89
90
78
79
91
103
115
116
128
127
126
138
139
140
141
129
117
118
106
107
95
83
82
94
93
105
104
92
80
81
69
57
56
68
69
70
71
72
84
96
108
120
119
131
130
142
143
144
132
120
108
96
84
72
60
48
47
59
58
57
45
44
32
31
43
42
41
53
52
51
50
49
61
62
63
75
76
88
87
99
100
101
113
112
124
123
122
110
109
121
133
134
135
136
137
125
113
114
102
103
104
92
80
68
56
55
54
53
65
64
52
40
39
38
37
49
61
73
85
86
74
75
87
99
100
101
102
90
91
79
67
66
78
77
89
88
76
64
63
51
39
40
28
29
30
31
43
44
32
33
34
46
47
35
36
24
23
22
21
20
19
20
8
7
19
18
6
5
17
16
4
3
2
1
13
14
15
27
26
25
37
38
50
62
74
73
85
86
98
97
98
97
109
110
111
112
111
123
122
121
133
134
135
136
124
125
137
138
139
127
126
114
115
116
128
129
130
118
117
105
106
94
93
81
82
70
71
83
95
107
119
131
132
144
143
142
141
140
114
135
114
72
14
100
4
107
36
48
106
142
115
58
43
93
117
74
113
74
39
124
141
79
55
140
25
105
3
68
23
13
13
96
108
118
85
108
44
143
8
34
61
11
56
82
20
65
1
124
135
83
26
48
8
119
60
89
28
138
30
137
18
88
97
33
130
120
94
127
139
40
61
64
63
122
110
144
57
47
78
56
128
96
41
44
54
5
45
118
67
70
113
116
116
80
92
91
107
140
19
132
117
58
57
54
64
2
125
70
104
94
77
75
34
136
24
71
111
66
81
98
59
134
30
90
26
36
134
67
88
102
127
73
6
25
139
131
97
73
46
110
7
19
95
33
133
136
43
86
129
17
5
111
101
60
138
32
50
35
121
18
109
46
130
40
92
144
9
35
106
76
112
137
17
122
41
45
10
126
47
132
79
38
37
15
87
4
95
112
66
21
89
14
133
99
24
16
55
105
32
51
85
82
38
31
62
65
93
102
81
2
27
99
20
142
87
90
101
7
104
6
69
51
53
63
15
53
68
84
103
3
125
115
28
84
12
42
98
21
9
42
12
23
126
91
62
52
143
29
77
83
50
31
22
27
131
123
123
49
49
100
80
129
103
39
22
121
11
109
120
86
141
78
72
16
1
52
128
10
119
29
76
71
69
75
37
59
49
5
122
22
30
25
94
120
121
41
87
89
82
87
92
34
11
84
26
104
82
26
54
60
92
20
71
79
126
79
39
44
134
67
59
98
78
67
50
144
59
34
52
125
138
1
39
76
22
84
123
118
53
9
13
37
32
3
136
143
21
90
123
29
130
128
29
96
134
16
109
25
105
64
116
74
116
23
2
119
130
131
108
60
18
122
93
38
5
94
112
41
57
88
31
36
45
112
10
32
140
85
37
72
120
110
95
61
102
129
61
88
43
46
17
24
107
136
63
86
114
91
127
93
102
57
36
124
17
28
55
86
141
126
9
7
119
128
138
21
45
139
52
131
42
90
68
10
40
63
14
104
69
13
125
69
133
121
47
110
132
33
33
65
124
71
24
98
144
105
4
80
95
3
66
14
47
4
137
43
20
54
97
106
64
77
6
55
15
40
83
139
100
135
30
143
8
56
8
111
115
91
6
23
31
103
58
107
101
81
103
51
66
65
12
78
7
142
53
113
133
2
58
80
108
38
99
89
74
15
28
46
114
1
19
18
100
70
115
132
49
68
97
62
27
56
76
85
35
44
109
77
12
118
137
75
141
99
129
83
101
81
73
117
127
73
70
16
111
62
35
11
48
75
72
140
50
96
142
27
106
48
113
117
19
135
51
42
1
13
14
15
27
28
29
41
53
52
51
63
62
61
49
50
38
37
25
26
27
39
40
28
16
4
5
6
18
19
7
8
20
32
33
21
22
23
35
36
48
47
59
60
72
71
83
82
70
69
81
93
94
95
107
108
120
119
118
106
105
117
116
128
129
141
140
139
127
115
103
102
114
126
138
137
125
124
136
135
123
122
110
109
121
133
134
135
136
137
138
139
140
141
142
130
131
143
144
132
120
108
96
84
72
60
48
36
24
12
11
10
9
8
7
6
5
17
18
30
31
43
44
45
46
34
35
47
59
58
57
56
55
54
42
43
55
67
79
78
66
65
64
76
77
89
101
113
112
100
88
87
86
85
97
98
99
111
123
124
125
126
127
128
116
104
92
91
90
78
77
89
88
87
75
74
86
85
73
61
73
74
62
63
75
76
64
65
66
67
79
91
90
102
101
100
99
98
97
109
121
133
134
122
110
111
112
113
114
115
103
104
105
117
129
130
142
143
144
132
131
119
118
106
107
95
96
84
83
71
70
69
81
82
94
93
92
80
68
80
68
56
44
32
33
45
57
58
46
34
22
23
24
12
11
10
9
21
20
19
31
30
29
41
42
54
53
52
40
39
51
50
49
37
38
26
25
13
1
2
14
15
3
2
3
4
16
17
12
11
23
35
34
46
58
57
56
44
32
31
19
7
8
20
21
9
10
22
34
33
45
46
47
48
60
72
71
83
84
96
95
94
106
107
119
131
130
142
141
129
128
140
139
127
126
114
115
103
102
101
113
125
124
136
135
123
111
112
100
99
87
86
98
97
85
73
74
75
76
64
63
62
61
49
50
38
37
25
26
14
15
3
2
1
13
25
37
49
61
73
85
97
109
110
122
121
133
134
135
136
137
138
139
140
141
142
143
144
132
120
108
96
84
72
60
59
71
70
82
81
93
105
117
118
130
129
128
116
104
92
80
68
69
81
80
79
78
66
67
55
43
42
54
53
52
51
39
40
41
29
17
5
4
16
28
27
26
38
50
62
74
86
87
88
89
77
65
66
54
53
41
29
30
18
17
5
6
7
6
18
19
31
30
42
43
55
67
79
78
77
65
64
52
40
28
16
4
3
2
1
13
14
15
27
39
51
63
75
76
88
100
99
98
110
109
121
133
134
122
123
111
112
124
125
137
138
126
127
115
103
102
114
113
101
89
90
91
90
91
92
93
94
106
105
104
116
117
118
119
131
143
144
132
120
108
107
95
83
82
70
58
57
69
68
56
44
45
33
32
20
8
9
21
22
10
11
12
24
23
35
36
24
36
48
47
59
