##Rat 5 Day 33
 ##rewards
74
87
21
##Vertices
1
13
25
26
38
37
49
50
51
63
64
65
66
78
90
91
92
93
81
69
57
45
33
32
44
43
55
54
53
41
29
30
42
43
31
19
18
6
7
8
9
21
22
23
11
12
24
36
35
34
46
47
48
60
72
84
83
95
107
119
118
106
105
117
129
128
127
139
140
141
142
130
131
132
120
108
96
84
72
71
70
58
59
60
48
36
35
47
59
71
70
82
94
106
118
117
116
104
103
115
114
126
138
137
125
124
136
135
134
133
121
109
97
98
99
87
86
74
62
61
73
85
97
109
110
122
123
111
112
100
88
76
77
89
101
102
114
113
101
89
88
87
75
76
77
78
79
67
68
56
55
67
66
65
64
52
40
39
27
28
16
17
5
4
3
15
14
2
3
4
16
15
27
26
14
2
1
13
25
37
49
50
38
39
40
28
29
41
42
54
53
52
51
63
75
74
62
61
73
85
86
98
110
111
99
100
112
113
125
124
123
122
121
133
134
135
136
137
138
126
127
139
140
128
129
141
142
130
131
143
144
143
144
132
120
119
107
108
96
95
83
82
94
93
105
104
116
115
103
102
90
91
79
80
92
80
81
69
68
56
57
58
46
45
44
32
31
30
18
17
5
6
7
19
20
8
20
21
33
34
22
10
9
10
11
12
24
23
133
134
135
123
124
136
137
125
113
114
102
90
78
79
80
68
56
44
43
42
41
40
39
51
52
64
65
77
89
88
87
75
76
64
63
62
74
73
61
49
37
38
26
14
13
1
2
3
15
27
28
16
4
5
6
7
19
20
21
22
34
33
45
46
47
59
71
72
60
48
36
35
23
11
10
9
8
7
6
18
30
29
17
5
4
3
15
16
17
18
30
31
32
33
34
46
58
57
69
70
82
83
84
96
95
107
108
120
132
144
143
142
141
129
117
116
128
127
126
138
139
140
141
142
130
131
119
118
106
105
104
103
91
92
93
81
82
94
93
92
104
116
115
103
91
79
67
66
54
53
65
66
78
90
102
101
100
112
111
99
98
86
85
97
109
110
122
121
109
97
98
110
111
123
122
121
133
134
135
136
137
125
124
112
100
99
87
88
76
77
89
101
113
114
115
127
126
138
139
140
128
129
130
118
117
105
106
94
95
107
119
131
143
144
132
120
108
96
84
83
71
72
60
59
47
48
36
35
23
24
12
24
12
11
10
22
21
9
8
20
19
31
32
44
45
57
58
70
69
81
80
68
67
55
56
55
43
42
54
53
41
29
28
40
52
51
63
75
74
86
85
73
61
62
50
49
50
38
39
27
26
25
37
25
13
1
2
14
132
123
113
71
68
112
6
87
80
138
47
58
107
48
72
85
89
136
3
96
125
111
17
94
12
59
34
135
84
74
62
12
37
142
139
3
30
11
79
31
80
30
88
40
98
7
49
38
21
70
58
143
141
137
143
50
69
137
76
45
54
103
88
9
33
128
39
85
101
32
4
66
107
109
65
1
109
84
124
55
136
51
17
46
20
122
13
117
73
60
128
99
119
144
2
24
133
115
102
123
22
29
65
64
89
138
93
105
103
6
31
5
105
70
116
11
63
45
67
104
21
93
16
23
122
7
43
86
26
60
67
106
100
73
101
42
104
41
15
142
78
113
26
110
76
33
102
131
114
22
139
13
78
112
48
79
71
69
9
118
63
130
126
1
20
87
114
75
24
94
15
97
37
27
27
39
72
35
115
34
134
19
120
16
90
127
36
44
10
90
47
18
61
91
50
111
99
108
129
86
92
119
52
51
83
127
56
131
28
4
10
77
83
55
81
14
23
95
8
53
92
38
40
77
106
29
28
53
118
121
140
81
82
134
18
116
91
96
43
19
75
57
59
110
121
42
100
124
126
74
56
36
8
41
54
125
95
135
52
46
62
25
144
14
57
68
2
25
120
133
132
98
5
82
141
117
61
49
97
35
140
66
130
64
44
129
108
32
124
35
131
139
18
3
82
46
26
129
68
73
80
142
77
65
96
21
19
123
15
92
72
108
44
105
37
69
125
81
30
15
36
5
49
98
110
87
29
130
110
99
111
76
107
109
11
138
86
56
59
7
114
63
84
126
23
22
131
37
107
33
130
119
41
60
134
129
74
133
71
121
101
12
128
102
90
123
140
137
113
106
52
103
17
39
54
85
61
43
32
75
82
42
135
93
90
48
11
97
98
117
46
44
56
6
53
79
85
39
115
36
28
20
104
91
26
139
48
112
74
31
106
70
115
51
83
97
79
62
127
87
121
116
3
137
99
21
25
59
95
12
133
63
9
13
102
17
40
41
94
9
118
84
32
94
47
50
49
100
1
144
67
61
88
31
126
71
143
127
124
116
92
100
16
60
28
141
5
140
34
78
14
109
89
64
135
120
93
19
45
136
122
101
75
30
117
10
118
141
14
120
105
7
77
57
143
45
70
113
86
88
23
4
47
125
18
78
52
2
34
132
69
24
4
22
81
53
40
25
58
16
89
103
24
55
38
62
144
27
66
65
2
20
136
42
66
51
8
8
1
80
58
54
13
128
73
132
38
72
50
119
111
6
112
134
10
83
27
68
33
104
76
29
95
108
43
67
142
57
64
96
35
91
122
114
138
55
12
11
10
9
8
20
32
31
19
7
6
18
30
42
54
55
43
44
45
33
21
22
23
24
36
35
34
46
58
59
60
48
47
46
58
70
82
81
69
57
56
68
80
79
67
66
78
77
76
88
100
101
89
90
102
114
113
125
126
138
137
136
135
123
124
112
111
99
98
97
109
121
122
110
109
97
85
86
87
75
74
62
50
38
37
49
61
73
85
86
98
99
87
88
100
112
113
114
115
127
139
140
141
129
128
116
117
105
93
92
91
103
104
105
106
94
95
83
71
72
84
96
108
107
119
120
132
131
143
142
130
118
106
94
93
81
69
57
45
44
32
31
43
42
41
40
39
51
63
64
65
53
52
51
39
27
28
29
17
16
4
3
15
14
2
1
13
25
26
27
28
16
15
3
2
1
13
14
26
25
37
38
50
49
61
73
74
62
63
75
76
77
89
101
102
90
91
92
80
79
78
66
67
68
56
55
54
53
65
64
52
40
41
29
30
18
17
5
4
5
6
7
19
20
8
9
10
22
21
33
34
35
23
11
12
24
36
48
47
59
60
72
71
70
82
83
84
96
95
107
108
120
119
131
130
118
117
129
128
116
104
103
115
127
126
125
124
123
111
110
122
134
133
121
133
134
135
136
137
138
139
140
141
142
143
144
132
144
144
132
120
108
96
95
94
82
83
84
72
71
70
69
68
80
81
93
105
106
107
119
131
143
142
130
118
117
116
128
140
141
129
117
116
115
114
102
103
104
92
91
90
78
79
67
66
54
42
41
40
52
53
65
64
63
51
50
62
61
49
37
25
26
38
39
27
28
16
4
3
2
14
15
3
4
5
17
29
30
18
19
20
21
9
8
7
6
5
17
16
28
29
41
40
39
51
63
75
74
73
85
97
98
86
87
99
100
101
89
77
76
88
100
112
113
125
126
127
139
138
137
136
124
123
135
134
122
121
109
110
111
112
113
101
102
103
104
105
93
94
82
81
69
57
45
33
32
31
43
55
56
44
32
33
34
46
58
59
47
48
36
35
23
24
12
11
10
22
34
46
47
35
36
24
12
11
23
22
10
9
21
20
8
7
6
18
19
31
30
42
54
53
52
64
65
77
89
90
78
66
67
79
91
92
80
68
56
55
43
44
45
57
58
70
71
59
60
48
60
72
84
83
95
96
108
120
119
107
106
118
130
131
132
144
143
142
141
129
128
140
139
127
115
114
126
138
137
125
124
136
135
123
122
110
111
99
98
86
87
88
76
75
74
62
50
38
26
27
15
14
13
1
2
1
13
25
37
49
61
73
85
97
109
121
133
134
133
15
140
56
14
110
82
70
30
142
46
75
73
120
127
128
12
49
69
126
95
46
55
118
32
127
102
91
78
25
107
19
100
129
89
5
11
17
4
83
117
134
144
141
12
7
136
108
90
81
41
119
114
85
66
122
37
114
38
44
4
59
144
26
61
20
73
27
50
35
71
31
75
14
16
24
16
95
94
6
9
120
13
51
142
101
5
89
131
111
10
77
29
2
64
106
79
43
135
6
41
34
86
125
60
23
15
99
20
7
21
40
124
86
139
51
119
67
3
19
94
81
64
48
56
53
58
74
31
65
105
69
113
105
9
47
66
112
103
130
110
35
72
1
97
103
1
47
100
128
2
104
87
96
118
32
52
21
26
126
80
60
8
59
28
65
28
135
55
43
68
17
115
123
109
104
72
24
93
53
84
22
77
49
84
80
141
123
45
34
70
74
98
37
42
132
54
13
23
22
111
125
10
3
33
61
133
113
92
27
62
88
25
87
88
136
139
30
39
131
137
132
92
57
76
137
98
48
138
96
40
91
124
97
117
143
44
33
50
62
54
106
11
90
130
63
52
102
138
71
143
93
58
36
67
108
115
133
116
68
36
99
140
39
42
121
122
85
63
129
76
107
45
121
101
18
79
83
109
134
78
8
112
82
18
38
116
57
29
45
95
93
11
69
112
35
18
139
74
94
135
86
33
50
21
128
135
28
82
142
83
73
136
32
134
63
57
132
116
101
90
118
17
38
64
37
28
75
52
97
114
33
59
134
101
85
141
96
117
74
58
104
61
125
5
122
114
42
79
53
83
32
143
115
67
19
84
73
140
95
49
121
13
79
92
133
143
2
67
139
65
81
132
24
19
90
9
20
20
100
44
123
48
14
96
144
107
102
136
105
78
106
115
126
26
3
66
104
56
29
119
10
31
40
110
72
92
10
34
126
18
4
36
98
80
27
80
50
25
30
87
131
141
128
23
45
65
16
119
123
88
38
131
124
12
16
109
111
25
62
105
129
103
5
31
57
66
52
11
94
40
127
112
34
69
37
118
109
122
63
125
144
64
9
44
68
47
15
82
72
89
84
39
58
51
77
91
24
76
51
98
107
127
99
110
106
99
41
121
70
60
100
130
1
55
117
55
137
27
78
113
111
30
47
1
6
86
7
6
137
46
91
138
87
23
29
39
26
22
97
21
120
120
41
93
108
43
12
54
59
15
60
108
36
71
49
88
85
138
77
76
62
81
140
68
142
56
22
8
4
2
71
113
48
7
124
70
89
103
17
75
46
14
102
129
54
116
133
8
3
61
13
43
53
130
42
35
133
121
109
97
98
99
87
86
85
73
61
49
37
38
50
51
39
27
28
16
15
14
2
1
13
25
26
27
28
40
52
64
63
75
74
62
61
73
85
97
109
110
122
134
135
136
137
138
139
127
128
140
141
142
143
144
132
120
119
107
108
96
84
72
71
83
95
94
93
92
104
103
115
114
126
125
124
123
111
112
113
101
100
88
76
77
89
90
91
79
67
68
69
70
58
57
56
55
54
42
41
29
17
5
6
7
8
20
32
31
19
18
30
29
41
53
65
66
78
77
76
88
89
101
102
114
115
116
117
129
130
118
106
105
104
116
117
105
93
81
80
68
56
44
43
42
30
31
43
44
45
46
47
35
34
22
10
9
21
33
45
57
58
59
60
48
36
24
23
11
12
11
12
24
23
35
36
48
47
46
34
22
10
9
21
33
32
20
8
7
19
18
6
5
17
16
4
3
4
3
15
14
2
1
13
25
26
38
37
49
50
51
39
40
52
53
54
55
67
79
80
92
91
103
102
90
78
66
65
64
63
62
74
75
87
86
98
110
122
121
133
134
135
123
111
99
100
112
113
125
124
136
137
138
126
127
139
140
128
129
141
142
143
131
130
118
106
107
95
94
82
81
69
70
82
83
71
59
60
72
84
96
108
120
119
131
132
144
144
143
142
141
129
117
116
128
140
139
138
137
136
124
125
113
112
111
99
98
110
122
121
133
134
135
123
111
99
100
101
102
114
115
127
126
138
139
140
141
142
130
131
132
120
108
96
84
72
71
59
60
48
36
24
12
11
10
22
21
9
8
7
6
18
19
20
32
44
56
57
69
70
82
83
95
107
119
118
106
94
93
105
104
103
91
92
80
68
67
66
54
42
30
29
41
53
65
77
76
88
87
86
85
73
61
49
50
51
63
62
74
75
87
88
89
90
78
79
91
103
104
92
93
81
82
70
58
46
47
35
34
33
45
57
58
46
45
44
43
55
54
53
52
64
76
75
63
64
52
40
28
16
15
27
26
25
37
38
39
40
41
29
17
5
4
3
2
14
13
1
13
1
2
14
15
3
4
16
28
27
26
25
37
38
39
51
50
49
61
62
74
73
85
86
98
97
109
97
109
110
122
121
133
134
135
123
124
136
137
125
113
112
100
101
89
77
65
66
67
55
56
68
69
81
80
79
78
90
102
114
126
127
115
116
128
129
130
131
143
144
132
120
119
118
117
105
106
94
95
107
108
96
84
83
71
72
60
59
47
48
36
24
23
35
34
33
21
20
32
31
43
42
30
31
19
18
17
5
6
7
8
9
10
22
23
11
12
72
99
36
133
121
80
122
98
86
66
126
143
87
142
16
98
10
48
8
37
89
17
127
107
35
76
134
53
101
24
113
39
131
139
135
81
34
12
119
34
97
125
135
40
113
67
32
8
80
66
84
111
39
140
25
144
22
5
23
124
126
72
27
105
70
71
92
42
20
19
101
73
119
74
41
54
53
1
38
70
71
20
23
116
100
105
91
108
56
123
48
104
107
131
31
68
45
51
55
132
116
110
83
22
134
96
130
132
40
112
140
141
114
36
7
59
21
117
61
100
64
24
42
138
109
82
143
93
79
59
52
17
75
88
27
97
9
3
65
89
57
73
99
14
51
63
16
52
25
130
77
111
88
49
15
33
60
2
6
138
21
94
58
114
76
90
56
12
68
78
106
136
96
19
35
47
102
64
78
11
30
47
18
75
123
106
95
11
69
33
137
129
54
84
32
127
50
136
86
91
137
29
55
13
142
46
92
67
128
62
5
9
102
74
28
26
41
139
90
65
49
95
4
45
61
124
115
94
118
118
46
6
93
85
43
87
110
108
103
30
62
29
58
37
120
1
69
60
144
82
109
7
43
141
85
83
103
125
44
44
79
81
38
77
13
31
122
15
121
117
28
104
2
50
129
4
10
128
120
115
3
133
14
112
63
26
57
18
136
132
78
102
19
91
110
134
109
68
29
47
9
84
22
89
65
36
26
118
109
64
140
124
116
130
28
76
44
134
97
56
104
142
92
25
141
137
51
25
103
38
81
2
61
55
43
59
82
124
143
122
27
102
87
7
127
96
127
48
70
141
15
74
79
45
139
119
89
4
24
14
72
22
32
10
105
123
49
63
96
128
59
57
133
131
21
44
116
58
77
42
78
56
34
20
94
108
137
31
18
35
49
104
90
80
136
57
99
36
5
52
10
129
69
112
110
3
8
60
62
16
8
133
23
114
30
37
138
113
115
93
7
73
33
82
144
128
129
2
18
85
55
117
50
105
12
46
100
138
48
17
63
66
121
51
66
91
108
94
47
103
77
46
14
53
120
39
50
76
135
135
114
85
95
87
111
125
140
99
67
79
58
41
45
39
24
13
131
15
52
88
33
97
61
65
42
117
107
6
98
12
123
115
9
54
69
11
40
5
54
75
1
107
62
130
72
68
40
101
27
41
132
121
31
35
73
23
125
60
80
34
112
98
19
142
126
6
106
4
113
74
143
95
53
29
20
86
90
119
106
101
28
120
64
21
17
13
3
84
118
93
126
32
30
81
100
70
67
71
111
88
144
86
75
26
122
92
83
16
139
83
11
38
43
71
37
1
