##Rat 4 Day 41
 ##rewards
126
113
47
##Vertices
1
2
14
26
25
13
1
2
3
15
16
17
29
41
42
54
66
67
68
69
70
58
57
45
46
47
59
60
72
71
83
84
96
95
107
106
118
119
120
108
96
84
72
60
48
36
35
23
24
12
11
10
22
34
33
21
9
8
7
19
31
30
18
6
5
4
3
15
27
28
40
52
64
76
88
89
90
78
77
65
53
52
51
39
38
37
49
61
62
74
73
85
86
98
110
109
97
85
73
61
49
50
62
63
75
87
99
100
101
102
114
126
125
137
138
139
140
128
116
117
129
141
142
143
131
130
118
117
105
104
92
91
103
115
127
139
138
137
136
124
123
122
121
133
134
135
136
124
112
113
101
102
90
89
77
65
53
54
55
56
44
32
20
8
9
21
33
45
57
69
81
80
79
78
66
67
79
91
103
104
116
115
114
113
125
126
127
128
140
141
129
130
142
143
144
132
144
132
131
119
120
108
107
106
94
95
83
71
59
47
48
36
35
23
24
12
11
10
22
34
46
58
70
82
94
82
81
93
105
93
92
80
68
56
55
43
42
41
29
30
31
43
44
32
20
19
7
6
18
17
5
4
16
28
40
39
27
26
14
13
25
37
38
50
51
63
64
76
75
87
88
100
112
111
99
111
110
122
123
135
134
133
121
109
97
98
86
74
133
121
122
123
135
136
137
138
139
140
141
142
130
129
117
105
104
92
93
94
82
83
84
72
60
59
47
48
36
35
23
24
12
11
10
9
21
33
45
44
56
57
58
46
34
22
10
9
8
20
32
31
43
55
67
68
69
81
80
79
91
103
102
114
115
116
128
127
126
125
113
101
100
99
87
86
85
73
74
62
61
49
50
38
37
25
13
14
15
3
4
5
6
7
19
18
17
16
28
40
52
64
63
51
39
27
26
25
37
49
61
73
85
97
109
110
98
99
111
112
124
136
137
125
113
114
102
90
78
66
65
77
76
75
74
62
50
38
26
27
39
51
63
64
52
53
41
29
30
42
54
55
67
79
91
103
104
105
106
118
119
131
132
120
108
107
95
96
84
72
71
83
95
96
108
107
119
120
132
144
143
144
143
131
130
142
141
140
139
138
126
127
115
116
128
129
117
118
106
94
93
92
80
81
82
70
71
59
60
48
47
46
58
70
69
68
56
57
45
33
34
35
36
24
12
11
23
22
21
20
8
7
6
18
19
31
32
44
43
42
30
29
17
5
4
3
2
1
13
1
2
14
15
16
28
40
41
53
54
66
65
77
78
90
89
88
100
112
124
123
111
110
122
134
135
134
133
121
109
97
98
86
87
75
76
88
89
101
132
47
86
104
12
87
18
63
89
109
15
30
61
115
32
41
35
73
30
117
67
101
120
44
77
139
91
78
43
68
95
28
111
137
39
93
83
119
70
50
6
56
16
52
5
137
136
124
42
138
105
116
99
73
45
24
57
1
17
10
27
80
107
1
9
60
17
114
11
46
7
126
105
64
19
42
48
131
108
121
66
126
140
103
82
40
54
72
93
55
78
98
83
14
89
49
66
85
90
26
90
49
21
142
72
53
128
64
41
71
34
38
134
139
87
37
76
68
32
4
143
130
96
59
63
91
5
50
92
79
3
18
55
111
28
31
92
71
122
143
43
48
124
75
116
51
23
33
56
128
29
127
136
98
141
134
103
140
113
120
26
108
38
54
35
14
39
135
99
118
29
117
60
2
96
69
129
19
115
110
8
62
37
109
135
94
138
62
69
118
127
142
52
102
8
101
113
27
65
3
121
123
76
88
79
21
20
36
104
15
36
119
86
125
74
40
106
24
22
22
123
65
97
2
125
67
81
58
84
25
85
114
122
46
57
133
84
51
31
77
23
16
45
58
82
102
10
33
6
94
107
70
11
74
133
95
25
9
59
144
12
44
112
129
106
112
130
100
141
100
53
131
97
47
61
80
110
81
13
34
75
144
13
7
4
132
20
88
9
140
79
17
79
8
10
84
23
41
134
103
33
41
83
111
16
9
112
117
15
60
49
134
64
74
30
129
93
2
105
14
82
54
114
133
26
63
88
81
35
46
129
62
121
136
33
73
32
143
38
118
53
100
75
38
107
16
140
34
8
99
72
70
60
117
95
10
35
63
52
93
73
31
144
5
87
119
19
127
135
119
12
49
88
65
1
68
133
21
102
39
76
92
111
18
65
102
66
59
128
18
90
3
17
135
92
66
58
50
71
95
103
28
83
114
112
37
136
110
121
115
55
105
7
14
11
59
139
122
142
101
94
12
90
80
131
106
62
125
82
51
37
15
25
124
108
40
142
42
32
78
29
109
91
98
56
19
69
48
29
67
137
86
27
97
67
11
97
36
45
110
122
104
74
106
130
7
23
104
36
115
109
141
81
39
6
50
125
64
80
24
42
132
108
78
101
44
20
116
85
141
120
48
118
58
20
6
131
61
72
57
26
94
138
40
113
46
13
123
13
21
96
53
51
4
130
137
30
96
68
43
89
120
22
85
89
113
107
99
77
69
84
123
52
56
45
70
86
34
91
2
44
100
43
28
144
127
55
1
47
24
54
138
87
98
75
77
126
22
31
25
4
57
132
126
116
3
76
124
61
27
139
71
128
5
143
47
144
143
131
119
120
108
96
84
83
82
81
80
68
67
55
56
44
32
31
43
42
54
66
65
53
52
51
63
62
61
73
85
97
109
110
111
112
113
125
137
136
124
123
122
134
133
121
109
97
98
86
74
75
76
64
52
40
39
27
28
16
17
18
19
7
6
5
4
3
15
14
2
1
13
25
37
49
50
38
26
27
39
51
63
64
76
88
87
99
100
101
102
90
91
79
78
77
89
88
100
101
113
114
115
116
128
127
126
138
139
140
141
129
130
142
141
140
128
116
117
118
106
94
95
107
108
96
84
72
71
70
69
57
45
46
34
35
36
48
47
59
60
48
36
24
12
11
23
22
10
9
8
20
21
33
32
31
30
29
41
42
43
44
56
55
67
79
91
103
104
105
93
105
104
92
93
92
80
68
69
81
82
94
106
118
117
129
130
142
143
131
132
144
132
120
119
107
95
83
71
72
60
59
58
70
58
57
45
46
47
35
23
24
12
11
10
22
34
33
21
9
8
20
19
7
6
5
17
18
30
29
41
40
28
16
4
3
15
14
2
1
13
25
26
38
37
49
50
62
61
73
85
86
74
75
87
99
98
110
122
121
133
134
135
136
135
123
111
112
124
125
137
138
139
127
126
114
115
103
102
90
78
66
54
53
65
77
89
12
11
23
35
36
24
12
11
10
22
21
20
32
44
43
55
67
66
65
64
63
51
52
40
39
38
50
49
61
62
74
73
85
86
98
99
111
110
109
97
85
73
61
49
37
25
26
14
13
1
2
3
15
27
28
16
4
5
6
18
30
31
19
7
8
9
10
22
34
33
45
57
69
81
93
92
91
79
80
68
56
57
58
46
47
48
60
72
71
83
84
96
95
107
119
120
108
96
84
72
60
59
71
70
82
94
106
105
104
103
115
127
128
140
139
138
137
125
113
112
124
136
135
134
122
123
111
112
100
101
89
90
102
114
126
138
139
140
141
129
130
131
132
144
143
142
141
129
117
116
104
103
91
92
80
68
56
55
54
53
41
29
17
5
4
16
28
40
52
64
76
77
78
79
67
66
78
90
102
101
113
114
115
116
128
127
126
125
137
136
124
123
135
134
133
121
133
121
122
110
109
97
98
99
87
86
74
62
50
38
37
25
26
14
13
1
2
3
15
27
39
51
63
75
87
75
76
88
100
88
89
77
65
53
54
42
43
44
32
31
30
42
41
29
17
18
6
7
19
20
8
9
21
33
45
46
34
35
23
24
36
48
47
59
58
70
69
81
82
94
93
105
117
118
106
118
119
131
130
142
143
144
132
120
108
107
95
83
110
137
46
97
116
119
113
50
60
112
131
58
91
27
82
40
37
30
124
33
89
35
36
54
41
122
72
95
88
111
132
91
43
16
25
103
105
113
7
107
17
69
53
17
88
13
104
32
56
68
103
43
104
12
115
15
15
73
127
87
16
100
37
128
98
18
136
101
138
66
34
40
121
45
45
98
122
125
34
140
14
2
78
76
111
31
118
47
41
79
33
77
61
52
7
50
29
130
110
114
131
143
84
1
10
29
75
144
49
101
80
19
126
70
44
5
2
55
92
69
135
83
142
44
139
51
6
85
79
83
65
62
94
108
95
39
125
71
4
64
25
137
102
102
62
3
60
35
59
27
74
22
68
81
136
117
9
121
120
18
23
127
99
4
126
109
65
74
135
109
118
106
123
49
39
57
8
21
53
28
8
94
138
120
99
26
58
90
108
19
112
96
20
23
67
30
72
128
24
20
87
66
115
123
3
32
22
13
70
92
89
26
132
54
59
42
114
78
107
73
57
93
119
48
5
84
144
90
10
63
134
36
86
139
21
38
80
85
97
105
133
75
38
64
46
48
24
141
31
129
28
1
142
129
55
76
106
100
6
86
96
14
71
130
82
47
61
9
117
11
12
56
93
51
52
116
81
141
140
143
63
77
42
124
134
133
67
11
47
98
16
34
33
94
133
96
69
52
106
20
3
50
79
45
122
89
17
43
76
40
115
128
83
95
123
80
27
14
120
72
77
18
41
112
92
75
107
138
132
121
74
85
35
62
19
101
65
127
6
124
13
63
70
38
84
38
74
34
110
114
102
21
67
28
137
73
82
91
9
135
63
39
125
26
3
117
96
49
24
50
15
47
90
2
118
26
64
23
4
11
103
64
60
100
12
13
22
44
86
65
106
112
99
118
42
87
134
39
133
27
72
25
84
91
88
114
90
113
142
113
42
126
53
54
77
85
79
56
140
28
18
5
75
43
81
110
31
60
137
1
93
139
5
109
119
21
132
129
66
76
105
116
15
102
134
136
19
108
7
37
127
124
135
119
37
35
1
82
143
46
139
61
83
144
141
130
121
68
66
73
111
68
122
141
45
46
32
86
30
87
140
29
52
107
108
144
97
4
29
22
30
16
123
131
138
8
10
9
131
31
93
103
143
70
115
58
51
6
56
61
8
40
41
11
33
92
78
62
81
88
126
125
99
59
120
130
25
89
20
48
129
58
71
7
36
53
100
36
55
128
10
94
55
67
59
97
116
51
136
101
71
109
49
57
105
48
12
95
14
80
24
104
69
78
57
54
2
104
142
98
111
32
117
44
17
23
12
11
23
35
36
48
60
72
71
70
69
68
80
79
91
92
104
116
115
103
102
90
78
77
89
88
87
75
74
73
61
49
37
25
26
27
28
29
17
5
4
16
15
14
2
1
13
25
37
38
50
62
63
64
76
88
100
99
111
112
124
125
126
127
139
138
137
136
135
123
122
134
133
121
109
97
85
86
98
110
111
99
87
75
76
64
52
51
39
40
41
42
54
55
67
66
65
53
52
40
41
29
30
31
32
20
19
18
6
7
8
9
21
22
10
9
8
20
32
33
34
46
58
59
47
48
60
72
84
83
82
81
93
105
106
118
119
120
108
107
95
96
108
120
132
144
143
131
130
142
141
140
128
129
117
116
115
114
113
101
102
103
104
92
91
79
67
55
43
44
45
57
45
44
56
57
56
68
80
81
69
70
58
46
34
33
21
22
10
11
23
24
12
24
36
35
47
59
71
83
84
96
95
94
82
94
93
105
106
107
119
131
132
144
143
142
130
118
117
129
141
140
128
127
139
138
137
125
126
114
113
101
100
112
124
136
135
123
122
134
133
121
109
110
98
97
85
86
74
73
61
49
50
62
63
51
39
38
26
14
13
1
2
3
4
3
15
27
28
16
17
5
6
7
19
18
30
31
43
42
54
66
78
90
89
77
65
53
133
134
122
110
109
97
85
73
61
49
37
25
26
38
39
40
52
53
41
29
30
18
6
7
8
20
21
9
10
22
23
11
12
24
36
48
47
46
45
57
56
44
32
33
34
35
36
48
60
59
58
70
69
68
67
55
43
42
54
66
65
64
76
75
63
51
50
62
74
86
87
88
100
112
113
125
137
138
126
127
139
140
128
129
141
142
143
131
119
120
108
96
84
72
71
83
95
107
106
105
104
103
115
116
117
118
130
142
141
140
139
138
137
136
135
123
124
112
111
99
98
97
85
86
87
75
76
77
78
79
91
90
102
114
126
127
128
129
130
118
117
116
115
103
104
92
93
94
82
81
80
68
67
66
65
64
52
40
28
27
15
14
2
3
4
16
17
5
6
7
19
18
17
5
4
16
15
3
2
1
13
1
13
14
26
25
37
49
61
73
74
62
63
51
50
38
39
27
28
29
41
53
54
42
30
31
19
20
8
9
21
33
32
31
43
55
56
44
45
46
34
22
10
11
12
24
23
35
47
59
60
72
84
83
71
70
58
57
69
81
82
94
95
96
108
120
132
144
143
144
132
131
119
107
106
105
93
92
80
79
91
90
78
77
89
101
100
99
98
110
111
123
122
121
109
121
133
134
135
136
124
125
113
114
102
101
89
88
113
70
102
32
104
42
123
27
125
81
128
34
26
52
103
22
16
63
141
19
108
81
59
24
76
38
28
10
33
106
36
116
14
13
131
65
105
41
58
128
52
4
2
63
122
101
1
73
34
37
23
135
67
45
23
86
59
50
31
79
118
47
133
133
121
78
80
99
71
31
68
5
3
136
30
16
1
97
115
20
77
7
87
140
36
25
136
141
21
17
142
83
65
120
85
119
68
47
112
33
129
35
79
57
93
46
85
113
111
9
100
12
39
92
93
88
62
75
91
48
54
110
44
90
122
30
139
56
11
44
73
51
88
144
72
46
43
4
99
48
111
112
101
114
20
37
75
137
116
2
56
82
127
97
94
15
7
83
69
135
32
95
107
107
27
62
25
96
19
72
134
84
39
127
8
96
38
126
18
106
110
51
126
121
118
55
6
10
28
69
35
109
138
70
90
91
49
94
130
103
132
17
60
71
132
144
18
8
3
131
11
12
80
115
61
22
86
78
123
53
42
14
77
95
87
58
119
129
143
142
124
66
57
143
74
139
134
117
130
26
120
98
55
64
138
40
61
21
29
40
92
82
100
117
5
60
124
76
89
53
108
125
104
43
114
24
109
6
137
74
89
105
54
102
98
49
66
13
50
64
9
15
84
45
41
29
140
67
119
126
67
91
90
100
14
4
114
30
42
84
20
5
102
47
87
23
71
142
81
124
85
144
32
126
128
129
123
80
127
98
103
17
36
89
76
49
3
118
87
135
43
111
8
108
99
92
107
113
108
116
4
18
22
32
28
29
76
50
96
54
128
10
27
56
60
38
58
37
62
16
72
118
17
31
5
64
68
54
140
55
109
28
130
26
21
120
86
97
125
137
131
46
36
134
52
83
3
61
31
63
39
7
59
112
37
61
41
67
109
138
133
115
60
132
73
56
35
29
106
103
113
19
96
9
34
123
95
13
107
75
47
74
117
86
80
68
104
85
136
18
43
121
134
66
15
91
2
13
82
143
25
110
143
70
77
84
11
53
30
24
98
112
69
122
45
51
92
12
71
110
10
70
21
39
144
12
7
78
139
35
77
131
89
8
1
59
65
105
122
38
94
129
50
66
121
73
9
19
138
141
33
26
83
139
81
140
51
46
88
111
75
63
95
125
62
133
94
106
79
101
93
102
33
55
11
48
6
23
48
6
64
119
130
90
57
74
58
16
44
41
72
127
14
65
101
104
15
115
135
25
49
40
97
137
117
116
20
42
1
93
40
53
22
78
52
69
45
100
34
120
141
79
88
114
124
142
82
105
24
99
44
136
132
27
57
2
