##Rat 1 Day 11
 ##rewards
19
32
98
##Vertices
133
134
135
123
122
110
98
97
109
121
133
134
135
136
137
138
139
140
128
127
115
103
104
92
93
105
106
118
130
142
141
129
117
116
104
103
102
114
113
125
124
112
111
99
87
86
74
75
76
88
89
101
100
88
87
75
63
51
50
62
61
49
37
25
26
14
15
27
39
38
37
25
13
1
2
3
4
5
17
18
30
42
43
55
56
44
32
31
19
7
6
5
4
16
28
29
41
40
52
53
65
66
67
79
91
90
78
77
76
64
65
77
89
90
78
66
54
55
67
68
69
81
82
83
95
94
93
105
106
107
119
131
143
144
132
120
108
96
84
72
71
70
58
57
45
46
34
33
21
22
23
24
12
11
10
9
8
20
32
44
56
57
45
33
34
35
36
48
60
59
47
35
23
22
10
11
12
24
36
48
47
59
60
72
71
83
84
96
108
120
132
144
143
142
141
129
128
140
139
138
126
125
137
136
124
123
122
121
109
97
85
73
85
73
61
49
50
38
26
14
13
1
2
3
15
16
17
29
30
18
6
7
8
9
21
20
19
31
43
42
54
53
41
40
28
27
39
51
52
64
63
62
74
86
98
110
111
99
100
112
113
101
102
114
126
127
115
116
117
118
130
131
119
107
95
94
82
81
80
79
91
92
80
68
69
70
58
46
1
13
25
26
14
15
16
4
3
2
1
13
25
37
49
61
73
85
86
74
75
76
88
89
101
100
112
111
110
109
97
98
99
87
88
76
64
63
51
50
38
39
27
28
29
17
18
30
42
41
53
52
40
41
29
30
31
32
20
19
7
8
9
10
22
23
35
34
33
21
9
10
11
12
24
36
48
60
59
71
70
69
81
80
92
93
94
82
83
84
72
60
48
47
46
58
57
45
44
56
55
67
79
78
77
65
66
54
42
43
55
54
53
65
66
67
68
80
79
91
103
102
114
126
125
113
101
100
112
124
123
122
121
133
134
135
136
137
138
139
127
115
116
104
105
117
118
106
107
119
131
143
144
132
120
108
96
95
94
93
92
104
105
106
118
130
142
141
140
128
129
130
131
119
120
132
144
143
142
141
129
128
140
139
127
126
138
137
136
135
134
133
121
109
97
98
86
85
73
61
62
50
49
37
38
26
14
2
3
4
5
6
5
6
7
8
20
21
22
23
11
12
24
36
35
47
59
58
70
71
72
84
96
108
107
95
83
82
81
69
68
56
57
45
46
34
33
32
44
43
31
19
18
17
16
15
27
28
40
39
51
52
64
63
62
74
75
87
99
111
110
122
123
124
125
113
114
102
90
78
77
89
90
91
103
115
116
117
138
26
119
132
45
85
119
32
29
69
81
102
124
87
92
66
63
127
59
116
72
127
14
41
47
142
21
120
125
21
107
71
141
60
45
34
16
140
96
112
70
123
25
111
86
36
9
67
89
30
64
69
61
142
68
117
138
37
83
13
137
51
67
27
110
97
100
129
40
33
25
72
28
101
79
136
12
52
62
102
26
44
104
90
2
132
126
39
54
134
71
32
74
12
52
58
129
84
2
122
94
7
80
133
64
17
81
83
43
134
94
109
101
68
28
105
5
49
135
15
73
144
40
50
77
57
76
114
17
105
6
126
42
62
75
113
51
24
89
78
121
65
38
1
31
95
73
60
117
56
115
115
74
13
85
33
56
133
103
54
118
53
20
128
136
30
90
7
131
137
5
4
76
99
99
65
109
38
20
92
107
130
88
87
98
139
55
112
128
143
70
10
120
19
47
66
141
86
98
15
58
35
111
116
93
50
22
27
91
114
1
125
135
144
39
96
75
29
139
31
59
14
124
84
8
23
104
131
55
18
46
113
91
3
123
143
9
41
18
97
118
93
79
61
3
95
36
4
140
63
16
43
110
130
57
82
108
122
100
106
108
49
78
8
48
10
44
103
19
6
46
82
35
11
24
34
53
11
77
88
22
106
80
37
23
42
121
48
14
62
118
144
85
17
79
53
9
104
50
102
46
71
66
66
73
13
5
141
4
19
94
108
107
51
44
23
37
6
2
124
72
64
82
112
116
134
108
101
100
31
131
59
24
51
117
48
92
23
61
39
135
123
18
101
69
56
142
103
137
103
130
48
55
99
106
25
78
28
58
120
49
132
62
44
109
65
78
134
84
129
8
14
38
128
45
133
80
97
54
115
32
7
10
112
2
40
17
91
109
131
84
127
3
142
7
58
129
94
64
24
26
36
96
15
70
81
16
22
121
107
34
105
136
8
52
96
77
57
81
92
86
3
33
68
67
43
133
105
57
106
100
30
40
126
95
63
4
18
30
60
122
138
52
75
87
132
85
68
20
140
21
61
141
70
138
11
42
22
50
35
9
123
56
27
113
127
25
49
126
137
67
124
41
110
117
76
27
13
74
19
88
97
71
53
46
75
120
143
35
55
32
43
104
12
39
88
34
21
99
90
122
1
116
125
87
20
5
65
111
119
128
83
90
42
11
143
38
54
31
110
89
47
119
1
102
89
37
114
29
15
26
72
59
82
6
74
33
47
45
83
98
98
139
41
118
139
73
10
12
136
115
80
76
113
144
69
93
95
111
29
28
93
121
36
114
60
91
77
130
63
125
16
140
79
86
135
144
132
120
108
96
95
107
106
94
82
81
93
105
104
92
91
103
102
90
78
66
65
64
76
77
89
88
100
101
113
125
126
138
137
136
124
112
111
123
122
134
133
121
109
97
85
86
87
75
74
62
63
51
39
27
28
29
30
42
43
55
56
57
45
46
34
33
32
44
56
68
80
79
67
68
69
70
58
59
71
83
84
72
60
48
47
35
23
24
12
11
10
9
8
7
19
20
21
22
10
9
8
7
6
18
17
5
4
16
15
3
2
1
13
14
26
25
37
38
50
49
61
73
85
97
98
99
100
112
113
114
115
116
117
129
141
140
139
127
128
116
117
118
119
131
143
142
130
118
106
105
104
103
91
90
78
77
65
53
54
55
43
31
30
42
41
40
52
64
63
51
50
62
74
73
61
49
37
25
13
1
2
14
26
38
39
27
28
16
15
3
4
5
6
18
17
29
41
40
52
53
54
66
67
79
80
92
93
81
82
94
95
83
71
70
69
57
58
59
47
46
45
44
32
31
19
20
21
33
34
22
23
11
12
24
36
35
36
48
60
72
84
96
108
107
119
120
132
144
143
131
130
142
141
129
128
140
139
127
126
138
137
125
124
136
135
123
135
134
133
121
109
110
122
110
111
99
98
86
87
75
76
88
89
101
102
114
115
12
11
10
9
8
20
21
33
32
31
43
44
45
57
56
68
69
81
80
79
78
90
102
103
91
92
104
105
93
94
95
83
84
96
108
107
106
118
119
131
132
144
143
142
141
140
128
116
115
127
126
114
113
112
111
99
87
75
76
64
65
53
41
40
28
27
39
51
52
53
54
55
67
66
54
42
30
29
17
18
19
7
6
5
4
16
15
14
2
1
13
25
37
49
61
62
50
38
26
25
37
49
61
73
74
86
85
97
98
110
109
121
133
134
122
123
135
136
124
125
137
138
139
140
141
129
117
105
106
94
82
70
58
46
47
48
60
72
71
59
58
46
34
22
23
24
36
35
34
33
45
57
69
68
80
79
91
90
89
77
65
64
63
75
76
88
100
101
102
114
113
125
126
127
139
138
137
136
135
134
133
121
122
123
124
112
111
99
98
110
109
97
85
73
74
86
87
88
100
101
89
77
78
66
67
55
56
44
43
31
32
20
19
18
30
42
41
29
17
16
28
40
52
51
63
62
50
38
39
27
26
14
13
1
2
3
15
3
4
5
6
7
8
9
21
22
10
11
12
24
23
35
36
48
47
59
60
72
71
83
84
96
95
107
108
120
119
120
132
144
143
142
130
131
130
118
117
129
128
116
115
103
104
92
93
81
82
70
33
115
106
144
90
59
22
27
9
104
102
73
85
117
110
104
49
60
136
27
123
57
122
131
129
64
144
79
143
143
78
17
18
72
3
132
34
108
77
6
82
1
63
21
97
61
66
36
41
142
28
75
137
80
99
38
78
127
23
120
71
67
94
9
83
40
14
56
52
35
125
135
26
75
39
69
91
30
13
129
19
119
7
54
11
109
125
136
84
61
40
106
58
13
135
31
99
107
28
16
51
48
64
41
91
74
139
88
95
45
65
55
21
22
63
98
117
46
122
10
120
97
113
94
53
68
138
102
43
100
126
6
86
123
126
133
84
50
11
132
2
101
130
29
121
54
29
34
131
90
76
32
20
19
51
55
24
105
10
73
12
57
46
134
32
141
62
133
74
4
16
39
37
59
105
4
103
85
5
130
12
112
62
47
92
44
141
47
127
49
2
96
37
18
42
30
70
138
45
100
108
82
114
48
69
76
83
23
118
31
134
89
17
42
96
36
86
89
15
24
20
140
8
1
115
124
43
110
101
67
81
139
58
81
103
56
52
111
124
79
114
88
71
142
119
87
137
26
113
70
60
118
25
98
7
65
44
38
128
92
109
77
68
53
3
116
80
107
25
95
15
116
66
121
5
50
87
72
111
93
33
35
93
128
8
140
14
112
20
1
89
97
48
25
81
3
49
137
3
58
11
58
141
101
116
109
63
47
2
103
41
132
54
10
119
113
38
60
65
18
79
74
46
107
21
19
104
125
64
20
138
87
26
69
27
9
67
129
6
47
17
15
95
123
93
50
94
43
79
8
97
129
54
36
82
52
5
24
31
30
61
45
77
136
40
73
128
49
130
139
100
139
34
99
14
120
109
64
51
65
88
40
126
134
69
124
135
1
98
16
117
83
37
133
29
57
23
87
66
119
56
122
18
123
7
56
35
80
42
108
83
82
55
104
50
68
70
115
98
84
77
31
7
105
2
126
117
5
13
28
81
141
116
33
33
46
86
22
36
78
72
4
110
88
45
38
85
52
57
80
121
75
143
118
144
32
68
14
142
12
8
53
96
39
35
120
99
118
140
144
140
62
66
61
91
44
43
131
51
55
111
24
10
125
29
84
102
27
17
105
92
39
41
122
48
63
94
124
76
93
70
101
85
78
59
21
76
108
134
42
75
62
74
102
6
121
96
86
25
13
142
130
113
15
114
111
16
32
71
73
136
100
72
138
91
131
28
133
112
89
92
11
128
9
23
137
106
30
143
127
127
44
37
95
67
114
59
103
60
34
132
107
106
71
4
135
22
115
12
112
90
26
19
53
110
90
144
143
131
132
120
119
107
108
96
95
94
106
105
93
81
82
83
84
72
60
59
71
70
58
46
34
33
21
20
32
44
56
68
69
57
45
46
47
48
36
35
23
24
12
11
10
9
8
7
6
18
19
31
43
55
54
66
78
90
91
103
102
101
100
88
76
77
65
64
63
51
52
40
39
38
50
49
37
25
13
1
2
14
26
27
28
16
15
3
4
5
17
29
41
53
54
42
30
31
43
42
30
29
41
53
65
64
76
75
74
86
98
110
122
123
124
136
137
125
126
114
113
112
111
99
87
88
89
101
100
99
87
75
63
62
61
73
85
97
109
121
133
134
135
136
137
138
139
140
128
127
115
116
117
118
130
142
141
129
117
118
106
94
82
81
80
92
104
116
115
114
113
112
124
125
126
138
139
127
128
140
141
129
130
142
143
144
132
131
119
120
108
107
95
96
84
83
71
72
60
59
58
70
69
68
80
79
78
77
89
90
102
103
104
105
93
92
91
79
67
66
67
55
56
57
45
44
32
33
34
22
21
22
23
35
47
48
36
24
12
11
10
9
8
20
19
7
6
18
17
5
4
16
15
3
2
1
13
14
26
25
37
38
39
27
28
40
52
51
50
49
61
62
74
73
85
86
98
97
109
110
122
121
133
134
135
123
111
1
13
14
2
3
15
16
4
5
17
29
28
40
41
42
30
18
6
7
8
20
19
31
32
33
34
46
47
59
58
57
56
55
43
44
45
33
21
9
10
22
23
11
12
24
36
48
60
72
84
83
71
70
69
68
80
79
78
77
65
64
76
88
100
101
102
90
91
103
115
116
104
105
117
129
128
140
141
142
143
144
132
131
130
118
106
107
119
120
108
96
95
94
93
92
80
81
82
70
69
81
82
94
93
92
91
103
102
114
126
125
124
123
122
110
98
97
85
86
74
75
87
99
111
112
113
101
89
88
100
112
113
114
115
127
139
138
137
136
135
134
133
121
109
97
85
73
61
49
50
62
63
51
39
27
26
25
37
38
39
27
28
29
30
42
54
53
52
51
63
75
87
99
98
86
74
73
61
62
50
49
37
38
26
25
13
1
2
14
15
3
4
16
17
5
6
18
19
7
8
20
32
31
43
55
54
66
78
90
89
77
76
64
52
40
41
53
65
66
67
79
67
68
56
44
45
57
58
46
34
35
47
35
23
22
21
9
10
11
12
24
36
48
60
59
71
72
84
83
95
96
108
107
119
120
132
144
143
131
130
142
141
129
117
118
106
105
104
116
128
140
139
127
126
138
137
125
124
136
135
123
122
134
133
121
109
110
111
100
140
73
136
111
141
94
21
106
85
63
134
110
86
70
99
84
135
19
111
5
58
139
82
96
57
37
29
24
102
88
85
116
6
26
90
131
132
48
76
51
4
80
104
65
78
129
135
69
50
7
72
14
130
95
89
41
144
116
29
89
23
104
52
126
91
62
49
12
39
94
72
33
22
87
123
109
81
39
61
63
79
76
119
75
122
61
55
59
22
91
43
77
112
57
93
8
131
42
15
114
68
138
128
107
99
133
66
136
138
98
142
25
6
40
125
124
30
18
90
81
60
45
97
34
118
96
139
83
48
16
38
31
127
103
75
108
109
106
60
87
71
40
50
103
98
44
25
3
1
126
117
143
27
92
67
11
42
47
122
13
132
134
74
100
27
37
62
33
31
45
78
38
16
15
43
18
105
10
84
73
65
112
17
46
41
113
30
80
12
88
133
70
36
140
34
77
67
35
17
47
141
101
32
46
49
20
2
35
14
71
114
26
137
53
143
8
28
1
107
7
51
113
52
92
74
21
127
54
44
64
120
24
10
54
4
125
93
79
5
28
129
128
110
117
119
83
115
121
56
20
55
19
13
118
9
123
9
86
53
130
32
64
23
97
101
69
121
95
124
82
137
105
66
11
3
58
120
115
142
59
2
56
36
144
68
102
108
53
68
58
115
107
24
34
31
140
144
30
9
22
50
100
26
49
139
99
98
57
46
47
26
97
32
114
88
112
52
5
108
129
111
1
68
89
6
12
13
91
112
4
102
92
15
34
120
36
55
137
53
84
56
64
143
134
62
96
12
66
21
44
104
118
39
2
126
4
49
97
66
79
130
14
46
83
50
58
132
90
81
109
27
122
9
7
107
74
117
61
79
77
71
36
51
136
21
92
76
55
113
102
47
135
81
109
122
23
42
70
29
35
18
25
32
72
11
110
10
71
6
3
7
28
40
111
96
72
84
67
87
138
14
95
33
38
11
113
125
86
93
110
29
2
144
37
106
132
70
54
37
130
41
18
42
139
69
77
54
124
105
133
17
127
85
59
30
3
140
41
78
13
19
90
63
8
88
60
89
114
5
74
101
73
128
143
87
108
65
142
78
136
39
134
94
125
19
27
119
121
138
106
118
75
43
73
1
82
126
10
44
23
85
52
137
120
31
141
24
116
25
141
115
51
16
119
8
128
33
121
64
15
61
82
127
117
142
123
75
62
63
80
20
48
80
22
101
60
116
43
45
100
45
16
94
86
57
129
59
76
35
131
20
133
93
103
65
56
83
91
67
104
103
123
99
38
135
69
131
124
95
17
48
40
28
105
98
