##Rat 7 Day 8
 ##rewards
62
51
129
##Vertices
123
105
52
142
65
116
28
4
8
106
144
58
91
46
68
28
76
19
66
122
120
132
14
1
73
53
33
81
9
7
133
144
87
84
41
39
1
116
54
59
39
68
2
12
47
49
110
5
100
106
135
35
97
46
21
44
13
85
67
29
27
79
138
99
77
9
52
31
50
101
138
129
34
15
15
118
6
96
56
90
55
108
108
105
51
98
140
23
93
60
20
133
42
77
121
128
57
109
78
74
69
48
117
96
111
41
131
63
113
97
86
87
107
102
64
55
70
11
134
141
86
34
31
35
134
26
36
20
124
16
49
90
22
95
126
26
109
125
140
115
6
70
98
80
94
45
37
4
74
13
61
44
95
36
3
127
82
143
135
79
107
18
3
117
48
38
82
89
16
113
43
119
21
51
50
120
104
8
139
24
130
14
30
85
89
5
101
73
103
123
83
17
122
45
125
37
32
102
137
61
99
130
110
24
25
42
112
10
126
132
12
40
43
83
81
143
103
121
92
29
18
11
38
7
54
139
40
78
137
119
75
47
124
56
53
71
32
142
30
66
84
22
94
114
33
75
141
112
80
88
69
72
19
136
60
115
92
17
59
111
136
62
57
25
64
71
76
27
58
131
128
10
118
93
72
114
88
63
62
100
65
129
127
91
23
67
2
104
140
25
105
115
118
3
61
112
48
8
101
23
115
39
104
65
36
49
127
135
88
18
8
133
96
123
73
129
63
75
140
50
62
77
24
83
14
43
103
110
121
66
57
10
135
58
64
99
84
143
16
30
121
63
55
85
87
27
126
44
127
78
17
141
65
92
28
7
33
144
71
128
107
13
138
67
87
110
108
114
75
24
49
27
5
132
98
20
117
114
53
67
79
54
111
23
47
124
120
106
59
71
94
100
126
57
130
73
122
36
108
35
100
101
21
119
90
32
61
86
79
11
125
81
124
106
104
70
31
76
14
96
9
10
12
1
68
55
26
142
112
47
99
102
46
89
56
12
125
64
143
95
102
130
60
134
41
6
113
13
68
78
83
131
119
31
42
111
129
91
4
139
20
5
136
11
137
15
93
113
37
69
122
116
34
77
59
22
136
97
133
128
3
29
92
139
18
95
82
76
6
131
72
9
52
40
93
33
94
103
85
60
117
56
62
69
48
58
2
51
41
38
80
118
46
16
34
123
51
109
7
39
84
91
98
90
141
19
4
15
120
116
19
86
45
22
21
70
80
25
37
26
17
81
2
82
132
74
30
1
53
50
109
42
28
142
97
74
105
35
144
40
32
138
88
137
72
107
43
54
29
44
52
89
134
66
45
38
12
24
36
35
23
22
10
9
21
33
45
44
32
31
30
18
19
20
8
7
6
5
4
3
15
14
2
1
13
25
37
49
50
51
39
38
26
27
28
40
52
53
41
42
54
66
65
64
63
62
74
75
87
88
76
77
78
90
89
101
100
99
111
110
109
121
133
134
122
123
135
136
137
138
139
127
126
114
115
116
104
103
91
79
67
55
43
44
56
68
80
92
93
81
82
70
69
57
58
59
71
83
95
94
106
107
108
120
119
118
130
131
143
144
132
120
108
96
84
72
60
48
47
46
34
33
32
31
43
55
54
42
30
29
17
16
4
3
15
27
39
51
63
75
87
86
85
97
98
99
111
112
124
125
113
114
102
103
115
116
117
105
104
92
80
81
93
105
117
129
141
140
128
129
128
140
139
127
126
138
137
136
135
134
133
121
109
97
85
73
61
62
50
38
26
14
2
1
13
25
37
49
61
73
74
86
98
110
122
123
124
125
113
112
100
101
102
90
91
79
67
66
78
77
89
88
76
64
65
53
52
40
41
29
28
16
17
5
6
18
19
7
8
20
21
22
34
46
45
57
56
68
69
70
58
59
71
83
82
94
106
118
130
142
141
142
143
144
132
131
119
107
95
96
84
72
60
48
47
35
36
24
12
11
23
11
10
9
1
2
3
4
5
17
16
15
14
13
25
26
27
39
40
41
53
54
42
43
44
32
31
19
7
8
20
21
9
10
11
23
35
47
48
60
59
58
57
56
68
69
81
80
79
78
90
91
103
102
101
89
88
76
77
65
66
67
55
56
57
45
33
34
22
10
9
8
7
6
18
30
29
28
40
52
51
63
64
52
51
50
49
37
38
39
27
28
29
41
42
43
44
45
46
58
70
82
83
95
107
108
120
119
118
106
94
93
92
104
105
117
116
128
129
141
142
130
131
143
144
132
120
108
96
84
72
71
70
69
81
93
92
104
105
117
116
115
114
126
127
139
138
137
136
124
125
113
112
111
110
98
86
87
99
100
88
87
75
74
73
85
97
109
121
133
134
122
123
135
136
124
123
135
134
133
121
122
110
109
97
98
99
111
112
100
101
89
90
102
114
113
125
137
138
126
127
115
103
91
79
80
68
67
55
54
53
65
66
78
77
76
64
63
75
74
86
85
73
61
62
50
62
61
49
37
38
26
25
13
1
2
14
15
3
4
16
17
5
6
18
30
31
19
20
21
22
23
11
12
24
12
24
36
35
36
48
60
72
84
96
95
107
119
131
132
144
143
142
141
140
139
140
128
129
130
118
106
94
82
83
71
59
47
46
34
33
32
52
16
59
112
114
43
66
61
44
73
118
114
64
121
107
16
86
2
58
72
56
138
123
69
95
108
62
134
102
104
88
90
19
101
58
75
54
81
40
88
105
5
140
43
53
96
128
62
76
10
36
120
82
45
141
140
71
134
25
25
11
33
142
3
116
70
57
61
119
102
65
57
130
23
19
99
65
125
129
116
124
23
113
49
85
18
42
41
126
22
14
98
47
79
84
126
21
70
110
18
80
73
21
81
74
132
84
63
74
76
42
7
49
13
82
106
117
135
130
31
104
77
93
127
92
66
54
64
38
26
53
17
30
47
99
144
119
77
15
113
28
125
139
94
2
94
31
12
121
105
133
48
6
30
46
120
44
50
55
22
143
109
32
72
136
87
56
135
17
89
144
122
8
101
143
115
79
67
67
100
33
98
41
97
37
69
40
4
86
109
4
75
122
93
39
97
117
128
46
108
51
80
110
27
52
5
78
107
29
133
123
48
9
20
131
91
127
106
39
59
87
12
29
27
24
68
92
131
55
103
85
95
83
7
142
89
83
136
14
137
78
15
90
51
118
20
3
37
36
1
13
35
112
124
137
6
60
34
32
26
60
96
1
11
111
68
91
50
38
138
8
115
71
141
129
139
28
111
9
45
35
34
100
103
63
132
10
24
88
73
77
16
103
42
115
51
44
13
118
137
57
120
23
111
13
33
143
137
105
87
40
104
15
142
121
47
141
123
140
135
92
68
135
39
72
53
113
125
79
141
127
85
125
94
21
119
84
62
100
134
77
23
37
19
114
121
107
138
132
133
14
106
36
31
44
122
122
105
66
103
110
136
107
33
7
61
72
91
76
50
70
11
69
56
99
60
74
87
52
1
1
21
84
112
52
41
41
112
78
95
129
133
28
47
128
132
71
65
18
26
123
114
110
36
11
95
117
8
61
139
102
81
60
82
102
116
118
16
15
54
4
101
88
48
5
86
43
20
27
119
38
129
83
126
49
139
30
104
108
78
46
20
113
136
85
51
7
109
67
79
12
6
49
45
144
40
115
55
46
96
24
82
24
63
53
48
71
74
58
43
116
111
59
70
9
130
29
32
25
27
89
94
39
96
59
144
67
22
66
58
90
45
98
117
12
2
8
35
28
90
17
92
101
32
3
131
14
143
64
62
25
120
80
54
26
3
126
68
98
65
91
93
80
5
124
108
109
38
83
106
34
6
76
34
64
69
140
50
142
19
18
134
89
55
86
130
124
10
73
81
35
37
2
128
63
127
138
30
99
9
75
10
100
29
97
97
22
93
31
4
17
56
42
57
75
131
133
121
109
97
85
86
98
110
122
134
135
123
111
112
100
88
89
77
76
64
52
51
63
62
61
49
50
38
37
25
13
14
15
16
4
5
17
29
41
53
54
42
43
55
67
79
80
68
69
81
93
92
104
103
91
90
78
66
65
53
41
40
39
27
26
25
37
49
61
73
74
75
87
99
100
101
113
114
102
101
113
125
137
136
124
112
111
99
87
88
76
64
52
40
28
29
30
31
19
20
21
9
10
22
34
33
32
44
56
57
45
46
58
59
47
48
36
35
23
24
12
11
10
9
8
7
6
18
30
42
43
44
56
57
45
46
58
70
82
83
71
72
84
96
108
107
95
94
106
118
130
129
128
116
117
105
104
116
115
127
139
140
141
142
143
144
132
131
119
120
108
107
119
120
132
144
143
131
130
142
141
129
117
118
106
105
93
92
80
81
82
94
95
96
84
83
71
70
69
68
67
55
54
66
65
77
89
90
78
79
91
103
102
114
115
127
128
140
139
138
126
125
126
138
137
136
124
123
135
134
133
121
122
110
109
97
98
86
85
73
74
75
63
62
50
38
26
14
13
1
2
1
2
3
15
3
4
5
6
7
8
20
21
22
23
11
12
24
36
48
60
72
60
59
47
35
34
33
32
31
19
18
17
16
28
27
39
51
144
143
131
119
120
108
96
84
72
60
48
36
35
47
46
45
57
56
44
32
31
19
7
6
5
17
16
4
3
15
14
2
1
13
25
37
38
39
40
52
53
41
29
28
27
26
25
37
49
50
51
63
64
65
66
54
42
43
55
67
68
69
81
82
70
58
59
71
83
95
94
93
105
117
116
128
140
139
127
126
138
137
125
124
136
135
134
122
110
109
97
85
73
61
62
74
86
98
99
100
101
102
114
113
112
111
123
135
136
137
138
139
140
141
142
130
129
117
118
106
107
108
96
95
94
82
81
80
79
78
90
91
103
115
127
126
125
124
123
111
112
113
114
102
101
89
88
87
75
76
77
65
66
67
68
69
57
45
33
34
22
23
11
10
9
21
20
8
7
6
18
19
20
8
9
21
22
10
11
12
24
12
24
23
35
36
48
60
72
84
83
71
70
58
59
47
46
34
33
32
44
56
55
43
31
30
18
17
5
4
16
28
29
30
42
54
53
41
40
39
27
15
3
2
1
13
14
26
38
50
49
61
73
74
62
63
51
52
64
76
75
87
86
85
97
109
121
133
134
133
121
122
110
98
99
100
88
89
77
78
90
91
79
80
92
104
105
106
107
119
118
130
131
132
120
132
144
143
142
141
129
128
116
115
103
104
92
93
35
109
118
115
75
66
7
56
89
101
51
46
99
26
104
116
20
105
82
65
16
124
63
90
42
52
30
129
108
70
144
136
17
62
93
140
52
50
143
92
130
122
16
50
76
24
54
68
14
51
10
112
26
128
111
84
75
115
2
36
87
35
47
4
41
20
8
41
43
138
29
25
73
119
86
59
70
106
100
121
81
98
95
28
77
32
134
122
45
141
68
17
132
138
81
74
28
34
88
3
46
61
49
8
89
64
36
78
95
63
33
7
37
86
27
110
57
128
101
98
19
11
125
53
65
91
44
39
39
123
14
99
1
73
4
119
22
118
33
59
77
80
117
11
12
135
18
85
34
84
57
123
74
135
143
61
69
111
15
30
142
139
79
103
132
23
32
66
134
90
71
142
18
54
93
120
141
31
13
133
102
116
12
130
131
3
40
31
43
94
120
5
55
64
85
58
25
114
110
72
40
6
62
104
109
137
37
47
42
127
60
124
79
117
97
113
112
94
2
44
103
5
1
113
56
133
23
100
126
48
139
97
114
107
22
92
38
69
80
136
144
102
87
24
19
38
21
58
83
29
9
48
45
60
129
126
125
21
53
9
140
121
10
107
106
83
105
13
71
6
67
82
91
49
96
76
67
72
88
27
137
108
55
96
127
78
131
15
86
30
48
51
120
10
93
138
96
116
127
2
37
52
49
124
142
40
81
107
61
77
49
59
47
113
137
63
109
41
100
21
56
15
95
134
18
4
144
112
1
108
129
3
29
94
25
117
64
95
143
43
75
72
46
68
31
24
24
2
12
84
12
113
39
110
48
140
39
51
125
81
100
61
36
23
18
105
65
89
10
130
19
103
14
98
13
38
118
139
137
92
55
32
141
99
72
50
42
33
97
26
140
9
20
102
138
44
69
136
54
110
73
74
19
67
17
91
118
54
133
71
80
97
117
35
68
116
111
82
45
6
21
141
78
66
130
134
8
104
40
41
16
103
94
3
60
74
76
50
28
90
131
34
115
43
119
128
133
96
144
124
44
33
64
119
29
143
11
78
142
46
42
121
1
31
83
88
111
17
20
132
85
79
89
57
109
101
7
127
6
55
87
53
15
99
101
93
75
5
139
30
106
128
114
126
77
14
73
135
71
9
115
45
7
47
5
92
27
131
120
22
76
59
11
102
123
88
32
126
4
52
28
87
53
37
62
129
122
106
79
105
16
67
136
70
86
65
84
69
58
91
25
98
38
34
132
121
114
70
135
58
122
36
112
82
107
23
66
125
80
35
108
26
85
8
62
27
83
63
104
90
123
22
56
57
13
60
144
132
131
130
142
143
144
132
120
119
107
95
94
93
81
80
79
67
55
43
31
32
44
45
33
21
20
8
7
19
18
6
5
17
16
28
27
15
3
4
5
6
7
8
9
10
22
23
11
12
24
36
35
34
46
47
48
60
72
71
70
82
83
84
96
108
120
119
118
106
105
104
103
102
101
89
77
78
90
91
92
104
116
117
129
141
140
139
127
126
138
137
125
124
123
135
136
137
138
139
140
128
127
115
114
113
112
100
88
76
75
74
86
85
73
61
49
50
51
39
38
37
25
13
14
26
27
39
40
52
53
65
64
63
62
61
73
85
97
98
110
122
134
133
121
109
97
98
99
87
88
76
77
89
90
91
92
80
68
56
57
58
59
60
48
47
46
45
44
43
42
54
66
78
79
67
66
65
64
52
51
63
75
87
86
74
62
50
49
37
38
26
25
13
1
2
1
2
14
15
3
4
16
28
29
17
18
19
20
21
9
10
22
23
11
12
24
36
35
34
33
32
31
30
29
30
42
41
40
41
53
54
55
56
68
69
81
93
94
82
70
69
57
58
59
71
72
84
83
95
96
108
107
106
105
117
118
130
131
143
142
141
129
128
116
115
103
102
114
113
101
100
99
111
112
111
123
122
110
109
121
133
134
135
136
124
125
126
12
11
23
35
36
48
60
72
71
70
69
68
80
79
91
92
104
116
115
103
102
90
78
77
89
88
87
75
74
73
61
49
37
25
26
27
28
29
17
5
4
16
15
14
2
1
13
25
37
38
50
62
63
64
76
88
100
99
111
112
124
125
126
127
139
138
137
136
135
123
122
134
133
121
109
97
85
86
98
110
111
99
87
75
76
64
52
51
39
40
41
42
54
55
67
66
65
53
52
40
41
29
30
31
32
20
19
18
6
7
8
9
21
22
10
9
8
20
32
33
34
46
58
59
47
48
60
72
84
83
82
81
93
105
106
118
119
120
108
107
95
96
108
120
132
144
143
131
130
142
141
140
128
129
117
116
115
114
113
101
102
103
104
92
91
79
67
55
43
44
45
57
45
44
56
57
56
68
80
81
69
70
58
46
34
33
21
22
10
11
23
24
12
24
36
35
47
59
71
83
84
96
95
94
82
94
93
105
106
107
119
131
132
144
143
142
130
118
117
129
141
140
128
127
139
138
137
125
126
114
113
101
100
112
124
136
135
123
122
134
133
121
109
110
98
97
85
86
74
73
61
49
50
62
63
51
39
38
26
14
13
1
2
3
4
3
15
27
28
16
17
5
6
7
19
18
30
31
43
42
54
66
78
90
89
77
65
53
