##Rat 4 Day 32
 ##rewards
126
113
47
##Vertices
96
87
140
26
37
127
46
78
66
112
30
116
133
34
92
93
19
63
10
60
87
46
121
80
5
50
81
119
82
7
78
102
13
20
120
108
139
21
5
65
58
106
71
27
2
7
8
45
27
97
144
47
128
56
43
107
47
113
39
123
125
64
52
14
84
32
122
107
142
128
24
19
77
126
60
72
143
49
110
28
42
131
40
104
16
70
29
21
86
23
33
62
71
124
85
4
41
126
118
119
17
79
75
114
12
129
132
28
6
51
101
83
137
31
123
140
90
95
9
32
74
103
106
115
134
18
25
102
130
38
31
23
66
70
17
49
99
24
131
135
13
29
99
72
141
138
89
75
93
98
73
64
51
98
11
52
12
81
94
105
117
83
97
53
86
48
129
22
68
76
135
44
100
35
42
141
130
88
76
44
57
82
6
112
121
18
111
35
3
103
15
67
90
124
41
74
14
110
111
53
55
26
62
16
139
54
85
34
33
65
38
115
8
109
120
88
134
136
54
36
58
117
3
25
2
15
55
94
125
122
45
100
118
20
59
50
36
48
116
61
59
9
57
30
73
37
96
143
69
132
40
91
22
77
105
104
56
109
11
4
80
43
138
133
137
1
136
39
67
68
95
113
1
84
92
144
61
79
69
101
89
63
114
142
127
91
10
108
17
69
60
75
101
37
77
79
10
22
76
9
33
26
134
67
38
39
5
54
44
28
120
123
10
46
106
139
49
76
111
127
103
67
104
132
50
92
61
64
27
20
128
121
47
100
51
124
34
97
83
90
26
126
70
116
1
86
8
105
94
125
81
141
88
73
99
11
93
54
132
111
65
131
117
98
108
24
85
115
31
45
102
40
123
41
77
119
107
93
140
96
127
72
121
13
30
23
95
1
92
17
68
129
41
140
135
61
12
9
138
22
97
86
42
95
21
33
3
137
36
113
15
51
57
85
137
120
55
53
36
48
66
94
64
24
25
126
37
7
49
42
98
136
21
12
116
52
107
25
134
48
73
81
11
35
143
130
60
82
63
112
65
19
15
84
71
75
29
7
71
122
119
144
39
50
32
105
74
70
82
125
91
79
18
144
122
13
87
138
131
20
142
118
43
14
69
56
62
14
16
78
109
118
104
102
47
66
59
27
108
31
133
114
99
139
135
38
57
5
133
110
78
53
113
18
80
124
34
4
128
59
43
114
32
117
143
103
23
89
115
29
96
55
45
68
106
58
130
52
88
87
83
6
90
109
84
16
35
2
8
28
101
72
74
44
89
100
30
3
46
58
141
4
80
62
112
40
63
142
91
110
56
2
136
19
6
129
144
132
120
108
107
119
118
130
131
143
142
141
140
139
127
128
116
117
129
141
140
128
116
115
114
126
125
113
112
124
136
137
138
139
127
115
103
102
90
78
79
80
81
69
70
58
57
45
46
34
33
21
22
23
35
36
24
12
11
10
9
8
7
6
5
4
3
2
1
13
25
26
14
15
27
39
40
52
64
65
53
54
55
56
68
67
66
54
42
41
29
17
16
28
29
30
31
32
44
43
42
30
18
19
20
8
9
21
33
34
46
47
48
60
72
71
59
58
70
82
94
95
96
84
83
82
81
93
105
104
92
91
103
102
101
89
77
76
75
63
62
74
73
85
86
87
88
100
99
98
97
109
110
122
123
135
134
133
121
109
97
85
73
61
49
50
51
63
64
65
66
67
55
56
68
69
57
45
44
43
31
32
20
19
7
6
18
17
5
4
16
28
40
41
53
52
51
50
38
37
25
13
1
2
3
15
14
26
27
39
38
37
49
61
62
74
86
87
75
76
88
100
99
98
110
111
112
111
123
122
121
133
134
135
136
124
125
137
138
126
114
113
101
89
77
78
90
91
79
80
92
104
105
117
129
130
142
143
144
132
131
119
120
108
96
84
72
60
48
36
24
12
11
10
22
23
35
47
59
71
83
95
107
106
118
106
94
93
1
2
3
4
16
15
27
26
14
13
25
37
49
61
62
50
51
39
38
37
49
50
51
63
75
74
86
87
99
98
97
85
73
61
62
63
64
76
77
78
66
54
42
43
31
32
44
45
33
34
46
47
35
23
22
10
11
12
24
36
48
60
72
84
96
108
120
132
144
143
142
130
131
119
118
117
105
104
103
91
92
80
68
56
55
67
79
80
81
93
94
95
107
106
94
82
70
58
57
69
81
82
83
71
59
60
48
47
46
34
33
21
9
8
7
19
20
32
31
30
29
17
5
6
18
30
42
41
40
52
53
65
64
76
88
89
90
102
114
115
127
126
138
137
125
113
101
100
112
124
136
135
123
122
110
109
121
133
134
135
136
137
138
139
140
128
116
115
103
91
79
67
68
56
55
43
44
45
57
69
70
58
59
71
72
84
83
95
96
108
107
106
105
93
92
104
116
128
129
141
142
143
144
132
120
119
131
130
118
117
129
141
140
139
127
126
125
113
114
102
101
100
112
124
123
111
99
111
110
122
134
133
121
109
97
98
86
85
73
74
75
87
88
89
90
78
77
65
66
54
53
52
40
39
38
26
25
13
1
2
14
15
3
4
5
6
7
8
9
10
11
12
24
36
35
23
22
21
20
19
18
17
16
28
27
28
29
41
86
17
135
127
33
120
80
134
66
41
113
144
60
121
24
117
92
125
58
60
109
94
59
19
42
10
118
73
11
93
6
32
14
85
67
105
84
72
50
118
75
5
95
75
98
23
122
54
46
109
66
7
35
31
82
88
25
29
71
22
20
83
47
10
3
34
9
119
138
137
31
125
39
23
48
49
139
58
100
124
14
11
89
28
57
36
108
130
128
26
27
53
115
133
96
104
42
16
134
114
72
136
62
21
142
18
76
114
59
38
26
103
139
7
57
6
126
137
56
67
8
71
40
39
123
84
94
65
85
52
69
13
83
95
19
81
54
78
89
4
64
73
88
2
47
24
107
12
49
101
18
79
70
97
28
46
87
43
45
68
40
129
33
106
141
113
135
103
5
82
81
143
41
142
140
27
8
20
43
102
76
102
119
2
121
13
25
104
129
136
65
117
110
112
44
35
4
52
22
12
63
37
111
77
80
78
143
45
116
48
96
21
29
99
100
34
15
107
86
144
110
116
123
124
141
87
51
133
132
115
44
56
99
79
9
16
17
53
15
108
90
112
105
140
3
30
77
37
111
101
30
55
97
91
74
61
63
131
138
38
64
55
131
62
61
1
120
128
98
74
92
130
132
32
93
70
51
91
36
127
106
69
126
68
122
1
90
50
62
83
5
68
34
13
126
28
22
46
35
60
86
80
72
78
20
19
96
130
8
47
56
107
85
112
41
31
58
23
139
48
71
19
85
50
75
46
97
9
98
18
57
83
36
11
21
109
98
82
103
113
142
128
65
55
30
58
137
4
106
119
49
50
88
120
39
27
47
45
43
81
63
31
12
87
42
29
42
90
135
33
3
88
102
40
63
66
40
25
34
74
49
64
6
142
68
92
143
134
120
101
138
51
118
55
73
77
37
71
22
44
133
130
118
144
127
143
13
131
6
137
64
126
30
116
132
117
136
24
93
7
116
133
112
26
84
127
96
65
102
140
16
7
104
89
95
100
121
54
16
53
48
78
134
90
140
37
18
95
135
67
141
5
99
69
111
144
92
124
36
28
43
12
2
62
94
24
136
105
9
131
10
79
74
77
25
115
104
10
51
91
119
70
86
14
84
132
23
82
141
111
59
17
76
101
1
87
94
117
61
122
113
81
3
15
73
52
108
93
110
105
129
75
100
106
107
67
35
45
114
1
59
32
109
110
53
121
123
80
21
114
99
129
8
17
29
69
41
38
122
72
66
14
123
33
70
56
124
61
32
138
91
97
79
125
89
44
115
57
54
4
128
27
20
15
76
11
139
125
2
103
52
38
26
60
39
108
133
134
122
110
111
112
100
99
87
86
85
97
109
121
133
134
135
136
124
123
135
136
137
138
139
140
141
142
143
144
132
120
119
131
130
118
117
129
128
127
115
116
104
103
91
90
78
79
80
68
56
55
67
66
54
42
30
29
17
18
19
7
6
5
4
16
28
27
39
38
50
62
63
51
52
40
41
53
65
64
76
88
89
77
76
75
74
73
61
49
37
25
26
14
15
3
2
1
13
25
37
49
61
73
85
97
98
86
87
88
100
101
113
114
102
103
104
92
93
94
95
96
84
83
82
70
69
57
58
46
45
44
32
33
21
22
23
35
36
24
12
11
10
9
8
20
32
31
43
42
41
53
65
77
89
90
91
92
80
81
93
105
106
107
108
96
84
72
60
59
71
70
58
46
45
44
43
55
54
66
78
79
67
68
56
57
69
81
82
94
106
105
117
116
115
114
102
101
113
112
111
99
98
110
109
121
122
123
124
125
126
125
137
138
126
127
139
140
128
129
141
142
143
144
132
131
130
118
119
120
108
107
95
83
71
72
60
59
47
48
47
48
36
35
34
33
34
22
23
24
12
11
10
9
21
20
8
7
6
18
19
31
30
29
17
16
15
27
28
40
39
51
52
64
63
75
74
62
50
38
26
14
13
1
2
3
4
5
12
24
23
22
34
46
45
33
32
20
8
9
10
11
12
24
36
48
47
35
36
48
60
72
84
96
108
120
132
144
143
142
130
131
119
118
106
107
95
83
82
94
93
81
80
68
67
79
91
90
89
77
78
66
65
64
63
51
50
62
74
73
61
49
37
38
39
27
28
16
17
18
30
29
41
40
52
53
54
42
43
44
56
55
43
31
19
7
6
5
4
3
15
14
26
25
13
1
2
3
4
5
6
7
8
9
21
20
32
44
45
57
58
70
69
81
93
92
104
116
128
140
139
127
115
114
102
101
113
112
100
88
87
99
98
110
122
123
135
134
133
121
109
97
85
86
87
75
76
64
52
53
54
55
56
68
80
92
91
103
104
105
117
129
141
140
139
138
137
125
126
114
113
112
100
88
76
77
65
66
67
79
78
90
89
101
102
103
115
116
117
105
106
94
82
70
69
57
58
46
34
33
21
22
10
11
23
35
47
59
71
59
60
72
71
83
84
96
95
107
108
120
132
144
143
131
119
118
130
142
141
129
128
127
126
138
137
125
124
136
124
136
135
123
111
99
111
110
122
134
133
121
109
97
98
86
85
73
61
62
74
75
63
51
50
38
26
27
39
40
28
29
41
42
30
31
19
18
17
16
15
14
2
1
13
25
37
49
75
109
75
7
131
100
108
16
10
9
28
25
63
32
69
41
39
126
87
126
117
98
37
66
68
49
142
40
120
55
23
143
143
5
4
27
137
4
57
13
60
34
139
24
56
30
59
91
144
98
109
18
130
9
60
15
8
89
106
73
82
85
83
101
136
46
26
3
29
62
61
105
139
103
115
122
123
1
44
21
78
56
50
5
93
57
80
96
45
27
67
31
87
51
51
54
53
65
16
49
71
2
39
32
44
80
103
132
86
31
52
29
90
114
34
97
11
19
111
79
42
124
20
121
82
77
130
10
121
67
101
76
62
138
84
142
61
14
136
138
33
123
72
71
17
46
133
97
69
125
38
95
96
111
88
8
73
58
128
22
134
83
135
33
26
105
53
1
48
22
28
102
99
85
95
122
93
45
36
74
21
2
66
129
141
119
113
108
17
99
79
47
89
131
133
112
11
107
68
40
58
116
137
30
129
70
127
91
41
76
42
132
118
112
59
25
113
77
88
72
52
84
43
116
92
115
119
92
55
6
64
120
86
63
106
6
12
81
124
47
48
81
12
23
74
65
127
104
13
94
90
18
128
70
35
118
14
110
110
140
140
100
54
38
64
117
35
134
24
135
3
125
37
78
7
107
144
104
50
36
15
94
102
19
43
114
141
20
140
96
122
35
82
142
29
3
134
93
113
89
30
113
53
34
24
6
130
52
30
130
80
8
53
59
19
66
74
66
117
57
121
67
20
124
78
67
128
1
20
34
104
86
73
144
117
102
35
6
110
27
92
48
143
141
58
120
97
13
47
77
110
94
26
50
94
5
121
107
135
142
40
103
51
126
51
23
132
15
26
14
4
8
83
122
41
129
96
29
99
93
44
101
70
10
45
99
36
58
49
137
141
7
3
123
17
139
76
38
139
101
69
33
95
11
16
97
115
125
75
65
62
41
76
44
10
98
95
106
68
125
37
74
48
72
15
50
73
47
45
61
104
14
81
77
55
36
105
115
131
52
43
143
86
43
133
134
21
123
2
46
46
91
98
19
11
124
1
40
108
54
17
120
79
131
21
108
85
69
59
80
136
28
103
90
84
68
119
105
18
61
100
109
82
13
60
56
60
111
63
65
84
23
70
64
32
16
88
42
64
116
79
91
12
78
72
25
92
87
133
132
32
54
4
129
112
89
126
119
106
33
75
144
71
83
100
31
63
2
140
55
136
127
118
56
102
137
22
57
135
90
12
27
85
114
37
112
38
18
88
42
138
39
62
138
31
107
111
127
22
24
9
114
7
49
128
5
25
118
28
9
87
39
71
109
116
81
144
143
131
119
118
106
94
93
92
104
116
115
127
139
140
128
129
141
142
130
118
117
105
106
107
108
96
84
83
71
72
60
59
58
46
47
35
23
22
10
9
21
20
8
7
19
18
30
31
43
42
41
29
17
16
4
3
15
27
28
40
39
51
50
38
37
49
61
62
63
64
76
75
74
73
85
86
98
97
109
110
122
123
135
134
133
121
109
97
85
73
61
49
37
25
26
14
13
1
2
3
4
5
6
7
8
9
10
11
12
24
36
48
60
72
84
96
95
83
82
70
69
57
45
33
34
22
21
20
32
44
56
68
80
81
69
68
67
66
78
79
91
103
102
90
89
88
87
99
100
101
113
125
137
136
124
112
111
110
98
86
74
62
50
51
52
53
65
77
78
90
89
101
113
114
126
125
137
138
139
138
126
127
115
114
102
103
91
79
67
66
65
77
76
88
100
112
124
136
135
134
133
121
122
123
111
99
87
75
63
64
52
40
39
38
26
25
13
1
2
14
15
27
28
16
17
5
6
18
19
31
43
42
30
29
41
53
54
55
54
55
56
57
58
46
45
44
32
33
34
35
23
11
12
24
36
48
47
59
71
70
82
94
93
81
80
92
104
105
117
116
128
140
141
129
130
142
143
144
132
131
119
120
132
120
108
107
95
12
24
23
22
34
33
32
44
56
57
58
70
71
72
60
59
47
48
36
35
34
46
45
33
21
9
8
7
19
18
6
5
17
29
28
16
15
14
26
25
37
38
50
49
61
62
74
75
63
64
76
88
87
86
98
97
109
110
111
99
100
112
113
125
124
136
137
138
126
114
102
103
115
127
139
140
128
129
141
142
130
131
119
120
132
144
143
142
141
140
139
138
137
136
135
123
122
134
133
121
109
97
85
73
61
49
37
25
13
1
2
3
4
5
6
7
8
20
19
31
30
42
41
40
39
27
26
38
50
51
52
53
54
55
43
42
54
66
78
79
67
68
69
81
80
92
104
116
117
105
93
94
95
96
108
107
106
118
130
129
128
127
126
125
113
101
89
90
91
79
80
92
93
94
82
83
95
96
84
72
84
83
71
70
82
81
69
68
67
66
78
90
91
103
104
105
106
107
108
120
132
144
143
131
119
118
117
116
115
114
102
101
100
112
124
123
135
134
133
121
122
110
111
99
98
86
85
73
74
62
63
64
76
75
87
88
89
77
65
77
65
53
41
29
28
40
52
51
39
27
15
14
13
1
2
3
4
16
17
18
30
31
32
44
43
55
56
57
45
46
58
59
60
48
47
35
36
24
12
11
23
22
10
11
10
9
21
20
