##Rat 3 Day 18
 ##rewards
127
116
38
##Vertices
60
46
95
43
5
51
6
74
48
142
109
128
125
89
67
60
39
19
62
143
43
108
50
99
120
42
110
70
139
98
93
53
53
138
20
71
16
65
17
44
22
124
114
135
137
83
3
14
140
102
38
6
141
132
100
61
120
8
97
11
40
78
55
63
116
18
73
128
91
127
144
77
111
77
134
101
100
86
24
35
94
133
31
44
14
72
13
88
80
69
34
31
97
7
99
68
141
123
56
136
1
7
4
71
83
70
103
46
86
132
78
4
18
36
73
39
54
104
134
113
81
45
84
107
144
26
21
119
9
95
24
58
80
29
9
76
129
116
117
1
16
114
20
90
10
112
25
63
59
19
65
47
27
103
27
72
17
104
92
136
79
127
96
21
111
68
67
122
105
69
75
32
13
49
140
108
131
37
15
112
50
61
36
3
66
131
93
59
41
41
124
52
105
47
143
96
55
11
87
101
129
2
91
118
94
102
106
49
12
81
92
123
88
40
57
87
8
107
98
90
57
75
133
29
26
74
12
130
42
66
84
106
38
135
23
85
22
30
30
115
28
45
34
64
33
56
23
122
138
5
32
142
35
48
117
85
110
37
33
54
62
126
76
115
58
28
130
52
121
2
109
82
126
121
139
82
125
89
64
119
25
10
15
113
51
79
118
137
120
91
72
36
27
38
85
29
100
14
1
139
112
59
76
13
25
6
102
50
80
117
127
78
83
12
47
35
19
52
124
98
40
37
86
31
74
126
55
56
126
104
26
5
70
25
113
57
108
5
69
144
94
89
8
110
58
88
140
82
81
50
3
36
16
13
92
23
93
21
52
42
37
64
73
93
77
49
30
39
46
24
92
123
22
2
140
2
8
115
9
26
77
45
61
74
142
86
48
53
121
99
112
123
66
116
103
1
97
48
109
131
134
53
79
75
133
101
54
88
10
132
69
28
95
34
91
107
72
125
137
124
28
70
62
135
87
46
139
20
85
43
100
122
65
81
68
132
114
61
136
134
141
89
83
97
121
84
17
54
106
19
119
78
94
135
109
7
127
45
110
32
96
116
73
103
62
143
44
39
67
80
71
57
18
16
137
34
4
23
120
43
40
15
87
106
130
82
96
65
55
133
42
118
125
122
7
102
58
30
75
128
29
47
130
84
71
117
21
10
56
104
18
98
142
138
60
17
113
51
64
12
60
99
6
129
59
63
138
3
24
136
49
14
31
107
33
141
15
33
128
90
22
35
32
38
119
66
115
129
76
111
101
105
9
108
51
11
67
20
11
111
41
27
114
90
68
41
79
105
95
143
144
63
4
118
131
44
133
121
109
97
85
86
98
99
87
75
76
88
100
101
89
90
102
103
91
79
67
68
69
81
80
92
93
105
104
116
128
127
139
140
141
129
117
118
130
131
143
144
132
120
108
96
95
94
82
83
71
70
58
46
34
33
32
31
43
42
54
53
52
40
39
27
28
29
41
53
65
77
78
66
65
64
63
51
50
62
74
73
61
49
37
38
26
14
13
1
2
3
4
5
6
18
17
16
15
3
4
5
6
7
19
20
8
9
21
22
10
11
12
24
23
35
36
48
47
59
60
72
84
96
108
107
106
105
117
116
115
114
113
112
124
136
137
138
126
125
113
112
111
110
122
134
135
123
111
99
100
101
102
90
91
79
80
68
56
55
54
42
30
31
43
44
45
57
69
70
58
59
71
83
84
72
60
48
36
24
12
11
23
35
47
46
34
33
21
22
10
9
8
7
19
20
32
44
45
57
56
55
67
66
78
77
89
88
76
75
87
86
74
62
63
64
52
51
50
38
39
40
41
29
30
18
17
16
28
27
15
14
2
1
13
25
26
25
37
49
61
73
85
97
98
110
109
121
133
134
122
123
135
136
124
125
137
138
126
127
139
140
128
129
141
142
130
142
143
144
132
120
119
131
119
118
106
107
95
94
82
81
93
92
104
103
115
114
12
11
10
9
8
20
21
33
32
31
43
44
45
57
56
68
69
81
80
79
78
90
102
103
91
92
104
105
93
94
95
83
84
96
108
107
106
118
119
131
132
144
143
142
141
140
128
116
115
127
126
114
113
112
111
99
87
75
76
64
65
53
41
40
28
27
39
51
52
53
54
55
67
66
54
42
30
29
17
18
19
7
6
5
4
16
15
14
2
1
13
25
37
49
61
62
50
38
26
25
37
49
61
73
74
86
85
97
98
110
109
121
133
134
122
123
135
136
124
125
137
138
139
140
141
129
117
105
106
94
82
70
58
46
47
48
60
72
71
59
58
46
34
22
23
24
36
35
34
33
45
57
69
68
80
79
91
90
89
77
65
64
63
75
76
88
100
101
102
114
113
125
126
127
139
138
137
136
135
134
133
121
122
123
124
112
111
99
98
110
109
97
85
73
74
86
87
88
100
101
89
77
78
66
67
55
56
44
43
31
32
20
19
18
30
42
41
29
17
16
28
40
52
51
63
62
50
38
39
27
26
14
13
1
2
3
15
3
4
5
6
7
8
9
21
22
10
11
12
24
23
35
36
48
47
59
60
72
71
83
84
96
95
107
108
120
119
120
132
144
143
142
130
131
130
118
117
129
128
116
115
103
104
92
93
81
82
70
36
54
30
15
57
7
132
28
14
84
119
28
110
76
134
79
42
1
32
47
25
38
54
86
48
112
114
22
6
111
144
135
35
76
114
129
49
27
115
124
87
44
99
63
10
95
89
21
140
143
32
89
85
50
137
52
96
142
141
124
135
9
31
93
13
137
22
62
43
35
56
45
88
97
90
73
98
11
108
119
5
93
12
88
10
30
57
68
46
90
77
106
73
97
139
84
132
12
125
111
115
19
42
61
53
133
78
67
69
126
65
85
113
41
41
53
91
40
110
7
24
109
81
34
107
20
5
128
81
72
43
14
40
18
64
6
1
50
17
25
140
70
83
27
39
4
55
77
80
143
59
66
101
51
19
65
105
51
18
69
20
37
103
102
100
44
108
52
112
75
117
142
71
15
17
34
104
26
66
38
60
134
39
31
106
49
33
87
128
23
67
94
70
56
16
4
105
26
13
96
117
71
100
103
122
47
122
104
24
58
36
45
61
92
86
98
23
123
131
107
109
120
82
33
3
136
118
136
144
126
130
92
74
3
130
101
120
16
59
116
83
2
82
8
63
127
127
121
46
113
64
139
11
133
79
55
29
99
102
95
116
58
75
129
138
68
74
72
9
121
48
141
37
138
60
123
2
118
29
62
78
8
94
125
21
80
91
131
44
22
97
59
19
77
46
6
110
39
67
69
3
51
138
86
82
120
82
88
89
142
7
113
60
54
94
65
90
103
44
25
85
124
52
123
112
28
136
1
28
21
56
10
131
112
140
58
43
9
117
95
126
27
22
108
80
70
14
42
59
84
87
30
91
52
18
31
137
10
81
20
43
110
101
90
19
13
71
13
55
65
109
117
101
103
79
34
58
1
11
139
17
62
131
5
119
135
120
107
41
57
61
72
47
40
130
109
72
114
106
144
45
81
127
31
46
34
23
54
98
35
57
107
33
113
132
133
39
128
32
29
99
48
105
2
106
41
9
137
40
132
50
30
18
45
100
38
76
96
85
12
25
78
15
76
143
71
75
139
115
105
142
102
63
4
115
93
6
133
26
16
84
8
35
27
8
141
104
55
36
80
97
134
122
73
102
121
21
17
23
87
118
49
93
125
125
100
49
118
88
53
74
33
14
96
124
98
92
66
68
121
83
29
78
127
86
104
75
116
144
48
119
66
91
64
134
79
37
11
73
38
7
136
12
92
64
24
5
70
32
74
129
116
138
89
20
2
16
130
83
99
141
108
3
60
50
61
135
126
140
56
62
63
123
47
122
69
51
94
68
26
111
15
24
129
42
128
77
67
4
143
111
36
37
95
53
114
144
143
131
132
120
119
107
108
96
95
94
106
105
93
81
82
83
84
72
60
59
71
70
58
46
34
33
21
20
32
44
56
68
69
57
45
46
47
48
36
35
23
24
12
11
10
9
8
7
6
18
19
31
43
55
54
66
78
90
91
103
102
101
100
88
76
77
65
64
63
51
52
40
39
38
50
49
37
25
13
1
2
14
26
27
28
16
15
3
4
5
17
29
41
53
54
42
30
31
43
42
30
29
41
53
65
64
76
75
74
86
98
110
122
123
124
136
137
125
126
114
113
112
111
99
87
88
89
101
100
99
87
75
63
62
61
73
85
97
109
121
133
134
135
136
137
138
139
140
128
127
115
116
117
118
130
142
141
129
117
118
106
94
82
81
80
92
104
116
115
114
113
112
124
125
126
138
139
127
128
140
141
129
130
142
143
144
132
131
119
120
108
107
95
96
84
83
71
72
60
59
58
70
69
68
80
79
78
77
89
90
102
103
104
105
93
92
91
79
67
66
67
55
56
57
45
44
32
33
34
22
21
22
23
35
47
48
36
24
12
11
10
9
8
20
19
7
6
18
17
5
4
16
15
3
2
1
13
14
26
25
37
38
39
27
28
40
52
51
50
49
61
62
74
73
85
86
98
97
109
110
122
121
133
134
135
123
111
1
13
14
2
3
15
16
4
5
17
29
28
40
41
42
30
18
6
7
8
20
19
31
32
33
34
46
47
59
58
57
56
55
43
44
45
33
21
9
10
22
23
11
12
24
36
48
60
72
84
83
71
70
69
68
80
79
78
77
65
64
76
88
100
101
102
90
91
103
115
116
104
105
117
129
128
140
141
142
143
144
132
131
130
118
106
107
119
120
108
96
95
94
93
92
80
81
82
70
69
81
82
94
93
92
91
103
102
114
126
125
124
123
122
110
98
97
85
86
74
75
87
99
111
112
113
101
89
88
100
112
113
114
115
127
139
138
137
136
135
134
133
121
109
97
85
73
61
49
50
62
63
51
39
27
26
25
37
38
39
27
28
29
30
42
54
53
52
51
63
75
87
99
98
86
74
73
61
62
50
49
37
38
26
25
13
1
2
14
15
3
4
16
17
5
6
18
19
7
8
20
32
31
43
55
54
66
78
90
89
77
76
64
52
40
41
53
65
66
67
79
67
68
56
44
45
57
58
46
34
35
47
35
23
22
21
9
10
11
12
24
36
48
60
59
71
72
84
83
95
96
108
107
119
120
132
144
143
131
130
142
141
129
117
118
106
105
104
116
128
140
139
127
126
138
137
125
124
136
135
123
122
134
133
121
109
110
111
123
18
110
135
37
10
111
29
106
122
28
114
30
43
62
15
77
66
124
83
50
5
81
40
71
95
143
55
45
47
121
49
6
108
92
11
5
86
76
6
82
92
117
82
57
20
81
103
142
69
110
125
18
74
102
101
136
98
14
44
97
139
31
34
78
94
93
38
113
48
141
70
121
91
75
140
39
11
138
131
120
88
117
111
44
35
112
37
15
39
102
51
61
21
126
67
56
32
96
57
46
23
144
119
9
122
10
84
33
54
106
42
14
133
115
42
85
16
120
67
126
36
137
64
134
41
65
114
96
128
124
105
113
125
99
13
7
72
80
2
38
59
130
24
17
35
100
108
133
45
24
105
129
13
104
7
79
8
16
70
73
9
76
56
21
17
87
112
79
30
137
140
134
74
90
72
115
138
23
43
48
52
99
47
143
107
91
127
22
25
142
93
29
131
109
88
4
100
97
20
26
46
60
89
77
123
101
12
132
53
59
109
136
119
60
68
50
26
19
103
61
141
34
19
144
104
83
71
52
32
25
1
65
58
116
130
64
27
80
84
118
75
127
98
94
36
139
58
73
49
31
1
107
55
78
40
53
66
90
28
27
3
54
86
62
68
135
51
128
132
12
33
2
8
69
89
41
118
95
4
63
3
22
87
129
63
85
116
116
27
2
140
122
33
20
3
107
53
136
89
35
41
98
126
115
103
60
45
60
130
10
73
30
81
98
136
63
7
115
25
9
117
131
34
21
62
24
73
93
21
3
87
64
11
111
140
1
100
86
128
141
99
47
97
28
86
127
113
79
55
111
124
26
14
137
122
52
28
114
7
12
63
17
58
84
129
6
93
82
119
133
80
1
36
139
18
46
37
134
126
100
94
52
15
106
38
53
127
50
110
29
11
39
85
101
44
116
141
105
42
120
31
82
123
59
144
99
75
6
77
33
137
133
102
19
71
129
85
30
40
108
132
13
134
31
110
135
83
88
139
40
15
12
109
51
50
121
118
19
59
61
43
78
105
49
83
23
125
26
4
76
79
68
109
80
20
72
62
13
58
90
92
88
128
16
54
92
74
107
75
121
97
112
65
5
8
90
67
102
70
9
76
29
22
119
123
117
37
22
56
68
138
94
67
71
48
43
65
70
35
27
44
91
34
130
132
32
120
32
114
10
14
57
96
66
81
18
17
41
135
104
23
124
8
55
64
138
142
57
42
47
142
48
66
106
131
104
2
54
87
77
24
69
39
74
36
4
16
61
95
51
69
101
49
112
38
46
143
108
144
118
95
96
143
103
72
25
125
89
84
113
45
56
78
91
5
12
24
36
48
47
35
34
22
23
11
10
9
8
7
19
20
32
33
21
9
8
20
32
31
30
18
17
29
28
16
4
5
6
7
19
31
43
42
54
66
67
68
69
81
82
94
93
105
106
118
117
129
130
131
119
120
132
144
143
142
141
140
139
138
137
136
135
134
133
121
109
110
122
123
111
99
100
88
76
77
89
90
91
92
80
79
78
90
102
101
113
125
124
112
113
114
115
116
104
103
102
114
126
127
128
140
141
129
117
118
106
107
108
96
84
83
95
94
82
70
58
59
60
72
71
70
69
57
45
44
56
55
43
42
41
53
65
64
63
75
74
62
61
49
50
51
52
40
39
38
37
25
26
14
15
3
2
1
13
25
37
49
61
73
85
86
87
75
76
77
78
79
91
92
80
81
93
105
104
103
115
116
128
127
139
138
126
125
137
136
124
112
100
101
89
88
87
86
98
97
109
121
133
134
135
123
122
110
111
99
98
97
85
73
74
62
50
51
63
64
52
40
39
38
26
27
28
27
15
14
13
1
2
3
4
16
17
5
6
18
30
29
41
53
65
66
54
55
67
68
56
44
45
33
21
22
10
11
12
24
23
35
36
48
60
72
84
96
108
120
132
144
143
142
130
131
119
107
95
83
71
59
47
46
34
46
58
57
144
143
142
141
129
130
118
119
131
132
120
108
96
84
83
95
94
106
107
108
96
95
94
82
70
71
59
58
46
47
48
60
72
84
83
82
81
69
68
67
79
91
103
102
114
113
101
100
112
111
99
98
110
122
123
135
134
133
121
109
97
85
73
61
49
37
25
13
1
2
3
15
14
26
27
28
40
41
42
54
53
65
77
89
90
78
66
65
64
52
51
50
38
39
51
63
75
87
88
76
64
63
62
74
86
85
97
98
99
111
112
124
136
137
138
126
125
113
114
115
116
128
140
139
127
115
103
104
105
93
92
80
81
69
57
56
55
43
31
30
18
19
7
8
20
32
44
45
33
21
9
10
22
23
35
36
24
12
11
10
9
8
7
6
5
17
29
30
42
54
66
78
77
89
90
102
101
100
88
76
75
87
86
74
73
61
62
50
49
37
38
39
40
52
53
41
29
17
16
4
3
2
1
13
25
26
14
15
27
28
16
4
5
6
18
19
20
32
31
43
44
45
33
21
22
34
46
34
35
23
11
12
24
36
48
47
59
60
72
71
70
58
57
56
55
67
68
80
79
91
92
93
105
106
107
119
120
132
144
143
131
130
142
141
140
139
138
137
136
135
134
133
121
109
110
122
123
124
125
126
127
128
129
117
118
117
116
104
