##Rat 4 Day 43
 ##rewards
126
113
47
##Vertices
133
134
135
123
122
110
109
121
133
134
135
136
137
138
139
140
141
142
130
118
119
120
108
96
84
72
60
59
47
48
36
35
23
11
10
9
21
22
34
46
58
70
71
83
82
81
69
57
56
55
43
42
54
66
67
68
80
79
78
90
102
101
113
125
124
112
111
99
87
86
85
97
98
99
100
88
76
64
65
77
89
88
100
101
89
77
78
90
91
92
93
94
95
107
106
105
104
103
115
116
117
129
128
127
126
114
115
116
104
105
93
94
82
81
69
57
45
44
32
33
34
46
45
44
43
31
30
29
41
53
52
40
39
27
28
16
15
14
26
38
37
25
13
1
2
3
4
5
17
18
19
20
8
7
6
5
4
16
28
27
39
51
50
49
61
73
74
62
63
75
87
86
98
110
111
112
113
114
102
103
91
92
80
79
67
66
65
64
76
75
74
62
63
51
50
38
26
14
15
3
2
1
13
25
37
49
61
73
85
97
109
121
122
123
124
136
137
125
126
138
139
127
128
140
141
142
130
129
117
118
106
107
119
131
132
131
143
144
143
144
132
120
108
96
95
83
84
72
71
70
58
59
60
48
47
35
36
24
12
11
12
24
23
22
10
9
21
33
32
31
19
20
8
7
6
18
17
29
30
42
41
40
52
53
54
55
56
68
12
11
10
9
8
20
21
33
34
46
45
44
43
42
30
29
41
53
54
66
65
77
76
64
63
75
74
73
61
49
50
62
63
51
52
40
28
16
17
5
4
3
2
1
13
14
26
25
37
38
39
27
15
3
4
5
6
18
19
31
32
33
34
22
23
35
36
48
60
72
71
70
58
57
56
68
67
55
54
53
52
51
39
40
41
42
43
44
45
46
47
59
60
72
84
83
82
81
80
92
104
116
117
105
106
107
108
120
132
131
130
118
119
120
108
96
95
94
93
105
117
129
141
140
139
127
115
103
91
90
89
88
87
86
85
97
109
121
133
134
135
136
124
125
137
138
126
114
102
101
100
112
113
101
100
99
111
123
122
110
98
99
111
112
113
114
102
90
78
79
91
92
80
79
78
77
89
88
87
75
76
64
65
66
67
55
56
57
58
59
71
70
69
68
69
81
93
94
82
83
84
96
95
107
106
118
119
131
130
142
143
144
132
144
143
142
141
140
128
129
128
116
104
103
115
127
139
138
126
125
137
136
124
123
135
134
133
121
122
110
109
97
98
86
85
73
74
62
61
49
50
38
37
25
13
1
2
14
26
27
15
16
28
29
17
18
30
31
32
20
19
7
6
7
8
9
21
22
10
11
23
35
47
48
36
24
12
24
73
1
25
104
115
59
55
84
90
33
94
27
140
63
82
79
53
17
89
41
12
61
7
48
106
128
76
71
3
38
124
10
99
103
80
139
129
52
110
21
4
102
46
2
61
119
108
47
77
79
33
143
72
49
10
30
131
98
53
81
96
9
113
24
114
69
28
57
98
11
126
74
110
84
40
35
45
13
122
141
55
7
107
105
103
102
135
26
43
37
9
75
143
141
40
71
20
107
60
2
35
87
38
109
31
28
89
22
137
78
25
70
80
67
74
5
92
57
29
113
26
127
36
123
18
70
82
64
22
114
17
100
8
83
15
117
130
31
1
111
138
21
138
59
91
105
51
41
81
56
88
47
60
12
109
18
76
46
83
86
111
23
124
23
132
101
72
75
56
108
49
65
16
15
58
51
133
73
121
37
120
68
14
88
115
44
104
45
90
27
62
66
137
87
4
8
14
68
100
112
132
48
20
42
42
34
58
130
32
126
65
30
116
93
67
62
13
94
5
66
34
131
95
50
64
39
129
52
116
127
85
140
29
95
86
121
125
54
118
120
69
50
11
6
24
142
122
99
119
117
134
16
92
32
112
43
118
106
142
77
97
3
39
139
133
36
96
101
19
63
128
125
54
19
136
134
144
91
136
44
93
144
135
97
85
6
78
123
76
40
139
14
39
62
31
34
142
72
75
1
30
83
5
44
117
90
3
138
12
94
136
12
6
87
32
117
39
97
48
23
113
112
20
110
4
138
54
78
143
33
37
41
45
19
25
22
65
40
122
36
81
6
122
49
81
85
133
109
87
116
65
53
52
19
101
5
121
98
93
84
114
50
26
68
108
17
70
119
134
141
125
14
59
42
104
137
110
100
70
118
96
66
64
121
58
131
8
98
56
62
16
75
108
74
107
132
86
29
22
74
113
71
21
73
27
47
63
38
52
105
43
37
7
30
97
55
3
135
27
134
83
78
143
126
111
16
92
137
38
55
69
103
63
2
116
13
85
57
142
106
91
10
18
15
31
33
104
100
9
59
26
67
17
67
89
115
123
8
135
48
144
58
10
125
57
47
94
11
51
21
61
43
111
124
53
79
99
130
130
66
36
88
23
28
76
45
50
25
7
34
133
92
80
35
99
20
46
15
46
140
4
71
69
141
102
28
129
86
118
140
127
72
89
82
60
77
144
136
80
32
109
13
107
103
123
49
93
128
120
124
77
9
56
96
90
51
114
112
132
126
131
102
29
68
95
44
42
18
1
105
61
84
2
24
35
24
79
129
128
95
101
54
139
119
11
127
115
64
82
106
41
91
60
120
73
88
1
2
14
26
27
15
3
4
5
17
18
6
7
19
31
32
20
8
9
21
33
34
35
23
22
10
11
12
24
36
48
60
59
71
70
58
57
45
44
43
55
54
66
65
53
41
42
30
29
28
40
39
38
50
49
37
25
13
1
2
3
15
16
28
40
52
51
63
64
76
75
74
86
85
73
61
62
63
75
87
88
100
99
111
123
122
110
98
97
109
121
133
134
135
136
124
125
137
138
139
140
128
127
126
114
115
103
104
105
106
118
130
142
141
129
117
116
115
114
113
112
100
101
102
90
89
77
78
79
67
68
69
81
80
92
91
103
104
116
117
118
119
131
143
144
132
120
108
96
84
72
60
48
47
46
45
33
32
44
56
57
69
70
82
83
95
94
93
105
106
107
95
107
119
131
143
144
132
120
108
96
84
72
71
83
82
94
93
81
80
92
91
79
78
90
102
101
89
77
65
64
76
88
87
99
111
112
113
125
126
127
128
129
130
142
141
140
139
138
137
136
124
123
135
134
133
121
122
110
109
97
98
86
85
73
74
62
61
49
50
38
37
25
13
14
26
27
39
51
52
53
54
66
67
68
56
55
43
31
19
18
30
42
41
29
17
16
4
5
6
7
8
20
21
9
10
22
23
11
12
24
36
35
34
46
58
59
47
144
143
131
119
118
130
142
141
140
128
127
139
138
126
114
113
125
137
136
124
112
111
110
122
123
135
134
133
121
109
97
85
86
74
75
87
88
100
101
102
90
91
79
80
92
104
103
115
116
117
105
106
107
95
96
108
120
132
144
143
142
130
129
117
105
93
94
82
81
69
70
71
59
60
72
84
83
82
70
58
57
45
46
34
22
23
35
47
48
36
24
12
11
10
9
21
20
8
7
6
5
17
18
19
31
30
42
41
40
39
27
15
3
4
16
28
29
30
31
32
33
45
44
43
55
56
68
67
66
78
77
76
64
65
53
54
42
41
29
28
27
26
14
2
1
13
25
37
49
61
73
85
97
98
99
100
112
113
101
89
88
76
75
63
62
50
51
52
40
39
38
50
38
26
14
2
1
13
25
37
49
61
73
74
62
63
51
52
64
65
53
54
66
67
55
43
44
56
68
80
81
69
57
58
46
34
33
32
20
19
18
17
16
15
3
4
5
6
7
8
9
21
22
10
11
12
24
23
35
36
48
47
59
60
72
71
83
84
96
95
107
108
120
132
131
119
118
106
94
93
92
91
79
78
77
89
90
102
114
126
127
115
103
104
116
128
129
141
140
139
138
137
125
124
136
135
123
122
134
133
121
109
110
111
99
87
86
98
25
28
2
40
42
54
126
31
46
139
109
75
119
79
24
102
120
92
85
112
140
133
96
141
9
90
75
83
66
94
82
91
11
22
132
15
46
63
67
41
4
55
122
115
34
126
97
41
57
84
117
110
44
124
12
89
110
65
59
12
87
122
92
117
81
9
29
105
26
93
1
94
98
45
72
84
1
93
135
28
98
76
106
134
13
53
108
25
113
142
61
39
100
64
88
127
143
67
36
86
83
52
86
106
63
77
95
65
70
112
22
139
8
51
43
49
121
47
129
76
88
19
111
71
3
69
49
97
101
21
73
34
69
104
39
95
23
136
116
80
82
125
124
133
17
33
37
5
17
120
71
81
131
109
115
99
101
43
18
13
58
29
96
51
16
23
74
44
26
114
142
144
70
10
58
72
45
48
137
27
138
10
35
137
37
54
33
89
48
144
111
103
64
30
60
118
91
128
121
3
19
62
11
125
107
108
130
99
14
20
6
118
35
32
59
20
134
16
80
141
100
79
105
50
42
113
68
27
107
78
32
6
30
102
55
132
2
77
140
15
66
104
50
53
47
128
123
24
116
8
87
127
31
103
60
78
74
56
131
138
52
38
38
56
14
90
73
57
135
4
36
85
119
114
7
143
123
130
7
136
68
5
21
40
129
18
61
62
24
14
47
73
93
119
44
116
83
6
98
137
84
123
60
106
129
105
77
28
59
80
132
96
43
24
38
34
7
33
16
131
27
120
71
131
114
14
8
66
114
70
19
133
85
11
129
27
71
122
67
41
115
53
39
82
112
142
62
91
85
30
74
64
136
109
91
65
143
7
51
93
124
33
79
74
21
141
92
127
31
115
53
2
55
64
132
96
108
100
94
5
136
105
2
140
87
40
117
61
16
49
78
36
55
116
72
139
22
130
50
135
88
101
90
3
138
40
100
47
79
125
34
39
57
109
76
86
76
75
66
107
12
80
21
41
23
26
38
52
120
138
134
45
4
1
13
58
141
48
68
101
88
99
15
52
112
95
104
25
32
126
58
122
68
110
102
98
118
9
123
56
110
46
70
10
77
89
104
61
35
83
22
144
32
59
97
81
73
92
12
81
43
42
42
44
4
125
54
118
51
119
103
19
87
18
63
140
95
30
97
29
144
20
108
69
62
128
127
111
6
126
139
57
65
18
113
46
60
63
111
99
25
35
5
17
86
45
23
36
26
28
37
142
54
10
11
128
1
107
143
124
78
90
134
8
48
37
9
49
103
84
106
137
117
82
31
67
133
56
75
72
102
13
130
121
69
17
29
15
89
20
135
113
50
121
3
94
12
24
36
48
47
59
60
72
84
96
108
120
132
144
143
131
130
142
141
129
117
105
104
92
93
81
82
70
69
68
67
55
43
42
30
31
32
20
21
33
34
22
23
11
10
9
8
7
6
5
17
16
4
3
2
1
13
25
37
38
26
14
15
27
39
40
52
53
65
77
76
64
63
51
50
62
74
86
98
97
85
73
61
49
37
25
26
27
28
29
41
40
28
29
30
18
19
31
43
44
45
57
56
68
80
79
91
90
78
66
54
55
56
44
32
33
45
46
58
57
69
70
71
83
95
94
106
107
119
118
117
116
128
140
139
127
126
138
137
125
124
136
135
123
122
134
133
121
109
110
111
99
87
88
100
101
102
103
115
114
113
112
111
99
100
88
89
101
102
103
104
116
128
140
139
138
126
127
115
114
113
112
124
125
137
136
135
123
122
134
133
121
109
110
98
97
85
86
87
75
76
75
63
62
74
73
61
49
50
38
39
51
52
64
65
53
41
42
54
66
67
79
78
77
89
90
91
92
80
81
82
83
71
59
58
46
34
35
47
35
23
22
21
20
19
18
17
16
15
14
13
1
2
3
4
5
6
7
8
9
10
11
12
24
36
48
60
72
84
96
95
107
108
120
119
131
132
144
143
142
141
129
130
118
106
105
93
94
133
121
109
97
85
86
98
99
111
112
100
88
76
64
63
51
52
53
65
66
54
55
43
42
30
31
19
7
6
5
17
18
30
29
41
40
39
38
50
49
37
25
13
1
2
14
15
3
4
16
28
27
26
25
37
49
61
62
74
75
87
99
111
110
122
123
135
136
137
138
126
114
113
101
89
90
78
77
65
53
41
29
28
40
52
64
76
88
100
112
124
125
137
138
139
127
115
103
91
92
93
94
106
105
117
129
141
142
143
131
119
118
130
142
141
140
128
116
104
105
106
107
108
96
84
83
82
81
80
68
56
44
32
20
8
9
10
11
12
24
36
48
47
59
60
72
71
70
69
57
45
46
58
57
45
33
34
35
23
22
21
33
34
46
58
70
69
68
67
79
80
92
91
79
67
55
56
44
32
31
43
42
54
66
78
77
89
101
113
125
126
114
102
90
102
103
104
116
115
127
139
140
128
129
117
118
130
131
119
120
132
144
143
144
132
120
108
96
95
107
95
94
93
81
82
83
84
72
71
59
60
48
47
35
36
24
12
11
23
22
10
9
21
20
8
7
19
18
6
5
17
16
4
3
2
1
13
14
15
27
26
38
39
51
50
62
63
75
87
86
74
73
61
73
85
97
98
110
109
121
122
123
124
136
135
134
133
134
104
20
56
11
96
68
57
24
5
45
138
45
25
77
24
134
79
138
16
106
130
135
124
110
100
54
82
71
132
31
58
53
83
6
103
97
25
28
59
108
27
100
80
42
48
142
39
46
144
113
139
107
21
3
41
69
15
29
77
50
61
99
119
7
90
88
127
40
125
80
60
17
81
22
39
73
122
113
32
2
84
84
36
15
85
94
92
115
66
57
19
6
131
110
41
89
87
108
58
2
119
78
33
34
70
136
120
95
143
144
98
32
109
111
13
27
122
75
59
97
36
91
10
129
9
118
62
91
136
46
117
35
139
116
76
141
65
76
67
112
13
133
101
28
105
86
124
74
23
54
5
48
143
64
12
43
128
14
4
55
123
10
26
71
44
90
121
98
52
106
141
56
102
38
37
50
93
131
132
1
35
137
87
60
30
20
74
43
85
72
29
8
53
73
21
19
23
96
140
128
16
112
63
22
86
47
49
81
118
40
142
99
7
72
68
3
117
121
51
83
111
114
140
64
63
116
109
89
105
101
130
78
92
133
134
18
94
126
44
18
1
65
34
49
67
69
47
107
75
14
61
125
82
104
62
115
38
8
33
88
137
120
37
4
66
103
126
129
70
9
135
42
11
95
31
17
51
123
127
26
55
102
79
12
52
30
114
93
97
64
37
26
88
11
51
80
112
107
128
124
107
141
36
141
101
69
28
117
67
18
137
72
129
33
121
89
14
71
56
4
110
119
14
27
131
72
57
25
76
53
21
39
104
56
67
128
43
65
42
78
144
19
94
43
84
61
90
131
132
53
20
30
127
63
49
109
102
85
79
48
40
125
75
136
60
13
105
71
73
60
64
88
93
32
42
143
9
83
23
1
70
32
77
126
77
142
57
34
6
119
79
111
126
34
5
104
29
116
63
82
10
12
121
66
2
68
133
122
81
90
51
75
74
5
94
50
10
123
27
44
47
6
98
17
68
22
24
83
38
50
110
99
66
142
46
130
102
118
45
8
73
58
108
140
55
30
47
85
99
112
2
9
100
138
62
35
87
106
24
1
81
28
13
134
140
132
115
16
143
113
123
91
20
100
103
21
122
127
12
114
108
65
55
22
74
19
91
144
125
86
113
39
133
41
8
37
40
89
111
105
129
52
138
95
139
59
84
120
109
44
130
58
3
82
41
120
76
26
3
31
124
118
33
92
115
97
134
4
29
16
117
36
95
137
45
23
139
49
7
92
46
52
96
25
96
98
101
18
59
61
38
93
80
135
11
62
35
70
87
116
86
48
31
17
54
78
69
7
54
15
136
114
15
135
103
106
