##Rat 6 Day 8
 ##rewards
83
94
16
##Vertices
22
40
93
3
80
29
117
141
137
39
1
87
54
99
77
117
69
126
79
23
25
13
131
144
72
92
112
64
136
138
12
1
58
61
104
106
144
29
91
86
106
77
143
133
98
96
35
140
45
39
10
110
48
99
124
101
132
60
78
116
118
66
7
46
68
136
93
114
95
44
7
16
111
130
130
27
139
49
89
55
90
37
37
40
94
47
5
122
52
85
125
12
103
68
24
17
88
36
67
71
76
97
28
49
34
104
14
82
32
48
59
58
38
43
81
90
75
134
11
4
59
111
114
110
11
119
109
125
21
129
96
55
123
50
19
119
36
20
5
30
139
75
47
65
51
100
108
141
71
132
84
101
50
109
142
18
63
2
10
66
38
127
142
28
97
107
63
56
129
32
102
26
124
94
95
25
41
137
6
121
15
131
115
60
56
140
44
72
42
22
62
128
23
100
20
108
113
43
8
84
46
15
35
121
120
103
33
135
19
13
133
105
102
62
64
2
42
24
53
116
127
134
107
138
91
6
105
67
8
26
70
98
21
89
92
74
113
3
115
79
61
123
51
31
112
70
4
33
65
57
76
73
126
9
85
30
53
128
86
34
9
83
88
120
81
74
69
118
87
14
17
135
27
52
73
31
57
82
83
45
80
16
18
54
122
78
143
41
5
120
40
30
27
142
84
33
97
137
44
122
30
106
41
80
109
96
18
10
57
127
137
12
49
22
72
16
82
70
5
95
83
68
121
62
131
102
42
35
24
79
88
135
10
87
81
46
61
2
129
115
24
82
90
60
58
118
19
101
18
67
128
4
80
53
117
138
112
1
74
17
38
132
7
78
58
35
37
31
70
121
96
118
140
13
47
125
28
31
92
78
66
91
34
122
98
21
25
39
86
74
51
45
19
88
15
72
23
109
37
110
45
44
124
26
55
113
84
59
66
134
20
64
21
39
41
75
114
69
131
49
136
135
133
144
77
90
119
3
33
98
46
43
99
56
89
133
20
81
2
50
43
15
85
11
104
139
32
132
77
67
62
14
26
114
103
34
16
54
141
6
125
140
9
134
8
130
52
32
108
76
23
29
111
68
86
123
9
48
12
17
142
116
53
6
127
50
63
69
139
14
73
136
93
105
52
112
51
42
60
85
28
89
83
76
97
87
143
94
104
107
65
27
99
129
111
22
94
36
138
106
61
54
47
55
4
126
141
130
25
29
126
59
100
123
124
75
65
120
108
119
128
64
143
63
13
71
115
144
92
95
36
103
117
3
48
71
40
110
1
105
113
7
57
8
73
38
102
91
116
101
93
56
11
79
100
107
133
121
109
110
122
123
135
136
124
112
100
101
113
114
115
127
126
125
137
138
139
140
141
142
130
131
143
144
132
120
108
96
95
94
106
107
119
118
117
105
93
92
104
103
91
79
80
81
82
83
71
70
58
57
69
68
67
55
56
44
45
46
34
35
36
24
12
11
23
22
10
9
8
7
6
18
19
31
30
29
41
42
54
66
78
90
102
101
89
77
65
53
52
64
63
75
76
88
87
86
74
62
50
51
39
38
37
25
26
27
15
14
2
1
13
25
37
49
61
73
85
97
98
99
111
112
113
114
102
90
91
103
115
116
128
129
141
142
130
118
106
94
82
70
58
59
60
48
47
46
34
33
21
20
32
31
43
42
30
29
28
40
41
53
65
64
52
40
28
16
4
5
17
16
17
5
6
18
19
7
8
9
10
11
12
24
36
48
60
72
84
83
95
107
119
131
143
144
132
120
108
96
84
72
71
59
47
35
23
22
21
20
32
33
45
44
43
55
54
66
78
79
67
68
56
57
69
81
80
92
93
105
104
116
117
129
128
140
139
127
126
138
137
125
124
123
111
99
100
88
89
77
76
75
87
86
74
62
63
51
39
27
15
3
4
3
2
1
13
14
26
38
50
49
61
73
85
97
98
110
109
121
133
134
122
134
135
136
144
143
142
141
140
128
129
130
131
132
120
119
118
106
105
104
92
91
103
102
101
113
114
126
138
137
125
124
136
135
134
122
110
98
97
85
86
87
88
89
77
76
64
65
66
67
55
54
42
43
44
56
57
69
68
80
79
78
90
89
88
100
112
111
123
135
136
137
138
139
127
115
116
117
105
93
94
82
81
93
94
95
96
108
107
106
118
117
116
104
103
102
101
100
99
87
75
63
62
50
38
37
25
26
27
39
51
52
53
41
40
28
29
17
16
4
3
15
14
2
1
13
25
37
49
61
73
74
75
76
64
52
53
41
40
28
29
30
31
19
18
6
7
8
9
21
20
32
33
34
35
47
59
58
46
45
57
58
70
71
72
60
48
36
24
12
11
23
22
10
9
21
22
10
11
12
24
23
35
36
48
47
46
34
33
45
44
56
55
43
31
32
20
8
7
19
18
30
42
54
66
65
77
78
90
91
92
80
79
67
68
69
81
82
70
71
59
60
72
84
83
95
83
84
96
108
107
119
120
132
144
143
131
130
142
141
129
128
140
139
127
115
114
126
125
124
123
122
134
133
121
133
121
109
110
109
97
85
73
61
49
50
38
26
14
13
1
2
3
4
5
6
5
17
16
15
27
39
51
63
62
74
86
98
99
111
112
113
93
129
86
33
31
102
79
84
101
72
27
31
81
24
38
129
59
143
87
73
89
7
22
76
50
37
83
11
43
41
57
55
126
44
87
70
91
64
105
57
40
140
5
102
92
49
17
83
69
135
109
25
63
100
4
5
74
11
120
120
134
112
3
142
29
75
88
84
26
43
80
88
15
122
126
46
80
20
16
29
21
122
32
96
60
127
103
104
19
123
131
47
98
66
61
19
124
75
35
127
65
72
124
64
71
13
61
82
71
69
103
138
96
132
63
39
28
10
15
114
41
68
52
18
53
79
91
81
107
119
92
128
115
98
46
1
26
68
130
32
117
20
6
51
143
51
114
133
24
40
12
97
139
115
99
25
101
95
90
123
2
36
113
73
9
58
89
10
128
56
1
23
137
44
2
30
66
78
78
45
112
47
104
48
108
76
105
141
59
36
141
70
23
52
106
48
28
17
99
37
94
65
35
118
93
140
67
38
116
12
22
97
136
125
14
54
18
39
106
86
58
133
116
118
121
77
53
14
90
42
60
50
62
138
3
56
62
9
131
8
67
130
55
94
27
125
142
108
109
144
132
110
33
21
8
139
85
111
113
119
85
49
144
134
34
77
54
95
107
7
137
30
74
4
16
6
117
34
136
100
110
111
45
42
82
13
135
121
57
72
68
129
42
103
30
94
101
132
27
8
88
25
122
34
132
112
2
8
40
58
105
41
130
3
24
98
4
22
5
10
53
77
10
106
73
92
32
20
66
4
18
60
20
51
124
26
61
83
45
11
68
122
108
126
31
24
38
7
13
12
131
39
109
114
101
23
23
40
79
42
35
9
38
112
138
84
73
54
69
95
75
134
76
89
46
85
71
58
93
144
144
124
61
33
93
104
104
33
67
50
16
12
117
98
17
13
74
80
127
119
22
31
35
109
134
50
28
137
84
6
43
64
85
63
43
29
27
129
130
91
141
44
57
97
140
59
102
125
118
26
107
16
62
19
96
6
115
41
37
67
99
125
32
9
60
94
138
36
78
66
133
139
96
100
1
105
30
90
99
49
121
63
121
82
92
97
74
71
87
102
29
34
86
75
136
15
116
113
120
118
56
51
106
49
86
1
78
123
79
87
55
100
47
28
133
143
137
110
117
55
128
53
44
113
142
14
131
2
81
83
120
25
65
91
119
142
19
77
47
80
54
52
65
140
21
37
36
107
62
39
111
139
69
111
81
76
5
95
3
126
127
11
56
90
59
15
21
135
72
64
110
108
143
17
82
18
7
115
46
136
70
135
45
116
48
48
123
52
114
141
128
89
103
88
70
14
12
24
36
48
60
59
47
35
23
11
10
22
34
33
45
57
56
68
69
81
93
94
82
83
84
96
95
107
108
120
132
131
130
129
141
140
128
116
104
92
91
103
102
90
78
66
65
77
76
64
52
53
41
42
54
55
67
79
80
92
104
105
106
118
119
120
108
96
84
72
71
70
58
46
45
44
32
31
43
44
32
20
8
9
21
33
34
46
58
57
69
81
93
105
117
116
115
114
126
125
124
136
135
123
111
112
113
101
89
88
100
99
87
86
98
97
109
110
122
121
133
134
135
136
137
138
139
127
115
103
102
101
89
88
100
99
87
75
63
62
74
73
61
49
37
38
50
51
39
27
15
16
17
29
28
40
41
29
30
18
6
5
4
3
2
1
13
14
26
25
37
38
26
25
13
1
2
14
15
3
4
16
28
27
39
40
52
53
65
64
63
51
50
49
61
62
74
75
76
77
78
90
91
79
80
68
56
55
67
66
54
42
43
31
30
18
17
5
6
7
19
20
19
7
8
9
21
22
10
11
12
24
23
35
36
48
47
59
60
72
71
70
82
83
95
107
119
131
132
144
143
144
143
142
130
142
141
140
139
138
137
125
124
123
122
134
133
121
109
97
85
73
85
86
98
110
111
112
113
114
126
127
128
129
117
118
106
94
1
2
14
26
25
37
49
61
73
85
97
109
110
98
99
100
88
89
101
113
114
126
138
139
140
128
129
141
142
130
131
143
144
132
120
108
107
106
105
93
92
104
116
117
118
119
120
108
96
95
94
82
81
80
79
91
103
102
90
78
77
76
64
63
75
87
86
74
62
50
51
52
40
28
29
17
5
6
18
19
7
8
20
21
9
10
11
23
35
36
48
60
72
84
83
71
59
47
46
45
44
43
31
32
33
34
22
10
9
8
7
6
5
4
3
15
16
28
27
39
38
37
49
50
51
63
64
65
66
67
55
54
42
30
18
19
20
21
22
34
33
32
31
43
44
56
57
58
70
69
68
80
79
78
77
76
88
100
112
111
123
122
134
135
136
124
125
137
138
139
127
126
125
137
136
124
123
135
134
133
121
133
121
122
110
109
97
85
73
61
62
74
75
87
86
98
99
111
112
113
101
89
90
102
114
115
127
128
140
141
129
117
116
115
103
91
92
104
105
106
118
130
142
143
144
132
131
119
107
95
96
84
72
71
83
82
94
93
81
69
70
58
59
60
48
36
24
12
11
12
24
23
35
47
46
45
57
56
68
67
55
54
66
65
53
41
40
39
38
26
27
15
14
13
25
13
1
2
3
4
16
17
29
30
42
41
53
52
110
36
27
30
70
79
138
89
56
44
94
99
46
119
41
29
125
40
63
80
129
21
82
55
103
93
115
16
37
75
1
9
128
83
52
5
93
95
2
53
15
23
129
95
69
121
91
77
131
94
135
33
119
17
34
61
70
30
143
109
58
110
98
141
104
125
137
104
102
7
116
120
72
26
59
86
75
39
45
24
64
47
50
117
68
113
11
23
100
4
77
128
13
7
64
71
117
111
57
142
99
84
96
137
56
81
109
67
50
82
112
138
108
59
118
35
88
17
44
47
126
134
20
92
80
54
101
106
106
22
131
46
144
72
141
26
123
27
112
86
68
65
28
134
133
10
127
60
111
61
88
22
71
10
2
84
76
34
130
115
3
6
66
42
13
122
113
79
11
55
74
3
127
91
52
25
4
114
132
12
43
29
133
15
14
142
105
114
102
51
25
140
90
81
60
87
120
31
35
73
105
139
83
41
36
8
108
98
103
18
85
21
66
28
48
32
33
51
143
101
42
140
144
32
89
12
122
45
19
97
6
48
31
38
123
53
107
76
65
9
1
43
58
121
126
107
124
87
62
116
136
97
100
85
16
19
20
124
92
136
5
24
135
38
39
62
40
132
74
139
78
63
54
96
49
69
78
73
57
118
8
37
90
49
18
67
14
130
59
115
97
94
25
135
52
7
49
29
18
143
108
93
96
21
3
105
64
38
84
68
96
86
98
32
8
82
36
104
45
124
89
130
50
11
127
141
1
33
144
37
16
142
116
51
120
28
81
50
2
102
70
73
99
77
114
121
121
143
133
61
133
32
106
35
97
5
106
94
20
64
45
84
109
122
127
40
80
56
135
15
126
42
131
47
132
107
27
6
8
53
90
113
4
46
73
95
103
112
48
119
5
136
125
43
7
101
76
9
91
35
72
71
126
78
128
54
27
91
12
74
65
48
28
110
77
29
34
63
100
139
124
4
67
79
15
11
137
41
105
104
129
42
51
142
85
71
69
95
117
55
14
111
30
102
26
17
12
49
1
21
101
112
81
26
116
2
134
67
3
99
103
24
144
114
62
57
34
128
125
13
60
66
56
88
36
44
138
18
139
90
58
92
130
46
44
52
70
140
6
115
39
17
31
19
68
131
72
10
74
136
30
100
138
98
140
53
118
14
25
123
69
86
134
43
22
57
113
19
141
93
117
58
92
108
83
16
23
39
66
40
129
78
9
75
59
80
61
76
87
54
120
47
107
111
13
24
31
75
10
87
23
109
33
63
38
122
79
20
65
110
37
119
60
137
83
118
62
82
41
55
22
123
89
88
132
85
1
13
14
15
3
2
1
13
25
26
38
50
51
52
64
65
66
78
90
102
114
113
101
100
112
124
125
137
138
126
127
139
140
128
129
117
118
130
142
141
140
139
138
137
136
135
123
122
134
133
121
109
110
111
99
98
97
85
73
74
75
63
62
61
49
37
25
26
27
39
40
41
42
43
44
56
68
67
55
54
53
41
29
28
16
4
5
6
18
19
7
8
20
21
22
10
9
8
7
6
5
17
18
30
31
32
33
45
57
69
70
71
59
60
72
84
96
95
94
106
107
108
120
132
131
119
118
106
105
93
92
80
81
82
83
84
72
60
48
47
35
23
11
12
24
36
48
47
46
58
57
69
68
56
55
54
53
65
77
89
88
87
86
85
97
98
99
100
101
102
103
91
79
67
66
78
79
80
81
93
94
82
70
58
59
71
83
95
96
108
107
119
120
132
144
143
144
143
131
130
142
141
129
117
116
128
127
126
125
124
136
135
123
122
134
133
121
109
110
111
112
113
114
115
116
115
103
104
105
104
92
91
90
89
77
76
64
52
51
63
75
76
88
87
86
74
73
61
62
50
49
37
38
39
40
28
27
15
14
2
3
4
16
17
29
30
42
43
31
32
44
45
46
34
33
34
22
23
35
36
24
12
11
10
9
21
20
19
133
134
122
110
109
97
85
73
74
75
76
77
65
66
54
53
41
29
30
42
43
55
67
68
56
57
58
70
71
72
84
96
108
120
119
118
117
116
128
140
141
129
130
131
143
144
132
120
108
107
95
83
82
81
69
57
45
46
34
33
21
20
19
18
6
7
8
9
10
22
23
11
12
24
36
48
60
59
47
35
34
46
58
70
69
81
93
94
106
105
104
103
91
90
78
79
80
92
93
105
104
116
115
114
113
125
126
127
139
138
137
136
124
123
135
136
137
125
113
112
111
99
87
86
98
97
85
73
61
62
63
64
52
40
39
27
26
25
37
38
50
49
37
25
13
1
2
14
15
3
4
5
17
16
28
29
30
31
32
44
43
42
41
53
54
66
78
90
102
101
100
88
100
101
89
88
89
77
65
64
76
75
87
99
111
112
124
123
135
134
122
121
133
121
109
110
98
86
74
62
61
49
50
51
63
51
52
40
39
38
26
14
13
1
2
3
15
27
28
16
4
5
17
18
6
7
8
20
19
31
32
44
45
33
21
9
10
22
23
11
12
24
36
35
47
48
60
59
71
72
84
96
95
83
82
94
106
107
119
131
132
144
143
142
141
142
130
118
117
129
128
140
139
138
126
127
115
114
102
103
91
79
67
55
56
68
80
92
