##Rat 1 Day 47
 ##rewards
19
32
98
##Vertices
133
134
135
136
124
112
113
125
137
138
139
140
141
129
128
116
117
118
106
107
119
131
132
144
143
142
130
118
106
105
104
103
115
114
126
127
139
138
137
136
135
123
122
121
109
97
85
73
61
62
50
49
37
25
13
1
2
3
15
16
4
5
6
7
19
18
17
29
41
53
52
64
63
75
74
86
98
110
111
99
87
88
100
101
102
90
89
77
65
66
67
55
43
31
32
44
56
68
80
81
93
94
95
96
84
72
60
59
58
70
71
83
82
94
93
92
91
79
78
90
102
101
89
88
76
75
63
51
39
38
26
27
28
40
52
51
39
40
41
42
54
55
56
57
69
81
82
70
69
57
45
33
21
22
34
35
36
48
47
46
45
44
32
20
8
9
10
11
23
24
12
24
12
11
23
22
10
9
21
33
34
35
36
48
47
46
58
59
60
72
71
83
84
96
95
107
108
120
108
120
119
131
132
144
143
142
130
129
141
140
128
116
117
105
104
92
80
68
67
66
54
53
65
64
76
77
78
79
91
103
115
127
126
114
113
125
124
123
122
134
133
121
109
110
111
112
100
99
87
86
98
97
85
73
74
62
61
49
50
38
37
25
13
14
26
27
28
16
17
29
30
42
43
31
30
18
19
20
8
7
6
5
4
3
15
14
2
1
1
13
25
37
38
39
51
50
49
61
73
85
97
98
86
87
99
111
112
124
123
122
134
133
121
109
110
111
112
100
88
76
75
63
62
74
73
61
49
37
25
26
14
2
3
4
5
6
7
19
20
8
9
10
11
12
24
36
35
47
48
60
72
84
83
71
59
58
57
56
44
43
31
30
18
17
16
15
27
28
29
41
40
52
64
65
53
54
55
67
79
80
81
82
94
93
92
91
90
102
101
113
125
137
138
139
140
128
116
115
127
126
114
113
101
89
77
78
66
65
64
52
53
41
42
30
31
32
33
21
22
34
46
45
44
32
33
45
57
69
68
80
92
104
103
102
114
115
103
104
105
106
107
119
118
130
142
141
129
117
105
93
94
95
96
108
120
132
131
143
144
143
144
132
131
119
120
108
107
106
118
130
142
141
129
117
116
128
140
139
127
126
138
137
125
124
136
135
136
135
123
122
134
133
121
109
110
98
97
85
86
87
99
100
88
89
90
91
79
67
68
56
55
43
42
54
66
78
77
76
75
74
62
63
51
50
38
26
14
13
1
2
3
15
27
39
40
28
29
17
16
4
5
6
18
19
7
8
20
21
9
10
11
23
22
34
46
47
59
58
70
69
81
82
70
71
83
95
96
84
72
60
48
36
35
23
24
12
129
108
46
91
54
126
72
31
86
84
21
101
1
131
108
122
24
109
25
13
31
144
51
20
119
45
128
53
94
43
80
116
39
113
89
90
22
85
79
98
61
101
11
38
8
59
5
114
69
73
74
132
87
28
57
69
62
46
28
47
20
57
11
61
54
58
116
135
106
144
130
55
58
64
102
102
42
39
141
7
32
79
7
76
65
70
22
95
139
95
71
70
12
35
133
60
127
27
118
9
84
6
129
6
19
66
59
92
110
26
81
138
50
45
124
85
47
96
115
15
107
105
34
14
68
139
23
48
1
103
77
21
10
27
64
8
49
120
140
100
142
32
23
126
5
125
29
71
88
143
3
124
97
105
112
33
117
50
66
78
18
26
52
86
109
62
2
134
16
130
41
128
65
138
17
134
107
97
55
73
137
3
60
74
114
78
43
111
63
56
143
106
37
30
17
34
52
49
111
12
120
67
113
56
92
14
80
63
135
29
40
125
121
53
41
77
136
4
37
76
75
117
94
36
140
88
133
48
104
100
110
93
72
127
119
137
104
35
81
9
93
118
122
99
123
44
30
2
40
83
132
96
121
115
136
24
42
83
44
4
87
51
82
98
25
90
33
15
18
67
131
19
68
36
103
16
99
82
91
38
13
89
112
141
123
142
75
10
128
77
52
141
108
106
75
76
46
3
2
35
140
8
41
84
72
132
94
83
114
143
123
11
73
76
112
73
70
57
15
30
34
120
144
40
90
5
86
17
142
30
60
127
66
70
123
117
119
85
115
72
138
61
14
137
50
86
15
37
132
113
39
9
59
7
135
27
7
48
23
1
31
136
94
74
124
49
103
61
19
130
69
126
28
29
96
42
100
116
55
64
41
139
109
129
32
5
80
107
81
141
95
116
19
49
68
62
140
110
50
51
134
125
10
82
101
118
12
93
130
83
51
79
10
48
6
95
27
47
18
45
53
68
32
138
102
60
24
38
98
36
126
43
128
133
89
45
99
91
65
99
31
47
109
53
90
88
2
54
75
107
37
67
20
93
92
28
98
134
14
13
131
1
25
118
79
35
127
87
78
34
18
91
122
22
131
136
78
71
43
62
9
4
112
59
63
87
44
23
97
121
33
92
104
16
20
81
125
135
101
33
108
65
80
89
137
22
110
24
106
17
46
52
25
122
64
124
36
105
84
26
114
21
88
119
120
4
21
58
100
57
67
103
39
71
143
42
104
82
121
66
96
11
26
129
111
56
133
54
74
3
56
111
58
77
113
38
16
139
29
6
142
63
55
102
85
40
12
69
115
105
97
144
44
13
117
8
12
24
23
22
21
9
10
11
12
24
36
48
60
59
58
57
69
70
82
81
80
68
56
55
67
79
78
90
91
103
102
101
113
114
115
127
126
138
137
125
124
136
135
123
111
112
100
99
98
110
122
134
133
121
109
97
85
73
74
62
63
51
50
38
26
14
2
1
13
25
37
49
61
73
85
86
87
75
76
64
65
77
89
88
76
77
78
66
54
42
41
29
17
16
28
40
39
27
15
3
4
5
6
7
19
18
30
31
43
44
45
46
47
35
34
33
32
20
8
7
6
5
4
16
17
18
30
29
28
40
52
53
41
42
43
44
45
57
58
70
71
72
84
83
95
96
108
107
119
120
132
131
143
142
130
118
106
105
104
92
93
94
106
118
117
129
141
140
139
138
137
136
124
112
111
110
122
123
135
134
133
121
109
97
98
99
87
86
74
75
63
62
61
49
50
38
37
25
13
1
2
3
15
14
26
27
39
51
52
64
65
53
54
66
67
55
56
68
69
81
93
105
104
92
80
79
91
90
89
88
100
101
113
125
126
114
102
103
115
116
117
116
128
127
139
140
128
129
141
142
130
131
119
107
95
94
82
83
71
59
47
46
34
33
32
31
19
20
8
9
21
22
10
11
23
35
36
48
60
72
84
96
108
120
132
144
143
144
144
143
131
119
107
108
120
132
144
143
142
141
140
128
116
104
103
115
114
102
90
91
92
80
79
78
66
65
77
76
64
52
51
63
75
74
62
61
49
50
38
37
25
26
27
39
40
28
16
15
14
13
1
2
3
4
5
6
18
19
31
32
20
21
22
23
24
12
11
10
9
8
7
6
5
17
29
30
42
43
55
54
53
41
42
54
66
67
68
69
57
58
59
47
46
45
33
34
35
36
48
60
72
84
83
71
70
82
81
93
105
117
129
130
118
106
94
95
96
84
72
60
48
47
59
71
70
58
46
45
44
56
57
69
81
93
105
104
116
115
127
139
138
126
125
137
136
124
123
135
134
122
121
109
110
111
112
100
88
89
101
113
112
111
99
98
97
85
73
61
49
37
38
39
27
15
14
26
25
13
1
2
3
4
16
28
29
17
18
30
31
19
7
8
20
21
9
10
11
12
24
36
35
23
22
34
33
32
44
43
55
56
68
67
79
80
92
91
103
102
101
100
88
89
90
78
77
65
53
41
40
52
51
50
62
63
64
76
75
87
99
87
86
74
73
85
86
98
97
109
110
122
123
124
125
113
114
126
127
128
129
117
118
106
94
82
83
95
96
108
107
119
120
132
131
130
142
141
140
139
138
137
136
135
134
133
121
133
8
7
44
93
28
84
101
110
38
42
115
96
124
121
97
119
73
48
113
81
33
135
120
108
43
65
58
91
12
124
136
95
129
69
37
104
133
63
68
23
122
90
75
59
103
93
73
70
144
78
35
66
37
14
13
39
1
30
30
119
81
6
136
55
46
16
133
90
46
8
44
31
137
131
27
138
138
79
9
11
123
9
142
27
127
15
17
126
57
54
24
56
143
118
141
114
74
134
1
49
22
18
40
141
106
23
101
105
87
144
31
18
85
92
15
66
111
98
109
16
106
3
129
142
10
105
40
128
56
55
71
19
87
83
17
80
50
29
135
70
2
32
72
117
107
79
61
99
7
45
130
139
53
126
78
80
98
61
48
67
24
137
32
67
5
86
125
69
45
96
25
33
94
47
25
47
140
112
92
39
139
100
26
120
52
36
140
49
74
116
109
65
21
100
122
115
41
108
51
21
121
85
43
134
11
54
53
104
95
107
117
68
26
19
62
82
132
58
76
89
143
88
34
84
71
2
41
102
86
111
76
64
50
83
127
63
113
42
110
82
118
4
59
75
36
34
132
123
20
102
57
20
72
64
116
114
22
51
60
112
60
94
77
88
6
29
14
10
62
128
91
131
125
99
13
97
5
3
103
28
12
130
52
35
4
89
77
38
83
89
73
4
118
79
6
92
68
39
85
137
40
106
90
95
20
22
28
58
144
132
102
5
44
126
142
121
3
49
98
18
41
61
126
134
116
57
95
90
104
10
4
19
58
25
59
103
52
97
30
128
134
16
120
24
135
68
6
37
74
104
20
55
54
107
73
88
42
100
51
107
76
101
94
111
65
113
121
124
69
64
82
9
59
123
99
13
25
115
139
139
56
22
12
52
63
50
17
49
111
72
47
62
66
57
33
108
36
15
125
31
78
21
131
127
12
112
41
96
137
46
132
128
30
140
8
99
136
141
24
65
122
112
129
94
13
83
29
77
75
43
63
66
62
75
14
118
42
84
43
67
77
82
19
140
96
91
92
26
7
72
17
79
23
109
74
36
54
50
138
117
91
55
108
60
35
85
116
28
84
39
103
86
125
142
122
115
119
71
124
93
26
11
93
130
138
86
133
2
64
23
27
18
123
53
76
21
109
38
106
2
141
56
27
16
98
81
3
38
89
81
35
1
40
44
80
53
117
80
120
97
32
101
34
48
1
70
5
114
143
7
31
131
133
14
136
29
37
11
143
60
47
48
70
46
110
15
102
9
10
127
45
110
119
51
100
87
114
8
105
87
71
32
33
45
88
130
105
61
129
144
34
113
69
67
135
78
1
13
14
15
3
4
5
6
7
8
9
10
22
21
33
45
44
56
57
58
70
71
72
84
96
95
107
108
120
119
131
132
144
143
142
141
129
117
105
104
92
93
94
106
118
130
142
141
140
128
116
115
103
91
79
80
81
69
68
67
55
43
42
30
31
32
20
19
18
17
29
41
40
39
51
50
49
61
62
74
73
85
86
98
97
109
121
122
123
135
136
137
138
139
127
126
125
124
112
100
88
76
75
87
99
111
110
109
97
85
73
61
49
37
25
26
38
39
27
28
16
4
5
17
29
30
42
54
66
78
77
65
64
63
62
74
86
98
110
111
99
87
75
76
88
89
101
113
114
102
90
91
79
67
55
43
44
45
46
34
35
23
24
36
48
47
59
60
72
84
83
71
59
60
48
47
35
36
24
12
11
12
11
23
22
10
9
8
7
6
18
19
31
32
20
21
33
34
46
58
57
56
68
69
70
82
83
95
96
108
107
106
94
82
81
80
92
93
105
117
118
119
120
132
144
143
131
130
129
128
140
139
138
126
127
115
116
104
103
102
114
113
125
137
136
135
134
133
121
133
134
122
123
124
112
100
101
89
90
78
77
65
66
54
53
52
40
28
16
15
27
26
14
2
3
2
1
13
25
37
38
50
51
63
64
52
53
41
133
134
122
110
109
97
85
73
74
75
76
77
65
66
54
53
41
29
30
42
43
55
67
68
56
57
58
70
71
72
84
96
108
120
119
118
117
116
128
140
141
129
130
131
143
144
132
120
108
107
95
83
82
81
69
57
45
46
34
33
21
20
19
18
6
7
8
9
10
22
23
11
12
24
36
48
60
59
47
35
34
46
58
70
69
81
93
94
106
105
104
103
91
90
78
79
80
92
93
105
104
116
115
114
113
125
126
127
139
138
137
136
124
123
135
136
137
125
113
112
111
99
87
86
98
97
85
73
61
62
63
64
52
40
39
27
26
25
37
38
50
49
37
25
13
1
2
14
15
3
4
5
17
16
28
29
30
31
32
44
43
42
41
53
54
66
78
90
102
101
100
88
100
101
89
88
89
77
65
64
76
75
87
99
111
112
124
123
135
134
122
121
133
121
109
110
98
86
74
62
61
49
50
51
63
51
52
40
39
38
26
14
13
1
2
3
15
27
28
16
4
5
17
18
6
7
8
20
19
31
32
44
45
33
21
9
10
22
23
11
12
24
36
35
47
48
60
59
71
72
84
96
95
83
82
94
106
107
119
131
132
144
143
142
141
142
130
118
117
129
128
140
139
138
126
127
115
114
102
103
91
79
67
55
56
68
80
92
36
107
37
129
124
128
50
133
94
32
23
86
21
16
138
79
141
17
82
40
123
113
80
63
34
70
20
45
34
114
42
54
72
23
61
10
37
56
123
49
43
11
55
136
72
119
15
127
44
65
67
122
58
92
99
35
71
4
45
38
87
75
80
63
2
86
44
26
111
111
90
33
50
16
110
133
134
39
31
137
22
102
8
30
132
85
76
3
46
101
77
120
122
15
38
136
29
109
91
1
60
103
64
5
41
26
13
75
70
97
68
118
140
135
18
89
106
52
93
31
99
139
118
109
139
47
98
108
32
94
79
29
102
42
117
12
96
116
129
39
141
40
11
98
84
64
59
130
92
112
100
121
142
120
131
6
57
104
58
12
54
83
35
9
67
126
6
78
90
91
74
27
108
4
9
77
88
107
60
33
47
73
134
18
53
78
137
59
142
3
8
73
48
127
88
117
100
28
69
7
115
144
130
28
24
121
138
48
14
144
115
76
93
140
41
71
135
74
126
125
87
53
106
30
83
27
68
103
131
22
17
66
101
105
95
89
25
125
128
13
57
52
112
116
43
65
104
82
46
143
5
20
49
51
96
7
19
66
19
84
119
81
110
114
14
61
56
21
25
10
24
69
143
81
51
62
95
55
85
124
62
2
113
97
1
36
105
132
15
90
12
131
78
131
24
83
54
42
99
127
68
10
119
26
77
45
96
57
128
21
129
69
73
42
10
1
53
2
84
6
49
75
54
15
87
33
95
12
98
112
133
130
36
77
132
39
81
144
107
124
64
73
105
76
5
69
46
33
14
104
104
32
8
52
4
116
19
21
66
82
97
8
53
44
2
99
34
70
61
58
43
78
117
7
143
60
68
92
18
135
9
126
67
123
57
144
86
136
75
113
117
106
95
40
112
7
76
4
140
37
137
91
136
45
41
14
85
61
108
127
72
122
89
89
36
97
63
88
35
35
29
123
121
11
74
31
28
44
80
16
17
18
94
100
103
65
66
3
63
84
103
125
116
102
11
139
143
134
38
140
71
92
120
114
27
118
129
87
26
50
1
80
60
40
3
59
91
47
62
132
139
55
133
110
138
49
83
101
72
142
119
98
23
125
29
71
121
38
48
41
79
37
135
114
25
110
82
58
88
130
28
118
101
22
59
142
39
128
100
141
124
105
32
137
94
93
19
5
126
138
51
20
81
96
22
31
34
16
9
6
43
13
52
46
106
64
65
86
102
30
93
120
13
111
17
122
79
30
56
62
51
56
107
20
23
55
90
109
115
67
27
111
108
109
74
141
48
70
47
24
25
50
134
113
85
115
