##Rat 1 Day 6
 ##rewards
19
32
98
##Vertices
88
69
115
38
26
29
55
68
10
36
105
2
87
120
134
107
61
136
142
45
13
110
30
41
64
113
63
140
110
87
63
91
103
8
104
1
33
47
67
33
25
134
131
108
130
35
11
127
57
21
82
108
24
53
46
24
106
12
66
72
102
64
58
39
37
54
98
139
118
126
88
9
120
93
66
72
9
113
122
13
60
21
58
95
38
34
76
127
128
85
119
80
100
5
23
102
20
143
90
26
40
106
116
3
39
125
59
48
19
97
93
138
83
27
142
73
105
95
111
144
60
15
65
80
62
4
55
81
51
112
47
49
31
92
85
65
133
22
94
135
128
116
17
22
107
91
83
43
68
129
138
28
132
137
7
53
103
31
37
67
48
130
89
84
75
46
40
34
136
129
82
54
96
74
122
32
28
56
50
96
118
73
133
59
71
45
117
19
135
50
109
137
114
6
141
42
17
35
89
75
52
30
42
62
114
57
76
15
121
70
70
121
140
32
25
16
10
20
43
18
14
92
2
90
141
99
44
132
78
119
44
56
69
139
41
6
117
109
143
71
18
61
12
99
36
86
51
101
77
52
123
5
86
124
74
3
125
97
79
112
8
115
98
11
27
126
131
23
111
79
1
81
100
144
16
7
49
123
29
84
4
94
14
78
104
77
101
124
56
34
23
2
84
6
75
22
130
20
98
61
52
144
73
19
127
79
120
65
12
143
114
18
33
42
84
23
16
38
114
61
141
76
97
111
43
9
120
105
91
79
101
119
64
128
34
21
80
99
51
138
98
118
118
127
92
24
95
102
49
53
107
106
44
29
63
93
7
50
14
64
82
31
41
78
70
47
40
49
77
131
11
56
9
74
117
133
117
116
17
129
31
96
81
54
4
136
142
94
62
86
66
14
58
80
112
5
45
131
109
63
121
4
89
39
13
55
27
5
46
109
3
48
59
134
88
40
73
39
108
21
35
8
43
83
10
53
55
99
51
32
130
103
35
97
29
123
141
113
75
96
106
68
7
62
91
125
2
77
87
88
124
72
108
137
92
66
30
76
89
86
115
104
78
138
135
129
37
3
22
26
134
69
137
90
18
12
115
104
112
26
126
11
72
132
121
47
67
17
113
28
111
1
87
94
27
54
103
33
65
139
57
71
24
10
15
83
37
20
36
74
57
50
93
41
13
46
58
25
122
133
6
19
110
90
36
100
82
126
71
135
123
38
69
136
28
128
119
68
16
102
132
15
107
125
85
81
32
100
110
139
1
25
140
59
70
45
48
122
144
60
60
101
105
52
95
44
42
142
8
140
85
124
116
67
143
30
12
11
23
35
34
46
58
57
56
44
32
31
19
7
8
20
21
9
10
22
34
33
45
46
47
48
60
72
71
83
84
96
95
94
106
107
119
131
130
142
141
129
128
140
139
127
126
114
115
103
102
101
113
125
124
136
135
123
111
112
100
99
87
86
98
97
85
73
74
75
76
64
63
62
61
49
50
38
37
25
26
14
15
3
2
1
13
25
37
49
61
73
85
97
109
110
122
121
133
134
135
136
137
138
139
140
141
142
143
144
132
120
108
96
84
72
60
59
71
70
82
81
93
105
117
118
130
129
128
116
104
92
80
68
69
81
80
79
78
66
67
55
43
42
54
53
52
51
39
40
41
29
17
5
4
16
28
27
26
38
50
62
74
86
87
88
89
77
65
66
54
53
41
29
30
18
17
5
6
7
6
18
19
31
30
42
43
55
67
79
78
77
65
64
52
40
28
16
4
3
2
1
13
14
15
27
39
51
63
75
76
88
100
99
98
110
109
121
133
134
122
123
111
112
124
125
137
138
126
127
115
103
102
114
113
101
89
90
91
90
91
92
93
94
106
105
104
116
117
118
119
131
143
144
132
120
108
107
95
83
82
70
58
57
69
68
56
44
45
33
32
20
8
9
21
22
10
11
12
24
23
35
36
24
36
48
47
59
1
13
14
15
27
28
29
41
53
52
51
63
62
61
49
50
38
37
25
26
27
39
40
28
16
4
5
6
18
19
7
8
20
32
33
21
22
23
35
36
48
47
59
60
72
71
83
82
70
69
81
93
94
95
107
108
120
119
118
106
105
117
116
128
129
141
140
139
127
115
103
102
114
126
138
137
125
124
136
135
123
122
110
109
121
133
134
135
136
137
138
139
140
141
142
130
131
143
144
132
120
108
96
84
72
60
48
36
24
12
11
10
9
8
7
6
5
17
18
30
31
43
44
45
46
34
35
47
59
58
57
56
55
54
42
43
55
67
79
78
66
65
64
76
77
89
101
113
112
100
88
87
86
85
97
98
99
111
123
124
125
126
127
128
116
104
92
91
90
78
77
89
88
87
75
74
86
85
73
61
73
74
62
63
75
76
64
65
66
67
79
91
90
102
101
100
99
98
97
109
121
133
134
122
110
111
112
113
114
115
103
104
105
117
129
130
142
143
144
132
131
119
118
106
107
95
96
84
83
71
70
69
81
82
94
93
92
80
68
80
68
56
44
32
33
45
57
58
46
34
22
23
24
12
11
10
9
21
20
19
31
30
29
41
42
54
53
52
40
39
51
50
49
37
38
26
25
13
1
2
14
15
3
2
3
4
16
17
114
101
38
138
81
108
20
67
71
9
126
42
58
95
57
51
103
102
141
61
132
30
74
122
141
121
55
7
112
114
26
99
25
60
108
91
76
124
23
137
77
93
46
129
18
4
32
129
18
70
127
28
30
69
130
54
37
122
13
68
41
63
123
118
97
59
41
33
31
14
110
143
119
1
29
124
128
92
93
43
46
14
10
64
78
5
48
98
80
11
116
136
117
102
126
105
24
40
113
3
15
86
120
42
140
65
19
134
50
10
47
21
127
82
9
17
77
59
22
36
12
27
112
8
53
82
32
73
95
96
111
7
107
143
12
117
116
50
144
34
79
123
90
43
132
64
58
104
39
68
67
72
136
16
6
17
4
83
75
45
54
85
121
8
2
11
56
16
33
84
85
3
133
63
65
115
36
120
5
104
21
118
35
109
84
48
53
115
107
29
103
91
49
51
134
52
23
128
45
2
87
40
62
44
142
138
133
49
66
99
80
71
105
28
142
57
34
110
72
35
131
100
125
66
89
97
96
70
101
89
144
88
44
92
113
88
94
26
135
25
27
109
69
135
47
39
86
125
90
100
62
24
76
15
73
1
119
98
61
74
20
94
78
139
106
75
111
22
83
19
6
140
79
13
131
87
31
38
56
106
137
55
81
139
52
130
37
60
104
81
126
51
29
92
41
45
61
112
9
99
49
79
87
17
105
24
8
67
96
120
100
36
123
4
2
72
144
101
125
37
44
65
128
52
121
42
51
11
135
31
40
65
70
107
141
117
60
55
53
99
48
109
47
75
108
110
13
33
96
66
84
56
58
106
125
110
21
64
94
128
6
139
104
124
32
109
63
5
116
76
137
10
40
111
53
68
106
132
34
15
33
124
18
130
123
20
133
30
17
49
140
37
41
122
120
78
38
136
144
7
86
4
50
23
73
62
102
27
139
119
92
91
31
136
98
38
10
89
57
69
68
94
74
52
14
134
137
14
132
115
30
141
83
108
143
28
100
78
127
28
58
56
90
126
54
63
74
60
122
101
98
90
20
113
119
77
131
87
130
107
23
103
73
71
117
143
34
129
9
43
81
93
80
1
111
62
36
102
55
105
25
22
12
19
22
18
35
2
142
127
13
29
85
89
39
8
16
43
69
95
27
91
138
59
86
44
82
80
88
118
82
76
3
97
15
138
71
84
1
93
72
77
61
116
35
142
46
48
115
26
113
6
75
11
64
140
59
26
112
70
66
46
25
88
19
95
85
118
45
32
47
42
21
50
103
67
7
83
3
24
57
114
114
129
135
134
54
133
97
16
12
5
131
39
79
121
133
134
135
123
124
136
137
125
113
114
102
90
78
79
80
68
56
44
43
42
41
40
39
51
52
64
65
77
89
88
87
75
76
64
63
62
74
73
61
49
37
38
26
14
13
1
2
3
15
27
28
16
4
5
6
7
19
20
21
22
34
33
45
46
47
59
71
72
60
48
36
35
23
11
10
9
8
7
6
18
30
29
17
5
4
3
15
16
17
18
30
31
32
33
34
46
58
57
69
70
82
83
84
96
95
107
108
120
132
144
143
142
141
129
117
116
128
127
126
138
139
140
141
142
130
131
119
118
106
105
104
103
91
92
93
81
82
94
93
92
104
116
115
103
91
79
67
66
54
53
65
66
78
90
102
101
100
112
111
99
98
86
85
97
109
110
122
121
109
97
98
110
111
123
122
121
133
134
135
136
137
125
124
112
100
99
87
88
76
77
89
101
113
114
115
127
126
138
139
140
128
129
130
118
117
105
106
94
95
107
119
131
143
144
132
120
108
96
84
83
71
72
60
59
47
48
36
35
23
24
12
24
12
11
10
22
21
9
8
20
19
31
32
44
45
57
58
70
69
81
80
68
67
55
56
55
43
42
54
53
41
29
28
40
52
51
63
75
74
86
85
73
61
62
50
49
50
38
39
27
26
25
37
25
13
1
2
14
144
132
120
119
107
108
96
95
94
82
81
80
79
67
55
54
53
52
64
76
88
100
112
113
101
102
90
91
92
104
116
115
103
102
114
126
127
139
138
137
136
124
123
122
134
133
121
109
110
111
99
98
97
85
73
61
62
50
38
26
27
39
40
28
16
17
18
6
5
4
3
15
14
13
25
37
49
61
73
74
75
87
86
85
97
109
110
98
86
74
75
63
51
39
27
28
29
41
42
30
31
19
7
8
20
21
9
10
11
12
24
36
48
47
46
58
59
71
83
84
72
60
48
36
35
23
22
34
33
45
57
69
68
56
44
43
31
32
44
56
57
58
70
69
68
67
66
78
77
89
90
78
79
80
81
93
105
106
118
117
129
128
140
141
142
130
131
143
142
141
129
130
118
119
131
143
144
132
120
108
96
95
107
106
105
117
116
104
103
91
92
93
94
82
70
71
83
84
72
60
59
47
35
34
46
45
33
32
20
21
22
23
24
12
11
10
9
8
7
19
18
6
5
17
16
4
3
15
14
2
1
2
1
13
25
26
38
37
49
50
62
63
51
52
40
41
29
30
42
43
55
54
66
65
53
65
64
76
77
89
88
87
99
100
101
113
114
115
127
128
140
139
138
126
125
137
125
124
112
111
123
135
136
135
134
133
121
122
57
78
21
29
116
39
18
47
35
87
112
45
35
15
40
55
92
13
40
95
120
20
120
67
11
128
93
139
104
5
135
131
89
73
99
44
42
138
43
104
85
47
73
137
127
65
130
1
44
90
77
64
32
25
103
97
138
111
86
12
121
127
136
17
42
20
115
130
136
11
116
125
66
132
59
121
16
55
86
129
143
114
107
109
85
69
51
74
142
91
123
131
88
134
18
105
51
4
45
30
50
67
118
24
68
30
88
14
83
98
81
12
60
141
2
25
37
13
48
14
126
114
77
28
63
22
94
2
46
49
21
144
64
15
117
41
10
36
3
78
52
92
124
10
89
17
101
76
80
84
125
65
102
69
52
26
96
72
111
124
41
80
68
70
79
50
16
43
94
108
135
59
34
34
36
57
134
29
118
113
100
22
63
28
39
31
8
1
110
137
143
58
107
81
115
132
74
32
38
91
112
5
46
3
49
76
31
58
140
106
48
60
109
6
123
27
119
122
83
4
33
95
128
66
122
119
87
8
54
6
82
61
90
70
38
142
62
9
23
37
101
61
19
99
56
7
75
53
84
56
27
133
7
106
23
71
97
53
96
33
75
108
19
141
100
9
126
105
79
133
54
82
144
139
110
26
129
117
72
98
62
113
71
103
93
24
140
102
9
17
2
126
27
61
128
114
43
100
50
6
26
20
70
66
136
93
78
35
33
137
103
129
28
86
38
7
133
60
23
29
82
93
113
133
36
142
95
109
30
14
115
3
61
31
89
62
101
51
23
119
47
76
32
21
5
16
44
63
65
25
81
106
91
42
29
84
78
99
30
33
132
125
44
134
12
8
141
10
92
125
135
58
47
110
122
45
121
100
144
97
90
67
12
39
144
127
15
80
110
127
38
37
34
102
105
68
69
15
55
104
109
4
34
80
90
115
135
99
116
102
48
86
7
131
76
50
8
114
74
35
73
96
111
67
59
42
24
77
56
43
48
79
107
94
83
1
129
137
19
131
120
65
104
118
85
60
54
119
56
130
41
25
73
75
13
63
138
18
6
138
117
95
83
49
113
139
57
123
143
71
134
122
32
103
106
98
36
107
79
62
91
24
77
28
112
40
37
108
5
81
89
88
10
45
108
59
116
46
17
70
9
46
49
84
92
11
85
72
96
132
14
2
82
112
3
53
1
105
72
66
39
22
21
128
52
26
68
98
31
64
97
141
57
69
20
123
74
51
11
71
117
4
41
22
55
140
18
87
111
140
126
124
101
19
124
121
94
58
88
64
87
139
142
120
40
27
143
53
13
130
54
16
118
136
52
75
12
24
36
48
60
59
58
70
71
72
84
83
82
81
80
68
69
57
45
46
47
35
23
11
10
22
34
33
32
20
8
9
21
33
32
31
30
42
43
44
56
55
54
66
67
79
78
90
102
101
100
88
89
77
76
75
87
86
74
73
85
97
109
110
98
99
111
112
124
136
135
134
122
123
135
136
137
125
113
114
126
127
128
129
141
140
139
138
137
125
124
112
113
101
100
99
87
75
63
62
61
49
37
38
50
51
39
40
41
53
65
64
52
40
28
29
17
18
19
7
6
5
4
16
15
3
2
14
13
25
26
27
28
29
41
42
43
44
45
57
58
70
69
81
93
105
117
116
115
103
91
92
104
116
117
118
106
94
95
107
108
120
119
131
132
144
143
142
130
118
106
107
119
120
132
144
143
131
130
142
141
129
128
140
139
138
126
127
115
114
102
90
89
88
76
77
65
53
54
66
78
79
67
55
56
68
80
92
91
103
104
105
93
94
82
83
95
96
108
96
84
72
71
59
60
48
36
35
47
46
34
22
23
24
12
11
10
9
21
20
8
7
19
31
30
18
6
5
17
16
4
3
15
14
26
27
39
38
50
51
52
64
63
62
74
86
98
110
111
123
122
121
133
134
133
121
109
97
85
73
61
49
37
25
13
1
2
1
133
134
135
136
137
125
113
114
126
138
139
127
115
103
91
90
102
101
100
112
124
123
122
121
109
110
111
99
87
86
85
97
98
99
87
75
63
64
76
88
89
77
65
66
78
79
67
68
69
57
45
44
56
55
43
31
32
20
19
7
8
9
10
22
21
33
34
46
47
48
36
24
23
35
36
48
60
59
58
70
71
83
95
107
108
96
84
72
60
59
47
46
58
57
45
33
32
31
30
18
6
5
4
16
17
29
28
40
52
53
54
42
41
40
39
51
50
62
74
73
61
49
37
38
26
25
13
14
2
3
15
27
39
51
52
64
76
88
100
101
113
114
102
103
104
105
106
94
82
81
80
92
93
94
106
118
117
116
128
129
141
142
130
131
143
144
132
120
119
118
117
129
130
142
143
144
132
131
119
120
108
107
95
96
84
72
71
83
82
70
69
68
56
44
43
55
54
53
65
66
67
79
78
77
89
90
91
92
80
81
93
105
104
116
115
127
128
140
141
140
139
138
126
125
137
136
135
123
124
112
111
110
122
134
133
121
109
97
98
86
85
73
74
75
63
62
61
49
50
38
37
25
26
14
15
27
28
16
17
29
41
42
30
18
19
20
21
22
34
35
23
11
12
24
12
11
10
9
8
7
6
5
4
3
2
1
13
1
