##Rat 2 Day 39
 ##rewards
18
29
107
##Vertices
133
134
122
110
111
112
100
99
87
86
85
97
109
121
133
134
135
136
124
123
135
136
137
138
139
140
141
142
143
144
132
120
119
131
130
118
117
129
128
127
115
116
104
103
91
90
78
79
80
68
56
55
67
66
54
42
30
29
17
18
19
7
6
5
4
16
28
27
39
38
50
62
63
51
52
40
41
53
65
64
76
88
89
77
76
75
74
73
61
49
37
25
26
14
15
3
2
1
13
25
37
49
61
73
85
97
98
86
87
88
100
101
113
114
102
103
104
92
93
94
95
96
84
83
82
70
69
57
58
46
45
44
32
33
21
22
23
35
36
24
12
11
10
9
8
20
32
31
43
42
41
53
65
77
89
90
91
92
80
81
93
105
106
107
108
96
84
72
60
59
71
70
58
46
45
44
43
55
54
66
78
79
67
68
56
57
69
81
82
94
106
105
117
116
115
114
102
101
113
112
111
99
98
110
109
121
122
123
124
125
126
125
137
138
126
127
139
140
128
129
141
142
143
144
132
131
130
118
119
120
108
107
95
83
71
72
60
59
47
48
47
48
36
35
34
33
34
22
23
24
12
11
10
9
21
20
8
7
6
18
19
31
30
29
17
16
15
27
28
40
39
51
52
64
63
75
74
62
50
38
26
14
13
1
2
3
4
5
12
24
23
22
34
46
45
33
32
20
8
9
10
11
12
24
36
48
47
35
36
48
60
72
84
96
108
120
132
144
143
142
130
131
119
118
106
107
95
83
82
94
93
81
80
68
67
79
91
90
89
77
78
66
65
64
63
51
50
62
74
73
61
49
37
38
39
27
28
16
17
18
30
29
41
40
52
53
54
42
43
44
56
55
43
31
19
7
6
5
4
3
15
14
26
25
13
1
2
3
4
5
6
7
8
9
21
20
32
44
45
57
58
70
69
81
93
92
104
116
128
140
139
127
115
114
102
101
113
112
100
88
87
99
98
110
122
123
135
134
133
121
109
97
85
86
87
75
76
64
52
53
54
55
56
68
80
92
91
103
104
105
117
129
141
140
139
138
137
125
126
114
113
112
100
88
76
77
65
66
67
79
78
90
89
101
102
103
115
116
117
105
106
94
82
70
69
57
58
46
34
33
21
22
10
11
23
35
47
59
71
59
60
72
71
83
84
96
95
107
108
120
132
144
143
131
119
118
130
142
141
129
128
127
126
138
137
125
124
136
124
136
135
123
111
99
111
110
122
134
133
121
109
97
98
86
85
73
61
62
74
75
63
51
50
38
26
27
39
40
28
29
41
42
30
31
19
18
17
16
15
14
2
1
13
25
37
49
58
12
13
37
87
107
130
140
78
101
26
14
111
99
100
102
53
8
69
97
51
2
1
38
60
132
127
66
124
63
70
63
91
49
15
52
92
76
3
42
24
98
109
7
24
95
70
10
117
82
115
128
32
75
73
138
107
76
104
54
89
62
140
139
36
21
65
116
93
72
136
39
43
25
68
95
91
23
104
129
135
130
44
105
60
29
74
28
125
126
17
18
23
137
142
133
10
27
67
22
114
129
71
106
90
112
103
113
127
30
61
124
87
100
41
34
32
31
113
134
83
11
115
123
53
119
89
20
143
16
55
26
57
131
4
108
77
22
122
12
84
67
92
141
61
62
119
69
64
59
39
17
97
110
48
40
5
137
14
102
64
108
136
66
118
86
125
52
7
77
45
79
98
58
4
56
30
144
40
34
134
90
105
16
139
142
65
114
116
94
75
57
36
120
59
13
84
96
47
44
144
94
79
46
121
135
122
31
80
73
117
55
103
29
93
81
133
80
37
46
50
109
6
120
88
86
138
112
3
82
9
42
35
1
43
2
48
126
6
20
101
54
47
88
41
74
106
71
131
21
110
72
78
25
121
128
143
33
27
85
85
83
50
8
81
19
68
51
132
123
5
99
56
118
9
11
18
96
19
35
45
111
33
38
49
28
141
15
77
55
82
71
102
134
118
122
113
75
32
2
138
22
126
100
54
107
57
136
96
40
112
1
116
74
43
85
92
7
79
76
83
47
123
6
67
102
114
132
33
76
7
110
96
80
28
15
58
109
35
135
42
125
43
9
24
87
68
91
34
101
111
120
128
129
93
80
69
46
124
79
5
119
123
66
64
121
11
84
142
3
105
78
21
39
31
36
62
143
94
19
37
84
133
1
135
125
13
30
20
82
81
24
95
8
10
31
39
67
64
58
139
37
63
27
53
108
141
18
131
38
65
48
18
50
29
81
41
117
28
74
122
72
127
127
140
144
121
114
9
27
139
11
85
70
120
3
14
100
87
62
68
29
133
12
22
71
25
104
131
118
4
83
94
105
17
72
17
33
78
116
63
144
90
56
137
106
115
61
86
99
59
10
134
113
111
44
53
137
61
38
69
112
50
104
51
26
88
73
42
56
130
98
52
20
107
70
49
2
54
25
23
13
44
86
99
34
95
143
103
23
16
55
126
88
132
128
66
89
40
21
93
12
16
90
32
103
117
124
77
51
35
92
89
97
108
130
59
98
101
129
30
57
45
45
19
115
136
48
41
75
6
97
142
52
60
36
106
91
8
138
4
109
15
14
119
60
47
5
140
73
65
141
46
26
49
110
144
143
131
119
118
106
94
93
92
104
116
115
127
139
140
128
129
141
142
130
118
117
105
106
107
108
96
84
83
71
72
60
59
58
46
47
35
23
22
10
9
21
20
8
7
19
18
30
31
43
42
41
29
17
16
4
3
15
27
28
40
39
51
50
38
37
49
61
62
63
64
76
75
74
73
85
86
98
97
109
110
122
123
135
134
133
121
109
97
85
73
61
49
37
25
26
14
13
1
2
3
4
5
6
7
8
9
10
11
12
24
36
48
60
72
84
96
95
83
82
70
69
57
45
33
34
22
21
20
32
44
56
68
80
81
69
68
67
66
78
79
91
103
102
90
89
88
87
99
100
101
113
125
137
136
124
112
111
110
98
86
74
62
50
51
52
53
65
77
78
90
89
101
113
114
126
125
137
138
139
138
126
127
115
114
102
103
91
79
67
66
65
77
76
88
100
112
124
136
135
134
133
121
122
123
111
99
87
75
63
64
52
40
39
38
26
25
13
1
2
14
15
27
28
16
17
5
6
18
19
31
43
42
30
29
41
53
54
55
54
55
56
57
58
46
45
44
32
33
34
35
23
11
12
24
36
48
47
59
71
70
82
94
93
81
80
92
104
105
117
116
128
140
141
129
130
142
143
144
132
131
119
120
132
120
108
107
95
1
13
14
15
27
28
29
41
53
52
51
63
62
61
49
50
38
37
25
26
27
39
40
28
16
4
5
6
18
19
7
8
20
32
33
21
22
23
35
36
48
47
59
60
72
71
83
82
70
69
81
93
94
95
107
108
120
119
118
106
105
117
116
128
129
141
140
139
127
115
103
102
114
126
138
137
125
124
136
135
123
122
110
109
121
133
134
135
136
137
138
139
140
141
142
130
131
143
144
132
120
108
96
84
72
60
48
36
24
12
11
10
9
8
7
6
5
17
18
30
31
43
44
45
46
34
35
47
59
58
57
56
55
54
42
43
55
67
79
78
66
65
64
76
77
89
101
113
112
100
88
87
86
85
97
98
99
111
123
124
125
126
127
128
116
104
92
91
90
78
77
89
88
87
75
74
86
85
73
61
73
74
62
63
75
76
64
65
66
67
79
91
90
102
101
100
99
98
97
109
121
133
134
122
110
111
112
113
114
115
103
104
105
117
129
130
142
143
144
132
131
119
118
106
107
95
96
84
83
71
70
69
81
82
94
93
92
80
68
80
68
56
44
32
33
45
57
58
46
34
22
23
24
12
11
10
9
21
20
19
31
30
29
41
42
54
53
52
40
39
51
50
49
37
38
26
25
13
1
2
14
15
3
2
3
4
16
17
60
98
120
55
25
87
21
94
108
107
13
130
53
7
66
25
110
42
117
33
124
62
65
4
67
17
114
98
131
54
66
143
79
18
101
15
38
107
128
140
14
12
109
111
117
73
124
68
31
23
6
76
127
24
103
96
51
36
11
9
92
110
71
40
35
47
135
59
81
75
12
135
27
121
129
45
69
142
105
104
121
16
79
141
49
23
71
13
44
100
80
46
30
8
42
82
47
83
49
78
112
144
113
131
4
32
82
51
46
38
41
80
26
19
64
83
35
104
88
89
26
102
97
137
112
143
85
41
130
106
3
142
133
43
5
140
17
134
108
90
103
8
34
141
102
91
64
127
132
52
56
45
27
99
122
109
48
34
126
72
62
70
129
20
2
58
86
30
50
84
40
91
53
33
125
84
93
120
37
56
128
57
118
37
65
10
18
11
10
139
106
139
6
100
92
70
138
116
32
123
118
36
39
73
87
59
5
29
77
67
58
21
72
94
95
77
74
115
7
3
78
74
20
48
9
123
14
111
113
95
122
29
116
43
68
134
75
63
136
61
31
16
137
52
125
44
81
54
22
15
61
144
28
115
99
138
119
22
2
105
88
101
28
60
19
136
114
93
1
119
76
96
86
24
133
1
85
97
63
90
89
50
57
69
55
132
39
126
86
121
53
113
111
62
79
135
137
52
36
116
51
81
80
52
95
50
80
129
38
79
27
29
23
101
44
73
142
140
17
134
134
97
23
111
85
132
5
144
135
43
27
138
38
93
114
121
141
18
6
39
114
58
84
47
11
22
7
68
72
59
6
66
99
77
49
119
98
7
115
70
109
12
94
31
55
69
115
88
46
37
14
61
57
124
96
142
126
143
67
133
37
130
26
41
128
110
2
70
124
65
82
21
76
24
39
9
108
53
118
45
144
93
74
75
42
4
85
78
64
120
40
105
131
15
138
127
92
16
109
108
10
30
59
103
55
81
82
101
100
54
1
66
20
94
20
120
62
102
2
92
12
123
34
128
25
87
98
104
136
8
129
56
61
107
72
91
32
28
112
47
3
35
9
3
69
122
57
63
33
107
54
60
113
71
60
99
22
125
141
50
56
41
26
21
117
133
17
19
49
131
51
33
127
10
28
84
137
91
15
73
25
5
11
8
14
130
89
42
34
136
44
112
67
97
76
46
78
104
36
106
77
139
132
13
102
96
123
58
32
35
83
90
116
95
105
125
29
63
87
126
43
1
143
74
48
119
110
89
64
86
4
117
68
40
71
83
140
88
19
30
103
90
18
65
75
16
106
100
24
31
45
48
13
122
118
139
12
11
10
22
21
9
8
20
32
31
43
55
67
66
65
77
89
101
102
103
104
105
106
94
93
81
80
68
56
57
58
70
69
81
82
83
71
72
84
96
108
107
119
131
132
144
143
142
130
118
117
129
141
140
139
138
126
125
124
123
111
112
100
99
98
86
74
73
85
97
109
110
122
134
135
136
137
138
139
127
115
116
128
140
141
142
130
129
128
127
115
114
113
112
111
99
87
88
76
75
63
62
61
49
50
38
37
25
13
1
2
3
4
16
28
29
17
18
19
7
6
5
4
3
15
14
26
27
39
40
41
42
54
53
52
64
63
51
52
53
41
29
30
42
54
66
78
79
91
92
80
79
67
55
43
44
45
33
34
46
47
59
60
48
36
35
23
24
36
48
47
35
34
22
23
24
12
11
10
9
8
20
21
33
45
46
58
57
69
68
56
44
32
31
30
18
19
7
6
5
17
16
15
27
28
40
39
51
50
38
26
14
2
1
13
25
37
49
61
62
74
73
85
86
98
97
109
110
122
121
133
121
133
134
135
123
124
136
137
125
126
114
113
101
100
88
87
75
76
64
65
77
78
90
89
90
102
103
91
92
104
116
117
105
93
94
82
70
71
59
60
72
84
83
95
96
95
107
106
118
119
120
108
120
132
144
143
131
144
132
120
119
107
108
96
95
94
82
81
80
79
67
55
54
53
52
64
76
88
100
112
113
101
102
90
91
92
104
116
115
103
102
114
126
127
139
138
137
136
124
123
122
134
133
121
109
110
111
99
98
97
85
73
61
62
50
38
26
27
39
40
28
16
17
18
6
5
4
3
15
14
13
25
37
49
61
73
74
75
87
86
85
97
109
110
98
86
74
75
63
51
39
27
28
29
41
42
30
31
19
7
8
20
21
9
10
11
12
24
36
48
47
46
58
59
71
83
84
72
60
48
36
35
23
22
34
33
45
57
69
68
56
44
43
31
32
44
56
57
58
70
69
68
67
66
78
77
89
90
78
79
80
81
93
105
106
118
117
129
128
140
141
142
130
131
143
142
141
129
130
118
119
131
143
144
132
120
108
96
95
107
106
105
117
116
104
103
91
92
93
94
82
70
71
83
84
72
60
59
47
35
34
46
45
33
32
20
21
22
23
24
12
11
10
9
8
7
19
18
6
5
17
16
4
3
15
14
2
1
2
1
13
25
26
38
37
49
50
62
63
51
52
40
41
29
30
42
43
55
54
66
65
53
65
64
76
77
89
88
87
99
100
101
113
114
115
127
128
140
139
138
126
125
137
125
124
112
111
123
135
136
135
134
133
121
122
138
55
97
137
83
39
79
119
3
30
30
101
9
67
67
85
41
28
24
85
110
93
65
126
134
106
90
102
63
38
43
89
68
128
137
99
79
19
70
139
99
2
40
7
109
135
6
3
105
127
22
50
21
2
84
80
62
51
111
69
114
55
112
13
48
121
92
39
76
1
17
73
115
105
10
134
51
103
117
82
44
112
31
31
93
37
104
15
33
103
7
45
118
107
124
101
29
88
95
64
94
77
59
65
111
127
36
77
10
12
18
139
95
130
114
131
33
100
108
133
29
75
9
90
144
35
12
113
36
89
11
63
5
44
120
38
22
84
32
54
16
15
70
116
74
42
23
54
32
141
11
120
71
125
69
91
50
4
78
122
100
60
47
86
74
116
87
110
47
25
144
131
73
132
140
25
60
52
106
108
129
62
61
72
45
56
56
143
58
20
42
53
136
71
57
132
81
98
102
49
96
41
21
97
37
46
119
138
18
14
115
17
68
5
104
142
52
76
72
129
14
6
81
24
82
128
124
75
91
59
87
125
61
80
49
16
123
98
43
142
88
35
8
57
34
143
28
96
86
133
23
109
26
53
27
122
40
66
123
20
8
83
1
78
26
64
126
4
113
130
66
34
48
92
107
58
46
140
19
27
117
136
141
118
94
135
121
13
44
98
36
112
21
35
72
74
26
60
40
136
50
125
139
126
98
86
54
17
56
105
96
113
29
122
103
75
53
18
95
106
44
48
3
69
87
87
27
74
126
33
24
47
142
51
37
129
64
91
10
91
137
5
107
15
100
23
82
77
68
115
71
25
134
130
135
14
111
45
109
46
77
3
114
112
40
123
56
110
117
31
143
65
140
41
127
70
42
59
60
67
117
105
123
2
25
12
99
93
66
100
7
15
7
54
130
50
49
75
73
47
79
71
34
27
1
96
14
29
34
115
48
72
116
118
93
85
18
30
38
135
4
108
120
20
122
118
92
84
5
6
67
76
125
138
57
78
89
42
133
90
65
52
78
61
51
103
92
13
32
121
94
121
10
58
23
132
82
141
119
141
133
89
8
33
119
132
128
138
49
2
36
102
95
108
137
19
83
106
101
113
99
124
53
110
26
143
58
84
104
139
55
104
61
66
24
63
9
136
144
79
19
4
140
22
114
63
43
1
107
142
43
144
37
31
86
124
64
35
9
46
6
120
101
97
45
28
131
8
81
32
102
13
90
73
39
111
28
109
80
59
76
81
85
62
20
21
22
116
12
11
38
68
11
41
16
128
127
52
129
88
134
131
69
97
80
16
88
94
30
55
39
70
83
17
57
62
