##Rat 7 Day 28
 ##rewards
62
51
129
##Vertices
108
2
25
44
96
141
142
76
13
113
135
110
119
50
125
46
137
32
9
74
5
113
49
139
25
66
119
24
89
143
75
74
50
55
134
36
114
44
12
114
118
132
42
109
4
46
67
26
34
68
103
16
123
52
81
83
139
98
87
40
106
7
54
128
6
63
30
140
49
115
111
106
31
61
15
120
29
96
10
140
27
45
120
111
97
117
4
93
3
64
109
133
48
62
128
58
22
92
59
11
41
67
107
126
136
105
87
130
30
112
117
6
28
104
45
89
76
131
11
141
121
75
82
29
39
127
102
80
14
17
104
131
97
18
55
2
20
37
110
105
138
27
41
32
22
72
100
115
1
23
62
61
33
7
84
52
47
69
143
23
21
53
21
35
144
86
10
1
94
68
78
80
66
88
142
101
58
8
60
33
37
26
73
86
144
38
24
135
125
65
72
77
102
124
71
116
12
121
16
138
129
36
71
107
28
19
95
85
43
91
99
73
101
64
88
130
132
5
48
134
60
82
118
83
17
84
43
90
99
127
53
92
90
40
34
51
38
19
13
91
47
122
57
15
8
51
70
112
3
94
77
20
98
81
95
63
18
78
136
103
70
122
59
133
69
31
54
39
116
79
65
124
79
57
93
129
108
56
137
56
85
14
123
42
100
9
126
35
91
87
144
119
128
20
31
63
77
137
60
65
37
79
6
11
1
75
80
69
21
74
109
14
17
32
78
10
76
22
101
129
93
41
62
82
37
98
115
3
44
129
110
52
29
25
74
117
142
26
73
141
108
8
13
16
90
3
5
80
120
72
63
19
126
33
91
73
133
4
67
44
140
45
49
28
132
53
35
115
68
112
54
50
131
109
15
51
122
10
127
57
77
142
128
38
123
47
70
59
48
90
131
67
57
58
107
17
28
12
110
99
96
113
26
118
92
86
59
2
98
138
42
89
141
94
143
104
68
65
119
138
133
124
134
38
32
107
66
135
81
111
103
52
96
43
33
139
27
34
62
84
49
121
55
56
45
125
117
51
105
94
93
9
64
13
113
16
72
47
116
46
123
88
114
31
127
70
114
4
56
108
85
15
61
84
71
66
5
39
95
89
105
6
55
97
21
102
136
54
103
7
136
99
120
86
36
79
9
75
24
124
23
42
101
85
53
27
8
104
24
76
140
82
126
40
71
134
111
137
106
83
143
102
100
36
132
30
130
30
60
92
18
34
29
25
20
2
41
12
61
118
97
43
78
95
122
40
125
39
35
83
100
7
116
50
69
144
130
46
121
139
112
22
18
14
19
135
1
88
11
81
23
58
48
64
87
106
12
11
10
9
8
20
21
22
23
24
36
35
34
46
45
44
56
55
43
42
41
29
30
18
6
5
17
16
4
3
2
14
26
38
37
49
50
51
52
53
65
64
76
77
78
79
91
90
102
103
104
92
93
81
80
68
67
66
54
53
52
40
28
27
15
3
4
5
6
7
19
31
32
33
45
57
58
70
69
57
58
59
60
48
47
46
34
33
32
44
43
42
41
40
39
51
63
75
74
86
98
97
109
110
111
99
87
88
89
101
100
112
113
125
124
136
135
123
122
134
133
121
109
97
85
73
61
62
63
64
76
88
89
101
100
112
113
114
115
127
126
138
139
140
141
129
128
116
117
118
119
107
95
94
106
105
93
94
82
83
84
96
108
120
132
144
143
131
130
142
141
129
130
142
143
144
132
131
119
120
108
107
106
118
117
105
104
92
91
103
115
116
128
140
139
127
126
114
102
90
78
77
65
66
54
55
56
68
67
79
80
81
69
70
82
83
95
96
84
72
71
59
71
72
60
48
47
35
36
24
12
11
23
22
10
9
21
20
8
7
19
31
30
18
17
16
15
14
2
1
13
1
13
25
26
25
37
49
61
73
85
86
98
110
122
121
133
134
135
136
137
138
137
125
124
123
111
99
87
75
74
62
50
38
39
27
28
29
1
2
3
4
5
17
16
15
14
13
25
26
27
39
40
41
53
54
42
43
44
32
31
19
7
8
20
21
9
10
11
23
35
47
48
60
59
58
57
56
68
69
81
80
79
78
90
91
103
102
101
89
88
76
77
65
66
67
55
56
57
45
33
34
22
10
9
8
7
6
18
30
29
28
40
52
51
63
64
52
51
50
49
37
38
39
27
28
29
41
42
43
44
45
46
58
70
82
83
95
107
108
120
119
118
106
94
93
92
104
105
117
116
128
129
141
142
130
131
143
144
132
120
108
96
84
72
71
70
69
81
93
92
104
105
117
116
115
114
126
127
139
138
137
136
124
125
113
112
111
110
98
86
87
99
100
88
87
75
74
73
85
97
109
121
133
134
122
123
135
136
124
123
135
134
133
121
122
110
109
97
98
99
111
112
100
101
89
90
102
114
113
125
137
138
126
127
115
103
91
79
80
68
67
55
54
53
65
66
78
77
76
64
63
75
74
86
85
73
61
62
50
62
61
49
37
38
26
25
13
1
2
14
15
3
4
16
17
5
6
18
30
31
19
20
21
22
23
11
12
24
12
24
36
35
36
48
60
72
84
96
95
107
119
131
132
144
143
142
141
140
139
140
128
129
130
118
106
94
82
83
71
59
47
46
34
33
32
107
99
111
9
35
59
49
15
24
42
77
100
55
133
116
58
124
117
79
13
67
128
89
11
13
144
38
109
22
37
29
10
121
8
132
68
57
91
137
94
89
97
104
134
141
93
14
28
72
19
17
7
81
137
87
11
54
25
71
99
73
78
63
1
66
136
3
6
75
16
49
50
112
133
104
128
64
102
43
88
50
130
122
142
106
120
142
31
144
140
96
19
67
119
26
21
36
4
129
136
112
129
118
28
86
56
140
78
51
115
130
84
123
32
12
18
115
126
122
96
47
10
2
23
103
101
87
139
77
46
31
84
116
24
16
5
95
14
74
34
109
40
114
37
4
98
41
127
2
23
39
63
32
8
75
38
90
53
118
1
105
101
39
7
20
139
33
59
135
22
61
17
86
113
97
34
33
35
46
92
126
102
30
76
143
120
36
95
83
54
82
57
134
132
48
79
117
56
47
62
44
52
45
108
82
69
66
80
94
45
42
108
15
44
51
92
43
74
65
113
125
3
40
131
62
26
27
70
121
6
127
125
72
119
58
21
71
90
143
135
25
68
73
110
141
131
138
48
105
85
83
70
100
52
81
88
55
103
69
60
85
93
5
20
12
98
110
29
61
41
123
60
76
9
106
111
80
65
114
138
91
18
124
64
27
53
107
30
118
40
113
99
13
85
26
37
11
56
58
111
137
67
74
97
40
104
83
20
117
140
124
68
101
132
97
73
12
39
7
110
60
95
1
86
128
144
16
136
65
11
59
64
129
139
1
67
72
77
70
63
121
122
8
24
18
142
50
61
16
62
81
123
96
88
90
90
117
48
82
71
96
84
38
51
132
144
22
14
95
93
9
59
86
138
19
140
23
111
49
3
105
21
22
71
29
79
127
36
77
138
119
107
20
134
105
124
93
116
42
24
143
46
64
133
83
109
66
120
27
35
127
45
107
28
121
106
119
130
137
82
34
15
76
29
108
65
51
126
56
92
17
99
130
48
57
9
91
78
30
6
53
42
43
53
52
47
19
47
58
114
3
52
76
66
89
69
2
17
54
106
12
74
131
122
129
7
57
128
43
44
102
26
87
102
62
85
25
10
139
10
101
113
142
135
72
136
63
100
31
87
118
100
50
46
32
103
33
4
108
32
4
116
61
109
114
68
23
143
103
14
133
110
88
5
80
126
81
112
54
28
49
75
18
5
31
91
98
120
55
134
15
80
44
79
115
37
36
104
30
89
115
84
45
41
25
92
131
33
75
55
6
34
112
78
38
94
35
125
41
60
73
13
94
141
135
39
27
2
125
8
69
98
123
21
141
70
144
143
142
130
131
119
120
108
107
106
105
93
94
82
70
71
83
95
96
84
72
60
48
36
35
23
24
12
11
10
9
8
20
32
33
21
22
34
46
45
44
56
57
69
68
67
55
43
31
19
18
30
29
41
42
54
66
65
53
52
40
28
27
15
3
2
1
13
14
26
25
37
49
61
73
74
62
63
75
87
88
76
77
78
79
80
81
93
92
91
90
89
101
102
114
115
103
104
116
128
127
126
125
113
112
124
136
135
123
111
110
122
121
133
134
135
136
137
138
139
140
141
129
117
118
106
94
82
81
80
68
69
70
58
59
47
48
36
35
34
33
32
31
30
29
17
5
4
16
28
27
39
38
50
51
63
64
76
75
87
99
100
88
89
90
102
101
100
99
98
97
85
86
98
86
85
73
74
62
61
49
37
25
13
1
2
3
4
5
6
7
19
20
21
22
23
24
12
11
10
9
8
7
6
18
17
16
15
14
26
38
50
51
39
40
52
64
65
77
78
79
67
66
54
53
41
42
43
55
56
44
45
57
58
46
47
59
60
72
71
83
84
96
95
107
119
118
117
105
104
92
91
103
115
116
128
127
126
114
113
112
111
110
109
97
109
121
133
134
122
123
124
125
137
138
139
140
141
129
130
142
143
144
132
131
132
120
108
133
121
122
123
135
136
137
138
139
140
141
142
130
129
117
105
104
92
93
94
82
83
84
72
60
59
47
48
36
35
23
24
12
11
10
9
21
33
45
44
56
57
58
46
34
22
10
9
8
20
32
31
43
55
67
68
69
81
80
79
91
103
102
114
115
116
128
127
126
125
113
101
100
99
87
86
85
73
74
62
61
49
50
38
37
25
13
14
15
3
4
5
6
7
19
18
17
16
28
40
52
64
63
51
39
27
26
25
37
49
61
73
85
97
109
110
98
99
111
112
124
136
137
125
113
114
102
90
78
66
65
77
76
75
74
62
50
38
26
27
39
51
63
64
52
53
41
29
30
42
54
55
67
79
91
103
104
105
106
118
119
131
132
120
108
107
95
96
84
72
71
83
95
96
108
107
119
120
132
144
143
144
143
131
130
142
141
140
139
138
126
127
115
116
128
129
117
118
106
94
93
92
80
81
82
70
71
59
60
48
47
46
58
70
69
68
56
57
45
33
34
35
36
24
12
11
23
22
21
20
8
7
6
18
19
31
32
44
43
42
30
29
17
5
4
3
2
1
13
1
2
14
15
16
28
40
41
53
54
66
65
77
78
90
89
88
100
112
124
123
111
110
122
134
135
134
133
121
109
97
98
86
87
75
76
88
89
101
144
43
4
98
12
26
17
114
47
21
60
80
57
72
6
103
118
137
3
8
9
67
136
99
24
23
35
56
40
127
46
90
81
101
29
140
96
74
18
20
101
91
28
117
66
31
78
95
43
100
73
123
106
58
75
42
118
69
107
61
7
125
59
109
75
122
35
41
124
62
25
48
46
19
12
79
69
129
59
63
108
76
104
40
112
31
66
104
32
87
64
5
122
128
105
84
39
83
13
100
55
143
110
120
131
36
25
68
116
51
134
106
107
5
72
116
42
121
80
126
111
82
115
97
102
14
121
23
70
140
18
14
136
82
33
17
34
74
30
94
78
51
61
19
44
123
131
139
81
34
108
115
132
141
142
85
53
114
87
144
89
138
133
92
7
30
79
133
139
105
83
49
111
2
77
117
89
70
93
132
10
126
62
54
73
50
91
45
1
11
130
135
41
20
127
58
54
48
37
113
138
27
97
71
52
36
6
65
56
93
86
67
38
39
60
16
50
130
13
128
113
28
55
76
4
29
99
52
27
88
88
85
33
119
137
15
45
21
64
22
68
11
96
86
110
109
1
37
63
71
24
10
92
57
112
90
94
125
95
102
120
22
119
84
77
3
135
124
142
16
44
47
141
26
98
2
15
143
9
65
38
32
53
129
49
8
103
134
12
71
20
43
77
112
72
29
61
10
17
123
111
13
108
60
51
26
27
37
17
64
112
2
23
14
115
96
130
42
105
47
22
46
21
61
41
13
40
28
24
132
3
84
2
15
5
36
66
33
80
56
40
103
92
69
110
29
122
4
44
69
126
140
87
48
22
16
5
62
104
95
109
81
128
135
54
11
85
71
14
90
33
80
111
18
142
52
60
79
102
142
52
59
72
85
118
114
11
91
10
136
43
32
116
28
70
49
88
134
6
63
83
57
124
45
54
88
19
141
117
19
46
37
106
125
101
30
105
75
144
90
12
23
81
119
25
113
93
18
120
39
107
106
125
32
94
102
24
110
94
58
31
74
21
62
119
137
139
67
120
82
9
27
65
78
98
83
129
82
100
140
109
143
53
139
93
137
74
48
7
99
101
55
131
42
6
84
53
34
114
75
134
128
59
86
113
77
39
131
130
144
16
8
86
35
122
121
123
1
68
78
117
44
50
87
133
7
30
65
50
138
25
38
68
56
47
64
89
127
135
107
8
36
58
143
51
100
57
98
97
4
133
38
116
55
115
141
97
63
127
76
31
129
126
121
103
49
66
73
70
3
26
118
45
95
76
138
34
136
35
124
79
104
99
41
89
67
91
9
132
108
20
1
15
73
96
92
144
132
131
130
142
141
140
139
138
137
136
135
123
124
112
100
101
89
88
87
75
74
73
61
49
50
38
37
25
26
14
13
1
2
3
4
16
28
40
41
53
52
51
39
27
15
3
4
5
17
29
30
42
54
66
65
64
76
77
78
90
102
103
115
114
113
125
126
127
128
116
104
105
106
94
95
96
84
83
71
72
60
59
47
48
36
24
23
22
10
9
8
7
6
18
19
20
21
33
45
57
69
70
58
46
34
35
36
48
60
72
84
96
108
120
119
107
106
118
117
129
141
140
128
116
115
103
91
79
67
68
80
81
82
83
71
59
47
35
34
46
58
70
69
57
56
44
32
31
43
55
54
66
78
90
102
101
100
99
111
110
122
121
109
97
98
86
85
73
61
62
74
86
85
97
98
110
109
121
133
134
133
134
122
123
135
136
137
138
139
127
126
114
113
125
124
112
111
99
87
88
89
77
76
75
63
62
50
49
37
38
39
51
63
64
65
53
52
40
28
27
26
25
13
1
2
14
15
16
17
5
6
7
19
18
30
29
41
42
43
31
32
20
8
9
10
11
12
24
12
11
23
22
21
33
45
44
56
55
67
68
80
79
91
92
93
105
117
129
130
118
119
131
143
142
143
144
132
120
108
107
95
94
82
81
93
92
104
12
24
23
22
10
9
8
7
6
5
4
3
15
16
28
40
41
53
52
51
63
62
61
73
85
86
98
97
109
110
122
121
133
134
135
136
124
112
100
101
89
88
87
99
111
123
135
136
137
125
113
114
102
90
78
77
76
64
65
66
54
42
43
31
30
29
17
18
19
20
32
44
45
46
58
59
60
72
71
83
84
96
95
107
108
120
132
131
130
142
141
140
139
138
126
127
128
129
117
105
93
81
82
94
106
118
119
120
108
96
84
72
60
48
36
35
47
46
34
33
21
9
8
20
32
31
43
55
67
79
80
68
69
70
71
83
95
107
119
118
106
94
82
81
93
92
104
116
115
103
91
90
78
66
54
42
41
40
39
27
26
14
13
25
37
38
50
49
61
73
74
62
50
49
37
38
26
25
13
1
2
1
2
14
15
3
4
5
6
7
19
18
30
29
17
16
28
27
39
51
52
53
65
64
63
75
74
86
85
97
98
99
87
75
76
77
89
88
100
112
111
110
109
121
133
134
122
123
124
125
137
138
139
127
126
114
113
101
102
103
115
116
128
140
141
142
143
144
132
144
143
131
130
129
117
105
104
92
91
79
80
68
67
55
56
57
45
33
21
22
34
35
23
11
10
11
12
24
36
48
47
59
58
70
69
57
56
44
