##Rat 4 Day 29
 ##rewards
126
113
47
##Vertices
144
132
131
130
142
141
140
139
138
137
136
135
123
124
112
100
101
89
88
87
75
74
73
61
49
50
38
37
25
26
14
13
1
2
3
4
16
28
40
41
53
52
51
39
27
15
3
4
5
17
29
30
42
54
66
65
64
76
77
78
90
102
103
115
114
113
125
126
127
128
116
104
105
106
94
95
96
84
83
71
72
60
59
47
48
36
24
23
22
10
9
8
7
6
18
19
20
21
33
45
57
69
70
58
46
34
35
36
48
60
72
84
96
108
120
119
107
106
118
117
129
141
140
128
116
115
103
91
79
67
68
80
81
82
83
71
59
47
35
34
46
58
70
69
57
56
44
32
31
43
55
54
66
78
90
102
101
100
99
111
110
122
121
109
97
98
86
85
73
61
62
74
86
85
97
98
110
109
121
133
134
133
134
122
123
135
136
137
138
139
127
126
114
113
125
124
112
111
99
87
88
89
77
76
75
63
62
50
49
37
38
39
51
63
64
65
53
52
40
28
27
26
25
13
1
2
14
15
16
17
5
6
7
19
18
30
29
41
42
43
31
32
20
8
9
10
11
12
24
12
11
23
22
21
33
45
44
56
55
67
68
80
79
91
92
93
105
117
129
130
118
119
131
143
142
143
144
132
120
108
107
95
94
82
81
93
92
104
1
2
3
15
14
26
25
37
38
39
40
52
51
63
75
74
62
50
49
61
73
85
97
109
110
122
121
133
134
135
136
137
125
113
112
124
123
111
99
100
101
89
88
76
77
78
90
102
114
126
127
115
116
104
103
91
79
80
92
93
105
117
118
130
142
143
144
132
131
119
120
108
96
84
72
71
83
82
70
58
57
69
68
67
66
65
64
52
53
54
55
56
44
43
31
30
42
41
29
17
18
19
20
32
33
21
9
10
22
34
35
23
24
12
11
10
9
8
7
6
5
4
16
28
27
39
51
63
64
65
77
76
75
87
86
98
97
109
110
111
112
113
114
115
116
128
140
141
129
117
118
106
107
95
94
82
81
69
70
58
46
45
57
56
55
43
44
45
46
47
48
60
59
47
59
60
72
71
83
84
96
108
120
132
144
143
142
141
140
139
138
126
125
124
123
122
121
133
134
135
136
137
138
139
127
128
129
130
131
119
107
95
94
106
105
93
81
80
68
67
66
78
79
91
92
104
103
102
90
89
101
100
88
87
99
98
86
85
73
74
62
61
49
50
38
26
27
28
40
41
53
54
42
30
29
17
18
19
31
32
33
34
35
36
48
36
24
12
11
23
22
21
20
8
7
6
5
4
16
15
3
2
1
13
14
13
25
37
21
109
38
112
57
117
7
116
13
85
127
130
31
26
85
31
17
139
120
103
16
55
97
22
20
118
124
134
66
8
100
80
111
92
84
107
76
23
137
125
43
89
96
17
23
46
62
43
102
89
84
33
40
102
39
67
25
45
57
35
3
65
79
126
10
40
104
80
141
123
104
7
122
50
15
91
79
77
118
83
109
27
93
75
133
28
98
64
86
75
53
92
130
42
27
105
95
32
63
56
83
12
136
72
119
32
135
132
117
2
78
34
29
103
129
119
144
2
115
113
82
93
133
87
87
63
4
30
70
22
74
73
141
64
88
56
134
15
18
132
136
9
108
66
45
19
82
125
1
21
52
19
59
69
143
42
76
53
72
24
6
58
33
11
140
10
69
37
127
131
60
5
101
54
35
18
106
110
140
81
48
78
14
108
99
58
96
41
8
115
50
88
74
123
67
114
47
129
51
71
116
36
12
44
71
100
91
120
54
107
62
106
28
98
97
110
20
61
25
6
73
70
49
24
142
135
121
68
111
44
48
143
137
94
36
59
13
5
60
131
41
138
90
47
144
34
46
30
86
37
49
138
122
128
113
38
29
139
11
14
77
81
39
114
61
9
124
121
126
105
1
26
142
68
4
3
65
128
52
112
101
99
16
90
95
55
94
51
136
21
39
133
15
114
107
121
74
98
118
33
119
144
132
27
92
115
32
33
80
72
88
91
62
20
14
80
75
25
98
102
56
75
64
104
95
57
13
6
112
18
111
140
21
141
108
70
25
38
127
39
37
73
2
138
107
2
29
61
43
4
82
100
23
86
71
144
55
17
53
38
125
35
89
49
45
116
78
22
135
136
139
44
93
29
58
68
134
55
100
101
24
51
90
124
7
34
135
103
131
72
108
62
42
123
90
67
18
3
94
93
110
139
5
129
128
141
66
12
12
88
30
115
111
57
60
35
48
23
120
133
8
137
126
86
120
94
101
36
76
123
28
99
47
124
118
54
16
65
125
31
130
128
28
26
22
42
36
97
126
79
87
64
61
89
129
142
77
143
99
92
9
59
91
81
14
11
96
106
1
16
117
56
130
87
63
10
73
138
103
79
66
96
15
30
40
82
121
71
85
127
20
8
9
50
7
110
10
83
3
113
60
47
46
137
52
27
43
5
97
41
13
19
106
45
95
85
122
122
4
70
68
105
52
142
83
50
34
48
76
112
37
104
114
24
105
69
134
32
140
26
17
58
78
102
117
6
69
119
31
54
11
74
84
143
46
109
131
59
116
19
84
81
63
44
109
65
41
53
113
67
51
49
40
1
77
132
12
11
23
35
34
22
10
9
8
20
19
7
6
18
30
29
17
5
4
16
28
27
26
14
15
3
2
1
13
25
37
49
50
62
63
51
52
40
41
42
54
55
67
68
56
44
43
31
32
33
45
46
47
59
60
48
36
24
12
11
10
22
21
33
45
57
58
70
69
81
82
83
95
96
84
72
71
70
82
94
93
105
106
118
130
131
119
107
108
120
132
144
143
142
141
129
128
140
139
138
137
125
126
127
115
114
102
101
100
99
111
123
135
136
124
112
113
114
115
116
117
105
104
103
91
92
80
79
78
66
65
64
76
77
89
90
102
101
113
112
111
110
122
134
133
121
109
97
85
73
61
49
37
38
39
40
28
29
41
53
52
64
63
75
74
86
87
88
100
99
98
86
98
110
122
134
133
121
109
97
85
73
61
62
74
75
87
88
76
77
89
90
78
79
91
103
104
92
80
68
69
81
93
94
106
118
117
116
128
127
126
125
124
123
135
136
137
138
139
140
141
129
130
142
143
144
132
131
119
120
108
107
95
96
84
83
71
72
60
59
47
48
36
24
23
35
34
46
58
57
56
55
67
66
65
53
54
42
30
18
19
31
43
44
32
20
21
9
8
7
6
5
17
16
4
3
15
14
2
1
13
25
26
27
39
51
50
38
133
121
109
97
98
86
85
73
61
49
37
25
13
1
2
14
15
3
4
16
28
40
41
53
52
64
63
75
76
77
78
90
102
103
115
114
113
125
124
112
111
123
122
134
135
136
137
138
139
140
128
129
141
142
143
144
132
120
108
107
119
131
130
118
106
105
93
92
80
68
69
81
82
94
95
83
71
59
47
48
60
72
84
96
108
120
119
118
117
116
104
105
117
116
115
127
126
114
102
101
100
88
89
77
65
66
54
55
67
79
91
90
89
101
113
112
100
99
87
88
76
75
74
62
50
51
39
38
26
27
28
29
17
5
6
18
19
7
8
20
21
9
10
22
23
11
12
24
36
35
34
46
58
57
45
44
43
42
30
31
32
33
34
46
45
57
56
44
43
42
41
29
17
5
6
7
19
18
30
31
32
33
21
20
8
9
10
22
23
11
12
24
36
35
47
48
60
59
58
70
69
70
82
83
71
72
84
96
95
107
106
94
93
81
80
92
104
103
91
79
78
66
67
68
56
55
54
53
65
64
63
62
74
86
87
99
111
110
98
110
122
123
124
125
126
127
128
129
130
131
132
144
143
142
141
140
139
138
137
136
135
134
133
121
109
97
85
73
61
49
50
38
37
25
26
14
13
1
2
3
4
16
15
27
39
40
52
51
49
1
99
143
99
21
15
18
93
4
34
61
116
14
128
79
80
25
30
12
53
62
104
25
132
119
133
63
109
130
47
142
71
76
43
10
67
44
34
12
50
49
88
137
128
78
104
140
61
82
116
60
141
14
22
129
15
37
101
29
63
90
84
73
94
110
59
44
77
51
101
135
108
120
89
118
53
6
97
117
58
132
114
87
10
39
4
70
28
39
122
112
18
52
57
17
138
58
56
27
98
35
69
92
125
89
140
70
59
48
27
139
60
127
113
31
98
136
37
11
9
125
11
64
43
122
80
29
8
144
121
120
100
96
97
13
115
94
32
48
40
131
62
108
142
107
78
45
82
16
46
9
19
5
88
65
17
65
134
47
106
54
91
23
67
75
87
7
115
38
131
68
7
46
16
30
123
90
114
135
64
107
144
72
22
66
20
28
93
33
42
42
130
79
96
105
54
91
73
41
2
103
110
92
118
86
33
13
75
45
2
32
69
19
111
77
68
8
26
35
24
83
100
86
123
124
57
139
76
138
127
136
133
50
124
38
111
3
105
95
129
51
121
36
134
5
141
24
52
113
85
109
56
117
102
55
83
126
102
55
74
112
81
66
81
36
85
106
95
74
31
119
40
71
26
3
23
21
143
84
1
41
72
126
20
6
137
103
122
15
131
117
83
64
110
134
67
123
29
23
22
4
88
38
45
94
37
144
75
34
26
129
44
78
9
14
49
143
59
44
116
24
144
89
108
132
102
115
94
115
117
32
48
139
4
53
109
35
106
78
138
40
10
5
70
124
8
91
32
84
105
58
25
66
46
96
12
77
129
36
54
13
136
50
133
34
43
137
15
119
48
138
131
127
41
74
60
90
68
114
132
127
60
63
19
112
35
123
50
21
136
98
13
30
92
27
62
95
97
141
125
75
11
83
76
56
46
100
14
71
130
88
3
19
31
59
121
90
21
8
107
17
69
64
93
16
79
128
99
66
120
125
65
106
18
89
96
87
113
114
101
134
118
42
2
40
97
122
95
49
103
74
142
58
57
81
42
17
10
71
107
103
28
87
137
104
47
62
79
112
2
121
1
67
102
140
12
52
113
39
81
73
143
41
20
116
56
141
26
6
128
80
3
1
101
93
65
18
72
9
24
82
91
76
68
82
33
7
120
100
140
36
73
142
45
133
63
20
99
77
52
61
28
25
92
11
57
70
80
86
119
33
31
72
111
85
43
124
54
126
16
118
130
5
23
105
30
69
29
22
7
61
108
51
111
51
55
85
135
86
84
6
98
139
55
110
37
104
126
27
135
47
53
39
38
109
133
134
135
136
124
125
137
138
139
140
141
142
143
144
132
131
119
120
108
107
106
105
93
92
104
103
115
114
102
90
78
77
76
64
63
75
87
86
98
99
111
110
122
121
109
97
85
73
61
49
50
38
37
25
13
1
2
3
4
16
15
14
26
27
28
40
41
53
54
55
43
42
30
29
17
18
19
20
21
9
8
7
6
5
4
3
15
27
39
51
52
40
39
51
63
62
74
75
76
88
100
101
89
90
91
79
80
68
67
66
65
77
89
88
87
99
100
112
113
101
102
114
126
127
128
116
117
129
130
118
106
94
95
96
84
83
71
72
60
59
47
48
36
35
23
24
12
11
10
22
34
33
32
44
45
57
69
81
82
70
58
46
34
33
45
44
56
57
69
81
93
94
95
96
84
72
71
83
82
70
58
46
47
59
60
48
36
35
23
24
12
11
10
22
21
9
8
20
32
31
43
31
30
18
19
7
6
5
17
16
28
29
41
42
54
53
52
64
65
66
78
79
67
55
56
68
80
92
91
103
115
127
126
125
113
112
111
123
124
123
122
110
98
86
74
62
50
38
26
14
2
1
13
25
37
49
61
73
85
97
109
121
133
134
135
136
137
138
139
140
128
129
141
142
130
131
143
144
132
120
108
107
119
118
117
105
104
116
144
143
142
130
118
106
107
95
83
71
72
84
96
108
120
119
131
132
120
108
96
84
83
82
94
93
81
80
68
67
55
54
53
65
77
78
79
91
103
115
114
113
125
126
138
137
136
135
123
111
112
124
136
137
138
139
140
141
129
117
116
128
127
115
116
104
105
93
92
80
79
67
66
54
42
43
44
45
57
58
59
47
46
34
35
23
22
21
9
8
20
32
31
19
7
6
18
17
29
41
40
28
27
26
25
13
1
2
14
15
3
4
5
6
7
8
9
10
11
12
24
36
48
60
72
71
70
69
68
56
55
43
42
30
29
41
40
39
38
50
62
63
51
52
64
76
75
74
73
85
86
87
88
89
90
102
101
100
99
98
110
122
134
133
121
109
97
85
73
61
49
61
62
74
75
87
86
98
97
109
110
122
121
133
134
135
123
124
112
111
99
100
101
113
125
126
114
102
103
104
92
91
90
89
88
76
77
78
66
65
53
52
64
63
51
50
49
37
25
37
38
39
27
26
14
13
1
2
3
15
16
28
16
4
5
17
18
30
31
19
20
21
33
34
35
23
22
10
11
12
24
36
48
60
59
47
46
45
33
32
44
56
57
58
70
69
81
82
94
106
105
117
118
130
129
128
127
139
140
141
142
143
144
132
131
119
107
95
40
118
29
72
24
11
77
69
142
38
110
8
48
78
70
29
55
122
76
15
96
98
121
87
117
138
111
53
114
107
22
71
54
8
10
130
21
25
40
100
52
128
74
46
108
103
59
120
133
82
56
109
101
7
37
75
97
16
45
119
99
135
64
79
2
112
10
37
113
101
20
47
17
44
9
30
109
28
1
84
122
65
89
137
135
27
66
127
39
41
32
90
5
85
89
67
119
131
126
142
31
22
42
45
99
5
58
62
30
96
41
77
120
35
19
92
144
61
71
60
106
51
72
93
102
123
115
25
124
107
11
3
110
85
91
33
108
128
18
125
69
53
144
117
28
137
57
76
88
33
46
56
24
112
116
70
31
95
79
87
94
98
116
139
57
133
80
104
134
36
34
73
131
88
67
18
34
132
14
50
60
63
82
54
19
38
13
23
93
86
83
26
105
68
39
15
4
64
23
95
121
75
55
36
134
20
61
3
129
113
12
104
14
100
91
143
6
114
118
2
141
140
94
59
58
21
43
83
26
74
86
35
7
141
47
124
81
136
44
51
143
9
136
48
68
129
92
139
16
90
105
123
49
17
111
66
63
138
84
62
42
12
78
102
81
52
13
97
80
103
27
126
50
115
130
65
1
73
140
6
32
132
49
43
4
127
106
125
38
69
14
51
105
60
21
33
116
30
42
1
120
41
123
130
116
100
32
126
86
103
79
136
118
125
38
106
44
135
131
16
17
121
82
32
54
127
31
112
142
48
82
115
9
141
108
136
62
65
84
43
21
132
90
26
46
110
104
85
123
87
49
134
93
27
74
94
36
11
117
40
111
19
61
91
142
39
70
33
70
10
67
51
75
112
41
131
143
55
78
67
139
125
81
97
107
78
108
102
71
6
27
23
106
94
68
2
119
114
107
85
133
66
50
134
13
92
28
44
135
133
14
128
35
130
98
54
16
129
99
8
83
26
140
20
96
5
122
113
72
25
53
102
137
63
75
72
52
110
122
109
1
60
40
24
96
47
113
19
57
98
50
88
114
88
93
105
80
7
35
137
11
124
144
56
56
58
99
43
139
95
100
76
140
91
10
24
12
12
2
25
59
20
73
17
109
89
138
9
58
6
15
97
48
73
119
120
22
95
68
23
87
103
118
65
13
53
46
89
80
101
30
64
31
29
77
5
42
117
61
69
124
39
8
101
77
57
90
74
34
59
127
3
126
4
115
79
3
92
52
64
37
37
86
47
132
138
63
83
129
18
22
111
34
81
76
144
15
45
28
18
62
49
29
104
36
66
7
128
4
141
143
84
45
121
55
71
