##Rat 2 Day 8
 ##rewards
18
29
107
##Vertices
35
105
41
120
54
94
39
37
85
117
144
113
80
112
90
39
43
74
66
23
142
143
14
1
7
53
99
103
97
73
12
144
32
139
52
28
1
94
65
125
28
90
13
133
124
5
22
49
45
117
36
123
9
112
98
88
2
8
78
51
27
79
72
33
55
97
41
75
17
57
72
107
111
26
26
118
61
140
89
68
77
141
141
105
29
21
96
122
104
137
86
12
64
55
11
95
101
10
67
19
102
136
106
140
34
52
131
30
58
9
20
32
129
69
42
77
114
121
24
108
20
111
75
123
24
15
135
86
47
38
5
68
110
128
71
15
10
59
96
82
61
114
21
91
116
100
4
37
19
2
6
88
128
135
25
83
115
132
36
79
129
62
25
106
136
16
115
56
38
58
76
130
98
29
17
142
93
85
84
134
119
14
63
8
56
49
57
7
81
35
127
50
23
100
59
4
87
69
60
6
33
119
22
134
3
64
46
109
71
143
133
40
76
127
103
132
81
11
92
51
62
121
16
73
65
84
40
67
60
130
31
124
47
89
53
126
87
120
63
66
139
110
116
70
99
31
108
46
91
44
102
138
74
48
137
82
92
50
125
34
48
18
101
3
42
126
43
27
113
131
95
109
118
104
138
70
44
30
18
45
54
107
83
80
122
78
13
93
96
3
105
82
118
25
6
46
136
85
57
122
82
28
93
54
135
5
83
36
44
62
85
12
140
35
7
107
30
31
96
17
18
55
134
127
14
76
81
22
11
66
101
109
36
113
42
33
139
132
38
63
11
30
77
8
32
27
71
88
83
67
50
108
54
92
39
73
99
144
126
95
129
2
72
78
32
22
141
70
31
134
5
27
49
143
21
86
106
70
53
78
79
65
34
122
124
47
142
117
125
126
116
45
71
101
119
7
23
135
141
123
45
57
98
130
68
87
6
20
79
121
59
103
47
117
93
114
75
43
14
140
97
109
133
1
90
77
15
120
46
124
33
69
112
56
89
133
59
42
132
128
69
119
137
24
52
61
58
2
90
67
127
131
130
75
64
34
107
80
37
84
86
49
48
121
60
26
104
58
4
102
23
94
111
55
125
110
48
9
12
95
25
51
92
84
62
128
115
43
61
131
138
97
41
40
104
99
116
81
8
137
106
89
18
102
136
113
13
29
52
16
91
118
112
38
111
35
29
10
73
28
139
80
21
68
108
74
37
26
142
94
74
20
100
110
98
114
91
3
4
15
50
103
13
115
143
19
63
1
53
17
10
64
39
120
9
19
105
123
144
40
87
72
44
60
138
129
76
65
51
88
41
56
24
66
100
16
133
134
135
123
122
110
109
97
98
99
100
88
87
75
63
62
74
86
85
73
61
49
37
25
26
14
13
1
2
3
4
5
17
29
28
16
15
27
39
40
41
53
52
64
65
66
54
42
30
18
19
31
32
44
43
55
67
68
56
57
45
33
34
22
10
11
12
24
23
35
36
48
60
72
84
83
71
70
82
94
93
81
80
79
78
77
76
88
89
90
91
92
104
103
115
114
102
101
113
125
126
127
128
116
117
129
141
142
130
118
119
131
132
144
143
142
141
140
139
138
137
136
124
112
111
99
87
75
76
77
65
64
63
51
50
38
37
25
26
27
28
29
30
31
32
20
8
9
21
33
34
46
47
59
58
70
69
81
82
94
106
105
93
92
91
103
104
105
106
107
108
96
95
107
95
96
84
83
71
72
60
48
36
24
12
11
10
9
8
7
6
18
17
16
15
14
13
1
2
3
4
5
6
7
19
20
21
22
23
35
47
59
58
46
45
57
69
68
80
79
78
66
67
55
56
44
43
42
54
53
41
40
52
51
39
38
50
49
61
62
74
73
85
86
98
110
111
112
100
101
89
90
102
114
113
125
126
127
115
116
117
118
119
120
108
120
132
144
143
131
130
129
128
140
139
138
137
136
124
123
135
134
133
121
122
121
109
97
1
13
25
37
49
50
38
26
14
2
3
15
27
28
40
52
53
65
64
76
88
87
75
74
73
85
86
98
97
109
121
122
123
124
136
137
125
113
101
89
90
102
103
91
79
67
68
80
81
69
57
56
44
43
55
54
66
78
77
89
101
100
99
111
110
109
97
85
73
61
62
63
51
39
40
41
29
30
42
41
29
17
5
4
16
28
27
39
51
52
64
76
88
100
112
113
114
115
127
128
129
141
142
130
118
117
116
104
92
93
105
106
94
95
107
108
120
119
131
132
144
143
142
141
140
139
138
126
114
102
103
104
92
93
105
106
94
82
70
71
83
84
72
60
48
47
59
58
46
34
22
21
20
32
33
45
44
32
31
19
7
8
9
10
11
12
24
23
35
36
48
47
35
36
24
12
11
23
22
10
9
21
33
34
46
45
57
56
68
69
70
58
59
60
72
71
83
82
81
80
79
91
90
78
77
65
53
54
66
67
55
43
42
30
31
19
20
8
7
6
18
17
18
6
5
4
16
15
3
2
1
13
14
26
25
37
38
50
49
61
62
63
75
74
86
98
110
122
121
133
134
133
134
135
123
135
136
137
138
139
140
128
129
130
131
143
144
132
120
108
96
84
96
95
107
119
118
117
116
115
127
126
125
124
112
111
99
87
41
38
125
46
70
76
66
6
88
7
118
70
42
11
129
38
20
13
113
138
89
72
35
102
128
141
18
24
69
93
44
68
74
57
113
31
65
103
40
44
105
49
96
76
53
140
95
18
43
109
135
142
115
100
108
96
126
24
3
3
121
99
120
25
94
114
101
6
130
69
54
101
119
122
74
33
54
59
107
94
47
122
58
5
8
62
64
52
71
110
14
21
124
79
139
71
98
114
22
62
91
7
98
103
19
143
139
30
19
43
64
73
5
2
115
117
106
36
119
75
93
55
104
83
92
66
65
42
16
15
53
50
63
124
33
144
130
55
26
58
39
59
84
116
13
116
75
133
11
105
12
136
61
63
112
142
88
17
77
110
132
10
87
138
48
32
89
36
50
56
144
23
85
57
132
82
79
78
78
45
99
21
52
9
4
102
40
37
20
10
37
31
23
104
28
9
106
95
112
141
29
91
22
27
41
49
67
129
51
12
35
136
97
86
131
80
83
117
28
125
32
133
51
27
134
90
92
131
77
81
8
128
127
73
120
56
127
48
14
60
67
26
68
29
118
86
25
4
135
1
2
123
46
47
60
61
137
111
87
15
137
140
1
121
34
90
80
17
16
72
85
82
126
108
107
84
39
34
97
100
123
111
45
81
30
143
109
134
44
7
55
38
81
64
82
29
88
2
118
60
101
142
122
34
2
99
132
60
105
32
40
93
26
120
11
124
108
35
96
36
92
90
36
28
138
53
58
59
79
108
83
8
59
116
98
130
139
18
45
24
55
122
4
74
70
11
129
72
143
12
14
117
135
75
88
23
23
105
66
81
22
48
129
99
73
6
138
80
43
17
114
121
102
89
33
137
19
32
41
1
1
98
139
46
41
52
52
46
67
128
107
12
39
124
95
143
126
54
62
15
35
70
22
135
121
128
106
85
6
84
69
103
137
115
69
94
118
38
26
65
37
57
44
136
49
20
76
86
27
130
16
107
127
71
5
84
63
93
141
67
112
86
58
48
8
29
73
10
78
79
133
61
5
100
144
40
82
77
112
140
134
115
134
30
53
136
126
19
113
76
94
34
125
114
97
119
51
87
3
27
56
116
28
140
125
144
78
110
66
113
68
100
21
106
133
13
85
123
39
68
50
92
57
87
25
131
14
132
42
18
3
142
91
65
15
25
71
90
21
54
80
104
91
49
47
141
10
16
127
117
111
61
43
111
42
102
96
17
120
74
62
24
56
77
20
119
47
109
7
103
123
4
13
95
30
83
72
63
33
97
31
109
45
51
9
9
110
104
75
37
50
89
64
101
31
131
12
11
10
9
8
20
21
22
23
24
36
35
34
46
45
44
56
55
43
42
41
29
30
18
6
5
17
16
4
3
2
14
26
38
37
49
50
51
52
53
65
64
76
77
78
79
91
90
102
103
104
92
93
81
80
68
67
66
54
53
52
40
28
27
15
3
4
5
6
7
19
31
32
33
45
57
58
70
69
57
58
59
60
48
47
46
34
33
32
44
43
42
41
40
39
51
63
75
74
86
98
97
109
110
111
99
87
88
89
101
100
112
113
125
124
136
135
123
122
134
133
121
109
97
85
73
61
62
63
64
76
88
89
101
100
112
113
114
115
127
126
138
139
140
141
129
128
116
117
118
119
107
95
94
106
105
93
94
82
83
84
96
108
120
132
144
143
131
130
142
141
129
130
142
143
144
132
131
119
120
108
107
106
118
117
105
104
92
91
103
115
116
128
140
139
127
126
114
102
90
78
77
65
66
54
55
56
68
67
79
80
81
69
70
82
83
95
96
84
72
71
59
71
72
60
48
47
35
36
24
12
11
23
22
10
9
21
20
8
7
19
31
30
18
17
16
15
14
2
1
13
1
13
25
26
25
37
49
61
73
85
86
98
110
122
121
133
134
135
136
137
138
137
125
124
123
111
99
87
75
74
62
50
38
39
27
28
29
144
132
131
130
142
141
140
139
138
137
136
135
123
124
112
100
101
89
88
87
75
74
73
61
49
50
38
37
25
26
14
13
1
2
3
4
16
28
40
41
53
52
51
39
27
15
3
4
5
17
29
30
42
54
66
65
64
76
77
78
90
102
103
115
114
113
125
126
127
128
116
104
105
106
94
95
96
84
83
71
72
60
59
47
48
36
24
23
22
10
9
8
7
6
18
19
20
21
33
45
57
69
70
58
46
34
35
36
48
60
72
84
96
108
120
119
107
106
118
117
129
141
140
128
116
115
103
91
79
67
68
80
81
82
83
71
59
47
35
34
46
58
70
69
57
56
44
32
31
43
55
54
66
78
90
102
101
100
99
111
110
122
121
109
97
98
86
85
73
61
62
74
86
85
97
98
110
109
121
133
134
133
134
122
123
135
136
137
138
139
127
126
114
113
125
124
112
111
99
87
88
89
77
76
75
63
62
50
49
37
38
39
51
63
64
65
53
52
40
28
27
26
25
13
1
2
14
15
16
17
5
6
7
19
18
30
29
41
42
43
31
32
20
8
9
10
11
12
24
12
11
23
22
21
33
45
44
56
55
67
68
80
79
91
92
93
105
117
129
130
118
119
131
143
142
143
144
132
120
108
107
95
94
82
81
93
92
104
123
10
118
82
31
66
73
89
56
57
29
112
33
15
93
94
86
105
115
54
38
47
30
68
64
41
63
107
141
114
144
48
50
18
104
96
41
17
132
92
119
23
38
17
43
134
65
90
14
29
109
46
15
95
34
139
31
82
13
135
32
123
124
37
52
86
85
52
76
72
51
3
7
130
20
125
114
117
45
11
103
21
128
39
55
87
24
23
100
108
90
50
143
72
103
19
39
111
44
25
112
6
5
85
56
42
135
67
128
30
99
73
4
20
27
22
101
95
57
21
74
121
59
53
54
80
88
28
28
35
14
33
1
7
37
130
110
118
99
125
55
91
106
121
133
36
62
8
111
139
101
35
19
36
132
6
102
34
26
63
120
84
79
81
143
122
87
66
24
68
126
120
62
65
104
142
108
75
2
12
69
94
133
119
131
25
40
75
76
116
142
49
77
42
8
113
3
70
22
138
40
61
18
93
10
60
4
124
64
83
137
47
79
106
9
58
46
116
13
88
81
49
1
58
89
12
122
45
71
136
84
9
70
129
110
92
16
102
91
48
144
69
32
134
74
16
98
113
127
51
97
136
100
137
107
71
59
98
53
97
96
11
109
129
117
127
105
2
126
61
78
115
80
5
140
43
78
138
44
27
60
141
77
140
83
67
131
26
20
63
136
29
142
109
104
72
140
94
83
13
4
41
5
47
120
40
103
129
6
55
5
125
124
58
60
30
10
52
45
98
89
26
128
24
62
37
144
46
1
141
107
25
51
116
3
106
42
128
132
76
31
138
112
90
75
134
134
13
133
139
133
58
28
22
136
96
28
29
59
103
45
6
135
122
62
105
54
56
109
119
74
81
14
21
2
16
118
84
60
92
77
87
108
33
138
17
64
99
9
15
96
97
86
69
72
88
102
48
65
22
7
19
74
78
50
80
118
65
12
126
91
9
106
123
90
94
34
115
100
61
98
108
67
66
119
24
85
93
40
52
38
81
116
25
137
19
43
17
39
68
131
111
82
76
130
95
12
140
144
47
88
99
42
130
51
132
121
67
120
112
64
11
1
75
127
44
34
50
86
143
8
79
56
101
10
57
73
83
61
77
32
53
26
33
57
104
31
49
84
63
117
95
70
71
55
14
7
36
126
97
82
100
73
124
49
92
27
131
142
110
43
125
121
69
35
44
87
71
37
41
39
32
53
4
18
107
23
117
79
105
38
78
48
114
20
54
139
102
113
80
3
21
16
111
143
11
70
114
36
113
23
135
46
115
129
122
66
59
91
123
141
15
8
85
18
27
127
30
93
68
35
110
89
101
2
137
144
143
131
119
120
132
144
143
142
130
129
128
116
104
103
91
79
78
77
76
75
87
88
100
99
98
86
85
73
74
62
61
49
50
38
39
27
26
25
37
49
61
73
85
97
109
110
122
121
133
134
135
123
111
112
124
136
137
138
126
114
115
127
139
140
141
142
130
118
117
105
93
81
69
57
56
55
67
68
80
92
93
94
106
107
108
96
84
83
71
72
60
59
47
35
36
48
60
72
84
96
95
83
82
70
58
46
45
44
43
31
19
20
8
7
6
5
17
29
28
16
4
3
2
14
15
27
28
40
41
53
54
42
30
18
6
7
8
9
21
22
23
24
12
11
10
9
21
33
32
44
43
55
56
68
80
92
91
90
89
101
113
125
137
136
124
112
100
88
76
64
65
66
67
79
78
66
54
42
41
29
30
31
32
20
19
18
17
5
4
16
15
3
2
1
13
1
13
14
26
25
37
38
39
51
50
62
74
86
98
97
109
110
122
121
133
134
135
123
111
99
87
75
63
51
63
64
52
40
52
53
65
77
89
90
102
103
104
116
115
114
102
101
113
125
126
138
139
127
128
140
141
129
117
105
106
118
119
131
132
120
108
107
95
94
82
81
69
70
58
57
45
33
34
46
34
35
23
22
10
11
12
24
36
48
47
59
71
133
121
122
123
135
136
137
138
126
114
102
90
91
79
80
92
93
94
82
81
69
68
67
55
56
44
32
31
19
7
6
5
4
3
15
27
39
51
50
49
37
38
26
14
13
1
2
3
4
16
17
18
30
42
43
44
45
33
34
46
47
59
71
83
84
72
60
48
36
35
23
24
12
11
10
9
8
20
21
22
34
33
32
31
43
42
41
29
28
40
52
64
65
77
78
66
54
53
41
40
52
51
63
75
87
86
74
62
61
73
85
97
98
110
109
97
85
86
87
99
111
112
113
125
124
136
137
138
139
127
115
103
104
105
117
118
130
142
141
129
128
140
141
142
143
144
132
131
119
120
108
96
95
107
106
94
82
70
58
57
69
81
93
92
80
79
78
77
76
88
100
101
100
88
89
101
89
90
91
103
102
114
113
112
111
99
98
110
109
121
122
134
133
134
135
123
124
125
126
127
139
140
128
116
115
116
104
105
117
129
130
131
143
144
132
120
119
118
106
107
108
96
95
83
84
72
60
59
71
70
58
57
45
46
47
48
36
35
23
24
12
11
10
22
21
9
8
20
19
7
6
5
17
18
30
29
28
16
15
14
2
1
13
25
37
25
26
27
39
38
50
49
61
73
74
62
63
75
76
64
65
66
67
68
56
55
54
53
