##Rat 3 Day 23
 ##rewards
127
116
38
##Vertices
133
121
122
123
111
110
109
97
85
86
74
73
61
62
63
51
50
49
37
38
39
27
15
14
26
25
13
1
2
3
4
5
17
18
30
29
41
40
52
64
65
77
78
90
89
88
76
75
87
99
100
112
124
125
137
136
135
134
133
121
109
110
98
99
100
101
113
114
102
103
115
127
128
140
139
138
126
114
115
116
104
105
117
118
119
131
130
129
141
142
143
144
132
120
108
107
95
96
84
72
60
59
71
83
82
70
69
57
45
33
34
35
36
48
47
46
58
70
82
94
106
105
93
81
80
92
91
79
67
66
54
42
43
55
56
68
69
57
58
46
34
22
23
24
12
11
10
9
8
7
6
5
4
16
28
40
39
51
52
53
41
42
30
31
19
20
32
44
45
33
21
20
21
22
23
24
12
11
10
9
8
7
6
18
19
31
32
44
43
55
56
68
67
79
80
81
93
92
91
90
102
103
104
116
117
118
106
94
95
83
71
59
47
35
36
48
60
72
84
96
108
107
119
120
132
144
143
131
130
142
141
129
128
140
139
127
126
138
137
125
124
136
135
134
122
123
111
112
113
101
89
77
78
66
54
53
65
64
63
62
74
75
76
88
87
86
98
97
85
73
61
49
50
38
37
25
26
14
13
1
2
3
15
27
28
29
17
16
12
11
10
9
21
20
8
7
6
5
4
3
2
1
13
14
26
25
37
38
39
40
52
53
41
42
30
31
43
55
67
68
69
81
82
70
58
59
47
46
34
35
23
24
36
48
60
72
84
96
95
107
108
120
132
144
143
142
141
129
130
131
119
118
117
105
104
92
91
90
102
103
115
116
128
127
126
125
124
136
137
138
139
140
141
142
130
118
106
94
93
105
106
94
82
83
71
70
69
57
45
44
56
55
54
66
65
77
78
79
80
68
56
57
58
46
45
33
32
44
43
31
19
18
17
29
28
16
15
27
39
51
50
49
61
62
74
73
85
86
98
97
109
110
122
121
133
134
135
123
111
112
113
101
100
88
76
64
63
75
87
99
111
112
100
101
89
88
76
64
52
51
50
49
61
73
74
62
63
75
87
99
98
86
85
97
109
110
122
121
133
134
135
123
124
136
137
125
113
114
102
114
115
127
126
138
139
140
128
129
117
116
104
103
91
92
93
81
80
79
67
66
78
90
89
77
65
53
54
42
30
18
19
20
32
33
34
22
21
22
23
35
47
59
71
83
95
107
119
131
143
144
132
120
108
96
84
72
60
48
36
24
12
11
10
9
8
7
6
5
17
16
4
3
15
14
2
1
13
25
37
38
26
27
28
40
41
29
22
4
114
133
21
58
143
75
41
98
19
104
51
130
80
69
129
49
54
61
104
8
100
31
115
61
27
95
1
64
45
15
30
106
40
29
139
126
73
57
67
55
128
93
128
68
85
138
140
5
84
36
16
88
94
11
32
92
141
35
95
58
84
117
30
118
70
141
26
85
24
7
10
42
131
76
111
46
120
19
48
120
23
53
10
135
93
20
122
29
27
9
89
6
98
96
28
44
91
39
52
64
117
54
136
87
100
35
50
125
59
134
81
97
67
63
123
90
131
6
28
59
123
14
88
26
71
132
113
56
69
17
138
33
115
105
96
15
38
63
72
4
66
13
43
111
81
143
80
135
18
22
101
130
92
78
25
127
2
23
103
42
46
142
126
102
56
34
65
97
78
107
75
119
36
33
40
53
109
144
125
37
17
129
72
20
11
121
44
2
34
55
124
14
86
83
140
109
12
110
116
1
132
87
57
7
79
137
62
89
60
71
82
106
118
82
79
83
102
43
86
134
68
77
91
127
41
76
18
5
3
60
47
121
62
3
50
51
24
112
142
52
108
99
12
103
108
8
144
107
114
124
101
94
45
74
48
70
113
90
112
25
21
49
74
47
119
99
16
136
137
122
39
38
66
110
77
9
139
13
37
31
105
133
116
65
73
32
142
40
4
57
104
140
128
3
117
134
56
129
9
91
60
52
53
39
13
77
76
79
20
65
88
20
89
52
34
133
12
22
66
131
70
70
72
40
46
5
94
23
132
53
59
83
7
126
64
75
62
129
69
55
21
46
135
89
84
63
58
112
84
42
29
81
77
123
24
65
91
19
18
82
142
38
5
32
111
94
97
54
139
11
93
35
133
68
114
118
2
10
115
139
1
101
102
97
108
95
45
96
106
116
85
12
69
112
49
7
62
11
25
119
92
136
119
124
50
30
122
103
144
18
50
15
61
42
8
19
115
121
57
63
111
71
48
120
87
98
33
120
35
130
6
60
15
37
39
26
23
137
131
108
124
27
67
41
130
17
29
41
80
78
113
25
37
86
143
28
74
92
109
98
144
14
126
2
100
51
81
47
10
28
128
74
140
76
125
138
75
141
43
127
141
118
88
67
56
99
114
138
30
55
49
16
6
26
127
44
85
90
96
90
95
134
104
4
58
109
135
17
113
24
132
43
45
106
1
22
110
59
71
78
13
137
9
64
136
100
83
21
34
105
143
33
38
105
93
73
47
103
82
116
8
73
31
68
99
80
61
66
32
107
102
79
122
107
36
101
48
123
121
54
14
27
87
110
3
44
16
72
125
31
86
117
51
36
1
13
25
26
14
15
3
2
1
13
25
37
49
61
73
85
97
109
110
111
123
135
136
137
138
139
140
128
129
141
142
130
131
132
120
108
107
119
118
117
116
115
127
126
114
102
103
104
92
80
81
69
68
67
79
91
90
78
66
65
64
52
51
50
38
39
27
28
29
17
5
4
16
28
40
41
42
43
55
54
53
41
40
52
53
54
66
65
77
89
101
113
125
124
112
100
88
76
75
87
99
98
86
74
62
63
75
87
88
100
101
113
114
102
103
104
105
93
94
106
118
117
105
93
81
82
70
58
57
56
44
45
33
34
46
47
35
23
22
21
9
10
11
12
24
36
48
60
59
71
83
95
96
84
72
60
48
47
46
34
33
32
20
8
7
6
18
19
31
30
29
17
16
15
27
39
51
63
64
76
77
89
90
78
79
67
55
43
42
30
18
19
31
32
20
21
22
23
35
36
24
12
11
10
9
8
7
6
5
4
3
2
14
26
38
37
49
50
62
61
73
74
86
85
97
109
110
98
99
111
112
124
123
122
134
122
121
133
121
133
134
135
136
137
125
126
138
139
127
115
116
128
140
141
129
130
142
143
144
132
144
143
131
119
120
108
107
106
94
82
83
95
96
84
72
71
59
58
70
69
57
45
44
56
68
80
92
91
144
143
142
130
118
106
107
95
83
71
72
84
96
108
120
119
131
132
120
108
96
84
83
82
94
93
81
80
68
67
55
54
53
65
77
78
79
91
103
115
114
113
125
126
138
137
136
135
123
111
112
124
136
137
138
139
140
141
129
117
116
128
127
115
116
104
105
93
92
80
79
67
66
54
42
43
44
45
57
58
59
47
46
34
35
23
22
21
9
8
20
32
31
19
7
6
18
17
29
41
40
28
27
26
25
13
1
2
14
15
3
4
5
6
7
8
9
10
11
12
24
36
48
60
72
71
70
69
68
56
55
43
42
30
29
41
40
39
38
50
62
63
51
52
64
76
75
74
73
85
86
87
88
89
90
102
101
100
99
98
110
122
134
133
121
109
97
85
73
61
49
61
62
74
75
87
86
98
97
109
110
122
121
133
134
135
123
124
112
111
99
100
101
113
125
126
114
102
103
104
92
91
90
89
88
76
77
78
66
65
53
52
64
63
51
50
49
37
25
37
38
39
27
26
14
13
1
2
3
15
16
28
16
4
5
17
18
30
31
19
20
21
33
34
35
23
22
10
11
12
24
36
48
60
59
47
46
45
33
32
44
56
57
58
70
69
81
82
94
106
105
117
118
130
129
128
127
139
140
141
142
143
144
132
131
119
107
95
3
113
99
78
72
110
59
108
50
42
35
63
46
112
140
61
82
128
33
5
53
115
97
107
9
27
63
18
115
119
142
113
141
102
119
4
71
117
17
15
114
6
22
4
12
71
110
48
120
123
123
22
100
58
139
37
21
51
89
57
134
131
144
138
116
59
127
16
1
11
8
124
95
19
3
143
144
17
54
106
87
40
43
7
25
139
81
124
97
92
83
46
77
96
72
75
34
80
125
82
90
9
69
131
122
67
40
118
51
32
20
117
76
64
33
107
136
122
2
98
109
81
88
135
135
91
49
86
125
86
143
35
11
28
1
56
99
94
21
130
28
129
60
58
31
67
108
93
127
47
138
26
75
31
85
130
70
29
92
62
64
74
6
109
57
8
2
101
141
50
36
24
30
38
133
55
104
29
73
70
140
56
10
87
100
45
42
89
38
36
53
116
44
41
114
74
45
66
52
101
118
20
47
16
54
5
104
121
105
65
30
60
7
83
52
37
112
19
43
78
137
126
68
77
80
23
12
66
14
76
105
39
111
27
68
62
134
103
18
13
84
24
88
90
111
98
121
132
133
79
14
129
142
48
128
84
106
41
44
55
96
32
91
85
126
49
132
25
95
69
102
93
79
103
13
120
94
73
137
10
61
136
23
26
65
15
39
34
76
123
102
16
92
106
134
63
39
115
26
86
49
73
62
108
32
5
33
119
70
135
36
8
27
119
29
58
91
30
55
117
101
30
43
120
3
139
114
67
90
128
64
124
27
118
118
131
24
59
39
90
61
144
57
127
80
45
9
12
58
69
140
137
46
116
13
34
142
68
19
142
98
46
138
4
44
136
20
122
81
100
128
23
100
80
54
70
129
101
112
83
2
85
56
76
126
28
109
33
53
55
79
72
8
87
74
5
95
88
89
60
13
42
10
82
4
28
96
125
71
56
107
49
79
50
10
139
41
67
12
110
64
109
85
130
129
59
104
21
68
44
104
18
103
1
126
81
18
35
144
3
38
138
7
11
52
91
17
99
127
47
42
2
24
95
22
15
88
69
108
40
50
93
143
106
57
103
73
36
71
137
20
6
135
132
62
65
11
131
9
38
93
37
31
133
115
75
48
32
83
123
22
107
16
78
141
29
35
113
98
89
51
72
19
114
94
102
77
92
86
65
52
111
66
61
23
45
117
112
140
121
15
75
43
14
84
116
51
78
124
111
60
133
82
26
125
99
136
54
105
122
87
1
96
121
14
17
66
143
105
25
41
94
113
132
21
31
84
120
97
48
7
6
130
53
74
77
47
110
40
37
25
34
141
134
63
97
12
11
23
35
34
22
10
9
8
20
19
7
6
18
30
29
17
5
4
16
28
27
26
14
15
3
2
1
13
25
37
49
50
62
63
51
52
40
41
42
54
55
67
68
56
44
43
31
32
33
45
46
47
59
60
48
36
24
12
11
10
22
21
33
45
57
58
70
69
81
82
83
95
96
84
72
71
70
82
94
93
105
106
118
130
131
119
107
108
120
132
144
143
142
141
129
128
140
139
138
137
125
126
127
115
114
102
101
100
99
111
123
135
136
124
112
113
114
115
116
117
105
104
103
91
92
80
79
78
66
65
64
76
77
89
90
102
101
113
112
111
110
122
134
133
121
109
97
85
73
61
49
37
38
39
40
28
29
41
53
52
64
63
75
74
86
87
88
100
99
98
86
98
110
122
134
133
121
109
97
85
73
61
62
74
75
87
88
76
77
89
90
78
79
91
103
104
92
80
68
69
81
93
94
106
118
117
116
128
127
126
125
124
123
135
136
137
138
139
140
141
129
130
142
143
144
132
131
119
120
108
107
95
96
84
83
71
72
60
59
47
48
36
24
23
35
34
46
58
57
56
55
67
66
65
53
54
42
30
18
19
31
43
44
32
20
21
9
8
7
6
5
17
16
4
3
15
14
2
1
13
25
26
27
39
51
50
38
133
134
135
136
124
125
137
138
139
140
141
142
143
144
132
131
119
120
108
107
106
105
93
92
104
103
115
114
102
90
78
77
76
64
63
75
87
86
98
99
111
110
122
121
109
97
85
73
61
49
50
38
37
25
13
1
2
3
4
16
15
14
26
27
28
40
41
53
54
55
43
42
30
29
17
18
19
20
21
9
8
7
6
5
4
3
15
27
39
51
52
40
39
51
63
62
74
75
76
88
100
101
89
90
91
79
80
68
67
66
65
77
89
88
87
99
100
112
113
101
102
114
126
127
128
116
117
129
130
118
106
94
95
96
84
83
71
72
60
59
47
48
36
35
23
24
12
11
10
22
34
33
32
44
45
57
69
81
82
70
58
46
34
33
45
44
56
57
69
81
93
94
95
96
84
72
71
83
82
70
58
46
47
59
60
48
36
35
23
24
12
11
10
22
21
9
8
20
32
31
43
31
30
18
19
7
6
5
17
16
28
29
41
42
54
53
52
64
65
66
78
79
67
55
56
68
80
92
91
103
115
127
126
125
113
112
111
123
124
123
122
110
98
86
74
62
50
38
26
14
2
1
13
25
37
49
61
73
85
97
109
121
133
134
135
136
137
138
139
140
128
129
141
142
130
131
143
144
132
120
108
107
119
118
117
105
104
116
4
42
115
59
24
36
3
10
132
144
90
80
9
80
1
63
103
101
46
97
61
118
48
19
112
97
83
127
126
109
28
108
69
20
77
17
120
144
72
63
128
35
6
86
68
91
36
38
129
104
17
140
125
84
123
25
119
134
93
10
14
136
89
23
76
67
102
33
56
81
1
24
32
55
143
71
140
55
4
18
5
95
69
112
19
124
75
47
56
52
22
66
83
107
71
33
111
137
58
89
22
114
129
99
26
54
123
116
138
114
70
87
138
62
120
88
57
30
143
39
39
7
102
65
35
5
85
25
108
53
77
137
94
78
41
99
12
42
15
44
6
78
38
29
82
81
44
131
65
136
134
68
49
66
2
37
105
62
54
115
27
117
45
53
103
85
59
117
58
8
122
121
75
29
12
88
70
94
76
135
16
28
141
141
26
142
111
13
40
52
86
128
73
113
73
31
43
37
9
47
46
82
104
133
50
139
139
41
40
92
106
16
14
32
48
118
124
130
116
43
31
27
91
2
51
142
50
51
109
95
64
98
74
110
7
30
110
49
135
34
74
72
119
130
3
125
13
15
21
107
126
45
79
67
101
60
79
84
106
98
105
87
64
21
18
11
122
127
92
96
20
131
8
133
93
11
60
90
113
34
61
100
100
96
121
132
23
57
98
85
97
27
58
96
47
118
93
45
76
130
59
60
53
68
92
89
55
50
87
42
119
111
95
25
18
39
112
78
136
85
9
91
40
22
82
2
1
38
22
70
47
129
141
115
3
46
71
56
57
41
84
59
101
41
17
52
117
11
97
31
123
114
74
124
115
126
9
29
55
120
86
19
129
34
43
89
143
13
135
67
49
14
118
50
104
44
7
63
65
110
112
33
74
83
98
52
42
78
133
44
73
91
77
131
104
39
32
84
72
15
86
31
144
140
11
15
6
90
106
5
79
13
60
100
108
49
57
110
32
105
88
127
102
6
141
12
132
125
26
3
30
16
99
128
132
113
142
69
136
107
88
8
17
113
82
122
1
65
51
131
16
10
106
122
144
56
120
43
96
127
54
28
116
73
21
94
5
38
35
87
48
81
116
133
36
117
119
143
66
125
23
18
142
92
109
130
12
139
64
128
25
68
8
20
4
33
63
75
100
30
36
121
23
53
108
80
7
103
26
124
70
79
90
54
138
35
80
62
77
19
101
21
95
72
62
4
137
24
66
58
114
46
111
105
71
134
76
109
83
20
140
27
138
67
139
123
93
51
134
37
107
34
48
103
40
28
121
137
45
102
14
69
99
126
75
64
135
10
2
24
61
29
94
61
81
37
