##Rat 1 Day 25
 ##rewards
19
32
98
##Vertices
1
2
14
13
25
26
38
37
49
50
51
39
40
52
64
63
62
61
73
85
86
74
75
87
99
111
112
124
125
113
101
89
77
76
88
100
99
98
97
109
110
122
121
133
134
135
136
137
138
139
127
126
114
102
90
91
79
67
55
54
42
43
44
45
57
69
68
80
81
82
94
93
105
106
107
95
96
108
120
132
144
143
131
119
118
117
129
130
142
141
140
128
116
104
92
91
103
115
114
102
103
115
116
104
92
80
81
69
70
71
59
47
35
23
22
21
9
8
20
19
31
32
33
34
46
58
57
56
44
45
46
58
70
82
83
84
72
60
48
36
24
12
11
10
9
8
7
6
5
17
18
30
29
28
27
15
3
4
16
28
27
39
51
63
64
65
53
41
29
30
31
32
33
21
20
19
7
6
18
17
5
4
16
15
3
2
1
13
14
26
25
37
38
50
49
61
62
74
73
85
86
87
75
76
77
65
66
67
68
56
55
43
42
41
40
52
53
54
66
78
79
78
90
89
88
100
101
113
112
111
123
124
123
122
110
98
97
109
121
133
134
135
136
137
125
126
138
139
127
128
140
141
129
130
142
143
144
132
131
119
120
108
107
106
118
117
105
93
94
95
96
84
83
71
72
60
59
47
48
36
35
23
24
12
11
10
22
34
144
132
131
143
142
130
129
141
140
128
116
117
105
104
103
115
127
139
138
137
125
126
114
113
112
111
99
98
86
87
88
89
90
102
101
100
112
124
136
135
123
122
134
133
121
109
97
85
73
61
62
74
75
76
77
65
66
67
68
80
81
69
57
45
44
43
55
54
42
30
29
41
40
28
16
17
5
4
3
2
1
13
14
15
27
39
38
26
25
37
49
50
51
52
53
65
64
63
75
76
64
63
51
52
53
54
42
43
31
19
20
21
22
23
35
47
48
60
59
71
70
58
46
34
33
32
44
56
57
45
33
32
31
30
18
6
7
8
9
10
11
12
24
36
48
60
72
84
96
95
83
82
94
106
118
119
120
108
107
106
118
117
116
115
103
91
92
93
94
82
70
58
46
47
59
71
72
84
83
95
96
108
107
119
120
132
144
143
131
130
142
141
129
128
140
139
127
126
138
137
125
113
114
102
90
91
79
67
55
56
68
69
81
93
105
104
92
80
79
78
66
78
77
89
101
100
88
87
99
111
110
98
110
122
123
124
136
135
134
133
121
109
97
85
86
74
73
61
62
50
49
37
38
26
25
13
1
2
14
15
3
4
16
28
27
39
40
41
29
17
5
6
18
19
7
8
20
21
9
10
22
23
11
12
24
36
35
34
82
19
114
94
42
64
66
4
6
90
76
103
103
91
120
68
115
113
22
80
96
17
59
114
105
18
32
61
28
25
95
130
97
52
5
4
113
121
140
29
135
16
91
112
124
85
16
100
110
134
48
63
13
129
124
89
47
13
2
42
75
132
131
136
38
51
58
62
33
6
87
62
21
127
140
112
50
39
129
59
74
72
128
81
44
61
3
88
122
101
26
130
99
43
131
79
101
125
89
143
39
14
34
15
45
118
11
35
7
22
100
57
63
48
7
137
139
122
85
144
96
69
128
67
90
33
99
132
31
10
139
66
8
107
24
57
84
65
136
109
41
10
74
133
49
29
15
92
56
28
116
115
127
34
98
76
23
52
138
83
21
94
2
17
117
141
97
30
134
5
36
86
1
35
117
54
88
47
77
84
70
106
107
69
104
110
119
43
95
123
24
80
31
67
71
121
49
138
14
70
79
23
81
73
116
119
37
45
83
123
60
68
104
144
126
98
1
108
38
77
58
20
32
46
36
75
92
20
44
9
93
102
55
93
125
40
105
56
133
25
53
11
137
64
86
54
108
19
143
111
60
102
135
109
71
78
46
141
73
142
111
26
65
27
40
3
51
41
87
120
118
30
50
12
12
126
53
142
82
9
37
106
18
78
8
55
27
72
74
130
55
77
66
11
126
97
116
123
67
84
93
143
106
135
68
89
38
73
48
61
142
27
21
93
78
1
79
129
122
37
107
82
18
16
2
28
140
53
112
92
127
80
12
108
19
17
31
42
1
141
57
144
134
22
40
105
96
86
8
63
98
64
116
90
36
51
67
62
68
71
104
99
66
124
144
36
140
10
65
133
83
99
52
75
25
83
34
14
111
137
8
45
30
125
4
128
110
2
102
32
59
44
101
85
103
9
120
37
29
39
29
81
65
59
132
95
109
20
76
64
75
55
73
115
91
71
121
76
118
124
41
107
96
120
122
54
58
141
17
87
94
113
119
60
62
57
72
35
128
26
23
11
95
24
121
9
7
70
80
52
49
33
138
18
102
34
131
50
143
114
43
58
25
6
47
119
13
123
7
27
82
114
117
70
100
139
23
78
42
92
125
133
30
5
79
84
88
38
21
138
97
129
46
15
51
113
104
81
28
91
12
69
13
110
90
86
87
3
134
56
20
22
63
40
105
127
60
16
130
108
118
10
32
14
106
132
45
98
26
137
117
41
135
56
100
126
6
131
89
46
109
50
88
39
139
136
35
43
69
111
44
101
31
15
74
54
33
142
85
53
47
61
77
5
94
72
3
136
19
48
115
112
49
24
4
103
12
24
36
48
47
35
34
22
23
11
10
9
8
7
19
20
32
33
21
9
8
20
32
31
30
18
17
29
28
16
4
5
6
7
19
31
43
42
54
66
67
68
69
81
82
94
93
105
106
118
117
129
130
131
119
120
132
144
143
142
141
140
139
138
137
136
135
134
133
121
109
110
122
123
111
99
100
88
76
77
89
90
91
92
80
79
78
90
102
101
113
125
124
112
113
114
115
116
104
103
102
114
126
127
128
140
141
129
117
118
106
107
108
96
84
83
95
94
82
70
58
59
60
72
71
70
69
57
45
44
56
55
43
42
41
53
65
64
63
75
74
62
61
49
50
51
52
40
39
38
37
25
26
14
15
3
2
1
13
25
37
49
61
73
85
86
87
75
76
77
78
79
91
92
80
81
93
105
104
103
115
116
128
127
139
138
126
125
137
136
124
112
100
101
89
88
87
86
98
97
109
121
133
134
135
123
122
110
111
99
98
97
85
73
74
62
50
51
63
64
52
40
39
38
26
27
28
27
15
14
13
1
2
3
4
16
17
5
6
18
30
29
41
53
65
66
54
55
67
68
56
44
45
33
21
22
10
11
12
24
23
35
36
48
60
72
84
96
108
120
132
144
143
142
130
131
119
107
95
83
71
59
47
46
34
46
58
57
133
134
135
136
124
123
111
110
122
121
109
97
85
73
74
86
87
99
98
97
85
86
87
75
63
62
50
51
39
38
37
49
61
73
74
75
76
64
65
66
78
90
102
103
115
116
104
105
117
118
106
107
119
131
130
142
143
144
132
120
108
96
84
72
60
48
36
24
12
11
10
22
23
35
34
33
45
44
43
55
56
68
80
92
91
79
67
68
69
57
58
59
47
46
58
70
82
94
93
81
69
70
71
83
95
96
108
107
106
118
117
129
141
140
139
127
128
116
115
114
113
125
137
138
126
114
102
101
100
88
89
77
76
64
52
53
54
42
30
31
19
18
6
5
17
29
41
40
28
16
4
3
15
14
26
25
13
1
2
3
4
5
6
7
8
20
32
31
43
55
67
79
80
92
91
103
104
105
93
81
82
94
95
83
84
72
71
59
60
48
47
46
45
57
56
44
32
20
21
9
10
11
12
24
36
35
23
22
34
33
21
9
8
7
19
18
17
29
30
42
41
40
28
16
15
27
39
27
26
14
2
1
13
25
37
38
50
49
61
62
63
51
52
53
54
66
65
77
78
90
89
88
100
99
98
110
109
121
133
134
122
123
135
136
137
138
139
140
141
142
143
144
132
120
119
131
130
129
128
127
126
125
124
112
111
112
113
101
135
58
140
34
81
121
109
78
11
74
109
6
28
125
45
104
102
93
63
14
17
55
75
30
15
131
13
16
126
58
37
130
10
54
105
7
94
43
46
103
111
40
120
29
39
82
119
69
101
84
73
30
53
123
85
82
128
20
103
140
9
112
2
4
41
52
68
50
64
67
26
21
25
79
100
70
111
124
19
136
108
72
87
75
8
44
61
36
76
52
84
27
1
41
83
66
106
8
122
116
138
130
127
17
37
80
33
85
115
2
94
117
57
114
26
110
127
142
122
24
34
22
44
129
64
134
139
6
12
80
86
118
143
7
128
129
95
35
22
18
68
69
137
106
73
11
54
116
66
135
132
53
90
86
144
16
65
49
40
35
4
98
78
38
32
1
47
9
93
18
112
36
57
27
70
39
51
118
48
114
133
62
46
56
91
79
72
92
141
81
132
38
99
123
60
98
107
97
142
115
3
77
101
55
88
59
108
136
10
105
51
100
25
131
96
60
83
138
62
49
139
13
12
117
113
88
121
120
3
107
21
19
31
113
74
144
42
32
47
20
33
77
124
126
87
28
104
43
24
5
96
143
89
71
90
65
71
99
91
95
110
42
61
31
56
23
67
119
102
141
92
29
48
5
23
89
50
63
45
137
76
97
133
134
59
15
125
14
104
124
9
11
17
134
105
36
50
6
14
89
92
123
9
28
136
20
16
10
4
40
67
106
35
2
29
65
59
71
107
43
19
18
76
85
3
111
132
122
55
64
120
13
24
52
41
80
73
20
136
53
60
38
142
89
31
139
81
29
27
81
44
30
70
36
54
85
16
88
58
82
31
90
95
46
133
96
65
99
51
7
1
19
121
21
135
115
15
88
66
101
84
46
48
80
93
84
92
33
131
139
111
37
129
140
108
55
48
119
32
123
121
128
118
137
79
125
28
10
57
142
129
120
26
33
77
109
53
79
2
95
15
3
117
97
52
4
24
86
114
72
69
105
23
133
61
68
14
127
140
131
6
135
25
91
143
116
49
134
63
122
97
87
109
110
82
12
76
5
1
115
5
74
39
7
78
51
91
98
126
107
35
68
40
54
143
66
37
141
17
47
44
23
126
83
12
42
75
77
112
30
100
94
70
106
87
125
130
21
18
100
128
56
78
42
98
104
27
57
112
119
101
113
22
138
72
71
130
127
102
32
34
61
47
22
74
117
118
137
43
144
49
64
56
113
102
93
8
63
103
11
96
138
110
116
99
124
25
144
114
41
73
90
69
59
141
26
86
58
45
108
45
60
132
39
94
13
62
34
83
8
50
103
38
62
75
67
12
11
23
35
34
33
45
46
58
59
60
48
36
24
12
11
10
9
21
22
10
9
8
7
6
5
4
3
2
1
13
25
26
14
15
27
28
16
17
18
30
29
41
42
54
55
67
66
65
77
89
90
78
79
91
103
115
116
128
127
126
138
139
140
141
129
117
118
106
107
95
83
82
94
93
105
104
92
80
81
69
57
56
68
69
70
71
72
84
96
108
120
119
131
130
142
143
144
132
120
108
96
84
72
60
48
47
59
58
57
45
44
32
31
43
42
41
53
52
51
50
49
61
62
63
75
76
88
87
99
100
101
113
112
124
123
122
110
109
121
133
134
135
136
137
125
113
114
102
103
104
92
80
68
56
55
54
53
65
64
52
40
39
38
37
49
61
73
85
86
74
75
87
99
100
101
102
90
91
79
67
66
78
77
89
88
76
64
63
51
39
40
28
29
30
31
43
44
32
33
34
46
47
35
36
24
23
22
21
20
19
20
8
7
19
18
6
5
17
16
4
3
2
1
13
14
15
27
26
25
37
38
50
62
74
73
85
86
98
97
98
97
109
110
111
112
111
123
122
121
133
134
135
136
124
125
137
138
139
127
126
114
115
116
128
129
130
118
117
105
106
94
93
81
82
70
71
83
95
107
119
131
132
144
143
142
141
140
133
121
122
123
111
99
100
112
113
125
137
136
135
134
133
121
109
97
98
110
109
97
85
73
61
49
37
25
13
1
2
3
15
14
26
27
39
38
50
62
63
51
52
64
65
77
78
66
54
55
56
68
67
79
80
81
82
94
95
83
71
72
84
96
108
107
106
118
117
129
128
127
115
116
104
105
93
92
91
103
102
101
89
90
102
114
126
138
139
140
141
142
130
131
119
120
132
144
143
142
141
140
139
138
137
136
124
125
113
101
100
88
87
75
76
64
52
53
41
29
17
5
6
18
30
31
43
44
32
33
45
57
58
46
47
35
23
22
10
11
12
24
36
48
60
59
58
70
69
81
93
92
91
90
89
77
65
53
54
42
41
40
28
16
4
5
6
7
8
20
19
31
32
33
45
57
69
68
80
79
78
66
67
55
56
44
43
42
30
29
28
40
39
51
63
75
76
88
87
99
111
112
124
123
135
134
122
110
98
86
74
86
85
73
74
62
61
49
50
38
37
25
13
1
2
14
26
27
15
3
4
16
17
18
19
7
8
20
21
9
21
9
10
22
34
46
34
35
23
11
12
24
36
48
47
59
60
72
84
83
71
70
82
94
95
107
119
118
106
105
117
116
104
103
115
114
126
127
128
129
130
131
143
144
132
120
108
96
25
142
11
45
85
91
2
58
143
79
135
126
87
106
114
96
64
78
47
120
132
21
78
7
92
84
63
95
13
103
71
70
79
116
88
86
121
43
14
133
110
92
127
41
73
25
74
100
62
96
115
106
33
112
26
81
97
77
115
6
65
107
6
40
16
9
139
74
138
120
52
31
139
24
101
44
55
131
9
85
72
80
99
89
42
105
76
77
83
39
87
86
41
68
33
44
82
122
38
71
122
36
143
40
19
90
62
132
137
47
34
23
21
57
30
32
76
129
3
104
8
121
103
72
73
10
3
67
116
110
64
29
20
108
70
59
67
12
123
109
144
119
104
48
50
26
98
38
102
7
27
22
51
12
17
59
117
80
124
114
29
1
97
46
99
53
60
28
75
125
140
53
128
135
136
57
111
66
54
140
108
55
98
118
60
128
119
56
15
129
66
16
125
42
5
144
111
31
4
118
46
36
117
101
19
81
84
137
20
113
112
69
134
50
127
51
28
94
32
82
91
93
37
126
8
130
133
30
141
17
27
4
61
49
5
123
10
18
14
45
94
23
35
56
37
130
109
24
68
18
93
65
13
15
141
35
43
48
54
105
89
124
100
49
142
90
134
102
11
83
138
95
22
113
75
107
2
1
52
69
39
58
61
131
136
34
63
88
134
32
73
17
46
57
143
107
62
6
94
70
15
140
130
134
95
103
24
119
121
24
53
81
144
50
141
9
31
101
106
86
123
116
44
19
49
129
4
96
21
113
111
135
108
61
105
124
109
97
107
99
102
83
131
143
105
60
74
36
137
30
104
9
89
125
113
10
8
85
3
75
19
127
34
38
106
43
69
130
76
29
116
100
26
85
104
41
142
109
61
52
92
7
88
44
115
87
54
141
76
49
138
32
13
28
60
100
120
66
37
75
54
117
71
67
136
80
86
48
50
131
74
67
94
5
133
91
78
84
128
45
20
90
96
133
66
23
11
40
142
70
35
132
58
65
137
82
20
98
63
84
47
28
52
14
23
144
92
114
117
57
13
132
97
26
42
40
99
138
91
90
108
21
41
93
34
25
16
114
35
39
33
101
77
72
18
36
79
126
27
38
2
56
47
3
102
22
62
127
83
121
140
64
25
115
71
48
123
98
73
51
119
81
1
18
2
79
53
12
45
77
12
126
124
17
59
15
6
93
110
42
64
5
63
87
33
56
135
10
51
111
112
8
118
14
128
118
65
72
129
59
112
31
68
95
55
4
136
80
58
122
46
55
69
110
43
7
29
125
139
37
88
30
89
39
16
11
1
103
27
22
68
82
120
78
139
122
