##Rat 7 Day 37
 ##rewards
62
51
129
##Vertices
12
24
36
48
47
59
60
72
84
96
108
120
132
144
143
131
130
142
141
129
117
105
104
92
93
81
82
70
69
68
67
55
43
42
30
31
32
20
21
33
34
22
23
11
10
9
8
7
6
5
17
16
4
3
2
1
13
25
37
38
26
14
15
27
39
40
52
53
65
77
76
64
63
51
50
62
74
86
98
97
85
73
61
49
37
25
26
27
28
29
41
40
28
29
30
18
19
31
43
44
45
57
56
68
80
79
91
90
78
66
54
55
56
44
32
33
45
46
58
57
69
70
71
83
95
94
106
107
119
118
117
116
128
140
139
127
126
138
137
125
124
136
135
123
122
134
133
121
109
110
111
99
87
88
100
101
102
103
115
114
113
112
111
99
100
88
89
101
102
103
104
116
128
140
139
138
126
127
115
114
113
112
124
125
137
136
135
123
122
134
133
121
109
110
98
97
85
86
87
75
76
75
63
62
74
73
61
49
50
38
39
51
52
64
65
53
41
42
54
66
67
79
78
77
89
90
91
92
80
81
82
83
71
59
58
46
34
35
47
35
23
22
21
20
19
18
17
16
15
14
13
1
2
3
4
5
6
7
8
9
10
11
12
24
36
48
60
72
84
96
95
107
108
120
119
131
132
144
143
142
141
129
130
118
106
105
93
94
1
2
14
26
27
15
3
4
5
17
18
6
7
19
31
32
20
8
9
21
33
34
35
23
22
10
11
12
24
36
48
60
59
71
70
58
57
45
44
43
55
54
66
65
53
41
42
30
29
28
40
39
38
50
49
37
25
13
1
2
3
15
16
28
40
52
51
63
64
76
75
74
86
85
73
61
62
63
75
87
88
100
99
111
123
122
110
98
97
109
121
133
134
135
136
124
125
137
138
139
140
128
127
126
114
115
103
104
105
106
118
130
142
141
129
117
116
115
114
113
112
100
101
102
90
89
77
78
79
67
68
69
81
80
92
91
103
104
116
117
118
119
131
143
144
132
120
108
96
84
72
60
48
47
46
45
33
32
44
56
57
69
70
82
83
95
94
93
105
106
107
95
107
119
131
143
144
132
120
108
96
84
72
71
83
82
94
93
81
80
92
91
79
78
90
102
101
89
77
65
64
76
88
87
99
111
112
113
125
126
127
128
129
130
142
141
140
139
138
137
136
124
123
135
134
133
121
122
110
109
97
98
86
85
73
74
62
61
49
50
38
37
25
13
14
26
27
39
51
52
53
54
66
67
68
56
55
43
31
19
18
30
42
41
29
17
16
4
5
6
7
8
20
21
9
10
22
23
11
12
24
36
35
34
46
58
59
47
25
40
95
28
109
54
63
22
121
48
19
114
11
96
31
110
128
64
141
101
113
142
16
108
109
24
99
93
39
63
117
133
17
8
46
7
14
104
130
89
84
104
123
12
64
125
126
86
7
20
52
60
39
13
55
115
1
2
74
18
17
99
53
94
4
62
131
72
9
3
67
141
107
132
92
112
34
102
103
96
97
38
41
138
127
116
62
93
89
94
10
29
37
21
95
40
75
41
78
120
8
26
79
122
120
13
43
111
66
27
136
133
132
106
82
36
117
134
56
137
48
57
67
23
44
129
123
16
129
6
137
49
69
6
49
116
81
44
5
114
73
65
65
85
1
59
11
71
144
58
108
51
54
66
119
77
58
24
131
79
70
81
97
130
98
125
10
12
77
134
3
26
127
80
68
43
100
38
124
47
68
135
87
56
45
74
88
87
50
42
118
61
45
105
126
5
142
119
118
135
140
31
32
124
32
101
107
103
34
73
33
2
83
35
105
42
46
14
21
15
75
19
30
88
53
33
52
4
50
102
9
51
90
18
82
143
139
57
98
23
115
25
59
29
35
100
72
110
71
78
27
143
76
91
69
92
113
136
55
83
86
122
76
121
106
47
30
28
84
85
144
91
15
36
140
70
60
138
22
80
37
90
128
111
61
112
139
20
37
102
130
51
99
3
53
72
127
54
79
65
58
127
58
138
83
36
84
122
94
40
134
115
66
26
100
128
52
85
110
93
40
5
36
48
140
60
109
78
81
47
42
104
67
65
115
113
85
59
116
136
31
77
108
132
27
84
61
90
88
2
51
70
55
124
1
128
71
42
135
67
15
101
70
113
122
22
8
102
143
25
121
62
139
98
118
43
106
33
14
124
92
139
18
136
130
114
135
111
82
4
23
120
91
117
50
18
105
107
129
141
137
117
68
39
64
143
61
132
41
69
38
14
105
30
125
8
39
79
6
2
10
116
28
35
48
19
134
83
75
95
60
141
98
7
142
133
89
47
86
11
15
12
46
119
129
101
9
45
17
19
56
27
56
95
16
43
74
81
82
32
11
50
80
131
94
142
66
87
22
29
73
86
96
54
112
106
3
76
20
45
144
63
100
97
109
57
88
55
103
112
97
30
123
144
64
118
96
20
29
73
111
10
13
31
140
33
74
90
110
107
49
123
91
92
87
133
62
76
52
46
77
63
49
38
24
119
80
12
57
37
75
16
5
41
25
4
34
93
7
6
99
53
35
126
78
44
28
21
71
120
17
44
68
9
1
34
23
21
114
13
26
108
137
131
59
121
24
32
89
126
72
125
103
104
138
69
133
121
122
123
111
110
109
97
85
86
74
73
61
62
63
51
50
49
37
38
39
27
15
14
26
25
13
1
2
3
4
5
17
18
30
29
41
40
52
64
65
77
78
90
89
88
76
75
87
99
100
112
124
125
137
136
135
134
133
121
109
110
98
99
100
101
113
114
102
103
115
127
128
140
139
138
126
114
115
116
104
105
117
118
119
131
130
129
141
142
143
144
132
120
108
107
95
96
84
72
60
59
71
83
82
70
69
57
45
33
34
35
36
48
47
46
58
70
82
94
106
105
93
81
80
92
91
79
67
66
54
42
43
55
56
68
69
57
58
46
34
22
23
24
12
11
10
9
8
7
6
5
4
16
28
40
39
51
52
53
41
42
30
31
19
20
32
44
45
33
21
20
21
22
23
24
12
11
10
9
8
7
6
18
19
31
32
44
43
55
56
68
67
79
80
81
93
92
91
90
102
103
104
116
117
118
106
94
95
83
71
59
47
35
36
48
60
72
84
96
108
107
119
120
132
144
143
131
130
142
141
129
128
140
139
127
126
138
137
125
124
136
135
134
122
123
111
112
113
101
89
77
78
66
54
53
65
64
63
62
74
75
76
88
87
86
98
97
85
73
61
49
50
38
37
25
26
14
13
1
2
3
15
27
28
29
17
16
144
143
131
119
118
130
142
141
140
128
127
139
138
126
114
113
125
137
136
124
112
111
110
122
123
135
134
133
121
109
97
85
86
74
75
87
88
100
101
102
90
91
79
80
92
104
103
115
116
117
105
106
107
95
96
108
120
132
144
143
142
130
129
117
105
93
94
82
81
69
70
71
59
60
72
84
83
82
70
58
57
45
46
34
22
23
35
47
48
36
24
12
11
10
9
21
20
8
7
6
5
17
18
19
31
30
42
41
40
39
27
15
3
4
16
28
29
30
31
32
33
45
44
43
55
56
68
67
66
78
77
76
64
65
53
54
42
41
29
28
27
26
14
2
1
13
25
37
49
61
73
85
97
98
99
100
112
113
101
89
88
76
75
63
62
50
51
52
40
39
38
50
38
26
14
2
1
13
25
37
49
61
73
74
62
63
51
52
64
65
53
54
66
67
55
43
44
56
68
80
81
69
57
58
46
34
33
32
20
19
18
17
16
15
3
4
5
6
7
8
9
21
22
10
11
12
24
23
35
36
48
47
59
60
72
71
83
84
96
95
107
108
120
132
131
119
118
106
94
93
92
91
79
78
77
89
90
102
114
126
127
115
103
104
116
128
129
141
140
139
138
137
125
124
136
135
123
122
134
133
121
109
110
111
99
87
86
98
118
60
20
60
104
37
64
32
41
72
66
115
34
75
128
39
115
103
85
33
13
111
95
14
66
48
101
92
92
58
24
100
50
75
69
35
109
137
50
123
16
65
97
17
68
27
139
29
119
86
56
99
94
127
131
112
87
41
93
13
27
26
22
73
46
83
134
72
42
71
71
99
54
54
133
125
18
24
4
68
12
28
136
87
117
117
133
122
90
70
48
74
96
12
97
33
31
49
118
9
40
119
140
36
95
141
79
52
80
139
29
96
59
47
89
144
11
116
120
101
109
121
131
10
130
123
49
8
6
84
7
108
85
81
3
80
107
88
51
20
9
100
105
107
78
25
39
74
43
16
19
4
125
62
105
44
110
43
17
6
19
138
70
91
59
129
79
124
134
45
63
61
104
82
55
140
38
132
135
76
102
86
94
28
26
142
141
5
8
5
3
132
32
130
35
127
65
129
98
15
1
76
21
67
88
103
122
64
31
62
14
47
11
10
42
55
106
110
77
7
120
23
142
67
25
15
135
63
40
37
52
1
90
69
2
116
30
84
83
61
98
44
126
136
51
126
22
82
138
53
108
38
113
128
143
73
53
124
102
30
78
112
114
34
137
58
89
2
113
77
143
144
93
56
23
111
81
18
91
106
57
57
114
21
46
121
45
36
39
57
101
103
87
90
122
111
10
143
63
19
118
34
58
24
46
92
128
9
8
93
130
57
49
87
67
121
89
47
78
36
97
81
96
29
122
137
35
144
77
1
84
112
17
53
71
5
73
27
18
60
88
107
100
39
48
93
23
121
136
41
76
124
6
37
116
13
44
33
117
59
120
109
132
35
104
128
70
28
31
141
28
52
102
9
14
134
105
84
36
74
98
77
94
38
69
55
71
41
125
100
135
25
131
90
108
72
83
21
137
20
4
78
24
1
2
86
21
66
69
113
64
103
59
76
99
105
20
82
117
106
67
65
14
83
6
44
29
74
45
95
135
17
119
94
54
95
99
32
124
22
40
25
26
119
127
52
15
68
60
118
139
50
143
126
7
140
130
27
134
11
30
61
33
65
53
82
132
22
85
56
70
101
123
54
5
3
88
4
75
110
107
18
115
12
16
62
26
37
47
55
63
138
98
133
42
16
129
114
61
86
46
79
51
140
142
8
111
80
89
10
72
11
68
109
19
30
81
126
31
42
110
62
3
125
108
48
79
114
97
131
116
58
43
144
2
32
96
15
142
120
139
136
38
13
66
7
106
115
64
91
123
85
133
12
56
51
40
91
43
45
104
113
80
127
138
112
129
23
102
92
73
50
75
141
34
49
144
132
120
119
131
130
129
141
142
143
144
132
120
108
96
84
72
60
59
71
70
69
57
56
44
45
33
34
35
36
48
47
46
58
57
69
81
82
94
95
107
106
118
117
116
128
127
115
103
104
92
93
105
104
116
115
114
113
125
126
138
137
136
135
123
122
110
111
112
124
136
135
134
133
121
109
97
85
86
74
75
76
64
65
53
52
51
63
62
61
73
85
97
98
99
87
88
100
101
89
90
78
66
67
68
80
79
91
103
102
90
91
92
80
79
78
77
65
66
54
42
43
31
19
20
32
44
45
33
21
22
23
24
12
11
10
9
8
7
6
18
30
29
41
40
28
27
39
38
26
14
2
1
13
25
37
49
50
51
52
53
41
40
39
27
15
3
4
5
17
16
15
14
26
25
13
1
2
3
4
16
17
5
6
18
19
7
8
9
10
11
12
24
36
48
47
59
60
72
84
83
95
96
108
107
119
131
143
142
141
140
139
140
139
138
137
125
124
123
122
134
133
121
109
110
98
86
87
75
74
73
61
49
37
38
50
62
63
64
76
77
89
88
100
99
111
112
113
101
102
114
126
127
128
129
130
118
117
105
106
94
93
81
82
83
71
70
58
46
34
35
23
22
21
20
32
31
43
55
67
68
56
55
54
42
30
29
28
133
134
135
123
122
110
98
97
109
121
133
134
135
136
137
138
139
140
128
127
115
103
104
92
93
105
106
118
130
142
141
129
117
116
104
103
102
114
113
125
124
112
111
99
87
86
74
75
76
88
89
101
100
88
87
75
63
51
50
62
61
49
37
25
26
14
15
27
39
38
37
25
13
1
2
3
4
5
17
18
30
42
43
55
56
44
32
31
19
7
6
5
4
16
28
29
41
40
52
53
65
66
67
79
91
90
78
77
76
64
65
77
89
90
78
66
54
55
67
68
69
81
82
83
95
94
93
105
106
107
119
131
143
144
132
120
108
96
84
72
71
70
58
57
45
46
34
33
21
22
23
24
12
11
10
9
8
20
32
44
56
57
45
33
34
35
36
48
60
59
47
35
23
22
10
11
12
24
36
48
47
59
60
72
71
83
84
96
108
120
132
144
143
142
141
129
128
140
139
138
126
125
137
136
124
123
122
121
109
97
85
73
85
73
61
49
50
38
26
14
13
1
2
3
15
16
17
29
30
18
6
7
8
9
21
20
19
31
43
42
54
53
41
40
28
27
39
51
52
64
63
62
74
86
98
110
111
99
100
112
113
101
102
114
126
127
115
116
117
118
130
131
119
107
95
94
82
81
80
79
91
92
80
68
69
70
58
46
117
110
8
96
50
84
55
130
115
45
124
27
122
105
31
98
114
20
17
138
5
43
120
13
124
122
109
91
15
33
140
108
21
61
77
85
85
54
23
38
54
80
15
129
131
97
103
127
12
9
99
58
111
65
143
86
118
119
76
141
68
74
118
44
74
96
137
68
88
9
123
43
34
25
144
10
144
6
64
53
101
60
126
73
53
58
135
7
35
36
63
133
7
130
39
72
28
25
35
92
142
134
113
41
112
57
100
65
128
40
117
79
70
116
5
138
52
71
55
66
106
4
86
75
45
14
128
19
36
16
72
29
115
4
26
121
3
136
102
13
8
78
98
94
46
83
113
59
90
67
17
87
107
63
92
104
61
106
71
3
104
123
83
143
62
134
49
29
30
78
108
16
139
37
81
2
107
66
119
127
30
38
121
69
125
32
105
93
81
120
89
42
39
67
32
103
132
73
56
90
37
24
62
12
97
22
31
18
59
114
69
126
82
132
135
33
24
10
56
91
88
23
133
125
84
51
112
27
14
52
42
101
95
60
20
102
34
82
77
11
40
64
18
57
136
76
1
131
140
41
141
95
99
50
21
110
94
49
48
47
109
19
44
48
2
100
80
1
89
6
51
111
26
79
46
129
22
93
75
142
47
139
11
116
87
70
28
137
27
52
21
34
118
20
117
24
69
41
23
64
127
18
52
37
115
21
104
132
58
101
7
113
134
19
2
114
11
27
68
72
75
62
45
65
116
99
82
105
93
56
90
135
3
59
61
39
86
92
130
141
107
104
76
17
70
122
8
77
81
49
46
41
3
128
32
129
26
96
45
100
20
47
111
22
95
14
33
43
65
43
66
113
57
133
139
88
115
91
53
6
47
49
80
24
35
50
143
60
124
71
102
66
144
11
91
38
50
103
78
106
130
90
110
140
122
118
89
87
85
98
136
55
83
105
74
59
79
17
84
5
73
29
48
62
119
64
51
109
36
72
124
30
111
102
12
97
23
137
25
109
58
9
42
138
34
4
6
131
13
67
85
112
125
128
31
138
37
14
67
87
8
79
93
44
4
54
139
9
19
18
1
106
32
13
29
117
121
131
61
25
33
119
70
143
16
84
7
97
76
142
77
110
120
15
1
51
2
120
31
121
98
63
116
144
108
134
89
68
142
40
135
103
94
136
141
28
101
94
126
44
71
5
28
63
125
80
40
83
12
92
10
88
95
16
22
56
38
10
39
69
100
36
75
133
129
53
42
132
73
82
60
99
81
86
96
30
123
112
123
107
127
48
35
137
54
26
114
78
126
55
46
57
15
140
108
74
