##Rat 3 Day 13
 ##rewards
127
116
38
##Vertices
144
143
142
130
129
141
140
128
116
115
103
91
79
78
77
65
53
41
42
43
44
45
46
58
57
69
68
80
92
93
94
82
81
69
70
71
83
84
72
60
48
47
35
23
24
12
11
10
22
34
33
21
9
8
7
6
18
17
16
15
27
28
40
39
38
50
62
61
49
37
25
26
14
2
3
4
5
6
7
19
31
32
20
8
9
10
22
21
20
19
31
30
29
28
27
39
51
52
64
63
75
74
73
85
86
98
97
109
121
133
134
135
136
124
112
113
125
126
127
139
138
137
136
135
123
122
110
111
99
100
101
102
90
89
88
76
75
87
88
89
101
113
114
102
90
78
66
67
55
56
68
67
79
91
103
104
105
117
118
106
107
95
96
108
120
119
131
132
120
108
107
119
118
130
131
132
144
143
142
141
140
128
129
117
105
106
94
93
81
80
92
104
116
115
114
126
127
139
138
137
125
124
123
111
112
100
99
87
86
98
110
122
134
133
121
109
97
85
73
74
62
61
49
50
38
37
25
26
14
13
1
13
1
2
3
15
16
4
5
17
18
30
29
41
40
52
51
63
64
76
77
65
66
54
53
54
42
43
55
56
44
32
33
45
57
58
70
82
83
95
96
84
72
71
59
60
59
47
46
34
35
36
48
36
24
12
11
23
12
24
36
35
47
48
60
59
58
70
69
68
67
79
91
90
89
88
76
64
52
40
28
29
41
42
54
55
56
44
32
31
43
42
30
18
19
7
6
5
4
16
15
14
2
1
13
25
26
27
39
38
37
49
61
73
74
86
98
110
111
99
100
112
124
125
126
138
137
136
135
123
122
121
109
97
85
73
61
62
63
51
50
49
37
25
26
38
50
62
63
75
87
99
111
112
113
101
102
114
115
127
139
140
128
129
141
142
143
144
132
120
108
107
106
94
95
83
71
72
84
96
108
120
119
131
130
118
117
105
93
81
80
92
104
103
115
116
104
92
93
94
82
81
80
79
78
66
65
53
54
66
67
68
69
57
45
46
34
33
21
20
8
9
10
22
23
11
10
9
21
22
34
35
23
11
12
24
36
48
60
59
47
46
45
33
32
44
43
55
56
57
58
70
82
83
71
72
84
96
95
107
119
118
106
105
117
116
128
129
130
131
132
144
143
142
141
140
139
127
126
138
137
125
124
136
135
123
122
134
133
134
133
121
109
110
98
97
85
86
74
75
87
88
100
101
113
114
102
103
91
90
78
77
89
77
76
64
65
53
52
51
39
40
41
29
30
31
19
20
8
7
6
18
17
5
17
16
28
27
15
3
4
3
2
1
13
14
6
107
37
2
72
57
65
144
119
106
77
72
131
17
88
32
112
71
40
103
109
102
33
64
99
123
90
129
43
142
65
115
67
44
117
49
70
144
127
125
66
47
98
69
5
128
17
83
124
19
14
1
143
91
27
49
26
7
139
48
36
54
60
70
137
69
31
135
107
59
19
18
45
52
13
78
23
104
93
12
114
136
27
42
133
43
7
77
60
102
125
76
28
50
42
95
24
133
94
61
64
101
24
40
44
53
12
67
1
55
21
90
15
9
113
109
138
16
108
104
131
74
140
75
136
28
132
62
123
126
106
35
119
122
130
50
32
15
4
116
51
6
39
141
111
73
23
101
11
56
80
66
98
85
100
56
85
79
120
105
138
47
115
84
29
29
97
99
141
74
8
139
120
114
33
62
10
87
38
55
121
88
113
86
87
116
16
105
68
3
126
111
91
82
41
46
117
58
95
59
84
61
118
34
135
63
5
31
13
51
48
130
97
96
21
110
140
37
11
46
92
118
108
121
30
22
110
57
103
81
63
86
124
73
25
14
45
10
4
122
79
81
34
134
20
36
92
18
52
41
2
38
129
134
83
142
9
82
22
112
137
30
58
94
54
71
78
20
25
100
53
3
35
39
75
128
68
89
89
132
76
143
80
93
96
26
127
8
140
121
34
108
105
8
123
135
63
27
47
5
2
15
66
29
49
26
107
10
43
45
17
128
102
62
46
26
143
13
83
79
112
14
21
118
80
16
101
27
3
30
131
38
91
123
97
25
124
86
69
95
59
83
111
74
2
142
95
93
94
28
68
19
6
18
68
106
41
114
103
39
100
5
139
107
93
32
65
65
54
59
136
72
105
47
35
131
64
108
78
57
58
114
44
82
60
10
25
127
48
102
55
4
121
61
41
130
116
52
143
75
16
133
22
138
45
117
8
129
19
81
30
53
101
36
82
18
125
87
71
73
77
31
128
78
122
137
14
24
88
44
75
58
23
139
9
52
7
35
127
144
57
112
31
20
97
33
43
85
42
39
6
28
140
126
109
12
46
94
63
91
141
49
119
67
96
71
89
34
134
103
109
125
113
12
9
81
76
92
142
62
80
29
84
11
36
66
22
50
113
135
116
24
129
126
98
136
117
37
40
4
120
3
98
15
79
118
137
104
51
115
51
69
72
32
111
89
54
37
23
99
119
122
21
55
13
132
70
104
141
85
110
120
11
56
144
33
90
53
106
100
133
7
124
90
74
42
99
38
77
1
17
87
50
138
56
67
76
130
61
60
110
88
1
86
96
92
84
73
64
40
48
132
115
20
134
70
1
13
25
37
49
50
51
63
62
61
73
74
75
76
77
65
64
52
40
39
38
26
14
2
3
15
27
28
29
17
5
4
16
28
29
30
31
43
42
41
53
54
55
67
66
78
79
91
103
104
105
93
92
80
81
82
94
95
83
84
96
108
120
119
107
106
118
117
129
141
142
143
131
130
142
141
140
128
116
115
127
126
125
124
136
137
138
139
140
128
129
117
116
104
105
106
94
82
70
71
72
60
48
47
59
58
46
45
44
56
68
69
57
45
33
32
20
19
18
6
7
8
9
21
22
10
11
23
24
36
35
34
33
32
44
43
42
41
40
52
51
63
64
76
88
100
112
113
114
102
90
89
101
113
112
111
99
87
86
98
97
109
110
122
121
133
134
135
123
111
99
98
110
109
121
133
134
122
123
135
136
124
125
137
138
139
127
126
114
115
103
91
92
93
81
80
68
56
55
67
79
78
66
54
53
65
77
89
90
102
101
100
88
87
75
74
86
85
97
85
73
61
62
50
49
37
25
26
38
39
27
15
14
13
1
2
3
4
16
17
5
6
18
30
31
19
7
8
20
21
9
10
22
23
35
34
46
47
59
58
57
69
70
71
83
95
107
119
118
130
131
132
144
143
144
132
120
108
96
84
72
60
48
36
24
12
11
12
133
134
135
136
137
125
113
114
126
138
139
127
115
103
91
90
102
101
100
112
124
123
122
121
109
110
111
99
87
86
85
97
98
99
87
75
63
64
76
88
89
77
65
66
78
79
67
68
69
57
45
44
56
55
43
31
32
20
19
7
8
9
10
22
21
33
34
46
47
48
36
24
23
35
36
48
60
59
58
70
71
83
95
107
108
96
84
72
60
59
47
46
58
57
45
33
32
31
30
18
6
5
4
16
17
29
28
40
52
53
54
42
41
40
39
51
50
62
74
73
61
49
37
38
26
25
13
14
2
3
15
27
39
51
52
64
76
88
100
101
113
114
102
103
104
105
106
94
82
81
80
92
93
94
106
118
117
116
128
129
141
142
130
131
143
144
132
120
119
118
117
129
130
142
143
144
132
131
119
120
108
107
95
96
84
72
71
83
82
70
69
68
56
44
43
55
54
53
65
66
67
79
78
77
89
90
91
92
80
81
93
105
104
116
115
127
128
140
141
140
139
138
126
125
137
136
135
123
124
112
111
110
122
134
133
121
109
97
98
86
85
73
74
75
63
62
61
49
50
38
37
25
26
14
15
27
28
16
17
29
41
42
30
18
19
20
21
22
34
35
23
11
12
24
12
11
10
9
8
7
6
5
4
3
2
1
13
1
84
3
39
38
105
12
93
65
138
39
22
117
103
9
104
133
15
5
14
118
16
100
13
63
75
71
124
61
8
54
30
124
112
32
51
2
20
50
115
6
72
112
35
97
121
76
130
114
130
97
48
43
125
54
47
91
105
131
83
44
84
139
139
83
136
12
143
111
42
1
69
23
85
72
135
74
59
135
19
74
31
108
38
80
144
86
46
140
86
7
30
109
132
36
52
117
61
53
94
131
9
132
42
75
14
55
44
90
48
89
50
118
68
82
125
24
45
34
11
56
104
51
121
102
128
6
67
33
137
129
144
95
29
87
28
116
80
64
25
69
18
96
27
113
82
24
65
40
115
4
110
101
99
8
143
26
49
123
119
58
114
77
55
7
5
141
81
94
89
79
18
19
76
32
23
108
79
141
62
138
98
71
10
87
1
66
58
60
59
119
90
120
63
37
85
17
107
99
129
57
40
64
126
73
133
3
31
92
101
120
122
134
128
136
73
16
10
28
17
22
21
142
111
88
56
34
106
106
27
70
98
60
96
78
21
25
137
11
91
110
88
29
15
52
26
35
67
103
113
95
47
102
13
92
122
37
4
93
127
78
2
46
134
123
100
70
43
68
62
36
127
45
81
66
116
20
107
41
140
109
77
142
49
41
53
33
57
126
142
138
134
82
34
37
7
102
72
28
68
110
141
144
109
1
84
19
76
139
108
15
63
124
54
52
90
142
27
30
120
133
18
106
20
23
106
66
105
99
45
11
144
133
40
68
46
132
126
100
46
56
91
143
140
17
85
60
38
91
141
128
50
39
21
54
127
62
114
124
111
47
96
119
82
48
104
126
26
5
128
74
10
65
71
77
32
78
21
140
143
116
135
77
64
58
86
14
67
137
20
100
96
61
24
25
9
79
49
38
127
31
22
92
94
121
81
139
19
53
64
50
135
131
76
95
129
75
49
59
108
79
116
40
136
5
60
107
24
113
29
119
117
63
8
115
13
42
39
47
33
113
102
8
129
99
26
9
35
16
69
85
6
25
70
12
115
61
16
34
94
78
10
57
59
83
11
66
55
48
125
51
138
35
86
1
83
6
89
88
123
90
109
52
69
73
107
81
37
2
32
2
70
122
98
55
3
93
118
73
103
120
42
30
44
62
93
43
15
104
110
18
95
114
125
84
89
136
56
36
36
44
130
80
132
53
29
112
4
101
72
43
57
87
87
58
14
80
67
111
28
134
121
7
92
3
98
22
45
41
51
130
4
23
97
74
118
41
122
117
65
27
131
13
101
33
112
105
103
71
97
12
137
31
75
88
17
123
12
11
10
9
21
33
32
20
8
7
6
5
4
16
17
29
28
27
39
38
26
14
13
1
2
3
15
27
39
40
41
42
30
31
19
18
6
7
8
9
10
22
23
24
36
48
60
72
84
83
95
96
108
120
132
144
143
142
130
129
141
140
139
138
126
127
128
116
104
92
93
81
82
70
71
59
47
35
34
46
58
57
45
44
43
55
56
68
80
79
78
90
102
114
113
101
89
77
65
64
52
51
50
49
61
73
85
86
87
75
74
62
63
51
52
53
54
66
67
55
43
44
56
57
69
70
82
94
106
107
119
118
117
105
93
94
106
105
104
103
91
90
89
88
76
64
63
75
76
88
100
112
124
123
111
110
109
97
98
99
100
101
113
125
137
136
135
134
122
121
133
121
133
134
122
123
135
136
124
112
111
110
109
97
98
99
87
86
85
73
74
62
61
49
50
38
37
25
37
25
26
14
13
1
2
3
15
16
4
5
17
29
28
40
41
53
65
77
78
79
91
92
80
81
69
68
67
66
54
42
30
18
19
31
32
20
21
22
23
11
12
24
36
35
34
33
45
46
58
59
47
48
60
72
71
83
84
96
95
107
108
120
132
131
119
118
117
129
128
116
115
103
102
114
115
127
126
125
137
138
139
140
141
142
130
131
143
144
133
121
109
97
98
99
87
86
85
73
61
49
37
38
50
51
39
27
28
16
15
14
2
1
13
25
26
27
28
40
52
64
63
75
74
62
61
73
85
97
109
110
122
134
135
136
137
138
139
127
128
140
141
142
143
144
132
120
119
107
108
96
84
72
71
83
95
94
93
92
104
103
115
114
126
125
124
123
111
112
113
101
100
88
76
77
89
90
91
79
67
68
69
70
58
57
56
55
54
42
41
29
17
5
6
7
8
20
32
31
19
18
30
29
41
53
65
66
78
77
76
88
89
101
102
114
115
116
117
129
130
118
106
105
104
116
117
105
93
81
80
68
56
44
43
42
30
31
43
44
45
46
47
35
34
22
10
9
21
33
45
57
58
59
60
48
36
24
23
11
12
11
12
24
23
35
36
48
47
46
34
22
10
9
21
33
32
20
8
7
19
18
6
5
17
16
4
3
4
3
15
14
2
1
13
25
26
38
37
49
50
51
39
40
52
53
54
55
67
79
80
92
91
103
102
90
78
66
65
64
63
62
74
75
87
86
98
110
122
121
133
134
135
123
111
99
100
112
113
125
124
136
137
138
126
127
139
140
128
129
141
142
143
131
130
118
106
107
95
94
82
81
69
70
82
83
71
59
60
72
84
96
108
120
119
131
132
144
81
82
118
54
84
78
127
95
29
130
41
63
144
75
62
51
92
128
135
40
45
9
122
34
80
107
48
115
32
67
83
127
57
113
112
85
70
30
128
121
142
141
29
87
110
54
61
143
45
76
14
81
86
48
73
7
18
126
108
113
26
5
132
58
23
66
24
35
136
62
7
140
21
90
72
100
117
65
21
58
59
78
143
68
129
14
111
25
57
91
23
92
38
87
88
11
53
24
41
11
122
52
129
88
64
139
31
97
133
33
125
25
15
107
76
116
61
3
71
82
42
46
79
100
74
132
69
10
60
36
8
44
94
12
10
101
34
50
134
136
49
106
63
1
17
68
97
123
90
28
101
39
27
26
20
124
77
102
43
65
55
15
109
98
39
19
118
96
84
75
130
56
12
52
37
22
70
93
98
47
6
103
142
40
86
119
17
94
35
104
144
126
33
124
112
37
16
43
13
42
93
120
2
3
27
4
73
111
137
71
108
60
4
85
121
109
44
83
1
46
77
56
5
116
96
104
79
114
119
103
80
105
31
117
30
69
102
89
138
50
135
2
95
55
49
13
131
74
72
138
99
8
131
22
19
64
123
120
16
134
99
141
114
66
51
47
6
137
140
105
36
38
59
28
20
110
9
67
18
32
89
125
133
91
115
53
106
139
124
55
129
77
5
76
92
105
118
78
87
50
8
66
42
3
7
68
127
2
13
110
11
106
129
60
69
139
63
56
40
36
115
30
8
28
5
95
107
93
4
109
138
17
23
43
111
128
59
77
6
143
112
30
101
144
25
7
25
4
75
117
112
53
47
37
44
130
26
32
104
144
79
133
24
54
10
34
1
76
80
132
29
143
18
103
40
120
22
104
83
1
15
9
55
66
80
128
72
79
70
110
71
84
46
73
136
53
9
62
10
65
94
38
125
123
126
132
120
96
135
52
33
91
136
91
95
12
119
113
127
27
67
21
58
109
33
107
89
74
114
41
135
19
90
56
119
15
96
11
2
141
108
72
100
131
38
118
12
88
45
93
82
105
123
111
138
22
75
81
29
16
116
21
122
121
90
113
57
62
14
48
14
20
64
47
84
19
49
142
115
134
116
57
124
98
102
97
130
39
83
141
26
6
32
51
67
35
97
133
35
68
101
3
98
74
36
48
140
106
18
121
114
24
16
78
134
71
88
28
41
86
50
86
100
23
99
85
126
89
54
58
131
51
44
34
137
73
81
108
52
102
87
60
137
142
27
82
31
117
122
46
20
59
103
61
61
43
92
42
45
99
39
64
140
63
13
94
69
37
49
139
85
125
70
17
65
31
