##Rat 1 Day 39
 ##rewards
19
32
98
##Vertices
144
143
131
119
118
117
105
106
94
95
96
108
120
132
144
143
142
141
129
130
142
141
140
139
138
137
136
135
134
133
121
109
110
122
123
111
112
124
125
126
114
113
101
102
90
91
79
78
77
65
53
54
66
67
55
43
31
32
20
19
18
6
7
8
9
21
33
34
46
47
59
71
70
58
57
45
44
56
68
69
81
93
92
80
81
82
83
84
72
60
48
36
35
23
22
10
11
12
24
36
48
60
72
84
96
108
107
95
94
93
105
104
116
115
103
102
101
89
88
87
86
85
73
74
75
63
64
52
51
39
40
41
29
28
16
15
14
26
25
13
1
2
3
4
5
17
29
30
42
43
44
56
68
80
92
91
90
89
77
76
88
100
99
98
97
85
73
61
49
50
62
63
51
39
40
41
42
54
55
67
79
78
66
65
53
52
64
76
75
87
99
100
112
113
114
115
103
104
116
117
118
106
107
119
120
132
131
130
129
128
127
128
140
139
127
126
138
137
125
124
136
135
134
133
121
122
123
111
110
109
97
98
86
74
62
61
49
50
38
37
38
37
25
26
27
28
27
15
14
13
1
2
3
4
16
17
5
6
7
19
18
30
31
32
20
21
22
34
33
45
46
58
57
69
70
82
83
71
59
47
35
23
24
12
11
10
9
8
1
13
14
15
27
39
40
28
29
17
5
4
3
2
1
13
25
37
38
26
25
37
49
61
73
85
97
109
121
133
134
135
123
122
110
111
99
98
86
74
75
87
88
76
77
65
66
78
90
91
92
80
79
67
68
69
70
58
59
71
83
84
72
60
48
47
46
34
33
21
20
19
31
32
44
45
57
56
55
43
42
41
53
54
42
30
18
6
7
8
9
10
22
23
35
36
24
12
11
10
9
8
7
6
5
4
16
17
29
41
40
52
51
63
64
76
88
89
101
113
125
137
138
126
114
115
103
104
116
117
105
93
94
106
107
119
131
130
142
143
144
132
120
108
96
95
94
82
81
69
57
56
55
54
53
65
77
89
90
102
101
100
112
124
136
137
138
139
140
128
127
115
116
117
105
93
81
80
68
67
66
78
79
91
92
104
103
102
114
113
112
100
99
87
75
63
64
52
51
39
27
28
16
15
3
2
14
26
38
50
62
50
49
61
62
74
73
85
86
98
97
109
121
133
134
122
110
111
123
135
136
124
125
126
127
139
140
128
129
141
129
141
142
130
118
106
118
119
131
143
144
132
120
108
107
95
96
84
72
71
83
82
70
58
59
47
35
34
46
45
33
32
44
43
31
30
18
19
20
21
22
23
11
12
24
36
48
60
51
1
24
48
94
98
123
137
79
104
35
23
118
106
105
103
56
5
64
108
58
11
12
47
49
121
126
67
129
70
63
70
90
60
22
57
89
81
10
43
13
107
120
6
13
86
63
3
112
75
114
125
29
82
84
139
98
81
101
55
92
71
137
138
25
16
68
113
88
61
141
46
42
36
65
86
90
14
101
124
142
123
41
100
49
32
83
33
128
127
20
19
14
140
135
144
3
34
66
15
115
124
62
99
91
117
102
116
126
31
72
129
94
105
44
27
29
30
116
143
74
2
114
130
56
110
92
17
134
21
54
35
52
122
9
97
80
15
131
1
73
66
89
136
72
71
110
64
69
50
46
20
108
119
37
45
8
140
23
103
69
97
141
67
111
95
128
57
6
80
40
78
107
51
9
53
31
133
45
27
143
91
100
21
138
135
68
115
113
87
82
52
25
109
50
24
73
85
38
41
133
87
78
39
132
142
131
30
77
84
112
54
102
32
88
76
144
77
48
39
59
120
7
109
93
95
139
117
10
75
4
43
26
12
42
11
37
127
7
17
104
55
38
93
44
83
99
62
122
16
119
61
79
36
132
125
134
28
34
96
96
74
59
5
76
18
65
58
121
130
8
106
53
111
4
2
19
85
18
26
40
118
28
47
60
33
136
22
80
54
75
62
103
143
111
131
116
82
29
11
139
15
127
105
55
98
52
141
85
45
117
12
113
83
42
96
89
6
78
81
74
38
130
7
66
103
115
121
28
81
6
119
85
77
33
22
51
120
26
142
43
128
42
4
13
94
65
90
27
104
118
109
125
124
88
77
64
39
129
78
8
110
130
67
69
132
2
73
135
10
100
79
16
46
30
25
71
134
87
18
48
73
144
12
142
128
24
31
17
75
76
13
86
5
3
30
46
66
69
51
138
48
70
34
56
97
136
19
122
47
68
37
19
59
32
76
44
112
33
83
131
61
126
126
137
133
132
115
4
34
138
2
96
63
109
10
23
105
94
71
65
32
144
1
15
62
36
101
122
111
9
74
87
100
20
61
20
28
79
113
70
133
91
53
140
99
114
72
95
106
50
3
143
116
118
41
56
140
72
47
64
117
59
101
58
35
93
84
43
53
123
107
57
17
98
63
60
11
55
36
14
24
41
95
106
27
86
134
102
14
21
54
127
93
121
125
67
92
45
16
88
1
21
91
29
102
112
129
80
58
26
89
92
108
97
123
50
107
104
124
31
52
40
40
18
114
141
37
44
82
7
108
135
57
49
25
99
90
5
139
9
120
22
23
110
49
38
8
137
84
68
136
39
35
60
119
133
134
122
110
111
99
87
88
89
101
113
114
126
138
137
125
124
136
135
123
111
112
100
99
98
97
85
73
74
62
61
49
50
51
39
38
26
14
15
3
4
16
17
5
6
18
19
31
30
42
43
44
32
20
21
9
10
22
34
33
45
46
58
59
47
48
60
72
71
70
69
81
82
83
84
96
95
107
108
120
119
131
130
142
143
144
132
120
108
96
84
72
60
48
36
35
23
24
12
11
10
9
8
7
6
5
4
3
2
1
13
25
37
49
61
73
85
86
74
75
63
64
52
40
28
27
15
16
17
29
41
53
65
77
76
64
65
66
67
79
78
90
102
103
91
92
93
94
106
105
104
116
128
140
141
129
117
118
119
107
95
83
71
59
58
57
56
68
80
79
91
92
104
116
115
127
128
140
139
138
139
127
126
114
115
103
102
90
78
66
67
68
80
81
93
105
117
129
141
142
143
144
132
131
130
118
106
94
82
70
69
57
45
46
47
35
36
24
12
11
23
22
34
33
21
20
8
7
19
18
30
42
43
31
32
44
56
55
54
55
54
53
52
51
39
40
41
29
28
27
26
14
2
1
13
25
37
38
50
62
63
75
87
88
76
77
89
101
100
112
113
125
137
136
124
123
135
134
133
121
122
110
109
121
109
97
98
86
12
24
23
22
34
33
32
44
56
57
58
70
71
72
60
59
47
48
36
35
34
46
45
33
21
9
8
7
19
18
6
5
17
29
28
16
15
14
26
25
37
38
50
49
61
62
74
75
63
64
76
88
87
86
98
97
109
110
111
99
100
112
113
125
124
136
137
138
126
114
102
103
115
127
139
140
128
129
141
142
130
131
119
120
132
144
143
142
141
140
139
138
137
136
135
123
122
134
133
121
109
97
85
73
61
49
37
25
13
1
2
3
4
5
6
7
8
20
19
31
30
42
41
40
39
27
26
38
50
51
52
53
54
55
43
42
54
66
78
79
67
68
69
81
80
92
104
116
117
105
93
94
95
96
108
107
106
118
130
129
128
127
126
125
113
101
89
90
91
79
80
92
93
94
82
83
95
96
84
72
84
83
71
70
82
81
69
68
67
66
78
90
91
103
104
105
106
107
108
120
132
144
143
131
119
118
117
116
115
114
102
101
100
112
124
123
135
134
133
121
122
110
111
99
98
86
85
73
74
62
63
64
76
75
87
88
89
77
65
77
65
53
41
29
28
40
52
51
39
27
15
14
13
1
2
3
4
16
17
18
30
31
32
44
43
55
56
57
45
46
58
59
60
48
47
35
36
24
12
11
23
22
10
11
10
9
21
20
49
107
109
54
36
94
16
87
97
98
24
123
56
6
67
36
119
43
112
28
129
71
68
9
66
20
115
107
122
55
67
134
78
19
104
22
47
98
125
137
23
1
120
118
112
84
129
65
30
14
7
81
126
13
102
85
58
25
2
4
89
119
62
45
26
38
142
50
76
82
1
142
34
132
124
40
64
135
100
101
132
21
78
136
60
14
62
24
41
105
77
39
31
5
43
75
38
74
60
79
117
133
116
122
9
29
75
58
39
47
44
77
35
18
69
74
26
101
93
92
35
103
108
140
117
134
96
44
123
99
10
135
144
42
8
137
20
143
97
91
102
5
27
136
103
90
69
126
121
57
53
40
34
106
131
120
37
27
127
61
71
63
124
17
11
51
95
31
59
73
45
90
56
28
128
73
88
109
48
53
125
52
111
48
68
3
19
2
3
138
99
138
7
105
89
63
139
113
29
130
111
25
46
84
94
50
8
32
80
66
51
16
61
87
86
80
83
114
6
10
79
83
17
37
4
130
23
118
116
86
131
32
113
42
65
143
82
70
141
72
30
21
140
57
128
41
76
55
15
22
72
133
33
114
106
139
110
15
11
100
93
104
33
49
18
141
115
88
12
110
81
85
95
13
144
12
96
108
70
91
92
59
52
64
54
121
46
127
95
132
56
116
118
71
78
142
140
57
25
113
58
76
77
57
86
59
77
124
47
78
34
32
14
104
41
84
135
137
20
143
143
108
14
118
96
121
8
133
142
42
34
139
47
88
115
132
136
19
7
46
115
51
73
38
2
15
6
65
61
50
7
67
106
80
60
110
107
6
114
63
120
1
87
30
54
64
114
93
39
48
23
72
52
129
85
135
127
134
66
144
48
123
35
44
125
119
11
63
129
68
75
16
81
13
46
4
97
56
111
40
133
88
83
82
43
9
96
79
69
109
45
100
122
22
139
126
89
21
120
97
3
31
50
102
54
76
75
104
105
55
12
67
17
87
17
109
71
103
11
89
1
130
27
125
36
94
107
101
141
5
124
53
72
98
61
90
29
33
117
38
10
26
4
10
64
131
52
70
28
98
55
49
116
62
49
106
15
128
136
59
53
44
35
16
112
144
20
18
60
122
58
28
126
3
33
73
140
90
22
84
36
8
2
5
23
123
92
43
27
141
41
117
66
108
81
39
79
101
25
99
80
138
121
24
103
85
130
51
29
26
74
91
113
86
100
128
32
70
94
127
42
12
134
83
37
110
119
92
69
95
9
112
65
45
62
74
137
93
18
31
102
91
19
68
82
21
99
105
13
30
40
37
24
131
111
138
1
2
3
15
16
4
5
17
29
30
42
54
66
67
68
80
92
104
103
102
101
100
99
87
88
76
77
65
53
52
51
63
64
76
75
74
62
61
73
85
97
98
110
122
121
133
134
135
123
111
112
124
136
137
138
139
127
128
129
130
118
117
105
106
107
95
83
84
96
108
120
119
131
143
142
141
140
139
138
126
114
113
125
137
136
135
123
124
125
126
114
115
116
117
118
106
94
93
81
82
70
71
72
60
59
47
48
36
24
12
11
10
9
21
33
32
20
19
18
6
7
8
9
10
22
23
35
34
46
45
44
43
55
56
57
69
70
58
57
56
44
32
31
43
55
67
79
78
90
89
77
78
66
54
42
41
40
28
27
39
38
50
49
37
25
26
14
13
25
37
38
26
27
15
14
13
1
2
3
4
5
17
16
28
40
39
51
52
64
65
53
41
29
30
31
19
18
6
7
8
20
21
22
34
33
45
46
58
59
47
35
23
11
12
24
36
48
60
72
71
83
84
96
95
107
108
120
119
131
132
144
132
144
143
142
130
129
141
140
128
127
115
116
104
105
93
94
82
81
69
68
80
79
91
92
91
103
102
90
89
101
113
112
100
88
87
75
63
62
50
49
61
73
74
86
85
86
98
99
111
110
109
97
109
121
133
134
122
133
121
109
110
98
97
85
86
87
75
76
77
78
66
54
55
56
57
69
81
93
105
117
116
104
103
91
90
89
101
113
114
102
103
115
127
126
138
139
140
141
129
130
131
143
144
132
120
119
118
106
107
108
96
84
72
71
59
47
35
34
46
45
33
21
20
19
7
8
9
10
22
23
24
36
48
60
72
84
83
82
94
95
96
108
120
119
107
95
83
82
70
58
46
34
33
32
44
43
31
30
18
6
5
17
16
4
3
2
1
13
25
37
38
39
51
50
62
74
73
61
49
37
25
26
14
15
27
28
40
52
64
65
53
41
42
30
29
41
53
52
51
63
64
65
66
67
79
80
92
91
79
78
77
76
88
100
99
111
112
124
125
137
136
135
123
122
134
135
136
124
123
111
110
122
134
133
121
109
97
85
86
98
99
100
112
113
101
102
90
89
88
87
75
63
62
74
73
61
49
50
38
26
27
39
40
28
29
17
16
15
14
13
1
2
3
4
5
6
18
19
7
8
20
21
9
10
22
23
11
12
11
12
24
36
35
47
48
60
59
71
70
58
57
45
44
32
31
43
42
54
55
67
68
56
68
69
81
80
92
93
94
106
105
104
116
115
114
126
125
137
138
139
127
128
140
128
129
117
118
130
142
141
142
143
144
132
131
139
54
108
140
74
46
78
110
10
31
31
104
4
66
66
96
44
33
13
96
119
88
68
127
143
99
91
103
70
47
42
92
65
125
140
106
78
18
63
138
106
11
45
6
120
142
7
10
100
126
15
59
16
11
73
77
71
58
118
64
115
54
117
24
37
132
89
46
81
12
20
84
114
100
3
143
58
102
112
75
41
117
30
30
88
48
101
22
28
102
6
40
111
98
129
104
32
93
86
69
87
80
50
68
118
126
25
80
3
1
19
138
86
123
115
122
28
105
97
144
32
82
4
91
133
26
1
116
25
92
2
70
8
41
109
47
15
73
29
55
21
22
63
113
83
43
14
55
29
136
2
109
62
128
64
90
59
9
79
131
105
49
38
95
83
113
94
119
38
36
133
122
84
121
137
36
49
57
99
97
124
71
72
61
40
53
53
134
51
17
43
56
141
62
52
121
76
107
103
60
85
44
16
108
48
39
110
139
19
23
114
20
65
8
101
135
57
81
61
124
23
7
76
13
75
125
129
82
90
50
94
128
72
77
60
21
130
107
42
135
93
26
5
52
27
134
33
85
95
144
14
120
35
56
34
131
45
67
130
17
5
74
12
79
35
69
127
9
116
123
67
27
37
89
98
51
39
137
18
34
112
141
136
111
87
142
132
24
41
107
25
117
16
26
61
83
35
49
45
141
59
128
138
127
107
95
55
20
53
100
85
116
32
131
102
82
56
19
86
99
41
37
10
64
94
94
34
83
127
28
13
38
135
58
48
124
69
90
3
90
140
8
98
22
105
14
75
80
65
114
62
36
143
123
142
23
118
40
120
39
80
10
115
117
45
130
53
119
112
30
134
68
137
44
126
63
43
50
49
66
112
100
130
11
36
1
106
88
67
105
6
22
6
55
123
59
60
82
84
38
78
62
27
34
12
85
23
32
27
114
37
61
113
111
88
96
19
31
47
142
9
97
109
17
131
111
89
73
8
7
66
81
128
139
52
79
92
43
144
91
68
57
79
72
58
102
89
24
29
132
87
132
3
51
14
121
75
136
110
136
144
92
5
28
110
121
125
139
60
11
25
103
86
97
140
18
74
99
104
116
106
129
56
119
35
134
51
73
101
138
54
101
72
67
13
70
4
141
133
78
18
9
137
15
115
70
42
12
98
135
42
133
48
30
95
129
69
26
4
39
7
109
104
108
40
33
122
5
76
29
103
24
91
84
46
118
33
120
77
50
81
76
96
71
17
16
15
113
1
2
47
65
2
44
21
125
126
57
124
93
143
122
64
108
77
21
93
87
31
54
46
63
74
20
52
71
