##Rat 1 Day 31
 ##rewards
19
32
98
##Vertices
12
11
10
22
23
35
47
48
36
24
12
11
10
9
8
7
6
5
17
18
30
42
41
53
52
40
39
27
15
3
4
16
28
29
41
42
43
31
32
20
21
33
34
46
58
59
71
70
69
57
56
44
45
57
58
70
82
94
95
83
84
96
108
120
119
131
130
118
106
107
108
120
132
144
143
142
141
140
128
127
115
103
102
90
89
101
113
114
126
138
139
140
141
129
117
116
104
105
93
92
80
79
78
66
54
55
67
68
69
81
80
68
56
55
67
79
91
90
78
77
76
64
63
62
50
51
52
40
39
38
26
14
2
1
13
25
37
49
61
73
74
75
87
88
100
99
111
112
124
123
122
121
133
134
135
136
137
125
113
101
89
88
100
112
111
110
109
97
85
86
98
110
122
123
135
134
133
121
109
97
98
86
85
73
74
62
61
49
37
25
13
1
2
3
4
16
17
5
6
7
19
20
8
9
21
22
23
24
36
48
60
72
60
72
84
96
95
107
119
131
132
144
143
142
130
129
128
116
115
127
139
138
137
136
124
125
126
114
102
103
91
92
104
105
117
118
106
94
93
81
82
83
71
59
47
35
34
46
45
33
32
44
43
31
19
18
30
29
28
27
15
14
26
38
50
51
63
64
65
66
54
53
65
77
76
75
87
99
133
121
109
110
122
123
124
136
135
134
133
121
109
97
85
73
61
49
50
62
63
64
52
53
41
40
28
27
26
25
37
38
39
51
52
64
76
75
87
86
98
99
111
112
113
125
126
114
102
101
89
88
100
101
113
114
115
116
128
127
139
140
141
142
130
131
119
118
117
129
141
142
143
144
132
120
108
96
95
83
82
81
69
68
56
57
58
70
71
72
84
96
108
107
106
94
93
105
104
92
91
79
67
66
65
77
78
90
102
103
91
90
89
77
78
79
80
68
67
55
43
42
30
18
17
29
41
40
28
16
15
14
13
1
2
3
4
5
6
7
19
31
32
44
45
33
34
46
47
35
23
11
12
24
36
48
60
59
58
57
56
44
45
46
34
22
10
9
8
20
21
22
23
35
36
24
12
11
10
9
21
20
8
7
19
18
6
5
4
3
2
1
13
25
37
38
50
49
61
73
74
86
85
97
98
110
122
134
135
136
137
138
137
138
139
140
128
129
130
131
143
144
132
120
119
107
95
94
82
83
84
72
60
48
47
59
71
70
69
81
80
92
93
105
106
118
117
116
104
103
115
127
126
125
124
123
111
112
100
99
87
88
76
75
74
62
63
51
39
27
26
14
15
16
17
29
30
42
54
66
65
53
54
55
43
31
32
33
113
127
79
76
59
52
15
133
123
56
53
65
45
69
23
114
11
14
68
144
85
135
83
44
48
140
49
13
78
103
84
75
102
1
139
31
5
98
112
39
26
109
4
54
7
34
137
9
119
91
96
6
63
123
38
32
32
90
77
57
59
68
142
4
85
110
23
42
21
37
108
87
58
117
44
78
89
98
36
5
2
47
39
30
86
93
116
142
106
139
16
38
81
125
143
64
13
97
107
115
51
9
129
115
20
15
62
120
48
121
120
109
74
55
138
71
136
35
124
117
64
79
22
101
84
22
72
93
95
137
24
107
14
57
50
102
11
111
105
83
70
61
132
18
131
12
88
46
25
8
99
74
73
43
90
89
130
77
127
126
20
144
119
67
50
125
110
92
27
108
95
114
131
111
122
29
118
138
88
54
106
81
63
65
46
91
56
129
143
87
69
130
80
27
8
141
33
45
66
29
25
10
104
101
73
82
3
60
3
100
140
18
19
28
94
71
141
49
60
80
7
2
118
24
21
105
16
97
35
33
26
30
66
113
40
76
19
37
51
1
122
40
104
134
72
36
53
128
34
134
55
31
132
86
47
128
92
43
67
10
41
96
99
94
61
70
41
121
82
58
135
17
28
112
116
17
124
136
100
6
52
103
126
75
133
62
12
42
89
24
123
17
95
23
54
81
58
80
28
106
139
43
16
41
126
131
31
11
78
144
27
114
55
63
17
33
21
47
111
90
142
138
49
113
89
16
59
141
38
124
108
18
25
135
122
47
34
37
68
106
65
27
113
66
60
20
116
105
131
139
20
10
82
132
56
86
97
118
93
114
46
53
130
88
24
103
111
118
14
7
57
69
21
6
30
26
34
102
65
79
5
75
38
141
115
112
57
22
69
28
82
117
39
71
56
126
94
22
51
40
13
15
85
33
15
97
72
5
135
74
117
12
98
4
52
39
98
91
8
86
143
125
101
61
110
123
8
120
83
67
137
66
35
49
51
128
50
121
92
101
30
130
92
68
77
140
71
78
31
90
46
62
42
136
85
103
53
76
142
36
129
9
81
55
87
41
3
80
108
94
73
40
45
11
14
129
125
9
74
110
112
72
59
7
115
122
25
1
44
79
127
36
134
104
95
119
96
76
133
88
83
23
107
137
132
6
127
58
128
121
19
48
84
35
64
96
124
10
73
48
91
44
42
105
136
70
75
104
64
2
120
62
29
2
32
87
144
67
84
3
116
143
70
100
32
61
26
99
60
109
45
77
133
134
43
50
29
12
93
37
54
63
13
107
99
102
19
138
52
4
18
119
1
109
140
100
144
132
120
108
96
95
107
106
94
82
81
93
105
104
92
91
103
102
90
78
66
65
64
76
77
89
88
100
101
113
125
126
138
137
136
124
112
111
123
122
134
133
121
109
97
85
86
87
75
74
62
63
51
39
27
28
29
30
42
43
55
56
57
45
46
34
33
32
44
56
68
80
79
67
68
69
70
58
59
71
83
84
72
60
48
47
35
23
24
12
11
10
9
8
7
19
20
21
22
10
9
8
7
6
18
17
5
4
16
15
3
2
1
13
14
26
25
37
38
50
49
61
73
85
97
98
99
100
112
113
114
115
116
117
129
141
140
139
127
128
116
117
118
119
131
143
142
130
118
106
105
104
103
91
90
78
77
65
53
54
55
43
31
30
42
41
40
52
64
63
51
50
62
74
73
61
49
37
25
13
1
2
14
26
38
39
27
28
16
15
3
4
5
6
18
17
29
41
40
52
53
54
66
67
79
80
92
93
81
82
94
95
83
71
70
69
57
58
59
47
46
45
44
32
31
19
20
21
33
34
22
23
11
12
24
36
35
36
48
60
72
84
96
108
107
119
120
132
144
143
131
130
142
141
129
128
140
139
127
126
138
137
125
124
136
135
123
135
134
133
121
109
110
122
110
111
99
98
86
87
75
76
88
89
101
102
114
115
1
2
3
4
5
17
16
28
29
30
42
41
40
52
53
65
64
76
77
78
79
91
103
102
90
89
101
100
88
87
86
74
73
85
97
98
99
111
110
122
121
133
134
135
136
137
125
113
114
126
127
115
116
117
118
106
94
82
81
69
68
56
44
45
33
34
46
58
57
56
55
54
66
67
55
43
31
32
20
19
18
6
7
8
9
21
22
23
11
12
24
36
48
60
72
71
59
47
35
36
48
60
72
84
83
95
96
108
107
119
120
132
144
143
131
130
142
141
129
128
140
139
138
137
136
124
112
100
99
87
75
63
51
39
38
37
49
61
62
50
51
39
27
15
14
13
25
26
27
28
40
52
64
65
77
78
90
91
92
80
68
69
70
82
81
93
105
104
103
115
116
128
127
126
138
139
140
141
142
143
144
132
131
130
129
117
118
106
107
119
120
108
96
84
83
95
94
93
105
104
92
80
79
67
66
54
53
41
42
30
29
17
18
19
31
43
44
32
20
21
33
45
57
58
70
71
59
47
46
34
35
23
24
12
11
10
22
10
9
8
7
6
5
4
16
15
3
2
1
13
14
26
25
37
38
50
49
61
62
74
73
85
86
98
97
109
110
109
121
133
134
135
123
122
123
111
112
124
125
113
114
102
101
89
88
76
75
63
125
133
111
75
116
24
138
67
66
50
108
102
22
43
33
45
118
136
114
80
76
65
141
42
58
56
3
81
91
86
110
107
52
11
60
72
8
9
1
107
39
99
2
119
140
129
133
100
24
85
28
15
84
5
87
78
8
99
131
88
49
71
143
90
70
139
63
30
38
110
109
81
140
128
1
31
137
11
14
112
5
75
126
20
16
113
37
92
94
57
19
90
63
118
28
130
3
111
54
95
125
95
74
82
57
48
4
17
51
46
54
68
76
78
49
105
29
6
121
82
80
89
4
41
18
131
113
44
14
69
27
38
101
47
115
117
103
79
122
2
30
18
7
144
55
13
36
127
64
10
84
48
17
66
138
69
135
13
23
79
44
119
61
106
86
106
42
40
126
73
100
115
39
29
52
97
134
10
62
59
136
27
32
32
43
64
123
97
50
116
77
98
34
60
134
144
132
88
71
142
142
93
112
56
25
40
62
7
130
67
104
31
25
96
15
58
109
105
59
74
98
77
70
102
19
34
121
93
141
55
12
94
120
46
96
114
37
85
53
120
124
73
26
35
137
61
68
122
21
87
132
91
123
47
65
83
51
45
117
36
35
12
127
16
139
6
92
72
83
22
33
21
53
124
9
101
20
108
26
89
103
23
128
104
129
41
135
143
62
15
45
75
111
81
54
68
82
17
100
103
103
112
63
133
111
94
122
72
87
44
70
94
26
30
91
67
131
131
39
27
54
129
6
24
46
97
79
110
133
61
28
10
129
71
84
108
142
118
18
4
95
96
73
99
49
143
136
126
42
3
43
112
23
132
14
58
128
17
11
59
20
85
143
81
45
56
108
106
134
117
78
52
113
70
109
124
29
62
65
6
92
16
19
124
87
68
135
11
55
20
8
144
105
88
114
46
142
61
121
119
31
4
48
130
120
73
21
96
25
13
90
138
135
33
109
12
127
140
35
89
86
66
7
83
49
21
48
14
37
144
125
115
104
119
53
91
23
71
132
122
95
5
77
97
101
137
43
93
42
121
38
39
134
53
63
120
128
123
64
67
32
76
84
92
19
40
102
51
72
34
12
86
60
41
47
40
59
27
24
89
74
114
3
16
55
32
47
34
82
107
57
113
35
115
104
13
98
58
140
99
137
69
66
5
125
36
15
33
7
30
37
51
1
116
22
101
116
105
56
141
106
110
28
130
60
22
50
74
127
80
78
102
25
79
10
83
50
76
2
141
69
29
88
52
1
117
44
118
93
36
100
64
9
2
123
31
98
8
90
139
41
18
126
80
85
107
75
138
57
9
38
139
136
77
26
65
12
11
23
24
36
35
47
48
60
59
58
46
45
57
69
70
71
72
84
96
95
83
82
94
106
118
117
129
128
116
104
92
80
81
93
105
106
107
108
120
119
131
132
144
143
142
141
140
139
138
126
127
115
103
91
90
78
66
54
55
43
42
41
40
52
64
65
77
76
75
87
88
100
99
98
86
85
97
109
121
133
134
122
110
111
112
124
123
135
136
137
125
113
101
89
90
102
114
115
103
102
114
113
101
89
77
76
64
63
62
50
38
26
14
15
16
4
5
17
18
30
29
28
27
39
51
52
53
41
40
39
51
63
75
74
73
61
49
37
25
13
1
2
3
4
5
6
7
8
20
19
31
32
33
34
22
10
9
21
33
34
46
58
70
69
68
56
44
32
31
30
29
28
16
17
18
6
7
19
20
8
9
21
22
10
11
12
24
23
35
36
48
47
59
60
72
71
83
84
96
95
94
82
81
80
68
67
66
65
53
54
42
43
44
45
57
56
55
67
79
78
79
91
92
93
105
104
116
117
118
130
129
130
131
119
107
108
120
132
144
143
142
141
140
128
127
139
138
126
125
137
136
124
123
135
134
133
121
122
110
109
97
98
99
111
112
100
88
87
86
85
73
74
62
61
49
50
38
37
25
26
14
13
1
2
3
15
27
1
13
14
2
3
15
16
4
5
17
29
28
40
41
42
30
18
6
7
8
20
19
31
32
33
34
46
47
59
58
57
56
55
43
44
45
33
21
9
10
22
23
11
12
24
36
48
60
72
84
83
71
70
69
68
80
79
78
77
65
64
76
88
100
101
102
90
91
103
115
116
104
105
117
129
128
140
141
142
143
144
132
131
130
118
106
107
119
120
108
96
95
94
93
92
80
81
82
70
69
81
82
94
93
92
91
103
102
114
126
125
124
123
122
110
98
97
85
86
74
75
87
99
111
112
113
101
89
88
100
112
113
114
115
127
139
138
137
136
135
134
133
121
109
97
85
73
61
49
50
62
63
51
39
27
26
25
37
38
39
27
28
29
30
42
54
53
52
51
63
75
87
99
98
86
74
73
61
62
50
49
37
38
26
25
13
1
2
14
15
3
4
16
17
5
6
18
19
7
8
20
32
31
43
55
54
66
78
90
89
77
76
64
52
40
41
53
65
66
67
79
67
68
56
44
45
57
58
46
34
35
47
35
23
22
21
9
10
11
12
24
36
48
60
59
71
72
84
83
95
96
108
107
119
120
132
144
143
131
130
142
141
129
117
118
106
105
104
116
128
140
139
127
126
138
137
125
124
136
135
123
122
134
133
121
109
110
111
30
117
51
87
32
38
78
99
71
118
103
62
140
13
138
12
128
107
49
24
51
65
43
56
109
139
74
48
97
143
94
94
68
18
82
73
28
86
89
46
6
1
23
40
8
122
129
128
25
56
104
67
91
95
10
82
136
6
93
27
131
61
50
19
1
2
35
60
25
53
113
13
103
16
119
46
28
14
17
115
143
93
105
126
97
60
110
16
21
11
17
35
75
108
98
50
64
123
96
52
48
120
115
45
72
44
74
36
67
26
144
98
39
20
90
47
141
81
11
137
79
37
135
62
63
73
121
100
83
43
9
123
125
138
77
104
119
134
141
14
121
80
102
7
29
58
134
70
47
130
142
124
102
55
21
92
127
112
45
114
44
66
133
111
58
71
49
91
36
125
53
81
38
9
85
101
135
54
63
72
31
41
26
89
20
111
140
59
39
18
54
32
108
41
31
65
3
116
88
90
34
114
3
24
29
142
133
112
117
22
105
129
110
139
84
19
137
40
55
75
116
33
7
96
77
131
23
106
52
37
12
64
113
30
70
59
132
69
8
95
76
61
80
130
109
122
34
107
78
22
87
86
118
132
42
100
120
101
79
88
57
84
83
2
15
106
69
99
124
33
42
127
5
10
5
4
92
136
144
85
68
27
57
76
4
126
15
66
63
9
58
60
65
112
133
134
3
142
61
65
17
46
79
49
46
99
48
2
42
57
33
30
97
44
27
51
119
41
21
85
11
48
8
91
121
16
19
59
131
127
78
62
7
138
35
42
67
88
70
111
104
90
81
109
122
29
136
76
90
60
85
39
129
55
123
76
56
128
40
67
117
50
7
40
130
130
103
78
112
134
4
74
43
103
102
94
11
95
115
111
70
139
105
80
143
2
8
52
115
10
135
105
6
139
73
118
100
129
77
92
71
62
13
75
126
123
25
84
55
143
110
94
84
28
144
121
53
16
68
17
124
142
114
47
33
101
66
32
124
87
24
110
74
9
45
14
23
18
32
25
39
91
87
73
15
35
47
1
109
131
5
125
114
45
18
23
86
120
122
37
93
29
119
137
54
104
12
88
83
24
77
20
22
21
14
72
38
92
89
71
41
69
69
128
93
5
64
27
107
28
113
34
107
37
117
95
102
51
135
136
98
116
116
52
54
144
61
68
58
66
113
100
106
141
106
108
72
4
53
56
82
22
19
138
127
20
57
96
97
31
13
75
120
98
133
50
125
1
43
59
137
36
83
101
44
38
64
49
31
141
82
26
10
118
34
36
79
89
63
140
132
96
80
140
12
81
132
26
126
86
3
6
99
30
15
108
