##Rat 5 Day 18
 ##rewards
74
87
21
##Vertices
140
117
125
81
60
32
72
18
141
109
3
86
50
53
79
140
33
83
19
121
81
136
20
28
135
69
15
115
73
16
101
56
56
61
95
127
47
55
59
93
119
38
63
25
49
126
36
23
85
64
21
72
97
134
40
7
135
96
4
132
45
66
80
31
87
71
6
86
77
74
133
54
27
54
13
52
40
17
143
130
113
1
82
93
23
139
11
41
90
103
118
82
4
84
28
91
97
26
92
37
12
84
48
127
126
115
76
117
17
134
66
48
71
142
6
33
68
88
13
51
102
105
138
124
133
22
107
123
108
125
143
116
90
58
108
42
98
87
99
12
47
63
95
65
120
39
10
31
128
83
55
129
34
76
34
139
59
88
89
37
78
74
137
107
27
91
79
14
100
103
30
94
11
8
85
136
122
9
35
39
20
7
142
36
67
122
101
128
57
57
38
44
100
129
121
137
80
132
29
52
98
24
77
111
113
64
112
8
144
102
89
26
41
45
104
29
96
124
16
65
104
30
1
58
22
18
144
110
69
67
138
112
21
25
131
5
119
70
70
75
46
105
118
43
106
92
131
14
61
60
94
109
130
141
99
5
15
9
106
68
19
62
42
75
116
46
110
44
2
24
3
114
62
2
73
114
50
53
43
123
10
120
35
51
32
78
111
49
135
77
139
142
34
21
5
58
40
23
12
73
39
128
42
11
10
72
64
20
90
99
74
66
126
144
129
130
83
44
38
16
45
9
17
82
18
62
80
92
62
88
22
60
115
10
51
104
136
60
103
133
113
53
96
15
116
41
85
114
102
20
36
142
47
11
89
131
101
107
44
69
9
43
6
101
54
8
70
33
117
143
89
26
119
24
85
24
96
75
108
22
54
105
7
18
109
17
141
56
2
28
39
26
67
87
76
12
4
141
3
122
13
56
78
30
1
52
68
41
120
134
103
46
125
118
77
124
139
50
49
38
46
115
19
25
29
117
73
95
5
81
40
14
55
102
91
134
63
7
37
13
97
53
126
4
2
138
59
68
112
83
123
66
113
25
3
84
74
105
15
94
137
87
6
76
19
121
93
33
79
90
127
104
71
47
49
118
48
131
135
81
45
35
29
112
110
114
137
55
80
1
69
111
50
14
84
64
116
70
30
86
58
129
110
138
127
99
107
120
92
88
71
16
109
61
140
59
51
32
43
144
140
28
72
98
128
31
61
36
143
37
8
23
82
124
106
97
35
106
86
65
119
130
94
21
123
67
75
98
42
27
52
100
108
136
32
132
79
95
132
27
57
34
63
65
91
57
78
100
125
121
133
31
48
111
122
93
1
2
3
4
5
17
16
28
29
30
42
41
40
52
53
65
64
76
77
78
79
91
103
102
90
89
101
100
88
87
86
74
73
85
97
98
99
111
110
122
121
133
134
135
136
137
125
113
114
126
127
115
116
117
118
106
94
82
81
69
68
56
44
45
33
34
46
58
57
56
55
54
66
67
55
43
31
32
20
19
18
6
7
8
9
21
22
23
11
12
24
36
48
60
72
71
59
47
35
36
48
60
72
84
83
95
96
108
107
119
120
132
144
143
131
130
142
141
129
128
140
139
138
137
136
124
112
100
99
87
75
63
51
39
38
37
49
61
62
50
51
39
27
15
14
13
25
26
27
28
40
52
64
65
77
78
90
91
92
80
68
69
70
82
81
93
105
104
103
115
116
128
127
126
138
139
140
141
142
143
144
132
131
130
129
117
118
106
107
119
120
108
96
84
83
95
94
93
105
104
92
80
79
67
66
54
53
41
42
30
29
17
18
19
31
43
44
32
20
21
33
45
57
58
70
71
59
47
46
34
35
23
24
12
11
10
22
10
9
8
7
6
5
4
16
15
3
2
1
13
14
26
25
37
38
50
49
61
62
74
73
85
86
98
97
109
110
109
121
133
134
135
123
122
123
111
112
124
125
113
114
102
101
89
88
76
75
63
144
132
120
108
96
95
107
106
94
82
81
93
105
104
92
91
103
102
90
78
66
65
64
76
77
89
88
100
101
113
125
126
138
137
136
124
112
111
123
122
134
133
121
109
97
85
86
87
75
74
62
63
51
39
27
28
29
30
42
43
55
56
57
45
46
34
33
32
44
56
68
80
79
67
68
69
70
58
59
71
83
84
72
60
48
47
35
23
24
12
11
10
9
8
7
19
20
21
22
10
9
8
7
6
18
17
5
4
16
15
3
2
1
13
14
26
25
37
38
50
49
61
73
85
97
98
99
100
112
113
114
115
116
117
129
141
140
139
127
128
116
117
118
119
131
143
142
130
118
106
105
104
103
91
90
78
77
65
53
54
55
43
31
30
42
41
40
52
64
63
51
50
62
74
73
61
49
37
25
13
1
2
14
26
38
39
27
28
16
15
3
4
5
6
18
17
29
41
40
52
53
54
66
67
79
80
92
93
81
82
94
95
83
71
70
69
57
58
59
47
46
45
44
32
31
19
20
21
33
34
22
23
11
12
24
36
35
36
48
60
72
84
96
108
107
119
120
132
144
143
131
130
142
141
129
128
140
139
127
126
138
137
125
124
136
135
123
135
134
133
121
109
110
122
110
111
99
98
86
87
75
76
88
89
101
102
114
115
142
68
70
35
104
84
134
46
23
138
123
46
15
42
13
78
69
12
94
129
10
21
68
17
141
39
63
119
72
27
133
25
130
42
63
98
8
34
75
38
29
93
28
31
120
125
53
107
85
121
94
53
5
20
49
44
137
109
97
38
25
108
82
101
11
49
119
19
81
130
92
105
41
4
65
6
16
132
136
123
60
101
144
41
120
70
104
91
117
65
54
112
6
4
73
138
134
144
50
27
75
83
69
7
56
1
66
79
103
62
55
5
51
57
57
56
77
45
15
84
143
3
102
118
124
95
60
86
102
139
81
23
45
71
43
72
12
20
59
10
85
115
126
34
33
48
80
54
90
121
128
67
52
32
83
55
100
32
71
103
95
9
76
64
40
93
136
44
39
30
99
109
127
35
59
118
88
22
67
21
140
13
33
82
112
8
106
29
86
131
79
113
115
92
47
48
100
22
11
137
99
127
40
76
14
129
14
88
143
116
142
105
7
89
17
16
131
26
122
124
3
135
114
106
36
37
111
37
133
62
110
89
18
36
110
52
135
47
128
87
126
24
114
96
31
74
74
2
117
51
43
73
132
1
78
80
58
28
64
125
87
116
30
98
61
91
18
139
108
2
141
97
9
61
140
26
24
111
58
19
66
96
113
50
107
90
77
122
93
119
4
128
83
54
117
72
15
33
79
103
36
32
61
17
114
135
114
41
53
109
84
51
140
68
113
55
65
76
93
10
5
38
44
26
39
46
37
12
46
107
92
120
122
39
85
116
81
108
99
125
62
34
119
136
90
115
23
69
128
138
29
70
77
44
71
82
49
120
102
95
81
15
52
65
83
11
127
11
80
55
3
99
52
76
78
118
116
12
132
73
59
19
122
60
123
25
135
124
57
104
7
139
129
45
110
3
139
63
112
133
105
102
74
82
117
118
131
68
16
130
104
124
106
51
134
1
33
86
94
58
28
141
100
24
112
57
108
49
45
134
20
70
71
105
40
21
42
137
5
144
10
66
35
42
121
127
30
73
75
100
109
64
31
48
75
101
72
1
22
47
138
96
130
34
96
97
88
80
142
90
4
13
14
6
64
2
107
59
131
29
111
8
101
50
50
40
8
111
41
56
18
106
23
137
38
16
89
67
91
2
126
58
66
74
17
88
30
87
133
141
123
67
77
43
13
78
9
132
6
21
84
37
144
89
43
143
60
115
94
18
98
87
61
53
95
24
47
110
126
28
97
136
36
140
20
7
25
62
85
92
19
31
26
129
14
103
32
113
91
22
27
35
143
98
69
86
54
79
48
121
27
142
9
125
56
63
133
121
122
134
135
123
124
136
137
125
113
112
100
101
102
114
126
138
139
140
128
127
115
116
117
118
106
107
95
94
93
92
91
103
104
105
117
129
141
142
130
131
143
144
132
120
108
96
84
72
71
83
82
81
80
68
67
66
65
77
76
64
52
40
41
42
54
55
43
31
32
44
45
33
21
20
8
9
10
11
12
24
23
22
34
46
47
35
36
48
60
59
58
57
56
68
69
70
82
81
69
70
58
57
56
55
43
42
30
18
17
16
15
14
26
38
37
49
50
62
63
51
39
27
28
29
41
53
52
40
28
29
30
31
19
7
6
5
4
3
2
1
13
25
37
49
61
73
85
86
74
75
87
99
111
110
109
97
98
99
111
112
113
114
102
90
89
88
87
75
63
51
39
38
50
62
61
73
74
86
85
97
98
110
109
121
133
134
122
123
135
136
124
125
137
138
126
127
139
140
128
116
115
103
91
90
78
66
54
53
65
64
76
88
100
101
89
77
78
79
67
79
80
92
104
105
93
94
106
118
119
107
119
131
130
129
141
142
143
144
132
120
108
96
95
83
84
72
71
59
60
48
47
35
36
24
12
11
23
22
10
9
21
33
34
46
45
44
32
20
8
7
19
18
6
5
17
16
4
3
15
14
2
1
13
25
26
27
12
11
23
24
36
35
47
48
60
59
58
46
45
57
69
70
71
72
84
96
95
83
82
94
106
118
117
129
128
116
104
92
80
81
93
105
106
107
108
120
119
131
132
144
143
142
141
140
139
138
126
127
115
103
91
90
78
66
54
55
43
42
41
40
52
64
65
77
76
75
87
88
100
99
98
86
85
97
109
121
133
134
122
110
111
112
124
123
135
136
137
125
113
101
89
90
102
114
115
103
102
114
113
101
89
77
76
64
63
62
50
38
26
14
15
16
4
5
17
18
30
29
28
27
39
51
52
53
41
40
39
51
63
75
74
73
61
49
37
25
13
1
2
3
4
5
6
7
8
20
19
31
32
33
34
22
10
9
21
33
34
46
58
70
69
68
56
44
32
31
30
29
28
16
17
18
6
7
19
20
8
9
21
22
10
11
12
24
23
35
36
48
47
59
60
72
71
83
84
96
95
94
82
81
80
68
67
66
65
53
54
42
43
44
45
57
56
55
67
79
78
79
91
92
93
105
104
116
117
118
130
129
130
131
119
107
108
120
132
144
143
142
141
140
128
127
139
138
126
125
137
136
124
123
135
134
133
121
122
110
109
97
98
99
111
112
100
88
87
86
85
73
74
62
61
49
50
38
37
25
26
14
13
1
2
3
15
27
26
71
15
25
9
120
27
58
112
14
46
63
70
81
19
35
54
67
38
126
20
60
102
45
127
125
121
80
105
129
2
8
72
136
89
132
60
17
42
72
114
89
99
114
104
95
102
76
109
103
15
50
71
18
64
52
37
16
23
93
4
73
82
118
66
113
101
21
51
141
97
115
2
77
30
85
33
132
61
122
135
41
99
27
93
130
39
9
35
33
64
32
7
107
62
79
92
94
137
104
117
131
133
123
108
14
120
138
106
68
112
69
23
1
75
69
5
47
135
79
62
142
49
43
13
57
55
63
137
86
38
100
51
50
28
11
84
139
90
24
21
128
110
143
59
130
40
136
1
105
143
100
98
11
88
84
78
96
47
115
6
108
42
92
107
59
29
39
78
70
49
85
13
18
65
139
75
61
131
81
141
44
28
129
121
124
77
74
119
10
109
101
58
122
3
41
48
40
4
95
22
117
140
53
54
26
52
144
134
56
128
3
37
123
140
91
20
22
83
76
7
97
118
83
133
88
126
127
44
94
10
12
55
116
87
110
43
34
90
138
111
30
74
16
113
142
73
116
6
8
82
12
124
80
66
45
56
67
65
46
34
36
68
17
19
91
25
32
86
134
144
106
24
96
103
53
57
111
125
48
31
36
119
29
98
31
5
87
87
34
24
85
14
106
95
36
124
56
37
53
130
57
16
62
75
76
140
105
140
110
120
6
70
102
16
37
31
84
75
10
108
99
122
118
107
19
143
6
101
107
36
29
43
132
27
85
12
40
17
86
97
28
129
4
46
17
74
51
78
80
27
38
22
23
49
14
44
46
63
84
144
31
59
116
138
98
72
101
114
123
1
90
12
142
73
71
117
9
13
62
40
113
44
35
112
21
56
74
20
15
58
132
33
5
52
93
87
97
100
69
135
82
114
26
128
133
28
30
72
54
106
49
1
64
83
127
98
5
70
45
136
134
11
13
82
15
25
126
41
73
45
35
144
3
32
20
2
111
83
128
7
81
66
100
8
126
131
50
22
48
42
78
91
3
90
95
139
19
11
116
65
89
41
86
47
68
89
18
124
30
2
4
39
55
60
96
65
79
64
115
108
42
58
119
123
26
99
9
119
92
91
61
113
79
127
141
81
55
115
130
34
93
77
118
110
134
94
135
94
63
120
23
104
137
67
102
71
59
57
25
88
131
38
96
80
43
61
109
104
69
129
109
141
67
112
122
88
24
68
29
54
143
103
33
18
142
48
47
7
125
32
103
52
8
39
21
117
121
136
133
111
125
137
121
76
139
10
50
53
138
51
105
92
66
77
60
144
143
142
141
129
130
118
119
131
132
120
108
96
84
83
95
94
106
107
108
96
95
94
82
70
71
59
58
46
47
48
60
72
84
83
82
81
69
68
67
79
91
103
102
114
113
101
100
112
111
99
98
110
122
123
135
134
133
121
109
97
85
73
61
49
37
25
13
1
2
3
15
14
26
27
28
40
41
42
54
53
65
77
89
90
78
66
65
64
52
51
50
38
39
51
63
75
87
88
76
64
63
62
74
86
85
97
98
99
111
112
124
136
137
138
126
125
113
114
115
116
128
140
139
127
115
103
104
105
93
92
80
81
69
57
56
55
43
31
30
18
19
7
8
20
32
44
45
33
21
9
10
22
23
35
36
24
12
11
10
9
8
7
6
5
17
29
30
42
54
66
78
77
89
90
102
101
100
88
76
75
87
86
74
73
61
62
50
49
37
38
39
40
52
53
41
29
17
16
4
3
2
1
13
25
26
14
15
27
28
16
4
5
6
18
19
20
32
31
43
44
45
33
21
22
34
46
34
35
23
11
12
24
36
48
47
59
60
72
71
70
58
57
56
55
67
68
80
79
91
92
93
105
106
107
119
120
132
144
143
131
130
142
141
140
139
138
137
136
135
134
133
121
109
110
122
123
124
125
126
127
128
129
117
118
117
116
104
133
121
109
97
98
110
111
123
122
134
135
136
137
138
126
125
113
112
124
136
137
125
113
114
115
127
128
116
117
129
141
140
139
138
126
114
102
103
91
79
78
77
76
64
63
51
52
40
39
27
28
16
15
14
26
25
13
1
2
3
4
5
6
7
8
9
10
11
12
24
36
35
23
22
34
46
45
57
69
68
56
55
54
53
65
66
67
55
43
44
32
20
21
33
32
31
30
29
41
42
43
31
19
18
17
5
4
16
28
27
39
38
37
49
61
62
50
51
63
75
87
86
85
73
74
75
76
88
100
101
89
90
102
103
104
92
80
81
82
70
71
83
84
96
95
94
93
105
106
107
108
120
119
131
130
142
143
144
132
120
108
96
84
72
60
59
58
70
69
68
67
66
54
53
65
64
52
40
41
42
30
29
17
18
6
7
19
20
8
9
21
33
45
44
56
57
58
59
47
48
36
24
12
11
10
22
23
35
34
46
47
48
60
72
71
83
95
94
82
81
93
105
106
107
119
118
117
118
130
131
132
144
143
142
141
129
128
140
139
127
115
116
104
92
80
79
91
90
78
77
89
101
100
112
124
123
135
134
133
121
122
110
109
97
85
73
61
49
37
25
13
1
2
3
15
14
26
38
50
62
74
86
98
99
111
99
87
88
