##Rat 8 Day 9
 ##rewards
71
58
124
##Vertices
133
121
122
123
135
136
137
138
126
114
102
90
91
79
80
92
93
94
82
81
69
68
67
55
56
44
32
31
19
7
6
5
4
3
15
27
39
51
50
49
37
38
26
14
13
1
2
3
4
16
17
18
30
42
43
44
45
33
34
46
47
59
71
83
84
72
60
48
36
35
23
24
12
11
10
9
8
20
21
22
34
33
32
31
43
42
41
29
28
40
52
64
65
77
78
66
54
53
41
40
52
51
63
75
87
86
74
62
61
73
85
97
98
110
109
97
85
86
87
99
111
112
113
125
124
136
137
138
139
127
115
103
104
105
117
118
130
142
141
129
128
140
141
142
143
144
132
131
119
120
108
96
95
107
106
94
82
70
58
57
69
81
93
92
80
79
78
77
76
88
100
101
100
88
89
101
89
90
91
103
102
114
113
112
111
99
98
110
109
121
122
134
133
134
135
123
124
125
126
127
139
140
128
116
115
116
104
105
117
129
130
131
143
144
132
120
119
118
106
107
108
96
95
83
84
72
60
59
71
70
58
57
45
46
47
48
36
35
23
24
12
11
10
22
21
9
8
20
19
7
6
5
17
18
30
29
28
16
15
14
2
1
13
25
37
25
26
27
39
38
50
49
61
73
74
62
63
75
76
64
65
66
67
68
56
55
54
53
144
143
131
119
120
108
96
84
72
60
48
36
35
47
46
45
57
56
44
32
31
19
7
6
5
17
16
4
3
15
14
2
1
13
25
37
38
39
40
52
53
41
29
28
27
26
25
37
49
50
51
63
64
65
66
54
42
43
55
67
68
69
81
82
70
58
59
71
83
95
94
93
105
117
116
128
140
139
127
126
138
137
125
124
136
135
134
122
110
109
97
85
73
61
62
74
86
98
99
100
101
102
114
113
112
111
123
135
136
137
138
139
140
141
142
130
129
117
118
106
107
108
96
95
94
82
81
80
79
78
90
91
103
115
127
126
125
124
123
111
112
113
114
102
101
89
88
87
75
76
77
65
66
67
68
69
57
45
33
34
22
23
11
10
9
21
20
8
7
6
18
19
20
8
9
21
22
10
11
12
24
12
24
23
35
36
48
60
72
84
83
71
70
58
59
47
46
34
33
32
44
56
55
43
31
30
18
17
5
4
16
28
29
30
42
54
53
41
40
39
27
15
3
2
1
13
14
26
38
50
49
61
73
74
62
63
51
52
64
76
75
87
86
85
97
109
121
133
134
133
121
122
110
98
99
100
88
89
77
78
90
91
79
80
92
104
105
106
107
119
118
130
131
132
120
132
144
143
142
141
129
128
116
115
103
104
92
93
57
34
20
48
49
12
13
99
54
68
58
137
29
133
75
66
93
109
107
115
143
45
49
4
18
62
69
108
30
31
65
40
42
92
132
138
70
84
144
90
82
125
139
68
44
70
128
10
91
1
134
92
123
95
134
122
124
78
88
21
119
22
116
118
82
33
6
72
53
47
37
23
60
108
38
96
139
101
102
140
110
7
135
38
55
132
35
43
36
80
57
52
61
84
32
10
34
5
106
24
138
16
27
91
74
67
28
30
111
73
141
114
143
26
71
133
19
104
61
64
52
45
120
26
83
47
2
18
42
59
122
141
85
78
2
9
75
32
117
56
39
51
54
110
3
87
67
144
21
116
39
41
50
40
126
120
27
81
86
29
105
13
130
98
86
104
37
79
137
112
12
65
129
8
58
76
43
127
79
113
96
93
131
6
7
15
31
64
124
11
94
107
129
63
103
28
50
111
113
83
16
118
99
24
25
9
74
72
85
128
112
33
126
131
36
102
136
98
80
101
95
115
142
114
48
81
17
60
71
44
1
3
94
77
100
90
123
35
46
117
76
73
46
89
136
140
97
20
66
125
63
4
14
69
14
87
127
41
59
121
5
121
77
11
105
62
135
97
142
103
17
55
89
106
22
56
53
119
19
8
109
100
51
23
15
130
88
25
51
12
75
79
98
15
73
109
111
52
63
1
76
67
20
96
8
87
121
82
1
21
96
128
42
23
46
75
66
66
41
19
22
108
129
70
106
128
104
108
133
131
43
113
24
120
91
35
30
34
103
62
9
127
115
136
11
98
50
31
47
28
8
80
93
36
12
116
119
124
7
57
136
55
51
26
137
122
94
45
32
139
116
22
95
74
124
76
100
3
71
27
139
71
81
16
11
86
122
23
44
61
18
129
110
107
89
97
69
118
114
104
103
144
74
114
84
59
119
143
56
60
105
78
54
33
58
134
53
20
118
112
49
73
72
97
6
70
9
78
94
64
85
90
38
90
41
99
31
100
112
140
84
5
60
4
83
123
56
32
21
102
18
19
132
67
133
91
80
102
134
126
93
16
101
99
87
79
45
86
40
82
13
105
39
15
53
43
44
17
88
113
141
35
101
40
24
54
34
14
135
39
106
7
144
81
95
117
89
68
132
120
62
137
2
77
55
38
25
2
63
28
30
126
64
6
131
111
69
117
115
110
58
143
52
123
127
92
85
121
107
130
48
26
125
59
4
50
109
29
27
29
142
5
77
125
57
33
130
65
36
72
10
65
25
48
14
141
10
140
88
17
47
138
61
68
49
3
37
138
142
46
135
92
13
83
37
42
12
24
36
48
47
59
60
72
84
96
108
120
132
144
143
131
130
142
141
129
117
105
104
92
93
81
82
70
69
68
67
55
43
42
30
31
32
20
21
33
34
22
23
11
10
9
8
7
6
5
17
16
4
3
2
1
13
25
37
38
26
14
15
27
39
40
52
53
65
77
76
64
63
51
50
62
74
86
98
97
85
73
61
49
37
25
26
27
28
29
41
40
28
29
30
18
19
31
43
44
45
57
56
68
80
79
91
90
78
66
54
55
56
44
32
33
45
46
58
57
69
70
71
83
95
94
106
107
119
118
117
116
128
140
139
127
126
138
137
125
124
136
135
123
122
134
133
121
109
110
111
99
87
88
100
101
102
103
115
114
113
112
111
99
100
88
89
101
102
103
104
116
128
140
139
138
126
127
115
114
113
112
124
125
137
136
135
123
122
134
133
121
109
110
98
97
85
86
87
75
76
75
63
62
74
73
61
49
50
38
39
51
52
64
65
53
41
42
54
66
67
79
78
77
89
90
91
92
80
81
82
83
71
59
58
46
34
35
47
35
23
22
21
20
19
18
17
16
15
14
13
1
2
3
4
5
6
7
8
9
10
11
12
24
36
48
60
72
84
96
95
107
108
120
119
131
132
144
143
142
141
129
130
118
106
105
93
94
1
2
14
26
27
15
3
4
5
17
18
6
7
19
31
32
20
8
9
21
33
34
35
23
22
10
11
12
24
36
48
60
59
71
70
58
57
45
44
43
55
54
66
65
53
41
42
30
29
28
40
39
38
50
49
37
25
13
1
2
3
15
16
28
40
52
51
63
64
76
75
74
86
85
73
61
62
63
75
87
88
100
99
111
123
122
110
98
97
109
121
133
134
135
136
124
125
137
138
139
140
128
127
126
114
115
103
104
105
106
118
130
142
141
129
117
116
115
114
113
112
100
101
102
90
89
77
78
79
67
68
69
81
80
92
91
103
104
116
117
118
119
131
143
144
132
120
108
96
84
72
60
48
47
46
45
33
32
44
56
57
69
70
82
83
95
94
93
105
106
107
95
107
119
131
143
144
132
120
108
96
84
72
71
83
82
94
93
81
80
92
91
79
78
90
102
101
89
77
65
64
76
88
87
99
111
112
113
125
126
127
128
129
130
142
141
140
139
138
137
136
124
123
135
134
133
121
122
110
109
97
98
86
85
73
74
62
61
49
50
38
37
25
13
14
26
27
39
51
52
53
54
66
67
68
56
55
43
31
19
18
30
42
41
29
17
16
4
5
6
7
8
20
21
9
10
22
23
11
12
24
36
35
34
46
58
59
47
59
136
143
74
117
118
8
30
143
37
66
95
122
75
88
60
7
75
14
26
117
20
55
57
125
45
119
144
68
85
38
140
15
72
95
30
90
23
67
107
10
144
111
89
47
35
123
16
33
101
114
42
97
130
136
132
99
13
121
85
65
43
17
47
56
48
129
8
3
18
79
86
112
3
6
84
80
15
98
131
19
40
137
138
54
51
49
9
135
111
104
52
38
55
24
93
141
138
62
84
105
129
113
34
39
81
91
142
39
123
53
92
68
63
64
128
22
118
108
18
110
70
44
140
52
5
12
1
5
120
4
65
121
124
11
40
110
105
29
131
83
94
122
141
20
56
27
134
132
94
69
58
60
102
78
137
11
50
36
142
34
73
104
79
24
96
2
61
37
36
69
113
126
106
96
16
41
41
76
23
90
53
139
126
50
99
116
76
109
29
115
13
139
77
98
31
100
31
28
119
78
80
120
81
45
10
26
42
25
88
73
49
71
25
71
93
64
14
112
86
115
28
125
67
82
114
107
21
54
83
58
7
44
87
33
48
103
4
77
2
72
109
133
124
6
9
101
100
57
70
89
108
97
133
35
74
46
19
22
130
63
32
87
46
66
135
82
92
59
12
17
106
127
51
61
102
32
62
134
43
128
27
21
103
91
1
116
127
39
115
48
118
1
77
119
66
79
132
61
38
110
28
23
32
64
81
34
29
47
21
91
13
111
28
117
67
87
125
144
46
96
72
86
106
89
128
131
85
40
54
69
115
30
134
122
74
107
130
139
64
101
41
126
80
139
99
61
129
128
132
143
121
86
129
68
51
11
9
37
70
111
31
105
6
60
73
138
120
49
127
51
104
24
35
124
1
14
106
65
76
26
58
84
71
85
49
99
110
93
125
31
9
102
7
104
19
43
89
15
114
30
122
52
55
112
11
123
57
21
113
144
44
124
130
112
12
88
92
42
94
20
131
71
98
2
5
109
84
87
59
82
4
95
50
78
90
4
136
103
68
42
78
118
22
103
37
116
69
142
108
35
96
83
44
34
22
95
116
50
90
97
39
75
94
18
54
121
107
55
102
93
63
24
73
26
46
119
60
136
16
126
113
76
58
105
77
81
62
75
7
25
59
40
3
141
82
88
114
23
56
83
133
91
108
92
97
142
137
38
117
53
15
53
33
19
140
74
17
138
45
16
72
3
10
135
47
109
43
100
17
36
127
13
98
27
25
36
33
66
2
52
67
100
8
101
133
12
123
70
135
140
65
14
80
6
20
8
62
137
18
32
141
79
27
5
120
63
10
48
57
45
143
134
41
29
56
133
121
109
97
85
86
98
99
111
112
100
88
76
64
63
51
52
53
65
66
54
55
43
42
30
31
19
7
6
5
17
18
30
29
41
40
39
38
50
49
37
25
13
1
2
14
15
3
4
16
28
27
26
25
37
49
61
62
74
75
87
99
111
110
122
123
135
136
137
138
126
114
113
101
89
90
78
77
65
53
41
29
28
40
52
64
76
88
100
112
124
125
137
138
139
127
115
103
91
92
93
94
106
105
117
129
141
142
143
131
119
118
130
142
141
140
128
116
104
105
106
107
108
96
84
83
82
81
80
68
56
44
32
20
8
9
10
11
12
24
36
48
47
59
60
72
71
70
69
57
45
46
58
57
45
33
34
35
23
22
21
33
34
46
58
70
69
68
67
79
80
92
91
79
67
55
56
44
32
31
43
42
54
66
78
77
89
101
113
125
126
114
102
90
102
103
104
116
115
127
139
140
128
129
117
118
130
131
119
120
132
144
143
144
132
120
108
96
95
107
95
94
93
81
82
83
84
72
71
59
60
48
47
35
36
24
12
11
23
22
10
9
21
20
8
7
19
18
6
5
17
16
4
3
2
1
13
14
15
27
26
38
39
51
50
62
63
75
87
86
74
73
61
73
85
97
98
110
109
121
122
123
124
136
135
134
133
134
1
13
14
15
27
26
25
37
49
50
62
61
73
74
75
87
86
85
97
98
99
111
123
122
110
109
121
133
134
135
136
137
125
126
114
113
101
100
88
76
77
65
66
54
53
52
64
63
51
39
40
28
16
17
5
4
3
2
1
13
25
26
38
39
40
41
29
30
42
43
31
19
20
8
7
6
18
30
31
32
44
45
33
34
35
23
22
21
9
10
11
12
24
36
48
47
59
60
72
84
96
95
83
71
70
82
81
93
105
117
118
119
120
108
107
106
94
82
70
58
46
45
57
69
68
56
55
67
79
78
90
102
103
91
92
80
81
93
94
106
118
130
131
132
144
143
142
141
140
139
138
137
136
124
112
100
99
87
88
89
101
102
114
115
127
128
116
104
105
117
129
128
129
130
131
132
144
143
142
141
140
139
138
126
127
115
116
104
103
91
92
80
79
67
68
69
57
56
55
54
42
43
44
32
33
34
46
58
59
71
83
95
107
119
120
108
96
84
72
60
48
47
35
36
24
12
11
23
22
10
9
21
20
8
7
19
18
6
5
17
16
4
3
2
14
15
27
28
29
41
53
65
66
78
90
89
77
76
75
74
62
63
64
52
51
50
38
37
49
61
73
85
86
98
97
109
110
122
121
133
134
135
123
111
112
113
125
124
59
22
69
57
6
3
17
7
97
23
138
46
133
91
79
85
93
124
55
92
134
127
27
41
70
77
90
142
7
128
2
17
66
100
11
51
83
111
135
42
110
64
88
16
33
116
49
44
137
140
68
144
109
34
82
136
55
95
24
13
143
140
102
19
30
139
118
31
99
141
35
83
39
78
5
124
106
47
121
144
8
15
131
81
67
9
120
4
53
98
27
52
103
73
58
105
118
99
133
137
21
98
123
75
101
16
125
25
122
106
114
94
138
126
43
31
96
128
136
92
3
5
142
29
96
78
79
68
29
81
12
129
24
38
43
113
126
100
48
57
1
60
84
93
70
49
105
80
89
62
65
41
25
47
48
36
123
86
64
9
32
120
30
58
132
76
67
18
80
107
87
32
13
116
88
10
54
22
117
111
2
91
28
63
19
130
131
95
46
53
56
73
11
86
104
35
63
26
28
113
14
45
119
50
65
52
85
112
94
18
75
103
109
90
1
134
71
14
139
4
36
60
44
71
59
40
39
6
121
76
20
72
62
12
69
77
26
84
104
87
34
21
51
141
127
125
38
143
102
89
33
37
45
15
110
101
66
42
108
117
135
61
8
115
130
112
97
54
20
74
129
37
50
10
82
56
72
74
40
122
61
132
108
107
115
119
114
23
114
126
75
106
19
110
64
120
103
47
70
74
76
133
131
66
79
65
81
138
16
5
50
4
60
24
142
24
3
54
10
18
77
76
88
14
101
12
127
137
102
115
2
9
62
20
80
91
49
135
59
90
116
74
142
36
94
40
68
23
42
105
19
29
31
71
14
13
82
53
139
93
125
109
30
119
17
20
68
114
64
22
84
61
57
58
35
72
109
111
99
63
90
113
86
143
38
111
131
27
6
37
33
79
95
120
40
23
44
31
104
60
34
101
138
50
32
25
33
141
58
121
108
34
61
7
8
124
1
45
13
136
85
48
37
10
128
67
73
119
89
42
25
105
100
26
83
3
141
96
134
144
41
8
87
32
21
9
26
106
11
95
11
97
122
18
4
86
96
52
134
52
69
56
123
100
45
140
129
98
122
55
5
126
102
43
44
43
70
48
118
36
87
51
41
92
104
57
67
39
97
129
139
65
93
135
7
140
56
77
130
22
47
1
6
110
78
35
125
112
130
38
103
118
54
27
132
133
71
78
127
28
17
116
117
92
117
62
124
55
107
94
72
91
39
69
89
132
108
121
112
73
66
51
15
81
82
137
75
46
21
107
2
59
115
98
136
53
80
113
29
144
49
85
88
15
128
83
28
99
143
12
16
46
63
30
84
123
