##Rat 7 Day 29
 ##rewards
62
51
129
##Vertices
133
134
122
110
109
97
85
73
61
49
37
25
26
38
39
40
52
53
41
29
30
18
6
7
8
20
21
9
10
22
23
11
12
24
36
48
47
46
45
57
56
44
32
33
34
35
36
48
60
59
58
70
69
68
67
55
43
42
54
66
65
64
76
75
63
51
50
62
74
86
87
88
100
112
113
125
137
138
126
127
139
140
128
129
141
142
143
131
119
120
108
96
84
72
71
83
95
107
106
105
104
103
115
116
117
118
130
142
141
140
139
138
137
136
135
123
124
112
111
99
98
97
85
86
87
75
76
77
78
79
91
90
102
114
126
127
128
129
130
118
117
116
115
103
104
92
93
94
82
81
80
68
67
66
65
64
52
40
28
27
15
14
2
3
4
16
17
5
6
7
19
18
17
5
4
16
15
3
2
1
13
1
13
14
26
25
37
49
61
73
74
62
63
51
50
38
39
27
28
29
41
53
54
42
30
31
19
20
8
9
21
33
32
31
43
55
56
44
45
46
34
22
10
11
12
24
23
35
47
59
60
72
84
83
71
70
58
57
69
81
82
94
95
96
108
120
132
144
143
144
132
131
119
107
106
105
93
92
80
79
91
90
78
77
89
101
100
99
98
110
111
123
122
121
109
121
133
134
135
136
124
125
113
114
102
101
89
88
12
24
36
35
23
22
10
9
21
33
45
44
32
31
30
18
19
20
8
7
6
5
4
3
15
14
2
1
13
25
37
49
50
51
39
38
26
27
28
40
52
53
41
42
54
66
65
64
63
62
74
75
87
88
76
77
78
90
89
101
100
99
111
110
109
121
133
134
122
123
135
136
137
138
139
127
126
114
115
116
104
103
91
79
67
55
43
44
56
68
80
92
93
81
82
70
69
57
58
59
71
83
95
94
106
107
108
120
119
118
130
131
143
144
132
120
108
96
84
72
60
48
47
46
34
33
32
31
43
55
54
42
30
29
17
16
4
3
15
27
39
51
63
75
87
86
85
97
98
99
111
112
124
125
113
114
102
103
115
116
117
105
104
92
80
81
93
105
117
129
141
140
128
129
128
140
139
127
126
138
137
136
135
134
133
121
109
97
85
73
61
62
50
38
26
14
2
1
13
25
37
49
61
73
74
86
98
110
122
123
124
125
113
112
100
101
102
90
91
79
67
66
78
77
89
88
76
64
65
53
52
40
41
29
28
16
17
5
6
18
19
7
8
20
21
22
34
46
45
57
56
68
69
70
58
59
71
83
82
94
106
118
130
142
141
142
143
144
132
131
119
107
95
96
84
72
60
48
47
35
36
24
12
11
23
11
10
9
107
3
21
39
104
99
84
87
11
5
74
110
82
22
5
82
59
73
135
76
47
80
4
119
95
111
38
13
67
96
40
90
27
89
138
124
42
131
49
50
81
53
137
59
131
117
19
81
64
53
138
106
45
64
33
79
10
105
104
130
36
55
78
62
120
45
88
90
97
26
88
84
14
20
35
77
78
54
111
126
3
34
101
30
1
46
16
43
17
30
56
89
110
69
34
100
125
94
31
92
126
144
37
139
123
94
25
134
99
24
66
118
58
76
98
123
133
24
75
51
114
101
1
29
29
31
48
70
115
119
18
6
97
43
41
92
13
35
71
134
37
108
136
67
105
83
114
50
12
107
44
83
128
103
121
69
42
56
139
143
72
116
106
132
85
120
103
9
74
122
140
60
52
68
130
71
112
15
85
102
141
66
23
136
28
116
137
57
96
75
20
41
18
26
79
63
129
98
32
127
87
142
144
93
127
40
77
135
68
124
19
112
46
16
4
15
95
7
10
72
6
115
8
143
109
25
2
91
27
93
141
121
49
113
142
128
11
60
140
122
57
61
65
129
133
118
117
70
17
9
8
61
14
86
51
21
58
73
132
23
54
102
33
63
7
108
38
2
62
100
12
22
109
91
48
36
55
86
44
39
52
28
47
65
125
80
113
32
37
107
33
1
35
63
124
2
18
16
111
106
123
133
134
34
89
75
94
106
90
139
41
77
19
95
23
90
30
10
16
64
92
30
43
88
125
104
11
72
39
71
27
85
107
97
136
115
10
21
74
33
9
6
24
61
124
24
58
7
81
48
114
40
131
17
127
133
80
59
56
21
50
130
53
8
105
87
66
119
25
37
73
93
101
58
116
91
13
80
40
52
143
32
65
38
84
118
25
76
122
139
136
19
69
26
65
79
71
36
113
101
15
73
60
98
86
97
67
144
144
41
70
75
27
104
140
130
141
131
135
1
96
49
62
17
135
113
52
142
42
26
46
28
129
38
111
68
47
55
50
82
110
86
46
22
119
69
142
4
62
78
29
43
7
53
98
109
54
121
28
89
108
128
77
102
23
132
137
112
12
47
99
92
110
29
31
120
6
61
76
78
67
137
35
70
45
114
2
127
5
74
95
96
108
20
84
15
120
126
36
51
140
129
117
49
44
34
81
60
4
57
11
83
112
105
125
5
14
14
48
115
91
100
44
109
126
20
118
141
42
39
9
88
63
143
100
103
13
94
85
22
59
116
66
64
99
72
103
123
82
68
132
18
138
121
117
3
122
128
87
83
138
102
31
93
3
55
57
56
51
79
32
8
45
12
54
134
144
132
131
130
118
119
120
108
96
95
83
84
72
71
70
58
59
60
48
47
46
34
22
23
35
36
24
12
11
10
9
8
20
19
31
32
44
45
57
69
68
80
79
91
92
93
81
82
94
106
105
117
129
128
140
141
142
143
144
132
120
119
107
106
105
104
116
115
103
102
114
126
125
137
138
139
127
115
114
113
101
100
112
111
110
122
123
124
136
135
134
133
121
109
97
98
86
85
73
61
49
50
62
74
75
63
64
52
40
28
27
26
25
37
38
39
51
63
75
87
99
100
88
76
77
89
90
78
66
67
55
43
42
54
53
65
64
52
51
39
27
15
14
13
1
2
3
4
5
6
7
8
9
21
33
45
46
58
57
56
44
43
31
30
18
17
29
41
40
28
16
17
16
15
14
13
1
2
3
4
5
6
7
19
18
30
29
41
42
54
53
65
66
78
77
76
88
89
90
91
103
102
101
113
112
111
99
87
86
74
62
50
38
26
25
37
49
61
73
85
97
98
110
109
121
133
134
122
123
135
136
124
125
137
138
126
127
139
140
128
129
141
142
143
131
130
118
117
116
104
92
80
79
67
55
56
68
69
70
71
83
82
81
93
94
95
107
108
96
84
72
60
59
47
48
36
35
23
24
12
11
10
22
34
33
32
20
21
1
2
3
4
16
17
5
6
7
8
9
10
11
12
24
23
35
36
48
47
46
45
57
56
44
43
31
30
42
54
66
65
64
76
75
63
51
50
38
39
27
26
14
13
25
37
49
61
73
85
86
98
97
109
121
133
134
135
136
124
123
122
110
111
112
100
101
89
90
91
103
102
114
113
125
126
127
128
129
141
140
139
138
137
136
135
123
111
99
87
88
100
99
87
75
74
62
63
64
52
40
41
53
54
55
67
68
80
79
78
77
65
53
52
51
39
40
28
29
41
42
30
18
19
20
32
33
21
22
34
46
58
59
60
72
71
83
84
96
95
107
108
120
119
131
132
144
143
142
130
118
117
116
104
105
93
81
69
70
82
94
106
118
117
105
104
92
93
81
69
57
58
59
60
72
84
83
71
70
82
94
106
107
95
96
108
120
119
131
132
144
143
142
130
129
141
140
128
116
115
103
115
114
126
127
139
138
137
125
124
112
113
101
102
90
89
88
76
77
78
66
67
79
91
92
80
68
56
55
43
31
19
18
17
29
28
27
15
16
15
14
26
38
50
62
74
86
98
110
122
134
133
121
109
97
85
73
61
49
37
25
13
1
2
3
4
5
6
7
8
20
21
9
10
22
23
11
12
24
36
48
47
35
34
33
45
44
32
8
12
28
121
28
107
35
71
101
48
118
7
87
23
86
78
90
10
70
144
56
19
88
10
134
123
1
31
3
110
129
109
127
42
81
120
79
93
118
144
20
8
41
49
86
66
88
85
7
114
87
140
97
23
119
98
35
9
52
58
31
65
138
6
113
15
128
93
54
32
52
25
136
135
53
111
56
72
4
99
116
134
63
29
120
33
48
115
46
33
14
39
71
44
104
59
61
116
92
34
16
130
103
89
50
53
85
115
128
141
34
73
140
74
51
82
16
37
9
132
108
50
132
43
81
14
90
58
96
133
2
135
40
137
4
11
75
113
94
141
45
122
19
136
109
124
66
105
114
47
117
108
83
60
41
55
59
55
13
129
112
68
77
131
79
30
29
84
75
21
122
91
84
117
47
70
26
65
63
25
43
124
133
139
119
67
95
46
101
106
69
69
110
78
137
100
68
77
6
57
24
76
15
89
111
17
106
11
30
105
24
94
103
83
27
54
91
96
22
130
143
126
40
17
26
38
104
73
42
61
74
37
1
20
38
21
27
36
100
125
98
32
2
142
13
60
97
143
44
51
5
3
92
99
64
80
126
62
64
80
18
39
102
67
102
142
5
112
125
18
82
123
45
127
22
36
131
107
121
138
12
57
139
62
95
72
49
76
14
35
122
99
126
43
15
13
79
26
58
131
119
48
41
21
105
113
9
133
30
118
22
98
93
66
108
23
8
121
128
93
87
143
133
53
136
134
64
75
113
75
99
94
141
73
48
56
3
130
112
66
61
45
120
60
115
38
96
77
94
138
100
116
10
67
117
137
144
54
98
142
68
11
37
20
1
118
81
49
35
123
141
61
122
74
57
18
140
65
91
63
134
74
140
31
83
39
130
26
20
107
37
16
11
70
89
34
19
125
4
97
50
30
132
126
42
92
117
40
23
127
110
41
36
83
82
128
2
65
107
96
124
59
103
43
101
47
78
86
28
67
135
50
55
112
71
53
137
29
51
63
52
13
111
69
24
45
4
14
125
8
76
18
109
116
104
102
69
59
120
127
124
76
46
29
49
88
129
19
78
39
24
2
12
79
64
85
144
44
51
33
102
6
121
57
95
87
92
97
22
72
86
90
36
12
52
101
55
71
139
108
143
114
77
42
91
114
106
84
135
40
85
142
6
109
105
1
31
95
28
54
44
7
46
10
89
132
104
115
90
17
123
106
82
139
27
5
81
38
68
62
47
111
110
60
131
100
70
103
58
119
84
7
136
32
27
32
80
5
25
17
138
72
16
73
80
15
9
88
62
34
25
129
56
33
21
3
1
13
25
37
38
50
49
61
73
85
97
109
121
133
134
122
123
135
136
124
112
100
101
89
88
76
75
63
64
65
66
54
42
43
31
30
29
17
16
28
27
15
14
2
3
4
5
6
7
8
20
21
9
10
11
12
24
36
48
47
35
23
22
34
46
45
57
56
68
80
81
69
70
58
59
71
83
95
107
108
96
84
72
60
48
36
35
34
33
32
44
45
33
32
31
19
18
30
42
41
40
52
53
65
77
78
90
91
79
67
55
54
53
41
29
28
40
39
51
52
64
63
62
74
86
87
99
98
110
111
112
113
125
137
138
126
127
139
140
128
129
141
142
130
131
143
144
132
120
119
118
106
94
93
105
104
103
102
114
115
116
117
118
106
105
93
92
104
103
102
101
113
125
137
138
139
127
126
114
115
116
117
129
128
140
141
142
130
131
143
144
132
120
119
107
108
96
95
94
82
81
82
70
71
83
84
72
60
59
47
46
58
57
69
68
56
44
43
55
67
66
78
79
80
92
91
90
89
77
76
75
74
62
50
51
39
27
26
38
26
14
15
16
17
18
19
20
21
22
23
24
12
11
10
9
8
7
6
5
4
3
2
1
13
25
37
49
61
73
85
86
98
97
109
110
122
121
133
134
135
136
124
123
111
99
100
88
87
133
121
109
110
111
112
124
125
126
127
139
138
137
136
135
123
122
134
135
136
137
138
126
114
113
101
102
90
91
79
80
68
56
55
54
66
78
77
76
75
63
51
50
62
61
49
37
25
26
27
39
38
37
49
61
73
85
97
98
99
87
86
74
75
87
88
100
101
89
90
78
79
67
68
69
81
93
105
104
116
128
129
117
118
130
131
119
107
108
96
95
94
82
83
84
72
71
59
58
57
45
46
34
22
10
11
12
24
23
35
36
48
60
72
84
96
108
120
132
144
143
142
141
140
139
127
115
103
91
92
80
81
69
70
58
57
45
33
21
20
19
31
32
44
43
42
30
18
6
5
17
29
41
53
65
64
52
40
28
16
15
14
13
1
2
3
4
5
6
7
8
7
19
18
30
29
17
16
4
3
15
14
2
1
13
25
26
38
39
27
28
40
52
51
50
62
63
64
76
88
89
77
65
53
41
42
54
66
67
55
56
44
43
31
32
20
8
9
10
9
21
33
34
22
23
11
12
24
36
35
47
46
47
48
60
59
71
70
82
83
95
107
106
118
130
131
119
120
132
144
143
142
141
140
128
129
117
105
106
94
93
92
104
116
115
103
102
114
113
112
100
99
111
110
98
86
74
73
85
97
109
121
133
134
122
123
124
125
45
111
58
139
143
132
54
103
109
21
15
96
141
66
115
58
80
14
42
35
137
16
2
29
99
61
27
56
63
124
119
127
68
96
120
110
107
10
45
40
44
86
18
117
136
76
128
135
1
114
92
3
52
84
9
30
4
47
105
123
28
25
43
78
24
39
120
9
51
52
95
129
59
93
108
70
3
46
12
138
14
55
53
49
25
34
67
74
33
57
94
65
60
5
53
79
123
122
62
109
82
119
69
105
28
60
116
19
70
137
57
54
135
130
83
89
133
7
127
140
112
32
139
101
64
26
75
10
38
124
132
36
15
5
77
106
136
86
71
50
103
56
133
99
46
49
104
42
41
106
117
92
143
39
87
115
82
125
78
29
113
16
87
73
104
1
90
88
13
142
118
6
122
41
79
71
118
134
23
20
140
31
114
68
83
21
11
131
101
17
126
22
100
91
33
35
48
43
131
125
2
30
80
142
13
95
7
36
98
51
144
88
23
40
77
121
72
63
111
24
97
85
113
128
116
107
81
126
22
18
17
130
84
97
129
38
102
37
93
32
121
108
37
141
91
98
89
73
47
65
100
26
8
59
27
67
31
61
138
19
69
144
66
64
102
44
11
4
90
76
34
62
20
75
110
55
12
6
85
72
94
134
8
81
48
74
112
50
21
103
23
32
100
140
107
106
87
70
69
12
135
57
26
110
87
40
94
62
17
76
78
37
111
50
21
112
93
25
122
47
59
2
114
94
68
74
82
39
109
141
114
75
108
97
136
37
19
55
138
81
107
134
65
22
117
15
88
5
26
29
8
13
101
34
18
113
142
132
99
45
27
83
7
77
109
33
115
106
115
120
79
32
30
39
57
122
121
80
66
79
73
50
102
4
124
66
136
64
127
72
34
131
112
113
91
24
123
63
124
5
1
67
20
13
11
89
46
93
25
1
23
86
130
110
16
68
47
98
28
96
126
22
85
95
137
60
14
51
139
10
56
64
49
31
30
139
44
15
14
3
12
140
45
143
137
129
51
83
104
16
20
41
63
41
101
100
90
84
130
49
132
38
133
92
92
116
28
81
73
125
40
42
85
77
120
143
144
144
24
10
128
95
6
59
3
53
61
108
116
72
35
4
141
6
123
135
119
125
91
131
29
76
111
55
11
56
117
53
90
52
70
43
82
58
54
60
69
99
7
103
38
33
96
52
54
104
65
18
118
128
74
36
62
48
75
78
36
89
44
43
9
9
17
129
134
61
31
126
98
71
119
27
118
102
42
133
35
105
46
71
19
8
58
88
142
67
84
86
48
97
121
138
105
2
80
127
