##Rat 3 Day 10
 ##rewards
127
116
38
##Vertices
52
91
26
94
71
110
132
102
50
113
142
31
59
120
75
95
22
109
93
35
77
101
114
19
63
138
24
121
97
78
51
72
6
139
80
137
76
88
124
20
37
88
58
97
143
109
13
53
132
90
5
48
36
51
2
1
3
120
94
99
33
111
6
16
46
136
79
134
46
105
72
57
84
35
8
14
104
71
115
102
60
11
47
7
130
45
34
22
53
20
39
64
105
28
66
11
85
2
92
39
48
89
99
73
49
1
3
14
117
15
138
85
68
134
111
42
140
112
42
123
64
87
32
92
144
24
25
119
113
69
107
29
114
84
73
96
82
116
98
40
4
139
108
104
12
17
140
69
61
115
38
101
70
100
56
18
44
30
136
32
83
62
74
124
44
59
17
91
5
110
38
119
76
10
15
41
82
12
106
81
131
130
30
52
65
49
106
8
25
131
78
34
65
75
26
41
112
68
47
86
61
81
29
63
80
57
89
143
55
107
43
122
103
54
127
36
95
60
117
74
10
23
21
62
9
18
54
67
28
43
77
133
116
135
19
45
67
144
129
23
126
31
7
128
96
142
125
100
27
98
16
108
121
133
40
141
128
9
122
37
86
125
55
135
93
27
4
126
129
90
50
118
141
87
103
137
118
56
21
79
58
70
123
83
33
13
127
66
64
114
129
65
75
5
43
126
125
125
79
49
67
100
94
24
121
118
30
71
115
122
65
51
76
2
10
75
45
139
104
58
11
18
134
55
87
84
123
142
137
138
16
8
58
28
18
51
52
69
131
107
30
49
90
109
59
64
43
22
96
28
11
1
15
72
120
108
50
81
4
71
57
117
42
39
33
35
109
89
27
143
98
88
102
86
53
92
107
70
36
42
138
26
118
23
130
34
110
101
130
55
21
4
73
97
33
135
139
35
73
97
29
77
27
105
89
6
103
77
40
37
126
124
48
25
111
144
141
57
95
1
20
46
124
144
41
117
32
3
13
113
116
45
10
84
91
92
85
19
106
38
56
95
127
98
93
47
25
66
40
54
112
50
83
99
103
5
128
116
142
123
80
115
79
83
17
78
91
31
38
101
128
24
74
15
113
121
76
94
60
21
48
85
22
105
69
120
106
61
110
143
127
133
72
81
141
119
68
46
140
32
67
44
2
36
19
132
88
9
61
140
7
129
34
135
14
63
112
82
114
63
132
31
136
3
14
133
17
62
87
59
131
90
96
93
137
26
111
102
78
52
68
44
99
82
9
108
12
74
66
134
62
8
7
54
119
60
122
104
86
53
12
56
70
41
20
23
16
80
29
100
47
37
136
39
6
13
12
24
36
48
47
59
60
72
84
96
108
120
132
144
143
131
130
142
141
129
117
105
104
92
93
81
82
70
69
68
67
55
43
42
30
31
32
20
21
33
34
22
23
11
10
9
8
7
6
5
17
16
4
3
2
1
13
25
37
38
26
14
15
27
39
40
52
53
65
77
76
64
63
51
50
62
74
86
98
97
85
73
61
49
37
25
26
27
28
29
41
40
28
29
30
18
19
31
43
44
45
57
56
68
80
79
91
90
78
66
54
55
56
44
32
33
45
46
58
57
69
70
71
83
95
94
106
107
119
118
117
116
128
140
139
127
126
138
137
125
124
136
135
123
122
134
133
121
109
110
111
99
87
88
100
101
102
103
115
114
113
112
111
99
100
88
89
101
102
103
104
116
128
140
139
138
126
127
115
114
113
112
124
125
137
136
135
123
122
134
133
121
109
110
98
97
85
86
87
75
76
75
63
62
74
73
61
49
50
38
39
51
52
64
65
53
41
42
54
66
67
79
78
77
89
90
91
92
80
81
82
83
71
59
58
46
34
35
47
35
23
22
21
20
19
18
17
16
15
14
13
1
2
3
4
5
6
7
8
9
10
11
12
24
36
48
60
72
84
96
95
107
108
120
119
131
132
144
143
142
141
129
130
118
106
105
93
94
1
2
3
4
16
17
5
6
7
8
9
10
11
12
24
23
35
36
48
47
46
45
57
56
44
43
31
30
42
54
66
65
64
76
75
63
51
50
38
39
27
26
14
13
25
37
49
61
73
85
86
98
97
109
121
133
134
135
136
124
123
122
110
111
112
100
101
89
90
91
103
102
114
113
125
126
127
128
129
141
140
139
138
137
136
135
123
111
99
87
88
100
99
87
75
74
62
63
64
52
40
41
53
54
55
67
68
80
79
78
77
65
53
52
51
39
40
28
29
41
42
30
18
19
20
32
33
21
22
34
46
58
59
60
72
71
83
84
96
95
107
108
120
119
131
132
144
143
142
130
118
117
116
104
105
93
81
69
70
82
94
106
118
117
105
104
92
93
81
69
57
58
59
60
72
84
83
71
70
82
94
106
107
95
96
108
120
119
131
132
144
143
142
130
129
141
140
128
116
115
103
115
114
126
127
139
138
137
125
124
112
113
101
102
90
89
88
76
77
78
66
67
79
91
92
80
68
56
55
43
31
19
18
17
29
28
27
15
16
15
14
26
38
50
62
74
86
98
110
122
134
133
121
109
97
85
73
61
49
37
25
13
1
2
3
4
5
6
7
8
20
21
9
10
22
23
11
12
24
36
48
47
35
34
33
45
44
32
116
85
69
16
97
123
88
121
104
39
71
110
142
79
105
72
31
45
136
98
119
31
2
108
117
107
99
137
64
1
9
30
83
101
112
22
70
61
96
98
135
11
1
25
91
141
40
64
77
19
103
127
97
126
38
53
24
90
55
131
63
23
125
26
104
128
100
85
102
128
51
17
142
140
68
50
29
37
76
106
120
129
133
122
81
75
36
27
116
72
8
51
115
19
5
89
37
34
135
27
63
57
32
126
129
83
43
101
22
13
127
48
144
10
20
65
54
44
118
46
40
139
92
61
79
54
100
96
112
38
130
111
4
5
21
86
107
103
33
49
110
111
121
7
58
84
143
29
77
39
144
80
35
12
3
114
9
17
109
18
30
43
138
12
73
11
132
18
137
124
65
41
81
6
62
35
73
82
68
15
105
76
75
88
55
66
46
140
115
50
74
52
141
67
119
134
117
53
84
102
7
15
21
94
71
78
34
42
10
44
32
108
109
20
89
47
139
48
26
2
113
52
13
24
122
93
70
134
99
47
59
25
86
66
4
125
87
8
120
49
95
143
95
45
56
78
131
28
6
136
23
14
118
82
124
93
56
58
87
69
94
57
92
138
60
123
67
106
59
33
114
74
16
60
113
62
130
14
90
91
28
41
36
3
132
80
42
133
21
63
5
6
116
24
117
66
84
135
37
40
86
87
105
111
124
36
47
137
56
144
19
110
78
130
123
56
92
70
136
107
48
97
102
133
101
128
140
120
134
136
138
111
75
13
27
38
53
31
50
91
20
15
34
130
106
52
92
83
21
82
61
19
62
122
109
142
53
76
131
61
18
72
58
125
142
20
79
107
110
59
58
90
71
97
50
32
23
45
134
17
63
44
100
14
81
86
119
104
49
11
39
114
103
91
109
65
104
44
135
59
38
81
28
7
54
117
28
42
90
143
88
32
65
68
3
129
125
94
25
113
64
16
127
133
73
73
87
42
33
122
14
72
5
26
22
141
96
85
74
118
85
29
2
128
64
69
103
95
99
1
94
36
29
2
115
108
35
46
68
144
12
89
67
129
67
15
77
93
127
27
108
60
3
52
112
9
106
31
26
51
93
143
126
37
23
13
99
10
105
22
43
4
54
138
8
12
18
62
132
83
82
77
120
24
66
119
101
98
75
98
121
10
41
1
115
78
118
40
60
139
141
7
80
124
17
100
113
48
126
57
30
9
88
123
84
57
140
70
11
25
114
41
43
132
8
34
35
116
76
4
46
131
95
74
112
139
47
51
16
102
55
33
137
30
79
6
80
55
39
121
71
49
89
45
96
69
144
132
120
108
107
95
96
84
72
60
48
36
24
12
11
23
22
10
9
21
33
45
44
56
57
69
70
82
81
80
79
91
103
102
114
115
116
128
129
117
118
130
131
143
142
141
140
139
138
137
125
124
136
135
134
133
121
109
97
98
110
122
123
111
99
100
88
89
77
65
64
76
75
87
86
74
62
50
38
37
49
61
73
85
97
109
110
111
112
113
101
100
112
113
114
126
127
115
103
104
105
93
92
80
68
67
55
54
66
78
90
91
92
104
116
117
105
106
94
93
81
82
83
71
59
58
46
47
35
34
33
32
20
8
7
19
18
6
5
17
16
4
3
15
14
2
1
13
25
26
27
39
51
52
40
41
42
43
31
30
29
28
27
39
40
52
53
41
42
43
44
32
20
8
7
6
18
19
31
30
29
28
16
17
5
4
3
15
14
2
1
13
25
26
38
37
49
50
51
63
64
63
75
74
62
61
73
85
86
98
99
87
88
76
77
89
101
102
90
78
79
67
66
65
53
54
55
56
68
69
70
71
83
95
94
106
118
119
107
119
131
130
129
128
127
126
125
124
123
122
121
133
134
135
136
137
138
139
140
141
142
143
144
132
120
108
96
84
72
60
59
47
48
36
35
23
24
12
11
10
9
21
22
34
46
45
57
58
133
134
122
110
111
123
135
136
137
125
126
138
139
127
115
116
128
140
141
129
117
118
119
131
130
142
143
144
132
120
108
96
95
83
82
94
93
105
104
103
91
90
78
77
89
101
102
114
113
112
100
99
98
86
85
97
109
121
133
134
135
123
124
112
100
88
87
75
76
64
63
62
50
49
61
73
74
75
63
51
52
40
39
27
15
14
26
38
37
25
13
1
2
3
4
16
17
5
6
7
8
20
19
18
30
31
43
44
45
46
34
22
10
9
21
33
32
31
30
29
28
40
41
42
54
53
65
66
67
79
80
81
69
68
56
55
43
44
32
33
34
35
23
11
12
24
36
48
60
72
84
96
108
107
106
105
117
116
104
92
93
81
82
70
71
59
58
57
45
46
47
59
47
35
23
11
12
24
36
48
60
72
84
83
71
70
58
57
69
68
56
55
67
66
54
42
41
53
65
77
76
64
52
51
39
27
28
29
17
18
19
20
21
22
10
9
8
7
6
5
4
16
15
3
2
1
13
14
26
25
37
38
50
49
61
62
74
73
85
86
98
97
109
121
122
110
111
99
87
88
89
90
78
79
80
92
91
103
115
127
126
114
102
101
113
125
124
136
137
138
139
140
128
129
141
142
130
131
143
144
132
120
119
118
106
94
95
107
39
18
133
2
74
118
23
84
7
3
4
26
120
91
114
5
108
85
127
41
14
45
38
89
50
94
55
141
20
111
144
76
107
105
97
34
1
72
1
21
59
143
110
143
52
10
7
140
101
93
110
82
115
85
33
115
71
99
63
118
129
13
140
65
106
14
100
61
6
47
46
109
31
119
133
107
49
29
112
2
83
49
111
32
126
56
125
23
138
136
102
37
54
128
127
70
67
132
18
22
6
69
11
27
92
25
103
56
32
40
64
21
33
139
4
117
39
53
141
104
90
75
36
93
13
17
41
109
28
36
81
45
123
60
124
77
73
51
96
114
106
9
131
101
135
22
24
28
98
79
87
72
66
43
105
90
137
136
86
98
134
30
129
19
54
130
120
142
88
91
103
16
116
17
132
122
139
82
48
8
60
79
86
26
142
42
96
44
58
10
81
95
29
52
15
89
64
124
69
78
25
62
131
34
50
92
57
43
104
24
27
80
80
123
46
76
75
51
77
88
65
35
12
135
73
84
35
74
113
62
137
5
125
99
144
102
122
138
134
11
55
61
100
68
63
128
12
126
48
3
31
19
37
67
97
83
8
117
38
108
95
94
59
40
113
9
30
130
16
66
116
57
112
20
70
44
58
15
78
42
121
68
53
47
71
87
119
121
14
15
96
13
59
54
87
76
42
38
101
35
79
13
44
124
127
25
90
52
73
73
133
114
109
9
1
48
121
95
79
144
60
48
127
76
67
36
58
57
50
126
115
77
51
58
80
102
116
83
2
119
45
17
108
53
131
62
137
128
51
38
85
31
110
63
37
4
10
2
141
107
47
87
54
43
132
3
118
119
33
132
5
19
131
130
99
45
71
41
62
63
97
37
64
101
143
17
3
100
66
107
11
135
124
28
93
21
88
64
138
70
133
71
110
105
43
74
42
93
140
106
68
61
8
122
61
143
30
26
55
75
19
6
9
123
10
78
88
16
14
136
125
128
92
24
134
67
97
94
117
137
30
98
112
1
40
113
34
90
135
22
122
16
103
117
49
120
27
113
111
91
89
18
81
121
98
92
69
72
140
60
40
80
75
22
29
74
52
55
138
39
26
129
114
59
106
46
139
141
8
126
25
27
68
28
108
47
32
23
120
33
44
56
118
41
50
86
96
139
49
83
65
29
32
82
85
70
31
81
15
102
4
78
35
12
136
77
53
7
65
34
111
104
72
20
69
11
46
115
89
142
7
66
84
112
99
109
134
94
129
82
84
123
130
86
125
23
24
56
103
39
36
142
91
105
21
57
12
6
5
20
95
116
18
104
100
144
1
13
25
26
27
28
16
17
18
19
7
6
5
4
3
15
14
2
3
4
5
6
18
30
29
41
42
54
55
67
68
80
92
91
90
78
66
65
64
63
75
87
86
74
73
85
97
109
110
111
99
98
97
85
73
61
49
37
38
39
51
50
62
63
51
52
40
41
53
54
66
67
79
80
81
69
57
45
44
32
20
21
33
34
22
23
35
47
48
60
59
58
70
71
72
84
83
95
94
93
105
106
118
130
142
143
144
132
131
119
120
108
96
84
72
60
48
36
24
12
11
10
9
8
7
19
31
43
55
56
68
69
81
82
94
93
105
117
129
128
127
115
116
104
103
102
114
126
138
137
125
113
101
89
77
76
88
100
112
124
123
122
121
133
134
135
136
137
138
139
140
139
127
126
114
113
125
124
136
135
123
122
134
133
121
109
110
98
99
111
112
100
88
87
86
74
75
76
64
52
53
65
77
89
101
102
90
78
79
91
92
104
103
115
116
128
140
141
142
141
129
117
118
130
131
143
144
132
120
119
107
106
107
108
96
95
83
82
70
71
59
47
46
34
22
23
35
36
24
12
11
10
9
8
20
21
33
45
46
58
57
56
44
32
31
43
42
30
29
28
40
39
27
26
38
50
62
61
49
37
25
13
1
2
14
15
16
17
144
143
142
130
131
119
120
132
144
143
142
141
140
139
138
137
136
135
123
111
110
109
97
85
73
61
49
50
38
37
25
26
14
2
3
4
16
15
27
39
51
63
62
74
75
76
64
52
53
54
42
43
55
67
66
65
77
78
79
91
103
104
116
128
129
117
118
106
94
95
96
108
107
106
105
93
81
69
68
80
92
93
105
104
92
80
79
91
90
89
88
87
86
98
99
100
101
102
114
113
112
124
125
126
127
115
114
113
101
100
88
87
75
76
64
52
40
41
29
28
27
39
40
41
42
30
31
32
44
56
57
45
46
34
33
21
22
23
35
47
48
36
24
12
11
10
9
8
20
19
18
17
5
6
7
8
9
21
33
34
46
58
59
60
72
84
83
71
70
82
94
95
107
119
118
117
116
115
103
102
90
89
77
78
66
67
68
69
81
82
83
71
70
58
59
47
35
23
22
10
11
12
24
36
48
60
72
84
96
108
120
132
131
130
129
141
140
128
127
139
138
126
125
137
136
135
123
124
112
111
99
98
110
122
121
122
134
133
134
133
121
109
97
85
86
74
73
61
62
63
51
50
49
37
38
26
25
13
1
2
1
13
14
15
3
4
16
28
29
30
18
17
5
6
7
19
20
32
31
43
44
45
57
56
55
54
53
65
