##Rat 7 Day 25
 ##rewards
62
51
129
##Vertices
133
121
122
134
135
123
124
136
137
125
113
112
100
101
102
114
126
138
139
140
128
127
115
116
117
118
106
107
95
94
93
92
91
103
104
105
117
129
141
142
130
131
143
144
132
120
108
96
84
72
71
83
82
81
80
68
67
66
65
77
76
64
52
40
41
42
54
55
43
31
32
44
45
33
21
20
8
9
10
11
12
24
23
22
34
46
47
35
36
48
60
59
58
57
56
68
69
70
82
81
69
70
58
57
56
55
43
42
30
18
17
16
15
14
26
38
37
49
50
62
63
51
39
27
28
29
41
53
52
40
28
29
30
31
19
7
6
5
4
3
2
1
13
25
37
49
61
73
85
86
74
75
87
99
111
110
109
97
98
99
111
112
113
114
102
90
89
88
87
75
63
51
39
38
50
62
61
73
74
86
85
97
98
110
109
121
133
134
122
123
135
136
124
125
137
138
126
127
139
140
128
116
115
103
91
90
78
66
54
53
65
64
76
88
100
101
89
77
78
79
67
79
80
92
104
105
93
94
106
118
119
107
119
131
130
129
141
142
143
144
132
120
108
96
95
83
84
72
71
59
60
48
47
35
36
24
12
11
23
22
10
9
21
33
34
46
45
44
32
20
8
7
19
18
6
5
17
16
4
3
15
14
2
1
13
25
26
27
12
11
23
24
36
35
47
48
60
59
58
46
45
57
69
70
71
72
84
96
95
83
82
94
106
118
117
129
128
116
104
92
80
81
93
105
106
107
108
120
119
131
132
144
143
142
141
140
139
138
126
127
115
103
91
90
78
66
54
55
43
42
41
40
52
64
65
77
76
75
87
88
100
99
98
86
85
97
109
121
133
134
122
110
111
112
124
123
135
136
137
125
113
101
89
90
102
114
115
103
102
114
113
101
89
77
76
64
63
62
50
38
26
14
15
16
4
5
17
18
30
29
28
27
39
51
52
53
41
40
39
51
63
75
74
73
61
49
37
25
13
1
2
3
4
5
6
7
8
20
19
31
32
33
34
22
10
9
21
33
34
46
58
70
69
68
56
44
32
31
30
29
28
16
17
18
6
7
19
20
8
9
21
22
10
11
12
24
23
35
36
48
47
59
60
72
71
83
84
96
95
94
82
81
80
68
67
66
65
53
54
42
43
44
45
57
56
55
67
79
78
79
91
92
93
105
104
116
117
118
130
129
130
131
119
107
108
120
132
144
143
142
141
140
128
127
139
138
126
125
137
136
124
123
135
134
133
121
122
110
109
97
98
99
111
112
100
88
87
86
85
73
74
62
61
49
50
38
37
25
26
14
13
1
2
3
15
27
31
62
82
32
76
102
78
97
73
80
103
69
69
68
10
54
70
94
26
55
8
86
17
82
45
74
51
138
99
135
20
35
141
101
85
97
94
143
60
87
120
98
68
106
107
140
98
105
130
132
4
114
134
47
107
92
16
134
121
76
115
11
23
108
124
113
29
126
39
73
116
126
38
71
60
106
125
112
47
17
127
6
59
43
52
138
109
104
131
93
123
35
117
64
23
67
93
95
92
24
112
122
27
110
40
34
13
15
61
26
105
41
114
4
61
96
72
131
140
12
8
42
59
66
80
39
117
11
63
25
72
78
49
21
2
41
7
90
108
142
88
25
127
144
137
87
110
56
53
99
58
70
71
27
129
103
14
101
84
19
38
32
121
86
46
48
141
75
132
85
3
128
133
15
46
77
104
16
91
7
30
33
21
42
57
130
22
64
20
119
2
55
63
66
18
143
137
84
122
30
67
14
43
139
58
22
136
40
19
119
5
54
57
12
83
129
133
9
124
91
29
50
51
28
3
115
56
50
52
37
44
81
65
44
95
100
45
53
144
135
89
13
96
102
128
77
9
62
24
118
5
81
120
142
18
79
28
48
139
36
118
123
90
111
100
109
113
88
116
10
34
75
125
1
1
83
89
36
31
37
136
33
74
79
49
65
111
6
127
35
65
91
78
13
83
141
58
119
66
7
44
24
33
120
54
92
124
139
4
138
36
111
38
44
79
133
67
47
131
136
21
31
74
98
121
99
60
89
106
56
71
55
1
9
62
86
63
76
133
48
41
12
132
26
100
45
8
128
49
114
129
102
58
80
3
113
66
126
54
18
57
117
78
107
12
3
60
25
90
144
19
117
101
115
135
19
27
122
118
96
49
40
75
95
97
59
130
121
81
51
17
52
93
140
69
37
10
136
87
112
87
43
90
17
11
20
142
50
103
102
115
65
139
70
68
18
143
103
34
107
88
21
8
10
131
77
29
48
86
116
32
94
22
5
126
41
6
15
59
123
14
13
20
2
143
37
61
30
55
101
137
39
84
74
81
27
23
125
24
82
64
29
135
73
16
22
134
119
61
111
31
82
46
30
105
72
14
79
76
56
95
144
75
85
67
7
104
124
38
84
141
47
28
110
113
94
57
43
99
68
1
42
134
130
80
128
116
109
132
53
50
26
114
100
45
71
5
98
35
9
34
25
51
122
33
11
40
129
123
96
46
88
120
53
105
83
73
23
92
28
142
125
104
112
72
108
15
64
42
118
52
93
63
110
127
77
39
36
140
89
16
138
91
85
32
6
109
108
62
4
70
106
137
2
97
69
1
2
3
4
16
15
27
26
14
13
25
37
49
61
62
50
51
39
38
37
49
50
51
63
75
74
86
87
99
98
97
85
73
61
62
63
64
76
77
78
66
54
42
43
31
32
44
45
33
34
46
47
35
23
22
10
11
12
24
36
48
60
72
84
96
108
120
132
144
143
142
130
131
119
118
117
105
104
103
91
92
80
68
56
55
67
79
80
81
93
94
95
107
106
94
82
70
58
57
69
81
82
83
71
59
60
48
47
46
34
33
21
9
8
7
19
20
32
31
30
29
17
5
6
18
30
42
41
40
52
53
65
64
76
88
89
90
102
114
115
127
126
138
137
125
113
101
100
112
124
136
135
123
122
110
109
121
133
134
135
136
137
138
139
140
128
116
115
103
91
79
67
68
56
55
43
44
45
57
69
70
58
59
71
72
84
83
95
96
108
107
106
105
93
92
104
116
128
129
141
142
143
144
132
120
119
131
130
118
117
129
141
140
139
127
126
125
113
114
102
101
100
112
124
123
111
99
111
110
122
134
133
121
109
97
98
86
85
73
74
75
87
88
89
90
78
77
65
66
54
53
52
40
39
38
26
25
13
1
2
14
15
3
4
5
6
7
8
9
10
11
12
24
36
35
23
22
21
20
19
18
17
16
28
27
28
29
41
144
132
120
108
107
119
118
130
131
143
142
141
140
139
127
128
116
117
129
141
140
128
116
115
114
126
125
113
112
124
136
137
138
139
127
115
103
102
90
78
79
80
81
69
70
58
57
45
46
34
33
21
22
23
35
36
24
12
11
10
9
8
7
6
5
4
3
2
1
13
25
26
14
15
27
39
40
52
64
65
53
54
55
56
68
67
66
54
42
41
29
17
16
28
29
30
31
32
44
43
42
30
18
19
20
8
9
21
33
34
46
47
48
60
72
71
59
58
70
82
94
95
96
84
83
82
81
93
105
104
92
91
103
102
101
89
77
76
75
63
62
74
73
85
86
87
88
100
99
98
97
109
110
122
123
135
134
133
121
109
97
85
73
61
49
50
51
63
64
65
66
67
55
56
68
69
57
45
44
43
31
32
20
19
7
6
18
17
5
4
16
28
40
41
53
52
51
50
38
37
25
13
1
2
3
15
14
26
27
39
38
37
49
61
62
74
86
87
75
76
88
100
99
98
110
111
112
111
123
122
121
133
134
135
136
124
125
137
138
126
114
113
101
89
77
78
90
91
79
80
92
104
105
117
129
130
142
143
144
132
131
119
120
108
96
84
72
60
48
36
24
12
11
10
22
23
35
47
59
71
83
95
107
106
118
106
94
93
120
29
60
27
43
143
142
79
13
127
142
73
99
95
40
57
81
44
114
122
86
65
115
75
110
23
134
98
83
29
136
35
25
77
45
61
32
64
28
69
118
100
10
87
112
31
22
42
93
7
139
75
89
119
140
31
59
50
69
60
37
106
121
97
88
101
54
125
102
66
123
38
135
67
105
30
118
107
62
108
9
6
116
115
49
52
138
3
103
101
7
111
133
88
19
78
33
49
131
58
84
35
71
86
136
55
39
140
70
121
32
46
41
82
123
130
71
36
131
2
27
26
52
47
102
132
72
73
1
55
128
34
24
61
59
47
20
15
26
74
54
42
96
33
139
13
77
58
78
120
11
89
80
128
12
98
90
137
100
15
97
129
79
124
51
133
16
37
44
74
106
3
41
111
30
112
113
34
4
82
144
126
28
53
68
67
6
56
48
43
11
124
117
119
5
129
21
141
36
70
109
91
93
65
104
17
9
108
25
45
113
105
135
23
8
5
19
84
126
137
72
134
1
46
94
104
143
10
109
21
38
62
63
94
127
12
76
51
16
50
39
91
107
83
116
99
57
64
2
85
8
24
92
18
80
90
18
117
68
20
130
76
138
63
53
14
66
22
81
48
56
87
4
85
14
92
125
114
40
96
103
141
144
132
17
110
95
122
57
107
37
13
86
132
45
3
125
73
122
92
56
119
37
99
108
50
98
25
97
100
66
33
15
121
87
90
17
18
21
64
62
74
103
140
109
118
11
131
65
102
10
134
2
101
88
55
139
50
108
89
5
124
36
92
63
72
43
87
111
43
52
75
30
3
77
140
98
104
29
31
63
80
20
28
144
8
90
117
113
61
133
62
143
38
120
70
110
104
78
93
7
28
4
55
44
7
56
39
23
72
118
136
47
60
9
65
4
22
51
119
143
59
34
96
67
95
99
25
41
36
47
10
123
39
91
142
89
67
121
20
110
109
46
141
101
97
2
128
82
6
42
45
14
144
138
54
122
71
60
23
73
120
135
68
24
58
137
132
114
131
141
116
142
130
31
1
103
85
133
70
85
127
112
61
79
113
68
129
83
21
15
54
100
77
24
78
136
48
86
16
52
14
83
19
1
76
115
91
106
75
105
32
30
33
116
95
35
38
74
105
59
53
79
76
129
57
111
41
106
22
93
94
26
84
6
18
35
71
81
51
27
138
16
26
127
46
34
96
64
12
137
102
53
94
81
44
49
114
69
13
8
84
130
58
117
107
135
12
82
88
139
80
42
17
48
123
128
29
40
9
40
5
11
112
32
134
126
27
19
49
125
69
124
126
115
66
1
13
14
15
27
39
40
28
29
17
5
4
3
2
1
13
25
37
38
26
25
37
49
61
73
85
97
109
121
133
134
135
123
122
110
111
99
98
86
74
75
87
88
76
77
65
66
78
90
91
92
80
79
67
68
69
70
58
59
71
83
84
72
60
48
47
46
34
33
21
20
19
31
32
44
45
57
56
55
43
42
41
53
54
42
30
18
6
7
8
9
10
22
23
35
36
24
12
11
10
9
8
7
6
5
4
16
17
29
41
40
52
51
63
64
76
88
89
101
113
125
137
138
126
114
115
103
104
116
117
105
93
94
106
107
119
131
130
142
143
144
132
120
108
96
95
94
82
81
69
57
56
55
54
53
65
77
89
90
102
101
100
112
124
136
137
138
139
140
128
127
115
116
117
105
93
81
80
68
67
66
78
79
91
92
104
103
102
114
113
112
100
99
87
75
63
64
52
51
39
27
28
16
15
3
2
14
26
38
50
62
50
49
61
62
74
73
85
86
98
97
109
121
133
134
122
110
111
123
135
136
124
125
126
127
139
140
128
129
141
129
141
142
130
118
106
118
119
131
143
144
132
120
108
107
95
96
84
72
71
83
82
70
58
59
47
35
34
46
45
33
32
44
43
31
30
18
19
20
21
22
23
11
12
24
36
48
60
144
143
131
119
118
117
105
106
94
95
96
108
120
132
144
143
142
141
129
130
142
141
140
139
138
137
136
135
134
133
121
109
110
122
123
111
112
124
125
126
114
113
101
102
90
91
79
78
77
65
53
54
66
67
55
43
31
32
20
19
18
6
7
8
9
21
33
34
46
47
59
71
70
58
57
45
44
56
68
69
81
93
92
80
81
82
83
84
72
60
48
36
35
23
22
10
11
12
24
36
48
60
72
84
96
108
107
95
94
93
105
104
116
115
103
102
101
89
88
87
86
85
73
74
75
63
64
52
51
39
40
41
29
28
16
15
14
26
25
13
1
2
3
4
5
17
29
30
42
43
44
56
68
80
92
91
90
89
77
76
88
100
99
98
97
85
73
61
49
50
62
63
51
39
40
41
42
54
55
67
79
78
66
65
53
52
64
76
75
87
99
100
112
113
114
115
103
104
116
117
118
106
107
119
120
132
131
130
129
128
127
128
140
139
127
126
138
137
125
124
136
135
134
133
121
122
123
111
110
109
97
98
86
74
62
61
49
50
38
37
38
37
25
26
27
28
27
15
14
13
1
2
3
4
16
17
5
6
7
19
18
30
31
32
20
21
22
34
33
45
46
58
57
69
70
82
83
71
59
47
35
23
24
12
11
10
9
8
135
36
13
40
140
68
121
29
24
67
120
83
116
33
82
8
102
79
16
10
11
38
79
61
56
7
114
20
134
69
18
30
67
58
104
128
143
64
122
144
130
56
71
88
139
135
127
105
126
8
70
33
39
106
123
43
141
91
70
73
90
21
73
100
98
37
72
127
84
10
101
63
72
2
93
52
65
23
37
140
6
55
117
92
76
45
103
91
19
112
116
128
88
54
39
52
31
131
124
18
131
3
24
100
62
80
126
11
96
16
27
14
38
41
75
51
103
47
109
57
49
143
69
6
139
25
109
66
58
130
102
87
50
9
30
17
66
1
119
142
12
22
57
4
125
123
129
124
81
61
111
26
113
1
86
17
46
55
107
82
87
133
141
28
117
89
5
99
115
95
60
89
59
120
108
41
118
78
77
60
9
65
129
34
5
59
22
53
110
47
78
98
95
76
85
12
118
63
97
34
28
3
46
93
62
43
7
96
50
94
106
42
132
125
71
113
99
32
51
31
68
44
136
83
49
35
144
75
48
86
111
97
138
137
85
119
25
74
122
40
32
14
15
53
136
35
142
2
54
74
44
90
134
110
48
15
64
4
77
45
92
107
105
137
36
80
132
81
13
19
84
20
26
94
115
21
121
133
101
42
112
29
138
23
108
27
114
104
132
51
139
86
28
41
24
21
126
73
32
30
110
60
35
132
20
69
2
22
143
2
89
43
12
125
48
37
63
93
33
128
119
58
52
62
137
47
97
8
38
94
118
120
9
138
45
107
142
141
21
117
81
19
23
24
45
5
127
3
96
75
57
37
92
95
94
25
49
140
109
115
62
71
27
124
33
64
42
35
103
87
58
105
123
140
57
88
36
142
138
101
56
61
104
52
70
116
77
48
103
137
84
51
134
99
5
105
10
78
136
115
77
46
18
66
108
55
128
4
125
23
127
66
32
85
144
68
79
7
59
40
50
80
8
144
78
14
13
100
36
30
15
11
29
90
96
31
50
129
114
7
16
99
101
122
14
12
56
82
46
41
134
11
141
123
76
100
117
84
68
80
9
38
88
44
27
135
98
82
15
112
39
93
91
6
74
3
67
83
111
124
121
53
16
109
81
26
126
71
19
143
60
102
135
70
18
4
119
129
139
113
22
43
133
74
121
67
89
1
40
91
1
83
107
86
17
110
73
44
130
76
102
85
114
116
39
53
120
25
113
118
106
49
34
122
59
34
90
6
47
17
106
63
54
20
65
97
108
55
29
131
28
65
42
130
64
61
87
95
72
136
104
75
92
112
98
13
133
69
111
26
54
31
10
79
72
131
