##Rat 2 Day 40
 ##rewards
18
29
107
##Vertices
30
6
129
31
76
137
53
97
75
34
2
134
24
133
5
69
32
18
45
109
73
110
12
79
142
64
88
113
52
25
45
98
83
107
1
43
44
116
67
35
8
49
24
13
120
43
132
20
108
38
82
51
114
135
30
119
38
95
57
5
27
55
120
136
23
23
69
137
115
50
124
58
84
136
119
103
28
81
54
90
126
77
90
62
60
101
135
42
82
125
63
46
125
4
33
58
93
105
54
55
28
96
99
67
74
116
123
131
118
75
85
10
139
6
66
143
91
103
3
50
22
140
138
36
102
16
64
109
51
14
121
27
108
104
9
29
16
101
110
72
40
86
134
21
143
9
96
117
57
17
37
61
52
127
84
122
115
63
78
112
94
105
93
44
60
31
49
92
91
65
33
35
1
20
124
47
37
41
128
95
8
36
66
129
100
80
138
89
99
59
11
80
40
4
128
18
2
14
141
140
133
131
98
113
78
79
53
48
118
3
121
142
73
122
106
10
26
111
102
132
70
12
74
117
47
144
97
130
94
83
114
56
22
48
19
68
7
7
87
85
15
21
106
141
13
62
56
34
72
107
17
32
104
29
39
65
41
88
77
46
100
126
92
11
112
25
89
70
39
139
86
19
42
26
59
123
61
68
130
127
81
76
71
71
87
15
144
111
113
69
46
118
7
64
20
54
65
144
9
90
143
60
70
97
137
8
21
49
15
70
130
119
58
26
56
62
49
85
21
132
2
16
56
134
93
86
59
18
138
99
111
107
90
11
89
39
66
19
62
135
137
105
95
51
9
86
100
17
22
112
81
30
55
31
135
13
125
30
121
45
33
64
67
32
7
136
52
106
37
92
60
75
47
127
125
87
76
8
14
91
112
133
50
139
44
48
23
122
83
136
3
126
140
128
83
126
73
67
101
71
51
102
104
99
5
4
144
142
80
42
25
16
82
98
107
131
77
22
69
27
141
116
108
143
38
129
108
91
34
109
12
2
85
36
79
34
36
115
54
115
10
17
39
113
71
88
4
74
117
72
14
140
68
124
29
82
42
118
106
65
88
55
73
15
110
76
100
63
94
1
26
93
117
53
72
37
57
40
120
18
133
127
119
78
120
61
61
96
79
139
38
94
132
28
33
138
41
31
78
130
28
50
48
98
24
131
77
52
114
29
102
109
59
74
134
142
111
121
105
96
75
68
40
110
32
84
47
10
45
25
11
92
27
129
44
87
128
122
58
3
57
103
20
81
123
35
63
19
103
41
46
6
12
123
23
89
43
84
24
5
66
43
114
1
6
53
116
35
13
101
95
124
104
97
80
141
12
24
36
48
60
59
58
70
71
72
84
83
82
81
80
68
69
57
45
46
47
35
23
11
10
22
34
33
32
20
8
9
21
33
32
31
30
42
43
44
56
55
54
66
67
79
78
90
102
101
100
88
89
77
76
75
87
86
74
73
85
97
109
110
98
99
111
112
124
136
135
134
122
123
135
136
137
125
113
114
126
127
128
129
141
140
139
138
137
125
124
112
113
101
100
99
87
75
63
62
61
49
37
38
50
51
39
40
41
53
65
64
52
40
28
29
17
18
19
7
6
5
4
16
15
3
2
14
13
25
26
27
28
29
41
42
43
44
45
57
58
70
69
81
93
105
117
116
115
103
91
92
104
116
117
118
106
94
95
107
108
120
119
131
132
144
143
142
130
118
106
107
119
120
132
144
143
131
130
142
141
129
128
140
139
138
126
127
115
114
102
90
89
88
76
77
65
53
54
66
78
79
67
55
56
68
80
92
91
103
104
105
93
94
82
83
95
96
108
96
84
72
71
59
60
48
36
35
47
46
34
22
23
24
12
11
10
9
21
20
8
7
19
31
30
18
6
5
17
16
4
3
15
14
26
27
39
38
50
51
52
64
63
62
74
86
98
110
111
123
122
121
133
134
133
121
109
97
85
73
61
49
37
25
13
1
2
1
1
2
3
4
5
17
29
30
18
6
7
19
31
43
55
54
42
41
40
28
16
15
14
13
25
26
27
39
51
50
49
37
38
39
51
63
75
76
64
52
53
65
77
78
66
67
79
80
81
93
105
104
92
91
103
115
116
128
127
139
140
141
142
130
129
117
118
106
107
108
120
132
131
119
120
108
96
95
94
82
83
71
59
47
48
60
72
84
96
95
107
106
94
93
105
117
116
115
114
126
138
137
136
124
125
113
112
100
88
89
90
102
101
100
99
87
86
74
62
61
73
85
97
98
110
109
121
122
134
135
123
111
99
87
88
76
64
52
40
41
29
30
42
43
44
45
46
58
70
69
68
56
57
58
46
34
33
32
20
21
9
10
22
23
11
12
24
36
35
34
33
21
22
10
11
12
24
23
35
36
48
47
59
60
72
84
83
71
70
82
81
80
92
104
103
91
90
89
77
78
79
67
66
65
53
54
55
56
68
69
57
45
44
32
31
19
20
8
9
8
7
6
18
17
5
4
3
15
16
28
27
26
14
2
1
13
25
37
38
50
49
61
62
63
75
74
73
85
86
98
97
109
110
122
123
111
112
124
125
113
101
102
114
126
127
128
129
130
118
119
131
143
144
132
144
143
142
141
140
139
138
137
136
135
134
133
121
133
45
22
8
99
104
10
16
2
93
17
13
18
85
70
38
107
73
51
42
36
114
60
90
11
136
139
74
42
34
11
72
30
56
49
1
112
128
108
138
92
118
81
105
18
64
91
33
53
134
123
144
128
140
64
127
66
74
52
67
5
14
111
89
44
14
90
86
77
40
59
55
111
62
22
135
1
53
47
16
107
32
82
133
84
58
131
9
35
103
120
102
58
124
83
70
48
41
106
46
68
54
12
97
75
6
115
136
29
24
56
76
109
101
119
87
21
17
37
39
117
129
113
12
110
126
142
110
99
55
139
92
122
94
130
46
141
118
144
93
101
57
65
100
63
3
45
108
43
122
131
129
69
143
26
21
94
127
89
49
27
54
13
121
37
71
98
41
19
20
135
19
38
126
65
112
15
39
143
34
33
9
130
78
142
43
88
115
57
137
134
47
77
86
125
104
6
7
51
2
25
5
32
29
66
50
91
61
119
124
8
85
87
82
31
23
141
117
79
61
121
138
106
109
35
132
20
3
48
103
52
30
83
69
26
72
96
81
24
80
76
67
80
113
95
7
31
133
114
116
84
73
60
59
132
95
62
23
27
4
28
36
102
68
120
40
123
96
125
137
71
25
79
100
88
15
63
75
98
116
140
10
50
78
105
97
28
4
44
142
57
105
62
69
141
108
131
63
119
60
45
38
15
78
2
120
12
124
128
32
75
43
10
102
97
21
49
25
57
132
135
16
1
90
98
77
59
35
52
34
117
95
67
107
72
76
4
127
133
48
88
107
26
17
78
134
65
58
18
70
143
31
33
61
64
12
120
7
137
61
130
92
22
76
140
11
30
75
55
100
24
126
66
108
38
28
95
124
125
40
5
134
59
143
6
50
56
79
6
85
47
138
40
16
144
85
8
31
92
3
62
10
93
51
97
104
58
19
144
82
21
4
84
52
114
81
88
7
24
121
99
82
117
101
128
109
113
139
22
89
115
116
127
49
104
83
103
9
129
139
129
68
86
60
141
81
118
71
106
94
32
11
15
87
64
73
131
130
1
46
96
125
23
45
37
110
80
70
27
53
84
100
116
105
103
36
114
37
51
44
132
14
74
126
106
42
118
67
29
39
79
63
50
17
121
123
13
119
138
19
36
93
25
5
46
55
72
111
68
14
41
112
65
142
135
35
122
28
90
29
66
56
2
33
27
34
136
111
54
3
20
133
99
8
73
74
44
9
122
69
123
102
18
42
23
71
137
83
41
39
136
113
96
89
13
20
112
110
101
98
77
53
80
91
109
86
140
94
47
43
54
30
87
26
115
48
91
144
143
142
141
129
117
116
128
140
139
138
137
136
124
125
113
112
111
99
98
110
122
121
133
134
135
123
111
99
100
101
102
114
115
127
126
138
139
140
141
142
130
131
132
120
108
96
84
72
71
59
60
48
36
24
12
11
10
22
21
9
8
7
6
18
19
20
32
44
56
57
69
70
82
83
95
107
119
118
106
94
93
105
104
103
91
92
80
68
67
66
54
42
30
29
41
53
65
77
76
88
87
86
85
73
61
49
50
51
63
62
74
75
87
88
89
90
78
79
91
103
104
92
93
81
82
70
58
46
47
35
34
33
45
57
58
46
45
44
43
55
54
53
52
64
76
75
63
64
52
40
28
16
15
27
26
25
37
38
39
40
41
29
17
5
4
3
2
14
13
1
13
1
2
14
15
3
4
16
28
27
26
25
37
38
39
51
50
49
61
62
74
73
85
86
98
97
109
97
109
110
122
121
133
134
135
123
124
136
137
125
113
112
100
101
89
77
65
66
67
55
56
68
69
81
80
79
78
90
102
114
126
127
115
116
128
129
130
131
143
144
132
120
119
118
117
105
106
94
95
107
108
96
84
83
71
72
60
59
47
48
36
24
23
35
34
33
21
20
32
31
43
42
30
31
19
18
17
5
6
7
8
9
10
22
23
11
12
133
121
109
97
98
99
87
86
85
73
61
49
37
38
50
51
39
27
28
16
15
14
2
1
13
25
26
27
28
40
52
64
63
75
74
62
61
73
85
97
109
110
122
134
135
136
137
138
139
127
128
140
141
142
143
144
132
120
119
107
108
96
84
72
71
83
95
94
93
92
104
103
115
114
126
125
124
123
111
112
113
101
100
88
76
77
89
90
91
79
67
68
69
70
58
57
56
55
54
42
41
29
17
5
6
7
8
20
32
31
19
18
30
29
41
53
65
66
78
77
76
88
89
101
102
114
115
116
117
129
130
118
106
105
104
116
117
105
93
81
80
68
56
44
43
42
30
31
43
44
45
46
47
35
34
22
10
9
21
33
45
57
58
59
60
48
36
24
23
11
12
11
12
24
23
35
36
48
47
46
34
22
10
9
21
33
32
20
8
7
19
18
6
5
17
16
4
3
4
3
15
14
2
1
13
25
26
38
37
49
50
51
39
40
52
53
54
55
67
79
80
92
91
103
102
90
78
66
65
64
63
62
74
75
87
86
98
110
122
121
133
134
135
123
111
99
100
112
113
125
124
136
137
138
126
127
139
140
128
129
141
142
143
131
130
118
106
107
95
94
82
81
69
70
82
83
71
59
60
72
84
96
108
120
119
131
132
144
106
21
72
65
77
13
78
59
67
75
69
56
14
98
34
104
30
137
12
5
97
26
16
28
40
135
130
61
134
112
124
60
32
68
31
42
92
8
71
47
81
110
7
95
7
76
133
91
124
132
91
137
83
144
66
85
1
22
106
64
93
121
111
53
52
19
40
143
103
18
49
54
127
129
79
14
31
88
32
19
29
38
109
120
97
16
136
6
33
89
112
47
39
101
46
141
48
4
8
105
57
3
113
117
117
9
39
144
18
87
114
78
25
111
127
101
9
131
142
27
108
70
2
120
140
114
89
13
138
125
103
77
104
63
98
48
76
110
52
4
143
44
73
57
134
44
17
10
3
128
1
90
53
121
86
34
96
2
51
94
129
50
54
131
123
20
17
15
27
92
46
45
88
5
142
58
35
72
6
113
80
66
33
128
99
30
126
23
130
51
24
22
71
125
107
68
95
35
105
123
108
141
74
116
61
135
119
20
100
55
49
84
86
79
102
37
80
109
82
115
70
58
90
23
85
10
139
136
43
118
140
116
41
11
65
62
138
84
67
36
36
100
37
56
11
83
26
132
73
126
45
43
69
42
96
94
15
62
24
119
139
28
99
12
63
38
107
25
74
122
82
87
64
41
115
60
59
133
102
93
29
122
81
50
75
21
118
55
111
15
55
103
144
127
82
125
61
31
30
31
83
6
33
59
124
73
21
28
117
56
87
74
99
97
131
86
138
136
58
45
141
50
29
110
84
121
51
13
49
16
83
77
27
17
58
45
85
122
111
79
72
116
26
23
91
19
132
141
62
61
65
25
105
60
37
47
78
76
124
108
105
40
14
16
106
8
44
9
75
66
98
129
42
84
130
100
118
70
63
38
95
21
79
108
134
14
43
77
78
71
122
106
98
113
24
85
101
57
129
32
88
48
115
64
69
92
52
36
54
54
132
47
1
114
36
93
87
116
127
74
8
81
97
35
133
128
73
91
11
117
39
67
59
95
18
82
96
2
131
72
40
140
26
121
17
139
68
75
30
25
38
7
89
56
100
142
5
119
39
140
42
112
135
90
11
119
10
49
1
43
104
107
86
69
80
22
81
139
114
4
6
63
66
62
94
41
3
120
28
18
144
52
112
94
23
22
33
126
143
137
125
123
133
46
143
27
13
134
12
67
50
68
55
96
64
130
120
20
3
102
123
109
10
128
126
37
99
44
88
46
34
32
80
9
29
137
41
115
12
102
113
48
24
93
142
107
7
71
109
136
5
19
51
2
57
60
118
34
53
103
138
76
53
70
110
15
104
65
92
135
35
20
89
90
101
4
12
24
23
22
21
9
10
11
12
24
36
48
60
59
58
57
69
70
82
81
80
68
56
55
67
79
78
90
91
103
102
101
113
114
115
127
126
138
137
125
124
136
135
123
111
112
100
99
98
110
122
134
133
121
109
97
85
73
74
62
63
51
50
38
26
14
2
1
13
25
37
49
61
73
85
86
87
75
76
64
65
77
89
88
76
77
78
66
54
42
41
29
17
16
28
40
39
27
15
3
4
5
6
7
19
18
30
31
43
44
45
46
47
35
34
33
32
20
8
7
6
5
4
16
17
18
30
29
28
40
52
53
41
42
43
44
45
57
58
70
71
72
84
83
95
96
108
107
119
120
132
131
143
142
130
118
106
105
104
92
93
94
106
118
117
129
141
140
139
138
137
136
124
112
111
110
122
123
135
134
133
121
109
97
98
99
87
86
74
75
63
62
61
49
50
38
37
25
13
1
2
3
15
14
26
27
39
51
52
64
65
53
54
66
67
55
56
68
69
81
93
105
104
92
80
79
91
90
89
88
100
101
113
125
126
114
102
103
115
116
117
116
128
127
139
140
128
129
141
142
130
131
119
107
95
94
82
83
71
59
47
46
34
33
32
31
19
20
8
9
21
22
10
11
23
35
36
48
60
72
84
96
108
120
132
144
143
144
133
134
122
110
98
97
109
121
133
134
135
136
137
125
113
101
102
114
115
103
91
90
89
77
78
79
67
68
80
81
69
57
58
70
82
83
71
72
60
59
47
48
36
35
34
46
45
33
21
22
23
24
12
11
10
9
8
7
19
18
30
29
17
16
15
14
13
1
2
3
4
5
6
7
8
20
32
31
43
42
54
55
56
44
43
55
67
66
65
64
52
51
50
38
39
40
28
27
26
25
37
49
61
73
74
62
63
75
76
88
100
112
124
123
111
99
87
86
85
73
61
49
37
38
50
62
63
51
39
40
41
53
52
64
76
88
100
101
113
114
126
138
139
127
128
140
141
129
130
142
143
131
132
120
119
118
117
105
93
92
104
116
117
118
106
107
108
96
84
72
60
48
47
46
34
22
23
35
36
24
12
11
10
9
21
33
32
20
19
31
30
18
6
5
17
16
4
3
2
1
13
25
26
14
15
27
28
29
41
42
54
53
65
66
78
77
89
90
102
103
104
105
93
92
91
79
80
68
56
44
45
57
58
59
71
70
69
81
82
94
106
94
95
83
84
96
95
107
108
120
119
131
130
129
128
116
115
127
126
125
124
112
111
99
87
75
74
86
85
97
98
110
109
121
122
123
135
136
137
138
139
140
141
142
143
144
132
144
