##Rat 4 Day 47
 ##rewards
126
113
47
##Vertices
12
11
10
9
21
33
32
20
8
7
6
5
4
16
17
29
28
27
39
38
26
14
13
1
2
3
15
27
39
40
41
42
30
31
19
18
6
7
8
9
10
22
23
24
36
48
60
72
84
83
95
96
108
120
132
144
143
142
130
129
141
140
139
138
126
127
128
116
104
92
93
81
82
70
71
59
47
35
34
46
58
57
45
44
43
55
56
68
80
79
78
90
102
114
113
101
89
77
65
64
52
51
50
49
61
73
85
86
87
75
74
62
63
51
52
53
54
66
67
55
43
44
56
57
69
70
82
94
106
107
119
118
117
105
93
94
106
105
104
103
91
90
89
88
76
64
63
75
76
88
100
112
124
123
111
110
109
97
98
99
100
101
113
125
137
136
135
134
122
121
133
121
133
134
122
123
135
136
124
112
111
110
109
97
98
99
87
86
85
73
74
62
61
49
50
38
37
25
37
25
26
14
13
1
2
3
15
16
4
5
17
29
28
40
41
53
65
77
78
79
91
92
80
81
69
68
67
66
54
42
30
18
19
31
32
20
21
22
23
11
12
24
36
35
34
33
45
46
58
59
47
48
60
72
71
83
84
96
95
107
108
120
132
131
119
118
117
129
128
116
115
103
102
114
115
127
126
125
137
138
139
140
141
142
130
131
143
144
144
132
120
108
107
106
94
95
96
84
72
60
48
47
59
58
46
34
33
21
22
23
11
12
24
36
35
34
33
45
57
69
70
82
83
71
72
84
96
108
120
119
131
143
142
141
140
139
138
126
125
137
136
135
134
133
121
109
110
98
97
85
73
61
62
74
86
87
88
89
101
102
114
115
127
128
129
130
118
117
116
104
105
93
81
80
92
91
90
78
66
65
64
63
51
52
53
54
55
43
44
32
20
8
7
6
5
17
29
30
18
19
31
32
44
56
68
67
79
80
81
93
92
104
103
115
114
113
112
124
123
111
99
100
101
113
112
100
88
76
77
65
53
41
42
43
31
30
42
41
40
39
38
26
27
15
3
4
16
28
40
52
51
50
49
37
25
13
14
2
1
2
1
13
14
26
25
37
38
39
27
15
3
4
16
28
29
17
5
6
18
19
7
8
20
21
9
10
9
10
22
23
11
12
24
36
35
47
48
60
59
58
46
45
57
56
55
54
66
78
77
89
90
102
103
91
79
67
68
69
70
71
83
82
94
95
107
119
131
132
144
143
142
130
118
106
105
117
116
128
129
141
140
139
127
126
138
137
125
124
136
135
134
122
123
111
99
98
86
87
75
76
64
63
75
74
62
50
49
61
73
85
97
109
110
122
121
133
16
37
99
54
91
19
73
114
59
61
124
44
144
14
37
23
121
36
120
132
114
1
94
125
26
100
17
92
51
102
65
29
106
32
56
55
123
60
66
47
84
44
134
107
137
86
140
31
76
72
71
13
58
117
88
76
83
99
117
98
125
88
134
84
91
87
29
10
39
1
15
90
87
81
43
43
103
106
4
138
113
66
138
69
80
75
123
50
6
50
74
75
133
110
12
85
18
118
27
136
61
139
16
139
126
79
86
53
35
119
64
7
95
100
21
60
98
49
30
130
38
40
111
131
77
6
122
97
144
42
68
124
135
118
81
137
96
25
5
45
3
113
122
19
140
20
116
74
57
2
142
21
48
40
33
112
28
95
79
67
127
119
93
59
36
83
143
11
129
15
104
17
80
7
128
11
38
48
90
72
8
142
85
71
31
67
102
34
82
89
2
39
108
115
128
111
93
96
34
133
25
78
32
89
53
131
65
82
10
116
105
20
24
92
104
68
9
141
108
69
70
28
51
109
5
57
12
97
41
45
35
52
73
18
26
8
41
110
64
136
52
27
23
46
22
101
115
143
105
62
13
49
24
30
9
121
103
62
101
141
58
94
63
47
120
55
112
130
127
78
14
126
77
109
42
129
46
63
54
107
132
56
33
4
22
3
70
135
17
68
93
4
37
39
70
69
99
142
143
110
5
137
104
61
73
13
51
62
31
2
22
134
72
69
33
72
75
88
130
115
111
25
1
105
55
140
59
128
3
115
85
18
79
75
22
28
26
60
30
73
7
84
131
8
95
59
130
108
13
32
106
136
86
138
10
118
138
97
122
144
114
9
51
71
21
96
42
84
126
15
76
19
117
116
49
103
45
29
90
81
104
6
36
16
113
140
65
38
64
4
50
29
126
96
77
83
5
35
95
94
11
20
135
63
44
27
133
52
15
62
94
66
135
97
139
50
118
98
127
100
92
77
113
7
43
85
121
107
47
109
19
102
17
12
56
100
46
54
80
46
114
98
36
92
55
57
143
91
70
38
108
78
125
52
53
117
47
11
131
132
14
144
120
27
66
110
18
58
67
111
127
54
23
123
14
9
67
74
102
83
136
141
33
86
82
58
101
122
48
24
112
53
41
129
125
64
20
10
44
112
37
80
65
56
8
123
35
121
39
128
99
93
120
23
81
21
109
40
61
119
31
124
57
26
25
141
124
87
45
88
78
42
106
74
2
103
41
63
24
79
49
134
119
16
34
89
12
91
71
142
89
34
87
68
32
107
129
6
116
139
3
82
90
43
60
105
133
76
30
40
48
1
101
132
28
137
133
121
122
123
124
136
135
134
133
121
109
97
85
86
87
88
76
75
63
64
65
77
89
90
78
66
67
55
54
42
43
44
32
31
30
18
19
7
8
20
21
9
10
22
34
33
45
46
47
35
23
11
12
24
36
48
60
72
71
83
82
94
95
107
119
131
143
144
132
120
108
96
84
72
60
59
58
70
69
81
80
68
56
57
69
68
67
79
91
103
104
116
128
129
117
105
106
118
130
142
141
140
139
138
126
127
115
114
102
101
100
99
98
110
111
112
113
125
137
138
139
140
141
129
128
127
115
116
117
105
93
92
104
103
102
101
100
88
87
75
74
73
61
62
50
49
37
38
26
25
13
14
2
3
15
27
39
40
41
53
52
51
39
27
28
16
4
5
6
7
8
9
21
33
34
35
23
22
10
11
12
24
36
48
47
46
58
59
71
70
82
83
84
96
95
107
108
120
132
144
143
142
130
131
119
118
106
94
93
81
80
92
91
79
78
90
89
77
76
64
52
40
41
53
65
66
54
55
56
57
45
44
32
20
19
31
43
42
30
29
28
29
17
18
6
5
17
16
4
3
15
14
26
38
50
51
63
62
74
86
98
99
111
112
113
114
126
125
137
136
124
123
135
134
122
110
109
97
85
73
61
49
37
25
13
1
2
1
1
2
14
26
38
37
25
13
1
2
3
4
5
17
29
41
42
30
31
43
55
54
53
65
66
67
79
80
68
69
81
93
94
82
70
71
83
84
96
95
107
108
120
119
118
106
105
117
129
130
131
132
144
143
142
141
140
139
127
126
114
113
125
124
123
122
121
133
134
135
136
137
138
139
140
128
116
115
103
102
90
91
92
104
103
91
79
78
77
76
88
87
86
98
99
100
112
111
110
109
97
85
73
61
62
74
75
63
64
52
40
28
16
15
27
39
51
50
49
61
73
85
97
98
86
74
75
87
99
100
101
89
88
76
64
52
40
41
29
30
18
6
7
19
20
8
9
21
22
10
11
23
24
36
35
34
33
45
57
56
44
32
33
34
46
47
48
60
72
84
96
108
107
106
118
130
131
119
120
132
144
143
142
141
129
117
116
128
127
115
114
126
138
137
125
124
136
135
134
133
121
109
110
122
123
111
112
113
101
102
90
89
77
78
66
65
53
54
42
43
44
45
57
56
55
67
68
80
92
104
105
93
94
95
83
82
81
69
70
58
46
58
59
71
72
60
59
47
48
36
35
23
22
21
20
32
31
19
18
17
16
28
27
39
51
63
62
50
49
37
38
26
25
13
14
15
3
4
5
6
7
8
9
10
11
12
24
12
137
138
101
52
117
61
44
35
107
103
30
49
21
24
48
26
72
97
32
64
112
10
25
37
102
80
87
54
133
21
9
50
16
76
108
41
12
82
77
122
23
55
70
86
42
52
72
75
1
67
110
79
108
131
132
106
144
115
115
26
64
139
9
90
99
129
12
55
99
137
101
114
8
14
118
7
7
66
136
134
22
136
3
118
18
130
128
19
88
91
121
89
2
27
4
31
71
11
144
96
123
127
105
4
39
122
44
40
58
1
114
127
60
53
130
79
34
47
36
129
39
142
16
3
135
40
105
17
89
90
74
126
58
62
128
65
95
116
10
75
143
113
73
28
38
66
84
46
138
100
15
6
92
19
67
65
47
84
97
78
121
8
113
78
140
59
20
76
100
49
120
112
51
98
120
98
5
33
53
106
6
45
119
25
93
109
5
96
71
29
36
80
124
45
23
30
104
37
94
124
24
60
102
11
134
91
92
41
50
38
28
77
119
126
83
63
13
87
69
56
2
57
111
61
74
143
104
43
59
34
69
81
95
62
18
82
32
103
35
63
27
141
86
70
109
111
13
22
125
43
88
125
73
81
29
31
123
94
85
33
85
51
68
57
139
116
131
135
83
17
54
14
20
46
132
48
140
142
42
117
133
15
93
110
141
56
68
107
62
56
72
141
27
66
139
53
77
106
60
8
105
39
55
50
125
123
117
87
1
13
43
140
101
19
3
24
142
96
47
127
104
84
19
11
29
88
50
55
41
135
141
126
87
120
86
42
93
48
115
17
11
129
25
121
10
77
139
108
71
41
125
90
91
38
72
57
103
45
94
38
69
44
51
34
80
32
24
21
76
81
63
136
86
22
46
132
120
30
6
6
89
123
133
93
82
95
128
96
34
73
98
83
79
88
112
37
109
130
20
114
67
124
14
18
133
33
104
49
8
99
13
17
115
5
137
46
9
4
121
80
23
33
16
51
132
62
116
68
70
102
82
79
83
70
131
27
103
61
102
78
68
63
126
5
49
54
53
119
138
73
128
66
122
36
71
109
91
95
7
28
54
90
37
85
110
60
29
117
61
106
42
59
20
3
23
30
26
74
21
52
119
134
52
15
7
59
12
143
81
122
118
127
22
92
69
124
36
107
39
143
4
89
118
129
47
64
142
107
56
64
110
144
105
101
65
92
28
65
25
48
113
44
111
97
144
75
140
31
2
138
114
14
12
131
9
116
108
134
2
85
98
97
75
99
35
130
43
136
135
18
100
35
26
94
45
58
31
137
40
58
74
113
112
100
57
15
40
84
16
1
111
32
76
78
10
67
144
132
131
130
142
141
140
139
138
137
136
135
123
124
112
100
101
89
88
87
75
74
73
61
49
50
38
37
25
26
14
13
1
2
3
4
16
28
40
41
53
52
51
39
27
15
3
4
5
17
29
30
42
54
66
65
64
76
77
78
90
102
103
115
114
113
125
126
127
128
116
104
105
106
94
95
96
84
83
71
72
60
59
47
48
36
24
23
22
10
9
8
7
6
18
19
20
21
33
45
57
69
70
58
46
34
35
36
48
60
72
84
96
108
120
119
107
106
118
117
129
141
140
128
116
115
103
91
79
67
68
80
81
82
83
71
59
47
35
34
46
58
70
69
57
56
44
32
31
43
55
54
66
78
90
102
101
100
99
111
110
122
121
109
97
98
86
85
73
61
62
74
86
85
97
98
110
109
121
133
134
133
134
122
123
135
136
137
138
139
127
126
114
113
125
124
112
111
99
87
88
89
77
76
75
63
62
50
49
37
38
39
51
63
64
65
53
52
40
28
27
26
25
13
1
2
14
15
16
17
5
6
7
19
18
30
29
41
42
43
31
32
20
8
9
10
11
12
24
12
11
23
22
21
33
45
44
56
55
67
68
80
79
91
92
93
105
117
129
130
118
119
131
143
142
143
144
132
120
108
107
95
94
82
81
93
92
104
12
11
23
35
36
48
60
72
71
70
69
68
80
79
91
92
104
116
115
103
102
90
78
77
89
88
87
75
74
73
61
49
37
25
26
27
28
29
17
5
4
16
15
14
2
1
13
25
37
38
50
62
63
64
76
88
100
99
111
112
124
125
126
127
139
138
137
136
135
123
122
134
133
121
109
97
85
86
98
110
111
99
87
75
76
64
52
51
39
40
41
42
54
55
67
66
65
53
52
40
41
29
30
31
32
20
19
18
6
7
8
9
21
22
10
9
8
20
32
33
34
46
58
59
47
48
60
72
84
83
82
81
93
105
106
118
119
120
108
107
95
96
108
120
132
144
143
131
130
142
141
140
128
129
117
116
115
114
113
101
102
103
104
92
91
79
67
55
43
44
45
57
45
44
56
57
56
68
80
81
69
70
58
46
34
33
21
22
10
11
23
24
12
24
36
35
47
59
71
83
84
96
95
94
82
94
93
105
106
107
119
131
132
144
143
142
130
118
117
129
141
140
128
127
139
138
137
125
126
114
113
101
100
112
124
136
135
123
122
134
133
121
109
110
98
97
85
86
74
73
61
49
50
62
63
51
39
38
26
14
13
1
2
3
4
3
15
27
28
16
17
5
6
7
19
18
30
31
43
42
54
66
78
90
89
77
65
53
109
38
108
16
21
17
95
12
51
113
122
59
124
129
7
66
4
128
63
105
22
32
65
82
111
75
125
100
111
31
103
91
73
122
84
135
108
89
22
96
102
134
90
9
73
26
130
18
101
80
78
23
87
53
46
110
74
141
100
107
58
70
65
82
143
59
101
119
34
34
55
112
95
129
35
12
11
106
114
8
123
43
137
115
13
60
69
142
99
44
68
25
23
130
107
9
116
36
54
144
85
42
81
140
104
119
132
70
75
48
77
27
5
10
127
56
39
93
52
114
46
6
27
36
6
98
47
37
113
51
66
116
43
103
28
133
49
29
16
106
4
105
134
47
61
81
86
15
53
33
45
24
3
25
14
139
88
41
87
133
91
62
110
136
78
19
139
67
55
54
71
118
37
141
136
68
57
38
85
112
98
72
11
127
92
67
8
86
3
142
137
72
97
18
57
28
45
117
76
138
30
1
15
117
121
24
7
97
131
1
30
69
52
5
104
74
10
71
19
20
58
92
39
115
62
118
77
42
14
123
128
79
44
40
50
56
120
20
17
132
88
93
33
29
102
80
41
63
99
2
140
125
96
94
49
138
126
79
126
61
26
64
35
31
131
84
89
124
120
135
121
76
2
64
94
83
50
90
60
21
83
143
32
48
144
109
40
13
130
55
133
14
67
14
121
62
91
103
46
18
77
135
26
119
68
100
49
88
17
124
16
76
72
103
135
144
92
143
61
139
96
70
91
130
58
112
50
133
47
33
12
15
109
68
13
106
64
1
38
21
81
72
40
69
140
76
99
112
131
41
41
113
137
93
141
29
126
124
79
63
48
137
92
101
143
46
111
75
84
87
102
67
28
138
2
85
77
53
127
10
136
19
78
22
88
1
59
9
70
32
28
39
50
105
33
138
69
141
5
108
8
54
9
100
104
131
60
84
37
18
73
23
56
56
109
48
82
57
110
110
116
22
24
134
71
114
117
101
65
129
128
127
51
45
42
80
79
142
82
61
42
20
29
43
134
6
2
11
107
5
74
53
25
31
118
27
16
58
119
95
144
65
85
105
142
86
54
98
83
13
6
90
12
35
7
96
62
44
73
3
26
47
122
20
116
74
24
107
97
104
66
108
10
31
120
35
63
87
57
15
117
27
44
123
86
3
106
17
45
4
21
40
113
8
51
52
126
140
19
7
94
125
64
49
123
114
111
129
136
139
102
132
93
99
39
81
80
59
43
115
52
25
132
34
128
23
66
115
89
83
94
89
38
125
122
90
55
36
30
78
118
34
37
36
71
4
97
75
98
121
120
95
11
32
60
30
