##Rat 7 Day 3
 ##rewards
62
51
129
##Vertices
144
132
120
108
96
95
107
106
118
117
105
93
81
69
70
58
57
56
68
67
55
54
42
43
31
30
18
6
7
8
20
19
31
32
44
45
46
47
59
60
48
36
24
12
11
23
22
10
9
21
33
34
35
36
48
60
72
71
83
82
94
106
118
119
131
130
142
141
140
139
127
115
116
104
92
91
79
80
68
56
44
32
33
45
57
69
81
93
105
117
129
128
140
139
138
126
114
102
90
89
88
87
99
100
112
124
136
135
134
122
110
111
123
135
136
137
125
113
101
100
99
98
97
85
73
74
75
76
77
65
53
41
29
17
5
4
3
2
1
13
25
37
38
50
49
61
62
63
64
52
40
39
51
52
40
28
27
26
14
15
16
28
27
39
51
63
64
65
66
78
77
89
90
78
66
54
53
41
29
30
42
43
55
67
79
80
92
104
116
128
127
115
103
91
103
102
101
113
114
126
138
137
125
124
112
111
123
122
110
109
121
133
134
133
121
109
97
85
86
98
86
87
88
76
75
74
73
61
62
50
49
37
38
26
25
13
1
2
14
15
3
4
16
17
5
6
18
19
7
8
20
21
9
10
11
12
24
23
22
34
35
47
46
58
59
71
70
82
94
95
83
84
72
84
96
108
107
119
120
132
131
130
129
141
142
143
144
143
133
134
122
110
111
123
135
136
137
125
126
138
139
127
115
116
128
140
141
129
117
118
119
131
130
142
143
144
132
120
108
96
95
83
82
94
93
105
104
103
91
90
78
77
89
101
102
114
113
112
100
99
98
86
85
97
109
121
133
134
135
123
124
112
100
88
87
75
76
64
63
62
50
49
61
73
74
75
63
51
52
40
39
27
15
14
26
38
37
25
13
1
2
3
4
16
17
5
6
7
8
20
19
18
30
31
43
44
45
46
34
22
10
9
21
33
32
31
30
29
28
40
41
42
54
53
65
66
67
79
80
81
69
68
56
55
43
44
32
33
34
35
23
11
12
24
36
48
60
72
84
96
108
107
106
105
117
116
104
92
93
81
82
70
71
59
58
57
45
46
47
59
47
35
23
11
12
24
36
48
60
72
84
83
71
70
58
57
69
68
56
55
67
66
54
42
41
53
65
77
76
64
52
51
39
27
28
29
17
18
19
20
21
22
10
9
8
7
6
5
4
16
15
3
2
1
13
14
26
25
37
38
50
49
61
62
74
73
85
86
98
97
109
121
122
110
111
99
87
88
89
90
78
79
80
92
91
103
115
127
126
114
102
101
113
125
124
136
137
138
139
140
128
129
141
142
130
131
143
144
132
120
119
118
106
94
95
107
78
53
134
65
18
31
74
68
58
51
59
84
132
72
129
46
76
70
29
22
8
17
125
23
142
121
76
143
48
30
52
112
86
44
48
85
54
60
65
128
109
6
123
26
1
87
66
86
34
138
3
12
6
120
99
80
93
77
58
110
73
105
78
105
140
130
113
139
79
8
75
56
40
104
12
113
55
102
50
95
13
144
20
9
134
94
49
136
64
135
100
103
82
106
18
5
7
7
67
102
3
10
114
15
23
129
127
39
14
115
13
55
91
32
108
116
124
131
43
15
68
34
20
1
120
63
24
40
96
29
24
130
97
62
139
19
36
117
88
137
72
37
47
79
93
33
75
118
87
136
126
112
25
122
42
28
125
137
44
36
107
51
61
16
95
52
132
108
140
128
53
106
98
2
138
135
117
47
141
73
83
89
111
119
5
30
32
25
54
101
11
100
84
126
26
114
81
122
104
41
17
107
103
74
27
43
60
33
119
77
59
38
4
91
4
50
62
123
39
111
42
2
63
28
10
67
115
133
16
90
45
121
124
89
92
57
45
96
109
99
142
41
118
88
56
21
46
83
82
85
38
27
94
9
71
127
61
110
37
69
80
31
49
70
92
141
101
22
69
35
19
98
131
71
143
81
64
35
66
11
133
90
21
116
144
57
14
97
37
130
114
27
6
140
27
102
54
98
84
68
44
106
134
22
141
22
70
12
136
121
38
131
109
133
80
88
62
55
36
119
28
2
45
118
138
127
113
142
4
116
13
136
72
63
53
124
120
144
25
9
88
8
4
95
23
135
94
129
129
115
31
137
16
56
69
41
132
45
76
20
7
58
121
123
66
40
15
53
11
57
130
105
61
83
6
128
30
117
51
77
32
61
24
143
86
3
46
95
58
117
133
137
103
75
111
143
87
93
89
139
72
43
47
123
79
74
23
107
66
65
105
50
15
55
46
70
42
57
85
141
64
91
83
28
47
49
25
17
127
34
19
1
108
138
101
89
3
60
77
14
63
49
59
99
131
134
10
35
11
51
107
52
96
30
110
78
16
93
96
7
56
50
62
109
68
64
18
39
114
85
100
76
54
24
87
82
103
41
26
102
125
38
113
91
108
111
12
82
19
80
104
37
71
139
48
73
1
98
34
35
135
86
18
104
94
60
67
52
144
142
21
90
21
115
140
40
90
17
84
78
74
92
8
2
9
29
20
116
42
128
126
5
71
5
73
31
75
119
14
81
112
10
48
122
65
26
32
13
122
79
126
99
112
125
67
100
59
39
124
132
110
69
118
81
29
36
101
97
120
106
44
92
33
33
43
97
1
13
25
26
14
15
3
2
1
13
25
37
49
61
73
85
97
109
110
111
123
135
136
137
138
139
140
128
129
141
142
130
131
132
120
108
107
119
118
117
116
115
127
126
114
102
103
104
92
80
81
69
68
67
79
91
90
78
66
65
64
52
51
50
38
39
27
28
29
17
5
4
16
28
40
41
42
43
55
54
53
41
40
52
53
54
66
65
77
89
101
113
125
124
112
100
88
76
75
87
99
98
86
74
62
63
75
87
88
100
101
113
114
102
103
104
105
93
94
106
118
117
105
93
81
82
70
58
57
56
44
45
33
34
46
47
35
23
22
21
9
10
11
12
24
36
48
60
59
71
83
95
96
84
72
60
48
47
46
34
33
32
20
8
7
6
18
19
31
30
29
17
16
15
27
39
51
63
64
76
77
89
90
78
79
67
55
43
42
30
18
19
31
32
20
21
22
23
35
36
24
12
11
10
9
8
7
6
5
4
3
2
14
26
38
37
49
50
62
61
73
74
86
85
97
109
110
98
99
111
112
124
123
122
134
122
121
133
121
133
134
135
136
137
125
126
138
139
127
115
116
128
140
141
129
130
142
143
144
132
144
143
131
119
120
108
107
106
94
82
83
95
96
84
72
71
59
58
70
69
57
45
44
56
68
80
92
91
12
11
10
22
34
46
47
59
71
83
84
72
60
48
36
35
23
24
36
48
60
72
71
70
58
57
69
68
80
79
91
90
89
77
65
66
67
55
43
31
30
29
17
18
6
5
4
3
15
27
28
16
4
5
6
7
8
9
21
33
32
20
19
31
32
44
45
57
56
68
67
79
78
90
102
103
104
105
93
94
95
107
106
118
119
131
130
129
141
140
128
116
115
127
139
138
126
125
113
101
100
112
111
110
109
121
133
134
122
123
135
136
137
138
139
140
141
142
143
144
132
120
108
96
84
83
82
81
80
92
91
103
102
114
113
101
100
99
98
86
74
75
87
88
76
64
63
62
61
49
50
51
52
53
54
42
41
40
39
38
26
14
2
1
13
25
37
49
61
73
85
73
74
62
63
51
50
38
37
25
26
14
13
1
2
3
15
16
28
27
39
40
41
29
17
18
30
42
43
44
56
55
54
53
52
64
65
66
78
77
89
88
76
75
87
86
85
97
109
97
98
99
111
110
122
121
133
134
135
123
124
112
124
136
137
125
126
114
115
127
128
129
117
118
119
131
130
142
143
144
132
120
108
96
95
107
106
105
117
116
104
92
93
94
82
81
69
70
58
46
45
33
34
22
21
20
19
7
8
9
10
11
12
24
23
35
47
59
121
45
112
96
83
56
11
126
39
105
134
52
42
135
52
83
2
67
49
133
139
129
17
124
59
78
18
32
89
144
100
41
22
70
113
10
35
33
91
8
12
140
82
75
98
131
131
57
9
4
50
119
93
134
85
118
71
72
72
111
121
108
138
3
90
67
55
2
98
122
6
51
141
62
40
104
62
76
68
11
88
44
102
46
113
143
19
137
29
27
1
21
44
28
47
43
116
64
7
136
80
36
19
139
25
36
56
79
69
130
111
4
82
54
140
90
126
142
84
6
144
57
54
5
93
28
75
108
40
120
97
5
81
86
105
118
42
15
116
114
106
16
48
23
13
7
37
125
85
17
128
95
96
103
104
29
94
94
120
88
26
141
132
41
86
3
107
63
122
101
66
95
39
138
30
20
124
63
81
37
33
99
14
13
103
110
21
58
73
43
35
55
107
64
14
119
53
129
23
125
34
137
69
115
133
109
38
76
102
114
15
101
25
31
78
30
74
58
51
8
135
24
123
99
20
132
22
70
74
77
142
115
61
50
100
128
32
59
84
123
65
79
87
24
46
91
16
47
68
117
71
60
136
12
112
18
10
130
66
87
49
127
73
31
9
34
127
53
92
97
38
106
89
77
27
80
60
1
110
65
117
92
48
26
109
143
61
45
113
39
65
70
61
46
142
97
133
30
37
144
82
29
5
96
23
105
75
18
72
87
88
125
58
66
124
129
128
54
72
20
45
56
76
102
99
17
9
22
79
34
49
57
36
98
83
116
106
74
24
134
134
100
103
31
32
45
78
126
15
107
108
23
144
113
65
80
62
98
114
42
42
80
8
130
74
73
53
91
41
131
121
77
112
106
10
109
40
97
6
50
51
6
26
91
22
55
51
73
139
2
127
3
31
26
37
141
76
18
111
125
63
128
48
90
43
3
138
48
85
12
133
85
88
117
116
114
47
33
19
138
101
118
136
28
89
4
122
101
11
49
86
126
63
132
115
15
25
27
4
135
55
136
13
107
135
119
71
33
127
123
8
62
2
32
41
70
52
58
52
140
75
69
64
7
120
83
5
92
110
60
43
16
35
117
115
89
29
119
87
110
71
7
142
103
34
84
122
129
99
60
64
86
120
139
21
14
16
100
82
68
132
81
28
44
21
95
137
24
39
90
67
130
46
143
47
104
102
92
118
38
9
53
1
105
66
68
140
94
121
67
77
131
11
25
12
84
14
27
112
79
57
78
109
44
40
35
124
17
104
13
59
59
93
93
50
20
54
19
143
10
137
30
36
141
38
69
56
81
61
111
108
96
94
1
95
123
144
132
120
108
107
95
96
84
72
60
48
36
24
12
11
23
22
10
9
21
33
45
44
56
57
69
70
82
81
80
79
91
103
102
114
115
116
128
129
117
118
130
131
143
142
141
140
139
138
137
125
124
136
135
134
133
121
109
97
98
110
122
123
111
99
100
88
89
77
65
64
76
75
87
86
74
62
50
38
37
49
61
73
85
97
109
110
111
112
113
101
100
112
113
114
126
127
115
103
104
105
93
92
80
68
67
55
54
66
78
90
91
92
104
116
117
105
106
94
93
81
82
83
71
59
58
46
47
35
34
33
32
20
8
7
19
18
6
5
17
16
4
3
15
14
2
1
13
25
26
27
39
51
52
40
41
42
43
31
30
29
28
27
39
40
52
53
41
42
43
44
32
20
8
7
6
18
19
31
30
29
28
16
17
5
4
3
15
14
2
1
13
25
26
38
37
49
50
51
63
64
63
75
74
62
61
73
85
86
98
99
87
88
76
77
89
101
102
90
78
79
67
66
65
53
54
55
56
68
69
70
71
83
95
94
106
118
119
107
119
131
130
129
128
127
126
125
124
123
122
121
133
134
135
136
137
138
139
140
141
142
143
144
132
120
108
96
84
72
60
59
47
48
36
35
23
24
12
11
10
9
21
22
34
46
45
57
58
12
24
36
35
34
33
21
20
19
18
6
7
8
9
10
22
23
11
10
9
8
7
19
31
32
44
43
55
54
66
65
77
89
90
91
79
67
68
69
70
82
94
95
83
84
96
108
120
119
118
106
107
108
96
84
72
60
48
47
46
58
59
71
70
58
57
45
44
56
55
67
66
78
77
76
64
52
40
41
29
17
16
28
27
15
14
26
38
37
49
50
51
63
62
61
73
74
86
87
88
100
99
111
123
135
134
133
121
122
110
109
97
85
73
61
49
37
25
13
1
2
3
4
5
6
18
30
42
54
53
65
64
76
75
87
88
100
112
124
125
126
114
113
101
102
103
115
127
139
140
128
116
104
92
80
81
93
105
117
129
130
131
132
144
143
142
141
140
139
138
137
138
126
127
115
116
128
129
141
142
130
131
143
144
132
120
119
107
106
118
117
105
93
94
95
83
82
81
69
57
56
68
80
92
104
103
91
79
78
90
89
101
102
114
113
125
137
136
135
136
124
112
111
123
122
134
133
121
109
110
98
99
98
97
85
86
74
75
63
62
50
38
39
27
15
14
26
25
13
1
2
3
4
5
17
16
28
40
39
51
52
53
41
29
30
42
43
31
32
33
45
46
34
35
47
59
71
72
60
48
36
24
12
11
23
22
21
20
91
111
71
52
131
15
141
116
46
108
70
55
72
35
97
132
37
95
94
128
63
65
9
82
102
56
75
64
74
65
66
70
20
105
37
39
144
34
101
53
99
121
93
116
19
80
127
79
19
67
32
139
38
28
4
6
24
93
139
49
135
39
69
113
27
68
52
121
81
117
90
85
88
26
109
58
32
69
8
111
34
51
138
134
16
92
54
59
3
135
33
7
140
100
96
109
120
124
5
143
127
41
8
78
31
83
117
76
24
64
43
86
137
89
134
53
17
58
45
123
94
50
16
141
91
25
112
14
47
20
88
87
43
21
76
129
140
44
29
66
1
6
67
123
122
27
42
84
61
124
21
33
18
14
133
129
133
114
131
12
130
12
3
13
130
114
10
84
36
1
102
96
7
74
110
122
11
115
104
110
80
83
62
85
48
77
99
57
136
125
50
78
98
68
101
22
40
71
89
119
106
28
106
51
126
42
46
10
82
137
5
143
100
142
62
138
77
126
49
23
57
23
125
26
15
119
103
86
35
60
60
144
4
120
118
107
36
75
128
112
47
30
56
9
17
13
136
97
29
61
132
54
45
48
142
41
59
25
107
81
55
87
38
103
79
31
98
44
11
118
73
115
113
104
30
90
2
73
95
22
105
18
72
40
108
2
92
63
66
58
130
13
12
14
6
63
115
57
134
114
76
24
144
82
8
12
11
119
73
5
67
13
101
5
17
26
104
55
7
18
97
76
107
126
63
38
79
123
90
33
30
71
70
108
48
2
94
46
85
21
40
80
10
52
3
78
113
139
16
57
143
124
10
119
29
111
107
92
117
56
127
75
136
131
36
109
139
115
4
68
19
142
89
19
39
83
129
104
9
61
86
41
140
1
23
9
118
105
103
84
70
20
122
97
82
133
42
30
31
44
25
112
89
40
77
26
138
110
99
125
72
102
144
55
124
3
116
105
33
27
16
117
106
129
135
27
39
79
34
100
45
113
122
69
23
64
15
60
90
75
130
118
28
59
22
46
112
98
74
31
116
18
61
43
58
80
87
93
59
47
87
47
17
109
133
91
25
7
114
6
101
51
4
135
92
50
91
81
15
126
98
95
66
64
125
134
78
11
49
22
85
44
1
137
28
45
121
74
140
34
62
123
143
131
83
53
54
121
84
48
8
110
128
136
96
132
21
127
37
65
72
60
103
100
32
65
120
102
42
24
95
120
50
35
67
141
111
51
96
52
137
54
142
37
88
132
108
69
41
138
141
32
99
49
106
71
93
35
94
43
53
88
56
77
2
38
86
128
29
20
14
36
62
68
73
81
