##Rat 7 Day 14
 ##rewards
62
51
129
##Vertices
115
122
107
50
129
114
90
48
18
13
27
95
63
138
32
92
11
1
136
86
55
123
136
11
80
77
58
99
86
2
32
104
108
70
66
61
65
25
123
36
131
31
89
44
30
54
62
92
134
142
117
4
97
51
12
111
74
25
15
45
81
115
14
59
90
49
140
83
88
76
121
84
26
87
101
79
33
8
106
91
10
125
57
94
126
37
61
23
138
43
124
20
75
135
53
14
7
19
62
89
29
81
43
59
22
5
18
129
117
125
113
22
47
120
58
102
35
16
3
96
40
87
139
85
100
113
79
109
131
110
52
128
124
119
60
6
15
7
112
70
19
82
17
1
109
39
67
110
134
108
33
82
101
34
80
23
118
3
140
74
53
96
41
75
46
98
84
37
144
71
104
77
65
12
39
88
133
50
93
38
68
118
139
132
100
2
28
112
47
5
144
56
105
71
130
141
76
72
63
40
103
83
36
69
114
17
48
34
143
26
99
116
46
126
116
29
10
121
78
135
56
141
44
24
41
130
105
73
69
95
106
60
64
94
49
6
127
73
4
30
91
28
67
111
54
66
64
93
127
21
42
31
119
143
16
98
8
72
51
55
85
45
120
9
97
38
20
9
24
13
128
78
52
27
142
103
132
137
21
42
137
133
57
68
122
107
35
102
45
126
62
37
52
113
34
129
95
5
142
10
74
60
65
84
12
34
3
108
20
38
54
33
56
83
94
128
138
69
114
96
125
11
20
48
4
19
65
124
75
103
115
118
123
87
105
76
31
128
98
120
24
19
110
67
99
31
59
119
30
140
137
102
53
127
116
70
36
1
84
9
106
75
107
2
18
136
5
81
37
131
87
29
99
39
62
88
22
12
137
104
49
83
79
6
142
101
26
129
88
121
91
78
2
44
27
123
72
77
78
85
98
68
9
143
86
16
82
100
76
17
14
56
44
85
32
3
66
94
47
132
43
59
121
131
58
24
141
38
28
105
40
15
22
109
125
77
41
92
52
39
10
135
140
126
63
6
36
72
144
90
50
53
55
54
73
80
64
43
8
18
50
23
55
124
127
68
90
143
28
115
138
130
66
48
109
7
112
122
107
110
16
111
118
71
41
133
8
21
14
119
97
117
81
61
7
114
63
132
86
93
26
73
1
117
21
135
100
134
93
80
11
91
89
57
92
106
136
35
23
51
17
57
46
96
82
60
67
71
144
134
46
25
29
101
108
13
139
25
89
70
15
40
74
45
95
27
64
97
42
113
32
13
116
30
103
112
139
69
42
141
130
33
61
120
35
79
111
49
133
102
122
47
4
58
51
104
133
134
122
110
98
97
109
121
133
134
135
136
137
125
113
101
102
114
115
103
91
90
89
77
78
79
67
68
80
81
69
57
58
70
82
83
71
72
60
59
47
48
36
35
34
46
45
33
21
22
23
24
12
11
10
9
8
7
19
18
30
29
17
16
15
14
13
1
2
3
4
5
6
7
8
20
32
31
43
42
54
55
56
44
43
55
67
66
65
64
52
51
50
38
39
40
28
27
26
25
37
49
61
73
74
62
63
75
76
88
100
112
124
123
111
99
87
86
85
73
61
49
37
38
50
62
63
51
39
40
41
53
52
64
76
88
100
101
113
114
126
138
139
127
128
140
141
129
130
142
143
131
132
120
119
118
117
105
93
92
104
116
117
118
106
107
108
96
84
72
60
48
47
46
34
22
23
35
36
24
12
11
10
9
21
33
32
20
19
31
30
18
6
5
17
16
4
3
2
1
13
25
26
14
15
27
28
29
41
42
54
53
65
66
78
77
89
90
102
103
104
105
93
92
91
79
80
68
56
44
45
57
58
59
71
70
69
81
82
94
106
94
95
83
84
96
95
107
108
120
119
131
130
129
128
116
115
127
126
125
124
112
111
99
87
75
74
86
85
97
98
110
109
121
122
123
135
136
137
138
139
140
141
142
143
144
132
144
12
24
23
22
21
9
10
11
12
24
36
48
60
59
58
57
69
70
82
81
80
68
56
55
67
79
78
90
91
103
102
101
113
114
115
127
126
138
137
125
124
136
135
123
111
112
100
99
98
110
122
134
133
121
109
97
85
73
74
62
63
51
50
38
26
14
2
1
13
25
37
49
61
73
85
86
87
75
76
64
65
77
89
88
76
77
78
66
54
42
41
29
17
16
28
40
39
27
15
3
4
5
6
7
19
18
30
31
43
44
45
46
47
35
34
33
32
20
8
7
6
5
4
16
17
18
30
29
28
40
52
53
41
42
43
44
45
57
58
70
71
72
84
83
95
96
108
107
119
120
132
131
143
142
130
118
106
105
104
92
93
94
106
118
117
129
141
140
139
138
137
136
124
112
111
110
122
123
135
134
133
121
109
97
98
99
87
86
74
75
63
62
61
49
50
38
37
25
13
1
2
3
15
14
26
27
39
51
52
64
65
53
54
66
67
55
56
68
69
81
93
105
104
92
80
79
91
90
89
88
100
101
113
125
126
114
102
103
115
116
117
116
128
127
139
140
128
129
141
142
130
131
119
107
95
94
82
83
71
59
47
46
34
33
32
31
19
20
8
9
21
22
10
11
23
35
36
48
60
72
84
96
108
120
132
144
143
144
17
102
14
52
43
108
137
57
73
40
70
31
27
54
66
62
103
101
3
109
71
84
12
113
52
16
61
131
109
59
136
131
37
108
68
64
30
47
44
60
111
49
89
140
12
1
118
76
125
56
23
65
110
9
41
67
118
137
58
80
126
92
96
38
143
44
42
14
2
97
141
3
1
138
112
13
11
79
19
124
25
26
73
50
56
129
123
63
58
24
123
45
10
18
27
91
87
60
142
9
82
88
85
39
102
22
130
15
95
4
127
72
98
106
41
142
4
106
93
24
43
100
51
117
59
120
47
8
94
34
11
82
37
45
144
46
120
79
119
104
2
83
64
48
110
36
125
138
35
75
124
40
101
46
69
50
69
115
132
89
85
87
32
99
75
98
94
99
77
136
39
134
105
5
113
26
140
105
80
6
86
78
30
72
13
20
70
103
115
6
33
81
21
28
119
130
49
51
133
10
32
63
74
143
122
8
67
65
84
139
54
128
133
29
68
76
97
55
25
57
104
77
74
15
88
35
92
121
33
53
114
135
83
107
20
16
28
122
81
53
132
86
126
111
22
144
95
62
93
127
128
139
117
5
134
116
23
34
7
141
100
112
48
29
36
114
31
21
71
90
116
61
17
91
55
107
90
121
135
7
19
96
42
38
18
129
78
66
74
49
124
127
112
53
36
140
104
86
126
98
19
142
20
85
135
138
88
38
10
131
46
59
9
41
62
2
107
80
78
44
134
79
85
26
111
50
111
144
3
70
129
73
77
76
75
133
1
134
70
30
18
25
5
6
109
104
10
1
81
17
87
31
35
11
63
14
123
69
3
23
33
125
48
95
103
127
32
87
132
68
94
139
65
16
58
140
51
121
139
8
118
97
34
114
83
116
22
45
141
60
143
33
122
91
122
46
57
125
15
64
24
103
25
41
5
119
71
144
67
54
74
128
105
27
117
120
84
135
115
56
121
100
80
7
73
15
123
34
45
42
52
108
124
12
92
113
89
26
72
88
96
39
52
20
29
65
11
98
102
19
23
92
90
114
71
24
49
22
72
9
47
142
16
141
143
60
137
7
89
128
133
13
68
58
136
117
55
84
108
51
29
35
48
106
44
31
91
30
97
61
110
54
18
12
82
78
94
14
96
2
43
120
101
115
101
66
138
93
50
76
4
130
69
63
56
64
38
67
47
4
62
109
28
55
116
36
126
39
100
43
90
6
113
21
83
118
21
105
28
37
136
40
32
13
93
132
8
59
129
81
79
95
102
40
131
107
37
86
42
110
137
77
82
99
53
119
130
106
17
27
61
99
66
57
112
75
144
143
142
130
131
119
120
108
107
106
105
93
94
82
70
71
83
95
96
84
72
60
48
36
35
23
24
12
11
10
9
8
20
32
33
21
22
34
46
45
44
56
57
69
68
67
55
43
31
19
18
30
29
41
42
54
66
65
53
52
40
28
27
15
3
2
1
13
14
26
25
37
49
61
73
74
62
63
75
87
88
76
77
78
79
80
81
93
92
91
90
89
101
102
114
115
103
104
116
128
127
126
125
113
112
124
136
135
123
111
110
122
121
133
134
135
136
137
138
139
140
141
129
117
118
106
94
82
81
80
68
69
70
58
59
47
48
36
35
34
33
32
31
30
29
17
5
4
16
28
27
39
38
50
51
63
64
76
75
87
99
100
88
89
90
102
101
100
99
98
97
85
86
98
86
85
73
74
62
61
49
37
25
13
1
2
3
4
5
6
7
19
20
21
22
23
24
12
11
10
9
8
7
6
18
17
16
15
14
26
38
50
51
39
40
52
64
65
77
78
79
67
66
54
53
41
42
43
55
56
44
45
57
58
46
47
59
60
72
71
83
84
96
95
107
119
118
117
105
104
92
91
103
115
116
128
127
126
114
113
112
111
110
109
97
109
121
133
134
122
123
124
125
137
138
139
140
141
129
130
142
143
144
132
131
132
120
108
1
13
14
15
3
4
5
6
18
30
42
54
55
67
68
56
57
58
70
69
81
80
79
91
92
104
116
115
127
139
138
137
136
135
123
111
99
87
86
85
97
98
110
122
121
133
134
135
136
124
125
126
114
102
103
104
105
117
118
106
107
95
83
71
72
84
96
108
120
119
131
132
144
143
142
141
140
128
129
130
118
117
116
115
103
102
101
113
112
100
88
76
77
65
66
78
90
89
101
100
88
87
75
63
51
50
62
74
73
61
49
37
38
26
25
37
49
50
51
39
27
28
29
17
16
4
5
6
7
19
31
43
44
45
33
34
22
10
9
21
20
8
9
10
11
12
24
23
35
36
48
60
59
47
46
58
70
82
94
93
81
69
57
56
68
67
66
65
64
52
40
41
40
52
53
41
53
54
55
43
42
30
29
28
27
39
38
26
25
13
14
2
1
2
3
15
16
17
18
19
7
8
20
32
31
32
44
45
33
21
22
23
11
12
24
36
35
34
46
47
48
60
59
71
72
84
96
95
83
82
94
93
105
106
107
108
120
119
131
132
144
143
142
130
129
141
140
128
127
139
138
137
125
126
114
113
112
124
123
122
134
133
121
109
97
109
110
111
99
98
86
85
73
61
62
74
75
63
64
76
77
78
79
80
92
91
90
89
50
41
67
35
50
102
47
122
140
133
43
32
27
16
125
3
100
80
89
77
118
4
6
103
44
5
76
107
140
75
114
5
123
61
128
8
132
64
67
105
62
106
104
39
101
117
48
118
53
93
60
71
44
37
115
92
4
89
129
41
3
45
126
73
84
78
85
107
124
28
144
68
65
22
80
82
29
105
7
25
66
47
56
104
42
14
53
114
54
49
57
39
142
22
20
70
13
58
20
119
57
111
72
139
69
68
90
127
91
64
81
135
127
36
19
9
77
81
63
119
10
121
2
108
87
54
124
141
130
143
18
38
71
73
2
115
56
59
51
100
11
88
117
27
122
128
98
76
1
26
34
130
21
90
79
112
46
134
16
10
30
131
19
85
52
112
23
28
137
96
131
70
136
99
120
113
65
35
123
58
143
78
42
101
43
102
33
139
116
46
106
24
74
55
99
60
79
144
32
45
11
86
7
87
111
116
12
113
17
13
15
40
110
31
95
75
30
134
126
129
24
125
31
94
18
21
110
23
97
138
33
103
72
97
69
61
109
82
25
52
132
6
74
120
63
91
15
84
141
48
37
62
83
14
137
26
36
136
86
49
83
9
88
108
17
92
1
55
40
138
142
8
94
29
96
95
51
34
93
133
38
109
12
59
66
135
98
121
65
62
81
144
26
75
7
107
66
132
101
143
79
70
88
73
23
73
57
58
61
87
8
52
12
48
3
15
31
91
142
137
48
25
125
118
122
104
41
84
67
47
105
129
2
19
89
39
78
109
82
14
109
56
98
26
53
22
111
33
141
81
140
133
31
91
28
77
54
7
142
135
27
127
5
6
112
68
126
9
5
130
13
30
23
121
90
32
8
33
61
138
70
94
24
96
80
77
133
79
54
115
27
68
85
10
55
46
136
124
53
99
49
86
75
123
29
28
92
36
16
121
85
100
131
11
131
86
60
97
14
132
49
108
34
119
32
123
102
83
134
34
11
93
127
137
94
69
36
65
35
111
101
93
120
2
82
50
64
1
62
106
105
144
40
138
56
20
122
66
107
38
80
83
40
44
126
3
110
99
95
135
74
71
38
76
55
17
47
128
51
108
130
74
139
141
22
119
87
15
4
64
42
30
43
59
29
110
89
116
46
136
115
13
18
71
12
104
95
9
37
92
57
63
24
16
72
100
96
88
50
90
114
112
51
21
45
25
102
98
19
4
97
103
18
117
140
60
72
113
129
44
43
35
114
21
6
143
37
17
103
42
69
113
120
117
45
20
67
59
134
10
106
63
41
1
118
39
116
124
58
52
84
76
139
78
125
128
144
143
131
119
120
108
96
84
83
82
81
80
68
67
55
56
44
32
31
43
42
54
66
65
53
52
51
63
62
61
73
85
97
109
110
111
112
113
125
137
136
124
123
122
134
133
121
109
97
98
86
74
75
76
64
52
40
39
27
28
16
17
18
19
7
6
5
4
3
15
14
2
1
13
25
37
49
50
38
26
27
39
51
63
64
76
88
87
99
100
101
102
90
91
79
78
77
89
88
100
101
113
114
115
116
128
127
126
138
139
140
141
129
130
142
141
140
128
116
117
118
106
94
95
107
108
96
84
72
71
70
69
57
45
46
34
35
36
48
47
59
60
48
36
24
12
11
23
22
10
9
8
20
21
33
32
31
30
29
41
42
43
44
56
55
67
79
91
103
104
105
93
105
104
92
93
92
80
68
69
81
82
94
106
118
117
129
130
142
143
131
132
144
132
120
119
107
95
83
71
72
60
59
58
70
58
57
45
46
47
35
23
24
12
11
10
22
34
33
21
9
8
20
19
7
6
5
17
18
30
29
41
40
28
16
4
3
15
14
2
1
13
25
26
38
37
49
50
62
61
73
85
86
74
75
87
99
98
110
122
121
133
134
135
136
135
123
111
112
124
125
137
138
139
127
126
114
115
103
102
90
78
66
54
53
65
77
89
12
11
23
35
36
48
60
72
84
96
108
120
119
107
106
105
93
92
104
116
115
127
139
138
137
125
124
136
135
123
122
134
133
121
109
97
98
99
100
88
89
101
113
112
111
110
109
97
85
86
87
75
76
77
78
90
102
103
91
79
80
81
69
70
82
94
95
83
71
59
58
57
45
33
32
20
8
7
19
18
6
5
17
16
4
3
2
14
26
25
37
49
61
73
74
62
50
38
39
40
41
42
30
29
28
27
15
3
4
5
6
7
8
9
10
22
21
33
34
46
47
48
60
59
58
70
69
68
67
66
54
55
43
31
19
18
17
16
15
27
28
29
30
42
41
53
52
51
63
64
65
77
78
79
80
81
93
105
117
118
130
131
143
142
141
129
128
140
139
138
126
127
128
140
141
129
130
142
143
144
132
144
132
131
119
120
108
96
84
72
71
83
82
94
95
107
106
118
117
116
104
92
91
103
115
114
126
125
137
136
124
112
113
114
102
90
89
101
100
99
111
123
135
134
133
121
122
110
98
86
85
73
61
62
74
75
87
88
76
64
63
51
50
49
37
25
13
1
2
1
13
14
26
38
39
40
52
53
65
66
54
55
67
68
56
44
45
46
47
35
34
22
23
24
36
24
12
11
10
9
21
20
32
31
43
44
56
57
