##Rat 7 Day 32
 ##rewards
62
51
129
##Vertices
137
29
85
22
9
74
117
66
67
39
70
87
1
118
89
101
83
31
120
140
29
117
2
90
60
20
102
123
114
84
66
64
11
95
135
136
73
107
60
55
116
112
127
34
24
84
96
105
34
4
133
129
86
92
81
124
129
51
33
26
50
43
44
23
138
94
14
124
109
86
143
83
54
62
140
139
121
8
15
46
69
122
45
88
47
115
58
107
17
131
106
19
127
38
5
48
57
62
111
123
59
78
30
63
144
98
134
46
72
32
52
126
49
82
26
85
65
125
108
94
18
76
112
75
13
71
10
64
110
21
82
131
67
115
59
8
28
143
122
25
11
58
28
139
97
61
53
30
101
16
6
43
32
16
132
44
144
102
113
100
99
126
4
56
17
141
98
119
91
42
25
93
40
130
69
97
110
41
42
93
104
114
72
39
2
71
27
130
36
76
35
79
65
38
57
18
23
15
27
56
80
22
19
47
73
68
5
118
106
55
21
75
96
3
135
41
13
37
68
142
116
99
36
10
24
35
80
113
50
14
105
40
111
95
128
20
142
141
87
7
128
108
104
70
6
9
137
121
103
134
45
77
119
54
100
88
92
3
132
48
90
81
61
1
49
12
37
33
79
91
125
51
12
138
89
133
7
78
103
52
53
31
63
109
74
77
120
136
59
103
140
30
52
9
54
78
120
119
42
108
106
22
13
79
21
33
60
68
93
46
135
26
120
117
112
73
8
42
27
74
76
79
88
134
20
89
7
43
34
95
86
2
129
40
32
38
118
4
126
65
22
62
115
87
12
17
96
100
113
50
102
97
41
6
28
132
101
68
134
27
55
122
99
16
136
143
5
75
82
105
64
45
26
57
54
123
124
101
85
137
74
139
2
11
70
131
125
12
89
59
91
98
57
85
25
7
144
108
61
119
4
17
69
125
107
106
36
49
142
51
35
32
104
5
49
135
80
56
142
141
67
113
43
143
10
62
9
84
8
69
16
37
107
144
87
44
124
10
13
141
6
102
132
130
121
110
140
114
31
39
55
83
35
138
127
30
58
84
127
14
123
133
33
20
94
100
18
115
114
50
77
78
71
133
14
11
29
61
122
95
109
111
81
23
103
92
19
23
47
66
3
111
88
64
129
67
128
34
136
82
1
63
28
73
25
21
104
60
1
15
66
56
51
71
90
38
118
48
86
128
81
63
94
99
121
76
131
53
75
58
137
80
105
91
112
116
110
44
41
29
126
72
65
3
138
47
130
24
96
46
52
139
18
93
53
40
70
36
117
116
97
48
90
19
39
45
31
109
77
15
92
24
37
83
72
98
133
134
135
136
124
123
111
110
122
121
109
97
85
73
74
86
87
99
98
97
85
86
87
75
63
62
50
51
39
38
37
49
61
73
74
75
76
64
65
66
78
90
102
103
115
116
104
105
117
118
106
107
119
131
130
142
143
144
132
120
108
96
84
72
60
48
36
24
12
11
10
22
23
35
34
33
45
44
43
55
56
68
80
92
91
79
67
68
69
57
58
59
47
46
58
70
82
94
93
81
69
70
71
83
95
96
108
107
106
118
117
129
141
140
139
127
128
116
115
114
113
125
137
138
126
114
102
101
100
88
89
77
76
64
52
53
54
42
30
31
19
18
6
5
17
29
41
40
28
16
4
3
15
14
26
25
13
1
2
3
4
5
6
7
8
20
32
31
43
55
67
79
80
92
91
103
104
105
93
81
82
94
95
83
84
72
71
59
60
48
47
46
45
57
56
44
32
20
21
9
10
11
12
24
36
35
23
22
34
33
21
9
8
7
19
18
17
29
30
42
41
40
28
16
15
27
39
27
26
14
2
1
13
25
37
38
50
49
61
62
63
51
52
53
54
66
65
77
78
90
89
88
100
99
98
110
109
121
133
134
122
123
135
136
137
138
139
140
141
142
143
144
132
120
119
131
130
129
128
127
126
125
124
112
111
112
113
101
12
24
36
48
47
35
34
22
23
11
10
9
8
7
19
20
32
33
21
9
8
20
32
31
30
18
17
29
28
16
4
5
6
7
19
31
43
42
54
66
67
68
69
81
82
94
93
105
106
118
117
129
130
131
119
120
132
144
143
142
141
140
139
138
137
136
135
134
133
121
109
110
122
123
111
99
100
88
76
77
89
90
91
92
80
79
78
90
102
101
113
125
124
112
113
114
115
116
104
103
102
114
126
127
128
140
141
129
117
118
106
107
108
96
84
83
95
94
82
70
58
59
60
72
71
70
69
57
45
44
56
55
43
42
41
53
65
64
63
75
74
62
61
49
50
51
52
40
39
38
37
25
26
14
15
3
2
1
13
25
37
49
61
73
85
86
87
75
76
77
78
79
91
92
80
81
93
105
104
103
115
116
128
127
139
138
126
125
137
136
124
112
100
101
89
88
87
86
98
97
109
121
133
134
135
123
122
110
111
99
98
97
85
73
74
62
50
51
63
64
52
40
39
38
26
27
28
27
15
14
13
1
2
3
4
16
17
5
6
18
30
29
41
53
65
66
54
55
67
68
56
44
45
33
21
22
10
11
12
24
23
35
36
48
60
72
84
96
108
120
132
144
143
142
130
131
119
107
95
83
71
59
47
46
34
46
58
57
17
59
25
74
106
135
90
13
67
57
51
133
140
2
143
99
89
50
116
140
3
113
128
83
69
120
111
6
132
101
72
94
23
5
79
100
138
139
20
111
30
60
125
30
16
131
14
68
117
3
67
84
130
82
114
41
10
58
127
119
95
126
129
120
36
118
108
123
61
49
82
50
33
131
141
8
73
116
40
38
23
132
53
46
104
142
136
110
86
22
34
56
75
1
137
88
69
47
13
63
139
37
19
107
109
71
42
63
128
21
22
76
73
84
104
72
62
49
92
79
96
127
45
33
26
138
113
55
5
44
103
11
126
125
83
102
68
66
53
48
43
6
41
24
129
143
124
144
8
52
71
78
115
4
46
117
29
81
105
91
45
98
106
112
97
51
25
76
60
114
102
121
57
109
85
34
96
95
81
64
42
64
123
24
2
11
10
88
98
37
55
99
15
39
93
130
48
44
119
144
31
9
27
54
90
66
121
105
87
141
137
107
58
28
40
118
35
124
17
133
15
87
26
38
97
29
32
1
134
75
93
92
28
78
108
47
59
56
35
136
65
39
100
85
36
70
54
9
27
52
70
80
4
77
18
7
31
122
61
21
43
80
122
19
7
12
135
86
16
18
89
110
134
94
101
115
32
77
142
74
112
103
62
91
14
12
65
20
19
126
60
91
118
11
62
46
119
117
130
140
17
90
139
66
95
83
137
110
96
129
92
124
5
39
57
82
116
131
73
141
127
83
5
20
30
117
4
108
16
71
104
126
142
132
107
3
16
114
76
51
109
86
55
80
70
116
49
48
112
123
8
20
41
135
33
34
129
105
81
102
31
82
144
29
69
58
69
65
25
106
36
41
64
45
31
67
45
10
118
18
8
43
72
109
91
89
121
13
135
52
61
32
111
80
6
54
9
127
119
93
1
110
111
133
74
121
11
122
72
49
43
62
70
87
134
99
37
143
101
84
87
1
39
22
138
74
137
55
64
85
47
84
88
53
125
40
2
68
47
56
141
66
13
65
85
9
71
125
25
79
97
60
28
103
27
133
89
38
142
46
81
144
24
19
113
143
37
100
108
122
120
78
18
54
10
75
88
120
32
77
123
115
17
23
138
134
131
114
97
27
128
59
42
52
12
29
113
99
7
14
51
102
36
35
6
44
136
101
15
100
98
30
40
112
124
79
130
105
63
12
128
94
3
15
56
2
26
90
107
63
28
98
96
59
58
103
57
21
14
139
67
23
26
106
115
92
38
7
94
61
77
4
78
50
53
93
75
104
68
48
86
34
95
35
42
132
73
50
24
76
44
21
22
140
33
136
1
13
14
15
27
39
40
28
29
17
5
4
3
2
1
13
25
37
38
26
25
37
49
61
73
85
97
109
121
133
134
135
123
122
110
111
99
98
86
74
75
87
88
76
77
65
66
78
90
91
92
80
79
67
68
69
70
58
59
71
83
84
72
60
48
47
46
34
33
21
20
19
31
32
44
45
57
56
55
43
42
41
53
54
42
30
18
6
7
8
9
10
22
23
35
36
24
12
11
10
9
8
7
6
5
4
16
17
29
41
40
52
51
63
64
76
88
89
101
113
125
137
138
126
114
115
103
104
116
117
105
93
94
106
107
119
131
130
142
143
144
132
120
108
96
95
94
82
81
69
57
56
55
54
53
65
77
89
90
102
101
100
112
124
136
137
138
139
140
128
127
115
116
117
105
93
81
80
68
67
66
78
79
91
92
104
103
102
114
113
112
100
99
87
75
63
64
52
51
39
27
28
16
15
3
2
14
26
38
50
62
50
49
61
62
74
73
85
86
98
97
109
121
133
134
122
110
111
123
135
136
124
125
126
127
139
140
128
129
141
129
141
142
130
118
106
118
119
131
143
144
132
120
108
107
95
96
84
72
71
83
82
70
58
59
47
35
34
46
45
33
32
44
43
31
30
18
19
20
21
22
23
11
12
24
36
48
60
144
143
131
119
118
117
105
106
94
95
96
108
120
132
144
143
142
141
129
130
142
141
140
139
138
137
136
135
134
133
121
109
110
122
123
111
112
124
125
126
114
113
101
102
90
91
79
78
77
65
53
54
66
67
55
43
31
32
20
19
18
6
7
8
9
21
33
34
46
47
59
71
70
58
57
45
44
56
68
69
81
93
92
80
81
82
83
84
72
60
48
36
35
23
22
10
11
12
24
36
48
60
72
84
96
108
107
95
94
93
105
104
116
115
103
102
101
89
88
87
86
85
73
74
75
63
64
52
51
39
40
41
29
28
16
15
14
26
25
13
1
2
3
4
5
17
29
30
42
43
44
56
68
80
92
91
90
89
77
76
88
100
99
98
97
85
73
61
49
50
62
63
51
39
40
41
42
54
55
67
79
78
66
65
53
52
64
76
75
87
99
100
112
113
114
115
103
104
116
117
118
106
107
119
120
132
131
130
129
128
127
128
140
139
127
126
138
137
125
124
136
135
134
133
121
122
123
111
110
109
97
98
86
74
62
61
49
50
38
37
38
37
25
26
27
28
27
15
14
13
1
2
3
4
16
17
5
6
7
19
18
30
31
32
20
21
22
34
33
45
46
58
57
69
70
82
83
71
59
47
35
23
24
12
11
10
9
8
30
3
30
84
122
40
136
47
120
108
46
10
31
94
103
57
33
62
29
62
99
16
9
67
91
8
109
45
135
80
131
121
121
60
48
34
49
48
104
11
140
118
73
143
92
70
128
77
133
16
3
71
110
108
140
35
96
53
112
6
114
5
126
52
37
117
22
36
58
19
7
100
73
76
75
14
26
12
93
107
66
92
20
60
101
104
90
137
105
34
79
82
29
32
32
68
56
55
47
8
127
24
33
94
93
90
76
134
17
82
44
58
65
63
118
4
132
83
27
78
69
38
95
2
114
54
110
120
2
79
52
42
19
61
138
109
7
23
37
61
106
26
139
127
59
117
1
4
103
50
21
125
137
27
41
96
6
116
86
119
13
126
25
106
22
100
56
12
141
119
46
64
28
5
125
14
101
105
142
18
107
24
67
98
97
123
51
136
59
28
78
129
53
122
1
39
132
124
91
45
116
87
49
70
98
115
74
77
57
42
69
134
111
39
128
10
51
54
41
139
44
138
81
87
89
75
123
89
80
72
43
135
17
31
112
72
144
102
38
129
141
102
144
131
18
55
74
88
11
113
65
71
86
115
130
111
23
15
15
85
85
40
68
21
43
99
130
13
143
25
36
50
9
66
84
124
133
88
20
142
35
113
64
83
81
63
97
95
85
137
14
130
114
109
58
36
13
101
51
53
70
51
56
118
143
72
110
44
70
110
90
96
56
128
83
67
18
67
99
104
2
79
95
38
66
79
86
12
95
118
88
17
6
133
99
64
130
72
15
34
89
141
121
97
116
135
4
11
129
54
15
113
22
20
113
60
2
124
25
109
45
76
32
62
32
131
134
35
22
23
48
96
126
14
57
98
137
58
28
101
93
52
115
120
105
28
142
116
8
49
97
84
36
26
59
73
42
21
73
52
103
106
125
132
47
4
75
50
30
55
19
57
42
93
120
16
125
112
91
50
9
18
141
139
35
20
6
129
105
7
88
23
102
54
80
142
100
75
122
44
81
121
17
81
1
13
107
26
24
117
117
77
16
83
132
38
12
45
136
68
59
135
78
122
107
136
5
103
128
90
37
46
76
65
138
91
123
100
71
7
40
3
114
11
140
92
140
27
31
55
138
131
115
43
94
47
41
69
43
87
78
77
144
66
139
10
89
29
1
134
94
68
48
98
39
53
62
123
112
106
30
133
127
126
40
82
31
24
85
80
37
74
111
92
64
49
119
104
25
65
144
34
5
63
9
39
21
71
41
69
61
33
19
61
82
124
27
74
119
143
108
63
84
8
86
60
10
111
46
108
29
33
127
3
87
102
133
121
122
123
111
112
113
101
89
88
87
75
74
73
85
86
98
97
109
110
111
99
100
112
124
136
137
138
126
127
139
140
128
116
117
129
130
131
119
120
108
107
95
96
84
83
71
70
82
81
69
57
58
59
47
48
36
35
34
46
45
33
32
20
21
9
8
7
19
31
43
42
30
18
6
5
17
16
4
3
15
14
26
25
13
1
2
3
4
5
6
7
8
9
10
22
23
11
12
24
36
48
60
72
84
96
108
120
132
144
143
142
141
140
139
138
137
125
126
114
115
103
104
105
106
118
119
107
95
94
93
92
91
90
102
103
91
79
67
66
78
77
76
64
65
53
41
29
28
40
52
51
50
49
37
38
39
27
15
16
17
18
19
20
32
44
56
55
54
66
65
53
52
51
63
62
50
49
61
73
61
62
74
75
63
64
76
77
78
79
67
55
54
42
41
40
39
38
37
25
13
1
2
14
26
27
28
29
30
31
43
44
45
33
21
22
10
11
12
24
23
35
34
46
47
59
60
72
71
83
82
81
69
70
58
57
56
68
80
68
80
92
104
116
117
105
93
94
106
118
130
131
132
144
143
142
141
129
128
127
115
114
113
101
102
90
89
88
100
99
87
86
85
97
98
110
109
121
133
134
122
123
135
134
135
136
124
125
144
143
131
119
118
106
94
93
92
104
116
115
127
139
140
128
129
141
142
130
118
117
105
106
107
108
96
84
83
71
72
60
59
58
46
47
35
23
22
10
9
21
20
8
7
19
18
30
31
43
42
41
29
17
16
4
3
15
27
28
40
39
51
50
38
37
49
61
62
63
64
76
75
74
73
85
86
98
97
109
110
122
123
135
134
133
121
109
97
85
73
61
49
37
25
26
14
13
1
2
3
4
5
6
7
8
9
10
11
12
24
36
48
60
72
84
96
95
83
82
70
69
57
45
33
34
22
21
20
32
44
56
68
80
81
69
68
67
66
78
79
91
103
102
90
89
88
87
99
100
101
113
125
137
136
124
112
111
110
98
86
74
62
50
51
52
53
65
77
78
90
89
101
113
114
126
125
137
138
139
138
126
127
115
114
102
103
91
79
67
66
65
77
76
88
100
112
124
136
135
134
133
121
122
123
111
99
87
75
63
64
52
40
39
38
26
25
13
1
2
14
15
27
28
16
17
5
6
18
19
31
43
42
30
29
41
53
54
55
54
55
56
57
58
46
45
44
32
33
34
35
23
11
12
24
36
48
47
59
71
70
82
94
93
81
80
92
104
105
117
116
128
140
141
129
130
142
143
144
132
131
119
120
132
120
108
107
95
