##Rat 6 Day 40
 ##rewards
83
94
16
##Vertices
82
84
38
70
102
85
92
136
114
34
132
121
11
133
96
43
58
83
45
135
138
123
12
66
25
103
101
87
104
142
45
124
18
16
144
69
57
51
67
22
60
140
11
143
3
69
2
59
4
129
30
116
75
109
82
15
129
17
44
96
118
68
3
97
23
23
43
85
63
128
98
32
6
97
15
64
106
42
80
77
74
90
77
127
8
88
109
81
30
86
115
33
86
108
46
32
41
40
80
68
106
5
112
67
126
51
110
14
27
114
137
36
61
84
79
13
65
64
120
128
35
49
73
10
76
107
103
135
116
131
134
118
4
52
48
94
107
88
123
7
105
125
121
47
13
48
5
39
44
95
141
139
104
62
6
122
63
115
78
99
29
40
41
57
8
70
140
53
65
91
46
22
144
59
98
21
141
93
50
17
60
10
79
38
100
54
73
89
112
20
24
54
105
108
50
83
132
131
37
49
133
14
124
87
78
66
92
9
27
120
134
25
138
122
28
36
130
111
76
2
31
12
126
39
21
1
136
26
29
18
75
56
35
9
71
55
72
72
113
137
119
47
28
37
143
127
56
34
7
16
95
58
52
94
117
91
93
101
90
33
100
74
53
24
99
142
89
31
117
61
125
71
81
130
20
110
139
55
26
62
42
102
19
19
113
119
1
111
87
43
33
27
72
103
59
80
91
1
48
77
13
8
31
136
85
60
47
140
119
31
26
15
32
130
56
127
140
137
47
2
132
107
56
121
41
125
20
83
73
112
111
16
77
24
89
117
79
71
127
109
85
40
17
116
48
125
100
95
35
99
42
82
68
70
109
143
86
82
134
45
46
103
67
58
72
97
104
28
141
53
8
114
21
62
86
113
102
60
131
65
99
133
128
61
57
9
23
122
18
97
120
74
49
50
18
74
138
67
88
19
116
76
52
112
96
108
1
25
54
81
142
107
30
124
16
14
90
35
43
118
37
51
4
13
129
38
4
65
34
135
12
132
137
10
66
34
10
63
80
63
36
95
117
87
19
101
108
126
39
7
131
49
55
98
94
30
81
27
28
91
101
68
138
119
123
102
100
115
29
144
130
41
39
92
7
141
44
105
3
83
133
62
15
78
3
139
139
5
66
61
129
29
2
106
46
73
93
70
78
26
106
128
9
124
11
14
90
104
75
94
76
135
20
126
121
25
111
134
40
5
114
55
105
123
58
6
21
36
45
142
24
53
118
38
57
113
50
122
32
120
44
64
59
42
110
22
115
71
64
93
33
84
12
110
23
89
69
6
11
96
79
69
75
144
84
92
51
22
143
88
17
98
52
136
54
37
12
11
10
9
8
20
32
31
19
7
6
18
30
42
54
55
43
44
45
33
21
22
23
24
36
35
34
46
58
59
60
48
47
46
58
70
82
81
69
57
56
68
80
79
67
66
78
77
76
88
100
101
89
90
102
114
113
125
126
138
137
136
135
123
124
112
111
99
98
97
109
121
122
110
109
97
85
86
87
75
74
62
50
38
37
49
61
73
85
86
98
99
87
88
100
112
113
114
115
127
139
140
141
129
128
116
117
105
93
92
91
103
104
105
106
94
95
83
71
72
84
96
108
107
119
120
132
131
143
142
130
118
106
94
93
81
69
57
45
44
32
31
43
42
41
40
39
51
63
64
65
53
52
51
39
27
28
29
17
16
4
3
15
14
2
1
13
25
26
27
28
16
15
3
2
1
13
14
26
25
37
38
50
49
61
73
74
62
63
75
76
77
89
101
102
90
91
92
80
79
78
66
67
68
56
55
54
53
65
64
52
40
41
29
30
18
17
5
4
5
6
7
19
20
8
9
10
22
21
33
34
35
23
11
12
24
36
48
47
59
60
72
71
70
82
83
84
96
95
107
108
120
119
131
130
118
117
129
128
116
104
103
115
127
126
125
124
123
111
110
122
134
133
121
133
134
135
136
137
138
139
140
141
142
143
144
132
144
144
132
120
108
96
95
94
82
83
84
72
71
70
69
68
80
81
93
105
106
107
119
131
143
142
130
118
117
116
128
140
141
129
117
116
115
114
102
103
104
92
91
90
78
79
67
66
54
42
41
40
52
53
65
64
63
51
50
62
61
49
37
25
26
38
39
27
28
16
4
3
2
14
15
3
4
5
17
29
30
18
19
20
21
9
8
7
6
5
17
16
28
29
41
40
39
51
63
75
74
73
85
97
98
86
87
99
100
101
89
77
76
88
100
112
113
125
126
127
139
138
137
136
124
123
135
134
122
121
109
110
111
112
113
101
102
103
104
105
93
94
82
81
69
57
45
33
32
31
43
55
56
44
32
33
34
46
58
59
47
48
36
35
23
24
12
11
10
22
34
46
47
35
36
24
12
11
23
22
10
9
21
20
8
7
6
18
19
31
30
42
54
53
52
64
65
77
89
90
78
66
67
79
91
92
80
68
56
55
43
44
45
57
58
70
71
59
60
48
60
72
84
83
95
96
108
120
119
107
106
118
130
131
132
144
143
142
141
129
128
140
139
127
115
114
126
138
137
125
124
136
135
123
122
110
111
99
98
86
87
88
76
75
74
62
50
38
26
27
15
14
13
1
2
1
13
25
37
49
61
73
85
97
109
121
133
134
133
45
35
60
112
52
36
107
132
41
95
143
83
137
31
129
16
138
116
81
10
75
8
77
24
97
61
126
81
34
24
7
82
56
140
144
99
50
4
73
53
27
42
40
83
103
65
46
92
121
110
1
50
49
103
62
79
126
104
67
96
131
111
89
57
131
77
125
90
105
20
68
111
127
35
109
144
92
21
107
16
58
30
133
6
32
14
48
22
64
3
76
32
98
18
31
9
93
28
33
55
80
12
136
114
84
63
97
94
11
56
102
135
88
15
113
47
95
141
117
39
38
87
12
123
74
25
123
112
68
61
53
122
29
26
33
37
27
1
41
88
44
91
100
115
120
45
4
69
122
14
38
43
13
130
47
29
62
89
140
118
80
143
134
141
19
124
93
71
59
109
71
129
74
91
99
119
117
13
34
46
48
26
78
25
69
101
63
44
85
121
21
90
125
86
52
84
72
116
132
142
96
58
94
79
128
65
139
15
98
60
137
113
30
70
23
37
39
66
139
134
73
28
135
22
2
59
120
9
64
104
82
18
43
130
7
5
42
11
54
102
67
54
87
17
72
70
133
75
51
6
138
8
20
2
17
127
23
118
108
106
10
76
55
3
105
110
5
86
85
19
142
66
100
101
119
115
114
124
51
49
36
128
78
40
136
106
108
57
25
44
40
127
43
37
4
14
115
15
8
45
129
119
78
132
3
12
98
50
58
114
69
36
76
136
47
140
142
44
2
109
107
144
77
124
90
20
22
104
34
39
17
67
16
7
102
108
62
133
9
101
16
130
95
78
121
91
32
83
31
13
70
46
139
103
12
3
72
85
139
26
53
35
102
49
24
82
114
68
100
11
74
79
4
129
106
17
98
86
105
96
121
20
13
84
128
56
66
84
137
21
73
105
107
1
137
60
70
53
120
127
36
41
116
136
52
32
71
1
30
47
108
6
104
75
42
101
72
11
134
112
30
39
88
50
135
87
61
35
89
63
51
62
140
52
18
64
48
38
61
38
55
125
8
37
42
27
19
28
29
58
24
119
113
103
138
14
26
144
33
5
86
23
45
141
123
54
31
118
92
6
100
51
40
64
10
75
141
116
57
2
131
126
74
28
81
27
67
94
117
66
115
128
95
134
110
143
15
73
71
10
41
142
96
33
68
7
111
55
131
93
99
91
25
109
22
122
106
77
94
79
56
132
46
118
34
97
111
80
120
59
133
112
60
138
126
57
48
122
43
110
76
83
81
23
19
85
18
93
117
97
87
5
89
143
59
99
123
88
124
90
92
54
65
135
125
49
29
21
69
80
82
113
130
63
9
65
1
13
25
37
38
39
51
50
49
61
73
85
97
98
86
87
99
111
112
124
123
122
134
133
121
109
110
111
112
100
88
76
75
63
62
74
73
61
49
37
25
26
14
2
3
4
5
6
7
19
20
8
9
10
11
12
24
36
35
47
48
60
72
84
83
71
59
58
57
56
44
43
31
30
18
17
16
15
27
28
29
41
40
52
64
65
53
54
55
67
79
80
81
82
94
93
92
91
90
102
101
113
125
137
138
139
140
128
116
115
127
126
114
113
101
89
77
78
66
65
64
52
53
41
42
30
31
32
33
21
22
34
46
45
44
32
33
45
57
69
68
80
92
104
103
102
114
115
103
104
105
106
107
119
118
130
142
141
129
117
105
93
94
95
96
108
120
132
131
143
144
143
144
132
131
119
120
108
107
106
118
130
142
141
129
117
116
128
140
139
127
126
138
137
125
124
136
135
136
135
123
122
134
133
121
109
110
98
97
85
86
87
99
100
88
89
90
91
79
67
68
56
55
43
42
54
66
78
77
76
75
74
62
63
51
50
38
26
14
13
1
2
3
15
27
39
40
28
29
17
16
4
5
6
18
19
7
8
20
21
9
10
11
23
22
34
46
47
59
58
70
69
81
82
70
71
83
95
96
84
72
60
48
36
35
23
24
12
133
134
135
136
124
112
113
125
137
138
139
140
141
129
128
116
117
118
106
107
119
131
132
144
143
142
130
118
106
105
104
103
115
114
126
127
139
138
137
136
135
123
122
121
109
97
85
73
61
62
50
49
37
25
13
1
2
3
15
16
4
5
6
7
19
18
17
29
41
53
52
64
63
75
74
86
98
110
111
99
87
88
100
101
102
90
89
77
65
66
67
55
43
31
32
44
56
68
80
81
93
94
95
96
84
72
60
59
58
70
71
83
82
94
93
92
91
79
78
90
102
101
89
88
76
75
63
51
39
38
26
27
28
40
52
51
39
40
41
42
54
55
56
57
69
81
82
70
69
57
45
33
21
22
34
35
36
48
47
46
45
44
32
20
8
9
10
11
23
24
12
24
12
11
23
22
10
9
21
33
34
35
36
48
47
46
58
59
60
72
71
83
84
96
95
107
108
120
108
120
119
131
132
144
143
142
130
129
141
140
128
116
117
105
104
92
80
68
67
66
54
53
65
64
76
77
78
79
91
103
115
127
126
114
113
125
124
123
122
134
133
121
109
110
111
112
100
99
87
86
98
97
85
73
74
62
61
49
50
38
37
25
13
14
26
27
28
16
17
29
30
42
43
31
30
18
19
20
8
7
6
5
4
3
15
14
2
1
28
47
7
91
90
143
78
20
67
114
43
56
131
124
34
52
82
85
12
96
136
130
107
106
105
109
26
139
121
99
98
8
58
55
70
81
53
60
19
21
42
123
72
17
72
102
133
65
98
2
65
85
18
1
79
137
144
35
28
103
41
134
111
92
104
71
105
13
64
83
140
80
62
38
66
131
70
101
58
71
94
129
135
3
136
107
97
84
46
89
99
21
117
88
33
37
9
108
60
40
44
120
87
39
39
48
117
1
83
113
75
78
142
111
62
88
48
14
25
118
4
31
132
3
49
75
89
143
73
86
64
90
52
115
124
9
102
123
104
108
13
57
138
44
121
57
95
36
120
50
144
77
92
134
125
34
5
132
116
29
38
128
80
14
110
59
95
119
118
53
33
45
101
96
25
32
22
7
84
87
54
79
46
50
112
82
74
23
26
116
11
35
19
86
16
55
17
22
40
110
4
37
126
51
139
109
15
59
100
68
140
6
125
66
76
141
54
135
30
63
31
32
77
23
137
36
61
97
69
27
49
51
93
24
91
127
73
6
67
10
10
100
141
56
24
18
130
2
138
74
45
69
43
81
5
29
119
127
11
15
61
106
112
12
115
129
16
142
126
122
30
113
103
93
63
8
20
133
76
41
94
122
42
128
114
47
27
68
111
119
68
64
1
62
30
86
139
70
82
70
18
84
46
20
98
138
47
106
39
56
113
126
112
136
14
125
73
97
32
45
37
128
94
123
6
134
116
143
140
107
18
90
118
95
32
45
137
122
111
66
7
51
130
23
65
71
2
37
127
139
91
142
40
8
141
21
78
102
98
4
40
105
131
107
28
60
57
48
114
79
124
38
81
6
26
100
27
31
115
129
17
47
66
4
121
131
69
90
78
19
122
28
124
87
11
137
88
44
38
58
101
9
63
103
43
53
104
10
80
80
2
21
144
75
10
41
113
51
62
126
60
42
136
22
133
50
138
65
24
39
117
67
20
17
83
30
5
132
14
7
105
49
130
134
95
61
55
114
82
142
129
72
89
56
100
25
96
15
117
49
81
99
109
77
24
15
36
140
144
69
52
16
125
43
54
35
42
61
75
108
84
115
79
127
29
93
120
3
106
83
1
104
99
29
23
35
46
74
13
85
86
110
133
33
13
118
143
121
12
67
128
55
68
5
103
26
3
59
120
76
110
135
36
50
74
141
112
57
101
33
34
58
54
48
94
85
93
63
12
76
87
9
11
41
25
16
72
19
135
97
96
71
116
132
44
8
27
34
92
64
73
102
92
31
123
119
52
91
53
109
22
59
89
77
88
108
12
11
23
35
47
48
36
24
12
11
10
9
8
20
32
44
43
31
30
42
54
55
56
68
67
66
78
77
65
64
76
88
87
75
63
62
74
73
85
86
98
97
109
110
111
99
100
112
124
123
122
121
133
134
135
136
137
138
126
127
115
116
128
129
130
131
132
144
143
142
141
140
139
138
137
125
113
114
102
103
91
90
89
101
102
90
78
79
80
81
93
94
95
107
106
105
117
118
119
120
108
96
84
72
71
83
82
70
69
57
45
33
21
22
34
46
58
59
60
72
84
96
108
107
95
83
82
94
106
105
104
92
93
81
69
57
45
44
32
31
19
7
6
18
17
5
4
16
15
3
2
14
13
25
26
27
28
40
52
53
41
29
28
27
39
38
37
49
61
73
85
97
98
99
111
123
122
110
109
121
133
134
135
136
124
112
113
125
126
114
115
127
139
140
128
129
141
142
143
144
132
120
119
131
130
118
117
116
104
103
91
92
80
79
67
68
56
55
43
42
41
40
52
53
54
66
65
77
89
101
100
88
87
86
74
75
76
64
63
51
39
51
50
62
61
49
50
38
37
25
26
14
15
16
17
29
30
18
19
20
21
33
34
46
58
70
71
59
60
48
47
35
36
24
23
22
10
9
8
7
6
5
4
3
2
1
13
1
133
121
122
123
124
136
135
134
133
121
109
97
85
86
87
88
76
75
63
64
65
77
89
90
78
66
67
55
54
42
43
44
32
31
30
18
19
7
8
20
21
9
10
22
34
33
45
46
47
35
23
11
12
24
36
48
60
72
71
83
82
94
95
107
119
131
143
144
132
120
108
96
84
72
60
59
58
70
69
81
80
68
56
57
69
68
67
79
91
103
104
116
128
129
117
105
106
118
130
142
141
140
139
138
126
127
115
114
102
101
100
99
98
110
111
112
113
125
137
138
139
140
141
129
128
127
115
116
117
105
93
92
104
103
102
101
100
88
87
75
74
73
61
62
50
49
37
38
26
25
13
14
2
3
15
27
39
40
41
53
52
51
39
27
28
16
4
5
6
7
8
9
21
33
34
35
23
22
10
11
12
24
36
48
47
46
58
59
71
70
82
83
84
96
95
107
108
120
132
144
143
142
130
131
119
118
106
94
93
81
80
92
91
79
78
90
89
77
76
64
52
40
41
53
65
66
54
55
56
57
45
44
32
20
19
31
43
42
30
29
28
29
17
18
6
5
17
16
4
3
15
14
26
38
50
51
63
62
74
86
98
99
111
112
113
114
126
125
137
136
124
123
135
134
122
110
109
97
85
73
61
49
37
25
13
1
2
1
