##Rat 3 Day 28
 ##rewards
127
116
38
##Vertices
4
132
142
57
5
37
25
102
143
87
109
123
15
128
86
33
85
58
48
126
96
87
140
61
142
79
15
11
89
13
114
126
128
68
121
10
75
57
12
75
27
2
81
135
108
33
67
130
34
55
64
107
110
104
42
18
61
124
113
105
28
72
80
50
84
115
82
49
140
63
111
28
70
139
119
3
94
5
36
49
118
45
3
111
136
39
108
41
120
103
135
133
9
127
50
32
35
53
20
24
93
67
16
74
97
40
113
26
82
99
39
84
106
52
45
89
102
14
24
37
134
114
30
94
117
62
76
54
131
95
52
14
136
83
68
132
59
141
123
40
73
118
93
58
35
7
100
63
144
23
127
139
46
72
6
104
21
43
13
23
47
92
47
22
1
125
36
144
29
55
78
54
79
101
25
88
32
60
8
46
141
130
138
125
1
129
11
109
86
91
7
90
76
98
19
51
12
134
107
73
38
10
19
16
106
71
17
137
69
65
112
138
88
103
101
26
2
96
9
121
8
30
27
18
95
6
69
77
112
62
92
53
77
105
34
116
129
71
143
65
21
122
44
119
60
116
31
99
120
29
90
59
124
42
17
115
83
78
97
64
31
122
20
133
43
70
80
117
51
66
91
98
66
44
41
38
4
56
85
56
137
131
110
81
100
48
74
22
65
113
1
15
50
59
70
115
90
85
8
91
141
66
84
24
144
114
54
43
47
126
135
131
95
58
78
36
102
35
88
38
41
93
127
30
141
124
63
120
57
38
123
104
94
142
126
39
25
130
138
37
4
60
143
107
77
120
96
54
3
7
115
71
74
46
65
138
133
108
67
57
49
45
140
106
2
92
22
63
55
99
80
128
14
135
119
116
122
36
62
44
90
25
50
129
110
21
31
20
9
77
14
67
44
32
16
95
106
12
123
112
5
87
130
27
53
125
20
132
124
73
81
89
37
29
13
52
55
91
15
73
133
98
121
129
58
16
79
109
42
111
64
104
5
69
46
61
118
34
127
6
140
134
68
56
45
86
39
116
40
29
41
48
103
143
87
107
7
21
51
33
110
101
75
70
62
31
75
108
56
4
137
119
139
6
19
79
96
117
17
89
40
84
68
136
47
76
97
80
64
72
97
112
3
125
10
66
48
114
11
98
23
81
88
137
92
118
60
52
11
102
49
30
74
105
19
121
111
85
28
18
13
76
100
10
2
82
26
82
8
53
83
34
94
142
59
132
93
12
139
27
136
69
78
17
122
105
86
117
22
18
100
72
51
128
43
1
26
33
134
61
99
35
83
131
71
109
144
101
24
42
23
32
9
103
113
28
12
24
36
48
60
59
47
35
23
11
10
22
34
33
45
57
56
68
69
81
93
94
82
83
84
96
95
107
108
120
132
131
130
129
141
140
128
116
104
92
91
103
102
90
78
66
65
77
76
64
52
53
41
42
54
55
67
79
80
92
104
105
106
118
119
120
108
96
84
72
71
70
58
46
45
44
32
31
43
44
32
20
8
9
21
33
34
46
58
57
69
81
93
105
117
116
115
114
126
125
124
136
135
123
111
112
113
101
89
88
100
99
87
86
98
97
109
110
122
121
133
134
135
136
137
138
139
127
115
103
102
101
89
88
100
99
87
75
63
62
74
73
61
49
37
38
50
51
39
27
15
16
17
29
28
40
41
29
30
18
6
5
4
3
2
1
13
14
26
25
37
38
26
25
13
1
2
14
15
3
4
16
28
27
39
40
52
53
65
64
63
51
50
49
61
62
74
75
76
77
78
90
91
79
80
68
56
55
67
66
54
42
43
31
30
18
17
5
6
7
19
20
19
7
8
9
21
22
10
11
12
24
23
35
36
48
47
59
60
72
71
70
82
83
95
107
119
131
132
144
143
144
143
142
130
142
141
140
139
138
137
125
124
123
122
134
133
121
109
97
85
73
85
86
98
110
111
112
113
114
126
127
128
129
117
118
106
94
144
132
120
108
96
95
107
119
131
143
142
130
118
117
105
93
92
80
81
69
57
58
70
71
72
60
59
47
48
36
24
23
22
21
9
8
20
32
44
56
55
43
42
54
66
78
77
65
64
76
88
89
101
102
90
91
79
67
68
56
44
45
46
34
35
36
48
60
72
84
83
82
94
106
105
104
116
115
103
104
116
128
140
141
129
117
118
106
94
93
81
69
57
45
33
32
31
30
18
17
16
4
3
15
27
28
29
41
53
52
40
39
51
50
38
37
25
26
14
13
1
2
3
4
5
6
7
19
31
43
42
41
53
52
40
39
51
63
75
74
62
61
73
85
97
98
86
87
99
111
123
124
125
113
112
100
101
113
114
126
138
137
136
135
134
133
121
122
110
109
97
98
110
109
121
133
134
122
123
135
136
124
112
111
99
100
88
89
77
76
75
87
86
85
73
74
62
63
64
65
66
54
55
67
68
80
92
91
79
78
90
102
103
115
114
126
125
137
138
139
127
128
127
139
140
141
129
130
142
143
144
132
131
119
120
108
107
95
96
84
83
82
70
71
59
47
35
23
24
12
11
12
11
10
22
10
9
8
7
6
5
17
16
15
14
2
1
13
25
37
49
61
49
50
38
26
27
28
29
30
18
19
20
21
33
34
46
58
16
112
111
48
22
20
140
119
11
81
90
100
68
133
51
32
98
39
66
143
67
50
89
24
143
1
129
135
35
141
94
36
134
60
2
55
44
65
85
29
89
136
52
121
37
41
131
106
7
71
95
72
42
85
113
24
80
142
19
112
138
78
115
144
79
97
120
84
114
107
140
128
99
133
52
50
103
76
69
101
128
26
122
25
28
3
25
70
1
49
5
71
67
15
130
47
10
108
38
97
99
38
27
106
125
56
49
78
116
63
26
6
110
58
12
83
63
74
122
5
21
36
132
23
64
88
113
61
90
33
70
6
51
11
107
96
17
131
126
34
135
105
75
141
108
124
93
62
132
23
117
115
58
60
114
129
77
92
27
144
40
88
117
72
59
61
46
20
109
35
139
95
125
87
136
34
46
22
33
53
74
76
82
102
13
3
10
17
18
80
30
44
121
2
9
66
39
56
21
127
57
104
45
4
30
43
79
54
29
45
81
4
119
57
116
53
69
126
91
87
86
120
105
14
127
130
118
31
134
84
62
86
7
15
32
47
19
77
13
109
142
55
138
123
37
14
73
9
40
137
18
31
100
104
42
101
68
64
43
8
137
41
96
59
12
124
123
94
139
93
110
8
102
48
28
111
54
91
75
73
65
83
98
103
118
92
16
82
27
105
87
112
143
137
130
141
24
56
32
111
85
67
126
136
105
52
18
59
39
49
98
55
88
2
136
138
12
117
72
123
8
17
144
125
50
1
107
97
91
24
20
103
38
61
144
67
7
90
31
115
134
122
60
11
83
25
128
139
107
127
42
110
5
101
77
77
39
9
30
19
5
6
129
116
2
1
35
131
17
41
48
20
125
73
71
49
23
111
140
120
40
47
35
19
94
66
62
10
90
73
15
16
59
121
40
98
41
51
81
11
13
33
103
133
18
135
79
3
118
22
62
45
16
106
134
28
15
26
85
30
34
119
102
94
4
91
116
74
56
53
95
112
26
9
44
48
65
78
82
84
92
81
69
92
104
21
71
21
32
75
120
104
102
79
89
43
132
95
80
28
12
126
14
122
38
72
44
50
69
57
76
130
113
76
127
137
142
36
61
36
88
87
25
109
7
97
115
100
70
113
27
100
128
33
58
64
46
108
4
58
108
51
139
135
75
55
23
13
64
131
133
123
101
96
54
74
42
99
80
106
140
114
83
96
70
65
124
3
68
121
119
54
57
66
63
141
10
52
82
89
63
6
45
93
142
53
14
46
114
68
84
34
99
78
129
29
22
86
93
8
138
143
29
37
109
117
118
132
86
60
43
124
110
47
37
31
1
13
25
26
14
15
3
4
16
28
40
41
29
30
31
19
18
17
5
6
7
8
9
10
22
23
11
12
24
36
48
60
59
58
46
47
35
34
33
45
57
56
44
43
55
67
68
69
70
71
83
82
94
93
81
80
79
91
92
104
105
106
118
119
120
132
144
143
131
130
142
141
140
139
138
126
127
115
114
113
101
102
90
78
66
54
42
41
53
65
77
89
88
76
75
63
64
52
51
50
62
74
86
87
99
98
97
109
110
111
123
122
134
133
121
109
97
85
73
61
49
37
38
39
27
28
29
30
42
54
55
43
31
32
20
21
9
10
22
34
46
58
70
82
94
95
96
108
107
106
118
117
129
128
116
115
103
102
114
113
112
100
101
89
77
76
88
100
112
124
136
137
125
124
125
137
138
126
127
139
140
141
142
143
144
132
120
108
96
84
72
71
59
47
35
23
11
12
24
36
48
60
72
84
83
95
107
119
131
130
129
128
116
117
105
104
103
91
90
78
66
67
79
80
92
93
81
69
68
56
57
45
44
32
33
21
20
8
7
19
18
6
5
17
16
15
27
39
40
52
53
65
64
63
51
50
62
74
75
87
99
111
123
135
136
135
134
133
121
122
110
98
86
85
73
61
49
37
38
26
25
13
1
2
14
2
3
4
133
134
122
110
109
97
85
73
61
49
37
25
26
38
39
40
52
53
41
29
30
18
6
7
8
20
21
9
10
22
23
11
12
24
36
48
47
46
45
57
56
44
32
33
34
35
36
48
60
59
58
70
69
68
67
55
43
42
54
66
65
64
76
75
63
51
50
62
74
86
87
88
100
112
113
125
137
138
126
127
139
140
128
129
141
142
143
131
119
120
108
96
84
72
71
83
95
107
106
105
104
103
115
116
117
118
130
142
141
140
139
138
137
136
135
123
124
112
111
99
98
97
85
86
87
75
76
77
78
79
91
90
102
114
126
127
128
129
130
118
117
116
115
103
104
92
93
94
82
81
80
68
67
66
65
64
52
40
28
27
15
14
2
3
4
16
17
5
6
7
19
18
17
5
4
16
15
3
2
1
13
1
13
14
26
25
37
49
61
73
74
62
63
51
50
38
39
27
28
29
41
53
54
42
30
31
19
20
8
9
21
33
32
31
43
55
56
44
45
46
34
22
10
11
12
24
23
35
47
59
60
72
84
83
71
70
58
57
69
81
82
94
95
96
108
120
132
144
143
144
132
131
119
107
106
105
93
92
80
79
91
90
78
77
89
101
100
99
98
110
111
123
122
121
109
121
133
134
135
136
124
125
113
114
102
101
89
88
1
69
108
124
12
130
95
75
21
47
8
54
44
7
84
64
27
85
120
60
48
67
97
112
11
23
22
56
105
62
33
77
42
88
94
49
5
126
83
59
88
65
106
39
79
70
78
17
69
100
138
110
28
32
114
81
27
43
16
139
72
86
20
135
114
122
22
93
98
127
142
9
33
71
12
66
43
38
20
115
4
102
52
105
99
70
79
52
58
113
103
96
122
50
40
6
117
18
143
100
68
13
123
3
14
10
142
55
51
116
121
28
16
96
7
51
81
134
54
74
111
30
63
136
76
131
134
23
31
49
83
131
97
30
46
95
34
126
82
29
78
116
139
71
57
110
14
61
42
34
4
63
2
37
25
137
92
75
113
1
89
73
133
53
72
82
66
133
61
40
18
140
111
132
90
39
89
31
41
2
36
74
127
80
138
128
65
45
144
24
26
109
93
59
62
32
80
9
141
87
73
118
136
19
104
10
84
91
56
41
125
67
129
117
8
107
128
26
143
50
87
106
68
102
108
94
112
104
118
101
101
137
46
15
85
119
45
47
103
35
55
24
5
125
123
135
144
141
115
19
11
36
53
44
99
77
29
86
17
76
3
35
15
6
90
120
109
98
25
107
57
21
37
130
124
132
119
13
48
91
129
58
92
38
140
60
64
121
12
19
59
69
90
99
7
94
139
36
95
110
111
143
4
8
116
130
118
141
95
103
99
132
23
131
63
5
26
81
40
21
35
33
47
139
93
143
105
106
11
2
120
6
132
119
96
10
79
46
54
56
105
64
53
43
123
94
122
108
57
43
74
49
113
9
35
107
96
127
52
17
135
42
50
109
80
24
137
19
131
77
46
54
111
83
25
104
8
66
76
25
104
20
7
137
27
75
24
65
36
97
69
58
51
106
31
140
101
121
84
115
18
44
98
45
80
101
71
37
39
71
33
141
28
86
88
82
40
114
1
77
12
23
42
15
142
87
41
83
3
117
16
28
86
58
29
76
11
123
29
32
70
126
47
127
15
85
61
67
3
30
48
118
91
78
124
18
38
30
100
49
135
13
92
61
41
85
126
9
72
112
88
68
14
81
84
6
92
34
75
114
121
50
20
125
87
90
117
14
26
1
107
60
125
22
122
134
110
144
55
78
39
57
128
113
133
72
82
91
128
73
142
129
55
56
21
103
89
62
109
16
60
10
32
13
116
100
44
124
136
108
133
129
51
68
63
37
136
115
62
102
70
38
74
134
64
140
79
138
31
120
130
27
45
17
102
73
34
97
22
98
66
52
112
93
89
67
65
48
2
4
59
144
119
138
5
53
1
2
14
26
25
37
49
61
73
85
97
109
110
98
99
100
88
89
101
113
114
126
138
139
140
128
129
141
142
130
131
143
144
132
120
108
107
106
105
93
92
104
116
117
118
119
120
108
96
95
94
82
81
80
79
91
103
102
90
78
77
76
64
63
75
87
86
74
62
50
51
52
40
28
29
17
5
6
18
19
7
8
20
21
9
10
11
23
35
36
48
60
72
84
83
71
59
47
46
45
44
43
31
32
33
34
22
10
9
8
7
6
5
4
3
15
16
28
27
39
38
37
49
50
51
63
64
65
66
67
55
54
42
30
18
19
20
21
22
34
33
32
31
43
44
56
57
58
70
69
68
80
79
78
77
76
88
100
112
111
123
122
134
135
136
124
125
137
138
139
127
126
125
137
136
124
123
135
134
133
121
133
121
122
110
109
97
85
73
61
62
74
75
87
86
98
99
111
112
113
101
89
90
102
114
115
127
128
140
141
129
117
116
115
103
91
92
104
105
106
118
130
142
143
144
132
131
119
107
95
96
84
72
71
83
82
94
93
81
69
70
58
59
60
48
36
24
12
11
12
24
23
35
47
46
45
57
56
68
67
55
54
66
65
53
41
40
39
38
26
27
15
14
13
25
13
1
2
3
4
16
17
29
30
42
41
53
52
12
11
23
35
36
48
60
72
84
96
108
120
119
107
106
105
93
92
104
116
115
127
139
138
137
125
124
136
135
123
122
134
133
121
109
97
98
99
100
88
89
101
113
112
111
110
109
97
85
86
87
75
76
77
78
90
102
103
91
79
80
81
69
70
82
94
95
83
71
59
58
57
45
33
32
20
8
7
19
18
6
5
17
16
4
3
2
14
26
25
37
49
61
73
74
62
50
38
39
40
41
42
30
29
28
27
15
3
4
5
6
7
8
9
10
22
21
33
34
46
47
48
60
59
58
70
69
68
67
66
54
55
43
31
19
18
17
16
15
27
28
29
30
42
41
53
52
51
63
64
65
77
78
79
80
81
93
105
117
118
130
131
143
142
141
129
128
140
139
138
126
127
128
140
141
129
130
142
143
144
132
144
132
131
119
120
108
96
84
72
71
83
82
94
95
107
106
118
117
116
104
92
91
103
115
114
126
125
137
136
124
112
113
114
102
90
89
101
100
99
111
123
135
134
133
121
122
110
98
86
85
73
61
62
74
75
87
88
76
64
63
51
50
49
37
25
13
1
2
1
13
14
26
38
39
40
52
53
65
66
54
55
67
68
56
44
45
46
47
35
34
22
23
24
36
24
12
11
10
9
21
20
32
31
43
44
56
57
