##Rat 5 Day 15
 ##rewards
74
87
21
##Vertices
133
121
109
110
122
123
135
136
124
112
100
101
113
114
115
127
126
125
137
138
139
140
141
142
130
131
143
144
132
120
108
96
95
94
106
107
119
118
117
105
93
92
104
103
91
79
80
81
82
83
71
70
58
57
69
68
67
55
56
44
45
46
34
35
36
24
12
11
23
22
10
9
8
7
6
18
19
31
30
29
41
42
54
66
78
90
102
101
89
77
65
53
52
64
63
75
76
88
87
86
74
62
50
51
39
38
37
25
26
27
15
14
2
1
13
25
37
49
61
73
85
97
98
99
111
112
113
114
102
90
91
103
115
116
128
129
141
142
130
118
106
94
82
70
58
59
60
48
47
46
34
33
21
20
32
31
43
42
30
29
28
40
41
53
65
64
52
40
28
16
4
5
17
16
17
5
6
18
19
7
8
9
10
11
12
24
36
48
60
72
84
83
95
107
119
131
143
144
132
120
108
96
84
72
71
59
47
35
23
22
21
20
32
33
45
44
43
55
54
66
78
79
67
68
56
57
69
81
80
92
93
105
104
116
117
129
128
140
139
127
126
138
137
125
124
123
111
99
100
88
89
77
76
75
87
86
74
62
63
51
39
27
15
3
4
3
2
1
13
14
26
38
50
49
61
73
85
97
98
110
109
121
133
134
122
134
135
136
1
2
14
26
25
13
1
2
3
15
16
17
29
41
42
54
66
67
68
69
70
58
57
45
46
47
59
60
72
71
83
84
96
95
107
106
118
119
120
108
96
84
72
60
48
36
35
23
24
12
11
10
22
34
33
21
9
8
7
19
31
30
18
6
5
4
3
15
27
28
40
52
64
76
88
89
90
78
77
65
53
52
51
39
38
37
49
61
62
74
73
85
86
98
110
109
97
85
73
61
49
50
62
63
75
87
99
100
101
102
114
126
125
137
138
139
140
128
116
117
129
141
142
143
131
130
118
117
105
104
92
91
103
115
127
139
138
137
136
124
123
122
121
133
134
135
136
124
112
113
101
102
90
89
77
65
53
54
55
56
44
32
20
8
9
21
33
45
57
69
81
80
79
78
66
67
79
91
103
104
116
115
114
113
125
126
127
128
140
141
129
130
142
143
144
132
144
132
131
119
120
108
107
106
94
95
83
71
59
47
48
36
35
23
24
12
11
10
22
34
46
58
70
82
94
82
81
93
105
93
92
80
68
56
55
43
42
41
29
30
31
43
44
32
20
19
7
6
18
17
5
4
16
28
40
39
27
26
14
13
25
37
38
50
51
63
64
76
75
87
88
100
112
111
99
111
110
122
123
135
134
133
121
109
97
98
86
74
94
5
127
2
130
7
103
143
69
104
96
14
112
75
21
24
76
46
35
35
26
30
92
23
102
12
59
33
10
114
63
18
109
57
13
1
91
43
105
22
56
19
93
52
112
61
79
54
131
116
128
70
38
36
124
101
62
23
123
66
32
141
38
120
68
15
137
84
12
72
27
34
27
121
37
28
20
85
81
82
73
114
69
94
30
97
17
88
89
45
121
36
117
84
144
2
65
126
25
11
122
89
26
142
40
87
119
78
90
88
41
39
19
129
16
10
106
108
139
48
25
43
67
138
53
127
59
83
134
73
5
49
4
50
113
115
50
141
28
58
14
18
70
56
135
111
42
66
39
90
80
75
124
138
110
62
77
110
83
33
115
131
6
142
67
78
120
133
132
34
101
86
91
119
97
29
105
126
3
86
22
32
47
24
65
16
107
41
1
143
79
55
9
100
98
57
129
111
80
133
137
116
144
63
60
9
122
81
82
60
47
42
140
106
77
64
95
21
136
96
44
51
113
128
31
45
61
51
104
20
118
103
29
37
53
74
46
140
85
71
98
87
125
52
99
135
13
58
95
8
134
4
130
74
17
136
11
139
125
118
76
44
7
64
55
71
117
40
109
48
99
6
107
15
54
123
49
108
132
102
8
93
92
31
72
3
100
68
24
57
76
68
26
83
50
9
58
124
50
25
72
63
91
110
63
23
12
7
94
64
104
33
1
67
35
14
100
138
82
94
107
133
32
133
117
5
91
109
40
4
138
53
144
81
3
64
110
123
102
74
25
128
123
51
122
52
14
28
36
131
57
98
95
8
112
74
142
88
66
96
48
81
15
3
37
21
79
144
103
31
53
124
102
105
121
42
118
75
59
137
125
97
79
48
8
120
84
97
21
108
132
18
56
113
125
127
71
10
62
51
35
140
137
101
45
27
22
65
49
36
38
7
20
141
22
13
54
114
85
4
41
30
139
105
115
92
119
77
87
93
106
43
80
143
47
120
85
15
113
61
67
69
119
95
129
18
72
19
129
130
26
61
122
9
66
28
43
111
141
142
98
84
109
16
41
59
39
139
19
143
76
20
69
44
39
118
126
90
140
134
10
49
70
128
12
1
70
38
107
54
60
131
34
17
93
71
29
77
103
65
112
99
34
89
92
104
90
116
127
55
58
46
27
106
6
24
37
86
13
52
78
46
100
62
132
17
73
47
99
134
73
108
101
33
80
29
56
11
31
82
32
135
115
88
136
83
89
16
86
30
2
136
130
55
5
135
114
2
6
42
87
121
68
111
11
117
45
96
75
116
60
40
44
78
23
126
12
11
23
35
36
24
12
11
10
22
21
20
32
44
43
55
67
66
65
64
63
51
52
40
39
38
50
49
61
62
74
73
85
86
98
99
111
110
109
97
85
73
61
49
37
25
26
14
13
1
2
3
15
27
28
16
4
5
6
18
30
31
19
7
8
9
10
22
34
33
45
57
69
81
93
92
91
79
80
68
56
57
58
46
47
48
60
72
71
83
84
96
95
107
119
120
108
96
84
72
60
59
71
70
82
94
106
105
104
103
115
127
128
140
139
138
137
125
113
112
124
136
135
134
122
123
111
112
100
101
89
90
102
114
126
138
139
140
141
129
130
131
132
144
143
142
141
129
117
116
104
103
91
92
80
68
56
55
54
53
41
29
17
5
4
16
28
40
52
64
76
77
78
79
67
66
78
90
102
101
113
114
115
116
128
127
126
125
137
136
124
123
135
134
133
121
133
121
122
110
109
97
98
99
87
86
74
62
50
38
37
25
26
14
13
1
2
3
15
27
39
51
63
75
87
75
76
88
100
88
89
77
65
53
54
42
43
44
32
31
30
42
41
29
17
18
6
7
19
20
8
9
21
33
45
46
34
35
23
24
36
48
47
59
58
70
69
81
82
94
93
105
117
118
106
118
119
131
130
142
143
144
132
120
108
107
95
83
144
132
120
119
131
130
142
141
129
117
105
104
116
115
114
126
127
128
140
139
138
137
136
135
123
122
134
133
121
109
97
85
86
87
99
98
110
111
112
100
88
89
101
102
90
78
77
76
75
74
62
63
51
52
64
65
66
54
53
41
40
39
27
26
25
13
1
2
14
15
3
4
5
6
7
19
18
30
31
32
44
43
55
67
79
91
103
104
92
80
68
56
57
69
70
82
81
93
94
95
83
71
59
58
46
47
48
36
35
34
22
23
11
12
24
36
48
60
72
84
96
108
107
106
118
117
116
115
103
91
90
102
114
113
125
124
136
135
123
111
99
87
75
63
51
50
49
37
38
39
27
28
16
17
29
30
42
43
31
32
33
45
44
56
68
69
57
45
33
21
9
8
20
21
20
8
7
19
18
6
5
4
3
2
1
13
25
37
49
61
73
74
86
98
110
122
134
133
121
109
97
85
73
61
62
50
38
26
14
15
16
17
29
28
40
41
42
54
55
67
79
78
66
65
53
52
64
76
77
89
88
100
101
113
112
124
125
137
138
126
127
139
140
128
129
130
118
106
105
93
92
80
81
82
94
95
83
71
70
58
46
34
22
10
9
10
11
12
24
23
35
47
59
60
72
84
96
108
107
119
120
132
144
143
131
143
142
141
4
2
140
130
57
42
27
76
92
110
93
131
87
83
29
26
91
127
75
37
74
71
132
71
85
51
15
137
51
46
122
138
89
81
119
58
60
61
20
41
105
86
91
1
120
109
63
55
121
35
32
9
130
104
78
21
42
16
86
9
135
96
61
10
124
49
70
11
70
45
134
14
136
16
126
67
23
144
38
141
99
133
69
131
98
79
137
93
125
39
124
25
87
66
5
96
100
88
28
36
82
22
55
44
107
49
92
52
113
1
56
47
17
143
54
105
108
54
62
31
24
112
139
23
141
98
47
143
18
12
136
111
73
43
121
20
6
68
43
138
118
133
7
74
36
97
140
2
123
82
11
45
13
80
109
112
102
48
103
50
84
59
113
80
58
135
63
69
18
8
76
77
79
78
35
101
3
31
34
142
126
52
114
62
116
85
134
95
59
115
115
7
75
46
144
128
40
6
132
100
114
30
142
101
30
123
81
33
106
110
48
13
50
65
33
64
111
8
77
57
17
22
4
3
125
10
34
122
53
60
103
129
97
94
26
117
88
38
27
72
84
104
56
28
40
66
72
99
15
12
73
102
29
107
24
39
128
95
117
64
89
127
119
108
37
19
53
25
116
44
139
118
94
68
32
67
5
120
90
21
129
41
83
19
106
90
14
65
97
144
30
86
117
57
13
19
105
58
127
100
129
95
107
42
68
38
79
106
83
31
84
67
82
21
121
133
141
44
61
15
109
67
32
33
77
118
50
49
12
44
96
59
120
53
72
82
4
57
9
64
62
46
20
8
53
102
140
61
90
125
65
40
143
33
113
14
72
90
19
54
97
137
119
26
39
48
99
116
139
87
99
107
1
93
27
54
132
91
135
22
136
48
20
108
37
41
111
144
41
17
5
5
46
134
11
69
98
112
2
31
94
45
23
9
18
60
75
78
59
55
128
123
91
18
93
22
80
23
63
139
8
106
100
115
10
75
70
56
14
117
7
122
136
103
16
130
29
39
128
114
6
49
32
24
142
15
122
98
13
104
110
60
81
89
51
71
103
81
35
36
124
95
63
26
114
28
89
105
80
25
24
25
142
101
35
74
140
58
131
55
1
64
28
68
50
29
130
135
17
43
137
143
40
47
78
124
92
79
62
65
132
12
70
66
104
85
138
3
11
87
96
126
111
34
2
73
88
52
138
88
71
51
120
123
66
69
133
109
7
92
45
56
76
116
30
113
102
21
141
84
6
119
4
108
83
101
43
36
3
52
110
77
112
126
47
127
115
74
10
134
16
42
37
76
129
73
118
85
125
121
86
38
131
27
94
34
1
2
14
26
25
37
49
61
73
85
97
109
110
98
99
100
88
89
101
113
114
126
138
139
140
128
129
141
142
130
131
143
144
132
120
108
107
106
105
93
92
104
116
117
118
119
120
108
96
95
94
82
81
80
79
91
103
102
90
78
77
76
64
63
75
87
86
74
62
50
51
52
40
28
29
17
5
6
18
19
7
8
20
21
9
10
11
23
35
36
48
60
72
84
83
71
59
47
46
45
44
43
31
32
33
34
22
10
9
8
7
6
5
4
3
15
16
28
27
39
38
37
49
50
51
63
64
65
66
67
55
54
42
30
18
19
20
21
22
34
33
32
31
43
44
56
57
58
70
69
68
80
79
78
77
76
88
100
112
111
123
122
134
135
136
124
125
137
138
139
127
126
125
137
136
124
123
135
134
133
121
133
121
122
110
109
97
85
73
61
62
74
75
87
86
98
99
111
112
113
101
89
90
102
114
115
127
128
140
141
129
117
116
115
103
91
92
104
105
106
118
130
142
143
144
132
131
119
107
95
96
84
72
71
83
82
94
93
81
69
70
58
59
60
48
36
24
12
11
12
24
23
35
47
46
45
57
56
68
67
55
54
66
65
53
41
40
39
38
26
27
15
14
13
25
13
1
2
3
4
16
17
29
30
42
41
53
52
12
24
23
22
10
9
8
7
6
5
4
3
15
16
28
40
41
53
52
51
63
62
61
73
85
86
98
97
109
110
122
121
133
134
135
136
124
112
100
101
89
88
87
99
111
123
135
136
137
125
113
114
102
90
78
77
76
64
65
66
54
42
43
31
30
29
17
18
19
20
32
44
45
46
58
59
60
72
71
83
84
96
95
107
108
120
132
131
130
142
141
140
139
138
126
127
128
129
117
105
93
81
82
94
106
118
119
120
108
96
84
72
60
48
36
35
47
46
34
33
21
9
8
20
32
31
43
55
67
79
80
68
69
70
71
83
95
107
119
118
106
94
82
81
93
92
104
116
115
103
91
90
78
66
54
42
41
40
39
27
26
14
13
25
37
38
50
49
61
73
74
62
50
49
37
38
26
25
13
1
2
1
2
14
15
3
4
5
6
7
19
18
30
29
17
16
28
27
39
51
52
53
65
64
63
75
74
86
85
97
98
99
87
75
76
77
89
88
100
112
111
110
109
121
133
134
122
123
124
125
137
138
139
127
126
114
113
101
102
103
115
116
128
140
141
142
143
144
132
144
143
131
130
129
117
105
104
92
91
79
80
68
67
55
56
57
45
33
21
22
34
35
23
11
10
11
12
24
36
48
47
59
58
70
69
57
56
44
120
55
63
89
23
1
112
24
82
136
57
55
40
133
18
130
41
141
30
30
76
48
64
44
10
72
98
2
18
100
33
90
52
61
79
131
123
54
93
97
109
119
8
39
17
124
78
85
110
131
25
103
65
19
138
132
112
26
62
63
83
17
19
15
3
71
70
43
61
5
76
79
91
81
75
95
109
139
48
111
114
97
13
87
75
22
71
88
125
4
4
37
7
49
65
115
106
51
33
49
59
113
66
68
141
96
14
82
86
22
11
67
127
69
125
20
69
73
130
121
77
53
3
105
44
24
6
2
66
73
84
108
142
80
117
1
42
94
113
50
29
137
107
28
106
51
52
120
88
53
96
143
26
94
32
143
111
38
21
32
60
31
39
92
60
6
47
20
34
28
45
128
107
27
100
68
144
101
99
93
16
47
116
84
46
90
62
38
110
29
34
9
74
50
9
37
74
85
8
134
81
89
114
105
56
142
92
144
98
122
11
134
118
118
136
104
101
108
132
21
139
25
36
59
46
40
133
27
91
72
140
54
78
10
83
57
126
14
86
128
42
5
124
35
95
36
140
135
121
70
12
129
117
16
99
116
80
58
104
41
103
127
126
138
77
122
13
31
87
129
135
56
67
137
43
119
23
102
12
102
45
7
64
35
123
115
15
58
132
78
124
60
102
70
73
72
74
13
131
114
58
43
132
43
116
107
121
4
95
5
66
13
74
55
61
67
122
12
18
97
30
35
107
34
128
78
1
65
67
64
69
83
103
100
6
137
100
115
108
65
26
116
66
82
99
50
38
140
48
31
94
126
1
59
31
110
53
8
29
109
5
139
133
86
85
23
22
7
103
87
10
118
110
16
123
124
20
91
53
6
57
63
54
2
144
121
76
127
15
44
105
130
102
56
115
71
55
91
11
142
70
34
29
139
23
90
141
94
125
69
119
89
17
98
37
32
2
36
52
80
25
57
51
28
96
87
25
88
83
12
17
111
84
10
14
35
136
40
143
40
112
96
49
32
79
52
128
19
51
90
138
86
123
109
118
111
81
75
113
42
119
33
41
14
106
75
24
21
68
99
24
8
60
68
20
126
38
112
7
45
117
141
125
16
58
3
101
120
77
72
138
92
136
46
106
113
21
85
73
122
77
80
134
89
19
48
97
104
27
9
93
22
101
11
47
134
79
4
61
64
62
54
108
30
63
50
59
133
117
137
56
135
37
71
104
143
129
135
62
81
39
41
76
47
114
92
131
15
49
127
105
44
28
120
27
95
93
26
33
3
129
140
36
18
142
39
144
88
9
84
82
42
130
46
45
98
