##Rat 2 Day 32
 ##rewards
18
29
107
##Vertices
60
51
8
110
97
19
106
66
78
28
114
32
1
118
56
57
127
75
142
96
51
106
13
68
137
86
69
35
70
139
66
42
121
128
36
48
7
129
137
77
94
46
83
111
134
139
140
105
111
37
12
107
20
92
103
47
107
29
99
15
17
76
88
122
72
116
14
47
10
20
132
127
65
18
96
84
11
85
26
112
102
23
100
44
124
82
113
129
50
131
117
74
83
16
49
136
101
18
34
35
125
67
63
30
144
21
24
112
138
87
41
71
5
115
15
8
54
59
141
116
62
43
46
31
2
126
109
42
22
98
115
131
78
82
125
85
39
132
23
3
121
113
39
84
9
6
53
63
57
38
61
76
87
38
143
88
144
69
58
45
33
71
37
89
50
108
21
130
80
64
3
104
40
119
102
9
22
52
64
104
93
70
138
28
13
126
27
119
135
43
123
79
54
16
101
62
122
26
27
89
91
110
74
124
7
90
49
118
117
77
98
31
140
25
36
52
2
4
90
120
94
33
135
109
134
123
91
58
17
14
105
40
34
128
95
86
120
108
32
73
95
141
93
114
61
97
60
11
81
24
100
55
130
65
45
44
92
25
143
136
68
103
6
1
5
133
4
99
79
80
59
29
133
72
56
12
73
67
81
41
53
75
30
10
19
55
142
48
125
81
96
63
41
97
65
67
142
130
64
141
117
110
2
79
98
99
137
90
104
112
36
15
142
106
46
7
85
64
27
19
43
79
44
24
86
56
73
76
111
128
20
13
107
40
87
16
118
37
71
54
110
18
82
32
133
50
140
45
58
17
69
9
52
61
39
143
57
90
24
27
77
23
33
38
48
132
49
31
115
105
42
100
15
101
65
35
47
57
8
60
19
84
13
121
114
131
59
133
56
125
80
21
101
8
3
73
144
141
6
130
37
50
102
59
129
117
135
5
120
29
123
87
93
49
5
36
91
89
120
108
78
58
76
132
109
18
97
139
85
102
38
4
129
144
32
88
47
109
2
108
61
69
143
119
11
22
96
70
75
28
77
127
123
72
83
63
113
139
83
14
35
12
99
86
116
45
62
82
70
17
55
67
126
12
14
121
51
6
23
128
10
34
103
122
81
92
74
122
124
66
25
34
44
42
107
78
95
111
48
115
1
30
39
7
3
98
93
137
1
26
66
89
29
126
68
16
118
136
20
95
103
30
116
33
11
43
131
53
31
113
60
91
105
80
46
94
22
88
52
51
71
138
54
25
72
124
119
134
140
112
41
84
62
104
53
40
114
135
106
94
9
136
68
74
28
100
75
10
55
26
92
134
4
127
138
21
12
24
36
48
47
35
34
22
23
11
10
9
8
7
19
20
32
33
21
9
8
20
32
31
30
18
17
29
28
16
4
5
6
7
19
31
43
42
54
66
67
68
69
81
82
94
93
105
106
118
117
129
130
131
119
120
132
144
143
142
141
140
139
138
137
136
135
134
133
121
109
110
122
123
111
99
100
88
76
77
89
90
91
92
80
79
78
90
102
101
113
125
124
112
113
114
115
116
104
103
102
114
126
127
128
140
141
129
117
118
106
107
108
96
84
83
95
94
82
70
58
59
60
72
71
70
69
57
45
44
56
55
43
42
41
53
65
64
63
75
74
62
61
49
50
51
52
40
39
38
37
25
26
14
15
3
2
1
13
25
37
49
61
73
85
86
87
75
76
77
78
79
91
92
80
81
93
105
104
103
115
116
128
127
139
138
126
125
137
136
124
112
100
101
89
88
87
86
98
97
109
121
133
134
135
123
122
110
111
99
98
97
85
73
74
62
50
51
63
64
52
40
39
38
26
27
28
27
15
14
13
1
2
3
4
16
17
5
6
18
30
29
41
53
65
66
54
55
67
68
56
44
45
33
21
22
10
11
12
24
23
35
36
48
60
72
84
96
108
120
132
144
143
142
130
131
119
107
95
83
71
59
47
46
34
46
58
57
133
134
135
136
124
123
111
110
122
121
109
97
85
73
74
86
87
99
98
97
85
86
87
75
63
62
50
51
39
38
37
49
61
73
74
75
76
64
65
66
78
90
102
103
115
116
104
105
117
118
106
107
119
131
130
142
143
144
132
120
108
96
84
72
60
48
36
24
12
11
10
22
23
35
34
33
45
44
43
55
56
68
80
92
91
79
67
68
69
57
58
59
47
46
58
70
82
94
93
81
69
70
71
83
95
96
108
107
106
118
117
129
141
140
139
127
128
116
115
114
113
125
137
138
126
114
102
101
100
88
89
77
76
64
52
53
54
42
30
31
19
18
6
5
17
29
41
40
28
16
4
3
15
14
26
25
13
1
2
3
4
5
6
7
8
20
32
31
43
55
67
79
80
92
91
103
104
105
93
81
82
94
95
83
84
72
71
59
60
48
47
46
45
57
56
44
32
20
21
9
10
11
12
24
36
35
23
22
34
33
21
9
8
7
19
18
17
29
30
42
41
40
28
16
15
27
39
27
26
14
2
1
13
25
37
38
50
49
61
62
63
51
52
53
54
66
65
77
78
90
89
88
100
99
98
110
109
121
133
134
122
123
135
136
137
138
139
140
141
142
143
144
132
120
119
131
130
129
128
127
126
125
124
112
111
112
113
101
50
125
3
19
117
36
68
2
78
101
29
12
96
13
132
33
56
17
94
96
25
58
95
127
102
142
34
61
143
57
138
116
122
49
79
45
72
84
86
34
63
137
59
63
38
131
14
90
106
25
78
139
119
115
70
52
109
113
83
130
128
71
107
142
135
118
141
35
6
5
115
17
99
131
108
85
7
94
40
16
122
143
53
112
93
120
48
22
20
110
111
89
31
1
60
44
102
124
2
30
84
4
74
129
10
126
64
30
95
98
110
43
7
139
93
138
18
5
92
79
140
83
100
99
15
72
58
77
49
88
81
121
71
59
127
69
90
66
53
136
76
61
52
134
107
132
47
144
85
41
126
67
82
37
112
106
51
103
105
80
100
21
117
46
9
29
3
43
137
70
69
11
101
10
8
111
140
128
103
42
64
42
35
134
13
121
109
44
21
4
77
33
26
28
104
119
136
88
130
144
75
97
27
65
68
66
11
105
32
108
60
129
113
39
40
118
123
47
50
12
26
32
15
16
9
51
87
1
24
31
104
92
39
67
141
124
125
89
123
48
54
28
45
8
135
114
65
97
27
41
114
91
37
55
62
73
75
23
6
98
76
91
23
74
73
133
36
20
38
62
56
22
24
116
57
82
87
55
120
19
46
81
18
80
14
133
54
86
74
71
137
80
118
121
18
112
130
106
119
96
50
68
84
66
128
127
60
22
140
107
92
47
49
28
101
115
94
131
7
108
83
127
49
86
63
106
37
141
38
126
93
71
120
143
129
25
38
70
43
29
10
20
77
91
114
94
5
136
46
35
85
86
52
36
99
111
107
105
103
69
75
115
144
51
102
113
102
54
3
117
135
52
42
100
75
78
100
109
118
62
85
76
138
10
80
56
11
2
36
41
6
87
34
91
61
65
97
83
130
104
1
22
34
12
19
11
121
23
138
5
76
18
114
32
24
33
4
132
57
139
32
1
28
110
72
19
60
77
42
8
124
139
44
53
59
40
13
90
124
89
108
66
2
54
8
97
126
59
3
79
9
137
39
81
27
12
56
16
120
112
103
144
134
74
58
132
4
45
141
23
142
67
62
65
109
31
44
142
87
55
35
82
50
122
72
24
131
70
9
27
95
125
64
41
133
51
58
33
73
14
29
69
135
123
61
88
48
57
26
45
21
63
40
46
47
79
119
105
30
133
95
116
25
26
89
13
15
68
129
30
39
21
140
125
113
81
101
98
14
84
78
122
15
117
82
92
16
73
116
6
55
37
67
17
53
104
31
93
90
136
20
111
128
123
64
143
7
17
134
43
88
98
110
96
99
48
1
2
14
26
27
28
40
39
51
50
49
37
25
13
1
2
3
4
16
15
3
4
5
6
7
8
9
10
11
12
24
36
35
23
22
34
33
21
20
19
31
32
44
43
55
54
66
67
68
80
92
91
79
78
90
102
114
113
125
126
127
139
138
137
136
124
112
111
99
98
86
74
75
87
88
100
101
89
77
76
64
52
53
65
64
63
62
61
73
85
97
109
110
122
123
135
134
133
121
109
97
85
73
61
49
37
38
50
51
52
40
41
29
30
42
43
44
56
57
58
59
60
72
71
70
82
81
93
94
106
105
104
116
117
129
130
131
119
120
132
144
143
142
141
140
128
116
115
103
102
101
89
77
65
53
54
55
56
68
69
57
45
46
47
48
60
72
84
96
95
83
82
94
106
105
104
103
91
90
78
66
67
79
80
92
93
81
69
70
58
46
45
33
32
31
30
42
41
29
28
27
39
38
26
25
13
14
15
16
17
18
17
5
6
18
19
7
8
20
21
9
10
11
12
24
23
22
34
35
36
48
47
59
71
83
84
96
95
107
108
107
108
120
119
118
117
118
130
131
132
144
143
142
141
129
128
140
139
138
126
127
115
114
113
125
124
123
111
112
100
99
87
88
76
75
63
62
74
86
98
110
122
121
133
134
135
136
137
144
132
131
130
118
106
105
117
116
128
140
141
142
143
144
132
120
108
107
119
120
108
96
84
72
60
48
36
24
12
11
10
22
23
35
34
46
47
59
71
70
58
57
69
68
80
79
67
55
54
53
65
66
78
77
76
75
87
86
74
62
61
73
85
97
98
99
111
112
124
125
126
114
113
101
100
88
89
90
102
103
104
92
91
103
115
127
139
138
137
136
135
123
122
110
109
121
133
134
135
136
137
138
139
140
141
129
128
116
104
105
93
94
82
81
69
57
56
44
32
20
8
7
19
31
30
42
41
29
28
40
52
51
39
38
26
14
15
3
2
1
13
25
37
49
50
51
63
64
76
88
89
90
91
92
80
68
56
55
43
44
45
33
21
9
8
7
6
5
17
18
30
29
28
40
52
64
65
77
78
79
67
66
54
53
41
42
43
31
32
33
45
46
58
70
82
81
93
94
106
118
117
129
130
142
143
131
119
107
95
83
95
96
84
83
71
72
60
59
47
48
36
24
12
11
23
35
34
22
10
9
21
20
19
18
6
5
17
16
4
16
4
3
15
27
39
27
26
14
2
1
13
25
37
38
50
49
61
73
74
62
63
75
87
86
98
110
111
99
100
112
113
101
102
114
115
127
126
125
124
123
122
134
133
121
109
97
85
63
25
63
139
23
40
48
124
142
141
112
109
75
116
81
101
99
18
51
18
33
38
97
78
80
85
10
100
36
91
131
11
11
137
136
111
5
136
93
121
96
118
7
132
92
114
95
55
12
38
25
126
22
141
96
123
140
53
46
61
70
49
71
41
4
106
110
135
113
74
73
45
7
43
31
14
15
133
104
129
66
92
86
137
57
93
68
60
105
111
79
115
51
87
87
90
89
77
124
85
83
134
99
116
104
68
43
24
50
115
88
113
54
30
118
37
143
127
27
67
102
16
128
13
70
65
22
142
13
79
41
64
74
6
72
10
73
122
4
6
117
15
84
83
125
106
1
37
81
17
98
59
60
27
52
140
61
94
20
130
2
71
3
117
110
45
89
133
108
130
112
42
39
49
59
14
57
105
120
62
129
134
78
21
9
35
29
48
125
39
67
107
53
23
1
28
143
47
80
100
94
32
5
114
21
82
19
55
101
64
102
24
34
28
95
109
29
65
52
84
88
72
103
32
56
31
35
56
91
138
76
36
50
75
46
138
144
69
16
107
108
69
144
131
62
77
19
44
121
58
54
126
20
82
119
34
122
26
26
8
8
40
90
98
76
33
119
2
132
3
135
17
97
66
139
47
12
44
86
120
123
58
42
127
103
30
9
128
8
60
14
119
70
10
113
135
2
57
29
53
114
29
89
118
132
138
22
88
114
22
68
140
89
95
127
78
62
78
33
93
13
79
128
16
66
79
20
133
128
118
44
50
61
12
33
42
119
138
26
111
56
108
11
9
94
36
37
121
107
65
26
58
110
86
58
137
13
47
3
10
100
43
87
18
87
131
24
123
110
122
136
140
71
14
101
21
60
113
39
57
104
41
82
142
105
39
120
94
85
5
9
139
135
15
125
7
64
98
7
41
81
117
59
143
124
37
31
17
63
77
74
101
64
104
142
38
59
46
80
17
97
62
108
84
123
86
61
107
105
73
44
122
69
65
91
120
45
31
23
88
103
11
50
103
1
2
129
15
134
106
106
55
38
127
143
16
133
100
48
90
125
36
67
23
129
48
49
81
95
68
4
112
43
54
72
80
35
45
126
73
40
25
70
121
96
92
96
27
75
77
72
131
82
76
116
124
52
102
76
32
67
55
144
66
84
109
56
51
1
24
116
90
136
21
28
53
18
35
46
117
63
12
83
71
40
115
75
134
8
91
4
19
34
92
42
5
130
93
3
54
144
111
49
30
97
28
98
126
52
102
6
99
74
6
115
47
27
19
130
132
141
30
139
85
20
137
109
34
112
141
51
99
83
25
32
69
12
11
23
35
34
46
58
57
56
44
32
31
19
7
8
20
21
9
10
22
34
33
45
46
47
48
60
72
71
83
84
96
95
94
106
107
119
131
130
142
141
129
128
140
139
127
126
114
115
103
102
101
113
125
124
136
135
123
111
112
100
99
87
86
98
97
85
73
74
75
76
64
63
62
61
49
50
38
37
25
26
14
15
3
2
1
13
25
37
49
61
73
85
97
109
110
122
121
133
134
135
136
137
138
139
140
141
142
143
144
132
120
108
96
84
72
60
59
71
70
82
81
93
105
117
118
130
129
128
116
104
92
80
68
69
81
80
79
78
66
67
55
43
42
54
53
52
51
39
40
41
29
17
5
4
16
28
27
26
38
50
62
74
86
87
88
89
77
65
66
54
53
41
29
30
18
17
5
6
7
6
18
19
31
30
42
43
55
67
79
78
77
65
64
52
40
28
16
4
3
2
1
13
14
15
27
39
51
63
75
76
88
100
99
98
110
109
121
133
134
122
123
111
112
124
125
137
138
126
127
115
103
102
114
113
101
89
90
91
90
91
92
93
94
106
105
104
116
117
118
119
131
143
144
132
120
108
107
95
83
82
70
58
57
69
68
56
44
45
33
32
20
8
9
21
22
10
11
12
24
23
35
36
24
36
48
47
59
144
132
131
130
118
117
116
104
92
93
94
82
83
84
96
95
107
108
120
119
118
106
105
117
129
141
140
139
127
126
138
137
125
113
112
124
123
122
110
109
97
98
86
85
73
74
62
63
75
76
64
52
51
50
38
37
25
26
27
39
40
28
29
17
16
4
5
6
18
30
42
43
31
19
7
8
20
21
9
10
22
23
35
36
24
12
11
10
9
8
7
6
5
4
3
15
14
2
1
13
25
37
49
61
73
85
97
109
121
133
134
135
136
137
138
139
140
128
127
115
114
102
101
100
99
111
110
98
86
87
88
89
90
91
103
102
90
78
66
67
79
80
81
69
68
56
44
32
33
45
57
58
59
60
48
47
46
34
22
21
20
19
18
17
29
41
53
54
55
67
68
56
57
58
70
71
59
60
72
84
72
71
83
82
70
69
81
80
79
78
66
54
55
43
44
45
46
47
48
36
24
12
11
23
35
34
33
32
31
30
42
41
40
28
16
15
3
2
1
13
14
26
27
39
38
50
49
61
62
74
75
76
64
63
51
52
53
65
77
65
77
89
101
113
112
100
88
87
99
111
123
122
121
133
134
135
136
124
125
126
114
115
116
104
103
91
92
93
105
106
94
95
96
108
107
119
120
132
144
143
131
130
142
143
142
141
129
128
