##Rat 2 Day 20
 ##rewards
18
29
107
##Vertices
70
111
53
140
33
111
93
74
2
44
96
118
112
92
17
118
51
55
37
1
139
54
8
81
54
137
14
123
42
107
23
36
134
62
52
9
77
41
136
103
131
115
71
83
68
112
40
144
84
41
5
90
113
94
104
105
137
102
10
63
69
1
56
51
65
84
13
122
125
92
18
79
119
128
131
135
22
129
91
23
93
119
26
42
53
55
121
32
127
77
21
103
113
43
129
11
37
48
28
46
88
101
4
142
122
29
7
28
132
7
69
85
106
61
109
30
85
100
47
144
64
86
140
20
105
25
57
100
48
72
141
58
104
114
34
135
47
120
79
83
87
52
50
134
15
71
127
39
36
56
99
95
39
38
125
117
14
32
45
82
99
91
81
70
75
117
67
3
97
27
30
64
13
33
9
87
89
27
94
26
114
80
139
35
60
76
11
108
120
80
59
24
72
24
132
49
124
22
31
74
126
16
8
108
107
46
130
34
12
31
62
20
10
90
88
25
98
96
66
86
15
3
40
116
57
19
43
82
133
19
115
12
73
5
35
97
75
121
133
116
138
17
65
136
21
110
138
123
2
68
128
141
50
18
59
67
61
45
106
6
126
76
109
44
78
143
101
142
49
95
130
29
78
58
124
110
143
63
102
73
38
60
66
98
4
16
6
89
78
21
64
7
47
6
37
54
58
135
139
61
106
52
71
133
112
50
115
84
26
100
8
47
24
141
39
110
61
131
63
82
60
27
56
129
95
114
68
19
104
79
126
102
72
128
89
88
12
32
82
75
63
103
130
92
116
107
43
123
125
15
53
11
117
143
44
62
93
77
133
10
13
113
119
62
40
14
49
137
134
140
122
52
53
83
103
106
112
6
18
2
122
13
78
84
65
94
98
111
143
40
7
87
88
97
99
44
117
127
101
16
80
65
81
32
3
34
114
8
142
67
86
95
90
139
141
132
70
93
31
18
22
100
57
35
9
108
66
43
131
81
92
140
105
71
144
121
87
118
25
138
59
89
91
79
66
23
60
94
22
85
5
1
42
23
83
97
4
48
104
19
72
120
136
121
77
17
111
128
68
41
28
76
74
34
96
119
46
30
3
48
11
115
51
105
70
69
126
138
28
67
113
42
108
46
75
29
123
96
25
1
38
90
135
45
58
33
142
2
16
73
5
38
20
132
91
73
137
24
107
31
144
45
102
29
109
4
130
10
118
101
110
35
124
15
26
12
69
98
136
50
55
41
74
59
17
64
9
14
76
116
49
86
124
39
127
36
109
20
134
51
55
21
57
56
125
33
30
99
37
36
27
85
80
129
54
120
144
132
120
108
96
95
94
82
83
84
72
71
70
69
68
80
81
93
105
106
107
119
131
143
142
130
118
117
116
128
140
141
129
117
116
115
114
102
103
104
92
91
90
78
79
67
66
54
42
41
40
52
53
65
64
63
51
50
62
61
49
37
25
26
38
39
27
28
16
4
3
2
14
15
3
4
5
17
29
30
18
19
20
21
9
8
7
6
5
17
16
28
29
41
40
39
51
63
75
74
73
85
97
98
86
87
99
100
101
89
77
76
88
100
112
113
125
126
127
139
138
137
136
124
123
135
134
122
121
109
110
111
112
113
101
102
103
104
105
93
94
82
81
69
57
45
33
32
31
43
55
56
44
32
33
34
46
58
59
47
48
36
35
23
24
12
11
10
22
34
46
47
35
36
24
12
11
23
22
10
9
21
20
8
7
6
18
19
31
30
42
54
53
52
64
65
77
89
90
78
66
67
79
91
92
80
68
56
55
43
44
45
57
58
70
71
59
60
48
60
72
84
83
95
96
108
120
119
107
106
118
130
131
132
144
143
142
141
129
128
140
139
127
115
114
126
138
137
125
124
136
135
123
122
110
111
99
98
86
87
88
76
75
74
62
50
38
26
27
15
14
13
1
2
1
13
25
37
49
61
73
85
97
109
121
133
134
133
12
11
10
9
8
20
32
31
19
7
6
18
30
42
54
55
43
44
45
33
21
22
23
24
36
35
34
46
58
59
60
48
47
46
58
70
82
81
69
57
56
68
80
79
67
66
78
77
76
88
100
101
89
90
102
114
113
125
126
138
137
136
135
123
124
112
111
99
98
97
109
121
122
110
109
97
85
86
87
75
74
62
50
38
37
49
61
73
85
86
98
99
87
88
100
112
113
114
115
127
139
140
141
129
128
116
117
105
93
92
91
103
104
105
106
94
95
83
71
72
84
96
108
107
119
120
132
131
143
142
130
118
106
94
93
81
69
57
45
44
32
31
43
42
41
40
39
51
63
64
65
53
52
51
39
27
28
29
17
16
4
3
15
14
2
1
13
25
26
27
28
16
15
3
2
1
13
14
26
25
37
38
50
49
61
73
74
62
63
75
76
77
89
101
102
90
91
92
80
79
78
66
67
68
56
55
54
53
65
64
52
40
41
29
30
18
17
5
4
5
6
7
19
20
8
9
10
22
21
33
34
35
23
11
12
24
36
48
47
59
60
72
71
70
82
83
84
96
95
107
108
120
119
131
130
118
117
129
128
116
104
103
115
127
126
125
124
123
111
110
122
134
133
121
133
134
135
136
137
138
139
140
141
142
143
144
132
144
137
116
23
129
81
28
10
12
84
18
32
40
8
83
86
85
138
33
113
19
61
46
96
48
94
51
95
63
109
118
42
127
127
45
37
54
122
24
4
17
49
39
131
141
2
140
138
58
26
6
126
98
107
13
47
112
78
47
20
43
144
106
93
73
36
128
73
58
59
74
63
72
139
43
33
94
83
135
134
108
77
17
3
106
16
30
64
112
142
100
16
52
1
76
109
50
79
53
56
22
75
70
88
110
35
4
119
90
71
105
56
21
119
137
22
111
115
52
118
85
101
15
26
125
69
110
136
7
67
108
13
121
34
49
144
50
65
54
62
35
41
55
31
10
66
105
122
102
42
117
3
24
53
87
82
27
115
120
89
126
29
117
80
74
92
143
71
38
62
61
134
132
30
68
123
31
133
125
6
5
68
116
14
44
123
11
103
133
93
41
32
104
19
124
46
101
107
121
78
111
82
80
135
9
59
20
142
98
23
57
129
67
130
87
69
15
79
132
120
88
89
114
66
128
2
77
28
21
81
136
55
99
48
75
11
102
100
139
27
99
141
131
25
37
84
12
76
86
143
92
113
65
5
130
91
51
39
57
44
104
97
45
103
97
91
40
36
25
70
114
18
60
29
72
90
8
124
14
60
34
38
140
64
95
96
7
1
9
105
9
58
88
70
108
96
134
31
112
54
57
137
111
41
101
95
24
62
28
138
65
93
142
85
69
70
96
83
91
140
30
43
25
67
8
114
131
20
82
19
16
48
94
92
29
72
123
131
80
75
123
34
106
129
32
133
47
101
90
56
125
21
79
18
71
104
68
2
141
73
121
28
22
97
23
11
127
93
60
132
4
40
87
9
17
58
120
128
88
33
74
77
55
62
27
2
139
139
59
125
39
92
85
104
110
38
57
143
115
121
97
130
103
114
133
116
46
84
118
91
64
53
77
124
117
11
60
61
67
99
49
73
21
5
71
12
35
72
106
1
138
37
36
132
23
29
144
39
45
120
136
33
27
68
22
103
3
129
42
59
115
83
47
130
87
128
122
113
14
61
40
119
127
81
43
26
69
52
74
94
135
6
81
4
99
44
80
41
7
37
45
35
107
15
7
66
1
82
17
109
50
6
98
111
26
24
102
15
137
105
48
76
51
38
136
36
122
49
5
64
44
14
19
55
113
119
116
25
12
112
50
100
78
86
78
51
3
117
56
142
98
140
107
32
10
118
89
16
46
42
76
126
20
100
63
109
34
110
135
95
134
108
65
126
52
84
90
13
54
86
53
63
102
141
144
79
10
31
143
30
124
13
89
8
66
18
75
133
134
135
136
124
112
113
125
137
138
139
140
141
129
128
116
117
118
106
107
119
131
132
144
143
142
130
118
106
105
104
103
115
114
126
127
139
138
137
136
135
123
122
121
109
97
85
73
61
62
50
49
37
25
13
1
2
3
15
16
4
5
6
7
19
18
17
29
41
53
52
64
63
75
74
86
98
110
111
99
87
88
100
101
102
90
89
77
65
66
67
55
43
31
32
44
56
68
80
81
93
94
95
96
84
72
60
59
58
70
71
83
82
94
93
92
91
79
78
90
102
101
89
88
76
75
63
51
39
38
26
27
28
40
52
51
39
40
41
42
54
55
56
57
69
81
82
70
69
57
45
33
21
22
34
35
36
48
47
46
45
44
32
20
8
9
10
11
23
24
12
24
12
11
23
22
10
9
21
33
34
35
36
48
47
46
58
59
60
72
71
83
84
96
95
107
108
120
108
120
119
131
132
144
143
142
130
129
141
140
128
116
117
105
104
92
80
68
67
66
54
53
65
64
76
77
78
79
91
103
115
127
126
114
113
125
124
123
122
134
133
121
109
110
111
112
100
99
87
86
98
97
85
73
74
62
61
49
50
38
37
25
13
14
26
27
28
16
17
29
30
42
43
31
30
18
19
20
8
7
6
5
4
3
15
14
2
1
1
13
25
37
38
39
51
50
49
61
73
85
97
98
86
87
99
111
112
124
123
122
134
133
121
109
110
111
112
100
88
76
75
63
62
74
73
61
49
37
25
26
14
2
3
4
5
6
7
19
20
8
9
10
11
12
24
36
35
47
48
60
72
84
83
71
59
58
57
56
44
43
31
30
18
17
16
15
27
28
29
41
40
52
64
65
53
54
55
67
79
80
81
82
94
93
92
91
90
102
101
113
125
137
138
139
140
128
116
115
127
126
114
113
101
89
77
78
66
65
64
52
53
41
42
30
31
32
33
21
22
34
46
45
44
32
33
45
57
69
68
80
92
104
103
102
114
115
103
104
105
106
107
119
118
130
142
141
129
117
105
93
94
95
96
108
120
132
131
143
144
143
144
132
131
119
120
108
107
106
118
130
142
141
129
117
116
128
140
139
127
126
138
137
125
124
136
135
136
135
123
122
134
133
121
109
110
98
97
85
86
87
99
100
88
89
90
91
79
67
68
56
55
43
42
54
66
78
77
76
75
74
62
63
51
50
38
26
14
13
1
2
3
15
27
39
40
28
29
17
16
4
5
6
18
19
7
8
20
21
9
10
11
23
22
34
46
47
59
58
70
69
81
82
70
71
83
95
96
84
72
60
48
36
35
23
24
12
66
137
89
120
83
111
130
101
136
43
117
103
42
13
79
41
83
1
84
116
57
50
138
141
12
3
139
12
49
88
55
34
123
113
17
109
36
69
142
129
56
121
3
111
144
94
64
23
6
87
19
119
16
64
104
14
53
54
81
105
72
110
93
52
78
55
63
104
62
23
24
33
134
114
69
37
97
119
1
63
138
133
122
131
2
102
19
18
110
143
67
95
112
98
7
109
131
121
34
85
65
74
20
54
102
101
8
139
48
108
108
142
118
128
68
141
88
22
40
44
117
125
5
126
96
22
79
86
129
120
9
71
70
91
38
78
96
115
29
127
27
50
42
82
112
49
38
16
68
43
113
11
39
51
27
58
10
92
44
126
133
66
41
81
136
4
7
99
91
53
28
71
31
15
118
46
35
80
75
140
4
59
67
132
30
123
140
58
132
61
100
21
75
30
51
14
74
124
72
60
33
87
116
26
45
9
97
144
92
106
124
115
85
125
76
90
100
65
99
98
18
62
32
84
60
45
73
134
107
107
28
56
47
90
80
82
39
46
105
26
86
6
8
114
89
143
10
122
5
106
135
57
95
32
59
94
47
13
29
2
11
40
31
76
24
93
25
48
35
70
103
15
52
77
37
17
130
137
128
36
127
20
25
135
73
61
77
21
8
33
140
75
63
112
92
26
68
96
20
3
116
1
82
102
100
41
55
12
91
51
120
120
40
4
22
44
114
46
56
98
24
119
34
53
99
97
38
113
57
20
80
128
17
16
19
112
98
132
87
126
31
117
1
59
107
51
137
111
130
133
64
133
117
111
45
103
142
77
55
59
140
23
141
69
10
124
75
128
42
107
61
33
28
53
143
132
77
131
18
129
122
7
74
19
72
34
68
28
88
37
93
85
104
60
114
52
109
131
78
105
113
16
60
78
126
26
32
90
15
86
27
83
101
62
139
79
35
123
82
143
79
86
136
94
129
74
70
6
144
2
2
54
57
93
76
23
72
125
24
110
92
48
89
50
71
116
84
122
7
65
134
43
70
124
127
52
67
25
135
73
73
39
44
69
56
102
47
109
135
118
18
12
118
21
58
17
106
141
104
100
71
11
119
32
85
29
40
99
5
87
105
80
81
13
11
142
37
95
83
14
106
144
36
49
13
123
8
30
125
47
127
137
65
31
95
22
21
115
115
108
134
48
54
45
121
50
38
121
25
43
27
30
81
6
35
9
58
42
46
139
64
138
41
29
96
84
62
36
76
94
110
89
97
61
130
39
108
67
15
101
136
103
88
9
5
138
90
63
49
91
4
10
14
66
66
3
1
13
14
15
16
4
3
2
1
13
25
37
49
50
51
52
64
63
75
76
77
65
53
54
66
78
79
91
90
102
103
104
116
115
114
126
127
139
140
128
129
141
142
130
118
117
105
106
107
119
131
143
144
132
120
108
96
84
83
71
70
58
59
47
35
23
11
12
24
36
48
60
72
84
96
95
94
82
81
69
68
80
92
93
81
80
79
67
55
43
44
32
20
21
33
45
46
34
22
10
9
8
7
6
18
19
31
30
42
41
40
39
38
26
27
28
29
17
5
6
7
8
9
21
20
19
31
32
33
45
57
56
44
43
42
41
40
52
51
63
62
61
73
74
86
85
97
98
110
109
121
122
134
135
123
111
99
100
101
89
88
87
99
111
112
124
136
137
138
139
140
141
129
117
118
119
131
130
142
143
144
132
120
108
107
106
94
95
83
82
70
71
72
60
59
47
48
36
24
12
11
10
22
23
35
34
46
58
57
69
68
56
55
67
66
54
53
65
64
76
88
100
101
89
77
78
90
91
92
93
105
104
116
128
127
115
103
102
114
113
112
113
125
126
138
137
125
124
136
135
123
122
110
98
86
87
75
74
62
50
38
39
27
28
29
30
18
17
5
4
16
15
3
2
14
26
25
37
49
61
73
85
97
109
121
133
134
133
144
143
131
119
107
108
120
132
144
143
142
141
140
128
116
104
103
115
114
102
90
91
92
80
79
78
66
65
77
76
64
52
51
63
75
74
62
61
49
50
38
37
25
26
27
39
40
28
16
15
14
13
1
2
3
4
5
6
18
19
31
32
20
21
22
23
24
12
11
10
9
8
7
6
5
17
29
30
42
43
55
54
53
41
42
54
66
67
68
69
57
58
59
47
46
45
33
34
35
36
48
60
72
84
83
71
70
82
81
93
105
117
129
130
118
106
94
95
96
84
72
60
48
47
59
71
70
58
46
45
44
56
57
69
81
93
105
104
116
115
127
139
138
126
125
137
136
124
123
135
134
122
121
109
110
111
112
100
88
89
101
113
112
111
99
98
97
85
73
61
49
37
38
39
27
15
14
26
25
13
1
2
3
4
16
28
29
17
18
30
31
19
7
8
20
21
9
10
11
12
24
36
35
23
22
34
33
32
44
43
55
56
68
67
79
80
92
91
103
102
101
100
88
89
90
78
77
65
53
41
40
52
51
50
62
63
64
76
75
87
99
87
86
74
73
85
86
98
97
109
110
122
123
124
125
113
114
126
127
128
129
117
118
106
94
82
83
95
96
108
107
119
120
132
131
130
142
141
140
139
138
137
136
135
134
133
121
133
