##Rat 8 Day 7
 ##rewards
71
58
124
##Vertices
144
132
120
108
107
106
94
95
96
84
72
60
48
47
59
58
46
34
33
21
22
23
11
12
24
36
35
34
33
45
57
69
70
82
83
71
72
84
96
108
120
119
131
143
142
141
140
139
138
126
125
137
136
135
134
133
121
109
110
98
97
85
73
61
62
74
86
87
88
89
101
102
114
115
127
128
129
130
118
117
116
104
105
93
81
80
92
91
90
78
66
65
64
63
51
52
53
54
55
43
44
32
20
8
7
6
5
17
29
30
18
19
31
32
44
56
68
67
79
80
81
93
92
104
103
115
114
113
112
124
123
111
99
100
101
113
112
100
88
76
77
65
53
41
42
43
31
30
42
41
40
39
38
26
27
15
3
4
16
28
40
52
51
50
49
37
25
13
14
2
1
2
1
13
14
26
25
37
38
39
27
15
3
4
16
28
29
17
5
6
18
19
7
8
20
21
9
10
9
10
22
23
11
12
24
36
35
47
48
60
59
58
46
45
57
56
55
54
66
78
77
89
90
102
103
91
79
67
68
69
70
71
83
82
94
95
107
119
131
132
144
143
142
130
118
106
105
117
116
128
129
141
140
139
127
126
138
137
125
124
136
135
134
122
123
111
99
98
86
87
75
76
64
63
75
74
62
50
49
61
73
85
97
109
110
122
121
133
12
11
10
9
21
33
32
20
8
7
6
5
4
16
17
29
28
27
39
38
26
14
13
1
2
3
15
27
39
40
41
42
30
31
19
18
6
7
8
9
10
22
23
24
36
48
60
72
84
83
95
96
108
120
132
144
143
142
130
129
141
140
139
138
126
127
128
116
104
92
93
81
82
70
71
59
47
35
34
46
58
57
45
44
43
55
56
68
80
79
78
90
102
114
113
101
89
77
65
64
52
51
50
49
61
73
85
86
87
75
74
62
63
51
52
53
54
66
67
55
43
44
56
57
69
70
82
94
106
107
119
118
117
105
93
94
106
105
104
103
91
90
89
88
76
64
63
75
76
88
100
112
124
123
111
110
109
97
98
99
100
101
113
125
137
136
135
134
122
121
133
121
133
134
122
123
135
136
124
112
111
110
109
97
98
99
87
86
85
73
74
62
61
49
50
38
37
25
37
25
26
14
13
1
2
3
15
16
4
5
17
29
28
40
41
53
65
77
78
79
91
92
80
81
69
68
67
66
54
42
30
18
19
31
32
20
21
22
23
11
12
24
36
35
34
33
45
46
58
59
47
48
60
72
71
83
84
96
95
107
108
120
132
131
119
118
117
129
128
116
115
103
102
114
115
127
126
125
137
138
139
140
141
142
130
131
143
144
13
140
1
109
43
122
52
16
22
92
136
70
16
142
96
94
39
83
28
75
62
4
125
69
96
106
58
119
22
85
46
137
90
88
37
123
83
118
100
108
41
18
82
55
106
81
87
98
105
112
63
53
125
37
86
27
117
21
107
143
57
101
32
53
23
113
129
18
45
76
74
102
45
133
66
124
77
7
111
25
47
60
59
105
31
8
141
110
130
85
46
92
44
95
6
94
1
110
56
88
48
78
29
25
62
139
34
65
76
133
141
56
67
29
72
8
80
39
74
24
51
42
49
9
112
128
102
116
138
115
12
84
144
6
122
71
11
82
126
115
63
135
77
26
65
68
66
134
80
108
60
67
61
136
139
97
26
49
107
27
124
104
50
3
57
64
33
5
15
144
54
132
44
89
40
78
10
97
12
91
75
129
28
51
11
47
43
90
69
40
9
111
98
127
48
103
19
19
114
50
59
117
38
2
142
4
140
86
126
52
89
131
20
119
79
137
100
35
143
109
42
120
15
38
68
14
134
123
73
58
30
36
5
71
20
32
41
35
14
116
7
73
93
36
24
113
87
118
54
93
104
99
103
114
33
131
128
91
121
3
72
120
30
135
132
99
2
17
84
34
23
95
10
101
138
121
61
127
13
70
79
17
64
31
130
81
55
21
1
86
109
132
112
115
31
62
99
125
4
92
54
114
5
8
67
23
85
125
13
50
24
42
64
126
129
130
1
73
50
75
62
17
51
16
79
119
18
48
104
59
89
75
72
37
110
12
107
95
22
78
36
49
73
42
70
76
47
63
34
139
101
6
9
116
119
87
24
106
141
53
85
91
107
84
41
83
52
113
25
81
39
112
118
140
138
11
128
135
106
102
137
127
134
58
55
136
57
28
6
65
56
63
64
143
46
110
138
59
15
91
11
66
100
61
29
127
129
79
28
47
44
108
43
41
128
99
93
20
94
22
60
77
18
80
105
20
104
72
21
37
34
69
48
117
93
44
105
120
124
144
142
5
142
53
96
77
21
8
33
94
123
35
10
78
71
54
139
126
115
7
43
65
81
90
114
4
3
19
39
10
88
86
123
2
121
3
130
71
31
144
98
120
122
46
118
74
131
134
27
84
111
7
109
66
97
17
36
49
23
40
116
143
100
108
51
70
55
111
38
121
19
38
96
98
56
30
117
140
68
14
33
87
15
132
136
35
26
16
131
103
92
133
14
97
45
74
102
30
52
67
135
32
45
76
82
89
29
80
9
137
27
113
68
69
25
12
13
103
83
124
122
58
57
26
88
95
2
61
101
60
32
82
40
133
141
90
1
2
14
26
38
37
25
13
1
2
3
4
5
17
29
41
42
30
31
43
55
54
53
65
66
67
79
80
68
69
81
93
94
82
70
71
83
84
96
95
107
108
120
119
118
106
105
117
129
130
131
132
144
143
142
141
140
139
127
126
114
113
125
124
123
122
121
133
134
135
136
137
138
139
140
128
116
115
103
102
90
91
92
104
103
91
79
78
77
76
88
87
86
98
99
100
112
111
110
109
97
85
73
61
62
74
75
63
64
52
40
28
16
15
27
39
51
50
49
61
73
85
97
98
86
74
75
87
99
100
101
89
88
76
64
52
40
41
29
30
18
6
7
19
20
8
9
21
22
10
11
23
24
36
35
34
33
45
57
56
44
32
33
34
46
47
48
60
72
84
96
108
107
106
118
130
131
119
120
132
144
143
142
141
129
117
116
128
127
115
114
126
138
137
125
124
136
135
134
133
121
109
110
122
123
111
112
113
101
102
90
89
77
78
66
65
53
54
42
43
44
45
57
56
55
67
68
80
92
104
105
93
94
95
83
82
81
69
70
58
46
58
59
71
72
60
59
47
48
36
35
23
22
21
20
32
31
19
18
17
16
28
27
39
51
63
62
50
49
37
38
26
25
13
14
15
3
4
5
6
7
8
9
10
11
12
24
12
133
121
122
123
124
136
135
134
133
121
109
97
85
86
87
88
76
75
63
64
65
77
89
90
78
66
67
55
54
42
43
44
32
31
30
18
19
7
8
20
21
9
10
22
34
33
45
46
47
35
23
11
12
24
36
48
60
72
71
83
82
94
95
107
119
131
143
144
132
120
108
96
84
72
60
59
58
70
69
81
80
68
56
57
69
68
67
79
91
103
104
116
128
129
117
105
106
118
130
142
141
140
139
138
126
127
115
114
102
101
100
99
98
110
111
112
113
125
137
138
139
140
141
129
128
127
115
116
117
105
93
92
104
103
102
101
100
88
87
75
74
73
61
62
50
49
37
38
26
25
13
14
2
3
15
27
39
40
41
53
52
51
39
27
28
16
4
5
6
7
8
9
21
33
34
35
23
22
10
11
12
24
36
48
47
46
58
59
71
70
82
83
84
96
95
107
108
120
132
144
143
142
130
131
119
118
106
94
93
81
80
92
91
79
78
90
89
77
76
64
52
40
41
53
65
66
54
55
56
57
45
44
32
20
19
31
43
42
30
29
28
29
17
18
6
5
17
16
4
3
15
14
26
38
50
51
63
62
74
86
98
99
111
112
113
114
126
125
137
136
124
123
135
134
122
110
109
97
85
73
61
49
37
25
13
1
2
1
26
49
91
97
104
14
133
79
73
107
82
108
134
113
19
97
128
73
32
6
137
83
13
74
63
40
59
66
87
44
16
61
36
68
29
44
127
31
54
105
53
92
125
129
141
18
142
50
123
3
128
29
46
5
124
47
60
141
95
76
110
144
96
8
10
94
65
121
11
42
122
68
41
143
41
13
66
71
67
23
130
55
86
118
45
34
115
106
75
69
80
34
109
122
105
45
101
104
47
89
36
70
30
37
108
4
134
9
27
91
6
112
129
38
99
120
40
143
65
84
24
111
39
120
57
62
103
85
77
56
30
89
114
116
136
60
58
131
51
2
1
22
7
113
79
126
76
100
98
59
125
103
119
26
43
27
135
88
78
17
64
48
140
64
82
131
132
12
42
109
32
48
17
127
133
15
138
90
15
96
93
88
38
19
12
33
117
86
101
16
20
102
93
80
21
107
85
84
25
67
9
132
115
139
49
75
142
135
1
99
35
11
57
3
61
117
51
2
14
110
28
63
33
8
138
23
111
52
119
18
71
87
28
52
98
69
43
5
140
58
35
31
54
90
81
114
70
4
72
116
136
118
112
83
77
106
123
137
95
78
46
7
39
100
74
55
139
21
144
126
56
94
25
37
53
50
121
10
22
24
102
72
20
62
124
92
81
130
33
137
80
22
69
56
83
39
124
79
64
38
139
114
60
7
126
125
18
31
84
23
6
74
137
86
78
45
61
135
105
21
40
132
126
80
68
85
77
102
36
10
113
12
7
106
20
105
133
23
17
141
66
35
63
136
122
20
143
4
116
70
130
89
48
87
1
55
82
98
125
8
110
92
5
93
113
87
21
121
43
9
99
88
127
95
47
77
37
109
119
128
144
90
2
49
53
72
109
26
76
96
27
68
81
144
133
74
33
107
94
102
75
25
16
44
90
29
73
106
52
71
130
42
140
31
35
38
129
18
50
107
14
12
115
142
69
98
46
85
86
57
58
8
112
111
139
140
19
97
120
25
9
127
44
53
3
34
116
24
28
32
62
131
76
101
2
110
17
60
115
91
16
131
15
92
83
121
129
93
143
138
13
47
1
30
54
123
62
134
132
3
117
82
108
111
39
19
103
65
100
67
95
73
11
75
55
96
71
94
42
128
11
103
99
120
65
136
57
119
51
89
72
24
134
97
101
58
46
64
88
37
141
51
45
67
29
66
49
41
6
78
142
70
52
54
30
63
108
4
117
34
26
22
118
13
79
50
5
123
28
56
114
61
124
15
43
135
112
48
91
122
27
104
59
41
40
100
81
118
10
138
14
32
36
84
59
104
133
134
135
123
122
110
109
97
98
99
100
88
87
75
63
62
74
86
85
73
61
49
37
25
26
14
13
1
2
3
4
5
17
29
28
16
15
27
39
40
41
53
52
64
65
66
54
42
30
18
19
31
32
44
43
55
67
68
56
57
45
33
34
22
10
11
12
24
23
35
36
48
60
72
84
83
71
70
82
94
93
81
80
79
78
77
76
88
89
90
91
92
104
103
115
114
102
101
113
125
126
127
128
116
117
129
141
142
130
118
119
131
132
144
143
142
141
140
139
138
137
136
124
112
111
99
87
75
76
77
65
64
63
51
50
38
37
25
26
27
28
29
30
31
32
20
8
9
21
33
34
46
47
59
58
70
69
81
82
94
106
105
93
92
91
103
104
105
106
107
108
96
95
107
95
96
84
83
71
72
60
48
36
24
12
11
10
9
8
7
6
18
17
16
15
14
13
1
2
3
4
5
6
7
19
20
21
22
23
35
47
59
58
46
45
57
69
68
80
79
78
66
67
55
56
44
43
42
54
53
41
40
52
51
39
38
50
49
61
62
74
73
85
86
98
110
111
112
100
101
89
90
102
114
113
125
126
127
115
116
117
118
119
120
108
120
132
144
143
131
130
129
128
140
139
138
137
136
124
123
135
134
133
121
122
121
109
97
144
143
142
141
140
128
129
130
131
132
120
119
118
106
105
104
92
91
103
102
101
113
114
126
138
137
125
124
136
135
134
122
110
98
97
85
86
87
88
89
77
76
64
65
66
67
55
54
42
43
44
56
57
69
68
80
79
78
90
89
88
100
112
111
123
135
136
137
138
139
127
115
116
117
105
93
94
82
81
93
94
95
96
108
107
106
118
117
116
104
103
102
101
100
99
87
75
63
62
50
38
37
25
26
27
39
51
52
53
41
40
28
29
17
16
4
3
15
14
2
1
13
25
37
49
61
73
74
75
76
64
52
53
41
40
28
29
30
31
19
18
6
7
8
9
21
20
32
33
34
35
47
59
58
46
45
57
58
70
71
72
60
48
36
24
12
11
23
22
10
9
21
22
10
11
12
24
23
35
36
48
47
46
34
33
45
44
56
55
43
31
32
20
8
7
19
18
30
42
54
66
65
77
78
90
91
92
80
79
67
68
69
81
82
70
71
59
60
72
84
83
95
83
84
96
108
107
119
120
132
144
143
131
130
142
141
129
128
140
139
127
115
114
126
125
124
123
122
134
133
121
133
121
109
110
109
97
85
73
61
49
50
38
26
14
13
1
2
3
4
5
6
5
17
16
15
27
39
51
63
62
74
86
98
99
111
112
113
15
132
41
97
50
122
70
32
52
108
42
10
40
71
93
12
54
51
99
141
142
84
11
144
47
1
70
113
90
59
113
124
106
116
53
85
28
63
80
58
9
16
95
21
107
78
18
62
57
58
77
86
84
49
99
83
63
43
92
83
67
48
55
143
126
138
65
62
38
126
96
117
15
76
31
121
108
89
98
120
90
88
134
102
37
8
60
31
23
81
101
54
36
115
127
35
142
110
37
4
35
5
135
2
21
74
133
25
7
27
49
39
9
118
82
96
59
121
119
73
18
3
72
36
69
20
5
123
139
64
46
120
106
93
124
76
55
52
14
110
50
30
130
79
81
24
39
123
57
87
132
22
48
68
32
66
143
137
128
33
100
13
30
91
40
46
16
104
26
74
64
47
79
101
45
94
22
127
144
122
29
140
129
38
8
12
19
131
85
7
87
19
114
78
105
6
112
92
77
56
51
95
4
14
107
105
73
25
61
56
69
28
114
104
103
45
103
65
72
13
75
89
61
80
98
135
34
102
136
27
3
11
100
125
116
117
125
34
53
94
75
130
137
68
10
141
44
26
88
131
60
115
97
139
44
33
20
2
41
67
111
43
140
17
42
133
17
91
6
29
23
109
129
71
82
118
119
1
134
86
138
128
111
66
24
136
109
112
28
44
125
87
3
15
81
48
85
17
31
87
115
7
19
11
94
24
47
14
55
110
18
63
135
24
124
62
65
41
90
139
40
117
54
109
51
37
33
5
13
80
141
31
84
26
13
37
121
67
138
106
122
10
70
9
20
126
15
53
76
107
49
81
38
88
127
141
104
34
121
2
90
7
133
123
108
8
59
69
35
12
137
68
25
45
116
63
17
77
18
114
128
116
103
110
83
97
20
44
120
119
11
117
122
65
72
105
77
33
1
89
14
10
140
120
80
30
109
43
98
129
86
123
127
64
115
78
39
74
21
47
97
6
144
23
60
16
142
16
86
32
136
79
98
67
4
50
111
26
69
85
53
2
42
136
112
6
58
79
144
57
105
32
45
50
71
113
48
66
35
36
56
104
111
72
92
27
95
49
129
131
118
94
128
46
61
101
30
25
107
130
93
57
74
101
27
54
59
78
28
118
34
70
92
55
19
96
132
41
82
100
99
23
133
124
113
62
106
143
125
71
131
126
61
95
75
93
5
56
52
138
142
73
36
119
4
103
130
112
134
82
99
64
102
114
22
1
3
91
137
83
46
66
100
132
135
139
12
134
38
40
42
29
108
88
68
29
43
52
84
39
60
102
9
96
21
22
143
75
8
91
140
58
76
73
51
89
