##Rat 6 Day 47
 ##rewards
83
94
16
##Vertices
1
13
25
37
38
39
51
50
49
61
73
85
97
98
86
87
99
111
112
124
123
122
134
133
121
109
110
111
112
100
88
76
75
63
62
74
73
61
49
37
25
26
14
2
3
4
5
6
7
19
20
8
9
10
11
12
24
36
35
47
48
60
72
84
83
71
59
58
57
56
44
43
31
30
18
17
16
15
27
28
29
41
40
52
64
65
53
54
55
67
79
80
81
82
94
93
92
91
90
102
101
113
125
137
138
139
140
128
116
115
127
126
114
113
101
89
77
78
66
65
64
52
53
41
42
30
31
32
33
21
22
34
46
45
44
32
33
45
57
69
68
80
92
104
103
102
114
115
103
104
105
106
107
119
118
130
142
141
129
117
105
93
94
95
96
108
120
132
131
143
144
143
144
132
131
119
120
108
107
106
118
130
142
141
129
117
116
128
140
139
127
126
138
137
125
124
136
135
136
135
123
122
134
133
121
109
110
98
97
85
86
87
99
100
88
89
90
91
79
67
68
56
55
43
42
54
66
78
77
76
75
74
62
63
51
50
38
26
14
13
1
2
3
15
27
39
40
28
29
17
16
4
5
6
18
19
7
8
20
21
9
10
11
23
22
34
46
47
59
58
70
69
81
82
70
71
83
95
96
84
72
60
48
36
35
23
24
12
12
11
10
9
21
33
32
20
8
7
6
5
4
16
17
29
28
27
39
38
26
14
13
1
2
3
15
27
39
40
41
42
30
31
19
18
6
7
8
9
10
22
23
24
36
48
60
72
84
83
95
96
108
120
132
144
143
142
130
129
141
140
139
138
126
127
128
116
104
92
93
81
82
70
71
59
47
35
34
46
58
57
45
44
43
55
56
68
80
79
78
90
102
114
113
101
89
77
65
64
52
51
50
49
61
73
85
86
87
75
74
62
63
51
52
53
54
66
67
55
43
44
56
57
69
70
82
94
106
107
119
118
117
105
93
94
106
105
104
103
91
90
89
88
76
64
63
75
76
88
100
112
124
123
111
110
109
97
98
99
100
101
113
125
137
136
135
134
122
121
133
121
133
134
122
123
135
136
124
112
111
110
109
97
98
99
87
86
85
73
74
62
61
49
50
38
37
25
37
25
26
14
13
1
2
3
15
16
4
5
17
29
28
40
41
53
65
77
78
79
91
92
80
81
69
68
67
66
54
42
30
18
19
31
32
20
21
22
23
11
12
24
36
35
34
33
45
46
58
59
47
48
60
72
71
83
84
96
95
107
108
120
132
131
119
118
117
129
128
116
115
103
102
114
115
127
126
125
137
138
139
140
141
142
130
131
143
144
98
136
117
77
68
62
139
82
17
138
107
52
12
122
136
14
143
3
10
11
82
133
32
95
123
105
86
56
113
81
90
87
33
51
53
65
119
5
78
16
7
52
132
21
96
128
60
63
103
6
18
134
29
46
104
103
19
117
46
129
95
104
132
7
68
116
87
25
112
133
110
80
116
43
64
64
69
33
97
84
94
78
84
42
55
115
119
125
73
125
127
115
144
130
1
140
74
34
111
108
138
72
98
72
83
67
128
89
15
22
102
61
20
105
38
5
129
137
75
35
124
100
118
23
91
73
131
141
12
76
54
107
120
34
43
96
8
135
85
40
109
94
131
62
60
50
58
127
41
121
36
38
4
100
39
106
99
20
67
66
71
22
44
17
3
19
24
13
47
110
57
86
55
61
59
13
124
4
80
6
49
36
140
18
63
66
81
27
31
92
121
112
9
70
59
118
44
8
27
144
135
79
51
92
89
23
90
31
25
58
45
50
2
56
57
54
37
48
9
42
30
99
113
142
85
41
1
141
88
40
15
101
139
74
123
49
88
130
102
108
101
111
14
28
26
93
70
24
45
126
134
137
2
75
37
143
69
126
93
48
29
32
114
16
10
65
106
35
71
79
122
83
91
142
76
47
28
114
77
21
11
53
39
97
26
109
30
120
86
54
44
97
136
112
30
42
117
36
24
130
85
96
57
138
139
134
113
126
63
121
26
132
6
42
39
6
115
104
35
70
118
135
133
45
65
60
17
59
109
70
140
74
67
115
26
99
123
5
75
139
61
7
23
49
20
17
35
9
134
51
33
108
128
84
25
34
84
141
131
12
82
37
113
18
38
8
76
7
83
110
103
62
46
58
137
69
40
87
80
43
57
73
3
98
94
60
90
124
102
97
125
87
83
8
91
19
85
15
20
32
13
50
120
114
52
111
144
101
110
126
32
78
120
141
72
125
34
129
71
105
56
91
94
61
64
140
143
21
16
142
62
81
86
1
53
105
28
77
55
28
82
129
3
56
65
41
24
68
30
124
9
79
95
101
89
46
16
13
23
11
122
12
10
111
78
130
74
29
66
118
71
77
14
119
122
37
66
127
81
19
108
48
39
128
31
29
93
131
4
2
106
89
88
47
95
102
50
25
52
106
136
55
90
53
49
119
15
143
112
59
117
44
10
14
43
38
142
100
138
22
63
107
41
123
135
48
107
116
40
104
79
76
33
127
121
69
88
114
2
67
137
132
22
98
27
92
1
68
18
36
92
27
116
54
51
21
47
73
58
72
109
31
80
64
5
45
144
103
75
100
4
133
93
11
99
96
144
143
131
119
107
108
120
132
144
143
142
141
140
128
116
104
103
115
114
102
90
91
92
80
79
78
66
65
77
76
64
52
51
63
75
74
62
61
49
50
38
37
25
26
27
39
40
28
16
15
14
13
1
2
3
4
5
6
18
19
31
32
20
21
22
23
24
12
11
10
9
8
7
6
5
17
29
30
42
43
55
54
53
41
42
54
66
67
68
69
57
58
59
47
46
45
33
34
35
36
48
60
72
84
83
71
70
82
81
93
105
117
129
130
118
106
94
95
96
84
72
60
48
47
59
71
70
58
46
45
44
56
57
69
81
93
105
104
116
115
127
139
138
126
125
137
136
124
123
135
134
122
121
109
110
111
112
100
88
89
101
113
112
111
99
98
97
85
73
61
49
37
38
39
27
15
14
26
25
13
1
2
3
4
16
28
29
17
18
30
31
19
7
8
20
21
9
10
11
12
24
36
35
23
22
34
33
32
44
43
55
56
68
67
79
80
92
91
103
102
101
100
88
89
90
78
77
65
53
41
40
52
51
50
62
63
64
76
75
87
99
87
86
74
73
85
86
98
97
109
110
122
123
124
125
113
114
126
127
128
129
117
118
106
94
82
83
95
96
108
107
119
120
132
131
130
142
141
140
139
138
137
136
135
134
133
121
133
133
121
122
123
124
136
135
134
133
121
109
97
85
86
87
88
76
75
63
64
65
77
89
90
78
66
67
55
54
42
43
44
32
31
30
18
19
7
8
20
21
9
10
22
34
33
45
46
47
35
23
11
12
24
36
48
60
72
71
83
82
94
95
107
119
131
143
144
132
120
108
96
84
72
60
59
58
70
69
81
80
68
56
57
69
68
67
79
91
103
104
116
128
129
117
105
106
118
130
142
141
140
139
138
126
127
115
114
102
101
100
99
98
110
111
112
113
125
137
138
139
140
141
129
128
127
115
116
117
105
93
92
104
103
102
101
100
88
87
75
74
73
61
62
50
49
37
38
26
25
13
14
2
3
15
27
39
40
41
53
52
51
39
27
28
16
4
5
6
7
8
9
21
33
34
35
23
22
10
11
12
24
36
48
47
46
58
59
71
70
82
83
84
96
95
107
108
120
132
144
143
142
130
131
119
118
106
94
93
81
80
92
91
79
78
90
89
77
76
64
52
40
41
53
65
66
54
55
56
57
45
44
32
20
19
31
43
42
30
29
28
29
17
18
6
5
17
16
4
3
15
14
26
38
50
51
63
62
74
86
98
99
111
112
113
114
126
125
137
136
124
123
135
134
122
110
109
97
85
73
61
49
37
25
13
1
2
1
96
84
93
101
46
138
52
15
21
69
75
137
38
2
4
123
6
141
51
102
106
25
135
136
81
55
116
77
144
38
37
125
98
103
9
88
1
31
91
131
14
65
30
128
76
101
6
115
133
66
130
67
9
23
11
33
12
70
70
123
102
72
37
80
117
47
1
65
117
96
93
82
49
122
34
61
61
78
108
132
26
108
109
34
74
35
59
62
104
68
143
92
121
111
97
63
18
13
12
8
119
71
45
97
112
131
52
100
29
133
82
71
5
89
35
67
27
16
3
47
112
36
98
109
120
100
45
86
92
80
127
83
29
126
59
90
20
58
25
115
24
94
139
99
124
78
7
28
84
105
110
73
56
62
66
90
16
7
141
79
143
49
94
79
60
17
50
103
105
137
10
106
113
129
10
129
85
39
89
33
73
40
22
135
44
142
85
8
18
87
3
55
107
40
14
75
57
136
32
107
2
5
81
13
132
68
56
88
125
124
99
91
22
83
19
114
134
116
42
53
121
41
118
138
127
24
57
64
17
27
42
43
20
126
74
31
51
69
15
114
111
48
128
30
142
118
134
26
95
64
104
95
139
43
87
63
119
32
140
39
140
113
54
41
72
58
23
120
19
86
77
122
50
28
11
4
60
36
76
46
144
110
44
130
48
53
54
21
126
53
6
48
111
78
72
89
91
33
5
49
45
112
65
125
95
119
46
116
133
134
64
60
93
62
109
2
36
8
16
71
57
7
62
13
87
104
125
65
88
120
48
83
116
10
128
76
44
4
70
86
13
47
135
143
25
91
72
9
18
88
95
80
68
124
6
41
69
40
32
124
42
52
113
27
55
51
2
38
103
43
114
108
128
26
28
11
10
75
73
73
92
119
144
44
31
20
59
8
27
139
129
19
67
104
106
136
142
35
50
82
66
107
122
74
144
39
57
137
49
117
134
86
70
85
96
28
37
97
143
55
14
39
98
113
11
126
58
54
30
81
31
67
19
30
23
111
69
138
81
79
54
114
83
85
137
77
89
22
84
139
59
78
131
3
18
142
68
20
61
99
77
80
136
140
130
5
87
46
138
33
76
17
50
109
14
75
123
127
38
101
22
132
101
110
61
17
1
24
43
131
34
71
26
56
42
107
3
21
112
24
97
92
34
47
16
102
36
21
53
102
130
12
45
93
90
56
99
90
135
4
94
52
118
141
12
115
60
63
121
84
82
122
1
23
37
58
9
132
121
140
129
141
115
117
15
35
64
108
120
74
105
15
123
32
40
29
63
96
100
29
127
94
106
105
41
110
100
7
98
133
118
51
103
79
25
66
12
11
23
35
36
48
60
72
84
96
108
120
119
107
106
105
93
92
104
116
115
127
139
138
137
125
124
136
135
123
122
134
133
121
109
97
98
99
100
88
89
101
113
112
111
110
109
97
85
86
87
75
76
77
78
90
102
103
91
79
80
81
69
70
82
94
95
83
71
59
58
57
45
33
32
20
8
7
19
18
6
5
17
16
4
3
2
14
26
25
37
49
61
73
74
62
50
38
39
40
41
42
30
29
28
27
15
3
4
5
6
7
8
9
10
22
21
33
34
46
47
48
60
59
58
70
69
68
67
66
54
55
43
31
19
18
17
16
15
27
28
29
30
42
41
53
52
51
63
64
65
77
78
79
80
81
93
105
117
118
130
131
143
142
141
129
128
140
139
138
126
127
128
140
141
129
130
142
143
144
132
144
132
131
119
120
108
96
84
72
71
83
82
94
95
107
106
118
117
116
104
92
91
103
115
114
126
125
137
136
124
112
113
114
102
90
89
101
100
99
111
123
135
134
133
121
122
110
98
86
85
73
61
62
74
75
87
88
76
64
63
51
50
49
37
25
13
1
2
1
13
14
26
38
39
40
52
53
65
66
54
55
67
68
56
44
45
46
47
35
34
22
23
24
36
24
12
11
10
9
21
20
32
31
43
44
56
57
1
13
14
15
3
4
5
6
18
30
42
54
55
67
68
56
57
58
70
69
81
80
79
91
92
104
116
115
127
139
138
137
136
135
123
111
99
87
86
85
97
98
110
122
121
133
134
135
136
124
125
126
114
102
103
104
105
117
118
106
107
95
83
71
72
84
96
108
120
119
131
132
144
143
142
141
140
128
129
130
118
117
116
115
103
102
101
113
112
100
88
76
77
65
66
78
90
89
101
100
88
87
75
63
51
50
62
74
73
61
49
37
38
26
25
37
49
50
51
39
27
28
29
17
16
4
5
6
7
19
31
43
44
45
33
34
22
10
9
21
20
8
9
10
11
12
24
23
35
36
48
60
59
47
46
58
70
82
94
93
81
69
57
56
68
67
66
65
64
52
40
41
40
52
53
41
53
54
55
43
42
30
29
28
27
39
38
26
25
13
14
2
1
2
3
15
16
17
18
19
7
8
20
32
31
32
44
45
33
21
22
23
11
12
24
36
35
34
46
47
48
60
59
71
72
84
96
95
83
82
94
93
105
106
107
108
120
119
131
132
144
143
142
130
129
141
140
128
127
139
138
137
125
126
114
113
112
124
123
122
134
133
121
109
97
109
110
111
99
98
86
85
73
61
62
74
75
63
64
76
77
78
79
80
92
91
90
89
142
124
9
98
38
86
20
1
113
94
131
17
107
47
61
78
97
59
114
45
26
51
90
31
118
115
95
105
118
63
69
68
139
131
7
120
9
92
26
8
81
132
80
37
139
123
35
74
93
55
79
14
116
89
28
130
127
48
105
21
29
30
90
31
24
17
93
22
27
27
65
106
20
47
15
1
13
33
82
49
119
64
96
70
134
5
42
36
117
52
54
135
14
35
21
37
58
3
77
12
140
76
43
60
57
22
11
30
115
4
91
111
85
25
71
53
112
44
101
82
28
73
111
3
73
129
16
136
94
113
78
58
64
69
99
144
137
87
98
33
97
45
132
16
138
43
128
110
89
39
40
2
109
135
122
72
104
88
116
144
68
126
130
108
79
62
72
66
65
77
18
34
136
48
108
54
41
124
140
106
129
6
13
71
56
66
49
128
109
36
96
6
141
74
41
99
40
46
103
84
75
133
110
46
143
2
61
141
23
133
75
42
101
85
57
127
25
18
62
50
29
56
112
70
126
34
91
76
122
119
59
67
52
100
125
53
10
50
86
11
104
44
39
87
81
55
88
114
117
121
60
95
8
32
137
84
83
67
83
138
123
102
15
63
23
7
92
107
10
120
143
103
121
102
32
19
125
80
5
38
19
24
51
4
12
142
100
134
35
65
144
122
66
122
143
126
68
69
28
74
91
120
123
22
54
105
137
104
86
107
98
103
6
69
120
12
56
24
138
72
8
30
68
35
29
106
125
144
16
39
1
110
142
54
134
33
102
133
124
38
43
6
100
42
60
103
117
106
23
88
88
94
96
44
48
87
83
107
67
114
4
96
56
93
24
28
118
115
7
116
81
66
99
84
121
140
91
89
71
25
108
62
79
26
104
133
17
37
30
51
99
112
125
45
39
84
42
48
85
9
49
77
37
105
57
23
5
7
136
74
139
14
53
53
142
4
31
41
130
130
58
26
2
132
18
82
46
93
90
47
59
71
113
40
76
55
67
36
31
138
76
50
87
64
132
73
121
13
21
85
127
89
135
63
34
111
98
29
22
20
12
90
140
45
36
128
77
129
19
134
73
80
1
15
61
8
126
52
139
109
123
16
131
50
58
127
2
21
141
57
78
9
25
63
10
15
114
116
41
110
46
111
52
119
128
109
33
86
40
97
38
100
94
49
113
101
83
60
62
61
32
95
102
137
119
82
118
47
108
72
81
11
44
117
112
43
55
17
64
70
101
135
11
27
59
14
78
70
92
19
32
92
124
95
131
80
65
3
75
79
34
27
136
3
18
97
141
115
129
143
10
20
13
51
5
75
