##Rat 8 Day 43
 ##rewards
71
58
124
##Vertices
12
24
36
35
23
22
10
11
12
24
36
48
60
72
84
96
108
120
119
118
130
142
141
140
139
138
137
125
124
136
135
123
122
121
109
97
98
110
111
112
113
114
126
127
115
103
102
101
89
77
76
64
65
66
78
90
91
79
67
68
69
57
58
59
47
46
34
33
32
20
8
9
21
33
45
44
43
42
54
55
56
44
45
57
56
55
67
68
80
92
104
116
128
129
117
105
93
81
82
94
106
107
95
83
71
70
82
94
93
105
104
116
115
103
102
101
100
88
87
99
111
112
100
88
76
75
63
51
52
53
41
40
28
27
39
38
26
14
15
16
4
3
2
1
13
25
37
49
50
62
74
86
85
73
61
49
37
38
39
27
28
29
17
5
6
7
19
18
30
31
32
20
21
22
34
46
58
70
69
81
80
92
91
79
78
66
54
42
43
31
19
18
30
29
17
16
15
14
26
25
13
1
2
3
4
5
6
7
8
9
10
11
23
35
47
48
60
59
71
72
84
83
95
96
108
120
119
107
106
118
117
129
130
131
143
131
132
144
132
144
143
142
141
140
128
127
139
138
126
114
113
125
137
136
124
123
135
134
133
121
133
134
122
110
109
97
98
99
87
75
74
86
85
73
61
62
50
51
63
64
52
40
41
53
65
77
89
90
133
121
109
97
85
86
98
99
111
112
100
88
76
64
63
51
52
53
65
66
54
55
43
42
30
31
19
7
6
5
17
18
30
29
41
40
39
38
50
49
37
25
13
1
2
14
15
3
4
16
28
27
26
25
37
49
61
62
74
75
87
99
111
110
122
123
135
136
137
138
126
114
113
101
89
90
78
77
65
53
41
29
28
40
52
64
76
88
100
112
124
125
137
138
139
127
115
103
91
92
93
94
106
105
117
129
141
142
143
131
119
118
130
142
141
140
128
116
104
105
106
107
108
96
84
83
82
81
80
68
56
44
32
20
8
9
10
11
12
24
36
48
47
59
60
72
71
70
69
57
45
46
58
57
45
33
34
35
23
22
21
33
34
46
58
70
69
68
67
79
80
92
91
79
67
55
56
44
32
31
43
42
54
66
78
77
89
101
113
125
126
114
102
90
102
103
104
116
115
127
139
140
128
129
117
118
130
131
119
120
132
144
143
144
132
120
108
96
95
107
95
94
93
81
82
83
84
72
71
59
60
48
47
35
36
24
12
11
23
22
10
9
21
20
8
7
19
18
6
5
17
16
4
3
2
1
13
14
15
27
26
38
39
51
50
62
63
75
87
86
74
73
61
73
85
97
98
110
109
121
122
123
124
136
135
134
133
134
7
1
3
93
82
125
77
139
68
99
116
27
96
30
115
79
53
50
56
52
133
6
73
136
117
95
43
126
25
16
47
109
33
81
91
84
107
41
22
98
37
69
112
13
6
130
141
124
55
79
99
132
138
5
109
63
131
21
53
103
140
97
58
134
70
102
39
101
21
121
71
19
22
139
40
123
100
2
23
108
77
73
129
105
81
69
36
15
76
4
97
31
132
108
40
126
86
129
137
13
123
32
16
10
75
39
56
110
60
67
3
114
91
78
19
49
92
101
51
58
15
83
135
35
62
114
115
42
110
70
50
45
85
127
26
106
119
75
1
34
72
98
72
125
80
105
29
52
103
89
44
124
137
133
10
62
43
112
127
20
34
122
47
122
143
57
138
31
89
141
5
54
38
26
113
29
12
7
11
4
142
90
14
44
82
88
93
100
68
27
18
66
60
32
37
85
14
90
45
46
143
136
86
64
64
111
113
119
87
71
54
63
94
104
78
18
2
116
49
66
111
131
128
17
42
28
107
41
94
83
8
96
51
128
20
11
59
65
118
142
102
17
121
61
134
120
23
33
130
106
24
38
92
87
46
76
118
117
120
55
9
25
28
84
12
135
140
57
74
30
95
59
65
74
48
24
144
80
48
88
104
144
36
9
8
61
67
35
43
40
84
14
28
18
75
111
120
138
31
1
63
127
49
88
106
68
25
72
133
116
48
133
61
32
87
106
28
9
136
122
58
46
86
22
37
72
65
67
132
99
4
52
100
74
3
110
54
40
23
135
103
61
23
5
103
8
12
10
32
94
54
53
41
74
57
49
11
21
104
139
70
17
15
90
141
50
114
130
24
108
59
14
125
64
93
60
22
45
114
118
140
66
42
11
113
131
85
21
89
18
38
31
141
19
129
143
20
51
110
19
58
126
98
7
27
124
30
16
41
105
76
4
73
63
9
77
25
36
27
24
127
67
132
71
34
38
92
60
16
77
102
81
30
13
94
2
8
101
120
117
80
109
62
26
75
99
93
45
97
125
15
78
50
78
56
82
35
85
36
136
144
113
109
59
101
124
116
121
29
98
6
76
34
47
53
79
33
119
119
66
135
44
122
39
43
100
17
3
73
111
12
92
91
123
33
86
112
26
112
96
37
126
102
108
69
39
107
20
118
96
83
138
56
115
137
55
144
48
91
87
10
2
129
81
35
5
104
95
142
47
55
97
89
140
68
29
70
46
143
71
131
69
51
90
128
88
64
62
1
105
6
139
13
134
123
134
79
107
95
128
57
65
84
130
121
83
82
42
115
117
52
80
137
142
7
44
1
13
14
15
27
26
25
37
49
50
62
61
73
74
75
87
86
85
97
98
99
111
123
122
110
109
121
133
134
135
136
137
125
126
114
113
101
100
88
76
77
65
66
54
53
52
64
63
51
39
40
28
16
17
5
4
3
2
1
13
25
26
38
39
40
41
29
30
42
43
31
19
20
8
7
6
18
30
31
32
44
45
33
34
35
23
22
21
9
10
11
12
24
36
48
47
59
60
72
84
96
95
83
71
70
82
81
93
105
117
118
119
120
108
107
106
94
82
70
58
46
45
57
69
68
56
55
67
79
78
90
102
103
91
92
80
81
93
94
106
118
130
131
132
144
143
142
141
140
139
138
137
136
124
112
100
99
87
88
89
101
102
114
115
127
128
116
104
105
117
129
128
129
130
131
132
144
143
142
141
140
139
138
126
127
115
116
104
103
91
92
80
79
67
68
69
57
56
55
54
42
43
44
32
33
34
46
58
59
71
83
95
107
119
120
108
96
84
72
60
48
47
35
36
24
12
11
23
22
10
9
21
20
8
7
19
18
6
5
17
16
4
3
2
14
15
27
28
29
41
53
65
66
78
90
89
77
76
75
74
62
63
64
52
51
50
38
37
49
61
73
85
86
98
97
109
110
122
121
133
134
135
123
111
112
113
125
124
144
132
131
130
118
119
120
108
96
95
83
84
72
71
70
58
59
60
48
47
46
34
22
23
35
36
24
12
11
10
9
8
20
19
31
32
44
45
57
69
68
80
79
91
92
93
81
82
94
106
105
117
129
128
140
141
142
143
144
132
120
119
107
106
105
104
116
115
103
102
114
126
125
137
138
139
127
115
114
113
101
100
112
111
110
122
123
124
136
135
134
133
121
109
97
98
86
85
73
61
49
50
62
74
75
63
64
52
40
28
27
26
25
37
38
39
51
63
75
87
99
100
88
76
77
89
90
78
66
67
55
43
42
54
53
65
64
52
51
39
27
15
14
13
1
2
3
4
5
6
7
8
9
21
33
45
46
58
57
56
44
43
31
30
18
17
29
41
40
28
16
17
16
15
14
13
1
2
3
4
5
6
7
19
18
30
29
41
42
54
53
65
66
78
77
76
88
89
90
91
103
102
101
113
112
111
99
87
86
74
62
50
38
26
25
37
49
61
73
85
97
98
110
109
121
133
134
122
123
135
136
124
125
137
138
126
127
139
140
128
129
141
142
143
131
130
118
117
116
104
92
80
79
67
55
56
68
69
70
71
83
82
81
93
94
95
107
108
96
84
72
60
59
47
48
36
35
23
24
12
11
10
22
34
33
32
20
21
3
39
13
40
64
65
71
75
112
84
10
31
130
79
134
69
142
92
8
46
96
12
140
108
97
68
31
127
66
116
115
80
121
110
143
26
112
30
78
52
37
77
23
82
111
71
9
52
101
139
106
22
88
47
133
56
22
54
125
133
32
23
92
106
103
97
51
105
15
104
1
116
21
100
138
139
1
104
36
39
21
43
117
24
2
53
141
3
58
120
6
28
45
42
44
83
132
78
135
20
127
41
20
117
30
55
128
54
114
46
110
84
85
29
76
5
11
124
107
43
44
74
34
126
25
102
5
9
57
98
7
111
102
93
28
128
122
48
94
91
115
59
47
12
50
99
4
49
50
142
126
103
131
10
82
33
57
76
62
2
113
51
140
29
38
122
19
88
15
70
120
144
114
109
113
138
100
136
60
27
72
109
123
60
4
65
99
56
136
144
34
81
42
63
137
118
80
95
11
25
74
18
121
59
129
141
119
33
14
86
61
118
123
87
125
86
24
38
91
108
45
79
105
17
64
58
90
27
129
67
87
61
63
69
77
143
13
55
96
26
66
93
17
53
124
95
35
134
94
85
32
83
75
81
137
67
19
89
131
72
41
16
16
89
14
68
7
101
36
37
135
8
130
70
73
132
35
119
73
48
90
49
98
40
107
62
6
18
134
14
124
7
104
130
88
94
127
61
21
60
139
35
137
117
107
105
55
39
125
91
143
140
76
134
16
111
73
99
38
131
27
142
126
131
70
14
85
66
70
114
74
12
8
121
107
27
126
23
78
52
82
53
28
115
46
120
18
80
8
63
19
42
48
10
80
54
132
73
29
104
47
99
79
19
98
108
92
83
75
82
53
13
77
42
143
140
141
45
116
49
48
105
13
96
32
40
106
6
38
5
67
135
77
94
138
84
110
119
17
36
44
57
68
25
72
40
45
124
79
59
111
28
101
10
43
20
43
31
66
129
133
91
98
52
122
15
16
41
142
72
24
100
37
1
2
113
108
136
90
57
44
33
26
41
46
128
93
3
87
71
113
23
90
22
69
21
118
97
35
89
22
112
114
109
55
56
93
6
123
127
110
144
87
125
9
103
7
92
133
103
76
64
64
88
37
59
65
118
29
130
81
74
32
62
30
96
128
63
9
51
144
86
141
102
18
95
83
34
61
71
84
101
54
62
58
112
137
30
34
33
3
123
49
50
20
100
122
135
15
39
4
120
65
109
121
95
1
129
132
47
67
68
24
85
136
4
97
5
81
139
117
60
106
115
75
78
12
89
31
138
69
2
119
11
102
50
51
26
56
86
36
58
17
11
25
116
133
134
135
136
124
125
137
138
139
140
141
142
143
144
132
131
119
120
108
107
106
105
93
92
104
103
115
114
102
90
78
77
76
64
63
75
87
86
98
99
111
110
122
121
109
97
85
73
61
49
50
38
37
25
13
1
2
3
4
16
15
14
26
27
28
40
41
53
54
55
43
42
30
29
17
18
19
20
21
9
8
7
6
5
4
3
15
27
39
51
52
40
39
51
63
62
74
75
76
88
100
101
89
90
91
79
80
68
67
66
65
77
89
88
87
99
100
112
113
101
102
114
126
127
128
116
117
129
130
118
106
94
95
96
84
83
71
72
60
59
47
48
36
35
23
24
12
11
10
22
34
33
32
44
45
57
69
81
82
70
58
46
34
33
45
44
56
57
69
81
93
94
95
96
84
72
71
83
82
70
58
46
47
59
60
48
36
35
23
24
12
11
10
22
21
9
8
20
32
31
43
31
30
18
19
7
6
5
17
16
28
29
41
42
54
53
52
64
65
66
78
79
67
55
56
68
80
92
91
103
115
127
126
125
113
112
111
123
124
123
122
110
98
86
74
62
50
38
26
14
2
1
13
25
37
49
61
73
85
97
109
121
133
134
135
136
137
138
139
140
128
129
141
142
130
131
143
144
132
120
108
107
119
118
117
105
104
116
12
11
10
9
8
20
21
33
34
46
45
44
43
42
30
29
41
53
54
66
65
77
76
64
63
75
74
73
61
49
50
62
63
51
52
40
28
16
17
5
4
3
2
1
13
14
26
25
37
38
39
27
15
3
4
5
6
18
19
31
32
33
34
22
23
35
36
48
60
72
71
70
58
57
56
68
67
55
54
53
52
51
39
40
41
42
43
44
45
46
47
59
60
72
84
83
82
81
80
92
104
116
117
105
106
107
108
120
132
131
130
118
119
120
108
96
95
94
93
105
117
129
141
140
139
127
115
103
91
90
89
88
87
86
85
97
109
121
133
134
135
136
124
125
137
138
126
114
102
101
100
112
113
101
100
99
111
123
122
110
98
99
111
112
113
114
102
90
78
79
91
92
80
79
78
77
89
88
87
75
76
64
65
66
67
55
56
57
58
59
71
70
69
68
69
81
93
94
82
83
84
96
95
107
106
118
119
131
130
142
143
144
132
144
143
142
141
140
128
129
128
116
104
103
115
127
139
138
126
125
137
136
124
123
135
134
133
121
122
110
109
97
98
86
85
73
74
62
61
49
50
38
37
25
13
1
2
14
26
27
15
16
28
29
17
18
30
31
32
20
19
7
6
7
8
9
21
22
10
11
23
35
47
48
36
24
12
24
93
86
89
121
140
90
101
134
49
100
72
100
3
55
134
24
79
72
38
117
119
36
47
22
45
65
115
126
143
75
113
53
127
61
81
9
3
39
125
141
27
45
91
64
136
120
28
112
144
58
84
129
98
25
52
102
26
51
55
17
6
33
130
73
68
44
83
40
59
91
137
50
103
110
28
7
23
58
87
13
139
139
135
26
8
116
92
82
66
101
74
61
131
22
52
56
32
141
113
13
130
67
99
111
114
48
142
128
132
144
21
87
10
34
2
27
23
31
125
9
135
80
109
107
97
118
18
80
48
112
106
123
84
94
43
108
54
43
78
46
2
12
57
39
105
20
47
19
122
65
49
136
132
42
133
76
95
14
37
77
35
109
15
126
88
68
11
21
41
117
108
89
69
16
4
17
104
131
143
1
123
60
32
137
63
86
19
76
8
138
51
85
53
7
98
74
122
140
96
95
38
46
30
110
20
124
5
103
118
40
120
33
73
138
90
25
106
11
29
127
34
70
96
42
30
94
10
56
105
57
119
67
92
12
24
62
116
71
88
62
1
54
111
5
78
102
124
129
31
14
6
59
115
93
18
82
16
85
99
44
60
142
4
37
66
81
71
107
114
97
36
64
121
128
75
50
29
35
83
15
77
69
79
133
41
63
70
104
9
42
4
15
44
121
29
91
46
129
95
47
129
108
135
108
57
102
39
106
78
62
60
138
107
99
11
56
14
126
89
37
22
130
14
27
131
138
101
3
43
53
98
28
93
89
78
95
76
54
64
67
144
74
116
76
139
6
68
131
143
53
86
63
83
30
5
10
69
8
79
136
40
59
31
48
137
2
105
126
7
137
42
44
104
87
64
132
97
127
122
1
114
87
55
71
55
120
101
111
61
130
79
34
71
111
49
93
51
94
30
115
109
133
11
66
13
90
12
23
103
68
29
31
19
49
116
17
109
35
27
88
124
61
21
50
90
110
134
127
16
17
22
33
66
120
112
119
69
118
100
85
7
113
141
96
77
63
124
8
33
46
13
97
45
72
18
123
32
117
134
1
103
39
2
24
96
143
82
38
132
58
35
80
86
45
81
98
23
83
133
70
141
54
77
110
19
74
80
144
59
20
58
28
12
52
85
4
40
56
34
105
107
41
72
128
84
125
139
142
10
88
119
113
25
115
52
142
43
15
25
75
47
118
99
92
82
9
24
37
51
38
106
135
128
60
100
122
84
5
73
92
112
41
140
3
140
21
57
62
125
6
16
104
91
36
121
18
123
114
32
94
20
136
75
50
65
67
102
73
65
26
48
70
26
36
81
117
