##Rat 4 Day 10
 ##rewards
126
113
47
##Vertices
57
90
35
87
62
119
121
103
59
116
135
30
50
109
82
86
15
120
88
26
80
104
115
18
70
139
13
132
108
79
58
61
7
138
77
140
81
93
129
17
48
93
51
108
134
120
24
56
121
91
8
37
25
58
11
12
10
109
87
106
28
118
7
21
39
141
78
143
39
100
61
52
73
26
5
23
101
62
114
103
49
2
38
6
123
40
27
15
56
17
46
69
100
33
67
2
96
11
89
46
37
92
106
84
60
12
10
23
112
22
139
96
65
143
118
43
137
117
43
130
69
94
29
89
133
13
36
110
116
64
98
32
115
73
84
85
75
113
107
45
9
138
97
101
1
20
137
64
72
114
47
104
63
105
53
19
41
31
141
29
74
71
83
129
41
50
20
90
8
119
47
110
81
3
22
44
75
1
99
76
122
123
31
57
68
60
99
5
36
122
79
27
68
82
35
44
117
65
38
95
72
76
32
70
77
52
92
134
54
98
42
131
102
55
126
25
86
49
112
83
3
14
16
71
4
19
55
66
33
42
80
144
113
142
18
40
66
133
124
14
127
30
6
125
85
135
128
105
34
107
21
97
132
144
45
136
125
4
131
48
95
128
54
142
88
34
9
127
124
91
59
111
136
94
102
140
111
53
16
78
51
63
130
74
28
24
126
67
69
115
124
68
82
8
42
127
128
128
78
60
66
105
87
13
132
111
31
62
114
131
68
58
81
11
3
82
40
138
101
51
2
19
143
54
94
73
130
135
140
139
21
5
51
33
19
58
57
64
122
98
31
60
91
120
50
69
42
15
85
33
2
12
22
61
109
97
59
76
9
62
52
112
43
46
28
26
120
92
34
134
107
93
103
95
56
89
98
63
25
43
139
35
111
14
123
27
119
104
123
54
16
9
84
108
28
142
138
26
84
108
32
80
34
100
92
7
102
80
45
48
127
129
37
36
118
133
136
52
86
12
17
39
129
133
44
112
29
10
24
116
113
40
3
73
90
89
96
18
99
47
53
86
126
107
88
38
36
67
45
55
117
59
74
106
102
8
125
113
135
130
77
114
78
74
20
79
90
30
47
104
125
13
83
22
116
132
81
87
49
16
37
96
15
100
64
109
99
72
119
134
126
144
61
76
136
110
65
39
137
29
66
41
11
25
18
121
93
4
72
137
6
124
27
142
23
70
117
75
115
70
121
30
141
10
23
144
20
71
94
50
122
91
85
88
140
35
118
103
79
57
65
41
106
75
4
97
1
83
67
143
71
5
6
55
110
49
131
101
95
56
1
53
63
44
17
14
21
77
32
105
38
48
141
46
7
24
1
13
25
37
38
50
49
61
73
85
97
109
121
133
134
122
123
135
136
124
112
100
101
89
88
76
75
63
64
65
66
54
42
43
31
30
29
17
16
28
27
15
14
2
3
4
5
6
7
8
20
21
9
10
11
12
24
36
48
47
35
23
22
34
46
45
57
56
68
80
81
69
70
58
59
71
83
95
107
108
96
84
72
60
48
36
35
34
33
32
44
45
33
32
31
19
18
30
42
41
40
52
53
65
77
78
90
91
79
67
55
54
53
41
29
28
40
39
51
52
64
63
62
74
86
87
99
98
110
111
112
113
125
137
138
126
127
139
140
128
129
141
142
130
131
143
144
132
120
119
118
106
94
93
105
104
103
102
114
115
116
117
118
106
105
93
92
104
103
102
101
113
125
137
138
139
127
126
114
115
116
117
129
128
140
141
142
130
131
143
144
132
120
119
107
108
96
95
94
82
81
82
70
71
83
84
72
60
59
47
46
58
57
69
68
56
44
43
55
67
66
78
79
80
92
91
90
89
77
76
75
74
62
50
51
39
27
26
38
26
14
15
16
17
18
19
20
21
22
23
24
12
11
10
9
8
7
6
5
4
3
2
1
13
25
37
49
61
73
85
86
98
97
109
110
122
121
133
134
135
136
124
123
111
99
100
88
87
12
11
10
9
21
20
8
7
6
5
4
3
2
1
13
14
26
25
37
38
39
40
52
53
41
42
30
31
43
55
67
68
69
81
82
70
58
59
47
46
34
35
23
24
36
48
60
72
84
96
95
107
108
120
132
144
143
142
141
129
130
131
119
118
117
105
104
92
91
90
102
103
115
116
128
127
126
125
124
136
137
138
139
140
141
142
130
118
106
94
93
105
106
94
82
83
71
70
69
57
45
44
56
55
54
66
65
77
78
79
80
68
56
57
58
46
45
33
32
44
43
31
19
18
17
29
28
16
15
27
39
51
50
49
61
62
74
73
85
86
98
97
109
110
122
121
133
134
135
123
111
112
113
101
100
88
76
64
63
75
87
99
111
112
100
101
89
88
76
64
52
51
50
49
61
73
74
62
63
75
87
99
98
86
85
97
109
110
122
121
133
134
135
123
124
136
137
125
113
114
102
114
115
127
126
138
139
140
128
129
117
116
104
103
91
92
93
81
80
79
67
66
78
90
89
77
65
53
54
42
30
18
19
20
32
33
34
22
21
22
23
35
47
59
71
83
95
107
119
131
143
144
132
120
108
96
84
72
60
48
36
24
12
11
10
9
8
7
6
5
17
16
4
3
15
14
2
1
13
25
37
38
26
27
28
40
41
29
113
96
64
21
108
130
93
132
101
46
62
119
135
78
100
61
30
40
141
107
110
30
11
97
112
98
106
140
69
12
4
31
74
104
117
15
63
72
85
107
142
2
12
36
90
136
45
69
80
18
102
126
108
127
47
56
13
91
54
122
70
14
128
35
101
125
105
96
103
125
58
20
135
137
65
59
32
48
81
99
109
124
144
131
76
82
25
34
113
61
5
58
114
18
8
92
48
27
142
34
70
52
29
127
124
74
42
104
15
24
126
37
133
3
17
68
55
41
111
39
45
138
89
72
78
55
105
85
117
47
123
118
9
8
16
95
98
102
28
60
119
118
132
6
51
73
134
32
80
46
133
77
26
1
10
115
4
20
120
19
31
42
139
1
84
2
121
19
140
129
68
44
76
7
71
26
84
75
65
22
100
81
82
93
54
67
39
137
114
59
83
57
136
66
110
143
112
56
73
103
6
22
16
87
62
79
27
43
3
41
29
97
120
17
92
38
138
37
35
11
116
57
24
13
131
88
63
143
106
38
50
36
95
67
9
128
94
5
109
60
86
134
86
40
53
79
122
33
7
141
14
23
111
75
129
88
53
51
94
64
87
52
89
139
49
130
66
99
50
28
115
83
21
49
116
71
123
23
91
90
33
44
25
10
121
77
43
144
16
70
8
7
113
13
112
67
73
142
48
45
95
94
100
118
129
25
38
140
53
133
18
119
79
123
130
53
89
63
141
98
37
108
103
144
104
125
137
109
143
141
139
118
82
24
34
47
56
30
59
90
17
22
27
123
99
57
89
74
16
75
72
18
71
131
120
135
56
81
122
72
19
61
51
128
135
17
78
98
119
50
51
91
62
108
59
29
14
40
143
20
70
41
105
23
76
95
110
101
60
2
46
115
102
90
120
68
101
41
142
50
47
76
33
6
55
112
33
43
91
134
93
29
68
65
10
124
128
87
36
116
69
21
126
144
84
84
94
43
28
131
23
61
8
35
15
136
85
96
83
111
96
32
11
125
69
64
102
86
106
12
87
25
32
11
114
97
26
39
65
133
1
92
66
124
66
22
80
88
126
34
97
49
10
57
117
4
99
30
35
58
88
134
127
48
14
24
106
3
100
15
42
9
55
139
5
1
19
71
121
74
75
80
109
13
67
110
104
107
82
107
132
3
44
12
114
79
111
45
49
138
136
6
77
129
20
105
116
37
127
52
31
4
93
130
73
52
137
63
2
36
115
44
42
121
5
27
26
113
81
9
39
122
86
83
117
138
38
58
21
103
54
28
140
31
78
7
77
54
46
132
62
60
92
40
85
64
133
121
109
97
98
86
85
73
61
49
37
25
13
1
2
14
15
3
4
16
28
40
41
53
52
64
63
75
76
77
78
90
102
103
115
114
113
125
124
112
111
123
122
134
135
136
137
138
139
140
128
129
141
142
143
144
132
120
108
107
119
131
130
118
106
105
93
92
80
68
69
81
82
94
95
83
71
59
47
48
60
72
84
96
108
120
119
118
117
116
104
105
117
116
115
127
126
114
102
101
100
88
89
77
65
66
54
55
67
79
91
90
89
101
113
112
100
99
87
88
76
75
74
62
50
51
39
38
26
27
28
29
17
5
6
18
19
7
8
20
21
9
10
22
23
11
12
24
36
35
34
46
58
57
45
44
43
42
30
31
32
33
34
46
45
57
56
44
43
42
41
29
17
5
6
7
19
18
30
31
32
33
21
20
8
9
10
22
23
11
12
24
36
35
47
48
60
59
58
70
69
70
82
83
71
72
84
96
95
107
106
94
93
81
80
92
104
103
91
79
78
66
67
68
56
55
54
53
65
64
63
62
74
86
87
99
111
110
98
110
122
123
124
125
126
127
128
129
130
131
132
144
143
142
141
140
139
138
137
136
135
134
133
121
109
97
85
73
61
49
50
38
37
25
26
14
13
1
2
3
4
16
15
27
39
40
52
51
144
143
131
119
118
130
142
141
140
128
127
139
138
126
114
113
125
137
136
124
112
111
110
122
123
135
134
133
121
109
97
85
86
74
75
87
88
100
101
102
90
91
79
80
92
104
103
115
116
117
105
106
107
95
96
108
120
132
144
143
142
130
129
117
105
93
94
82
81
69
70
71
59
60
72
84
83
82
70
58
57
45
46
34
22
23
35
47
48
36
24
12
11
10
9
21
20
8
7
6
5
17
18
19
31
30
42
41
40
39
27
15
3
4
16
28
29
30
31
32
33
45
44
43
55
56
68
67
66
78
77
76
64
65
53
54
42
41
29
28
27
26
14
2
1
13
25
37
49
61
73
85
97
98
99
100
112
113
101
89
88
76
75
63
62
50
51
52
40
39
38
50
38
26
14
2
1
13
25
37
49
61
73
74
62
63
51
52
64
65
53
54
66
67
55
43
44
56
68
80
81
69
57
58
46
34
33
32
20
19
18
17
16
15
3
4
5
6
7
8
9
21
22
10
11
12
24
23
35
36
48
47
59
60
72
71
83
84
96
95
107
108
120
132
131
119
118
106
94
93
92
91
79
78
77
89
90
102
114
126
127
115
103
104
116
128
129
141
140
139
138
137
125
124
136
135
123
122
134
133
121
109
110
111
99
87
86
98
46
19
144
11
83
111
14
73
6
10
9
35
109
90
115
8
97
96
126
44
23
40
47
92
59
87
54
136
17
118
133
81
98
100
108
27
12
61
12
16
50
134
119
134
57
3
6
137
104
88
119
75
114
96
28
114
62
106
70
111
124
24
137
68
99
23
105
72
7
38
39
120
30
110
144
98
60
32
117
11
74
60
118
29
127
53
128
14
139
141
103
48
55
125
126
63
66
121
19
15
7
64
2
34
89
36
102
53
29
45
69
16
28
138
9
112
46
56
136
101
91
82
25
88
24
20
44
120
33
25
76
40
130
49
129
80
84
58
85
115
99
4
122
104
142
15
13
33
107
78
94
61
67
42
100
91
140
141
95
107
143
31
124
18
55
123
109
135
93
90
102
21
113
20
121
131
138
75
37
5
49
78
95
35
135
43
85
41
51
3
76
86
32
57
22
92
69
129
64
79
36
71
122
27
59
89
52
42
101
13
34
77
77
130
39
81
82
58
80
93
68
26
1
142
84
73
26
83
116
71
140
8
128
106
133
103
131
139
143
2
54
72
105
65
70
125
1
127
37
10
30
18
48
66
108
74
5
112
47
97
86
87
50
45
116
4
31
123
21
67
113
52
117
17
63
41
51
22
79
43
132
65
56
38
62
94
110
132
23
22
85
24
50
55
94
81
43
47
104
26
78
24
41
129
126
36
91
57
84
84
144
115
120
4
12
37
132
86
78
133
49
37
126
81
66
25
51
52
59
127
114
80
58
51
77
103
113
74
11
110
40
20
97
56
122
71
140
125
58
47
96
30
119
70
48
9
3
11
136
98
38
94
55
42
121
10
111
110
28
121
8
18
122
123
106
40
62
44
71
70
108
48
69
104
134
20
10
105
67
98
2
142
129
33
88
16
93
69
139
63
144
62
119
100
42
83
43
88
137
99
65
72
5
131
72
134
31
35
54
82
18
7
4
130
3
79
93
21
23
141
128
125
89
13
143
66
108
87
112
140
31
107
117
12
45
116
27
91
142
15
131
21
102
112
60
109
34
116
118
90
92
19
76
132
107
89
64
61
137
49
45
77
82
15
32
83
57
54
139
46
35
124
115
50
99
39
138
136
5
127
36
34
65
33
97
38
29
14
109
28
41
53
111
44
59
95
85
138
60
74
68
32
29
75
96
63
30
76
22
103
9
79
26
1
141
80
56
6
68
27
118
101
61
17
64
2
39
114
92
135
6
67
73
117
106
120
143
87
124
75
73
130
123
95
128
14
13
53
102
46
25
135
90
100
16
52
1
7
8
17
86
113
19
101
105
133
12
24
36
35
34
33
21
20
19
18
6
7
8
9
10
22
23
11
10
9
8
7
19
31
32
44
43
55
54
66
65
77
89
90
91
79
67
68
69
70
82
94
95
83
84
96
108
120
119
118
106
107
108
96
84
72
60
48
47
46
58
59
71
70
58
57
45
44
56
55
67
66
78
77
76
64
52
40
41
29
17
16
28
27
15
14
26
38
37
49
50
51
63
62
61
73
74
86
87
88
100
99
111
123
135
134
133
121
122
110
109
97
85
73
61
49
37
25
13
1
2
3
4
5
6
18
30
42
54
53
65
64
76
75
87
88
100
112
124
125
126
114
113
101
102
103
115
127
139
140
128
116
104
92
80
81
93
105
117
129
130
131
132
144
143
142
141
140
139
138
137
138
126
127
115
116
128
129
141
142
130
131
143
144
132
120
119
107
106
118
117
105
93
94
95
83
82
81
69
57
56
68
80
92
104
103
91
79
78
90
89
101
102
114
113
125
137
136
135
136
124
112
111
123
122
134
133
121
109
110
98
99
98
97
85
86
74
75
63
62
50
38
39
27
15
14
26
25
13
1
2
3
4
5
17
16
28
40
39
51
52
53
41
29
30
42
43
31
32
33
45
46
34
35
47
59
71
72
60
48
36
24
12
11
23
22
21
20
133
134
135
123
122
110
109
121
133
134
135
136
137
138
139
140
141
142
130
118
119
120
108
96
84
72
60
59
47
48
36
35
23
11
10
9
21
22
34
46
58
70
71
83
82
81
69
57
56
55
43
42
54
66
67
68
80
79
78
90
102
101
113
125
124
112
111
99
87
86
85
97
98
99
100
88
76
64
65
77
89
88
100
101
89
77
78
90
91
92
93
94
95
107
106
105
104
103
115
116
117
129
128
127
126
114
115
116
104
105
93
94
82
81
69
57
45
44
32
33
34
46
45
44
43
31
30
29
41
53
52
40
39
27
28
16
15
14
26
38
37
25
13
1
2
3
4
5
17
18
19
20
8
7
6
5
4
16
28
27
39
51
50
49
61
73
74
62
63
75
87
86
98
110
111
112
113
114
102
103
91
92
80
79
67
66
65
64
76
75
74
62
63
51
50
38
26
14
15
3
2
1
13
25
37
49
61
73
85
97
109
121
122
123
124
136
137
125
126
138
139
127
128
140
141
142
130
129
117
118
106
107
119
131
132
131
143
144
143
144
132
120
108
96
95
83
84
72
71
70
58
59
60
48
47
35
36
24
12
11
12
24
23
22
10
9
21
33
32
31
19
20
8
7
6
18
17
29
30
42
41
40
52
53
54
55
56
68
