##Rat 6 Day 2
 ##rewards
83
94
16
##Vertices
10
47
25
29
27
141
115
61
105
82
144
79
64
86
73
16
59
44
34
80
112
61
135
67
90
89
17
8
1
44
105
21
116
136
47
28
55
139
1
93
33
23
137
27
41
72
6
46
131
29
134
108
24
95
127
100
77
69
34
41
14
120
134
74
68
50
94
128
68
121
81
106
120
24
97
55
94
76
131
26
45
14
31
35
125
8
127
9
106
121
96
53
73
38
60
142
119
82
99
4
138
49
9
112
116
51
3
130
18
129
100
91
42
87
12
95
39
136
92
30
58
3
133
93
62
107
81
74
144
15
25
75
11
42
52
109
98
123
22
28
2
7
70
56
65
88
78
125
126
124
30
87
133
46
118
126
99
7
142
13
135
98
21
45
103
48
13
140
51
40
62
137
117
36
101
71
110
86
59
113
43
122
19
16
57
33
138
19
102
66
52
54
64
119
48
107
15
36
56
67
140
2
123
17
104
39
139
111
60
66
22
10
128
79
78
114
65
130
85
96
109
132
102
75
11
71
110
83
38
113
6
31
63
26
76
18
5
35
63
23
53
143
20
88
114
143
84
117
43
4
141
57
103
20
101
91
72
89
32
129
12
69
50
84
77
58
70
132
111
37
85
54
32
104
40
49
37
80
115
122
92
108
5
118
124
90
83
97
95
80
96
133
136
139
37
89
76
8
42
139
63
106
97
132
48
64
10
137
17
74
95
119
120
134
109
130
133
113
20
114
59
112
34
7
49
90
125
9
14
37
10
130
59
7
91
78
57
48
83
92
88
56
140
1
21
19
111
35
52
36
99
56
51
91
3
65
104
99
97
119
38
131
93
46
4
5
90
36
12
98
58
53
47
28
6
51
40
126
53
102
40
46
82
68
11
41
72
38
62
66
85
70
11
103
74
100
75
76
88
34
30
131
120
3
12
92
80
105
54
68
20
104
123
123
32
60
118
71
50
121
57
13
64
109
2
144
45
66
62
28
47
16
5
24
115
71
18
31
117
24
63
124
143
138
17
25
61
98
114
96
103
124
110
22
135
55
25
108
101
77
50
116
118
142
73
54
135
117
18
58
43
30
73
82
79
86
89
23
94
129
87
31
84
122
83
140
143
33
134
72
32
106
4
52
42
9
136
75
100
138
122
69
41
144
142
23
39
69
44
84
1
21
105
27
22
6
112
81
15
115
8
87
101
29
141
108
126
79
16
49
121
44
26
45
141
27
55
14
43
2
132
128
107
127
19
67
129
39
86
13
107
33
113
61
125
67
81
137
77
65
111
128
70
127
102
94
60
26
110
116
85
93
29
78
35
15
1
2
14
26
25
13
1
2
3
15
16
17
29
41
42
54
66
67
68
69
70
58
57
45
46
47
59
60
72
71
83
84
96
95
107
106
118
119
120
108
96
84
72
60
48
36
35
23
24
12
11
10
22
34
33
21
9
8
7
19
31
30
18
6
5
4
3
15
27
28
40
52
64
76
88
89
90
78
77
65
53
52
51
39
38
37
49
61
62
74
73
85
86
98
110
109
97
85
73
61
49
50
62
63
75
87
99
100
101
102
114
126
125
137
138
139
140
128
116
117
129
141
142
143
131
130
118
117
105
104
92
91
103
115
127
139
138
137
136
124
123
122
121
133
134
135
136
124
112
113
101
102
90
89
77
65
53
54
55
56
44
32
20
8
9
21
33
45
57
69
81
80
79
78
66
67
79
91
103
104
116
115
114
113
125
126
127
128
140
141
129
130
142
143
144
132
144
132
131
119
120
108
107
106
94
95
83
71
59
47
48
36
35
23
24
12
11
10
22
34
46
58
70
82
94
82
81
93
105
93
92
80
68
56
55
43
42
41
29
30
31
43
44
32
20
19
7
6
18
17
5
4
16
28
40
39
27
26
14
13
25
37
38
50
51
63
64
76
75
87
88
100
112
111
99
111
110
122
123
135
134
133
121
109
97
98
86
74
144
143
131
119
120
132
144
143
142
130
129
128
116
104
103
91
79
78
77
76
75
87
88
100
99
98
86
85
73
74
62
61
49
50
38
39
27
26
25
37
49
61
73
85
97
109
110
122
121
133
134
135
123
111
112
124
136
137
138
126
114
115
127
139
140
141
142
130
118
117
105
93
81
69
57
56
55
67
68
80
92
93
94
106
107
108
96
84
83
71
72
60
59
47
35
36
48
60
72
84
96
95
83
82
70
58
46
45
44
43
31
19
20
8
7
6
5
17
29
28
16
4
3
2
14
15
27
28
40
41
53
54
42
30
18
6
7
8
9
21
22
23
24
12
11
10
9
21
33
32
44
43
55
56
68
80
92
91
90
89
101
113
125
137
136
124
112
100
88
76
64
65
66
67
79
78
66
54
42
41
29
30
31
32
20
19
18
17
5
4
16
15
3
2
1
13
1
13
14
26
25
37
38
39
51
50
62
74
86
98
97
109
110
122
121
133
134
135
123
111
99
87
75
63
51
63
64
52
40
52
53
65
77
89
90
102
103
104
116
115
114
102
101
113
125
126
138
139
127
128
140
141
129
117
105
106
118
119
131
132
120
108
107
95
94
82
81
69
70
58
57
45
33
34
46
34
35
23
22
10
11
12
24
36
48
47
59
71
25
34
100
21
69
103
52
98
50
8
97
31
68
27
72
73
9
60
124
86
94
92
44
108
52
114
144
35
15
131
87
33
22
138
49
77
39
22
92
35
126
110
132
65
45
2
29
83
27
85
88
19
111
16
36
81
75
66
53
130
31
19
61
78
15
125
3
139
82
42
107
84
80
103
60
39
68
43
134
67
106
46
6
5
40
115
56
38
135
28
96
89
41
90
123
128
95
116
143
99
28
23
127
49
5
79
88
120
96
123
47
24
113
117
56
1
4
18
1
111
116
89
47
62
144
50
48
24
71
78
7
115
137
37
20
34
131
12
45
138
100
113
129
97
63
37
132
94
43
30
10
91
54
76
54
64
120
62
142
61
57
125
55
137
112
67
105
104
9
66
118
4
91
119
141
93
101
33
102
121
93
90
14
65
59
83
101
13
13
118
105
8
76
44
46
122
21
55
87
126
59
129
74
73
18
23
6
42
128
70
109
3
133
20
36
2
51
71
11
140
17
57
69
121
86
17
64
63
130
32
108
48
85
142
51
95
122
134
114
119
11
135
41
141
32
26
14
98
84
82
38
58
40
26
143
79
110
99
112
72
133
29
77
80
81
109
12
58
16
140
117
127
107
70
124
7
53
106
25
30
136
75
102
10
104
136
139
74
117
138
96
106
135
64
57
132
1
53
42
15
109
37
60
39
133
97
99
143
35
31
43
121
26
51
108
83
11
120
43
87
66
61
113
35
82
31
77
103
51
59
77
84
12
114
37
140
55
141
94
30
34
127
139
72
9
41
89
131
75
138
126
140
104
87
102
78
108
110
65
144
47
6
14
33
25
101
14
107
22
7
69
70
82
136
85
20
72
49
143
58
117
84
118
86
6
63
135
22
53
63
45
50
86
114
48
78
88
44
29
122
95
18
16
21
3
32
81
112
79
49
136
128
67
1
58
25
105
11
41
124
124
123
9
47
93
12
111
26
142
30
120
62
90
91
65
137
56
70
10
62
28
46
59
97
128
129
32
106
141
94
75
127
102
55
54
24
95
92
116
115
89
98
129
67
125
98
64
81
99
74
4
24
36
126
125
23
115
10
52
13
40
4
8
5
20
66
15
110
74
19
21
52
5
109
13
85
16
73
139
79
76
137
132
96
57
118
19
100
76
130
17
80
83
17
68
105
88
116
50
100
7
91
71
131
42
44
28
36
134
2
48
142
71
80
92
3
144
112
113
34
134
119
27
40
33
54
60
23
18
107
45
101
46
69
38
73
103
93
68
38
27
56
122
119
130
123
133
8
90
2
111
61
121
39
104
29
12
24
23
22
10
9
8
7
19
31
43
55
54
66
65
53
52
51
63
64
76
77
78
90
89
101
113
114
126
138
139
140
141
142
130
118
106
94
95
96
108
107
119
131
132
144
143
142
141
129
128
127
115
103
102
101
100
112
111
99
98
86
74
62
61
73
85
97
109
110
122
121
133
134
135
136
137
125
124
123
111
112
113
114
102
103
104
116
117
105
93
81
80
68
67
79
91
92
104
105
93
94
82
70
58
59
71
83
84
72
60
48
47
35
36
48
60
59
58
46
34
33
32
20
21
9
8
7
6
18
30
42
41
40
28
27
15
3
4
16
17
5
4
3
2
1
13
14
26
25
37
49
50
38
39
51
63
75
87
88
76
64
52
53
65
66
67
68
69
57
45
44
45
57
56
44
56
55
54
42
43
31
32
33
34
46
47
35
36
24
23
11
12
11
10
22
21
20
19
18
6
5
17
29
30
29
41
40
28
16
15
14
2
1
13
25
26
27
39
38
37
49
50
62
61
73
85
86
74
75
87
88
100
99
98
97
109
110
122
121
133
134
135
123
124
136
137
125
126
138
139
140
128
127
115
116
117
129
130
131
143
144
132
120
108
120
119
118
106
107
95
96
84
72
71
83
82
70
69
81
80
79
78
77
89
90
91
92
133
134
135
136
137
125
124
123
122
121
109
110
111
99
100
101
89
90
102
103
104
116
115
127
139
140
128
129
141
142
143
131
119
107
108
96
95
94
93
92
80
81
69
68
67
66
54
55
43
42
41
53
52
64
65
77
78
79
91
92
93
105
117
118
130
142
141
140
139
138
126
114
113
112
100
88
87
75
76
88
87
86
85
97
98
99
111
112
113
101
102
103
104
105
106
94
82
70
71
59
47
48
36
35
34
46
58
57
56
44
45
33
32
20
21
9
10
22
23
11
12
24
36
48
60
72
84
83
82
81
69
57
56
44
45
33
32
31
30
18
19
7
6
5
4
16
17
29
28
27
26
38
50
51
39
40
52
51
63
62
61
49
37
25
13
1
2
14
15
3
4
16
15
3
2
1
13
14
26
25
37
38
39
27
28
40
41
53
54
42
30
29
17
5
6
18
19
31
43
55
67
68
80
79
91
90
89
77
78
66
65
64
76
75
63
62
50
49
61
73
74
86
74
73
85
97
98
110
109
121
133
134
122
123
135
136
124
125
137
138
126
114
115
127
128
129
130
131
143
144
132
144
132
120
119
120
108
96
84
72
60
59
47
35
23
24
12
11
10
9
8
7
8
20
21
22
34
46
58
70
71
83
95
107
106
118
117
116
52
135
122
32
143
106
112
72
59
105
75
54
33
4
25
137
84
132
75
68
115
103
40
1
88
7
16
19
38
8
86
72
66
137
110
78
64
135
139
100
84
109
22
81
73
77
6
2
11
49
90
113
140
113
127
122
110
123
53
18
91
4
121
94
111
107
136
87
50
62
108
119
67
21
74
56
109
128
34
51
69
125
40
16
48
117
142
14
98
23
9
117
46
26
58
7
68
124
106
50
37
85
129
97
20
57
89
79
123
118
87
35
138
104
27
5
93
36
5
104
130
92
95
111
10
37
97
114
101
24
65
42
60
139
54
130
99
116
33
141
142
52
79
140
71
133
120
6
77
15
126
143
39
133
30
44
80
121
28
10
144
83
1
14
96
30
28
44
76
29
92
29
47
39
116
73
80
45
82
63
55
141
91
64
55
2
22
61
49
93
101
126
43
45
124
103
58
128
53
38
70
43
120
19
9
17
100
51
67
99
13
86
12
35
88
102
78
132
11
90
31
119
27
24
12
136
134
112
21
127
42
125
98
59
60
20
105
134
131
18
74
76
57
23
82
107
94
83
56
85
118
26
17
34
47
62
8
66
31
63
13
41
71
65
48
41
144
15
108
32
36
89
115
61
95
131
129
3
102
70
81
25
96
46
114
69
3
138
121
97
5
32
45
66
119
83
46
69
86
55
122
20
79
103
120
32
67
59
119
36
96
72
100
142
101
138
34
133
73
67
4
3
124
56
108
57
96
58
22
113
133
99
95
2
39
78
63
44
129
63
107
86
88
24
66
1
70
118
51
135
74
53
5
89
82
94
91
36
111
140
104
87
69
12
19
17
140
144
142
64
23
84
75
77
109
6
121
59
113
1
27
54
62
85
81
26
141
107
80
21
55
68
100
92
43
89
93
87
46
56
35
15
64
79
106
18
45
18
9
23
136
13
124
7
129
82
139
130
125
105
40
123
139
123
97
38
4
141
7
16
25
118
112
44
2
90
122
102
99
10
25
51
19
14
78
38
101
84
48
92
52
114
12
115
93
143
11
28
125
58
31
131
95
39
8
108
77
52
35
47
137
83
47
114
16
143
111
109
27
22
17
81
31
60
73
112
98
132
131
65
76
33
11
41
71
13
57
60
50
110
90
20
136
3
21
65
117
116
9
8
134
91
120
29
105
61
137
94
138
30
6
42
41
37
48
102
15
117
61
127
98
33
28
29
54
126
75
104
30
135
106
88
49
116
134
40
126
128
71
128
110
144
42
103
132
49
85
43
72
80
14
62
53
76
34
24
10
68
50
70
115
37
26
130
127
74
12
24
36
35
34
33
21
20
19
18
6
7
8
9
10
22
23
11
10
9
8
7
19
31
32
44
43
55
54
66
65
77
89
90
91
79
67
68
69
70
82
94
95
83
84
96
108
120
119
118
106
107
108
96
84
72
60
48
47
46
58
59
71
70
58
57
45
44
56
55
67
66
78
77
76
64
52
40
41
29
17
16
28
27
15
14
26
38
37
49
50
51
63
62
61
73
74
86
87
88
100
99
111
123
135
134
133
121
122
110
109
97
85
73
61
49
37
25
13
1
2
3
4
5
6
18
30
42
54
53
65
64
76
75
87
88
100
112
124
125
126
114
113
101
102
103
115
127
139
140
128
116
104
92
80
81
93
105
117
129
130
131
132
144
143
142
141
140
139
138
137
138
126
127
115
116
128
129
141
142
130
131
143
144
132
120
119
107
106
118
117
105
93
94
95
83
82
81
69
57
56
68
80
92
104
103
91
79
78
90
89
101
102
114
113
125
137
136
135
136
124
112
111
123
122
134
133
121
109
110
98
99
98
97
85
86
74
75
63
62
50
38
39
27
15
14
26
25
13
1
2
3
4
5
17
16
28
40
39
51
52
53
41
29
30
42
43
31
32
33
45
46
34
35
47
59
71
72
60
48
36
24
12
11
23
22
21
20
133
121
109
97
85
86
98
99
111
112
100
88
76
64
63
51
52
53
65
66
54
55
43
42
30
31
19
7
6
5
17
18
30
29
41
40
39
38
50
49
37
25
13
1
2
14
15
3
4
16
28
27
26
25
37
49
61
62
74
75
87
99
111
110
122
123
135
136
137
138
126
114
113
101
89
90
78
77
65
53
41
29
28
40
52
64
76
88
100
112
124
125
137
138
139
127
115
103
91
92
93
94
106
105
117
129
141
142
143
131
119
118
130
142
141
140
128
116
104
105
106
107
108
96
84
83
82
81
80
68
56
44
32
20
8
9
10
11
12
24
36
48
47
59
60
72
71
70
69
57
45
46
58
57
45
33
34
35
23
22
21
33
34
46
58
70
69
68
67
79
80
92
91
79
67
55
56
44
32
31
43
42
54
66
78
77
89
101
113
125
126
114
102
90
102
103
104
116
115
127
139
140
128
129
117
118
130
131
119
120
132
144
143
144
132
120
108
96
95
107
95
94
93
81
82
83
84
72
71
59
60
48
47
35
36
24
12
11
23
22
10
9
21
20
8
7
19
18
6
5
17
16
4
3
2
1
13
14
15
27
26
38
39
51
50
62
63
75
87
86
74
73
61
73
85
97
98
110
109
121
122
123
124
136
135
134
133
134
