##Rat 3 Day 2
 ##rewards
127
116
38
##Vertices
109
124
3
51
27
108
82
6
105
115
144
79
42
20
7
38
125
88
111
91
46
6
36
78
68
56
50
85
1
88
105
98
94
48
124
39
77
84
1
104
99
122
60
27
52
138
61
112
131
51
24
141
134
128
83
45
55
102
111
52
14
142
24
19
90
17
116
95
90
11
103
117
142
134
9
77
116
43
131
15
100
14
75
123
59
85
83
97
117
11
140
53
7
16
137
120
130
115
33
37
72
5
97
46
94
29
25
119
62
107
45
80
64
32
133
128
28
48
92
63
113
25
12
104
18
129
103
19
144
26
3
31
121
64
41
10
21
35
110
39
13
73
114
89
54
44
67
59
71
47
63
32
12
112
118
71
33
73
120
2
36
21
98
100
81
136
2
96
29
40
18
60
106
135
57
126
22
20
125
58
76
23
74
38
101
99
72
74
69
66
41
65
42
130
136
129
26
135
89
78
96
13
35
50
93
28
84
34
137
66
110
109
95
79
67
70
54
119
8
140
10
143
69
31
121
126
22
127
16
58
61
75
30
15
43
62
49
123
30
122
53
132
86
44
70
132
139
106
76
37
108
101
81
86
57
80
138
56
87
107
133
102
17
139
55
113
114
143
34
4
8
65
87
93
40
5
4
91
82
23
92
141
49
118
47
68
127
9
128
91
140
12
48
84
4
56
43
85
64
84
30
117
9
143
136
42
109
60
50
19
128
130
142
24
10
119
12
58
86
70
125
46
111
73
5
68
59
97
14
4
109
119
125
73
80
67
101
136
127
92
44
89
96
1
98
74
34
123
41
135
33
89
29
80
25
54
93
33
9
130
16
131
104
112
37
49
68
135
133
21
113
53
124
39
61
29
40
71
53
69
40
112
115
90
121
52
138
16
18
66
8
114
121
81
19
45
31
43
44
111
63
131
142
25
133
92
91
105
65
90
86
93
35
35
87
137
118
126
17
11
101
2
42
10
13
144
100
66
18
39
124
38
49
134
82
126
62
75
106
134
30
47
132
72
50
3
6
21
70
140
81
47
22
110
36
77
3
141
57
55
17
94
118
120
7
65
36
106
62
113
76
63
7
115
79
20
56
122
116
107
32
75
139
23
127
96
132
99
24
138
87
117
37
41
64
97
48
31
45
72
23
102
52
144
120
122
28
102
88
139
1
98
105
27
110
61
46
103
26
82
85
32
57
51
108
141
71
79
38
5
11
88
15
100
108
27
77
14
76
13
143
95
129
83
74
78
107
28
20
2
129
99
58
6
59
78
103
60
55
54
34
95
114
83
69
116
137
15
22
94
8
104
51
67
123
26
1
13
14
15
3
2
1
13
25
26
38
50
51
52
64
65
66
78
90
102
114
113
101
100
112
124
125
137
138
126
127
139
140
128
129
117
118
130
142
141
140
139
138
137
136
135
123
122
134
133
121
109
110
111
99
98
97
85
73
74
75
63
62
61
49
37
25
26
27
39
40
41
42
43
44
56
68
67
55
54
53
41
29
28
16
4
5
6
18
19
7
8
20
21
22
10
9
8
7
6
5
17
18
30
31
32
33
45
57
69
70
71
59
60
72
84
96
95
94
106
107
108
120
132
131
119
118
106
105
93
92
80
81
82
83
84
72
60
48
47
35
23
11
12
24
36
48
47
46
58
57
69
68
56
55
54
53
65
77
89
88
87
86
85
97
98
99
100
101
102
103
91
79
67
66
78
79
80
81
93
94
82
70
58
59
71
83
95
96
108
107
119
120
132
144
143
144
143
131
130
142
141
129
117
116
128
127
126
125
124
136
135
123
122
134
133
121
109
110
111
112
113
114
115
116
115
103
104
105
104
92
91
90
89
77
76
64
52
51
63
75
76
88
87
86
74
73
61
62
50
49
37
38
39
40
28
27
15
14
2
3
4
16
17
29
30
42
43
31
32
44
45
46
34
33
34
22
23
35
36
24
12
11
10
9
21
20
19
144
132
131
130
142
143
144
132
120
119
107
95
94
93
81
80
79
67
55
43
31
32
44
45
33
21
20
8
7
19
18
6
5
17
16
28
27
15
3
4
5
6
7
8
9
10
22
23
11
12
24
36
35
34
46
47
48
60
72
71
70
82
83
84
96
108
120
119
118
106
105
104
103
102
101
89
77
78
90
91
92
104
116
117
129
141
140
139
127
126
138
137
125
124
123
135
136
137
138
139
140
128
127
115
114
113
112
100
88
76
75
74
86
85
73
61
49
50
51
39
38
37
25
13
14
26
27
39
40
52
53
65
64
63
62
61
73
85
97
98
110
122
134
133
121
109
97
98
99
87
88
76
77
89
90
91
92
80
68
56
57
58
59
60
48
47
46
45
44
43
42
54
66
78
79
67
66
65
64
52
51
63
75
87
86
74
62
50
49
37
38
26
25
13
1
2
1
2
14
15
3
4
16
28
29
17
18
19
20
21
9
10
22
23
11
12
24
36
35
34
33
32
31
30
29
30
42
41
40
41
53
54
55
56
68
69
81
93
94
82
70
69
57
58
59
71
72
84
83
95
96
108
107
106
105
117
118
130
131
143
142
141
129
128
116
115
103
102
114
113
101
100
99
111
112
111
123
122
110
109
121
133
134
135
136
124
125
126
3
111
45
98
102
81
41
21
17
85
9
75
90
27
138
7
97
137
47
20
116
92
88
141
41
70
144
123
26
131
32
99
110
72
5
55
28
110
92
123
71
22
143
54
100
13
51
127
27
8
44
74
34
38
135
103
31
66
53
119
75
74
6
67
26
59
25
84
115
64
129
139
91
81
137
28
90
76
24
78
117
112
61
49
40
82
89
16
36
39
140
56
52
68
35
95
128
94
132
33
39
122
83
5
49
79
44
142
140
35
124
134
58
106
89
1
37
62
1
34
94
56
124
18
144
17
136
134
126
67
73
82
60
4
86
111
131
133
100
72
45
58
107
9
30
4
143
116
76
63
109
80
65
43
65
42
142
18
120
6
101
59
77
60
46
78
105
93
97
66
118
37
80
130
108
104
57
99
69
11
104
68
14
54
125
127
57
2
2
118
105
85
43
88
112
23
98
77
32
71
125
107
19
7
62
122
61
64
95
114
10
25
12
86
135
13
29
126
121
96
50
101
102
11
20
50
42
30
119
87
141
136
8
120
29
128
23
24
70
130
121
36
52
108
87
15
14
21
139
115
16
113
40
15
132
79
22
33
46
138
12
51
55
91
103
10
133
113
38
96
106
83
129
114
47
73
53
117
3
63
48
31
69
109
93
48
84
19
106
72
140
117
36
42
101
143
1
53
64
26
10
4
137
28
12
9
33
132
123
75
76
11
15
29
141
127
121
142
76
32
66
6
58
123
115
75
55
81
29
125
55
139
133
70
4
96
77
108
116
63
111
83
84
138
97
52
56
131
31
72
71
96
93
32
69
67
141
22
54
144
124
61
14
99
3
57
14
129
110
73
102
114
115
48
8
86
138
5
132
113
106
139
118
20
61
30
36
110
53
30
100
17
20
70
136
67
44
88
51
23
128
62
38
98
25
87
103
46
79
5
48
95
78
1
113
3
105
121
52
47
47
35
97
124
104
133
34
15
120
63
142
18
68
80
54
60
89
114
109
18
39
112
125
9
95
107
87
117
108
116
31
83
69
77
65
134
128
92
94
82
56
21
107
78
59
21
42
103
33
19
37
134
135
71
59
122
82
109
41
2
40
37
85
49
86
66
26
22
19
74
98
41
49
10
2
8
38
7
84
79
43
60
143
140
101
118
74
45
43
119
50
91
127
50
90
105
44
94
17
45
73
80
126
131
64
88
39
135
24
13
136
120
126
91
92
25
144
46
58
111
24
130
27
40
99
65
137
122
62
129
100
57
112
102
16
7
81
104
90
16
27
89
23
130
119
35
12
85
68
13
34
6
11
28
93
51
133
134
122
110
109
97
85
73
74
75
76
77
65
66
54
53
41
29
30
42
43
55
67
68
56
57
58
70
71
72
84
96
108
120
119
118
117
116
128
140
141
129
130
131
143
144
132
120
108
107
95
83
82
81
69
57
45
46
34
33
21
20
19
18
6
7
8
9
10
22
23
11
12
24
36
48
60
59
47
35
34
46
58
70
69
81
93
94
106
105
104
103
91
90
78
79
80
92
93
105
104
116
115
114
113
125
126
127
139
138
137
136
124
123
135
136
137
125
113
112
111
99
87
86
98
97
85
73
61
62
63
64
52
40
39
27
26
25
37
38
50
49
37
25
13
1
2
14
15
3
4
5
17
16
28
29
30
31
32
44
43
42
41
53
54
66
78
90
102
101
100
88
100
101
89
88
89
77
65
64
76
75
87
99
111
112
124
123
135
134
122
121
133
121
109
110
98
86
74
62
61
49
50
51
63
51
52
40
39
38
26
14
13
1
2
3
15
27
28
16
4
5
17
18
6
7
8
20
19
31
32
44
45
33
21
9
10
22
23
11
12
24
36
35
47
48
60
59
71
72
84
96
95
83
82
94
106
107
119
131
132
144
143
142
141
142
130
118
117
129
128
140
139
138
126
127
115
114
102
103
91
79
67
55
56
68
80
92
12
24
36
48
60
59
47
35
23
11
10
22
34
33
45
57
56
68
69
81
93
94
82
83
84
96
95
107
108
120
132
131
130
129
141
140
128
116
104
92
91
103
102
90
78
66
65
77
76
64
52
53
41
42
54
55
67
79
80
92
104
105
106
118
119
120
108
96
84
72
71
70
58
46
45
44
32
31
43
44
32
20
8
9
21
33
34
46
58
57
69
81
93
105
117
116
115
114
126
125
124
136
135
123
111
112
113
101
89
88
100
99
87
86
98
97
109
110
122
121
133
134
135
136
137
138
139
127
115
103
102
101
89
88
100
99
87
75
63
62
74
73
61
49
37
38
50
51
39
27
15
16
17
29
28
40
41
29
30
18
6
5
4
3
2
1
13
14
26
25
37
38
26
25
13
1
2
14
15
3
4
16
28
27
39
40
52
53
65
64
63
51
50
49
61
62
74
75
76
77
78
90
91
79
80
68
56
55
67
66
54
42
43
31
30
18
17
5
6
7
19
20
19
7
8
9
21
22
10
11
12
24
23
35
36
48
47
59
60
72
71
70
82
83
95
107
119
131
132
144
143
144
143
142
130
142
141
140
139
138
137
125
124
123
122
134
133
121
109
97
85
73
85
86
98
110
111
112
113
114
126
127
128
129
117
118
106
94
41
36
23
87
132
117
46
138
125
105
31
65
99
37
3
60
139
143
31
90
82
81
40
1
44
73
38
74
16
85
20
138
66
60
22
67
42
36
84
45
139
10
110
103
7
55
61
13
121
5
68
58
96
58
83
23
22
35
53
62
80
37
11
116
34
129
48
32
17
18
141
130
78
98
19
89
10
95
111
29
102
59
40
38
136
106
120
14
21
122
97
106
112
15
113
73
90
47
117
17
4
8
107
9
86
101
56
79
35
118
32
123
72
93
27
49
104
135
49
93
119
92
128
34
109
4
9
70
57
134
54
64
137
84
65
119
33
94
99
108
120
41
79
96
126
12
142
61
55
26
71
132
28
12
63
88
91
11
39
109
144
127
1
14
140
63
39
88
43
51
92
51
124
28
94
7
91
100
115
30
77
108
80
42
77
13
110
6
5
104
57
71
76
100
47
81
113
95
53
16
114
76
142
74
97
50
45
29
78
33
2
20
133
123
44
69
67
143
121
68
75
130
27
134
133
48
24
46
98
83
64
59
21
125
137
86
105
24
131
62
19
43
101
122
115
129
116
127
89
8
118
15
50
111
124
18
85
66
75
30
2
52
126
54
136
52
144
26
141
87
135
56
82
6
128
131
107
25
69
114
103
3
140
112
70
102
25
72
11
9
49
87
100
66
130
127
112
102
20
77
23
86
79
81
142
87
78
125
130
135
140
138
45
120
57
72
111
12
7
78
37
25
47
89
141
101
140
113
110
58
12
33
128
13
28
67
30
88
107
30
129
20
44
134
66
1
114
118
29
36
19
53
49
56
115
116
80
135
34
96
93
32
102
133
74
50
96
144
120
42
122
139
31
55
10
61
11
125
58
1
27
65
18
8
103
15
108
129
91
98
77
90
45
92
76
56
104
32
112
89
123
26
42
79
117
62
100
62
97
122
48
2
47
73
107
115
84
119
59
105
40
35
84
35
9
16
37
108
73
38
3
118
46
88
13
68
23
69
33
109
3
29
74
14
67
16
57
139
136
92
41
70
133
82
104
132
121
39
59
113
75
131
128
28
85
141
55
41
123
124
60
127
124
70
38
132
34
10
27
110
50
103
75
137
7
46
21
143
131
54
43
99
121
52
126
2
101
137
17
22
68
86
48
25
98
54
106
94
97
85
24
80
142
51
105
6
60
116
72
63
61
64
52
4
136
69
26
106
6
83
21
99
39
51
65
71
31
93
63
36
117
44
5
94
24
40
71
95
126
95
22
144
64
81
143
5
8
76
138
91
14
18
53
43
111
134
109
90
17
114
82
4
15
119
83
19
133
134
135
123
111
99
98
86
74
62
61
73
85
97
109
110
122
121
109
97
85
73
74
75
87
88
76
77
65
66
54
55
56
68
80
79
78
90
102
114
115
116
128
127
139
140
141
142
130
118
117
129
141
140
139
138
137
136
124
112
113
125
126
114
113
101
100
88
89
77
78
66
67
55
43
42
41
40
52
51
50
38
39
27
26
14
15
16
4
5
17
29
30
18
6
7
19
20
32
44
45
33
34
35
36
24
12
11
23
22
10
9
8
7
6
5
4
3
2
1
13
25
37
49
61
62
63
64
65
53
54
42
43
31
32
44
45
46
47
59
71
70
58
57
69
81
82
83
84
96
95
94
93
92
91
103
104
105
106
107
119
131
143
144
132
120
108
96
84
72
60
72
71
83
82
94
95
107
108
120
119
131
132
144
143
142
130
129
117
118
106
105
104
116
128
127
115
103
102
101
89
90
91
92
93
81
80
79
67
68
56
57
69
70
58
59
60
48
36
48
47
46
34
35
23
24
12
11
10
22
21
33
21
9
8
20
19
31
30
18
17
16
28
27
26
14
15
3
2
1
13
25
37
49
50
38
39
40
28
29
41
53
52
51
63
64
76
75
87
99
100
112
111
123
124
125
126
138
137
136
135
134
133
121
122
110
98
86
12
11
10
9
8
20
21
33
34
46
45
44
43
42
30
29
41
53
54
66
65
77
76
64
63
75
74
73
61
49
50
62
63
51
52
40
28
16
17
5
4
3
2
1
13
14
26
25
37
38
39
27
15
3
4
5
6
18
19
31
32
33
34
22
23
35
36
48
60
72
71
70
58
57
56
68
67
55
54
53
52
51
39
40
41
42
43
44
45
46
47
59
60
72
84
83
82
81
80
92
104
116
117
105
106
107
108
120
132
131
130
118
119
120
108
96
95
94
93
105
117
129
141
140
139
127
115
103
91
90
89
88
87
86
85
97
109
121
133
134
135
136
124
125
137
138
126
114
102
101
100
112
113
101
100
99
111
123
122
110
98
99
111
112
113
114
102
90
78
79
91
92
80
79
78
77
89
88
87
75
76
64
65
66
67
55
56
57
58
59
71
70
69
68
69
81
93
94
82
83
84
96
95
107
106
118
119
131
130
142
143
144
132
144
143
142
141
140
128
129
128
116
104
103
115
127
139
138
126
125
137
136
124
123
135
134
133
121
122
110
109
97
98
86
85
73
74
62
61
49
50
38
37
25
13
1
2
14
26
27
15
16
28
29
17
18
30
31
32
20
19
7
6
7
8
9
21
22
10
11
23
35
47
48
36
24
12
24
