##Rat 2 Day 30
 ##rewards
18
29
107
##Vertices
133
128
55
100
96
98
72
70
98
108
22
68
85
99
74
56
113
31
62
44
53
65
20
9
96
11
97
26
122
78
18
118
110
140
89
120
5
71
46
5
142
105
67
81
83
79
136
103
134
53
76
95
132
97
108
27
33
100
73
123
34
122
60
25
124
75
13
88
110
119
41
50
95
137
88
1
133
51
34
86
33
119
130
42
35
16
24
127
18
10
28
109
61
57
65
87
102
115
54
48
19
107
63
91
21
86
125
121
41
139
32
99
45
103
44
116
12
58
39
107
80
123
12
59
104
139
72
66
132
69
38
114
136
78
3
124
94
25
85
61
93
111
71
135
142
125
14
52
17
105
117
70
67
11
106
6
104
7
134
57
36
60
23
135
138
120
35
48
84
129
10
8
47
58
62
52
83
94
140
74
112
14
23
8
141
131
6
126
129
118
2
54
91
20
143
101
30
49
137
63
92
30
22
141
101
144
130
28
29
38
117
109
106
45
37
4
77
114
89
143
43
39
79
144
24
121
102
77
64
68
92
128
19
66
93
51
115
127
46
112
126
90
81
9
29
16
15
73
21
4
82
80
31
75
59
84
36
90
76
131
7
17
13
26
56
82
27
69
2
116
50
37
40
111
138
113
43
47
55
40
15
3
42
1
32
49
87
64
125
111
20
76
66
74
68
53
122
5
45
29
22
70
95
61
4
93
82
87
44
98
109
80
53
110
36
125
130
119
123
116
2
39
91
32
57
48
76
94
89
45
37
128
1
122
38
85
100
4
113
96
82
72
20
126
6
121
132
107
81
83
39
140
143
68
12
26
73
12
115
83
135
116
24
105
63
74
60
7
48
62
30
24
18
7
35
94
49
18
34
69
40
21
23
30
134
11
52
143
114
58
115
25
103
35
92
47
79
13
23
17
2
123
71
44
142
120
130
77
61
59
114
137
64
113
75
106
19
128
88
60
27
72
63
34
64
101
15
9
86
131
99
101
126
102
33
87
131
121
144
6
98
78
136
104
22
46
3
90
69
17
139
32
5
78
9
1
106
108
71
27
80
97
110
37
55
54
49
14
8
99
141
135
10
13
92
46
40
10
124
90
62
91
85
50
19
105
56
137
127
132
136
55
70
16
140
84
43
118
133
97
54
67
36
111
129
16
52
129
43
67
57
31
109
77
107
3
95
127
42
102
59
112
118
26
88
28
38
58
29
86
81
21
11
138
56
124
33
96
104
75
139
89
65
133
47
73
117
51
79
141
15
93
119
28
120
112
25
31
42
134
103
8
108
14
117
84
142
66
138
51
144
50
41
41
65
100
133
134
135
123
122
110
109
121
133
134
135
136
137
138
139
140
141
142
130
118
119
120
108
96
84
72
60
59
47
48
36
35
23
11
10
9
21
22
34
46
58
70
71
83
82
81
69
57
56
55
43
42
54
66
67
68
80
79
78
90
102
101
113
125
124
112
111
99
87
86
85
97
98
99
100
88
76
64
65
77
89
88
100
101
89
77
78
90
91
92
93
94
95
107
106
105
104
103
115
116
117
129
128
127
126
114
115
116
104
105
93
94
82
81
69
57
45
44
32
33
34
46
45
44
43
31
30
29
41
53
52
40
39
27
28
16
15
14
26
38
37
25
13
1
2
3
4
5
17
18
19
20
8
7
6
5
4
16
28
27
39
51
50
49
61
73
74
62
63
75
87
86
98
110
111
112
113
114
102
103
91
92
80
79
67
66
65
64
76
75
74
62
63
51
50
38
26
14
15
3
2
1
13
25
37
49
61
73
85
97
109
121
122
123
124
136
137
125
126
138
139
127
128
140
141
142
130
129
117
118
106
107
119
131
132
131
143
144
143
144
132
120
108
96
95
83
84
72
71
70
58
59
60
48
47
35
36
24
12
11
12
24
23
22
10
9
21
33
32
31
19
20
8
7
6
18
17
29
30
42
41
40
52
53
54
55
56
68
1
2
3
4
5
17
16
28
27
39
40
41
42
43
31
32
44
56
55
67
68
80
81
69
70
82
83
84
72
60
59
71
70
58
57
45
33
21
20
8
9
10
11
12
24
23
35
36
48
47
46
34
22
10
9
8
7
19
18
30
29
28
27
15
14
26
25
37
49
61
62
63
51
52
53
65
66
54
55
56
57
58
46
45
44
43
42
41
40
39
38
50
49
61
73
74
75
76
77
89
101
113
112
100
99
98
97
109
121
122
123
111
110
109
97
85
86
87
88
100
112
124
136
137
138
126
114
102
90
91
92
93
94
95
96
108
120
132
144
143
142
141
129
128
140
139
127
115
103
104
105
117
116
104
105
106
118
130
131
119
107
106
118
117
116
115
103
91
79
78
90
89
77
78
79
80
92
93
94
82
81
69
68
67
66
54
53
52
51
50
62
63
64
65
64
76
88
87
75
74
73
85
86
98
99
111
110
122
123
135
134
133
121
133
134
135
136
137
125
124
125
113
101
102
114
126
138
139
127
128
140
141
129
130
142
143
144
132
131
119
120
108
107
95
96
84
83
71
72
60
59
47
48
36
24
12
11
23
35
34
22
21
33
32
20
19
31
30
29
17
18
6
7
6
5
4
16
15
3
2
14
26
38
37
25
13
1
13
98
75
141
104
70
92
11
16
133
50
2
11
55
66
114
73
122
65
34
41
66
23
54
100
17
99
37
14
114
57
95
6
9
129
31
34
26
115
49
112
120
58
24
7
82
115
112
137
40
28
108
24
63
138
41
51
54
87
73
62
108
109
127
25
44
63
64
116
20
57
131
46
61
29
103
2
93
143
99
71
10
123
126
27
118
30
52
1
77
144
39
67
95
35
134
61
98
79
83
58
126
78
90
69
30
120
142
110
39
22
125
102
76
140
75
117
74
86
100
81
23
12
50
131
29
4
105
139
109
105
5
67
70
46
22
27
68
76
86
74
20
4
81
60
45
49
89
32
35
84
71
96
121
110
93
137
62
118
135
38
94
14
127
90
15
47
111
18
77
106
42
124
19
85
133
9
125
7
94
132
141
97
101
40
121
16
113
59
64
42
116
68
140
38
47
19
119
138
80
15
56
43
107
28
87
119
65
48
25
3
1
56
72
123
113
144
104
83
117
21
85
13
32
3
18
8
130
13
10
26
12
91
53
82
134
5
84
44
52
17
132
103
102
111
51
136
139
96
37
89
31
88
136
60
33
122
107
128
106
45
92
48
135
101
59
80
33
36
36
97
69
129
8
130
143
78
79
142
88
124
53
21
43
91
6
72
128
55
84
72
79
68
143
77
58
118
138
124
54
39
86
10
44
23
94
17
119
66
135
108
62
51
130
81
107
60
34
18
61
117
29
36
34
83
26
136
47
139
75
49
88
32
82
89
81
97
102
128
11
141
97
68
90
107
76
100
109
3
95
113
73
142
80
127
128
27
7
46
14
134
131
112
44
21
119
124
79
17
126
136
72
15
130
89
99
23
32
29
91
106
65
33
77
144
103
116
87
67
76
50
14
74
37
142
30
143
57
141
98
70
36
64
85
115
30
25
71
56
127
45
103
40
101
52
112
120
83
138
69
95
108
122
116
105
31
26
38
3
88
99
2
45
114
123
10
82
59
27
49
69
135
4
57
131
122
134
50
7
35
53
137
1
13
25
24
111
47
74
12
9
5
73
104
129
22
129
93
13
125
62
65
144
94
46
12
113
22
85
117
61
16
55
41
84
111
21
90
6
137
2
110
54
56
126
64
115
106
1
37
63
43
132
70
59
123
120
96
98
6
18
91
67
66
38
8
110
51
28
33
20
8
100
20
132
101
139
93
28
71
24
19
11
102
63
125
86
121
87
35
78
114
80
140
43
52
58
9
4
16
53
15
48
133
41
105
75
78
40
96
5
48
19
42
92
140
39
118
55
133
109
121
92
42
31
60
104
12
11
10
22
23
35
36
24
12
11
10
9
8
7
6
5
4
3
15
27
26
25
37
49
61
73
85
86
98
97
109
110
122
134
135
136
124
123
111
99
87
75
74
62
63
64
76
88
89
90
102
103
91
79
78
77
65
66
67
55
43
44
32
20
21
33
34
46
58
59
60
48
47
46
45
57
69
81
80
68
56
57
45
44
56
68
67
55
54
53
52
51
50
38
39
40
41
42
30
29
28
16
17
18
19
31
30
29
41
40
52
51
63
64
76
88
100
101
113
112
111
99
100
101
102
114
115
116
104
92
93
105
106
118
117
129
130
131
119
107
108
120
132
144
143
142
141
140
128
127
126
125
137
138
139
140
141
129
117
118
106
94
95
96
84
72
71
83
82
70
58
59
47
35
34
33
32
31
43
42
54
53
65
66
78
79
80
81
69
70
71
83
82
94
95
107
119
131
130
142
143
144
132
120
108
96
84
72
60
48
36
24
23
22
21
9
8
20
19
7
6
18
17
5
4
3
15
16
28
27
39
38
26
14
13
14
2
1
2
1
13
25
37
49
50
62
61
73
74
75
87
86
85
97
98
110
109
121
133
134
133
121
122
123
135
136
124
112
113
114
126
125
137
138
139
127
128
116
115
103
104
105
93
92
91
90
89
77
144
132
120
108
96
95
107
106
118
117
105
93
81
69
70
58
57
56
68
67
55
54
42
43
31
30
18
6
7
8
20
19
31
32
44
45
46
47
59
60
48
36
24
12
11
23
22
10
9
21
33
34
35
36
48
60
72
71
83
82
94
106
118
119
131
130
142
141
140
139
127
115
116
104
92
91
79
80
68
56
44
32
33
45
57
69
81
93
105
117
129
128
140
139
138
126
114
102
90
89
88
87
99
100
112
124
136
135
134
122
110
111
123
135
136
137
125
113
101
100
99
98
97
85
73
74
75
76
77
65
53
41
29
17
5
4
3
2
1
13
25
37
38
50
49
61
62
63
64
52
40
39
51
52
40
28
27
26
14
15
16
28
27
39
51
63
64
65
66
78
77
89
90
78
66
54
53
41
29
30
42
43
55
67
79
80
92
104
116
128
127
115
103
91
103
102
101
113
114
126
138
137
125
124
112
111
123
122
110
109
121
133
134
133
121
109
97
85
86
98
86
87
88
76
75
74
73
61
62
50
49
37
38
26
25
13
1
2
14
15
3
4
16
17
5
6
18
19
7
8
20
21
9
10
11
12
24
23
22
34
35
47
46
58
59
71
70
82
94
95
83
84
72
84
96
108
107
119
120
132
131
130
129
141
142
143
144
143
42
38
93
12
103
73
126
87
120
109
77
126
59
34
60
54
94
91
37
4
117
76
132
32
64
7
66
108
92
60
12
34
19
59
120
13
93
32
131
138
83
85
102
78
10
88
40
116
18
8
27
72
65
70
91
122
11
62
113
72
29
104
111
7
57
17
123
30
119
46
116
98
31
71
44
48
9
142
50
45
58
89
84
20
125
114
134
44
26
111
101
107
31
85
33
97
112
1
35
109
24
35
123
8
106
81
43
3
30
71
141
132
142
80
144
99
66
9
74
78
51
98
115
56
88
16
127
121
3
27
22
38
65
14
129
49
100
17
26
118
122
41
19
53
118
16
64
52
143
18
82
40
96
57
97
137
139
105
129
74
62
43
1
68
39
117
56
128
114
48
73
141
110
10
134
130
108
24
124
68
5
101
82
20
95
36
143
103
69
37
2
55
99
92
63
84
14
133
144
127
52
70
5
55
135
25
94
90
83
39
89
15
41
50
87
81
112
25
133
42
28
95
29
128
80
138
33
124
130
106
113
136
96
47
21
47
49
4
45
61
67
100
76
110
23
6
69
119
125
105
53
2
140
121
63
90
28
137
77
75
140
58
67
115
23
36
79
104
13
86
75
46
102
54
79
135
131
6
136
139
51
61
15
21
86
22
11
107
44
85
70
142
21
114
72
99
118
104
128
3
77
39
108
89
24
59
119
79
58
109
49
29
35
54
36
78
143
10
61
73
129
31
102
137
126
133
28
18
90
13
131
19
140
64
111
99
75
19
80
47
52
57
123
38
11
117
130
106
52
42
60
39
18
7
138
87
141
72
87
38
3
34
98
5
20
63
63
20
75
25
135
30
139
132
100
136
17
30
56
77
91
42
96
58
103
136
51
65
94
81
113
32
12
126
95
71
86
12
109
33
133
23
45
55
66
121
139
68
70
104
84
45
138
73
76
116
71
105
9
97
137
48
14
108
131
14
86
69
47
5
55
23
135
140
91
40
82
134
43
125
1
8
4
110
50
88
74
53
24
25
112
120
124
127
115
34
67
8
101
107
122
7
50
35
54
37
121
1
68
64
57
97
31
6
32
78
89
59
15
144
22
2
9
118
62
83
117
90
41
26
100
49
113
4
83
27
84
123
53
27
127
107
130
141
48
96
115
13
16
11
129
28
69
26
37
125
143
82
101
40
2
144
56
88
62
65
61
120
132
79
93
122
46
93
36
46
10
114
105
119
116
44
106
67
94
95
33
66
29
81
110
92
124
15
134
21
111
103
6
85
92
22
41
60
43
98
16
76
74
128
102
17
51
142
80
112
144
143
142
130
118
106
107
95
83
71
72
84
96
108
120
119
131
132
120
108
96
84
83
82
94
93
81
80
68
67
55
54
53
65
77
78
79
91
103
115
114
113
125
126
138
137
136
135
123
111
112
124
136
137
138
139
140
141
129
117
116
128
127
115
116
104
105
93
92
80
79
67
66
54
42
43
44
45
57
58
59
47
46
34
35
23
22
21
9
8
20
32
31
19
7
6
18
17
29
41
40
28
27
26
25
13
1
2
14
15
3
4
5
6
7
8
9
10
11
12
24
36
48
60
72
71
70
69
68
56
55
43
42
30
29
41
40
39
38
50
62
63
51
52
64
76
75
74
73
85
86
87
88
89
90
102
101
100
99
98
110
122
134
133
121
109
97
85
73
61
49
61
62
74
75
87
86
98
97
109
110
122
121
133
134
135
123
124
112
111
99
100
101
113
125
126
114
102
103
104
92
91
90
89
88
76
77
78
66
65
53
52
64
63
51
50
49
37
25
37
38
39
27
26
14
13
1
2
3
15
16
28
16
4
5
17
18
30
31
19
20
21
33
34
35
23
22
10
11
12
24
36
48
60
59
47
46
45
33
32
44
56
57
58
70
69
81
82
94
106
105
117
118
130
129
128
127
139
140
141
142
143
144
132
131
119
107
95
133
121
109
97
98
86
85
73
61
49
37
25
13
1
2
14
15
3
4
16
28
40
41
53
52
64
63
75
76
77
78
90
102
103
115
114
113
125
124
112
111
123
122
134
135
136
137
138
139
140
128
129
141
142
143
144
132
120
108
107
119
131
130
118
106
105
93
92
80
68
69
81
82
94
95
83
71
59
47
48
60
72
84
96
108
120
119
118
117
116
104
105
117
116
115
127
126
114
102
101
100
88
89
77
65
66
54
55
67
79
91
90
89
101
113
112
100
99
87
88
76
75
74
62
50
51
39
38
26
27
28
29
17
5
6
18
19
7
8
20
21
9
10
22
23
11
12
24
36
35
34
46
58
57
45
44
43
42
30
31
32
33
34
46
45
57
56
44
43
42
41
29
17
5
6
7
19
18
30
31
32
33
21
20
8
9
10
22
23
11
12
24
36
35
47
48
60
59
58
70
69
70
82
83
71
72
84
96
95
107
106
94
93
81
80
92
104
103
91
79
78
66
67
68
56
55
54
53
65
64
63
62
74
86
87
99
111
110
98
110
122
123
124
125
126
127
128
129
130
131
132
144
143
142
141
140
139
138
137
136
135
134
133
121
109
97
85
73
61
49
50
38
37
25
26
14
13
1
2
3
4
16
15
27
39
40
52
51
