##Rat 1 Day 46
 ##rewards
19
32
98
##Vertices
92
1
27
90
26
69
45
53
104
54
135
31
128
37
5
131
135
116
141
53
41
102
110
8
46
10
58
71
130
2
24
142
95
134
42
71
33
131
14
59
94
81
118
96
103
124
107
19
139
90
70
86
57
67
12
103
119
38
30
126
54
115
137
47
68
84
22
50
143
20
48
62
2
35
75
133
116
40
128
25
66
117
84
27
101
113
111
107
139
40
119
105
74
44
6
82
112
87
57
127
28
52
29
91
140
129
91
15
85
63
89
64
126
98
56
73
16
99
19
78
72
85
97
74
50
12
6
47
115
111
79
59
16
13
37
10
76
11
32
61
78
17
104
101
51
144
132
114
23
83
75
45
65
39
60
1
46
36
41
26
82
30
4
79
64
134
18
140
138
68
66
98
23
83
124
144
100
121
106
32
87
88
106
29
76
102
81
69
142
15
137
133
129
39
95
33
38
136
62
7
72
92
49
118
44
43
8
42
94
112
141
123
120
51
108
48
21
5
13
122
24
52
109
77
99
58
125
97
132
9
77
67
122
3
20
130
34
25
70
56
7
18
9
43
17
34
93
65
86
73
127
125
3
22
4
14
55
136
89
80
61
93
88
113
108
123
105
63
96
109
120
60
117
28
110
80
100
138
36
143
35
114
121
11
49
21
55
31
55
26
17
104
124
40
105
82
4
49
118
11
109
49
18
44
124
60
39
30
142
88
29
16
3
112
121
22
65
81
14
34
26
33
2
93
103
98
102
113
6
120
69
90
53
54
46
123
27
95
70
10
112
76
92
141
34
3
25
134
135
68
63
37
83
30
60
28
136
138
141
33
35
66
116
4
7
55
25
45
86
59
115
31
38
69
130
117
74
93
117
12
111
78
52
53
61
38
136
5
104
20
98
138
9
111
51
70
7
137
85
24
110
137
120
107
8
78
108
71
133
42
62
21
24
144
51
68
105
77
95
82
107
118
129
8
63
106
10
32
58
56
100
94
80
66
19
121
125
115
80
21
97
41
128
15
71
28
75
139
74
36
47
32
14
67
45
76
79
86
52
126
99
84
91
100
9
122
62
18
81
27
20
113
56
73
65
48
64
135
75
85
103
61
106
89
92
131
41
143
89
57
43
84
6
5
77
23
119
127
133
97
15
22
116
119
91
29
59
132
87
2
48
130
57
12
144
40
13
108
72
110
54
90
39
126
140
127
101
101
96
96
132
37
102
1
17
46
143
87
1
94
11
79
67
142
114
35
64
50
123
140
134
50
114
83
58
122
31
129
16
99
23
131
109
44
42
139
19
36
72
88
43
125
128
73
47
13
133
134
122
110
111
99
87
88
89
101
113
114
126
138
137
125
124
136
135
123
111
112
100
99
98
97
85
73
74
62
61
49
50
51
39
38
26
14
15
3
4
16
17
5
6
18
19
31
30
42
43
44
32
20
21
9
10
22
34
33
45
46
58
59
47
48
60
72
71
70
69
81
82
83
84
96
95
107
108
120
119
131
130
142
143
144
132
120
108
96
84
72
60
48
36
35
23
24
12
11
10
9
8
7
6
5
4
3
2
1
13
25
37
49
61
73
85
86
74
75
63
64
52
40
28
27
15
16
17
29
41
53
65
77
76
64
65
66
67
79
78
90
102
103
91
92
93
94
106
105
104
116
128
140
141
129
117
118
119
107
95
83
71
59
58
57
56
68
80
79
91
92
104
116
115
127
128
140
139
138
139
127
126
114
115
103
102
90
78
66
67
68
80
81
93
105
117
129
141
142
143
144
132
131
130
118
106
94
82
70
69
57
45
46
47
35
36
24
12
11
23
22
34
33
21
20
8
7
19
18
30
42
43
31
32
44
56
55
54
55
54
53
52
51
39
40
41
29
28
27
26
14
2
1
13
25
37
38
50
62
63
75
87
88
76
77
89
101
100
112
113
125
137
136
124
123
135
134
133
121
122
110
109
121
109
97
98
86
12
24
23
22
34
33
32
44
56
57
58
70
71
72
60
59
47
48
36
35
34
46
45
33
21
9
8
7
19
18
6
5
17
29
28
16
15
14
26
25
37
38
50
49
61
62
74
75
63
64
76
88
87
86
98
97
109
110
111
99
100
112
113
125
124
136
137
138
126
114
102
103
115
127
139
140
128
129
141
142
130
131
119
120
132
144
143
142
141
140
139
138
137
136
135
123
122
134
133
121
109
97
85
73
61
49
37
25
13
1
2
3
4
5
6
7
8
20
19
31
30
42
41
40
39
27
26
38
50
51
52
53
54
55
43
42
54
66
78
79
67
68
69
81
80
92
104
116
117
105
93
94
95
96
108
107
106
118
130
129
128
127
126
125
113
101
89
90
91
79
80
92
93
94
82
83
95
96
84
72
84
83
71
70
82
81
69
68
67
66
78
90
91
103
104
105
106
107
108
120
132
144
143
131
119
118
117
116
115
114
102
101
100
112
124
123
135
134
133
121
122
110
111
99
98
86
85
73
74
62
63
64
76
75
87
88
89
77
65
77
65
53
41
29
28
40
52
51
39
27
15
14
13
1
2
3
4
16
17
18
30
31
32
44
43
55
56
57
45
46
58
59
60
48
47
35
36
24
12
11
23
22
10
11
10
9
21
20
54
46
118
70
42
104
97
29
70
51
137
85
58
110
56
134
63
121
84
60
65
114
40
67
62
143
38
50
45
7
108
19
89
41
119
53
137
16
82
135
44
36
90
33
55
65
81
37
57
25
22
67
139
50
80
14
15
6
2
114
12
9
103
112
126
66
76
124
56
131
99
25
39
9
117
19
6
122
91
35
45
142
130
69
100
129
135
2
143
59
64
139
79
121
120
47
78
130
113
125
15
107
82
116
128
4
94
105
10
119
39
54
27
74
108
51
24
132
11
30
131
95
102
41
73
111
120
88
75
3
34
112
28
62
66
109
88
22
140
129
132
115
58
95
109
96
103
61
144
122
128
17
44
60
71
93
106
52
126
87
127
8
80
141
23
24
133
93
92
21
8
10
141
91
98
27
32
49
48
63
38
104
30
42
34
18
127
29
20
101
111
89
105
32
118
18
94
102
83
5
77
134
43
68
100
142
83
5
37
113
77
14
117
96
79
40
144
74
71
107
72
61
53
86
13
31
140
28
48
73
98
136
86
72
36
81
17
26
43
99
1
106
13
85
16
12
138
64
68
11
116
1
52
20
138
133
57
84
115
21
75
49
3
59
87
92
31
90
101
46
123
97
78
33
125
136
124
4
55
123
69
76
110
35
47
23
26
7
139
70
130
97
115
42
102
61
24
5
106
121
46
43
6
66
75
4
10
26
92
16
22
135
132
39
35
80
52
76
133
74
42
125
68
33
69
50
53
83
142
130
46
95
104
17
105
15
85
120
98
9
12
141
143
89
93
99
54
118
136
74
2
11
25
109
30
140
59
48
135
82
111
138
122
71
128
9
19
134
118
97
98
27
55
110
83
124
44
117
30
68
77
133
80
49
78
91
31
7
31
100
39
45
81
139
121
136
123
17
90
134
27
109
63
22
132
82
56
24
129
51
138
112
19
59
99
16
67
64
34
78
64
102
79
38
23
3
88
25
41
60
127
14
40
119
72
6
116
81
107
106
73
92
2
116
91
50
108
56
47
110
113
26
47
53
124
49
86
96
131
112
84
108
34
126
60
14
103
100
57
62
87
20
71
73
143
12
13
144
58
63
32
29
52
113
45
101
76
23
21
36
77
62
35
114
43
84
37
111
93
127
36
88
129
104
75
95
54
67
40
20
94
123
144
128
55
120
103
137
122
65
107
69
140
33
29
66
90
1
72
141
65
48
4
58
105
79
21
32
114
61
18
28
11
44
94
38
5
70
8
126
117
119
15
137
7
13
86
37
142
96
28
57
18
41
10
51
89
85
131
87
8
125
115
101
1
3
144
143
142
130
129
141
140
128
116
115
103
91
79
78
77
65
53
41
42
43
44
45
46
58
57
69
68
80
92
93
94
82
81
69
70
71
83
84
72
60
48
47
35
23
24
12
11
10
22
34
33
21
9
8
7
6
18
17
16
15
27
28
40
39
38
50
62
61
49
37
25
26
14
2
3
4
5
6
7
19
31
32
20
8
9
10
22
21
20
19
31
30
29
28
27
39
51
52
64
63
75
74
73
85
86
98
97
109
121
133
134
135
136
124
112
113
125
126
127
139
138
137
136
135
123
122
110
111
99
100
101
102
90
89
88
76
75
87
88
89
101
113
114
102
90
78
66
67
55
56
68
67
79
91
103
104
105
117
118
106
107
95
96
108
120
119
131
132
120
108
107
119
118
130
131
132
144
143
142
141
140
128
129
117
105
106
94
93
81
80
92
104
116
115
114
126
127
139
138
137
125
124
123
111
112
100
99
87
86
98
110
122
134
133
121
109
97
85
73
74
62
61
49
50
38
37
25
26
14
13
1
13
1
2
3
15
16
4
5
17
18
30
29
41
40
52
51
63
64
76
77
65
66
54
53
54
42
43
55
56
44
32
33
45
57
58
70
82
83
95
96
84
72
71
59
60
59
47
46
34
35
36
48
36
24
12
11
23
1
13
25
26
38
37
49
50
51
63
64
65
66
78
90
91
92
93
81
69
57
45
33
32
44
43
55
54
53
41
29
30
42
43
31
19
18
6
7
8
9
21
22
23
11
12
24
36
35
34
46
47
48
60
72
84
83
95
107
119
118
106
105
117
129
128
127
139
140
141
142
130
131
132
120
108
96
84
72
71
70
58
59
60
48
36
35
47
59
71
70
82
94
106
118
117
116
104
103
115
114
126
138
137
125
124
136
135
134
133
121
109
97
98
99
87
86
74
62
61
73
85
97
109
110
122
123
111
112
100
88
76
77
89
101
102
114
113
101
89
88
87
75
76
77
78
79
67
68
56
55
67
66
65
64
52
40
39
27
28
16
17
5
4
3
15
14
2
3
4
16
15
27
26
14
2
1
13
25
37
49
50
38
39
40
28
29
41
42
54
53
52
51
63
75
74
62
61
73
85
86
98
110
111
99
100
112
113
125
124
123
122
121
133
134
135
136
137
138
126
127
139
140
128
129
141
142
130
131
143
144
143
144
132
120
119
107
108
96
95
83
82
94
93
105
104
116
115
103
102
90
91
79
80
92
80
81
69
68
56
57
58
46
45
44
32
31
30
18
17
5
6
7
19
20
8
20
21
33
34
22
10
9
10
11
12
24
23
122
84
57
127
130
30
7
141
59
13
23
111
103
85
125
78
140
64
85
32
65
52
24
49
6
8
45
83
104
56
62
26
118
136
98
88
82
75
86
61
41
60
138
21
67
46
116
5
112
111
130
66
36
117
64
138
60
51
16
117
89
101
54
22
114
29
39
7
132
49
42
27
110
112
139
91
51
31
125
47
21
17
10
77
75
142
9
124
140
92
38
14
39
71
122
86
81
127
27
116
137
1
119
82
68
88
55
94
44
102
19
97
70
34
37
91
6
57
73
87
100
100
96
118
69
120
76
65
24
109
102
11
129
63
63
30
84
129
73
11
128
92
133
25
61
40
98
53
20
1
95
56
81
28
123
115
18
54
137
20
12
12
34
119
105
3
26
43
45
76
50
4
113
126
74
115
50
55
106
133
71
14
113
42
90
144
103
134
121
3
104
96
126
36
41
47
97
128
72
15
87
144
17
135
121
58
90
18
141
68
78
31
22
32
72
40
48
9
101
5
131
143
123
105
35
120
10
95
19
124
16
48
110
106
37
94
109
108
79
58
62
89
135
8
80
33
46
74
139
134
69
142
99
66
43
23
28
107
35
132
136
53
15
59
13
29
67
114
99
2
52
80
143
77
4
108
107
44
38
83
131
70
33
93
79
25
2
93
15
127
122
29
5
125
52
34
128
61
140
35
110
102
65
26
24
74
64
102
84
59
136
93
49
63
40
7
115
144
134
32
66
65
54
115
20
17
140
46
105
120
142
21
69
83
94
72
2
36
39
13
118
29
64
28
45
54
108
62
40
1
9
18
78
27
28
109
48
80
56
143
119
114
57
56
48
113
143
45
68
128
121
67
58
86
117
4
49
109
53
24
22
95
77
126
88
91
141
1
44
42
137
37
141
67
60
92
83
114
44
139
50
33
10
62
118
138
105
70
53
18
95
74
22
60
55
90
20
123
51
138
80
73
17
129
79
23
82
23
113
55
37
88
19
135
112
69
87
16
137
136
81
63
47
76
9
51
78
96
2
68
133
4
86
103
66
85
131
85
6
130
107
82
61
107
120
131
41
14
57
134
89
90
71
8
96
130
12
32
116
144
77
75
135
94
99
103
36
39
101
59
84
124
15
33
12
41
43
91
11
14
6
31
7
99
93
133
8
25
87
73
46
132
38
123
112
104
50
119
98
58
92
25
124
101
42
26
110
3
139
97
5
52
21
100
116
104
34
3
11
89
38
132
111
98
10
43
106
75
19
35
106
127
16
71
81
13
70
108
72
76
79
111
129
30
100
31
97
30
27
117
125
121
47
142
126
122
133
121
109
97
85
86
87
75
74
73
61
62
63
64
65
77
76
88
100
99
98
110
122
134
135
123
111
112
113
125
137
136
124
112
113
114
115
103
102
101
89
90
91
79
78
66
67
55
43
44
45
57
56
68
69
70
58
59
71
72
60
48
36
35
47
46
34
33
21
9
10
11
23
22
10
9
8
20
32
31
19
18
17
16
4
5
6
7
8
20
21
33
32
44
45
46
58
70
82
83
84
96
108
107
95
94
106
105
104
92
80
81
93
105
117
116
128
127
126
138
139
140
141
129
130
142
143
131
132
120
119
118
117
116
104
103
102
101
100
88
87
75
76
64
52
40
28
29
30
42
54
53
41
29
28
27
39
51
50
38
37
25
26
14
13
1
2
3
15
27
39
38
26
25
13
1
2
14
15
3
4
16
17
5
6
7
19
18
30
31
43
55
56
57
69
68
80
92
91
79
67
66
78
90
89
77
65
53
54
42
41
40
52
51
63
62
50
49
37
49
61
73
74
86
85
97
109
110
98
99
111
123
122
121
133
134
135
136
124
125
137
138
126
114
115
127
139
140
128
129
141
142
130
131
119
118
106
107
95
94
93
81
82
83
71
59
47
35
34
22
23
24
12
11
12
24
36
48
60
72
84
96
108
120
132
144
143
144
1
2
3
4
5
17
29
30
18
6
7
19
31
43
55
54
42
41
40
28
16
15
14
13
25
26
27
39
51
50
49
37
38
39
51
63
75
76
64
52
53
65
77
78
66
67
79
80
81
93
105
104
92
91
103
115
116
128
127
139
140
141
142
130
129
117
118
106
107
108
120
132
131
119
120
108
96
95
94
82
83
71
59
47
48
60
72
84
96
95
107
106
94
93
105
117
116
115
114
126
138
137
136
124
125
113
112
100
88
89
90
102
101
100
99
87
86
74
62
61
73
85
97
98
110
109
121
122
134
135
123
111
99
87
88
76
64
52
40
41
29
30
42
43
44
45
46
58
70
69
68
56
57
58
46
34
33
32
20
21
9
10
22
23
11
12
24
36
35
34
33
21
22
10
11
12
24
23
35
36
48
47
59
60
72
84
83
71
70
82
81
80
92
104
103
91
90
89
77
78
79
67
66
65
53
54
55
56
68
69
57
45
44
32
31
19
20
8
9
8
7
6
18
17
5
4
3
15
16
28
27
26
14
2
1
13
25
37
38
50
49
61
62
63
75
74
73
85
86
98
97
109
110
122
123
111
112
124
125
113
101
102
114
126
127
128
129
130
118
119
131
143
144
132
144
143
142
141
140
139
138
137
136
135
134
133
121
133
