##Rat 6 Day 4
 ##rewards
83
94
16
##Vertices
130
118
115
51
13
54
85
107
25
48
100
136
116
133
47
98
31
113
39
34
144
44
34
134
51
87
142
81
143
38
90
46
130
52
110
101
53
25
60
114
61
31
57
75
76
43
70
116
136
94
79
82
84
30
62
141
78
1
40
56
134
26
90
109
71
106
99
37
59
21
110
59
70
33
107
42
22
15
28
137
63
137
113
96
54
17
4
18
122
117
52
4
129
28
124
36
117
77
92
6
112
29
9
58
138
83
45
95
72
36
91
43
92
17
61
124
62
109
105
143
105
84
49
19
35
96
3
77
120
69
66
14
1
120
12
65
63
121
32
79
86
14
93
122
7
97
93
142
65
6
76
97
103
21
71
27
5
57
53
3
128
7
104
127
2
16
132
38
49
126
94
67
81
42
40
80
119
82
56
50
112
68
20
88
111
126
10
2
89
60
102
50
140
91
118
123
86
100
102
45
129
144
132
127
74
16
15
101
89
72
125
29
75
95
141
140
44
80
135
139
24
10
128
69
88
47
55
131
30
32
24
19
108
22
66
131
85
83
37
74
12
133
23
48
139
64
123
13
135
67
11
11
46
111
119
5
87
99
26
23
114
8
9
64
103
106
18
20
73
115
108
55
104
121
68
41
8
27
125
78
33
138
58
73
35
39
98
41
119
102
48
129
14
111
106
130
82
27
77
60
73
66
144
71
20
3
142
24
34
22
103
19
136
105
117
43
93
21
96
44
109
53
12
74
50
95
39
139
38
66
8
57
40
15
31
94
9
46
91
70
143
128
81
16
126
20
115
109
8
34
22
42
112
35
130
57
124
105
24
104
101
95
119
61
18
32
92
103
10
68
84
131
45
25
52
117
48
7
28
26
125
45
56
23
116
80
86
97
107
7
110
29
123
132
12
108
19
64
75
111
72
91
4
69
4
110
74
90
36
30
15
9
58
113
33
25
85
79
65
3
59
79
126
14
71
72
55
100
129
135
64
55
104
136
69
115
61
65
89
51
11
75
42
131
77
88
6
29
52
44
40
36
58
17
142
118
13
141
118
93
143
5
78
32
53
35
134
63
18
121
67
47
33
76
102
99
16
97
108
137
122
68
26
62
120
120
60
41
88
84
127
21
54
107
78
140
101
140
1
83
51
85
99
123
132
13
89
86
2
5
114
37
11
138
128
31
73
49
27
62
10
133
92
98
122
56
54
38
112
70
47
121
2
41
137
87
46
124
90
43
76
141
59
113
67
114
50
49
82
37
125
133
116
80
63
138
94
17
98
81
83
96
106
134
1
87
39
28
6
139
30
127
100
144
135
23
144
143
142
141
140
128
129
117
118
106
105
104
103
102
114
113
101
89
90
78
77
65
64
76
75
63
62
61
73
85
86
74
75
87
88
100
112
124
125
137
136
135
134
133
121
122
110
109
97
98
99
111
123
135
136
137
138
126
127
115
116
117
118
130
131
119
120
108
96
84
83
82
94
93
92
80
79
91
90
89
88
87
99
100
101
102
103
104
105
106
107
95
96
84
72
71
70
69
68
56
44
32
33
45
46
47
48
36
24
23
22
34
35
36
48
60
59
58
57
45
33
21
9
8
7
19
31
43
55
54
53
52
51
50
49
37
25
13
1
2
3
4
16
17
5
6
18
30
42
41
40
28
29
41
40
39
27
15
14
26
38
39
27
28
29
30
42
54
66
67
55
56
68
67
66
65
53
52
51
63
64
76
77
78
79
91
92
93
94
95
83
82
81
80
81
69
57
58
70
71
72
60
59
47
46
34
35
23
22
10
11
12
24
12
11
10
9
8
20
21
20
32
44
43
31
19
7
6
18
17
5
4
16
15
3
2
1
13
14
26
25
37
38
50
49
61
62
74
73
85
86
98
97
109
121
133
134
122
110
111
123
124
112
113
125
126
114
115
116
128
127
139
138
139
140
141
129
130
142
143
131
119
107
108
120
132
144
132
133
121
122
123
111
110
109
97
85
86
74
73
61
62
63
51
50
49
37
38
39
27
15
14
26
25
13
1
2
3
4
5
17
18
30
29
41
40
52
64
65
77
78
90
89
88
76
75
87
99
100
112
124
125
137
136
135
134
133
121
109
110
98
99
100
101
113
114
102
103
115
127
128
140
139
138
126
114
115
116
104
105
117
118
119
131
130
129
141
142
143
144
132
120
108
107
95
96
84
72
60
59
71
83
82
70
69
57
45
33
34
35
36
48
47
46
58
70
82
94
106
105
93
81
80
92
91
79
67
66
54
42
43
55
56
68
69
57
58
46
34
22
23
24
12
11
10
9
8
7
6
5
4
16
28
40
39
51
52
53
41
42
30
31
19
20
32
44
45
33
21
20
21
22
23
24
12
11
10
9
8
7
6
18
19
31
32
44
43
55
56
68
67
79
80
81
93
92
91
90
102
103
104
116
117
118
106
94
95
83
71
59
47
35
36
48
60
72
84
96
108
107
119
120
132
144
143
131
130
142
141
129
128
140
139
127
126
138
137
125
124
136
135
134
122
123
111
112
113
101
89
77
78
66
54
53
65
64
63
62
74
75
76
88
87
86
98
97
85
73
61
49
50
38
37
25
26
14
13
1
2
3
15
27
28
29
17
16
61
103
101
66
50
55
47
40
31
93
130
23
19
40
41
79
70
74
100
46
117
54
120
41
131
126
35
95
12
107
99
102
76
132
46
1
39
35
121
16
25
143
70
63
77
102
127
20
32
124
12
7
133
113
67
81
110
135
113
61
97
77
62
107
20
80
109
65
131
22
29
59
75
105
95
130
14
26
24
94
137
71
36
127
119
105
139
134
96
30
110
48
44
21
75
6
24
78
32
120
118
6
140
73
47
134
125
11
51
128
28
43
28
141
86
43
60
89
18
60
7
99
38
128
42
124
3
136
14
115
135
66
138
98
91
122
58
106
86
67
8
10
13
97
39
62
104
10
87
101
33
84
29
72
143
142
116
122
56
38
71
129
108
50
5
64
137
112
92
52
33
64
81
1
139
87
115
72
141
56
57
9
79
9
83
34
90
15
129
111
112
74
23
5
17
37
19
27
114
2
91
42
21
73
103
2
37
49
36
52
22
133
4
26
11
68
31
3
144
13
96
57
78
114
104
111
126
82
17
53
54
88
136
25
34
80
109
121
18
51
123
138
118
53
94
82
142
119
98
100
125
44
15
45
45
132
89
49
140
83
65
123
84
59
48
8
16
85
4
88
85
108
30
90
69
27
58
55
69
144
63
93
106
76
92
117
116
68
138
69
9
95
124
62
23
45
47
40
32
143
118
13
1
36
80
69
120
5
4
26
71
31
89
65
135
87
125
61
11
84
134
58
62
134
119
144
43
129
107
9
51
28
52
37
32
34
112
17
131
56
8
106
27
15
97
127
81
92
59
35
121
51
50
56
21
25
85
29
15
57
78
72
37
11
22
110
86
129
83
74
117
66
96
118
90
96
87
70
33
46
43
143
139
18
103
110
17
33
133
115
122
6
88
136
140
102
130
123
16
3
109
91
130
126
111
28
93
76
39
114
57
19
38
103
7
16
78
41
2
142
81
73
4
39
80
89
68
49
100
104
141
19
121
128
99
42
102
83
24
64
45
105
3
137
123
47
34
106
84
93
101
108
100
14
77
23
128
113
63
86
14
85
124
97
53
54
144
94
127
135
101
42
132
67
95
7
109
6
12
13
108
77
75
63
119
61
98
30
71
79
141
59
99
122
112
140
116
72
137
31
55
50
75
35
70
73
25
10
38
142
2
66
117
21
107
64
18
67
114
94
48
10
8
105
55
49
74
138
36
54
90
58
12
104
136
133
120
111
88
41
79
20
40
126
68
30
53
82
98
92
125
29
46
115
48
91
60
139
26
131
132
60
52
24
5
76
20
82
44
116
65
27
44
22
1
113
1
13
25
26
14
15
16
4
3
2
1
13
25
37
49
61
73
85
86
74
75
76
88
89
101
100
112
111
110
109
97
98
99
87
88
76
64
63
51
50
38
39
27
28
29
17
18
30
42
41
53
52
40
41
29
30
31
32
20
19
7
8
9
10
22
23
35
34
33
21
9
10
11
12
24
36
48
60
59
71
70
69
81
80
92
93
94
82
83
84
72
60
48
47
46
58
57
45
44
56
55
67
79
78
77
65
66
54
42
43
55
54
53
65
66
67
68
80
79
91
103
102
114
126
125
113
101
100
112
124
123
122
121
133
134
135
136
137
138
139
127
115
116
104
105
117
118
106
107
119
131
143
144
132
120
108
96
95
94
93
92
104
105
106
118
130
142
141
140
128
129
130
131
119
120
132
144
143
142
141
129
128
140
139
127
126
138
137
136
135
134
133
121
109
97
98
86
85
73
61
62
50
49
37
38
26
14
2
3
4
5
6
5
6
7
8
20
21
22
23
11
12
24
36
35
47
59
58
70
71
72
84
96
108
107
95
83
82
81
69
68
56
57
45
46
34
33
32
44
43
31
19
18
17
16
15
27
28
40
39
51
52
64
63
62
74
75
87
99
111
110
122
123
124
125
113
114
102
90
78
77
89
90
91
103
115
116
117
12
11
10
22
23
35
47
48
36
24
12
11
10
9
8
7
6
5
17
18
30
42
41
53
52
40
39
27
15
3
4
16
28
29
41
42
43
31
32
20
21
33
34
46
58
59
71
70
69
57
56
44
45
57
58
70
82
94
95
83
84
96
108
120
119
131
130
118
106
107
108
120
132
144
143
142
141
140
128
127
115
103
102
90
89
101
113
114
126
138
139
140
141
129
117
116
104
105
93
92
80
79
78
66
54
55
67
68
69
81
80
68
56
55
67
79
91
90
78
77
76
64
63
62
50
51
52
40
39
38
26
14
2
1
13
25
37
49
61
73
74
75
87
88
100
99
111
112
124
123
122
121
133
134
135
136
137
125
113
101
89
88
100
112
111
110
109
97
85
86
98
110
122
123
135
134
133
121
109
97
98
86
85
73
74
62
61
49
37
25
13
1
2
3
4
16
17
5
6
7
19
20
8
9
21
22
23
24
36
48
60
72
60
72
84
96
95
107
119
131
132
144
143
142
130
129
128
116
115
127
139
138
137
136
124
125
126
114
102
103
91
92
104
105
117
118
106
94
93
81
82
83
71
59
47
35
34
46
45
33
32
44
43
31
19
18
30
29
28
27
15
14
26
38
50
51
63
64
65
66
54
53
65
77
76
75
87
99
65
49
54
12
73
100
138
55
84
106
70
95
56
140
120
124
68
79
117
44
40
53
132
61
51
11
48
137
85
66
2
141
50
96
56
86
5
21
142
60
53
119
4
74
30
93
42
92
88
102
7
67
78
33
130
13
77
77
38
83
88
10
15
112
105
114
122
17
9
69
74
35
6
90
143
43
107
4
72
104
58
124
108
9
101
80
136
143
19
64
81
60
42
58
38
23
20
57
89
122
49
66
24
99
45
111
11
14
15
57
115
113
37
118
19
73
135
116
89
3
108
29
18
26
144
52
92
36
26
110
62
54
39
93
116
86
81
25
75
70
63
48
51
134
104
118
76
129
36
107
8
133
117
90
110
25
28
85
121
40
109
94
106
103
33
69
125
100
43
137
114
5
131
130
35
112
20
142
32
136
138
109
34
126
62
126
12
91
144
41
71
30
139
8
3
28
94
96
61
21
55
34
46
65
72
76
6
111
68
83
99
7
87
141
59
78
37
129
120
98
113
97
91
29
13
84
87
31
1
140
115
41
98
14
64
134
22
127
102
135
101
131
50
1
59
82
127
31
139
44
132
27
97
18
52
79
67
10
2
133
95
128
47
46
32
16
17
121
63
123
45
128
39
82
125
27
119
22
123
103
71
75
47
105
24
23
16
80
111
1
100
135
30
78
56
84
6
125
83
124
37
29
34
6
4
22
20
87
132
118
47
126
61
67
99
14
106
114
59
93
69
86
2
67
23
32
17
43
91
88
110
39
59
33
110
45
51
21
74
50
135
16
86
48
97
54
9
69
100
82
39
18
23
75
117
144
5
129
130
47
28
104
14
95
115
42
26
37
127
22
40
114
94
129
52
64
72
68
117
128
139
133
28
122
49
121
66
41
102
18
109
11
31
53
76
38
102
55
19
128
139
97
113
20
9
79
68
141
133
81
79
134
136
66
119
123
127
105
83
15
76
116
98
78
142
103
36
124
96
8
27
92
121
112
101
61
54
98
134
48
1
11
103
84
105
94
140
85
30
25
107
119
115
140
71
7
46
74
71
89
3
131
104
57
132
35
75
58
31
5
73
13
81
72
138
29
118
62
144
40
143
77
130
2
62
33
24
15
99
13
89
116
41
4
80
55
143
87
43
96
107
80
64
12
92
123
70
65
90
50
136
137
58
57
35
26
65
77
19
32
46
25
108
138
7
126
131
109
113
3
137
44
52
101
95
112
10
70
44
36
120
17
82
142
21
49
24
27
34
91
51
120
60
73
85
122
125
12
111
53
108
63
16
93
45
141
90
42
38
60
106
63
8
56
88
10
1
2
3
4
5
17
16
28
29
30
42
41
40
52
53
65
64
76
77
78
79
91
103
102
90
89
101
100
88
87
86
74
73
85
97
98
99
111
110
122
121
133
134
135
136
137
125
113
114
126
127
115
116
117
118
106
94
82
81
69
68
56
44
45
33
34
46
58
57
56
55
54
66
67
55
43
31
32
20
19
18
6
7
8
9
21
22
23
11
12
24
36
48
60
72
71
59
47
35
36
48
60
72
84
83
95
96
108
107
119
120
132
144
143
131
130
142
141
129
128
140
139
138
137
136
124
112
100
99
87
75
63
51
39
38
37
49
61
62
50
51
39
27
15
14
13
25
26
27
28
40
52
64
65
77
78
90
91
92
80
68
69
70
82
81
93
105
104
103
115
116
128
127
126
138
139
140
141
142
143
144
132
131
130
129
117
118
106
107
119
120
108
96
84
83
95
94
93
105
104
92
80
79
67
66
54
53
41
42
30
29
17
18
19
31
43
44
32
20
21
33
45
57
58
70
71
59
47
46
34
35
23
24
12
11
10
22
10
9
8
7
6
5
4
16
15
3
2
1
13
14
26
25
37
38
50
49
61
62
74
73
85
86
98
97
109
110
109
121
133
134
135
123
122
123
111
112
124
125
113
114
102
101
89
88
76
75
63
144
132
120
108
96
95
107
106
94
82
81
93
105
104
92
91
103
102
90
78
66
65
64
76
77
89
88
100
101
113
125
126
138
137
136
124
112
111
123
122
134
133
121
109
97
85
86
87
75
74
62
63
51
39
27
28
29
30
42
43
55
56
57
45
46
34
33
32
44
56
68
80
79
67
68
69
70
58
59
71
83
84
72
60
48
47
35
23
24
12
11
10
9
8
7
19
20
21
22
10
9
8
7
6
18
17
5
4
16
15
3
2
1
13
14
26
25
37
38
50
49
61
73
85
97
98
99
100
112
113
114
115
116
117
129
141
140
139
127
128
116
117
118
119
131
143
142
130
118
106
105
104
103
91
90
78
77
65
53
54
55
43
31
30
42
41
40
52
64
63
51
50
62
74
73
61
49
37
25
13
1
2
14
26
38
39
27
28
16
15
3
4
5
6
18
17
29
41
40
52
53
54
66
67
79
80
92
93
81
82
94
95
83
71
70
69
57
58
59
47
46
45
44
32
31
19
20
21
33
34
22
23
11
12
24
36
35
36
48
60
72
84
96
108
107
119
120
132
144
143
131
130
142
141
129
128
140
139
127
126
138
137
125
124
136
135
123
135
134
133
121
109
110
122
110
111
99
98
86
87
75
76
88
89
101
102
114
115
