##Rat 7 Day 31
 ##rewards
62
51
129
##Vertices
1
13
25
26
14
15
16
4
3
2
1
13
25
37
49
61
73
85
86
74
75
76
88
89
101
100
112
111
110
109
97
98
99
87
88
76
64
63
51
50
38
39
27
28
29
17
18
30
42
41
53
52
40
41
29
30
31
32
20
19
7
8
9
10
22
23
35
34
33
21
9
10
11
12
24
36
48
60
59
71
70
69
81
80
92
93
94
82
83
84
72
60
48
47
46
58
57
45
44
56
55
67
79
78
77
65
66
54
42
43
55
54
53
65
66
67
68
80
79
91
103
102
114
126
125
113
101
100
112
124
123
122
121
133
134
135
136
137
138
139
127
115
116
104
105
117
118
106
107
119
131
143
144
132
120
108
96
95
94
93
92
104
105
106
118
130
142
141
140
128
129
130
131
119
120
132
144
143
142
141
129
128
140
139
127
126
138
137
136
135
134
133
121
109
97
98
86
85
73
61
62
50
49
37
38
26
14
2
3
4
5
6
5
6
7
8
20
21
22
23
11
12
24
36
35
47
59
58
70
71
72
84
96
108
107
95
83
82
81
69
68
56
57
45
46
34
33
32
44
43
31
19
18
17
16
15
27
28
40
39
51
52
64
63
62
74
75
87
99
111
110
122
123
124
125
113
114
102
90
78
77
89
90
91
103
115
116
117
144
143
142
130
131
119
107
108
120
132
144
143
142
141
140
139
138
137
125
126
114
102
101
89
88
100
99
111
123
135
136
124
112
113
101
102
103
115
116
128
129
117
118
106
94
95
83
82
81
93
92
104
105
93
94
82
70
58
59
71
72
60
48
36
35
23
22
34
46
47
48
36
24
12
11
10
9
8
20
19
31
43
42
54
53
41
29
30
18
6
7
8
9
21
33
32
44
45
57
56
68
67
66
78
90
91
79
80
81
69
68
80
92
91
79
67
55
54
66
65
64
76
75
74
86
87
88
100
99
98
110
122
134
133
121
109
97
85
73
61
62
63
51
52
40
39
27
28
16
15
14
13
1
2
3
4
5
17
29
41
53
52
40
28
27
26
25
37
49
50
38
26
14
15
3
2
1
13
25
37
38
50
49
61
62
74
73
85
97
109
121
133
134
135
136
124
125
137
138
139
127
128
140
141
129
130
131
132
120
108
96
84
96
84
72
60
59
47
35
23
24
12
11
10
22
21
20
32
31
19
7
6
5
4
16
17
18
30
42
43
55
56
44
45
33
34
46
58
57
69
70
71
83
95
107
119
118
106
105
117
116
104
103
115
127
126
114
113
112
111
123
122
110
98
86
87
75
76
77
78
90
89
77
65
64
63
51
39
94
71
67
103
17
101
110
144
119
53
89
90
40
42
14
82
13
122
54
12
140
120
19
52
4
60
137
134
79
69
7
115
81
133
72
63
85
129
106
112
123
142
97
77
61
27
96
37
22
68
8
73
114
119
124
51
51
80
91
41
17
54
36
97
140
130
14
76
38
136
9
116
29
46
52
79
92
129
3
85
121
16
112
75
128
44
58
36
33
72
98
124
43
95
24
102
134
141
21
70
113
37
47
70
50
110
126
10
4
143
10
142
127
65
84
18
108
15
107
46
102
67
26
93
7
26
6
44
20
96
2
21
122
41
125
81
13
118
45
19
30
138
11
74
23
1
104
28
135
49
117
127
139
64
80
92
35
91
71
83
50
12
22
66
125
95
130
56
111
9
20
82
23
118
131
87
34
84
104
77
33
43
114
90
28
68
53
47
24
116
42
35
55
111
49
48
39
40
78
87
135
25
57
93
139
31
109
5
109
105
60
74
62
99
32
18
48
137
5
55
61
121
34
2
38
45
98
141
15
39
123
75
78
94
100
103
62
136
113
133
131
100
57
132
6
3
89
59
27
132
65
63
11
128
16
59
56
64
66
25
88
8
117
32
138
30
88
143
31
29
120
86
99
106
58
86
107
108
105
73
101
69
83
115
144
126
1
76
92
2
119
86
20
14
77
43
29
55
99
33
72
64
98
88
83
23
63
13
79
12
111
82
65
114
86
39
38
16
118
80
36
84
137
94
92
98
17
48
124
107
9
74
135
120
131
16
27
136
54
33
90
111
94
78
5
50
58
45
23
72
50
25
31
11
53
128
141
34
44
82
28
89
35
104
2
69
118
34
122
61
41
42
38
73
75
123
27
81
90
67
85
115
124
48
70
106
41
26
42
99
31
46
112
18
53
83
32
26
113
100
134
110
140
39
110
141
6
85
120
127
46
1
129
97
101
112
129
68
49
128
24
95
93
138
130
119
49
10
19
66
96
78
15
137
113
59
125
143
56
93
75
35
56
54
91
60
18
79
63
80
28
126
76
108
140
69
89
103
36
3
47
37
43
65
116
88
109
55
9
32
139
100
40
13
122
47
95
37
127
130
106
6
17
61
70
131
135
133
52
67
71
3
132
57
20
22
8
103
144
104
19
14
21
96
11
73
71
29
59
143
62
4
7
15
102
8
107
25
139
4
68
52
76
45
108
30
115
57
102
121
10
126
87
121
51
116
12
66
7
109
58
24
30
105
51
138
123
117
5
142
40
91
144
132
64
125
87
1
44
136
77
114
134
21
117
81
62
84
101
97
74
22
133
142
60
105
12
11
10
9
8
20
21
33
32
31
43
44
45
57
56
68
69
81
80
79
78
90
102
103
91
92
104
105
93
94
95
83
84
96
108
107
106
118
119
131
132
144
143
142
141
140
128
116
115
127
126
114
113
112
111
99
87
75
76
64
65
53
41
40
28
27
39
51
52
53
54
55
67
66
54
42
30
29
17
18
19
7
6
5
4
16
15
14
2
1
13
25
37
49
61
62
50
38
26
25
37
49
61
73
74
86
85
97
98
110
109
121
133
134
122
123
135
136
124
125
137
138
139
140
141
129
117
105
106
94
82
70
58
46
47
48
60
72
71
59
58
46
34
22
23
24
36
35
34
33
45
57
69
68
80
79
91
90
89
77
65
64
63
75
76
88
100
101
102
114
113
125
126
127
139
138
137
136
135
134
133
121
122
123
124
112
111
99
98
110
109
97
85
73
74
86
87
88
100
101
89
77
78
66
67
55
56
44
43
31
32
20
19
18
30
42
41
29
17
16
28
40
52
51
63
62
50
38
39
27
26
14
13
1
2
3
15
3
4
5
6
7
8
9
21
22
10
11
12
24
23
35
36
48
47
59
60
72
71
83
84
96
95
107
108
120
119
120
132
144
143
142
130
131
130
118
117
129
128
116
115
103
104
92
93
81
82
70
133
121
109
97
85
86
98
99
87
75
76
88
100
101
89
90
102
103
91
79
67
68
69
81
80
92
93
105
104
116
128
127
139
140
141
129
117
118
130
131
143
144
132
120
108
96
95
94
82
83
71
70
58
46
34
33
32
31
43
42
54
53
52
40
39
27
28
29
41
53
65
77
78
66
65
64
63
51
50
62
74
73
61
49
37
38
26
14
13
1
2
3
4
5
6
18
17
16
15
3
4
5
6
7
19
20
8
9
21
22
10
11
12
24
23
35
36
48
47
59
60
72
84
96
108
107
106
105
117
116
115
114
113
112
124
136
137
138
126
125
113
112
111
110
122
134
135
123
111
99
100
101
102
90
91
79
80
68
56
55
54
42
30
31
43
44
45
57
69
70
58
59
71
83
84
72
60
48
36
24
12
11
23
35
47
46
34
33
21
22
10
9
8
7
19
20
32
44
45
57
56
55
67
66
78
77
89
88
76
75
87
86
74
62
63
64
52
51
50
38
39
40
41
29
30
18
17
16
28
27
15
14
2
1
13
25
26
25
37
49
61
73
85
97
98
110
109
121
133
134
122
123
135
136
124
125
137
138
126
127
139
140
128
129
141
142
130
142
143
144
132
120
119
131
119
118
106
107
95
94
82
81
93
92
104
103
115
114
95
144
118
115
58
2
84
66
78
125
9
81
26
64
39
40
34
108
82
55
103
90
48
76
29
53
109
43
68
128
130
21
101
13
5
6
49
37
133
21
112
117
121
22
60
47
144
105
2
140
99
110
7
85
116
79
49
117
23
104
137
18
24
80
30
72
114
75
124
130
142
43
60
59
133
63
96
13
122
106
85
115
83
50
98
94
136
56
32
41
62
80
114
34
99
35
109
118
77
20
95
20
127
31
41
4
97
86
113
28
77
54
103
79
137
45
87
73
143
31
55
92
97
88
74
23
94
52
122
42
111
124
93
16
70
46
69
67
131
121
75
74
61
12
65
134
3
71
102
25
7
4
86
78
84
42
120
134
14
67
52
22
138
33
128
33
76
100
83
139
105
70
112
87
101
141
132
25
126
17
108
111
51
51
64
102
119
141
125
58
91
129
27
5
132
12
11
104
18
36
36
44
106
53
135
100
126
61
35
66
57
63
135
8
110
29
142
45
17
127
129
91
30
81
62
27
143
44
48
65
1
32
10
28
8
82
136
140
89
10
107
139
123
15
96
138
54
131
38
116
11
68
119
16
90
19
113
40
46
3
15
1
71
98
72
73
56
6
19
26
39
38
89
107
37
93
50
9
123
92
69
14
59
57
47
88
120
24
126
110
40
115
118
43
77
54
31
86
105
69
69
106
114
144
118
32
131
6
116
52
30
32
123
75
68
66
23
23
112
111
77
47
73
2
28
141
67
130
144
138
99
25
47
18
7
9
36
34
74
97
20
8
139
117
137
24
108
83
76
109
64
106
14
11
122
29
59
86
13
17
50
140
24
43
40
53
9
33
132
46
79
101
94
30
142
107
87
126
90
73
56
98
62
107
116
54
120
13
65
50
49
12
45
104
82
28
36
138
143
22
63
97
4
35
10
139
38
8
135
134
80
84
120
39
142
1
71
60
15
92
128
78
61
19
137
38
4
122
136
12
95
70
57
22
89
68
14
18
11
131
20
85
91
141
93
96
64
44
76
143
124
112
132
89
114
10
59
119
102
66
51
103
7
56
62
100
81
113
6
27
1
128
5
88
16
100
17
111
2
92
127
82
109
98
65
51
16
27
31
21
41
94
15
70
57
134
129
29
60
117
96
42
78
85
95
3
110
39
61
75
136
113
133
58
26
93
58
45
53
48
33
130
99
35
5
26
125
127
71
55
79
81
135
67
25
19
125
103
121
48
42
87
104
101
133
46
52
34
44
3
105
102
37
121
119
63
129
49
80
72
88
74
83
55
140
21
115
84
41
37
124
72
108
91
123
90
1
13
14
2
3
15
16
4
5
17
29
28
40
41
42
30
18
6
7
8
20
19
31
32
33
34
46
47
59
58
57
56
55
43
44
45
33
21
9
10
22
23
11
12
24
36
48
60
72
84
83
71
70
69
68
80
79
78
77
65
64
76
88
100
101
102
90
91
103
115
116
104
105
117
129
128
140
141
142
143
144
132
131
130
118
106
107
119
120
108
96
95
94
93
92
80
81
82
70
69
81
82
94
93
92
91
103
102
114
126
125
124
123
122
110
98
97
85
86
74
75
87
99
111
112
113
101
89
88
100
112
113
114
115
127
139
138
137
136
135
134
133
121
109
97
85
73
61
49
50
62
63
51
39
27
26
25
37
38
39
27
28
29
30
42
54
53
52
51
63
75
87
99
98
86
74
73
61
62
50
49
37
38
26
25
13
1
2
14
15
3
4
16
17
5
6
18
19
7
8
20
32
31
43
55
54
66
78
90
89
77
76
64
52
40
41
53
65
66
67
79
67
68
56
44
45
57
58
46
34
35
47
35
23
22
21
9
10
11
12
24
36
48
60
59
71
72
84
83
95
96
108
107
119
120
132
144
143
131
130
142
141
129
117
118
106
105
104
116
128
140
139
127
126
138
137
125
124
136
135
123
122
134
133
121
109
110
111
133
134
122
121
109
110
98
97
85
86
87
99
100
88
76
75
74
73
61
49
50
62
63
51
39
27
28
16
17
29
41
53
65
64
52
40
39
38
37
25
26
14
13
1
2
3
4
5
6
7
19
18
30
42
54
55
67
79
91
90
102
103
104
105
93
81
80
68
69
70
58
57
45
46
47
59
60
48
36
24
12
11
23
35
34
33
21
22
10
9
8
20
32
44
56
55
43
31
30
42
43
31
32
44
56
68
69
81
82
83
95
107
119
131
130
129
141
140
128
127
115
116
117
118
106
94
93
92
104
105
106
94
82
70
71
72
84
96
108
120
132
144
143
142
141
140
139
138
137
125
126
114
113
112
111
123
135
136
124
112
111
99
87
75
76
77
89
101
113
114
115
116
117
129
128
127
139
138
126
125
137
136
124
123
135
134
133
121
122
110
109
97
98
86
85
73
74
62
61
49
50
51
63
64
65
77
78
79
80
92
91
103
102
101
100
88
89
90
78
66
67
66
54
53
52
40
41
29
28
27
15
16
15
14
26
38
37
25
13
1
2
3
4
5
17
18
6
7
19
20
8
9
21
22
10
11
12
24
23
35
36
48
47
46
34
33
45
57
58
59
60
72
71
83
84
96
95
107
108
120
119
131
132
144
143
142
130
118
75
46
113
116
51
124
79
117
18
34
69
126
60
134
84
1
59
21
137
2
113
90
64
53
142
72
127
4
141
24
32
32
54
74
31
139
99
128
92
28
73
133
14
100
49
131
47
59
135
53
57
66
68
20
25
31
108
73
44
111
23
138
125
62
133
121
15
5
135
89
94
134
69
98
22
28
99
122
86
70
24
44
45
83
141
5
130
98
38
13
86
15
115
9
129
125
102
119
8
101
4
10
70
40
6
52
127
3
66
123
12
129
112
50
80
16
48
43
13
96
67
136
120
126
114
139
143
105
19
64
37
119
95
84
91
57
22
132
48
122
143
55
81
61
87
29
132
30
16
35
36
107
81
65
38
56
71
106
40
82
52
78
144
118
29
18
137
68
3
95
89
43
124
37
140
93
120
77
114
6
63
88
123
92
50
118
60
17
112
74
77
51
9
88
63
90
109
58
104
80
27
82
109
2
87
36
144
106
46
26
45
47
130
72
7
62
96
100
65
115
58
39
61
8
91
23
14
33
101
136
1
102
94
75
30
17
11
42
49
20
103
138
55
35
142
131
27
21
79
26
116
128
34
11
76
105
10
93
67
104
41
7
19
121
110
33
42
117
107
39
76
71
85
25
85
97
56
108
12
140
54
111
41
103
97
83
110
78
114
37
29
5
90
106
144
132
109
36
138
90
86
28
67
137
28
117
4
121
76
41
39
75
141
52
111
113
22
88
38
140
13
4
49
68
143
98
62
17
23
71
79
126
61
84
15
76
66
104
30
118
57
80
43
142
131
87
108
103
80
5
140
112
47
65
119
103
53
59
100
66
46
125
61
100
35
35
69
79
106
132
97
127
64
69
81
32
13
20
70
118
30
72
45
55
24
121
49
101
70
25
120
45
73
72
139
34
105
47
91
56
18
126
134
115
83
119
135
7
65
24
130
32
7
99
12
143
89
98
54
86
107
36
82
16
39
93
78
51
107
116
2
130
127
37
40
122
14
74
51
135
112
68
116
139
110
15
16
133
142
23
85
95
82
40
74
14
128
10
131
136
44
87
22
96
77
57
1
104
19
2
91
50
26
38
122
6
124
56
92
18
88
42
42
59
44
85
102
111
21
99
94
27
21
136
46
20
81
113
120
108
129
58
58
101
77
12
138
54
29
78
94
105
33
48
33
9
6
97
89
53
31
26
62
84
71
50
41
8
141
63
134
115
10
129
144
125
95
133
64
17
96
3
19
93
52
124
102
137
63
48
31
123
25
34
27
3
67
92
114
60
11
8
55
60
1
43
11
123
83
128
109
73
117
75
110
9
