##Rat 3 Day 33
 ##rewards
127
116
38
##Vertices
133
134
135
123
124
136
137
125
113
114
102
90
78
79
80
68
56
44
43
42
41
40
39
51
52
64
65
77
89
88
87
75
76
64
63
62
74
73
61
49
37
38
26
14
13
1
2
3
15
27
28
16
4
5
6
7
19
20
21
22
34
33
45
46
47
59
71
72
60
48
36
35
23
11
10
9
8
7
6
18
30
29
17
5
4
3
15
16
17
18
30
31
32
33
34
46
58
57
69
70
82
83
84
96
95
107
108
120
132
144
143
142
141
129
117
116
128
127
126
138
139
140
141
142
130
131
119
118
106
105
104
103
91
92
93
81
82
94
93
92
104
116
115
103
91
79
67
66
54
53
65
66
78
90
102
101
100
112
111
99
98
86
85
97
109
110
122
121
109
97
98
110
111
123
122
121
133
134
135
136
137
125
124
112
100
99
87
88
76
77
89
101
113
114
115
127
126
138
139
140
128
129
130
118
117
105
106
94
95
107
119
131
143
144
132
120
108
96
84
83
71
72
60
59
47
48
36
35
23
24
12
24
12
11
10
22
21
9
8
20
19
31
32
44
45
57
58
70
69
81
80
68
67
55
56
55
43
42
54
53
41
29
28
40
52
51
63
75
74
86
85
73
61
62
50
49
50
38
39
27
26
25
37
25
13
1
2
14
144
132
120
119
107
108
96
95
94
82
81
80
79
67
55
54
53
52
64
76
88
100
112
113
101
102
90
91
92
104
116
115
103
102
114
126
127
139
138
137
136
124
123
122
134
133
121
109
110
111
99
98
97
85
73
61
62
50
38
26
27
39
40
28
16
17
18
6
5
4
3
15
14
13
25
37
49
61
73
74
75
87
86
85
97
109
110
98
86
74
75
63
51
39
27
28
29
41
42
30
31
19
7
8
20
21
9
10
11
12
24
36
48
47
46
58
59
71
83
84
72
60
48
36
35
23
22
34
33
45
57
69
68
56
44
43
31
32
44
56
57
58
70
69
68
67
66
78
77
89
90
78
79
80
81
93
105
106
118
117
129
128
140
141
142
130
131
143
142
141
129
130
118
119
131
143
144
132
120
108
96
95
107
106
105
117
116
104
103
91
92
93
94
82
70
71
83
84
72
60
59
47
35
34
46
45
33
32
20
21
22
23
24
12
11
10
9
8
7
19
18
6
5
17
16
4
3
15
14
2
1
2
1
13
25
26
38
37
49
50
62
63
51
52
40
41
29
30
42
43
55
54
66
65
53
65
64
76
77
89
88
87
99
100
101
113
114
115
127
128
140
139
138
126
125
137
125
124
112
111
123
135
136
135
134
133
121
122
11
119
94
18
54
106
73
116
55
84
16
29
21
4
6
140
92
108
109
8
95
118
86
32
1
17
27
120
7
127
126
1
136
36
72
109
75
13
67
63
55
75
104
100
129
61
137
124
38
30
29
24
48
96
24
125
42
96
103
40
77
69
104
37
39
59
112
140
93
51
97
78
21
142
90
133
142
7
107
65
108
113
86
28
50
131
134
46
139
5
59
117
22
12
121
2
144
70
81
119
26
87
90
102
92
84
44
45
69
73
63
85
45
30
58
13
114
40
66
57
38
44
98
14
131
61
64
128
123
5
66
33
105
139
93
76
57
88
110
36
79
94
123
130
103
39
81
23
82
26
72
134
79
106
4
67
18
42
37
34
114
35
83
133
50
116
82
115
2
32
110
141
136
111
111
112
6
15
70
27
132
62
10
98
80
71
3
52
25
80
16
74
138
68
125
118
117
9
47
128
56
22
101
113
19
71
53
23
99
97
25
91
19
65
43
122
14
20
49
89
56
124
100
91
33
87
99
89
34
143
60
43
31
132
74
58
68
8
64
62
115
41
17
130
143
76
105
107
83
127
53
3
49
88
77
95
20
120
101
28
126
135
12
122
41
54
121
135
10
144
11
129
85
31
48
46
138
137
141
15
60
78
35
102
52
47
9
51
107
15
23
72
74
109
31
28
123
47
54
139
55
36
91
90
8
38
62
119
110
56
6
9
52
45
136
42
95
43
75
110
3
85
137
129
130
116
87
35
130
117
118
103
21
142
13
84
128
53
17
61
82
114
7
83
14
26
23
136
21
39
35
22
88
5
132
47
127
144
18
143
93
1
59
81
80
119
60
96
94
33
101
69
86
112
77
140
138
64
51
115
31
76
120
44
80
4
13
141
129
46
28
52
53
73
89
67
140
112
70
3
99
50
57
68
123
72
4
106
127
63
33
30
70
113
19
141
67
126
71
116
143
58
109
96
117
38
135
17
20
1
144
114
37
134
81
86
100
88
32
37
34
7
51
32
16
125
137
105
133
12
66
138
104
63
83
18
24
71
107
58
56
105
98
5
99
48
85
60
27
79
122
142
92
102
120
10
44
62
40
108
131
93
115
75
46
25
34
48
122
10
45
61
91
41
24
40
30
94
128
104
14
97
16
95
74
79
101
121
27
11
42
2
97
26
43
89
100
135
29
98
92
69
2
65
124
126
12
111
78
90
121
50
108
76
78
113
49
49
133
55
29
77
134
59
139
11
124
6
125
22
118
73
106
132
25
19
111
54
39
57
103
87
20
9
64
66
36
41
102
8
15
68
131
82
84
65
1
13
25
37
49
50
51
63
62
61
73
74
75
76
77
65
64
52
40
39
38
26
14
2
3
15
27
28
29
17
5
4
16
28
29
30
31
43
42
41
53
54
55
67
66
78
79
91
103
104
105
93
92
80
81
82
94
95
83
84
96
108
120
119
107
106
118
117
129
141
142
143
131
130
142
141
140
128
116
115
127
126
125
124
136
137
138
139
140
128
129
117
116
104
105
106
94
82
70
71
72
60
48
47
59
58
46
45
44
56
68
69
57
45
33
32
20
19
18
6
7
8
9
21
22
10
11
23
24
36
35
34
33
32
44
43
42
41
40
52
51
63
64
76
88
100
112
113
114
102
90
89
101
113
112
111
99
87
86
98
97
109
110
122
121
133
134
135
123
111
99
98
110
109
121
133
134
122
123
135
136
124
125
137
138
139
127
126
114
115
103
91
92
93
81
80
68
56
55
67
79
78
66
54
53
65
77
89
90
102
101
100
88
87
75
74
86
85
97
85
73
61
62
50
49
37
25
26
38
39
27
15
14
13
1
2
3
4
16
17
5
6
18
30
31
19
7
8
20
21
9
10
22
23
35
34
46
47
59
58
57
69
70
71
83
95
107
119
118
130
131
132
144
143
144
132
120
108
96
84
72
60
48
36
24
12
11
12
12
11
10
9
8
20
32
31
19
7
6
18
30
42
54
55
43
44
45
33
21
22
23
24
36
35
34
46
58
59
60
48
47
46
58
70
82
81
69
57
56
68
80
79
67
66
78
77
76
88
100
101
89
90
102
114
113
125
126
138
137
136
135
123
124
112
111
99
98
97
109
121
122
110
109
97
85
86
87
75
74
62
50
38
37
49
61
73
85
86
98
99
87
88
100
112
113
114
115
127
139
140
141
129
128
116
117
105
93
92
91
103
104
105
106
94
95
83
71
72
84
96
108
107
119
120
132
131
143
142
130
118
106
94
93
81
69
57
45
44
32
31
43
42
41
40
39
51
63
64
65
53
52
51
39
27
28
29
17
16
4
3
15
14
2
1
13
25
26
27
28
16
15
3
2
1
13
14
26
25
37
38
50
49
61
73
74
62
63
75
76
77
89
101
102
90
91
92
80
79
78
66
67
68
56
55
54
53
65
64
52
40
41
29
30
18
17
5
4
5
6
7
19
20
8
9
10
22
21
33
34
35
23
11
12
24
36
48
47
59
60
72
71
70
82
83
84
96
95
107
108
120
119
131
130
118
117
129
128
116
104
103
115
127
126
125
124
123
111
110
122
134
133
121
133
134
135
136
137
138
139
140
141
142
143
144
132
144
110
60
53
122
130
31
30
75
36
28
115
139
10
71
59
1
137
42
83
20
28
65
34
51
71
81
68
79
135
21
62
105
47
92
85
13
86
97
19
46
132
12
48
1
61
108
9
80
43
88
22
82
140
78
131
136
82
124
52
97
17
12
123
138
50
139
111
125
15
18
63
115
122
98
2
98
20
32
73
37
10
134
113
36
93
85
92
23
118
25
91
87
121
102
33
67
64
120
73
88
27
128
95
5
14
110
117
50
61
38
100
107
128
72
113
22
66
109
62
32
43
102
4
53
89
29
127
63
90
45
42
94
45
37
16
78
106
69
35
130
15
6
133
141
69
133
16
105
59
121
57
116
8
34
51
101
38
123
83
55
5
49
17
99
90
99
120
65
64
54
86
70
119
142
57
6
2
44
89
7
26
91
137
7
55
48
119
40
27
30
127
129
136
76
11
77
134
14
26
118
95
25
109
39
138
144
94
56
111
126
104
135
116
104
108
72
75
112
23
96
11
56
41
103
96
129
4
84
8
100
68
107
141
46
24
52
39
125
126
77
33
13
80
35
114
101
81
84
18
24
44
29
3
66
9
70
144
58
54
3
117
60
112
76
143
131
140
114
47
103
21
40
143
93
74
67
19
142
132
79
49
106
31
74
124
58
41
87
40
20
44
13
42
106
15
74
72
127
32
120
128
39
125
38
59
120
99
31
36
19
139
108
51
132
114
41
11
58
93
80
34
86
124
102
136
99
115
101
141
82
39
17
132
93
140
48
8
46
127
29
57
138
95
85
131
82
76
67
89
19
51
24
70
66
62
7
139
60
20
137
143
134
67
56
144
24
121
66
72
90
43
11
2
62
80
37
50
50
105
52
119
4
122
8
12
21
81
108
45
79
33
70
83
123
109
78
57
53
87
22
25
63
100
130
6
56
25
27
83
74
97
3
129
55
111
55
125
135
75
116
23
48
59
14
40
90
98
22
119
104
124
23
107
1
98
142
118
135
126
45
47
69
85
63
41
78
101
13
32
100
71
106
27
42
136
34
142
131
114
95
12
102
37
52
54
16
110
31
6
92
7
112
29
113
91
68
2
103
113
129
21
71
117
130
33
117
88
143
30
5
105
35
133
65
46
65
96
111
79
94
118
75
16
133
73
128
61
73
96
28
68
84
116
14
87
112
123
26
141
38
10
10
88
44
9
64
1
77
17
110
5
9
3
18
137
104
140
84
91
103
126
43
60
54
36
53
26
49
97
121
18
94
4
61
107
30
92
69
86
115
28
122
81
47
77
58
144
49
109
138
134
64
89
35
76
15
144
143
142
141
129
117
116
128
140
139
138
137
136
124
125
113
112
111
99
98
110
122
121
133
134
135
123
111
99
100
101
102
114
115
127
126
138
139
140
141
142
130
131
132
120
108
96
84
72
71
59
60
48
36
24
12
11
10
22
21
9
8
7
6
18
19
20
32
44
56
57
69
70
82
83
95
107
119
118
106
94
93
105
104
103
91
92
80
68
67
66
54
42
30
29
41
53
65
77
76
88
87
86
85
73
61
49
50
51
63
62
74
75
87
88
89
90
78
79
91
103
104
92
93
81
82
70
58
46
47
35
34
33
45
57
58
46
45
44
43
55
54
53
52
64
76
75
63
64
52
40
28
16
15
27
26
25
37
38
39
40
41
29
17
5
4
3
2
14
13
1
13
1
2
14
15
3
4
16
28
27
26
25
37
38
39
51
50
49
61
62
74
73
85
86
98
97
109
97
109
110
122
121
133
134
135
123
124
136
137
125
113
112
100
101
89
77
65
66
67
55
56
68
69
81
80
79
78
90
102
114
126
127
115
116
128
129
130
131
143
144
132
120
119
118
117
105
106
94
95
107
108
96
84
83
71
72
60
59
47
48
36
24
23
35
34
33
21
20
32
31
43
42
30
31
19
18
17
5
6
7
8
9
10
22
23
11
12
12
24
36
48
47
46
58
59
60
72
84
96
108
107
95
94
106
118
117
129
130
131
143
144
132
120
119
118
117
105
93
81
82
70
71
83
84
72
60
48
36
35
23
11
10
9
8
7
6
18
17
5
4
3
2
1
13
25
26
38
37
49
61
73
74
62
50
51
52
53
41
42
30
31
19
20
21
22
34
33
32
44
45
57
69
68
56
55
54
66
78
77
76
75
87
88
89
90
91
103
104
116
128
140
139
138
137
125
113
114
126
127
115
116
104
92
80
79
67
68
69
57
56
44
43
31
30
29
28
16
15
27
39
40
41
29
28
40
52
64
65
77
89
101
102
103
115
114
102
101
100
99
98
110
111
123
135
136
124
112
100
88
87
86
85
97
109
121
122
134
133
134
133
121
122
110
109
97
98
99
111
123
135
136
124
112
113
125
137
138
126
127
139
140
128
129
141
142
141
142
130
131
143
144
132
120
119
107
108
96
95
94
106
105
93
92
91
90
78
66
65
53
54
42
43
55
67
79
80
81
82
83
71
70
58
59
47
35
23
24
12
11
10
22
34
46
45
33
32
20
21
9
8
7
19
18
6
5
17
16
4
3
2
14
15
27
39
38
50
51
63
64
76
75
63
62
74
86
85
73
61
49
37
25
26
14
13
1
6
117
3
144
143
55
131
129
128
78
83
24
116
36
98
129
25
4
49
136
92
86
71
21
15
103
132
89
93
2
94
112
23
72
120
43
27
1
22
27
141
95
120
100
94
66
51
49
55
78
7
118
112
60
135
12
26
85
14
107
83
6
111
45
30
18
56
76
50
62
93
139
22
127
88
77
89
133
124
30
18
50
14
58
105
45
68
9
53
119
4
57
21
23
63
54
40
113
65
11
58
130
19
26
132
8
35
11
100
106
60
48
82
3
61
17
38
46
138
105
102
2
76
84
142
31
24
44
67
17
101
86
115
104
111
141
37
109
90
92
41
139
117
122
113
114
98
101
135
35
91
118
104
137
110
39
5
121
73
84
38
32
29
82
103
80
53
1
54
79
33
108
8
62
15
16
81
102
79
13
75
16
74
115
119
33
20
13
42
39
96
47
77
7
51
71
125
108
128
68
96
87
65
134
36
28
56
66
59
126
85
37
81
127
99
123
88
72
80
90
137
20
97
40
138
107
70
32
34
34
28
73
44
140
64
116
130
9
69
75
126
87
29
136
10
133
42
5
12
31
142
61
64
48
140
19
69
95
52
52
67
43
124
91
134
63
131
110
143
46
99
57
121
125
47
97
25
59
10
70
109
144
122
106
114
123
41
74
108
11
79
81
62
68
130
132
142
54
87
16
37
7
26
92
90
3
123
34
142
102
60
107
58
35
99
103
52
132
141
53
57
36
56
135
48
96
113
135
69
124
43
121
138
65
64
17
31
107
24
131
111
81
116
61
71
8
71
4
30
48
110
127
67
40
72
22
92
97
2
122
6
26
51
25
45
119
137
114
8
59
17
41
144
23
38
52
58
29
91
76
79
53
27
50
32
9
96
63
74
15
137
57
80
55
108
41
117
3
85
101
25
47
42
106
130
109
49
5
126
98
49
144
14
82
75
136
84
94
70
44
61
139
39
31
12
59
47
121
74
140
65
46
125
45
1
28
105
84
4
86
114
78
143
113
78
68
9
32
16
69
91
28
122
89
10
112
125
103
120
120
82
140
20
116
118
95
60
117
66
67
29
88
40
112
2
134
23
110
101
104
39
141
138
90
76
46
21
73
129
1
119
70
37
77
42
13
100
85
77
115
133
21
126
35
6
54
100
93
111
88
11
143
63
15
139
14
95
5
55
27
106
129
62
36
83
73
33
97
94
127
24
20
89
87
50
128
80
22
33
93
99
10
102
38
86
134
109
7
34
44
83
51
75
43
105
30
66
18
118
104
12
128
115
123
131
56
19
98
72
19
13
124
64
18
136
133
