##Rat 8 Day 19
 ##rewards
71
58
124
##Vertices
12
24
23
22
34
46
45
33
32
20
8
9
10
11
12
24
36
48
47
35
36
48
60
72
84
96
108
120
132
144
143
142
130
131
119
118
106
107
95
83
82
94
93
81
80
68
67
79
91
90
89
77
78
66
65
64
63
51
50
62
74
73
61
49
37
38
39
27
28
16
17
18
30
29
41
40
52
53
54
42
43
44
56
55
43
31
19
7
6
5
4
3
15
14
26
25
13
1
2
3
4
5
6
7
8
9
21
20
32
44
45
57
58
70
69
81
93
92
104
116
128
140
139
127
115
114
102
101
113
112
100
88
87
99
98
110
122
123
135
134
133
121
109
97
85
86
87
75
76
64
52
53
54
55
56
68
80
92
91
103
104
105
117
129
141
140
139
138
137
125
126
114
113
112
100
88
76
77
65
66
67
79
78
90
89
101
102
103
115
116
117
105
106
94
82
70
69
57
58
46
34
33
21
22
10
11
23
35
47
59
71
59
60
72
71
83
84
96
95
107
108
120
132
144
143
131
119
118
130
142
141
129
128
127
126
138
137
125
124
136
124
136
135
123
111
99
111
110
122
134
133
121
109
97
98
86
85
73
61
62
74
75
63
51
50
38
26
27
39
40
28
29
41
42
30
31
19
18
17
16
15
14
2
1
13
25
37
49
144
143
131
119
118
117
105
106
94
95
96
108
120
132
144
143
142
141
129
130
142
141
140
139
138
137
136
135
134
133
121
109
110
122
123
111
112
124
125
126
114
113
101
102
90
91
79
78
77
65
53
54
66
67
55
43
31
32
20
19
18
6
7
8
9
21
33
34
46
47
59
71
70
58
57
45
44
56
68
69
81
93
92
80
81
82
83
84
72
60
48
36
35
23
22
10
11
12
24
36
48
60
72
84
96
108
107
95
94
93
105
104
116
115
103
102
101
89
88
87
86
85
73
74
75
63
64
52
51
39
40
41
29
28
16
15
14
26
25
13
1
2
3
4
5
17
29
30
42
43
44
56
68
80
92
91
90
89
77
76
88
100
99
98
97
85
73
61
49
50
62
63
51
39
40
41
42
54
55
67
79
78
66
65
53
52
64
76
75
87
99
100
112
113
114
115
103
104
116
117
118
106
107
119
120
132
131
130
129
128
127
128
140
139
127
126
138
137
125
124
136
135
134
133
121
122
123
111
110
109
97
98
86
74
62
61
49
50
38
37
38
37
25
26
27
28
27
15
14
13
1
2
3
4
16
17
5
6
7
19
18
30
31
32
20
21
22
34
33
45
46
58
57
69
70
82
83
71
59
47
35
23
24
12
11
10
9
8
134
87
95
10
35
3
119
106
1
53
32
98
34
54
90
38
105
60
19
77
57
64
75
7
20
43
137
48
48
4
101
26
59
126
42
53
65
69
128
14
108
139
133
138
73
20
54
90
113
100
7
80
78
109
131
74
33
30
45
113
55
86
72
72
45
9
34
117
31
41
93
62
28
82
21
124
8
110
107
2
91
136
46
104
15
135
101
137
99
51
66
88
96
87
102
46
50
109
129
14
39
114
120
116
49
99
78
70
16
52
70
29
44
9
127
93
141
63
28
44
103
132
27
144
107
115
57
5
89
27
55
24
47
89
25
97
15
35
24
66
37
73
84
36
31
94
121
2
76
11
104
1
140
21
122
131
94
136
111
85
50
36
88
112
5
132
63
12
62
67
61
138
42
85
95
79
110
81
11
130
80
64
56
6
13
37
22
128
98
68
106
30
123
3
120
10
105
71
43
71
135
41
82
65
17
23
133
59
67
12
6
134
130
60
125
32
58
125
8
102
74
141
39
56
76
122
83
52
126
103
79
26
17
142
143
127
33
69
38
118
81
96
68
19
139
75
92
18
121
25
115
111
40
140
77
114
142
119
129
92
47
91
97
13
23
143
18
16
100
29
117
123
118
116
124
84
83
112
144
58
51
22
4
108
86
61
49
40
117
32
137
143
60
124
64
10
88
48
70
82
139
126
75
144
72
87
125
80
23
114
138
110
91
28
65
116
106
89
100
118
36
12
76
45
26
57
9
19
96
9
84
72
115
90
77
104
75
108
142
98
111
99
38
79
53
81
33
54
94
29
12
56
56
129
119
25
80
61
73
55
105
35
20
118
120
101
59
33
11
122
25
93
129
6
10
99
128
127
144
102
5
74
86
39
87
58
44
89
71
101
128
111
102
141
31
52
58
136
11
104
132
141
130
3
7
2
14
137
78
68
18
67
32
83
8
134
8
79
84
135
113
116
35
6
71
91
92
13
135
119
98
17
100
15
67
94
40
60
27
61
78
4
64
97
139
105
132
3
92
26
27
37
77
18
22
21
66
136
4
37
62
131
76
30
28
66
81
95
31
112
123
1
34
21
114
93
69
68
43
47
16
30
23
51
49
120
127
107
1
133
65
42
19
59
45
41
46
126
138
73
96
24
143
13
43
82
16
55
20
47
22
124
109
54
42
140
121
5
97
44
46
2
85
63
142
122
103
62
63
90
36
48
51
107
41
86
34
134
53
131
106
83
52
130
140
112
39
24
74
49
29
115
69
50
133
103
95
17
88
7
117
50
14
70
109
40
110
113
15
125
108
38
121
85
57
123
133
121
122
123
111
112
113
101
89
88
87
75
74
73
85
86
98
97
109
110
111
99
100
112
124
136
137
138
126
127
139
140
128
116
117
129
130
131
119
120
108
107
95
96
84
83
71
70
82
81
69
57
58
59
47
48
36
35
34
46
45
33
32
20
21
9
8
7
19
31
43
42
30
18
6
5
17
16
4
3
15
14
26
25
13
1
2
3
4
5
6
7
8
9
10
22
23
11
12
24
36
48
60
72
84
96
108
120
132
144
143
142
141
140
139
138
137
125
126
114
115
103
104
105
106
118
119
107
95
94
93
92
91
90
102
103
91
79
67
66
78
77
76
64
65
53
41
29
28
40
52
51
50
49
37
38
39
27
15
16
17
18
19
20
32
44
56
55
54
66
65
53
52
51
63
62
50
49
61
73
61
62
74
75
63
64
76
77
78
79
67
55
54
42
41
40
39
38
37
25
13
1
2
14
26
27
28
29
30
31
43
44
45
33
21
22
10
11
12
24
23
35
34
46
47
59
60
72
71
83
82
81
69
70
58
57
56
68
80
68
80
92
104
116
117
105
93
94
106
118
130
131
132
144
143
142
141
129
128
127
115
114
113
101
102
90
89
88
100
99
87
86
85
97
98
110
109
121
133
134
122
123
135
134
135
136
124
125
1
2
14
26
27
39
51
52
53
41
29
30
18
6
5
17
16
4
3
15
27
28
40
39
38
37
49
61
62
74
73
85
86
87
99
98
110
122
123
135
136
124
125
137
138
126
127
115
114
102
103
104
116
128
129
141
142
130
118
117
105
106
94
95
107
108
96
84
83
82
81
69
70
71
72
60
59
47
48
36
35
23
22
10
11
12
24
36
48
60
72
84
96
108
120
119
131
132
144
143
142
141
140
139
138
137
136
135
134
133
121
109
97
85
73
61
49
50
62
63
75
76
88
100
112
111
123
124
125
113
101
89
77
65
64
76
77
78
79
67
66
54
42
43
55
56
57
58
46
45
44
32
20
8
9
21
33
34
35
47
59
71
83
95
94
93
92
80
68
67
55
56
44
32
31
19
20
8
7
6
7
19
18
30
31
43
42
54
66
78
79
80
68
69
57
45
33
21
9
10
11
12
24
23
22
34
46
58
70
82
81
93
105
106
107
119
120
132
144
143
131
130
118
117
129
128
140
139
127
126
114
102
103
115
116
104
92
91
90
91
90
89
88
87
99
100
101
113
112
111
110
122
134
133
121
109
97
98
86
74
75
63
51
52
64
65
53
41
40
28
29
17
5
4
16
15
3
2
1
13
14
26
25
13
25
37
38
50
76
108
33
42
81
111
120
94
144
100
18
103
101
58
114
70
30
141
122
140
64
10
80
142
72
98
53
92
17
119
114
66
19
134
85
12
45
90
104
60
83
58
57
70
13
125
57
62
132
139
66
60
92
25
106
77
44
67
86
133
115
30
118
101
129
44
82
20
83
31
27
46
61
3
140
11
28
8
93
55
26
109
48
126
1
134
14
15
74
107
130
138
9
63
31
18
121
104
136
105
87
120
2
90
47
29
39
107
32
95
112
56
103
88
54
50
110
99
89
59
115
85
80
67
100
89
138
63
131
78
121
131
52
137
113
51
73
61
135
82
125
1
64
48
10
73
62
136
11
98
49
132
12
56
72
8
129
46
108
21
43
127
2
97
23
86
4
43
36
71
87
22
116
102
81
15
68
128
79
143
117
36
84
24
19
49
50
95
102
3
135
71
14
26
124
17
127
76
111
40
110
105
35
123
4
27
119
55
84
123
51
124
65
106
13
116
9
54
6
6
78
113
7
40
75
65
144
79
139
32
34
7
25
133
53
16
21
41
93
37
88
5
130
117
5
42
69
35
24
91
77
23
16
69
45
20
96
39
38
112
143
122
29
74
52
22
109
41
91
96
38
141
94
28
99
34
37
142
47
33
137
128
68
126
75
97
59
118
91
70
131
74
78
93
97
24
50
26
144
88
63
27
99
128
84
6
137
48
143
22
23
85
129
34
38
139
117
111
54
7
133
54
124
20
88
10
39
75
61
55
71
50
26
49
75
95
35
92
57
83
104
77
81
93
5
98
3
76
107
37
36
79
5
33
120
108
63
120
25
128
124
132
33
89
16
96
51
99
94
66
21
9
65
101
92
31
8
9
69
78
51
56
43
2
55
91
68
98
45
66
139
72
113
115
112
116
67
46
107
102
40
73
42
31
48
138
30
64
22
133
60
110
127
104
28
136
41
12
80
108
7
16
105
38
87
13
127
56
67
83
11
32
79
117
140
116
14
129
4
11
125
119
86
102
41
59
141
105
59
15
106
136
84
82
87
57
142
103
35
114
52
29
47
123
100
45
89
64
113
122
62
44
80
121
115
47
23
8
101
6
142
119
71
123
73
118
106
42
52
130
135
76
74
1
86
90
46
134
44
126
30
130
112
1
36
70
109
77
27
58
18
65
15
2
12
53
118
114
43
24
17
53
138
122
121
100
39
29
19
17
69
137
13
61
58
131
28
60
94
141
49
132
10
20
103
21
126
25
4
82
68
62
32
18
3
134
19
96
72
14
109
34
40
97
81
37
135
143
90
85
125
144
140
111
95
110
144
132
120
119
107
108
96
95
94
82
81
80
79
67
55
54
53
52
64
76
88
100
112
113
101
102
90
91
92
104
116
115
103
102
114
126
127
139
138
137
136
124
123
122
134
133
121
109
110
111
99
98
97
85
73
61
62
50
38
26
27
39
40
28
16
17
18
6
5
4
3
15
14
13
25
37
49
61
73
74
75
87
86
85
97
109
110
98
86
74
75
63
51
39
27
28
29
41
42
30
31
19
7
8
20
21
9
10
11
12
24
36
48
47
46
58
59
71
83
84
72
60
48
36
35
23
22
34
33
45
57
69
68
56
44
43
31
32
44
56
57
58
70
69
68
67
66
78
77
89
90
78
79
80
81
93
105
106
118
117
129
128
140
141
142
130
131
143
142
141
129
130
118
119
131
143
144
132
120
108
96
95
107
106
105
117
116
104
103
91
92
93
94
82
70
71
83
84
72
60
59
47
35
34
46
45
33
32
20
21
22
23
24
12
11
10
9
8
7
19
18
6
5
17
16
4
3
15
14
2
1
2
1
13
25
26
38
37
49
50
62
63
51
52
40
41
29
30
42
43
55
54
66
65
53
65
64
76
77
89
88
87
99
100
101
113
114
115
127
128
140
139
138
126
125
137
125
124
112
111
123
135
136
135
134
133
121
122
12
11
10
22
21
9
8
20
32
31
43
55
67
66
65
77
89
101
102
103
104
105
106
94
93
81
80
68
56
57
58
70
69
81
82
83
71
72
84
96
108
107
119
131
132
144
143
142
130
118
117
129
141
140
139
138
126
125
124
123
111
112
100
99
98
86
74
73
85
97
109
110
122
134
135
136
137
138
139
127
115
116
128
140
141
142
130
129
128
127
115
114
113
112
111
99
87
88
76
75
63
62
61
49
50
38
37
25
13
1
2
3
4
16
28
29
17
18
19
7
6
5
4
3
15
14
26
27
39
40
41
42
54
53
52
64
63
51
52
53
41
29
30
42
54
66
78
79
91
92
80
79
67
55
43
44
45
33
34
46
47
59
60
48
36
35
23
24
36
48
47
35
34
22
23
24
12
11
10
9
8
20
21
33
45
46
58
57
69
68
56
44
32
31
30
18
19
7
6
5
17
16
15
27
28
40
39
51
50
38
26
14
2
1
13
25
37
49
61
62
74
73
85
86
98
97
109
110
122
121
133
121
133
134
135
123
124
136
137
125
126
114
113
101
100
88
87
75
76
64
65
77
78
90
89
90
102
103
91
92
104
116
117
105
93
94
82
70
71
59
60
72
84
83
95
96
95
107
106
118
119
120
108
120
132
144
143
131
45
83
20
71
77
98
10
71
109
13
131
28
76
101
44
12
80
52
14
70
134
41
126
2
1
32
15
122
101
21
29
60
56
3
25
38
30
51
27
33
137
87
72
62
99
130
26
73
33
88
22
39
66
6
59
79
90
143
40
97
132
104
36
138
74
20
108
19
120
8
121
72
133
74
31
53
39
87
136
92
107
116
69
5
125
59
123
47
41
27
96
37
43
24
91
114
53
65
57
76
115
73
100
68
63
139
95
108
58
140
46
86
105
117
83
23
44
91
4
12
42
48
103
126
116
35
117
124
16
64
99
138
84
104
128
106
100
67
11
49
50
50
8
1
110
115
109
14
88
34
22
95
85
48
113
82
67
80
62
125
13
94
89
102
42
47
142
17
2
112
10
102
6
54
137
133
61
78
64
15
52
32
11
93
111
69
143
141
134
129
129
141
26
122
56
66
89
9
70
35
107
34
123
75
23
103
114
139
85
110
135
18
40
30
81
18
54
21
144
90
131
57
144
9
94
77
140
136
128
79
111
127
28
7
7
112
78
65
118
36
105
16
46
142
106
130
120
55
119
121
49
31
25
60
119
97
124
81
132
63
96
5
135
75
93
84
118
113
98
45
92
127
3
51
58
55
37
19
29
68
38
82
61
24
86
4
17
43
141
16
36
60
132
15
89
135
17
62
21
84
50
92
66
144
73
27
19
23
38
62
7
36
94
96
23
142
31
63
82
132
123
83
6
69
42
101
138
28
91
140
2
41
83
98
124
24
39
115
8
54
60
113
79
107
81
143
114
9
53
126
106
59
57
95
16
88
4
119
12
35
25
56
64
19
77
127
15
124
117
43
10
18
81
91
34
13
104
29
134
12
90
112
103
35
73
93
17
120
47
85
29
115
97
130
74
22
107
9
143
32
109
78
64
40
88
120
13
100
10
133
3
30
32
65
125
61
139
3
128
111
45
1
39
106
80
99
11
98
82
125
100
50
130
105
54
78
122
142
34
135
110
94
139
61
6
128
136
42
5
58
127
51
129
44
68
22
119
52
118
68
18
76
56
77
103
131
108
70
96
141
111
5
4
108
72
52
43
121
79
33
57
26
58
144
2
116
37
63
86
112
126
1
40
114
87
20
76
131
48
89
26
25
46
71
109
55
92
123
80
47
66
129
134
133
118
14
41
31
90
93
117
102
46
28
55
45
49
75
70
75
138
38
65
59
72
121
84
11
8
86
122
24
30
74
67
113
27
101
21
116
137
67
69
33
7
110
87
95
37
71
44
136
105
14
104
102
53
137
49
85
97
51
48
140
99
20
