##Rat 7 Day 26
 ##rewards
62
51
129
##Vertices
63
34
86
15
36
114
3
47
117
142
28
40
11
64
13
113
37
96
34
105
128
112
111
33
5
88
9
27
11
26
24
125
1
82
5
51
4
72
16
89
12
6
144
71
14
83
32
138
17
66
101
106
79
41
1
106
85
124
22
45
27
104
139
109
127
137
61
95
50
42
23
52
134
23
97
103
44
115
91
87
67
123
109
78
134
138
68
75
71
118
136
118
50
131
120
73
58
110
31
120
104
81
39
8
70
117
61
26
25
79
140
74
2
127
18
62
55
21
126
135
74
116
83
4
119
103
24
40
142
78
126
43
65
35
99
98
89
64
129
29
56
57
21
47
144
58
55
93
130
69
82
137
10
143
65
108
51
132
2
132
10
49
19
92
96
92
121
94
95
66
56
29
111
67
35
87
46
16
18
101
97
115
122
94
57
30
17
46
84
139
37
99
38
113
62
68
114
33
43
59
36
41
53
105
90
110
76
107
80
77
121
60
72
54
112
14
20
49
32
93
45
63
60
30
20
70
25
123
130
122
69
102
76
15
75
42
108
91
128
59
44
38
54
141
143
12
48
13
107
3
39
22
140
77
31
90
7
6
8
131
73
9
48
133
133
98
129
116
85
19
135
141
102
52
80
88
53
125
86
81
7
100
84
100
28
119
136
124
101
80
123
67
104
102
6
1
19
85
125
78
23
70
12
90
50
126
7
29
97
124
28
118
109
131
106
135
94
4
113
31
38
50
91
40
87
48
73
107
40
136
63
35
141
47
102
14
135
140
79
137
41
64
95
110
74
58
96
99
18
55
109
124
138
25
120
23
92
89
78
1
108
80
121
13
134
114
16
45
130
92
141
107
19
11
84
51
112
76
26
76
68
22
140
12
53
108
142
21
14
44
57
74
34
8
10
103
22
65
34
90
118
75
36
114
49
6
59
4
104
29
47
52
30
88
5
10
116
94
38
54
111
71
53
139
144
96
69
122
35
87
89
134
32
119
98
8
13
129
3
88
91
103
132
105
129
86
24
142
117
36
66
52
93
9
77
85
65
37
72
25
7
66
97
144
2
128
37
61
119
55
128
83
62
45
9
81
15
100
122
136
17
64
95
77
28
18
46
121
84
133
48
39
67
27
17
41
130
123
83
58
106
126
79
139
100
60
60
143
56
57
59
33
117
82
33
116
61
20
39
32
73
30
120
3
101
132
69
115
81
137
62
93
43
75
5
63
127
111
71
27
138
16
113
133
20
54
21
115
125
11
44
98
31
56
42
110
127
68
82
143
105
43
51
46
86
70
15
42
131
2
99
24
112
26
72
49
144
132
131
130
118
117
116
104
92
93
94
82
83
84
96
95
107
108
120
119
118
106
105
117
129
141
140
139
127
126
138
137
125
113
112
124
123
122
110
109
97
98
86
85
73
74
62
63
75
76
64
52
51
50
38
37
25
26
27
39
40
28
29
17
16
4
5
6
18
30
42
43
31
19
7
8
20
21
9
10
22
23
35
36
24
12
11
10
9
8
7
6
5
4
3
15
14
2
1
13
25
37
49
61
73
85
97
109
121
133
134
135
136
137
138
139
140
128
127
115
114
102
101
100
99
111
110
98
86
87
88
89
90
91
103
102
90
78
66
67
79
80
81
69
68
56
44
32
33
45
57
58
59
60
48
47
46
34
22
21
20
19
18
17
29
41
53
54
55
67
68
56
57
58
70
71
59
60
72
84
72
71
83
82
70
69
81
80
79
78
66
54
55
43
44
45
46
47
48
36
24
12
11
23
35
34
33
32
31
30
42
41
40
28
16
15
3
2
1
13
14
26
27
39
38
50
49
61
62
74
75
76
64
63
51
52
53
65
77
65
77
89
101
113
112
100
88
87
99
111
123
122
121
133
134
135
136
124
125
126
114
115
116
104
103
91
92
93
105
106
94
95
96
108
107
119
120
132
144
143
131
130
142
143
142
141
129
128
1
2
14
26
27
39
51
52
53
41
29
30
18
6
5
17
16
4
3
15
27
28
40
39
38
37
49
61
62
74
73
85
86
87
99
98
110
122
123
135
136
124
125
137
138
126
127
115
114
102
103
104
116
128
129
141
142
130
118
117
105
106
94
95
107
108
96
84
83
82
81
69
70
71
72
60
59
47
48
36
35
23
22
10
11
12
24
36
48
60
72
84
96
108
120
119
131
132
144
143
142
141
140
139
138
137
136
135
134
133
121
109
97
85
73
61
49
50
62
63
75
76
88
100
112
111
123
124
125
113
101
89
77
65
64
76
77
78
79
67
66
54
42
43
55
56
57
58
46
45
44
32
20
8
9
21
33
34
35
47
59
71
83
95
94
93
92
80
68
67
55
56
44
32
31
19
20
8
7
6
7
19
18
30
31
43
42
54
66
78
79
80
68
69
57
45
33
21
9
10
11
12
24
23
22
34
46
58
70
82
81
93
105
106
107
119
120
132
144
143
131
130
118
117
129
128
140
139
127
126
114
102
103
115
116
104
92
91
90
91
90
89
88
87
99
100
101
113
112
111
110
122
134
133
121
109
97
98
86
74
75
63
51
52
64
65
53
41
40
28
29
17
5
4
16
15
3
2
1
13
14
26
25
13
25
37
38
50
62
97
6
4
74
135
73
113
141
142
26
81
96
91
28
83
82
118
9
20
22
77
76
35
100
69
42
3
85
103
60
3
66
44
40
110
47
128
79
23
72
117
129
50
80
108
56
78
44
58
125
112
137
20
137
144
57
102
140
84
36
83
6
111
32
98
61
88
123
61
143
84
100
121
53
12
63
82
16
119
45
134
117
24
126
37
95
35
125
112
30
75
52
13
15
127
46
5
72
67
75
34
86
106
132
42
104
94
8
31
59
127
68
18
47
89
56
32
132
99
64
52
1
115
31
55
115
108
103
105
23
93
13
29
101
70
114
33
124
65
36
33
109
15
25
10
8
46
22
71
102
2
63
70
104
27
65
114
141
17
107
144
68
106
38
92
99
77
109
39
43
41
120
39
121
43
90
58
98
19
126
40
78
110
79
71
122
74
113
1
2
67
131
54
91
62
9
135
80
138
45
53
134
26
12
60
130
88
59
94
7
107
7
131
143
116
111
73
51
97
139
17
92
48
69
25
41
87
130
28
57
49
37
51
38
136
90
123
129
34
14
89
21
136
95
29
124
19
138
118
101
128
142
16
49
11
119
140
50
21
54
105
14
122
10
86
87
85
24
11
64
18
48
4
96
133
27
139
30
5
81
66
76
116
55
93
133
120
44
80
59
107
136
113
114
54
45
48
81
138
122
91
11
49
98
40
142
2
13
104
113
135
65
105
26
83
39
116
58
12
90
110
42
43
117
51
122
125
44
25
55
141
82
117
37
62
132
101
84
57
101
16
22
91
118
16
63
133
77
105
78
4
72
34
74
125
126
50
66
20
133
3
33
120
36
129
110
75
15
111
31
137
6
17
8
71
134
108
92
56
100
85
107
45
5
109
81
28
14
24
36
96
35
52
28
14
83
90
48
64
144
103
11
98
35
3
62
129
141
42
43
138
8
99
9
21
64
53
32
39
68
103
20
88
136
6
119
50
86
120
119
89
30
97
60
87
41
123
89
121
12
54
7
69
76
124
2
24
82
70
34
1
72
63
19
124
22
140
139
4
29
49
60
131
95
65
79
97
126
29
55
56
121
100
70
96
95
92
32
102
85
123
99
53
23
134
93
25
142
128
140
41
74
58
93
37
59
67
115
47
79
86
76
18
135
31
128
102
115
108
112
47
88
66
27
51
80
71
17
7
27
19
131
87
69
114
61
118
38
61
46
111
106
30
68
94
46
5
18
94
38
10
9
57
84
143
33
21
73
78
109
143
144
10
106
130
116
132
112
13
23
15
26
40
77
1
75
73
130
104
127
52
139
67
137
127
12
24
36
35
47
48
60
59
58
70
69
68
67
79
91
90
89
88
76
64
52
40
28
29
41
42
54
55
56
44
32
31
43
42
30
18
19
7
6
5
4
16
15
14
2
1
13
25
26
27
39
38
37
49
61
73
74
86
98
110
111
99
100
112
124
125
126
138
137
136
135
123
122
121
109
97
85
73
61
62
63
51
50
49
37
25
26
38
50
62
63
75
87
99
111
112
113
101
102
114
115
127
139
140
128
129
141
142
143
144
132
120
108
107
106
94
95
83
71
72
84
96
108
120
119
131
130
118
117
105
93
81
80
92
104
103
115
116
104
92
93
94
82
81
80
79
78
66
65
53
54
66
67
68
69
57
45
46
34
33
21
20
8
9
10
22
23
11
10
9
21
22
34
35
23
11
12
24
36
48
60
59
47
46
45
33
32
44
43
55
56
57
58
70
82
83
71
72
84
96
95
107
119
118
106
105
117
116
128
129
130
131
132
144
143
142
141
140
139
127
126
138
137
125
124
136
135
123
122
134
133
134
133
121
109
110
98
97
85
86
74
75
87
88
100
101
113
114
102
103
91
90
78
77
89
77
76
64
65
53
52
51
39
40
41
29
30
31
19
20
8
7
6
18
17
5
17
16
28
27
15
3
4
3
2
1
13
14
133
134
135
123
124
136
137
125
113
114
102
90
78
79
80
68
56
44
43
42
41
40
39
51
52
64
65
77
89
88
87
75
76
64
63
62
74
73
61
49
37
38
26
14
13
1
2
3
15
27
28
16
4
5
6
7
19
20
21
22
34
33
45
46
47
59
71
72
60
48
36
35
23
11
10
9
8
7
6
18
30
29
17
5
4
3
15
16
17
18
30
31
32
33
34
46
58
57
69
70
82
83
84
96
95
107
108
120
132
144
143
142
141
129
117
116
128
127
126
138
139
140
141
142
130
131
119
118
106
105
104
103
91
92
93
81
82
94
93
92
104
116
115
103
91
79
67
66
54
53
65
66
78
90
102
101
100
112
111
99
98
86
85
97
109
110
122
121
109
97
98
110
111
123
122
121
133
134
135
136
137
125
124
112
100
99
87
88
76
77
89
101
113
114
115
127
126
138
139
140
128
129
130
118
117
105
106
94
95
107
119
131
143
144
132
120
108
96
84
83
71
72
60
59
47
48
36
35
23
24
12
24
12
11
10
22
21
9
8
20
19
31
32
44
45
57
58
70
69
81
80
68
67
55
56
55
43
42
54
53
41
29
28
40
52
51
63
75
74
86
85
73
61
62
50
49
50
38
39
27
26
25
37
25
13
1
2
14
45
82
16
1
18
38
2
143
8
51
64
23
58
122
18
104
115
58
93
31
49
118
9
105
48
68
128
5
41
92
4
12
106
95
126
113
57
35
141
53
87
101
29
66
80
59
134
140
83
13
69
52
61
14
142
136
114
105
30
125
67
15
83
77
124
7
129
140
111
3
89
108
129
34
135
112
78
75
79
26
47
130
72
33
20
39
33
35
69
10
15
34
27
139
104
126
128
127
1
82
37
48
54
13
120
86
96
40
56
110
101
3
131
103
121
80
81
66
117
53
28
9
99
22
50
60
77
72
102
111
117
131
97
44
116
144
100
61
110
93
57
71
90
116
92
27
99
98
2
46
41
90
28
51
44
24
10
70
11
56
6
22
130
124
79
106
84
73
136
68
24
63
59
20
71
17
137
108
86
26
19
38
23
109
118
125
123
6
8
133
25
73
127
62
103
74
4
123
102
65
98
60
144
76
75
16
74
91
32
47
67
11
87
88
122
81
46
137
40
76
36
119
21
135
42
36
91
50
113
85
17
89
43
78
55
52
119
132
84
95
94
107
5
132
97
12
121
65
96
133
62
141
138
63
21
37
42
49
107
138
55
43
31
19
30
85
14
120
134
115
114
29
70
88
64
139
109
100
94
143
45
142
112
54
7
25
32
39
125
85
52
79
33
103
114
131
83
68
125
93
31
80
23
15
24
110
32
15
100
91
90
43
122
54
40
61
86
32
88
2
95
72
54
53
45
74
25
133
9
116
43
138
11
38
71
46
6
57
142
67
6
123
117
128
42
34
122
81
142
134
80
97
19
37
17
121
13
83
68
41
60
12
136
104
127
28
129
61
4
66
17
38
66
34
44
18
108
87
36
8
137
139
76
36
111
98
69
35
106
75
24
13
20
109
49
16
64
71
84
46
29
115
127
72
86
119
101
62
3
141
53
51
85
94
144
33
23
118
5
21
30
96
105
63
93
47
52
95
10
104
69
1
92
59
112
130
48
26
26
16
139
5
60
50
62
102
143
14
81
59
115
106
120
78
97
45
92
28
99
87
22
143
137
42
107
58
124
108
39
114
56
121
1
103
7
117
2
102
74
44
9
25
123
133
67
65
50
65
63
112
82
58
82
113
12
27
116
110
134
132
119
78
22
77
135
100
91
39
99
57
47
113
37
11
98
111
94
55
49
144
48
10
29
55
88
131
107
126
70
105
109
64
19
21
31
73
70
128
101
7
129
56
89
41
135
136
20
8
90
140
89
84
27
76
138
3
141
118
130
75
40
14
35
132
124
77
79
73
30
18
96
126
4
140
120
51
1
2
3
4
5
17
29
30
18
6
7
19
31
43
55
54
42
41
40
28
16
15
14
13
25
26
27
39
51
50
49
37
38
39
51
63
75
76
64
52
53
65
77
78
66
67
79
80
81
93
105
104
92
91
103
115
116
128
127
139
140
141
142
130
129
117
118
106
107
108
120
132
131
119
120
108
96
95
94
82
83
71
59
47
48
60
72
84
96
95
107
106
94
93
105
117
116
115
114
126
138
137
136
124
125
113
112
100
88
89
90
102
101
100
99
87
86
74
62
61
73
85
97
98
110
109
121
122
134
135
123
111
99
87
88
76
64
52
40
41
29
30
42
43
44
45
46
58
70
69
68
56
57
58
46
34
33
32
20
21
9
10
22
23
11
12
24
36
35
34
33
21
22
10
11
12
24
23
35
36
48
47
59
60
72
84
83
71
70
82
81
80
92
104
103
91
90
89
77
78
79
67
66
65
53
54
55
56
68
69
57
45
44
32
31
19
20
8
9
8
7
6
18
17
5
4
3
15
16
28
27
26
14
2
1
13
25
37
38
50
49
61
62
63
75
74
73
85
86
98
97
109
110
122
123
111
112
124
125
113
101
102
114
126
127
128
129
130
118
119
131
143
144
132
144
143
142
141
140
139
138
137
136
135
134
133
121
133
12
24
36
48
60
59
58
70
71
72
84
83
82
81
80
68
69
57
45
46
47
35
23
11
10
22
34
33
32
20
8
9
21
33
32
31
30
42
43
44
56
55
54
66
67
79
78
90
102
101
100
88
89
77
76
75
87
86
74
73
85
97
109
110
98
99
111
112
124
136
135
134
122
123
135
136
137
125
113
114
126
127
128
129
141
140
139
138
137
125
124
112
113
101
100
99
87
75
63
62
61
49
37
38
50
51
39
40
41
53
65
64
52
40
28
29
17
18
19
7
6
5
4
16
15
3
2
14
13
25
26
27
28
29
41
42
43
44
45
57
58
70
69
81
93
105
117
116
115
103
91
92
104
116
117
118
106
94
95
107
108
120
119
131
132
144
143
142
130
118
106
107
119
120
132
144
143
131
130
142
141
129
128
140
139
138
126
127
115
114
102
90
89
88
76
77
65
53
54
66
78
79
67
55
56
68
80
92
91
103
104
105
93
94
82
83
95
96
108
96
84
72
71
59
60
48
36
35
47
46
34
22
23
24
12
11
10
9
21
20
8
7
19
31
30
18
6
5
17
16
4
3
15
14
26
27
39
38
50
51
52
64
63
62
74
86
98
110
111
123
122
121
133
134
133
121
109
97
85
73
61
49
37
25
13
1
2
1
