##Rat 6 Day 31
 ##rewards
83
94
16
##Vertices
144
132
120
119
131
130
129
141
142
143
144
132
120
108
96
84
72
60
59
71
70
69
57
56
44
45
33
34
35
36
48
47
46
58
57
69
81
82
94
95
107
106
118
117
116
128
127
115
103
104
92
93
105
104
116
115
114
113
125
126
138
137
136
135
123
122
110
111
112
124
136
135
134
133
121
109
97
85
86
74
75
76
64
65
53
52
51
63
62
61
73
85
97
98
99
87
88
100
101
89
90
78
66
67
68
80
79
91
103
102
90
91
92
80
79
78
77
65
66
54
42
43
31
19
20
32
44
45
33
21
22
23
24
12
11
10
9
8
7
6
18
30
29
41
40
28
27
39
38
26
14
2
1
13
25
37
49
50
51
52
53
41
40
39
27
15
3
4
5
17
16
15
14
26
25
13
1
2
3
4
16
17
5
6
18
19
7
8
9
10
11
12
24
36
48
47
59
60
72
84
83
95
96
108
107
119
131
143
142
141
140
139
140
139
138
137
125
124
123
122
134
133
121
109
110
98
86
87
75
74
73
61
49
37
38
50
62
63
64
76
77
89
88
100
99
111
112
113
101
102
114
126
127
128
129
130
118
117
105
106
94
93
81
82
83
71
70
58
46
34
35
23
22
21
20
32
31
43
55
67
68
56
55
54
42
30
29
28
1
2
3
15
14
26
38
37
25
13
1
2
3
4
5
6
7
8
20
19
31
43
44
56
57
45
46
34
22
10
9
21
33
32
44
43
42
30
29
17
16
28
27
39
51
50
62
63
64
52
53
41
40
52
51
63
75
87
86
74
73
85
97
109
110
122
123
111
99
98
97
109
121
133
134
135
136
137
125
126
114
102
103
91
92
104
116
115
127
139
138
137
136
124
112
113
101
100
88
89
77
78
79
67
55
54
66
65
64
76
77
65
53
54
66
78
90
91
79
80
81
69
70
71
59
58
57
45
46
47
35
23
11
12
24
36
48
60
72
84
83
82
94
93
105
106
118
117
129
130
131
132
144
143
142
141
140
128
116
104
92
93
105
117
118
119
120
108
96
95
107
119
131
130
142
143
144
132
120
108
107
95
96
84
83
71
72
60
48
36
24
12
11
10
9
21
20
8
7
6
18
17
5
4
16
15
14
13
25
37
49
61
49
61
73
85
86
98
110
122
121
133
134
135
123
124
125
113
114
126
138
139
140
141
129
128
127
115
103
102
90
89
101
100
112
111
99
87
88
76
75
74
62
50
38
26
27
39
40
28
29
41
42
30
18
19
31
32
33
34
22
23
35
47
59
58
70
69
68
67
55
56
68
80
81
82
94
106
51
74
78
42
128
44
35
1
26
92
56
55
105
103
131
63
132
23
91
133
5
25
126
93
141
85
8
11
66
76
138
30
64
12
73
82
60
16
39
33
22
3
48
68
84
118
49
108
123
77
137
72
31
26
21
94
94
65
54
104
128
91
109
48
5
15
131
69
107
9
136
29
116
99
93
66
53
16
142
60
24
129
33
70
17
101
87
109
112
73
47
21
102
50
121
43
11
4
124
75
32
108
98
75
95
35
19
135
141
2
135
3
18
80
61
127
37
130
38
99
43
78
119
52
138
119
139
101
125
49
143
124
23
104
20
64
132
27
100
126
115
7
134
71
122
144
41
117
10
96
28
18
6
81
65
53
110
54
74
62
95
133
123
79
20
50
15
89
34
136
125
63
122
27
14
58
111
61
41
68
112
102
31
55
117
77
92
98
121
29
103
110
90
34
96
97
106
105
67
58
10
120
88
52
6
114
36
140
36
40
85
71
83
46
113
127
97
8
140
90
84
24
111
143
107
100
47
4
130
106
22
70
67
51
45
42
83
9
32
12
14
45
88
13
139
142
56
86
118
13
80
82
134
17
129
86
89
81
79
120
57
137
28
113
7
115
57
2
114
116
25
59
46
39
87
59
38
37
40
72
44
76
62
30
1
19
144
69
53
143
26
59
125
131
68
102
116
90
46
112
73
81
47
57
62
122
82
132
66
133
34
63
80
31
59
106
107
129
27
65
109
61
8
51
53
47
128
97
21
38
136
71
10
25
14
129
118
9
91
112
55
34
51
67
140
95
87
100
122
73
95
120
114
134
92
17
4
111
101
63
117
56
110
41
143
76
27
111
23
84
104
103
107
72
70
22
118
64
55
78
60
30
21
97
75
39
104
119
103
46
114
99
33
127
92
62
113
119
32
45
11
35
5
106
35
4
139
60
25
18
99
144
16
48
44
33
16
77
96
17
121
50
52
7
15
26
96
135
126
79
49
67
130
8
32
86
20
2
89
52
70
110
89
91
54
85
127
66
82
65
117
19
69
37
5
76
56
42
109
142
98
108
102
80
29
57
36
90
136
113
6
45
105
132
23
98
50
108
18
15
39
139
128
84
75
14
10
12
93
78
74
142
13
88
125
123
137
42
1
41
126
131
124
49
134
72
74
116
86
2
83
141
138
130
43
137
38
120
6
141
77
93
69
100
37
115
30
88
43
24
135
19
58
24
94
29
133
79
138
36
87
121
115
40
94
7
22
28
140
3
105
54
1
13
81
20
58
144
101
9
68
31
11
124
28
64
83
61
44
48
71
123
12
3
85
40
133
134
135
136
137
125
124
112
113
114
102
101
100
88
89
77
76
64
65
66
67
55
43
42
54
53
41
40
52
51
50
62
61
49
37
38
39
27
26
14
13
1
2
3
4
5
17
29
30
18
19
31
32
33
34
46
58
70
69
81
80
92
104
105
117
118
106
94
93
92
91
90
78
79
91
103
115
116
128
127
126
138
139
140
141
129
130
131
143
144
132
120
108
96
84
83
95
107
119
120
108
96
84
72
71
59
60
48
47
35
36
24
12
11
23
22
10
9
21
20
8
7
6
5
4
16
28
40
39
51
63
75
87
99
98
97
85
73
74
86
87
99
111
123
122
121
109
110
111
112
100
88
76
77
65
66
54
55
56
68
80
81
82
70
69
57
45
44
43
31
32
20
19
18
6
7
8
9
10
11
12
24
23
22
21
33
34
46
47
35
36
48
60
72
71
59
58
57
45
44
56
68
67
79
78
90
89
101
102
114
113
125
126
127
115
103
104
116
128
129
117
105
93
94
82
83
95
107
106
118
119
131
132
144
143
142
130
142
141
140
139
138
137
136
124
123
135
134
133
121
122
110
109
97
98
86
85
73
74
62
61
49
50
38
37
25
26
25
13
1
2
3
15
14
15
27
28
16
17
29
30
42
41
53
52
64
63
75
12
24
36
48
60
59
47
46
58
70
69
57
45
44
56
55
43
42
54
66
78
77
76
64
65
53
52
40
41
29
17
18
6
5
4
16
28
27
15
14
2
1
13
25
37
49
50
51
63
62
74
75
87
99
111
112
113
114
102
103
91
92
93
105
106
118
117
116
104
92
80
68
67
79
80
81
82
94
95
83
71
72
84
96
108
107
119
131
132
144
143
142
141
140
139
127
128
129
130
142
141
140
139
138
126
125
137
136
124
123
135
134
133
121
122
110
109
97
98
86
85
73
61
49
37
38
39
40
28
29
30
31
32
33
21
9
8
7
19
20
32
33
34
35
23
11
10
22
34
46
45
44
43
55
54
66
65
77
89
90
91
103
115
114
102
101
100
88
76
75
87
86
74
62
61
73
85
97
109
121
133
134
122
110
98
99
111
112
124
123
135
136
137
138
126
125
113
101
100
88
89
90
78
79
67
68
56
57
69
70
58
59
71
83
82
81
93
94
95
107
106
105
104
116
115
127
128
129
117
118
130
131
143
144
132
120
119
120
108
96
84
72
60
48
47
35
36
24
12
11
23
22
10
9
21
20
8
7
19
18
6
5
17
16
4
3
15
3
2
1
13
25
26
14
26
27
39
38
50
51
63
64
52
53
41
42
30
31
50
1
27
30
87
143
61
79
67
20
136
64
119
81
106
105
111
37
63
90
42
55
97
69
116
92
36
102
77
17
15
124
44
132
140
139
96
108
12
124
33
28
24
123
85
98
1
40
143
5
46
35
138
60
29
66
96
28
122
41
8
127
121
65
115
73
31
70
21
15
3
102
85
86
12
82
49
132
23
39
60
30
62
95
47
51
9
89
113
104
83
65
31
111
46
110
36
27
68
125
50
125
18
114
104
141
48
59
32
117
68
91
42
66
8
100
58
72
2
114
90
53
48
57
71
122
51
93
23
103
34
21
52
129
75
99
76
78
14
24
70
71
84
133
80
11
142
74
43
120
138
141
59
67
61
103
25
11
131
78
93
123
7
112
17
112
69
45
62
6
40
75
33
58
44
4
13
120
19
128
37
34
94
94
81
43
26
4
20
87
54
16
118
140
13
133
134
41
127
109
109
101
39
92
10
45
19
84
110
79
88
82
10
137
35
116
3
100
128
18
16
54
115
64
83
118
2
101
97
80
144
113
135
117
137
63
9
5
56
135
38
6
22
130
49
7
91
14
107
29
134
77
26
129
55
126
32
105
99
142
130
144
74
47
73
72
89
139
126
119
106
107
56
38
108
52
95
136
22
53
76
131
86
88
98
57
25
121
19
35
105
30
27
102
68
91
114
59
40
76
76
39
31
1
27
113
14
139
29
93
115
113
22
70
77
79
122
122
33
34
68
98
72
143
117
4
78
15
1
7
46
120
98
127
138
136
109
111
71
48
125
137
6
28
8
121
37
62
69
36
81
39
131
134
23
116
86
59
132
128
95
5
121
102
105
92
136
112
13
99
66
44
51
115
3
38
58
19
55
72
89
47
83
38
29
91
25
132
80
95
96
133
100
41
63
117
109
7
2
123
82
48
141
110
135
6
107
137
10
11
65
61
25
106
3
144
74
85
130
53
17
67
84
126
8
107
141
23
9
133
50
75
88
123
56
77
131
127
134
14
125
60
54
4
52
49
81
101
69
2
21
33
13
56
31
135
86
26
43
79
94
42
138
89
83
45
64
32
139
118
144
17
140
57
129
45
128
34
143
53
18
63
36
47
80
94
129
118
114
124
104
51
130
75
88
11
16
116
85
28
49
103
67
60
50
142
35
106
84
70
9
32
12
87
119
52
87
100
92
97
112
15
46
110
140
119
20
18
74
90
66
64
10
78
120
126
20
42
24
97
103
58
41
44
12
99
93
111
101
142
40
43
108
24
26
82
16
96
65
73
57
71
62
90
5
124
30
61
104
108
21
73
37
54
22
55
144
132
131
143
142
130
129
141
140
128
116
117
105
104
103
115
127
139
138
137
125
126
114
113
112
111
99
98
86
87
88
89
90
102
101
100
112
124
136
135
123
122
134
133
121
109
97
85
73
61
62
74
75
76
77
65
66
67
68
80
81
69
57
45
44
43
55
54
42
30
29
41
40
28
16
17
5
4
3
2
1
13
14
15
27
39
38
26
25
37
49
50
51
52
53
65
64
63
75
76
64
63
51
52
53
54
42
43
31
19
20
21
22
23
35
47
48
60
59
71
70
58
46
34
33
32
44
56
57
45
33
32
31
30
18
6
7
8
9
10
11
12
24
36
48
60
72
84
96
95
83
82
94
106
118
119
120
108
107
106
118
117
116
115
103
91
92
93
94
82
70
58
46
47
59
71
72
84
83
95
96
108
107
119
120
132
144
143
131
130
142
141
129
128
140
139
127
126
138
137
125
113
114
102
90
91
79
67
55
56
68
69
81
93
105
104
92
80
79
78
66
78
77
89
101
100
88
87
99
111
110
98
110
122
123
124
136
135
134
133
121
109
97
85
86
74
73
61
62
50
49
37
38
26
25
13
1
2
14
15
3
4
16
28
27
39
40
41
29
17
5
6
18
19
7
8
20
21
9
10
22
23
11
12
24
36
35
34
12
11
23
24
36
35
47
48
60
59
58
46
45
57
69
70
71
72
84
96
95
83
82
94
106
118
117
129
128
116
104
92
80
81
93
105
106
107
108
120
119
131
132
144
143
142
141
140
139
138
126
127
115
103
91
90
78
66
54
55
43
42
41
40
52
64
65
77
76
75
87
88
100
99
98
86
85
97
109
121
133
134
122
110
111
112
124
123
135
136
137
125
113
101
89
90
102
114
115
103
102
114
113
101
89
77
76
64
63
62
50
38
26
14
15
16
4
5
17
18
30
29
28
27
39
51
52
53
41
40
39
51
63
75
74
73
61
49
37
25
13
1
2
3
4
5
6
7
8
20
19
31
32
33
34
22
10
9
21
33
34
46
58
70
69
68
56
44
32
31
30
29
28
16
17
18
6
7
19
20
8
9
21
22
10
11
12
24
23
35
36
48
47
59
60
72
71
83
84
96
95
94
82
81
80
68
67
66
65
53
54
42
43
44
45
57
56
55
67
79
78
79
91
92
93
105
104
116
117
118
130
129
130
131
119
107
108
120
132
144
143
142
141
140
128
127
139
138
126
125
137
136
124
123
135
134
133
121
122
110
109
97
98
99
111
112
100
88
87
86
85
73
74
62
61
49
50
38
37
25
26
14
13
1
2
3
15
27
70
99
32
29
94
21
66
28
127
111
76
19
85
11
61
144
86
124
8
143
32
55
81
92
3
73
18
141
4
121
113
113
91
71
114
6
46
17
53
117
72
12
131
45
96
14
98
86
10
92
88
79
77
125
120
114
37
72
101
34
122
7
20
83
12
24
130
140
10
56
51
11
76
47
123
117
46
23
59
75
121
101
100
62
4
140
15
47
107
132
59
130
30
136
16
20
43
26
137
44
141
135
75
105
139
93
18
142
79
22
133
16
33
95
65
129
97
102
132
49
78
9
25
19
31
6
2
40
126
81
108
26
50
61
54
88
123
13
97
23
2
90
64
84
58
116
13
115
129
110
109
38
64
80
107
89
74
39
105
63
93
67
1
27
116
127
8
77
142
50
56
102
21
108
5
52
25
68
31
139
82
57
22
53
95
27
85
128
33
71
68
94
136
57
82
55
36
87
41
65
118
63
36
143
58
109
1
39
99
119
100
98
15
73
138
83
49
45
80
30
87
106
84
137
54
122
131
112
44
9
144
43
51
70
115
128
134
103
96
125
42
7
90
110
3
14
118
124
66
119
29
17
111
134
69
40
135
52
78
41
104
138
126
24
35
112
103
28
38
106
69
74
60
120
60
48
89
37
133
5
91
34
104
42
48
62
35
67
31
108
116
140
55
39
1
13
36
109
7
55
59
117
78
8
117
28
141
24
69
104
106
70
4
93
34
32
123
57
107
5
132
141
96
77
2
47
83
128
122
74
66
19
84
61
130
69
79
41
115
27
88
65
102
3
14
58
37
42
65
140
5
33
98
80
26
42
92
86
45
79
99
20
84
45
110
110
76
66
39
13
48
18
81
76
64
113
132
125
75
27
115
73
100
90
121
24
96
44
75
120
25
100
72
73
6
111
40
98
54
89
127
19
11
30
62
26
10
138
80
121
15
113
138
46
133
2
56
47
91
59
38
109
63
129
106
52
67
94
38
29
143
15
18
108
105
23
131
71
94
10
33
77
29
6
35
130
129
12
3
122
60
50
63
105
71
131
17
135
14
9
101
58
123
49
68
88
144
41
126
143
54
95
119
107
23
139
21
89
53
127
57
103
103
86
101
60
43
34
124
46
51
118
124
9
99
125
64
32
25
37
16
87
87
44
68
133
7
91
116
67
51
40
112
97
112
136
139
48
56
92
114
119
83
61
74
95
104
137
4
82
11
30
135
16
1
20
50
12
81
128
49
142
126
52
93
21
43
8
82
97
114
22
120
111
118
142
78
53
31
85
134
137
90
85
144
102
134
22
62
17
36
72
28
70
35
136
