##Rat 3 Day 44
 ##rewards
127
116
38
##Vertices
110
68
30
10
102
121
120
114
105
136
137
89
123
34
107
100
33
108
90
96
21
17
91
49
57
139
7
40
77
124
71
144
53
94
38
101
97
13
140
27
35
22
72
61
93
125
64
141
83
40
48
9
2
31
25
23
17
141
100
56
26
144
66
28
126
50
76
114
90
126
19
36
71
82
54
80
130
87
10
55
137
1
88
108
21
125
16
76
86
79
18
62
104
4
69
43
112
37
36
31
132
84
60
47
103
113
60
14
134
85
39
39
3
47
32
117
5
3
24
20
15
121
118
136
142
49
24
115
89
127
94
50
128
81
14
26
15
102
105
61
113
27
51
12
46
43
140
74
138
116
52
75
35
119
73
11
101
80
44
124
22
138
33
6
73
132
38
117
115
110
99
70
7
45
97
98
34
128
81
41
83
67
8
133
29
44
56
69
88
59
78
58
129
66
41
106
59
23
30
123
106
82
62
135
46
77
86
29
6
85
130
95
65
131
72
64
57
74
55
99
122
51
111
122
20
52
32
109
67
116
112
16
118
142
139
78
12
63
103
79
92
109
131
120
4
42
119
133
104
65
143
134
98
95
143
96
91
127
1
19
135
111
13
11
25
63
107
48
84
92
54
93
18
75
129
28
8
58
5
87
2
9
42
37
53
45
68
70
34
38
137
135
18
112
110
22
35
33
102
77
80
116
92
130
19
27
120
68
89
67
103
79
133
108
75
12
141
33
5
136
107
86
144
13
43
122
128
5
41
118
143
81
77
6
61
1
23
104
102
9
113
140
69
111
84
123
143
63
107
85
125
139
68
11
24
87
126
53
52
50
17
84
9
41
96
51
38
49
26
91
20
140
98
17
64
47
55
22
74
82
93
40
21
88
36
45
25
108
66
100
24
29
115
117
32
46
133
57
58
101
48
141
72
104
70
19
64
37
29
106
137
71
138
7
20
136
54
60
14
28
65
39
114
43
89
91
12
10
105
90
81
42
129
67
7
97
139
120
97
3
71
134
66
70
76
105
134
99
121
93
37
15
1
40
58
114
74
56
8
4
124
69
82
42
123
142
46
109
103
119
34
65
95
94
3
109
2
62
76
27
28
47
50
44
122
80
83
78
26
35
59
130
31
128
98
100
8
2
4
126
72
45
119
11
112
110
30
124
118
44
31
62
90
25
86
88
115
57
131
101
106
83
142
125
60
61
121
52
96
117
10
95
16
73
49
127
30
55
132
32
63
73
18
79
59
131
51
87
13
78
135
113
138
16
15
94
99
116
53
127
14
39
21
85
56
48
132
129
111
23
54
92
144
75
36
6
1
13
25
26
27
28
16
17
18
19
7
6
5
4
3
15
14
2
3
4
5
6
18
30
29
41
42
54
55
67
68
80
92
91
90
78
66
65
64
63
75
87
86
74
73
85
97
109
110
111
99
98
97
85
73
61
49
37
38
39
51
50
62
63
51
52
40
41
53
54
66
67
79
80
81
69
57
45
44
32
20
21
33
34
22
23
35
47
48
60
59
58
70
71
72
84
83
95
94
93
105
106
118
130
142
143
144
132
131
119
120
108
96
84
72
60
48
36
24
12
11
10
9
8
7
19
31
43
55
56
68
69
81
82
94
93
105
117
129
128
127
115
116
104
103
102
114
126
138
137
125
113
101
89
77
76
88
100
112
124
123
122
121
133
134
135
136
137
138
139
140
139
127
126
114
113
125
124
136
135
123
122
134
133
121
109
110
98
99
111
112
100
88
87
86
74
75
76
64
52
53
65
77
89
101
102
90
78
79
91
92
104
103
115
116
128
140
141
142
141
129
117
118
130
131
143
144
132
120
119
107
106
107
108
96
95
83
82
70
71
59
47
46
34
22
23
35
36
24
12
11
10
9
8
20
21
33
45
46
58
57
56
44
32
31
43
42
30
29
28
40
39
27
26
38
50
62
61
49
37
25
13
1
2
14
15
16
17
144
132
131
130
118
119
120
108
96
95
83
84
72
71
70
58
59
60
48
47
46
34
22
23
35
36
24
12
11
10
9
8
20
19
31
32
44
45
57
69
68
80
79
91
92
93
81
82
94
106
105
117
129
128
140
141
142
143
144
132
120
119
107
106
105
104
116
115
103
102
114
126
125
137
138
139
127
115
114
113
101
100
112
111
110
122
123
124
136
135
134
133
121
109
97
98
86
85
73
61
49
50
62
74
75
63
64
52
40
28
27
26
25
37
38
39
51
63
75
87
99
100
88
76
77
89
90
78
66
67
55
43
42
54
53
65
64
52
51
39
27
15
14
13
1
2
3
4
5
6
7
8
9
21
33
45
46
58
57
56
44
43
31
30
18
17
29
41
40
28
16
17
16
15
14
13
1
2
3
4
5
6
7
19
18
30
29
41
42
54
53
65
66
78
77
76
88
89
90
91
103
102
101
113
112
111
99
87
86
74
62
50
38
26
25
37
49
61
73
85
97
98
110
109
121
133
134
122
123
135
136
124
125
137
138
126
127
139
140
128
129
141
142
143
131
130
118
117
116
104
92
80
79
67
55
56
68
69
70
71
83
82
81
93
94
95
107
108
96
84
72
60
59
47
48
36
35
23
24
12
11
10
22
34
33
32
20
21
31
124
114
52
115
100
10
39
50
48
78
65
22
7
38
41
49
75
116
63
140
20
112
118
97
133
28
51
59
136
127
136
2
5
74
105
71
37
28
119
29
2
119
106
80
49
86
56
88
141
6
69
47
12
9
57
23
139
104
79
1
106
96
9
94
50
79
35
3
110
98
27
32
24
55
104
134
29
91
143
55
139
137
44
111
130
53
33
140
56
97
48
101
126
8
61
82
1
15
92
42
19
38
110
96
138
108
25
62
113
46
105
5
17
60
14
30
81
34
26
120
90
121
46
12
32
64
77
117
72
111
98
59
16
100
141
69
82
67
47
72
54
31
78
135
125
68
75
16
91
99
4
109
128
93
21
71
18
109
18
35
93
76
42
19
45
64
92
65
129
95
88
54
45
129
86
17
84
130
34
25
3
57
6
126
60
61
123
103
132
66
68
87
131
15
118
43
112
117
89
122
113
33
123
134
11
125
23
122
26
36
20
133
108
4
102
85
121
128
80
77
70
142
43
27
94
70
21
116
115
144
66
24
74
63
131
41
8
137
101
84
44
142
120
107
144
58
51
81
36
107
62
132
53
76
30
95
103
52
127
99
22
135
37
89
87
14
124
73
114
11
83
73
83
13
138
85
7
39
40
58
40
10
90
143
67
102
13
43
45
36
34
122
72
82
128
110
34
76
51
140
60
14
53
22
90
30
141
85
33
14
114
2
107
78
57
68
11
13
67
84
62
115
21
20
94
80
137
98
50
64
64
102
103
7
18
63
109
136
40
49
94
118
71
48
40
118
106
135
39
27
67
122
102
117
144
125
127
73
119
59
92
123
24
33
65
16
86
137
101
75
43
54
73
32
81
70
101
50
29
60
55
32
112
116
91
98
31
104
77
15
23
106
61
6
20
19
141
35
81
130
28
61
57
18
96
37
83
36
28
100
92
104
144
126
143
47
111
110
55
25
95
80
3
140
35
87
85
131
128
51
74
72
75
54
11
45
136
120
142
30
21
139
12
138
129
82
115
105
58
13
38
84
111
46
46
99
134
22
59
121
66
4
15
113
69
83
93
135
58
126
9
66
10
71
41
95
1
88
120
70
5
47
38
116
90
139
29
7
41
121
68
9
134
42
138
2
56
133
132
117
3
17
127
119
100
23
112
62
132
107
42
8
79
5
89
131
65
99
129
124
93
125
1
24
6
114
78
19
16
8
142
109
96
37
143
52
17
76
97
48
77
53
63
108
91
26
25
69
108
56
86
31
123
4
74
130
39
26
87
113
88
27
105
79
52
12
44
44
49
97
103
89
133
10
124
133
134
135
123
122
110
98
97
109
121
133
134
135
136
137
138
139
140
128
127
115
103
104
92
93
105
106
118
130
142
141
129
117
116
104
103
102
114
113
125
124
112
111
99
87
86
74
75
76
88
89
101
100
88
87
75
63
51
50
62
61
49
37
25
26
14
15
27
39
38
37
25
13
1
2
3
4
5
17
18
30
42
43
55
56
44
32
31
19
7
6
5
4
16
28
29
41
40
52
53
65
66
67
79
91
90
78
77
76
64
65
77
89
90
78
66
54
55
67
68
69
81
82
83
95
94
93
105
106
107
119
131
143
144
132
120
108
96
84
72
71
70
58
57
45
46
34
33
21
22
23
24
12
11
10
9
8
20
32
44
56
57
45
33
34
35
36
48
60
59
47
35
23
22
10
11
12
24
36
48
47
59
60
72
71
83
84
96
108
120
132
144
143
142
141
129
128
140
139
138
126
125
137
136
124
123
122
121
109
97
85
73
85
73
61
49
50
38
26
14
13
1
2
3
15
16
17
29
30
18
6
7
8
9
21
20
19
31
43
42
54
53
41
40
28
27
39
51
52
64
63
62
74
86
98
110
111
99
100
112
113
101
102
114
126
127
115
116
117
118
130
131
119
107
95
94
82
81
80
79
91
92
80
68
69
70
58
46
12
24
36
35
23
22
21
9
10
11
12
24
36
48
60
72
84
96
95
83
82
81
93
92
104
105
117
118
119
120
108
107
106
94
93
81
69
70
58
59
47
46
34
33
32
20
19
31
43
44
56
57
45
44
32
31
30
29
17
18
6
5
4
3
15
14
26
27
28
16
4
3
2
1
13
25
37
49
50
62
63
64
76
77
89
88
87
75
74
73
61
49
37
38
39
51
52
40
41
53
54
66
78
79
80
68
67
55
43
42
54
55
56
68
67
66
65
77
78
90
102
103
115
127
128
116
104
105
117
129
130
131
132
144
143
142
141
140
139
138
126
114
113
101
100
112
111
99
98
110
122
134
133
121
109
97
85
86
87
88
89
101
100
99
111
123
135
136
137
125
124
123
122
110
109
121
133
134
135
136
124
125
137
138
126
127
139
140
141
142
143
144
132
120
108
107
95
96
84
72
71
59
60
48
47
35
23
11
10
9
8
7
8
7
6
5
17
16
15
14
2
1
13
25
26
38
50
51
63
62
61
73
85
97
98
86
74
75
76
64
65
53
52
40
39
27
28
29
41
42
30
18
19
20
21
22
34
33
45
46
58
57
69
70
71
83
82
94
106
118
119
131
130
129
128
116
115
103
91
79
80
92
91
90
102
114
113
112
66
41
18
91
39
13
9
102
99
86
129
11
78
54
104
110
5
13
86
12
34
19
102
137
83
100
134
10
106
98
85
113
35
5
97
131
16
144
47
123
127
94
77
125
31
122
139
79
15
120
58
64
101
65
3
106
109
110
36
93
111
71
55
87
101
89
45
74
66
8
111
7
42
122
7
47
37
135
131
43
79
98
46
138
108
91
137
92
117
81
109
74
82
19
68
84
48
63
14
116
53
50
56
6
132
129
21
20
118
88
35
88
28
117
80
30
115
73
112
133
2
50
124
119
99
126
133
90
23
60
89
112
49
143
34
52
57
23
58
140
1
73
134
61
116
95
125
11
69
115
29
69
128
17
62
130
44
119
15
75
12
41
21
128
26
39
92
96
4
121
55
141
33
31
27
27
70
24
142
36
32
42
83
77
28
97
30
75
48
57
100
16
6
51
40
127
85
62
32
45
59
135
132
24
70
37
25
105
17
104
67
29
1
93
107
49
2
38
38
123
53
76
25
138
113
95
59
64
40
82
143
139
78
84
120
67
108
96
107
142
136
90
43
71
105
118
26
76
65
72
52
103
61
68
126
80
9
144
81
87
121
8
4
44
51
136
3
33
140
54
22
103
10
124
114
46
141
63
130
20
14
22
60
72
18
114
94
56
64
114
65
55
15
23
60
43
61
98
54
86
144
113
65
102
4
32
9
143
108
58
33
96
11
104
71
22
47
72
32
117
73
120
90
99
143
103
21
133
92
54
38
8
27
97
6
23
100
67
114
141
127
6
12
12
2
19
44
24
69
61
122
76
105
80
22
121
51
72
58
5
77
142
7
110
36
131
82
16
134
135
41
37
128
14
26
89
134
93
20
78
138
36
53
78
138
69
15
60
68
28
129
118
132
40
121
42
136
115
115
122
113
99
74
43
101
44
83
45
105
63
48
131
87
127
137
118
34
1
124
14
142
140
97
100
71
128
5
87
13
27
68
124
101
26
126
38
119
31
13
126
29
84
30
81
96
46
125
40
59
80
24
25
62
28
8
91
34
10
46
93
49
66
31
59
130
94
141
130
48
109
73
75
139
3
106
116
3
106
55
7
110
112
4
125
2
29
81
37
91
45
53
133
82
79
52
129
66
11
67
135
116
83
17
49
56
137
109
132
50
120
57
63
144
85
18
57
76
123
35
107
35
102
111
136
70
51
88
108
140
112
56
39
123
17
79
117
95
42
25
98
77
95
20
84
94
52
64
103
90
107
18
89
39
10
139
86
16
119
62
50
30
104
92
111
70
33
74
85
1
19
75
47
41
9
21
88
12
24
36
48
60
59
47
46
58
70
69
57
45
44
56
55
43
42
54
66
78
77
76
64
65
53
52
40
41
29
17
18
6
5
4
16
28
27
15
14
2
1
13
25
37
49
50
51
63
62
74
75
87
99
111
112
113
114
102
103
91
92
93
105
106
118
117
116
104
92
80
68
67
79
80
81
82
94
95
83
71
72
84
96
108
107
119
131
132
144
143
142
141
140
139
127
128
129
130
142
141
140
139
138
126
125
137
136
124
123
135
134
133
121
122
110
109
97
98
86
85
73
61
49
37
38
39
40
28
29
30
31
32
33
21
9
8
7
19
20
32
33
34
35
23
11
10
22
34
46
45
44
43
55
54
66
65
77
89
90
91
103
115
114
102
101
100
88
76
75
87
86
74
62
61
73
85
97
109
121
133
134
122
110
98
99
111
112
124
123
135
136
137
138
126
125
113
101
100
88
89
90
78
79
67
68
56
57
69
70
58
59
71
83
82
81
93
94
95
107
106
105
104
116
115
127
128
129
117
118
130
131
143
144
132
120
119
120
108
96
84
72
60
48
47
35
36
24
12
11
23
22
10
9
21
20
8
7
19
18
6
5
17
16
4
3
15
3
2
1
13
25
26
14
26
27
39
38
50
51
63
64
52
53
41
42
30
31
133
134
135
136
137
125
124
112
113
114
102
101
100
88
89
77
76
64
65
66
67
55
43
42
54
53
41
40
52
51
50
62
61
49
37
38
39
27
26
14
13
1
2
3
4
5
17
29
30
18
19
31
32
33
34
46
58
70
69
81
80
92
104
105
117
118
106
94
93
92
91
90
78
79
91
103
115
116
128
127
126
138
139
140
141
129
130
131
143
144
132
120
108
96
84
83
95
107
119
120
108
96
84
72
71
59
60
48
47
35
36
24
12
11
23
22
10
9
21
20
8
7
6
5
4
16
28
40
39
51
63
75
87
99
98
97
85
73
74
86
87
99
111
123
122
121
109
110
111
112
100
88
76
77
65
66
54
55
56
68
80
81
82
70
69
57
45
44
43
31
32
20
19
18
6
7
8
9
10
11
12
24
23
22
21
33
34
46
47
35
36
48
60
72
71
59
58
57
45
44
56
68
67
79
78
90
89
101
102
114
113
125
126
127
115
103
104
116
128
129
117
105
93
94
82
83
95
107
106
118
119
131
132
144
143
142
130
142
141
140
139
138
137
136
124
123
135
134
133
121
122
110
109
97
98
86
85
73
74
62
61
49
50
38
37
25
26
25
13
1
2
3
15
14
15
27
28
16
17
29
30
42
41
53
52
64
63
75
