##Rat 2 Day 45
 ##rewards
18
29
107
##Vertices
1
2
14
13
25
26
38
37
49
50
51
39
40
52
64
63
62
61
73
85
86
74
75
87
99
111
112
124
125
113
101
89
77
76
88
100
99
98
97
109
110
122
121
133
134
135
136
137
138
139
127
126
114
102
90
91
79
67
55
54
42
43
44
45
57
69
68
80
81
82
94
93
105
106
107
95
96
108
120
132
144
143
131
119
118
117
129
130
142
141
140
128
116
104
92
91
103
115
114
102
103
115
116
104
92
80
81
69
70
71
59
47
35
23
22
21
9
8
20
19
31
32
33
34
46
58
57
56
44
45
46
58
70
82
83
84
72
60
48
36
24
12
11
10
9
8
7
6
5
17
18
30
29
28
27
15
3
4
16
28
27
39
51
63
64
65
53
41
29
30
31
32
33
21
20
19
7
6
18
17
5
4
16
15
3
2
1
13
14
26
25
37
38
50
49
61
62
74
73
85
86
87
75
76
77
65
66
67
68
56
55
43
42
41
40
52
53
54
66
78
79
78
90
89
88
100
101
113
112
111
123
124
123
122
110
98
97
109
121
133
134
135
136
137
125
126
138
139
127
128
140
141
129
130
142
143
144
132
131
119
120
108
107
106
118
117
105
93
94
95
96
84
83
71
72
60
59
47
48
36
35
23
24
12
11
10
22
34
133
121
122
134
135
123
124
136
137
125
113
112
100
101
102
114
126
138
139
140
128
127
115
116
117
118
106
107
95
94
93
92
91
103
104
105
117
129
141
142
130
131
143
144
132
120
108
96
84
72
71
83
82
81
80
68
67
66
65
77
76
64
52
40
41
42
54
55
43
31
32
44
45
33
21
20
8
9
10
11
12
24
23
22
34
46
47
35
36
48
60
59
58
57
56
68
69
70
82
81
69
70
58
57
56
55
43
42
30
18
17
16
15
14
26
38
37
49
50
62
63
51
39
27
28
29
41
53
52
40
28
29
30
31
19
7
6
5
4
3
2
1
13
25
37
49
61
73
85
86
74
75
87
99
111
110
109
97
98
99
111
112
113
114
102
90
89
88
87
75
63
51
39
38
50
62
61
73
74
86
85
97
98
110
109
121
133
134
122
123
135
136
124
125
137
138
126
127
139
140
128
116
115
103
91
90
78
66
54
53
65
64
76
88
100
101
89
77
78
79
67
79
80
92
104
105
93
94
106
118
119
107
119
131
130
129
141
142
143
144
132
120
108
96
95
83
84
72
71
59
60
48
47
35
36
24
12
11
23
22
10
9
21
33
34
46
45
44
32
20
8
7
19
18
6
5
17
16
4
3
15
14
2
1
13
25
26
27
14
86
77
25
119
21
42
57
25
33
141
53
42
18
22
96
39
104
103
23
110
71
143
144
113
92
32
137
29
38
55
107
139
70
90
129
55
5
79
76
91
135
44
84
112
75
3
19
83
100
58
48
125
20
137
51
120
84
112
87
108
144
102
2
115
24
105
74
140
101
56
62
4
49
130
48
26
16
89
88
47
11
30
97
109
93
129
49
41
76
45
89
95
96
6
100
105
51
32
106
101
20
1
75
103
26
37
37
94
123
138
127
40
91
53
6
118
52
65
94
57
41
61
22
4
13
85
66
119
114
19
61
2
28
10
65
111
3
104
108
95
54
117
34
36
79
77
78
125
72
14
47
45
59
121
93
12
90
118
29
131
56
63
106
114
141
34
72
82
78
8
97
110
123
12
60
27
68
98
13
135
85
69
63
99
17
71
23
35
130
140
54
80
74
67
88
11
92
138
9
24
115
70
52
82
16
46
64
116
69
128
116
38
132
64
113
124
139
50
67
1
73
8
136
36
121
134
44
111
10
43
68
120
9
66
31
7
86
31
133
60
80
98
46
81
134
107
15
127
17
59
99
43
124
50
102
62
30
132
122
15
109
39
18
142
122
83
143
142
33
87
136
73
5
117
28
131
35
21
7
133
126
81
126
27
58
128
40
12
61
5
28
35
76
98
113
143
121
4
66
122
6
69
137
32
114
116
90
12
76
120
41
35
37
95
44
7
28
92
6
8
42
106
94
77
142
67
79
112
56
46
122
55
93
39
42
18
39
34
26
97
68
14
143
78
53
111
20
115
109
141
124
108
100
104
96
127
85
58
58
91
110
9
75
49
2
106
129
49
114
51
4
1
115
61
77
119
52
32
119
43
135
25
69
83
10
5
121
30
52
84
31
102
128
104
43
80
130
3
30
139
99
142
107
89
85
68
64
133
132
59
55
132
131
117
83
91
56
11
74
31
133
48
110
103
34
117
111
134
24
67
33
138
25
23
71
87
38
101
10
103
136
47
63
18
144
90
105
50
100
97
26
60
62
140
27
92
108
15
136
112
3
73
17
7
54
138
20
118
127
1
19
64
70
89
9
101
88
94
96
59
113
15
13
29
57
72
81
125
72
22
53
126
45
144
2
81
129
118
78
88
137
41
17
60
27
140
13
80
79
124
135
141
11
75
51
66
126
50
63
105
70
16
87
73
120
102
45
22
33
48
82
123
24
74
65
29
21
130
123
131
84
62
125
36
82
54
46
23
16
107
93
14
57
65
86
21
47
36
128
40
44
109
139
95
99
116
86
37
98
19
134
71
38
8
40
144
132
120
108
107
119
118
130
131
143
142
141
140
139
127
128
116
117
129
141
140
128
116
115
114
126
125
113
112
124
136
137
138
139
127
115
103
102
90
78
79
80
81
69
70
58
57
45
46
34
33
21
22
23
35
36
24
12
11
10
9
8
7
6
5
4
3
2
1
13
25
26
14
15
27
39
40
52
64
65
53
54
55
56
68
67
66
54
42
41
29
17
16
28
29
30
31
32
44
43
42
30
18
19
20
8
9
21
33
34
46
47
48
60
72
71
59
58
70
82
94
95
96
84
83
82
81
93
105
104
92
91
103
102
101
89
77
76
75
63
62
74
73
85
86
87
88
100
99
98
97
109
110
122
123
135
134
133
121
109
97
85
73
61
49
50
51
63
64
65
66
67
55
56
68
69
57
45
44
43
31
32
20
19
7
6
18
17
5
4
16
28
40
41
53
52
51
50
38
37
25
13
1
2
3
15
14
26
27
39
38
37
49
61
62
74
86
87
75
76
88
100
99
98
110
111
112
111
123
122
121
133
134
135
136
124
125
137
138
126
114
113
101
89
77
78
90
91
79
80
92
104
105
117
129
130
142
143
144
132
131
119
120
108
96
84
72
60
48
36
24
12
11
10
22
23
35
47
59
71
83
95
107
106
118
106
94
93
12
11
10
9
21
22
34
35
23
24
36
48
60
72
71
59
58
46
47
48
60
59
58
70
82
83
95
94
106
107
108
96
84
72
71
70
69
81
80
79
67
55
43
42
30
29
41
40
28
27
39
38
26
14
15
3
2
1
13
25
37
49
61
73
85
97
109
121
133
134
135
123
122
110
111
112
100
101
102
90
89
77
65
53
54
66
78
77
76
88
87
86
98
99
87
75
63
51
52
64
76
75
74
62
50
49
37
38
39
27
28
16
4
5
6
18
17
29
30
31
32
20
8
7
19
31
43
44
45
57
56
68
69
81
93
92
91
103
115
114
126
127
139
140
128
116
104
105
117
129
141
142
130
131
119
120
132
144
143
142
141
140
139
138
137
125
113
114
102
90
78
66
65
53
54
42
41
40
52
64
63
51
50
62
61
73
74
86
85
97
98
99
100
88
89
101
113
125
124
136
135
134
133
121
109
110
122
123
111
112
124
136
137
138
126
127
128
116
115
103
104
105
117
129
130
118
106
118
119
131
143
144
132
120
108
107
95
96
84
83
82
94
93
92
91
79
80
68
67
55
56
57
45
46
47
35
36
24
12
11
23
22
10
9
8
7
6
5
4
3
2
1
13
25
26
14
15
16
17
18
19
20
21
33
34
33
32
44
42
13
140
65
132
70
143
31
112
36
18
123
103
77
131
60
70
59
96
115
84
58
9
23
141
90
34
87
92
22
134
60
43
48
68
111
110
105
85
37
24
103
46
132
104
124
17
81
77
95
110
32
102
78
72
126
66
94
82
67
130
2
139
19
33
62
144
7
114
56
41
26
63
43
31
122
98
127
50
38
19
12
52
29
34
138
100
46
127
63
125
17
94
116
121
55
113
54
35
45
112
85
134
123
88
47
101
69
51
23
66
79
53
113
11
13
137
2
136
95
128
16
99
101
136
98
99
108
3
88
142
97
28
96
25
144
71
86
80
8
125
72
128
133
21
133
55
106
16
25
142
11
58
41
14
74
120
139
67
9
93
12
18
56
40
135
52
47
33
111
105
49
5
61
108
87
73
40
75
124
30
121
126
38
15
32
1
116
84
97
42
22
27
107
68
83
49
73
48
117
109
89
100
10
21
6
35
109
24
64
143
71
90
62
82
140
119
50
26
129
30
53
36
118
37
69
117
39
39
5
137
91
107
6
78
57
80
83
44
4
27
1
61
102
15
129
89
104
119
106
76
115
131
4
3
20
14
135
54
92
122
130
57
114
7
64
51
93
65
91
79
118
59
76
81
74
120
45
28
44
138
86
29
20
75
8
10
141
118
40
15
12
39
87
82
5
120
112
83
24
65
92
29
141
94
112
86
73
41
37
134
19
117
8
48
52
32
103
43
78
19
51
107
123
136
118
34
16
106
102
22
85
115
139
11
37
61
122
125
133
70
2
116
14
139
105
137
13
134
101
140
31
80
105
126
72
30
44
87
86
136
114
32
76
9
108
143
75
57
132
42
130
124
2
110
18
15
17
13
63
14
9
129
90
50
25
99
53
123
88
27
96
120
38
76
91
142
27
25
95
56
97
130
84
75
71
69
58
46
121
35
122
110
82
57
71
49
144
29
80
41
138
62
92
49
33
45
67
85
78
47
16
95
73
100
98
128
62
50
65
109
84
36
21
39
12
3
61
7
10
8
35
98
121
126
129
117
144
4
69
111
96
116
77
131
81
52
47
135
142
90
88
1
11
70
103
127
1
7
6
21
23
125
89
119
60
72
40
68
64
59
104
66
34
83
18
89
43
114
99
141
107
79
109
23
97
131
102
5
138
104
55
48
17
94
132
133
28
91
77
137
36
45
55
115
111
64
24
74
44
127
22
51
66
63
20
101
119
30
113
54
31
100
74
33
6
38
10
128
81
58
26
106
42
143
59
135
79
113
46
124
20
28
54
67
140
56
3
60
53
68
4
108
93
26
93
1
2
14
26
27
28
40
39
51
50
49
37
25
13
1
2
3
4
16
15
3
4
5
6
7
8
9
10
11
12
24
36
35
23
22
34
33
21
20
19
31
32
44
43
55
54
66
67
68
80
92
91
79
78
90
102
114
113
125
126
127
139
138
137
136
124
112
111
99
98
86
74
75
87
88
100
101
89
77
76
64
52
53
65
64
63
62
61
73
85
97
109
110
122
123
135
134
133
121
109
97
85
73
61
49
37
38
50
51
52
40
41
29
30
42
43
44
56
57
58
59
60
72
71
70
82
81
93
94
106
105
104
116
117
129
130
131
119
120
132
144
143
142
141
140
128
116
115
103
102
101
89
77
65
53
54
55
56
68
69
57
45
46
47
48
60
72
84
96
95
83
82
94
106
105
104
103
91
90
78
66
67
79
80
92
93
81
69
70
58
46
45
33
32
31
30
42
41
29
28
27
39
38
26
25
13
14
15
16
17
18
17
5
6
18
19
7
8
20
21
9
10
11
12
24
23
22
34
35
36
48
47
59
71
83
84
96
95
107
108
107
108
120
119
118
117
118
130
131
132
144
143
142
141
129
128
140
139
138
126
127
115
114
113
125
124
123
111
112
100
99
87
88
76
75
63
62
74
86
98
110
122
121
133
134
135
136
137
12
24
23
22
34
46
45
33
32
20
8
9
10
11
12
24
36
48
47
35
36
48
60
72
84
96
108
120
132
144
143
142
130
131
119
118
106
107
95
83
82
94
93
81
80
68
67
79
91
90
89
77
78
66
65
64
63
51
50
62
74
73
61
49
37
38
39
27
28
16
17
18
30
29
41
40
52
53
54
42
43
44
56
55
43
31
19
7
6
5
4
3
15
14
26
25
13
1
2
3
4
5
6
7
8
9
21
20
32
44
45
57
58
70
69
81
93
92
104
116
128
140
139
127
115
114
102
101
113
112
100
88
87
99
98
110
122
123
135
134
133
121
109
97
85
86
87
75
76
64
52
53
54
55
56
68
80
92
91
103
104
105
117
129
141
140
139
138
137
125
126
114
113
112
100
88
76
77
65
66
67
79
78
90
89
101
102
103
115
116
117
105
106
94
82
70
69
57
58
46
34
33
21
22
10
11
23
35
47
59
71
59
60
72
71
83
84
96
95
107
108
120
132
144
143
131
119
118
130
142
141
129
128
127
126
138
137
125
124
136
124
136
135
123
111
99
111
110
122
134
133
121
109
97
98
86
85
73
61
62
74
75
63
51
50
38
26
27
39
40
28
29
41
42
30
31
19
18
17
16
15
14
2
1
13
25
37
49
28
87
96
99
74
47
99
1
92
54
37
2
10
68
133
107
36
111
67
98
14
128
76
44
89
106
60
23
29
96
7
48
117
129
30
40
141
119
3
22
139
120
91
94
73
34
9
39
28
110
140
136
5
22
105
140
8
3
52
80
100
110
30
119
24
47
123
70
20
55
90
61
56
69
94
13
137
135
95
88
68
80
118
84
63
85
142
27
127
46
135
142
58
113
89
62
116
69
14
52
87
138
105
35
138
130
74
78
29
125
73
81
45
65
64
122
85
71
71
15
115
66
98
48
108
8
6
76
72
124
124
75
64
77
100
32
18
72
70
38
50
36
136
40
103
39
42
4
131
7
20
57
101
63
97
33
143
16
120
17
84
134
104
88
126
83
17
144
102
137
109
31
108
97
9
66
37
49
144
91
11
130
79
114
127
104
141
59
109
90
115
25
132
78
133
114
107
116
129
106
15
5
81
139
6
12
143
123
51
132
126
31
122
55
86
44
60
43
82
86
24
27
54
21
43
26
67
112
32
23
79
10
121
1
117
41
93
128
34
26
82
95
118
125
51
77
53
18
92
13
21
46
61
49
103
45
65
19
53
33
25
11
75
134
4
112
62
58
38
35
101
93
113
121
42
19
59
83
57
2
131
16
12
50
41
111
102
56
10
78
48
56
46
142
27
58
65
61
68
22
38
12
85
66
70
28
57
55
40
114
117
27
40
47
34
124
112
101
112
115
100
45
24
70
143
15
141
32
114
74
53
130
50
118
113
129
46
43
104
81
19
88
99
37
116
83
91
131
49
111
84
97
122
109
49
21
7
127
68
125
14
62
63
94
144
92
74
9
88
109
140
52
125
128
8
129
71
117
65
77
124
58
2
53
11
69
60
82
98
34
138
116
71
44
23
73
89
28
75
138
77
69
38
108
78
140
24
59
85
11
52
120
20
12
41
31
33
36
105
113
76
51
62
32
126
89
66
14
122
56
8
106
25
133
106
7
75
90
5
134
96
105
79
132
21
139
102
142
120
79
47
95
107
107
44
51
22
16
80
135
86
99
91
57
30
54
134
1
121
101
87
80
72
110
110
82
54
50
115
123
72
3
29
26
81
103
135
2
143
121
42
104
61
3
42
86
29
5
31
33
103
93
35
48
37
128
98
119
137
144
130
137
90
1
133
100
136
96
83
25
9
4
18
39
10
97
118
63
84
60
67
108
119
102
64
59
139
123
141
136
16
18
55
67
41
39
23
76
127
6
17
95
17
126
15
36
26
132
111
13
13
43
30
35
131
92
4
19
73
94
6
87
64
93
45
20
