##Rat 3 Day 39
 ##rewards
127
116
38
##Vertices
12
11
23
35
34
33
45
46
58
59
60
48
36
24
12
11
10
9
21
22
10
9
8
7
6
5
4
3
2
1
13
25
26
14
15
27
28
16
17
18
30
29
41
42
54
55
67
66
65
77
89
90
78
79
91
103
115
116
128
127
126
138
139
140
141
129
117
118
106
107
95
83
82
94
93
105
104
92
80
81
69
57
56
68
69
70
71
72
84
96
108
120
119
131
130
142
143
144
132
120
108
96
84
72
60
48
47
59
58
57
45
44
32
31
43
42
41
53
52
51
50
49
61
62
63
75
76
88
87
99
100
101
113
112
124
123
122
110
109
121
133
134
135
136
137
125
113
114
102
103
104
92
80
68
56
55
54
53
65
64
52
40
39
38
37
49
61
73
85
86
74
75
87
99
100
101
102
90
91
79
67
66
78
77
89
88
76
64
63
51
39
40
28
29
30
31
43
44
32
33
34
46
47
35
36
24
23
22
21
20
19
20
8
7
19
18
6
5
17
16
4
3
2
1
13
14
15
27
26
25
37
38
50
62
74
73
85
86
98
97
98
97
109
110
111
112
111
123
122
121
133
134
135
136
124
125
137
138
139
127
126
114
115
116
128
129
130
118
117
105
106
94
93
81
82
70
71
83
95
107
119
131
132
144
143
142
141
140
133
121
122
123
111
99
100
112
113
125
137
136
135
134
133
121
109
97
98
110
109
97
85
73
61
49
37
25
13
1
2
3
15
14
26
27
39
38
50
62
63
51
52
64
65
77
78
66
54
55
56
68
67
79
80
81
82
94
95
83
71
72
84
96
108
107
106
118
117
129
128
127
115
116
104
105
93
92
91
103
102
101
89
90
102
114
126
138
139
140
141
142
130
131
119
120
132
144
143
142
141
140
139
138
137
136
124
125
113
101
100
88
87
75
76
64
52
53
41
29
17
5
6
18
30
31
43
44
32
33
45
57
58
46
47
35
23
22
10
11
12
24
36
48
60
59
58
70
69
81
93
92
91
90
89
77
65
53
54
42
41
40
28
16
4
5
6
7
8
20
19
31
32
33
45
57
69
68
80
79
78
66
67
55
56
44
43
42
30
29
28
40
39
51
63
75
76
88
87
99
111
112
124
123
135
134
122
110
98
86
74
86
85
73
74
62
61
49
50
38
37
25
13
1
2
14
26
27
15
3
4
16
17
18
19
7
8
20
21
9
21
9
10
22
34
46
34
35
23
11
12
24
36
48
47
59
60
72
84
83
71
70
82
94
95
107
119
118
106
105
117
116
104
103
115
114
126
127
128
129
130
131
143
144
132
120
108
96
87
133
132
108
58
38
15
5
67
44
119
131
34
46
45
43
92
137
76
48
94
143
144
107
85
13
18
79
21
82
75
82
54
96
130
93
53
69
142
103
121
47
36
138
121
50
75
135
28
63
30
17
113
70
72
7
38
69
41
91
56
83
5
6
109
124
80
29
52
73
9
106
102
120
77
50
54
122
41
16
10
15
101
40
85
116
71
117
20
19
128
127
122
8
3
12
135
118
78
123
31
16
74
39
55
33
42
32
18
115
84
21
58
45
104
111
113
114
32
11
62
134
30
22
92
26
56
125
2
129
90
119
88
14
141
37
68
123
23
133
61
78
53
4
84
83
26
76
81
86
106
128
48
35
97
105
140
8
131
43
81
37
9
79
27
59
20
93
138
68
100
66
47
87
141
89
115
1
105
111
11
55
40
129
6
3
80
31
29
51
70
88
109
25
86
132
61
49
98
101
1
51
66
99
24
10
23
114
65
72
28
90
42
116
52
64
12
65
108
99
95
36
139
25
57
59
7
33
142
63
136
103
110
144
102
143
97
19
139
125
44
91
98
57
104
71
39
74
14
124
35
73
67
120
24
17
2
112
118
60
60
62
95
137
64
126
77
94
13
22
140
46
89
27
136
134
127
49
126
110
100
34
112
107
96
117
4
130
68
90
63
74
43
11
27
23
32
70
113
143
7
123
19
45
91
38
88
9
49
105
33
144
29
71
102
60
53
138
66
69
62
98
22
139
78
43
31
13
112
69
138
35
49
65
117
130
87
36
110
10
103
20
102
136
121
58
77
54
111
44
34
25
17
16
52
65
76
99
21
66
140
26
22
79
81
24
134
61
3
142
40
67
124
106
114
109
83
2
51
126
108
61
12
144
10
20
132
115
125
63
64
121
50
137
135
114
106
78
81
87
6
108
82
118
92
37
4
127
14
107
80
97
127
95
116
64
104
28
117
71
23
73
18
18
5
1
24
31
136
118
6
134
60
75
25
142
131
45
58
83
77
116
12
133
123
74
120
41
14
27
141
62
51
40
128
73
128
112
67
29
82
1
55
89
8
39
30
84
59
46
86
135
11
32
34
101
92
8
84
107
76
33
95
41
94
119
57
72
103
89
15
47
93
125
38
75
96
143
91
120
122
132
101
59
46
111
50
2
42
122
129
90
19
57
13
17
79
56
105
124
52
133
129
55
113
42
28
21
68
94
110
53
56
48
37
15
86
47
44
16
115
88
100
100
126
30
9
97
104
70
139
48
3
93
85
109
39
54
137
7
141
36
130
131
26
85
98
140
5
72
80
4
99
119
96
35
1
2
14
26
27
39
51
52
53
41
29
30
18
6
5
17
16
4
3
15
27
28
40
39
38
37
49
61
62
74
73
85
86
87
99
98
110
122
123
135
136
124
125
137
138
126
127
115
114
102
103
104
116
128
129
141
142
130
118
117
105
106
94
95
107
108
96
84
83
82
81
69
70
71
72
60
59
47
48
36
35
23
22
10
11
12
24
36
48
60
72
84
96
108
120
119
131
132
144
143
142
141
140
139
138
137
136
135
134
133
121
109
97
85
73
61
49
50
62
63
75
76
88
100
112
111
123
124
125
113
101
89
77
65
64
76
77
78
79
67
66
54
42
43
55
56
57
58
46
45
44
32
20
8
9
21
33
34
35
47
59
71
83
95
94
93
92
80
68
67
55
56
44
32
31
19
20
8
7
6
7
19
18
30
31
43
42
54
66
78
79
80
68
69
57
45
33
21
9
10
11
12
24
23
22
34
46
58
70
82
81
93
105
106
107
119
120
132
144
143
131
130
118
117
129
128
140
139
127
126
114
102
103
115
116
104
92
91
90
91
90
89
88
87
99
100
101
113
112
111
110
122
134
133
121
109
97
98
86
74
75
63
51
52
64
65
53
41
40
28
29
17
5
4
16
15
3
2
1
13
14
26
25
13
25
37
38
50
144
132
131
130
118
117
116
104
92
93
94
82
83
84
96
95
107
108
120
119
118
106
105
117
129
141
140
139
127
126
138
137
125
113
112
124
123
122
110
109
97
98
86
85
73
74
62
63
75
76
64
52
51
50
38
37
25
26
27
39
40
28
29
17
16
4
5
6
18
30
42
43
31
19
7
8
20
21
9
10
22
23
35
36
24
12
11
10
9
8
7
6
5
4
3
15
14
2
1
13
25
37
49
61
73
85
97
109
121
133
134
135
136
137
138
139
140
128
127
115
114
102
101
100
99
111
110
98
86
87
88
89
90
91
103
102
90
78
66
67
79
80
81
69
68
56
44
32
33
45
57
58
59
60
48
47
46
34
22
21
20
19
18
17
29
41
53
54
55
67
68
56
57
58
70
71
59
60
72
84
72
71
83
82
70
69
81
80
79
78
66
54
55
43
44
45
46
47
48
36
24
12
11
23
35
34
33
32
31
30
42
41
40
28
16
15
3
2
1
13
14
26
27
39
38
50
49
61
62
74
75
76
64
63
51
52
53
65
77
65
77
89
101
113
112
100
88
87
99
111
123
122
121
133
134
135
136
124
125
126
114
115
116
104
103
91
92
93
105
106
94
95
96
108
107
119
120
132
144
143
131
130
142
143
142
141
129
128
85
47
25
90
120
58
124
51
37
38
132
15
92
138
79
120
35
103
28
112
21
83
80
141
78
128
31
47
14
91
79
2
66
127
44
130
107
38
17
5
131
133
36
34
28
72
21
77
114
122
139
69
18
121
42
49
94
109
134
136
53
35
74
105
110
98
10
86
64
70
133
10
118
24
16
100
76
3
40
41
24
129
66
4
96
122
74
132
101
45
65
99
115
137
103
63
98
62
96
67
33
1
32
14
141
113
63
94
99
107
104
65
119
126
81
62
110
41
57
56
119
43
48
8
33
2
60
104
15
39
142
3
12
102
140
5
128
11
37
55
42
137
111
4
43
54
81
18
13
93
89
100
118
46
23
36
97
111
19
73
83
75
16
125
143
87
59
115
95
61
105
54
92
112
20
61
52
25
108
89
17
88
27
108
80
135
127
134
135
6
39
6
139
45
53
75
7
29
113
22
27
109
106
72
58
86
140
116
68
78
87
124
73
51
50
68
71
30
138
142
67
71
125
97
136
22
131
34
32
50
23
116
29
102
77
11
70
82
9
84
114
129
8
93
20
101
64
91
123
130
84
1
117
30
46
7
26
123
143
40
57
44
117
85
126
9
31
52
144
26
69
49
59
121
12
144
60
48
82
55
56
95
88
76
90
13
106
19
59
24
92
32
34
83
66
10
8
93
109
29
94
64
65
93
50
95
65
16
107
66
118
116
122
44
101
72
3
5
128
11
11
48
122
34
60
13
140
1
10
102
118
7
107
52
31
24
4
127
139
106
31
87
61
98
134
123
138
77
73
86
139
79
46
68
96
26
47
138
30
75
36
133
51
114
90
76
30
57
99
108
131
84
88
21
49
3
19
2
78
12
108
15
119
104
17
35
143
75
21
80
63
124
69
121
106
136
37
92
27
100
1
52
71
70
103
141
60
67
81
25
105
40
14
130
7
18
53
129
36
37
135
115
86
42
90
64
63
44
45
91
144
79
125
51
125
25
83
43
143
53
133
22
111
17
120
58
47
41
9
137
16
89
84
38
73
54
113
117
33
98
142
110
136
142
76
23
88
82
112
38
91
85
32
74
85
46
123
20
4
95
89
104
119
124
28
12
128
126
96
14
94
112
18
135
117
61
8
54
130
72
120
140
134
137
131
15
56
103
111
9
101
33
78
48
69
99
67
41
109
39
68
6
13
132
43
49
22
87
113
110
62
55
29
50
40
20
116
82
58
19
102
144
2
71
97
26
35
56
81
59
141
28
77
105
74
62
5
57
126
115
42
55
127
80
70
129
39
45
121
114
100
97
132
23
27
6
133
134
135
123
124
136
137
125
113
114
102
90
78
79
80
68
56
44
43
42
41
40
39
51
52
64
65
77
89
88
87
75
76
64
63
62
74
73
61
49
37
38
26
14
13
1
2
3
15
27
28
16
4
5
6
7
19
20
21
22
34
33
45
46
47
59
71
72
60
48
36
35
23
11
10
9
8
7
6
18
30
29
17
5
4
3
15
16
17
18
30
31
32
33
34
46
58
57
69
70
82
83
84
96
95
107
108
120
132
144
143
142
141
129
117
116
128
127
126
138
139
140
141
142
130
131
119
118
106
105
104
103
91
92
93
81
82
94
93
92
104
116
115
103
91
79
67
66
54
53
65
66
78
90
102
101
100
112
111
99
98
86
85
97
109
110
122
121
109
97
98
110
111
123
122
121
133
134
135
136
137
125
124
112
100
99
87
88
76
77
89
101
113
114
115
127
126
138
139
140
128
129
130
118
117
105
106
94
95
107
119
131
143
144
132
120
108
96
84
83
71
72
60
59
47
48
36
35
23
24
12
24
12
11
10
22
21
9
8
20
19
31
32
44
45
57
58
70
69
81
80
68
67
55
56
55
43
42
54
53
41
29
28
40
52
51
63
75
74
86
85
73
61
62
50
49
50
38
39
27
26
25
37
25
13
1
2
14
1
13
25
26
38
37
49
50
51
63
64
65
66
78
90
91
92
93
81
69
57
45
33
32
44
43
55
54
53
41
29
30
42
43
31
19
18
6
7
8
9
21
22
23
11
12
24
36
35
34
46
47
48
60
72
84
83
95
107
119
118
106
105
117
129
128
127
139
140
141
142
130
131
132
120
108
96
84
72
71
70
58
59
60
48
36
35
47
59
71
70
82
94
106
118
117
116
104
103
115
114
126
138
137
125
124
136
135
134
133
121
109
97
98
99
87
86
74
62
61
73
85
97
109
110
122
123
111
112
100
88
76
77
89
101
102
114
113
101
89
88
87
75
76
77
78
79
67
68
56
55
67
66
65
64
52
40
39
27
28
16
17
5
4
3
15
14
2
3
4
16
15
27
26
14
2
1
13
25
37
49
50
38
39
40
28
29
41
42
54
53
52
51
63
75
74
62
61
73
85
86
98
110
111
99
100
112
113
125
124
123
122
121
133
134
135
136
137
138
126
127
139
140
128
129
141
142
130
131
143
144
143
144
132
120
119
107
108
96
95
83
82
94
93
105
104
116
115
103
102
90
91
79
80
92
80
81
69
68
56
57
58
46
45
44
32
31
30
18
17
5
6
7
19
20
8
20
21
33
34
22
10
9
10
11
12
24
23
7
90
48
8
62
106
66
26
142
115
115
44
136
78
78
60
104
117
121
60
35
52
80
19
11
39
55
43
82
107
102
56
77
17
8
46
66
126
75
6
46
143
105
138
36
10
139
142
40
18
123
95
124
143
61
65
83
94
34
76
31
90
33
132
97
24
53
106
69
144
128
72
30
40
135
11
94
42
28
63
101
33
114
114
52
108
41
130
112
42
138
100
27
38
21
44
116
57
50
81
51
68
86
80
34
18
109
68
135
133
127
6
50
15
31
14
112
45
37
12
116
70
136
55
1
110
133
32
109
56
134
82
140
101
25
107
123
61
113
91
129
130
75
29
71
103
122
91
113
4
134
25
74
20
76
54
95
141
67
23
45
85
98
59
71
29
58
35
98
120
1
14
72
13
5
120
85
93
39
37
16
83
84
73
100
89
89
2
87
125
103
92
9
74
88
13
64
47
43
96
49
104
124
48
108
99
26
7
127
131
30
128
77
140
41
3
93
69
73
16
131
139
64
121
63
17
21
70
54
86
58
20
84
65
96
129
22
47
102
3
57
110
137
88
111
2
117
49
59
12
122
36
119
92
118
23
105
79
22
125
137
62
144
67
119
81
19
141
32
15
79
111
97
53
38
87
99
5
126
118
28
9
4
27
51
10
24
132
101
47
109
33
124
110
73
71
119
85
105
9
95
20
6
19
47
59
91
128
89
40
49
32
116
23
42
70
92
127
50
39
101
97
142
76
58
58
118
71
19
112
121
98
3
94
108
16
81
54
135
54
8
140
38
130
45
122
63
68
77
30
74
120
11
15
10
131
34
100
36
99
68
142
31
33
105
22
89
35
28
114
2
80
5
104
18
75
103
86
85
78
28
40
22
143
120
133
46
52
79
45
138
130
138
91
15
95
96
70
72
98
66
74
111
118
144
49
131
116
111
30
97
73
29
27
52
60
127
115
107
10
141
37
25
125
23
27
53
61
140
139
78
69
20
7
88
67
56
103
12
55
80
93
67
84
94
42
53
132
113
24
51
24
135
87
122
13
63
4
26
4
12
56
137
112
26
13
17
7
96
143
109
43
50
37
8
126
62
39
44
32
46
21
92
35
119
2
87
61
41
6
90
41
84
79
121
82
136
9
1
66
126
141
5
123
31
82
102
144
38
3
102
1
108
114
59
21
81
110
136
99
139
25
44
48
100
117
14
137
64
113
43
132
55
72
106
34
117
36
65
86
69
64
60
83
125
124
123
29
133
134
107
77
134
104
129
17
18
93
16
57
11
14
76
48
65
129
57
51
115
90
106
75
62
128
88
83
