##Rat 5 Day 9
 ##rewards
74
87
21
##Vertices
12
24
23
22
10
9
8
7
19
31
43
55
54
66
65
53
52
51
63
64
76
77
78
90
89
101
113
114
126
138
139
140
141
142
130
118
106
94
95
96
108
107
119
131
132
144
143
142
141
129
128
127
115
103
102
101
100
112
111
99
98
86
74
62
61
73
85
97
109
110
122
121
133
134
135
136
137
125
124
123
111
112
113
114
102
103
104
116
117
105
93
81
80
68
67
79
91
92
104
105
93
94
82
70
58
59
71
83
84
72
60
48
47
35
36
48
60
59
58
46
34
33
32
20
21
9
8
7
6
18
30
42
41
40
28
27
15
3
4
16
17
5
4
3
2
1
13
14
26
25
37
49
50
38
39
51
63
75
87
88
76
64
52
53
65
66
67
68
69
57
45
44
45
57
56
44
56
55
54
42
43
31
32
33
34
46
47
35
36
24
23
11
12
11
10
22
21
20
19
18
6
5
17
29
30
29
41
40
28
16
15
14
2
1
13
25
26
27
39
38
37
49
50
62
61
73
85
86
74
75
87
88
100
99
98
97
109
110
122
121
133
134
135
123
124
136
137
125
126
138
139
140
128
127
115
116
117
129
130
131
143
144
132
120
108
120
119
118
106
107
95
96
84
72
71
83
82
70
69
81
80
79
78
77
89
90
91
92
1
2
14
26
25
37
49
61
73
85
97
109
110
98
99
100
88
89
101
113
114
126
138
139
140
128
129
141
142
130
131
143
144
132
120
108
107
106
105
93
92
104
116
117
118
119
120
108
96
95
94
82
81
80
79
91
103
102
90
78
77
76
64
63
75
87
86
74
62
50
51
52
40
28
29
17
5
6
18
19
7
8
20
21
9
10
11
23
35
36
48
60
72
84
83
71
59
47
46
45
44
43
31
32
33
34
22
10
9
8
7
6
5
4
3
15
16
28
27
39
38
37
49
50
51
63
64
65
66
67
55
54
42
30
18
19
20
21
22
34
33
32
31
43
44
56
57
58
70
69
68
80
79
78
77
76
88
100
112
111
123
122
134
135
136
124
125
137
138
139
127
126
125
137
136
124
123
135
134
133
121
133
121
122
110
109
97
85
73
61
62
74
75
87
86
98
99
111
112
113
101
89
90
102
114
115
127
128
140
141
129
117
116
115
103
91
92
104
105
106
118
130
142
143
144
132
131
119
107
95
96
84
72
71
83
82
94
93
81
69
70
58
59
60
48
36
24
12
11
12
24
23
35
47
46
45
57
56
68
67
55
54
66
65
53
41
40
39
38
26
27
15
14
13
25
13
1
2
3
4
16
17
29
30
42
41
53
52
88
111
125
97
96
133
132
46
91
77
87
8
116
12
70
79
52
36
38
30
2
100
96
141
127
83
76
37
115
114
80
105
103
53
13
7
75
61
1
55
63
20
6
77
101
75
17
135
54
144
11
53
22
50
11
23
21
67
57
124
26
123
29
27
63
112
139
73
92
98
108
122
85
37
107
49
6
44
43
5
35
138
10
107
90
13
110
102
109
65
88
93
84
61
113
135
111
140
39
121
7
129
118
54
71
78
117
115
34
72
4
31
2
119
74
12
126
41
84
81
93
100
25
119
62
98
143
127
103
86
23
4
60
67
143
136
70
113
28
89
106
94
91
35
142
58
78
1
124
29
106
104
95
105
19
25
118
64
59
116
40
132
15
47
59
41
108
66
8
33
133
80
16
137
87
69
102
18
66
32
49
52
14
139
138
130
114
81
21
134
51
38
16
82
42
117
95
34
32
62
129
27
46
121
120
136
71
73
60
17
33
112
19
14
109
43
9
47
65
44
50
30
3
31
97
64
128
85
74
101
144
142
51
68
45
55
22
110
99
28
69
72
99
56
9
5
48
125
79
20
82
141
131
76
131
58
18
104
86
24
140
24
68
134
40
83
10
48
3
42
128
90
56
39
123
89
92
26
126
137
36
45
94
122
130
15
57
120
94
133
70
66
47
130
72
36
34
93
82
144
69
78
125
49
137
58
24
63
144
124
49
17
103
122
99
70
79
79
104
126
123
37
16
75
39
17
41
37
12
14
102
32
121
25
54
110
115
111
42
83
136
18
30
9
134
47
95
114
98
117
137
65
52
109
133
29
26
21
138
88
9
90
94
119
8
23
51
100
113
6
29
123
50
71
21
69
45
142
74
118
6
74
64
129
134
59
23
122
101
84
127
16
35
38
56
48
76
27
31
41
42
1
71
31
61
86
26
2
89
85
40
67
91
112
87
11
92
125
27
33
96
72
73
48
139
75
136
67
51
81
60
55
107
55
104
46
114
45
33
5
61
140
85
141
62
22
89
113
124
43
127
126
13
78
12
54
65
43
11
19
52
129
44
46
58
66
100
59
105
63
132
40
106
130
92
102
101
128
57
32
4
110
44
105
121
91
111
131
10
106
39
138
1
64
50
28
56
77
13
25
83
8
143
68
90
107
120
143
82
117
115
19
81
139
14
34
76
28
30
35
87
2
93
22
18
53
60
24
38
15
97
119
20
86
141
95
36
116
118
116
3
140
68
20
88
112
15
80
109
73
135
80
120
97
131
4
135
5
57
128
98
7
84
77
96
142
108
7
3
99
10
53
132
62
108
103
133
121
109
97
98
86
85
73
61
49
37
25
13
1
2
14
15
3
4
16
28
40
41
53
52
64
63
75
76
77
78
90
102
103
115
114
113
125
124
112
111
123
122
134
135
136
137
138
139
140
128
129
141
142
143
144
132
120
108
107
119
131
130
118
106
105
93
92
80
68
69
81
82
94
95
83
71
59
47
48
60
72
84
96
108
120
119
118
117
116
104
105
117
116
115
127
126
114
102
101
100
88
89
77
65
66
54
55
67
79
91
90
89
101
113
112
100
99
87
88
76
75
74
62
50
51
39
38
26
27
28
29
17
5
6
18
19
7
8
20
21
9
10
22
23
11
12
24
36
35
34
46
58
57
45
44
43
42
30
31
32
33
34
46
45
57
56
44
43
42
41
29
17
5
6
7
19
18
30
31
32
33
21
20
8
9
10
22
23
11
12
24
36
35
47
48
60
59
58
70
69
70
82
83
71
72
84
96
95
107
106
94
93
81
80
92
104
103
91
79
78
66
67
68
56
55
54
53
65
64
63
62
74
86
87
99
111
110
98
110
122
123
124
125
126
127
128
129
130
131
132
144
143
142
141
140
139
138
137
136
135
134
133
121
109
97
85
73
61
49
50
38
37
25
26
14
13
1
2
3
4
16
15
27
39
40
52
51
144
143
131
119
118
130
142
141
140
128
127
139
138
126
114
113
125
137
136
124
112
111
110
122
123
135
134
133
121
109
97
85
86
74
75
87
88
100
101
102
90
91
79
80
92
104
103
115
116
117
105
106
107
95
96
108
120
132
144
143
142
130
129
117
105
93
94
82
81
69
70
71
59
60
72
84
83
82
70
58
57
45
46
34
22
23
35
47
48
36
24
12
11
10
9
21
20
8
7
6
5
17
18
19
31
30
42
41
40
39
27
15
3
4
16
28
29
30
31
32
33
45
44
43
55
56
68
67
66
78
77
76
64
65
53
54
42
41
29
28
27
26
14
2
1
13
25
37
49
61
73
85
97
98
99
100
112
113
101
89
88
76
75
63
62
50
51
52
40
39
38
50
38
26
14
2
1
13
25
37
49
61
73
74
62
63
51
52
64
65
53
54
66
67
55
43
44
56
68
80
81
69
57
58
46
34
33
32
20
19
18
17
16
15
3
4
5
6
7
8
9
21
22
10
11
12
24
23
35
36
48
47
59
60
72
71
83
84
96
95
107
108
120
132
131
119
118
106
94
93
92
91
79
78
77
89
90
102
114
126
127
115
103
104
116
128
129
141
140
139
138
137
125
124
136
135
123
122
134
133
121
109
110
111
99
87
86
98
86
9
2
71
28
27
137
115
2
108
79
50
23
70
57
85
138
70
131
119
28
125
90
88
20
100
26
1
77
60
107
5
130
73
50
115
55
122
78
38
135
1
34
56
98
110
22
129
112
44
31
103
48
15
9
13
46
132
24
60
80
102
128
98
89
97
16
137
142
127
66
59
33
142
139
61
65
130
47
14
126
105
8
7
91
94
96
136
10
34
41
93
107
90
121
52
4
7
83
61
40
16
32
111
106
64
54
3
106
22
92
53
77
82
81
17
123
27
37
127
35
75
101
5
93
140
133
144
140
25
141
80
24
21
134
105
35
40
116
14
62
51
23
4
125
89
118
11
13
51
76
87
85
43
67
8
134
95
109
3
111
72
41
66
121
49
143
84
108
109
76
32
19
39
49
129
104
104
69
122
55
92
6
19
95
46
29
69
36
116
30
132
6
68
47
114
45
114
117
26
67
65
25
64
100
135
119
103
120
57
72
96
74
120
74
52
81
131
33
59
30
117
20
78
63
31
38
124
91
62
87
138
101
58
112
97
42
141
68
143
73
36
12
21
139
136
44
45
88
75
56
37
48
12
110
71
99
126
123
15
82
113
58
99
79
10
63
53
86
133
128
39
18
94
84
43
113
83
11
102
17
118
124
42
54
144
29
18
106
30
97
27
144
68
26
79
66
13
84
107
35
117
122
113
81
64
111
116
98
124
54
132
34
117
28
78
58
20
1
99
49
73
59
39
56
17
14
60
105
91
76
30
115
11
23
71
38
15
6
81
44
104
19
65
6
46
84
16
17
13
2
24
59
16
77
94
134
136
108
75
34
114
40
139
85
72
7
25
96
18
94
41
121
110
21
144
131
39
80
69
119
87
61
74
60
96
46
35
52
20
114
136
43
138
41
126
102
56
130
31
115
23
93
90
33
134
22
88
124
32
1
101
21
15
33
133
57
53
103
51
125
14
74
47
143
140
36
61
58
86
63
141
50
95
67
55
141
9
42
77
103
67
27
123
42
108
29
76
3
37
110
49
62
101
111
123
50
29
95
55
48
106
70
51
127
91
24
38
90
43
52
82
121
72
119
99
26
85
9
129
19
32
69
87
40
68
64
83
70
138
120
86
105
142
4
63
57
31
122
89
62
12
54
37
53
48
3
8
107
28
92
130
92
112
126
5
71
128
7
100
129
73
142
135
10
98
36
102
45
128
109
18
132
47
118
120
109
112
79
143
93
78
45
137
44
12
133
22
75
10
5
80
131
65
139
125
137
83
8
127
113
4
66
118
140
25
82
135
97
88
100
2
11
104
116
89
12
24
36
48
60
59
47
46
34
33
45
57
69
81
82
94
93
92
80
79
91
90
102
103
115
114
126
138
139
140
128
127
115
116
104
105
106
107
95
96
108
120
132
144
143
131
130
142
141
129
117
118
119
120
108
96
84
83
71
70
58
46
34
35
23
22
10
9
8
7
19
31
32
44
56
55
67
68
80
92
104
116
117
105
93
81
69
57
45
33
21
20
8
7
6
18
30
42
54
53
52
51
39
40
28
16
4
3
2
14
26
27
15
3
4
5
17
29
41
40
39
38
37
49
61
62
63
64
65
77
89
101
113
125
137
136
135
134
133
121
109
97
98
86
85
73
74
75
76
88
100
99
87
88
100
112
111
110
122
123
124
112
111
99
87
75
76
77
78
66
65
53
54
66
78
90
89
101
113
114
102
103
91
79
67
68
56
44
32
20
19
31
43
55
43
42
41
29
30
18
6
5
17
16
28
27
15
14
26
25
13
1
2
1
13
25
37
49
50
38
50
51
52
64
63
62
61
73
74
86
85
97
98
110
109
121
133
134
122
123
135
136
124
125
137
138
126
127
139
140
128
129
141
142
143
144
132
131
130
118
119
107
106
94
95
83
82
70
58
59
71
72
84
72
60
48
47
35
36
24
23
22
21
9
10
11
12
11
144
132
131
130
118
119
120
108
96
95
83
84
72
71
70
58
59
60
48
47
46
34
22
23
35
36
24
12
11
10
9
8
20
19
31
32
44
45
57
69
68
80
79
91
92
93
81
82
94
106
105
117
129
128
140
141
142
143
144
132
120
119
107
106
105
104
116
115
103
102
114
126
125
137
138
139
127
115
114
113
101
100
112
111
110
122
123
124
136
135
134
133
121
109
97
98
86
85
73
61
49
50
62
74
75
63
64
52
40
28
27
26
25
37
38
39
51
63
75
87
99
100
88
76
77
89
90
78
66
67
55
43
42
54
53
65
64
52
51
39
27
15
14
13
1
2
3
4
5
6
7
8
9
21
33
45
46
58
57
56
44
43
31
30
18
17
29
41
40
28
16
17
16
15
14
13
1
2
3
4
5
6
7
19
18
30
29
41
42
54
53
65
66
78
77
76
88
89
90
91
103
102
101
113
112
111
99
87
86
74
62
50
38
26
25
37
49
61
73
85
97
98
110
109
121
133
134
122
123
135
136
124
125
137
138
126
127
139
140
128
129
141
142
143
131
130
118
117
116
104
92
80
79
67
55
56
68
69
70
71
83
82
81
93
94
95
107
108
96
84
72
60
59
47
48
36
35
23
24
12
11
10
22
34
33
32
20
21
86
123
76
88
139
142
128
138
48
122
7
99
12
54
66
60
52
21
90
53
11
18
118
104
75
68
55
3
138
17
143
128
79
45
134
94
62
34
10
103
35
81
57
129
112
29
96
101
8
5
77
1
36
111
63
9
90
50
121
132
2
5
43
126
115
6
27
114
46
4
110
62
106
67
140
21
39
98
24
1
137
130
14
64
78
136
25
141
92
47
118
93
42
72
87
40
27
46
12
8
124
47
22
70
44
129
20
120
23
39
31
51
7
19
102
114
49
17
9
53
142
140
3
116
49
67
66
77
116
64
133
16
121
107
102
32
19
45
97
88
144
85
61
52
75
96
40
65
56
83
80
104
120
98
97
109
22
59
81
136
113
25
115
87
13
69
78
127
65
38
58
113
132
29
57
135
91
123
28
34
143
54
117
82
126
15
14
50
99
92
89
72
134
59
41
110
82
119
117
32
131
100
26
95
80
93
60
33
51
127
70
42
36
55
144
11
74
131
6
141
109
85
101
74
86
105
106
139
24
69
125
73
83
133
76
68
119
61
41
58
111
124
94
4
18
20
107
2
43
56
112
108
100
130
35
44
79
103
37
28
10
84
137
30
15
33
48
91
125
71
16
108
95
135
63
89
73
71
105
23
84
13
37
38
30
26
31
122
31
19
70
39
126
35
81
25
42
98
75
71
69
12
14
79
66
80
64
7
129
140
95
141
85
121
3
121
142
91
135
127
68
69
57
131
44
133
18
8
43
30
143
136
83
125
65
54
96
10
86
55
29
71
3
109
51
105
77
122
103
40
126
116
114
74
131
132
63
92
6
52
20
36
115
26
128
125
77
31
81
123
61
84
88
87
110
73
36
34
46
82
55
32
59
2
107
34
14
118
139
108
112
66
50
25
105
122
101
114
41
85
111
44
7
95
113
120
112
4
87
24
37
111
84
138
137
21
144
100
132
9
60
97
108
135
17
78
72
26
56
103
120
40
45
119
62
142
4
49
11
1
104
137
58
113
124
136
119
39
134
50
134
48
23
127
141
59
49
93
11
93
76
89
22
45
100
5
16
47
23
90
140
19
43
102
101
102
75
97
27
109
58
94
104
53
41
88
78
106
48
16
6
80
52
10
138
5
89
68
15
123
98
144
139
35
67
110
20
33
15
107
42
27
91
118
13
12
74
67
18
117
128
29
28
53
28
83
21
90
38
51
73
54
106
76
56
13
37
24
33
72
79
94
130
64
63
8
70
99
124
38
143
86
30
47
9
92
65
32
116
1
96
60
57
130
17
62
117
46
2
133
129
99
82
115
61
22
