##Rat 2 Day 50
 ##rewards
18
29
107
##Vertices
110
8
53
38
1
47
78
135
61
33
95
67
116
59
8
42
121
128
115
86
134
73
83
127
50
142
91
116
4
143
5
24
80
19
22
11
36
73
74
48
92
43
10
63
58
122
96
42
10
21
59
95
89
79
97
79
34
108
85
109
117
39
107
49
102
78
41
26
14
137
35
131
93
112
130
111
87
46
56
51
34
33
108
7
120
129
101
35
6
132
45
88
128
9
126
50
13
64
15
65
119
125
141
31
103
12
140
19
97
43
32
27
143
16
49
30
111
14
44
38
66
105
124
30
83
94
85
76
65
142
64
92
110
54
17
119
141
18
51
40
140
20
93
46
54
76
69
24
84
106
25
137
88
1
68
29
23
87
122
61
23
86
113
82
105
125
67
90
66
106
6
37
69
114
52
58
56
3
63
75
40
94
2
68
144
15
4
121
98
104
77
136
123
104
7
81
71
100
127
74
25
77
98
139
5
44
18
41
26
133
57
39
133
82
123
60
118
71
62
109
91
55
12
31
2
75
20
80
29
136
48
129
27
90
115
28
17
62
117
134
132
144
32
21
13
11
45
131
139
16
53
112
57
130
113
72
107
22
101
138
81
100
99
37
70
60
118
9
84
120
36
70
138
102
96
99
124
55
3
72
89
126
103
114
52
135
28
47
100
17
2
83
99
62
3
1
144
122
90
86
53
18
37
87
4
10
21
143
46
11
60
139
134
95
87
62
71
118
56
107
59
141
39
94
73
52
57
127
91
55
95
88
45
108
33
76
136
63
77
64
64
79
34
28
116
91
56
14
110
111
78
129
43
23
20
75
36
82
129
118
124
102
65
50
84
119
113
106
11
133
16
31
24
72
120
128
13
78
41
123
46
96
73
93
101
5
52
21
67
45
1
40
20
131
12
140
18
136
104
16
61
71
33
53
69
48
125
8
126
116
141
49
2
60
29
44
38
40
121
50
26
79
30
74
32
27
105
125
83
107
119
19
70
89
98
111
49
58
92
17
7
68
65
54
6
133
142
92
135
75
37
93
9
25
6
38
72
43
55
134
15
138
22
66
14
24
36
25
15
29
104
131
127
121
108
63
103
117
30
4
76
130
100
77
126
74
57
143
67
34
61
28
140
135
58
32
70
137
96
138
39
13
35
109
120
109
47
84
81
113
68
82
59
9
27
19
115
7
124
122
90
8
3
130
101
88
142
42
97
132
106
26
44
110
114
94
105
137
42
81
51
69
80
98
114
23
112
112
47
99
12
35
117
97
66
54
41
31
89
115
102
103
80
86
10
128
22
5
85
132
85
123
139
144
48
51
144
143
142
130
118
106
107
95
83
71
72
84
96
108
120
119
131
132
120
108
96
84
83
82
94
93
81
80
68
67
55
54
53
65
77
78
79
91
103
115
114
113
125
126
138
137
136
135
123
111
112
124
136
137
138
139
140
141
129
117
116
128
127
115
116
104
105
93
92
80
79
67
66
54
42
43
44
45
57
58
59
47
46
34
35
23
22
21
9
8
20
32
31
19
7
6
18
17
29
41
40
28
27
26
25
13
1
2
14
15
3
4
5
6
7
8
9
10
11
12
24
36
48
60
72
71
70
69
68
56
55
43
42
30
29
41
40
39
38
50
62
63
51
52
64
76
75
74
73
85
86
87
88
89
90
102
101
100
99
98
110
122
134
133
121
109
97
85
73
61
49
61
62
74
75
87
86
98
97
109
110
122
121
133
134
135
123
124
112
111
99
100
101
113
125
126
114
102
103
104
92
91
90
89
88
76
77
78
66
65
53
52
64
63
51
50
49
37
25
37
38
39
27
26
14
13
1
2
3
15
16
28
16
4
5
17
18
30
31
19
20
21
33
34
35
23
22
10
11
12
24
36
48
60
59
47
46
45
33
32
44
56
57
58
70
69
81
82
94
106
105
117
118
130
129
128
127
139
140
141
142
143
144
132
131
119
107
95
133
134
135
123
122
110
109
121
133
134
135
136
137
138
139
140
141
142
130
118
119
120
108
96
84
72
60
59
47
48
36
35
23
11
10
9
21
22
34
46
58
70
71
83
82
81
69
57
56
55
43
42
54
66
67
68
80
79
78
90
102
101
113
125
124
112
111
99
87
86
85
97
98
99
100
88
76
64
65
77
89
88
100
101
89
77
78
90
91
92
93
94
95
107
106
105
104
103
115
116
117
129
128
127
126
114
115
116
104
105
93
94
82
81
69
57
45
44
32
33
34
46
45
44
43
31
30
29
41
53
52
40
39
27
28
16
15
14
26
38
37
25
13
1
2
3
4
5
17
18
19
20
8
7
6
5
4
16
28
27
39
51
50
49
61
73
74
62
63
75
87
86
98
110
111
112
113
114
102
103
91
92
80
79
67
66
65
64
76
75
74
62
63
51
50
38
26
14
15
3
2
1
13
25
37
49
61
73
85
97
109
121
122
123
124
136
137
125
126
138
139
127
128
140
141
142
130
129
117
118
106
107
119
131
132
131
143
144
143
144
132
120
108
96
95
83
84
72
71
70
58
59
60
48
47
35
36
24
12
11
12
24
23
22
10
9
21
33
32
31
19
20
8
7
6
18
17
29
30
42
41
40
52
53
54
55
56
68
14
25
49
38
84
122
29
28
5
99
67
22
102
10
144
27
95
7
51
53
96
102
52
12
13
73
138
16
105
131
141
66
101
16
57
69
124
99
49
115
69
8
76
62
114
7
33
130
129
3
121
140
75
34
129
142
41
79
123
122
131
28
11
15
82
134
82
35
127
39
137
19
12
143
95
118
92
50
55
23
21
34
135
74
17
77
136
113
111
15
139
107
88
110
140
51
91
97
81
43
80
70
65
90
119
46
32
112
103
57
1
58
25
31
13
141
6
107
30
59
56
78
72
76
9
96
116
88
19
26
128
42
18
20
121
48
84
24
128
63
50
85
54
31
4
43
118
66
111
53
97
61
135
45
108
47
81
130
109
120
21
94
9
100
110
77
60
35
98
40
104
60
11
104
73
106
119
26
91
94
17
22
44
59
89
120
64
72
41
143
37
48
55
109
46
4
71
61
62
10
75
36
37
101
114
39
115
127
68
123
113
68
54
132
27
144
83
45
142
126
133
93
132
126
58
5
67
18
83
71
103
32
108
139
3
98
80
64
117
63
78
42
44
125
112
134
14
86
47
24
137
93
92
38
138
89
106
36
56
133
125
23
8
70
90
79
105
136
33
6
85
86
74
65
124
40
87
1
29
30
100
52
2
116
2
117
20
87
55
71
36
69
70
14
57
139
48
102
53
83
88
115
23
107
61
117
27
91
127
34
66
122
31
76
64
79
59
75
132
2
58
51
94
51
56
143
135
33
137
80
144
33
118
42
1
54
36
113
84
101
79
131
44
63
3
125
88
84
35
85
81
20
121
136
100
50
32
125
115
131
7
128
118
17
112
77
76
26
95
53
31
74
41
119
95
72
23
45
110
127
107
46
50
37
120
21
3
136
86
94
86
90
10
35
65
92
37
93
104
140
83
97
54
26
111
48
117
97
43
71
17
78
11
21
28
41
60
130
29
8
65
6
16
143
47
116
19
75
133
101
62
28
142
124
116
15
109
38
138
40
139
123
30
39
13
11
142
108
74
5
87
113
38
15
133
18
126
67
135
27
52
22
81
141
120
46
138
102
119
64
112
20
72
137
49
14
32
42
132
47
10
82
90
68
106
60
126
96
13
55
70
18
69
34
121
103
82
63
24
141
4
106
62
130
99
7
43
30
49
44
12
109
52
2
16
59
114
39
91
87
9
104
4
67
61
25
129
57
25
6
122
108
134
73
123
56
98
29
24
93
85
5
9
1
78
77
40
128
92
19
114
105
8
89
111
99
105
140
100
103
45
129
22
144
124
80
89
58
12
98
66
73
134
96
110
68
12
11
10
22
34
46
47
59
71
83
84
72
60
48
36
35
23
24
36
48
60
72
71
70
58
57
69
68
80
79
91
90
89
77
65
66
67
55
43
31
30
29
17
18
6
5
4
3
15
27
28
16
4
5
6
7
8
9
21
33
32
20
19
31
32
44
45
57
56
68
67
79
78
90
102
103
104
105
93
94
95
107
106
118
119
131
130
129
141
140
128
116
115
127
139
138
126
125
113
101
100
112
111
110
109
121
133
134
122
123
135
136
137
138
139
140
141
142
143
144
132
120
108
96
84
83
82
81
80
92
91
103
102
114
113
101
100
99
98
86
74
75
87
88
76
64
63
62
61
49
50
51
52
53
54
42
41
40
39
38
26
14
2
1
13
25
37
49
61
73
85
73
74
62
63
51
50
38
37
25
26
14
13
1
2
3
15
16
28
27
39
40
41
29
17
18
30
42
43
44
56
55
54
53
52
64
65
66
78
77
89
88
76
75
87
86
85
97
109
97
98
99
111
110
122
121
133
134
135
123
124
112
124
136
137
125
126
114
115
127
128
129
117
118
119
131
130
142
143
144
132
120
108
96
95
107
106
105
117
116
104
92
93
94
82
81
69
70
58
46
45
33
34
22
21
20
19
7
8
9
10
11
12
24
23
35
47
59
1
2
3
4
5
17
16
28
27
39
40
41
42
43
31
32
44
56
55
67
68
80
81
69
70
82
83
84
72
60
59
71
70
58
57
45
33
21
20
8
9
10
11
12
24
23
35
36
48
47
46
34
22
10
9
8
7
19
18
30
29
28
27
15
14
26
25
37
49
61
62
63
51
52
53
65
66
54
55
56
57
58
46
45
44
43
42
41
40
39
38
50
49
61
73
74
75
76
77
89
101
113
112
100
99
98
97
109
121
122
123
111
110
109
97
85
86
87
88
100
112
124
136
137
138
126
114
102
90
91
92
93
94
95
96
108
120
132
144
143
142
141
129
128
140
139
127
115
103
104
105
117
116
104
105
106
118
130
131
119
107
106
118
117
116
115
103
91
79
78
90
89
77
78
79
80
92
93
94
82
81
69
68
67
66
54
53
52
51
50
62
63
64
65
64
76
88
87
75
74
73
85
86
98
99
111
110
122
123
135
134
133
121
133
134
135
136
137
125
124
125
113
101
102
114
126
138
139
127
128
140
141
129
130
142
143
144
132
131
119
120
108
107
95
96
84
83
71
72
60
59
47
48
36
24
12
11
23
35
34
22
21
33
32
20
19
31
30
29
17
18
6
7
6
5
4
16
15
3
2
14
26
38
37
25
13
1
13
55
24
123
91
138
112
72
114
34
110
127
8
118
114
42
101
67
29
124
38
45
5
15
123
8
127
3
74
20
98
83
38
71
69
43
23
81
132
101
91
40
16
134
70
88
27
49
122
33
66
4
51
103
58
129
1
48
104
128
66
95
121
20
18
41
89
106
118
39
35
13
95
11
14
15
100
28
82
52
61
111
93
96
142
77
111
27
6
74
113
10
39
88
76
72
97
113
63
133
115
120
104
106
37
128
99
30
63
3
25
56
23
141
125
57
56
26
64
78
12
110
46
1
34
94
143
21
60
57
4
50
116
37
55
97
121
47
31
86
134
140
70
132
144
14
107
47
131
87
45
129
78
80
33
44
52
126
32
41
98
93
49
85
124
105
61
17
36
136
105
137
84
54
139
119
125
28
102
103
6
59
75
58
22
133
109
73
65
80
120
92
109
50
7
108
24
90
69
40
13
68
143
19
43
130
21
89
108
136
36
137
96
22
32
12
76
75
18
117
92
29
71
53
31
131
53
139
62
94
25
130
30
64
46
87
79
82
102
116
68
2
60
142
117
9
51
35
79
112
19
11
73
138
135
99
54
135
10
77
141
9
119
81
84
2
83
85
59
100
5
67
16
44
17
48
42
65
86
122
7
140
62
107
126
90
144
26
115
81
101
138
16
90
57
8
121
109
126
91
61
102
4
92
80
127
1
18
93
42
28
19
68
36
69
81
23
31
15
99
111
54
74
14
115
139
98
64
114
79
93
102
58
137
132
119
35
128
19
63
74
68
3
78
48
17
135
53
26
29
136
38
108
123
22
107
39
89
86
82
141
95
44
70
87
84
1
140
21
117
63
34
13
142
33
11
144
25
17
58
75
98
142
110
85
25
140
129
105
14
44
116
88
120
43
108
92
47
104
107
10
77
97
115
128
103
126
76
9
106
37
71
112
11
40
77
18
88
49
65
112
22
86
39
45
56
75
96
60
132
3
65
134
84
13
97
113
82
95
119
15
67
123
125
124
116
55
125
138
96
56
94
66
100
27
135
7
6
91
59
141
66
109
20
113
118
94
10
137
52
7
101
69
129
46
34
111
61
41
85
76
50
24
143
12
73
47
103
45
99
122
42
144
117
105
9
79
134
83
36
37
2
78
60
120
29
64
130
122
73
72
80
143
5
83
90
51
21
27
54
43
62
67
133
32
133
131
8
114
24
51
38
121
87
16
12
89
48
31
57
131
136
62
23
49
124
6
130
32
50
2
55
35
26
139
72
4
28
5
104
40
100
46
52
106
118
53
70
110
30
41
33
30
59
71
20
127
144
132
120
119
118
117
129
128
127
126
138
139
140
141
142
130
131
143
142
141
140
139
127
115
116
104
103
91
90
78
77
65
53
54
55
67
79
80
81
82
70
58
59
71
72
60
48
36
35
34
46
47
48
60
72
84
96
108
107
106
94
95
83
82
94
93
105
104
92
91
79
78
66
65
64
76
88
100
101
113
125
124
112
111
123
122
110
98
97
85
86
87
75
74
73
61
62
50
51
52
40
39
27
15
3
2
1
13
14
26
25
37
49
61
73
85
97
109
121
133
134
135
136
137
138
126
114
102
90
89
77
76
64
63
51
52
40
28
16
17
18
30
29
41
42
43
31
19
7
8
20
32
44
56
68
69
57
45
33
21
22
23
24
12
11
10
9
8
7
6
5
6
18
19
31
32
20
21
9
10
22
23
11
12
24
36
35
47
46
34
33
45
57
58
59
71
70
69
81
93
92
80
68
56
44
43
55
67
66
54
53
41
42
30
29
17
5
4
3
4
16
28
27
15
14
2
1
13
25
26
38
39
38
37
49
50
62
63
75
74
86
98
99
111
123
122
110
109
121
133
134
135
136
137
125
124
112
100
99
87
88
89
101
113
114
102
103
115
116
117
105
106
118
119
107
95
83
84
96
108
120
132
144
143
131
130
129
128
133
121
109
110
122
123
135
134
133
121
109
97
85
73
61
49
37
25
26
27
15
3
4
5
6
7
8
20
21
9
10
22
23
24
36
48
47
35
34
33
32
31
19
18
30
42
43
44
56
68
69
81
80
79
67
55
54
66
78
77
76
88
87
86
98
99
111
112
113
125
137
136
124
112
100
101
102
103
91
90
89
101
100
88
89
90
78
77
65
53
41
29
17
16
28
40
52
64
63
51
39
38
50
62
74
75
63
51
52
40
41
29
30
42
43
44
45
57
58
46
34
33
45
57
69
70
82
94
93
92
104
105
117
118
106
107
119
131
130
129
141
142
143
144
132
120
108
96
95
83
71
59
60
72
84
96
108
107
106
118
117
116
128
140
139
138
126
127
115
114
113
125
124
123
111
99
87
75
76
64
65
53
54
66
67
79
91
103
102
114
126
127
115
116
128
129
130
131
119
120
132
144
143
142
141
140
139
138
137
136
135
134
122
110
98
97
85
86
74
73
61
62
50
49
37
25
26
38
39
27
28
16
15
14
2
14
13
1
13
1
2
3
4
5
17
18
6
7
19
31
32
20
8
9
21
22
10
11
12
24
12
11
23
35
36
48
47
46
58
70
71
59
60
72
84
83
95
94
82
81
93
105
104
92
80
68
56
55
