##Rat 6 Day 45
 ##rewards
83
94
16
##Vertices
144
132
131
143
142
130
129
141
140
128
116
117
105
104
103
115
127
139
138
137
125
126
114
113
112
111
99
98
86
87
88
89
90
102
101
100
112
124
136
135
123
122
134
133
121
109
97
85
73
61
62
74
75
76
77
65
66
67
68
80
81
69
57
45
44
43
55
54
42
30
29
41
40
28
16
17
5
4
3
2
1
13
14
15
27
39
38
26
25
37
49
50
51
52
53
65
64
63
75
76
64
63
51
52
53
54
42
43
31
19
20
21
22
23
35
47
48
60
59
71
70
58
46
34
33
32
44
56
57
45
33
32
31
30
18
6
7
8
9
10
11
12
24
36
48
60
72
84
96
95
83
82
94
106
118
119
120
108
107
106
118
117
116
115
103
91
92
93
94
82
70
58
46
47
59
71
72
84
83
95
96
108
107
119
120
132
144
143
131
130
142
141
129
128
140
139
127
126
138
137
125
113
114
102
90
91
79
67
55
56
68
69
81
93
105
104
92
80
79
78
66
78
77
89
101
100
88
87
99
111
110
98
110
122
123
124
136
135
134
133
121
109
97
85
86
74
73
61
62
50
49
37
38
26
25
13
1
2
14
15
3
4
16
28
27
39
40
41
29
17
5
6
18
19
7
8
20
21
9
10
22
23
11
12
24
36
35
34
133
134
122
121
109
110
98
97
85
86
87
99
100
88
76
75
74
73
61
49
50
62
63
51
39
27
28
16
17
29
41
53
65
64
52
40
39
38
37
25
26
14
13
1
2
3
4
5
6
7
19
18
30
42
54
55
67
79
91
90
102
103
104
105
93
81
80
68
69
70
58
57
45
46
47
59
60
48
36
24
12
11
23
35
34
33
21
22
10
9
8
20
32
44
56
55
43
31
30
42
43
31
32
44
56
68
69
81
82
83
95
107
119
131
130
129
141
140
128
127
115
116
117
118
106
94
93
92
104
105
106
94
82
70
71
72
84
96
108
120
132
144
143
142
141
140
139
138
137
125
126
114
113
112
111
123
135
136
124
112
111
99
87
75
76
77
89
101
113
114
115
116
117
129
128
127
139
138
126
125
137
136
124
123
135
134
133
121
122
110
109
97
98
86
85
73
74
62
61
49
50
51
63
64
65
77
78
79
80
92
91
103
102
101
100
88
89
90
78
66
67
66
54
53
52
40
41
29
28
27
15
16
15
14
26
38
37
25
13
1
2
3
4
5
17
18
6
7
19
20
8
9
21
22
10
11
12
24
23
35
36
48
47
46
34
33
45
57
58
59
60
72
71
83
84
96
95
107
108
120
119
131
132
144
143
142
130
118
131
125
90
142
15
47
81
44
142
46
37
92
81
83
35
5
117
52
64
23
123
19
13
1
87
53
58
85
94
129
68
16
61
31
77
38
68
96
66
102
65
109
57
6
99
114
120
71
18
100
32
9
86
59
85
116
3
6
99
113
4
1
76
132
63
11
40
126
49
88
56
127
108
140
26
9
130
107
89
101
21
24
82
136
135
41
38
140
93
102
45
89
17
5
84
100
40
116
58
28
88
59
144
114
64
130
141
141
29
110
73
62
105
65
92
84
27
104
91
29
44
93
139
35
108
143
137
79
15
75
71
139
132
106
36
91
111
120
52
4
17
80
39
34
10
66
90
78
86
7
131
21
45
20
134
41
12
77
27
94
14
56
115
28
75
37
34
7
30
78
60
136
123
110
12
8
118
55
124
143
109
137
43
115
112
95
19
23
22
26
49
80
54
126
67
101
24
53
73
48
11
63
31
104
30
107
33
103
51
43
50
51
129
2
103
87
98
61
128
67
144
138
60
97
10
134
121
57
111
36
69
55
3
48
79
70
72
125
70
133
8
54
124
33
42
121
16
119
62
95
20
112
69
98
128
76
127
82
2
122
119
135
117
83
25
122
18
13
25
46
113
97
138
96
39
106
14
22
47
72
133
74
42
74
118
32
50
105
12
139
96
106
22
102
124
87
13
134
108
79
122
84
43
85
58
75
51
77
12
102
3
93
22
141
17
57
72
106
53
84
60
81
28
29
90
25
67
66
99
56
33
122
68
41
117
81
83
117
34
130
136
55
131
13
78
92
111
59
63
135
37
98
4
100
52
5
62
137
32
32
65
123
48
114
140
132
28
38
140
75
116
108
144
63
139
90
15
104
58
15
69
109
142
43
18
36
96
134
82
104
6
70
76
50
52
69
54
26
120
82
61
112
25
16
89
137
55
103
133
2
20
68
2
14
39
18
65
56
24
126
70
133
9
123
64
34
39
111
121
11
67
46
73
142
23
19
113
129
88
36
64
97
21
115
83
1
77
40
128
100
136
130
8
127
49
118
53
4
119
97
99
120
138
95
72
80
73
59
27
62
144
71
103
31
89
48
88
101
29
5
20
87
119
143
94
44
7
42
86
7
35
92
74
45
1
132
42
38
27
78
101
85
93
95
8
118
49
143
54
66
98
109
37
24
114
116
79
74
128
115
40
31
107
113
138
3
76
45
35
46
9
30
110
11
126
91
94
47
26
110
14
6
127
86
10
30
80
33
23
107
16
41
131
44
91
125
47
21
10
50
105
57
135
61
17
112
51
125
141
124
71
121
19
129
60
105
1
2
3
4
16
15
27
26
14
13
25
37
49
61
62
50
51
39
38
37
49
50
51
63
75
74
86
87
99
98
97
85
73
61
62
63
64
76
77
78
66
54
42
43
31
32
44
45
33
34
46
47
35
23
22
10
11
12
24
36
48
60
72
84
96
108
120
132
144
143
142
130
131
119
118
117
105
104
103
91
92
80
68
56
55
67
79
80
81
93
94
95
107
106
94
82
70
58
57
69
81
82
83
71
59
60
48
47
46
34
33
21
9
8
7
19
20
32
31
30
29
17
5
6
18
30
42
41
40
52
53
65
64
76
88
89
90
102
114
115
127
126
138
137
125
113
101
100
112
124
136
135
123
122
110
109
121
133
134
135
136
137
138
139
140
128
116
115
103
91
79
67
68
56
55
43
44
45
57
69
70
58
59
71
72
84
83
95
96
108
107
106
105
93
92
104
116
128
129
141
142
143
144
132
120
119
131
130
118
117
129
141
140
139
127
126
125
113
114
102
101
100
112
124
123
111
99
111
110
122
134
133
121
109
97
98
86
85
73
74
75
87
88
89
90
78
77
65
66
54
53
52
40
39
38
26
25
13
1
2
14
15
3
4
5
6
7
8
9
10
11
12
24
36
35
23
22
21
20
19
18
17
16
28
27
28
29
41
12
24
36
48
47
35
34
22
23
11
10
9
8
7
19
20
32
33
21
9
8
20
32
31
30
18
17
29
28
16
4
5
6
7
19
31
43
42
54
66
67
68
69
81
82
94
93
105
106
118
117
129
130
131
119
120
132
144
143
142
141
140
139
138
137
136
135
134
133
121
109
110
122
123
111
99
100
88
76
77
89
90
91
92
80
79
78
90
102
101
113
125
124
112
113
114
115
116
104
103
102
114
126
127
128
140
141
129
117
118
106
107
108
96
84
83
95
94
82
70
58
59
60
72
71
70
69
57
45
44
56
55
43
42
41
53
65
64
63
75
74
62
61
49
50
51
52
40
39
38
37
25
26
14
15
3
2
1
13
25
37
49
61
73
85
86
87
75
76
77
78
79
91
92
80
81
93
105
104
103
115
116
128
127
139
138
126
125
137
136
124
112
100
101
89
88
87
86
98
97
109
121
133
134
135
123
122
110
111
99
98
97
85
73
74
62
50
51
63
64
52
40
39
38
26
27
28
27
15
14
13
1
2
3
4
16
17
5
6
18
30
29
41
53
65
66
54
55
67
68
56
44
45
33
21
22
10
11
12
24
23
35
36
48
60
72
84
96
108
120
132
144
143
142
130
131
119
107
95
83
71
59
47
46
34
46
58
57
81
143
49
91
2
31
13
70
99
10
83
110
64
90
14
8
31
20
5
63
6
32
48
23
37
77
34
113
53
35
121
8
69
9
55
111
123
40
137
141
11
64
33
2
52
98
95
42
90
17
123
58
76
78
7
74
79
29
30
67
26
132
61
71
46
127
1
72
75
56
93
130
115
69
70
122
124
62
128
129
71
12
104
94
34
73
100
33
62
115
86
95
29
51
134
68
87
80
22
45
99
137
121
110
101
21
88
43
116
23
79
66
92
87
24
143
85
132
97
17
50
107
112
88
97
124
112
4
120
101
25
136
106
5
142
1
19
125
54
60
86
7
50
133
47
133
68
28
107
142
25
24
32
93
131
126
3
61
67
48
41
12
83
56
105
109
104
21
46
111
40
140
96
139
4
113
138
105
114
98
82
134
74
129
119
58
144
51
6
136
81
35
118
16
55
18
140
138
9
39
135
89
100
36
47
84
22
135
11
103
13
19
77
127
30
49
15
128
130
38
82
92
10
27
141
43
39
117
117
96
85
65
16
84
78
44
54
18
57
108
118
144
139
76
119
38
89
52
15
28
102
63
14
108
120
59
131
109
80
53
122
26
44
75
72
103
116
41
91
65
66
27
20
102
42
126
3
45
106
57
73
125
94
59
114
60
36
37
27
105
119
12
117
113
30
96
3
99
18
11
91
53
94
37
29
99
125
138
93
141
121
71
39
60
9
104
58
64
69
78
71
116
16
110
97
27
34
107
28
76
35
137
63
61
24
141
139
122
86
133
31
132
51
131
61
40
85
143
121
88
49
70
54
40
74
7
82
57
113
125
97
75
58
102
48
4
13
114
44
2
81
26
98
132
123
83
119
95
143
115
131
48
38
77
128
142
112
92
110
101
118
5
3
129
102
65
25
118
142
17
56
136
26
6
114
19
43
32
33
134
22
122
123
30
44
19
140
1
94
54
93
73
127
53
140
46
45
67
137
78
21
107
17
138
100
124
50
127
128
91
135
6
10
47
117
12
120
139
72
36
60
22
124
134
74
38
39
1
108
43
111
5
51
90
14
42
104
21
109
25
77
101
144
24
31
64
62
144
72
84
47
23
86
89
15
8
7
105
55
103
20
52
79
34
18
83
89
69
75
112
37
16
66
135
23
136
14
76
96
73
52
68
9
95
29
2
133
106
65
90
85
10
45
68
63
111
103
11
126
57
62
35
116
79
115
59
88
15
82
87
80
70
100
126
46
84
129
36
50
42
32
130
28
81
13
20
109
66
87
33
98
59
106
80
67
49
56
120
8
92
55
108
4
41
130
41
144
132
131
130
118
106
105
117
116
128
140
141
142
143
144
132
120
108
107
119
120
108
96
84
72
60
48
36
24
12
11
10
22
23
35
34
46
47
59
71
70
58
57
69
68
80
79
67
55
54
53
65
66
78
77
76
75
87
86
74
62
61
73
85
97
98
99
111
112
124
125
126
114
113
101
100
88
89
90
102
103
104
92
91
103
115
127
139
138
137
136
135
123
122
110
109
121
133
134
135
136
137
138
139
140
141
129
128
116
104
105
93
94
82
81
69
57
56
44
32
20
8
7
19
31
30
42
41
29
28
40
52
51
39
38
26
14
15
3
2
1
13
25
37
49
50
51
63
64
76
88
89
90
91
92
80
68
56
55
43
44
45
33
21
9
8
7
6
5
17
18
30
29
28
40
52
64
65
77
78
79
67
66
54
53
41
42
43
31
32
33
45
46
58
70
82
81
93
94
106
118
117
129
130
142
143
131
119
107
95
83
95
96
84
83
71
72
60
59
47
48
36
24
12
11
23
35
34
22
10
9
21
20
19
18
6
5
17
16
4
16
4
3
15
27
39
27
26
14
2
1
13
25
37
38
50
49
61
73
74
62
63
75
87
86
98
110
111
99
100
112
113
101
102
114
115
127
126
125
124
123
122
134
133
121
109
97
85
12
11
23
35
34
33
45
46
58
59
60
48
36
24
12
11
10
9
21
22
10
9
8
7
6
5
4
3
2
1
13
25
26
14
15
27
28
16
17
18
30
29
41
42
54
55
67
66
65
77
89
90
78
79
91
103
115
116
128
127
126
138
139
140
141
129
117
118
106
107
95
83
82
94
93
105
104
92
80
81
69
57
56
68
69
70
71
72
84
96
108
120
119
131
130
142
143
144
132
120
108
96
84
72
60
48
47
59
58
57
45
44
32
31
43
42
41
53
52
51
50
49
61
62
63
75
76
88
87
99
100
101
113
112
124
123
122
110
109
121
133
134
135
136
137
125
113
114
102
103
104
92
80
68
56
55
54
53
65
64
52
40
39
38
37
49
61
73
85
86
74
75
87
99
100
101
102
90
91
79
67
66
78
77
89
88
76
64
63
51
39
40
28
29
30
31
43
44
32
33
34
46
47
35
36
24
23
22
21
20
19
20
8
7
19
18
6
5
17
16
4
3
2
1
13
14
15
27
26
25
37
38
50
62
74
73
85
86
98
97
98
97
109
110
111
112
111
123
122
121
133
134
135
136
124
125
137
138
139
127
126
114
115
116
128
129
130
118
117
105
106
94
93
81
82
70
71
83
95
107
119
131
132
144
143
142
141
140
106
113
5
112
126
21
112
144
53
80
141
132
36
55
133
16
10
111
67
124
131
50
102
57
89
28
8
23
94
5
72
9
39
38
82
105
37
15
120
35
61
3
65
29
138
34
48
117
106
123
49
97
96
35
40
49
60
120
104
54
100
123
82
15
11
21
110
31
59
68
77
139
56
43
29
143
85
109
17
101
55
54
27
6
115
137
25
118
62
33
109
25
32
87
89
127
51
43
131
104
113
73
40
22
73
26
126
78
94
86
138
42
45
91
103
122
137
19
19
119
63
79
124
9
4
60
84
102
7
98
98
114
103
90
100
58
83
7
31
129
128
10
97
105
64
117
81
108
14
72
59
44
88
115
136
46
13
107
3
95
6
121
52
101
74
18
95
1
76
85
135
70
4
136
48
79
141
140
1
65
24
26
66
75
62
52
37
20
135
77
63
142
2
78
133
75
16
51
38
28
119
96
42
61
84
12
13
110
116
2
74
70
122
68
125
57
8
69
30
125
11
118
80
47
69
130
67
99
58
23
66
36
134
144
39
93
41
50
34
130
30
17
27
86
116
90
92
83
53
143
47
33
139
140
64
45
91
71
92
46
142
24
114
121
108
99
127
32
129
22
88
41
87
134
81
71
20
18
44
132
14
107
12
128
93
111
76
56
36
78
9
56
33
25
118
32
91
139
55
35
129
12
137
79
31
106
44
68
105
75
39
118
105
21
34
98
99
88
99
63
100
45
11
31
13
119
37
58
75
126
92
26
128
27
87
38
33
69
52
42
71
101
112
141
51
18
65
14
140
111
6
136
122
135
140
47
72
62
55
86
131
127
115
29
1
53
126
48
101
135
49
104
86
50
60
38
19
39
91
90
98
32
132
92
24
43
8
30
124
34
73
51
19
57
23
138
89
106
114
73
90
43
129
4
78
49
11
20
137
24
104
3
59
12
93
70
46
10
40
87
102
116
127
58
74
89
79
131
122
56
60
28
142
133
28
72
114
77
96
121
5
40
66
2
47
61
76
25
3
66
21
17
16
16
57
116
35
107
54
109
125
112
65
44
82
80
121
144
134
88
113
54
7
123
123
30
80
128
63
110
7
120
94
130
42
64
109
132
13
134
81
52
139
120
81
125
94
96
70
46
64
41
22
9
141
50
124
15
85
1
26
85
77
144
133
100
97
5
18
142
48
108
83
117
36
136
27
115
6
8
67
4
15
76
103
20
61
110
37
97
107
83
68
67
93
117
23
102
62
84
95
17
95
74
119
10
130
2
111
143
143
69
82
22
14
53
108
71
138
29
84
113
103
41
45
59
