##Rat 4 Day 34
 ##rewards
126
113
47
##Vertices
51
20
31
11
2
27
76
57
98
111
54
2
52
78
47
107
106
58
33
87
32
139
85
73
141
71
42
43
40
28
118
78
91
111
82
23
92
30
4
12
80
144
56
23
120
116
70
89
73
121
117
130
50
14
53
69
100
48
42
75
125
124
11
63
84
96
36
84
18
5
81
64
22
142
68
40
49
112
127
44
132
75
39
137
15
7
94
110
35
92
19
64
32
105
6
51
25
37
38
90
104
101
138
139
112
44
101
93
56
122
55
8
88
25
53
30
60
26
1
107
3
98
10
54
60
119
116
24
140
13
74
77
71
28
69
122
138
50
18
140
131
86
21
55
62
39
126
19
62
66
83
96
132
45
134
17
115
80
103
47
1
118
7
65
144
34
24
133
72
41
17
102
76
83
41
103
109
113
104
72
136
46
130
46
45
38
65
63
16
43
31
120
86
114
37
102
123
135
108
82
106
81
79
15
121
34
125
136
16
99
128
127
4
66
59
77
70
14
61
74
99
29
90
119
115
105
59
49
97
27
95
57
143
67
95
109
26
134
8
3
93
100
114
128
133
6
142
61
126
143
89
9
79
20
33
94
85
48
129
108
141
87
137
36
52
68
9
35
124
22
88
91
12
110
129
67
113
58
123
131
5
29
135
117
10
21
13
97
12
16
62
82
25
120
29
127
21
20
78
126
72
54
101
40
102
116
143
80
1
49
136
76
12
88
11
112
137
35
67
93
112
86
134
101
109
132
10
15
57
23
48
119
74
69
98
79
114
72
22
42
2
138
35
27
123
117
100
18
44
30
126
120
139
71
31
107
41
105
133
87
92
107
134
66
37
142
124
83
87
53
133
118
65
5
58
97
8
137
73
32
138
84
6
109
142
110
27
108
20
50
129
48
88
103
117
15
70
143
111
28
49
56
140
2
92
26
5
85
68
64
17
43
19
141
90
76
104
44
40
83
89
75
128
130
78
124
130
91
29
7
70
114
104
46
65
96
122
43
103
55
34
59
113
110
14
30
68
31
32
8
42
16
140
122
69
61
80
23
14
119
37
17
25
95
89
39
13
100
66
58
53
6
45
81
94
55
74
13
81
123
67
4
84
41
63
34
85
144
33
131
9
77
73
24
38
93
98
132
99
90
62
77
47
11
56
135
10
106
82
95
21
38
51
60
121
115
144
99
129
24
3
52
121
113
139
47
3
28
57
54
86
64
39
50
96
1
131
45
18
111
128
116
91
51
4
115
60
97
127
79
141
46
118
75
136
105
61
7
36
71
59
63
26
33
125
106
22
9
102
125
94
36
19
108
52
135
144
132
131
130
129
141
142
143
144
132
120
108
96
95
94
93
81
82
70
69
68
80
92
91
79
67
66
54
55
43
42
41
29
30
31
19
18
6
5
17
16
4
3
15
27
28
40
39
38
26
14
2
1
13
25
37
49
61
62
74
75
87
86
98
110
122
134
133
121
109
97
85
73
61
49
50
51
63
64
76
77
65
53
52
64
65
66
78
90
102
101
113
125
124
112
100
99
111
123
135
136
137
138
139
127
126
114
115
103
104
105
106
107
119
118
117
116
128
140
139
138
137
136
124
125
126
114
113
112
100
88
89
101
102
103
104
105
93
94
82
83
84
72
71
59
60
48
47
35
36
24
23
11
10
22
34
46
45
44
56
57
58
46
34
33
21
9
8
7
6
5
4
16
28
27
26
14
15
3
2
1
13
25
37
38
39
51
50
62
63
75
74
73
85
86
98
97
109
121
133
134
135
123
122
110
111
99
87
88
76
77
89
90
78
79
91
92
80
81
69
57
45
44
56
68
67
55
54
53
52
40
41
29
17
18
30
42
43
31
32
33
32
20
19
7
8
20
21
9
10
22
23
35
47
59
58
70
71
83
95
107
106
118
117
116
115
127
128
140
141
129
130
142
143
131
119
120
108
96
84
72
60
48
36
24
12
11
12
1
2
14
26
38
37
25
13
1
2
3
4
5
17
29
41
42
30
31
43
55
54
53
65
66
67
79
80
68
69
81
93
94
82
70
71
83
84
96
95
107
108
120
119
118
106
105
117
129
130
131
132
144
143
142
141
140
139
127
126
114
113
125
124
123
122
121
133
134
135
136
137
138
139
140
128
116
115
103
102
90
91
92
104
103
91
79
78
77
76
88
87
86
98
99
100
112
111
110
109
97
85
73
61
62
74
75
63
64
52
40
28
16
15
27
39
51
50
49
61
73
85
97
98
86
74
75
87
99
100
101
89
88
76
64
52
40
41
29
30
18
6
7
19
20
8
9
21
22
10
11
23
24
36
35
34
33
45
57
56
44
32
33
34
46
47
48
60
72
84
96
108
107
106
118
130
131
119
120
132
144
143
142
141
129
117
116
128
127
115
114
126
138
137
125
124
136
135
134
133
121
109
110
122
123
111
112
113
101
102
90
89
77
78
66
65
53
54
42
43
44
45
57
56
55
67
68
80
92
104
105
93
94
95
83
82
81
69
70
58
46
58
59
71
72
60
59
47
48
36
35
23
22
21
20
32
31
19
18
17
16
28
27
39
51
63
62
50
49
37
38
26
25
13
14
15
3
4
5
6
7
8
9
10
11
12
24
12
133
61
142
38
43
99
46
114
54
21
8
116
24
2
96
93
4
35
125
40
20
143
134
16
91
119
63
43
99
115
51
27
80
137
66
107
89
92
71
98
123
27
50
111
63
30
51
29
83
101
80
143
130
124
78
17
92
136
62
56
65
3
3
129
50
112
103
141
90
22
69
138
52
134
94
16
33
100
62
138
21
122
107
139
37
82
26
58
103
59
77
65
41
38
68
119
86
31
85
97
124
125
23
44
6
97
127
54
66
98
87
25
9
48
131
19
102
118
48
135
114
104
91
110
15
25
60
42
76
121
69
123
55
84
117
120
86
49
33
137
121
55
112
144
128
13
113
72
13
135
132
2
78
89
7
24
74
96
57
70
139
42
15
129
115
28
12
57
70
39
49
81
131
6
53
113
9
95
58
108
120
79
18
67
111
39
90
28
79
73
72
56
64
35
4
19
104
75
94
84
11
87
126
7
117
34
130
83
126
61
40
102
108
140
75
41
73
12
45
10
23
110
101
109
32
106
81
122
8
140
30
136
141
116
29
118
47
71
46
26
105
36
88
64
1
1
144
10
53
22
52
18
76
32
60
127
36
44
106
85
31
34
5
95
17
82
93
68
20
59
14
128
11
45
142
47
109
132
77
100
133
74
105
14
5
88
67
37
40
79
49
91
37
26
106
66
27
144
105
128
59
36
19
89
96
48
31
4
82
82
21
114
126
123
144
120
76
102
63
142
23
140
72
8
115
38
71
86
120
65
60
84
98
59
91
3
90
85
24
110
125
64
103
18
23
9
40
107
78
63
111
113
2
47
56
22
126
117
138
129
141
123
6
49
96
12
140
134
44
135
38
18
108
122
85
13
128
87
121
12
16
122
73
61
90
24
88
5
109
15
100
121
58
25
42
43
37
139
48
9
86
106
137
81
43
87
54
143
101
104
95
74
56
129
14
92
60
104
103
35
10
119
41
69
70
30
42
39
33
109
133
100
28
35
93
130
105
132
65
136
141
68
76
5
99
20
58
75
125
124
30
97
45
11
142
113
57
34
71
53
39
17
132
94
133
117
93
61
112
116
32
83
13
1
1
69
7
112
21
136
46
84
108
67
75
138
31
17
3
127
20
29
127
10
6
52
139
55
57
110
50
97
83
78
66
79
70
52
118
98
22
77
54
80
101
44
67
19
80
89
36
26
34
8
41
81
2
29
92
111
15
118
51
50
7
102
25
135
62
51
115
107
72
74
143
68
11
64
134
73
16
14
131
95
55
131
116
137
45
27
119
33
114
28
88
4
53
124
77
47
130
99
62
94
32
46
133
121
122
123
135
134
133
121
109
110
98
86
87
88
76
77
78
66
54
42
30
29
41
40
28
16
17
5
6
18
19
7
8
20
21
33
34
22
10
9
8
7
6
5
4
3
15
14
2
1
13
25
26
27
39
38
37
49
61
62
63
75
74
73
85
97
109
110
111
99
100
101
102
103
104
92
80
79
91
90
89
101
113
112
124
136
137
138
126
127
139
140
128
129
130
142
141
140
139
138
137
125
126
114
115
116
117
105
93
81
82
83
95
96
84
72
60
59
58
46
47
48
36
24
23
35
34
46
45
57
56
68
69
70
71
72
84
96
108
107
119
131
143
144
132
120
108
107
106
94
93
81
80
92
91
90
89
77
65
53
52
51
50
49
37
38
39
40
41
42
43
55
67
79
78
66
67
68
69
57
58
70
82
94
95
83
71
59
60
48
47
35
36
24
12
11
12
11
23
22
10
9
21
33
32
20
19
18
17
16
4
3
15
14
2
1
13
25
26
27
28
29
30
31
32
31
43
44
45
44
56
55
54
53
65
64
76
88
87
75
63
64
52
51
50
62
61
73
74
86
85
97
98
99
100
112
111
123
122
134
135
136
124
125
113
114
102
103
115
116
104
105
106
118
117
118
130
131
119
120
132
144
143
142
141
129
128
127
12
11
23
35
36
24
12
11
10
22
21
20
32
44
43
55
67
66
65
64
63
51
52
40
39
38
50
49
61
62
74
73
85
86
98
99
111
110
109
97
85
73
61
49
37
25
26
14
13
1
2
3
15
27
28
16
4
5
6
18
30
31
19
7
8
9
10
22
34
33
45
57
69
81
93
92
91
79
80
68
56
57
58
46
47
48
60
72
71
83
84
96
95
107
119
120
108
96
84
72
60
59
71
70
82
94
106
105
104
103
115
127
128
140
139
138
137
125
113
112
124
136
135
134
122
123
111
112
100
101
89
90
102
114
126
138
139
140
141
129
130
131
132
144
143
142
141
129
117
116
104
103
91
92
80
68
56
55
54
53
41
29
17
5
4
16
28
40
52
64
76
77
78
79
67
66
78
90
102
101
113
114
115
116
128
127
126
125
137
136
124
123
135
134
133
121
133
121
122
110
109
97
98
99
87
86
74
62
50
38
37
25
26
14
13
1
2
3
15
27
39
51
63
75
87
75
76
88
100
88
89
77
65
53
54
42
43
44
32
31
30
42
41
29
17
18
6
7
19
20
8
9
21
33
45
46
34
35
23
24
36
48
47
59
58
70
69
81
82
94
93
105
117
118
106
118
119
131
130
142
143
144
132
120
108
107
95
83
17
20
84
91
127
120
55
142
97
31
63
96
8
122
58
79
29
130
95
8
53
1
42
12
47
106
119
17
118
108
60
4
135
15
18
138
10
38
56
32
28
50
51
78
63
143
69
105
47
139
65
123
74
13
102
39
110
19
54
35
1
130
71
128
133
86
140
66
126
29
101
107
131
52
98
60
62
24
54
112
79
125
106
64
86
82
4
57
126
38
58
142
51
20
103
2
72
95
14
99
7
73
26
141
22
70
92
108
110
45
32
141
33
5
129
128
132
75
27
33
81
7
3
65
22
28
59
68
6
93
135
103
112
46
53
69
43
134
100
101
19
12
92
104
2
88
31
98
23
21
83
102
49
56
68
13
122
115
70
37
16
94
139
73
11
111
109
89
61
99
93
26
72
11
40
82
114
52
37
78
9
137
15
116
42
76
140
105
134
77
34
120
115
94
59
9
50
30
124
136
109
74
121
113
91
136
36
5
127
144
67
71
61
96
46
76
41
57
125
44
132
117
3
18
6
36
114
25
24
85
118
138
90
62
107
66
43
129
30
117
35
84
77
44
113
41
121
45
21
111
48
40
80
143
49
81
87
90
10
34
67
124
144
48
83
131
137
133
16
23
88
39
104
75
55
87
64
80
123
116
14
25
97
85
119
100
89
27
138
52
73
135
28
114
28
136
32
86
41
94
79
23
18
63
3
10
100
121
57
133
40
5
26
5
99
35
103
112
31
25
102
96
20
72
109
131
32
60
13
6
114
77
141
19
120
129
139
122
23
51
105
107
71
48
96
45
35
119
20
4
93
118
136
97
129
140
54
97
26
17
64
98
7
123
140
104
118
132
123
54
66
10
109
134
27
125
33
21
104
42
56
56
93
38
76
86
82
92
101
94
27
137
59
99
48
19
50
16
34
58
71
103
90
81
85
102
133
34
138
41
68
113
115
39
67
142
78
87
61
47
22
12
127
16
106
69
14
3
70
90
18
42
143
36
144
51
11
50
91
101
110
79
22
82
14
53
43
8
9
69
108
121
31
2
49
85
131
61
80
128
58
115
108
62
113
80
135
37
63
137
68
95
130
30
67
89
134
124
1
44
81
142
117
65
111
126
126
98
83
46
59
116
88
39
122
119
100
4
110
24
139
46
6
9
72
15
77
30
15
89
62
49
12
55
52
60
141
87
91
2
13
24
132
112
127
45
117
1
84
107
84
43
73
7
75
25
65
64
29
143
57
11
8
44
88
120
17
124
95
74
128
47
92
40
29
74
37
78
38
53
76
33
55
70
144
66
83
21
36
130
105
75
111
125
116
106
1
13
25
37
49
50
38
26
14
2
3
15
27
28
40
52
53
65
64
76
88
87
75
74
73
85
86
98
97
109
121
122
123
124
136
137
125
113
101
89
90
102
103
91
79
67
68
80
81
69
57
56
44
43
55
54
66
78
77
89
101
100
99
111
110
109
97
85
73
61
62
63
51
39
40
41
29
30
42
41
29
17
5
4
16
28
27
39
51
52
64
76
88
100
112
113
114
115
127
128
129
141
142
130
118
117
116
104
92
93
105
106
94
95
107
108
120
119
131
132
144
143
142
141
140
139
138
126
114
102
103
104
92
93
105
106
94
82
70
71
83
84
72
60
48
47
59
58
46
34
22
21
20
32
33
45
44
32
31
19
7
8
9
10
11
12
24
23
35
36
48
47
35
36
24
12
11
23
22
10
9
21
33
34
46
45
57
56
68
69
70
58
59
60
72
71
83
82
81
80
79
91
90
78
77
65
53
54
66
67
55
43
42
30
31
19
20
8
7
6
18
17
18
6
5
4
16
15
3
2
1
13
14
26
25
37
38
50
49
61
62
63
75
74
86
98
110
122
121
133
134
133
134
135
123
135
136
137
138
139
140
128
129
130
131
143
144
132
120
108
96
84
96
95
107
119
118
117
116
115
127
126
125
124
112
111
99
87
133
121
122
123
135
136
137
138
139
140
141
142
130
129
117
105
104
92
93
94
82
83
84
72
60
59
47
48
36
35
23
24
12
11
10
9
21
33
45
44
56
57
58
46
34
22
10
9
8
20
32
31
43
55
67
68
69
81
80
79
91
103
102
114
115
116
128
127
126
125
113
101
100
99
87
86
85
73
74
62
61
49
50
38
37
25
13
14
15
3
4
5
6
7
19
18
17
16
28
40
52
64
63
51
39
27
26
25
37
49
61
73
85
97
109
110
98
99
111
112
124
136
137
125
113
114
102
90
78
66
65
77
76
75
74
62
50
38
26
27
39
51
63
64
52
53
41
29
30
42
54
55
67
79
91
103
104
105
106
118
119
131
132
120
108
107
95
96
84
72
71
83
95
96
108
107
119
120
132
144
143
144
143
131
130
142
141
140
139
138
126
127
115
116
128
129
117
118
106
94
93
92
80
81
82
70
71
59
60
48
47
46
58
70
69
68
56
57
45
33
34
35
36
24
12
11
23
22
21
20
8
7
6
18
19
31
32
44
43
42
30
29
17
5
4
3
2
1
13
1
2
14
15
16
28
40
41
53
54
66
65
77
78
90
89
88
100
112
124
123
111
110
122
134
135
134
133
121
109
97
98
86
87
75
76
88
89
101
