##Rat 1 Day 17
 ##rewards
19
32
98
##Vertices
12
11
10
22
34
46
47
59
71
83
84
72
60
48
36
35
23
24
36
48
60
72
71
70
58
57
69
68
80
79
91
90
89
77
65
66
67
55
43
31
30
29
17
18
6
5
4
3
15
27
28
16
4
5
6
7
8
9
21
33
32
20
19
31
32
44
45
57
56
68
67
79
78
90
102
103
104
105
93
94
95
107
106
118
119
131
130
129
141
140
128
116
115
127
139
138
126
125
113
101
100
112
111
110
109
121
133
134
122
123
135
136
137
138
139
140
141
142
143
144
132
120
108
96
84
83
82
81
80
92
91
103
102
114
113
101
100
99
98
86
74
75
87
88
76
64
63
62
61
49
50
51
52
53
54
42
41
40
39
38
26
14
2
1
13
25
37
49
61
73
85
73
74
62
63
51
50
38
37
25
26
14
13
1
2
3
15
16
28
27
39
40
41
29
17
18
30
42
43
44
56
55
54
53
52
64
65
66
78
77
89
88
76
75
87
86
85
97
109
97
98
99
111
110
122
121
133
134
135
123
124
112
124
136
137
125
126
114
115
127
128
129
117
118
119
131
130
142
143
144
132
120
108
96
95
107
106
105
117
116
104
92
93
94
82
81
69
70
58
46
45
33
34
22
21
20
19
7
8
9
10
11
12
24
23
35
47
59
1
2
3
15
27
39
38
50
62
74
73
61
49
37
25
26
14
13
25
37
49
61
62
63
51
52
64
65
77
78
90
91
92
80
68
67
66
54
42
30
31
32
20
19
7
8
9
10
22
34
33
21
9
8
7
6
5
4
16
28
29
17
18
30
29
41
40
52
53
65
66
78
79
91
103
102
101
100
88
87
86
98
99
111
110
122
123
124
136
137
125
113
114
126
138
139
127
128
116
104
105
117
118
119
120
132
144
143
131
130
142
141
140
139
138
137
136
135
134
133
121
109
97
85
73
74
75
76
77
89
90
102
103
115
116
104
105
106
107
95
83
82
94
93
81
69
70
71
72
60
59
58
57
56
55
43
44
45
46
47
35
23
11
12
24
36
48
60
72
84
96
84
83
71
70
58
59
47
48
36
35
23
24
12
11
10
22
21
33
34
46
45
44
32
20
19
31
43
42
41
53
54
55
56
57
69
68
67
79
80
92
93
81
82
94
95
96
108
120
108
107
106
118
119
131
132
144
143
142
130
129
117
129
141
140
128
127
115
114
126
125
124
112
111
110
122
123
135
134
133
121
109
97
85
86
98
99
100
112
113
101
89
88
87
75
76
64
63
51
39
40
28
27
15
16
17
18
6
5
4
3
2
1
13
14
26
38
50
141
127
45
48
125
126
126
60
80
67
134
61
85
30
117
66
83
110
13
142
101
137
72
19
12
37
38
81
105
96
133
20
127
8
1
137
104
122
2
76
79
22
44
47
92
140
13
138
84
24
63
99
14
27
113
37
103
143
89
144
20
139
114
79
106
65
95
98
111
136
65
124
107
25
6
21
70
26
29
55
35
108
86
33
88
89
34
121
134
109
22
14
47
107
130
27
50
75
118
39
17
116
44
102
115
59
129
23
71
71
142
105
15
90
25
87
91
11
78
139
29
91
119
80
56
77
45
39
72
140
113
2
16
32
57
129
83
35
128
28
120
122
99
125
61
46
3
74
43
64
36
9
38
9
70
64
67
52
36
68
93
119
109
121
51
94
77
32
82
130
135
100
132
4
103
102
48
17
110
8
95
6
128
97
53
104
87
82
135
57
41
76
120
131
106
101
1
49
5
96
123
55
53
59
138
31
4
68
73
81
66
133
123
84
19
143
98
28
50
111
10
42
43
60
124
116
15
85
62
131
33
42
7
112
54
144
26
141
69
24
56
52
31
51
132
115
100
74
46
88
18
90
16
78
93
114
54
7
3
108
11
62
92
75
30
58
136
94
40
41
23
21
5
40
58
18
10
49
97
112
12
118
73
86
63
34
117
69
103
103
3
24
118
64
51
92
23
90
3
13
58
42
96
2
143
123
24
67
78
72
39
53
74
13
27
108
79
43
84
40
137
104
109
91
37
51
97
106
111
22
107
62
112
47
142
4
25
50
59
36
97
94
139
50
52
122
133
4
6
63
65
95
142
129
105
32
134
85
100
19
61
110
127
99
26
111
87
15
28
57
48
66
88
114
59
68
62
25
144
88
85
70
144
1
5
138
63
83
44
41
20
143
48
66
109
47
76
140
93
125
17
122
136
83
89
136
14
42
55
16
100
76
98
56
101
121
54
61
115
119
105
57
82
115
135
95
82
98
114
6
31
41
21
60
68
34
130
113
37
117
46
80
71
123
12
73
108
73
11
38
39
40
7
81
26
89
16
55
69
130
128
8
126
92
58
45
18
118
91
87
31
133
14
121
43
117
2
18
141
46
15
132
74
104
29
77
21
34
56
33
20
137
139
27
128
116
17
11
28
120
69
107
102
132
70
129
110
126
5
9
99
10
78
60
65
140
135
120
19
86
77
54
138
112
93
84
32
131
141
86
81
116
7
90
75
45
67
52
102
106
53
80
124
33
79
94
1
101
8
10
44
35
35
9
134
12
30
49
75
127
23
119
30
64
72
125
29
96
71
113
38
124
22
36
131
49
133
134
135
136
124
125
137
138
139
140
141
142
143
144
132
131
119
120
108
107
106
105
93
92
104
103
115
114
102
90
78
77
76
64
63
75
87
86
98
99
111
110
122
121
109
97
85
73
61
49
50
38
37
25
13
1
2
3
4
16
15
14
26
27
28
40
41
53
54
55
43
42
30
29
17
18
19
20
21
9
8
7
6
5
4
3
15
27
39
51
52
40
39
51
63
62
74
75
76
88
100
101
89
90
91
79
80
68
67
66
65
77
89
88
87
99
100
112
113
101
102
114
126
127
128
116
117
129
130
118
106
94
95
96
84
83
71
72
60
59
47
48
36
35
23
24
12
11
10
22
34
33
32
44
45
57
69
81
82
70
58
46
34
33
45
44
56
57
69
81
93
94
95
96
84
72
71
83
82
70
58
46
47
59
60
48
36
35
23
24
12
11
10
22
21
9
8
20
32
31
43
31
30
18
19
7
6
5
17
16
28
29
41
42
54
53
52
64
65
66
78
79
67
55
56
68
80
92
91
103
115
127
126
125
113
112
111
123
124
123
122
110
98
86
74
62
50
38
26
14
2
1
13
25
37
49
61
73
85
97
109
121
133
134
135
136
137
138
139
140
128
129
141
142
130
131
143
144
132
120
108
107
119
118
117
105
104
116
144
132
131
130
118
119
120
108
96
95
83
84
72
71
70
58
59
60
48
47
46
34
22
23
35
36
24
12
11
10
9
8
20
19
31
32
44
45
57
69
68
80
79
91
92
93
81
82
94
106
105
117
129
128
140
141
142
143
144
132
120
119
107
106
105
104
116
115
103
102
114
126
125
137
138
139
127
115
114
113
101
100
112
111
110
122
123
124
136
135
134
133
121
109
97
98
86
85
73
61
49
50
62
74
75
63
64
52
40
28
27
26
25
37
38
39
51
63
75
87
99
100
88
76
77
89
90
78
66
67
55
43
42
54
53
65
64
52
51
39
27
15
14
13
1
2
3
4
5
6
7
8
9
21
33
45
46
58
57
56
44
43
31
30
18
17
29
41
40
28
16
17
16
15
14
13
1
2
3
4
5
6
7
19
18
30
29
41
42
54
53
65
66
78
77
76
88
89
90
91
103
102
101
113
112
111
99
87
86
74
62
50
38
26
25
37
49
61
73
85
97
98
110
109
121
133
134
122
123
135
136
124
125
137
138
126
127
139
140
128
129
141
142
143
131
130
118
117
116
104
92
80
79
67
55
56
68
69
70
71
83
82
81
93
94
95
107
108
96
84
72
60
59
47
48
36
35
23
24
12
11
10
22
34
33
32
20
21
129
63
134
28
128
43
119
103
56
26
114
101
69
33
61
100
29
103
27
76
6
117
48
78
98
88
84
112
50
36
59
73
62
73
44
55
22
88
90
72
94
141
96
2
82
63
54
9
89
135
5
38
106
111
135
115
138
121
20
144
75
5
18
132
47
42
77
138
57
37
102
137
105
82
54
7
41
65
66
116
51
129
74
56
108
96
80
95
139
83
93
121
109
132
39
21
47
133
14
48
29
75
53
72
84
4
24
52
53
99
127
66
31
7
58
17
76
2
120
31
122
90
97
130
9
125
38
46
140
33
106
61
117
64
23
130
22
25
85
102
93
95
25
13
124
91
26
59
111
3
118
131
8
68
107
12
15
87
98
51
91
134
49
99
55
42
17
30
71
80
143
86
44
86
124
15
57
94
123
113
8
35
87
125
104
19
100
60
70
110
119
50
4
115
30
28
13
78
142
131
79
136
74
16
3
120
1
27
58
83
142
109
34
69
68
64
137
92
16
24
104
19
20
46
43
52
10
71
141
34
97
92
85
112
12
70
136
40
140
40
10
81
118
62
101
105
89
45
14
77
67
37
67
1
143
108
116
11
126
133
23
110
144
6
107
123
139
113
126
81
32
11
122
36
18
79
114
60
128
41
49
127
21
39
35
65
32
45
8
94
85
123
30
46
20
131
14
21
107
74
144
69
27
38
62
114
34
39
117
127
12
46
108
1
102
86
19
7
131
28
110
81
15
100
121
97
98
51
50
106
54
9
44
116
126
83
115
23
99
110
37
119
43
137
84
90
127
61
52
81
140
70
134
128
53
139
14
144
140
133
35
96
68
109
11
72
45
119
45
85
137
118
124
79
96
37
1
35
128
135
48
130
103
70
76
43
95
31
36
105
138
104
112
49
20
30
25
22
116
55
89
93
73
75
10
24
142
57
100
67
58
80
105
65
91
120
18
65
68
52
111
71
9
31
3
104
129
36
82
143
27
32
40
61
132
42
78
124
88
24
23
114
63
63
56
102
49
19
10
139
111
5
141
33
107
34
57
60
76
44
98
17
123
26
47
67
112
3
59
122
87
29
29
66
142
62
89
75
64
2
79
92
120
6
122
60
101
69
17
109
82
41
108
73
6
50
21
56
92
141
136
64
16
28
26
113
118
47
11
22
135
95
15
77
126
88
71
113
143
16
97
93
54
55
83
129
25
12
103
53
77
48
40
39
125
130
117
94
18
136
72
2
41
115
59
66
78
90
74
33
13
121
58
38
7
125
133
91
138
134
51
101
87
5
86
42
80
4
4
99
106
32
13
132
84
8
144
143
142
130
131
119
107
108
120
132
144
143
142
141
140
139
138
137
125
126
114
102
101
89
88
100
99
111
123
135
136
124
112
113
101
102
103
115
116
128
129
117
118
106
94
95
83
82
81
93
92
104
105
93
94
82
70
58
59
71
72
60
48
36
35
23
22
34
46
47
48
36
24
12
11
10
9
8
20
19
31
43
42
54
53
41
29
30
18
6
7
8
9
21
33
32
44
45
57
56
68
67
66
78
90
91
79
80
81
69
68
80
92
91
79
67
55
54
66
65
64
76
75
74
86
87
88
100
99
98
110
122
134
133
121
109
97
85
73
61
62
63
51
52
40
39
27
28
16
15
14
13
1
2
3
4
5
17
29
41
53
52
40
28
27
26
25
37
49
50
38
26
14
15
3
2
1
13
25
37
38
50
49
61
62
74
73
85
97
109
121
133
134
135
136
124
125
137
138
139
127
128
140
141
129
130
131
132
120
108
96
84
96
84
72
60
59
47
35
23
24
12
11
10
22
21
20
32
31
19
7
6
5
4
16
17
18
30
42
43
55
56
44
45
33
34
46
58
57
69
70
71
83
95
107
119
118
106
105
117
116
104
103
115
127
126
114
113
112
111
123
122
110
98
86
87
75
76
77
78
90
89
77
65
64
63
51
39
1
13
25
26
14
15
16
4
3
2
1
13
25
37
49
61
73
85
86
74
75
76
88
89
101
100
112
111
110
109
97
98
99
87
88
76
64
63
51
50
38
39
27
28
29
17
18
30
42
41
53
52
40
41
29
30
31
32
20
19
7
8
9
10
22
23
35
34
33
21
9
10
11
12
24
36
48
60
59
71
70
69
81
80
92
93
94
82
83
84
72
60
48
47
46
58
57
45
44
56
55
67
79
78
77
65
66
54
42
43
55
54
53
65
66
67
68
80
79
91
103
102
114
126
125
113
101
100
112
124
123
122
121
133
134
135
136
137
138
139
127
115
116
104
105
117
118
106
107
119
131
143
144
132
120
108
96
95
94
93
92
104
105
106
118
130
142
141
140
128
129
130
131
119
120
132
144
143
142
141
129
128
140
139
127
126
138
137
136
135
134
133
121
109
97
98
86
85
73
61
62
50
49
37
38
26
14
2
3
4
5
6
5
6
7
8
20
21
22
23
11
12
24
36
35
47
59
58
70
71
72
84
96
108
107
95
83
82
81
69
68
56
57
45
46
34
33
32
44
43
31
19
18
17
16
15
27
28
40
39
51
52
64
63
62
74
75
87
99
111
110
122
123
124
125
113
114
102
90
78
77
89
90
91
103
115
116
117
86
36
87
52
110
107
92
90
106
8
143
134
112
55
89
134
115
117
42
50
136
78
112
122
141
69
71
91
127
58
14
126
67
141
30
114
62
45
119
40
126
101
16
73
2
38
13
131
100
137
24
51
47
31
17
8
50
22
127
44
63
67
32
55
21
93
6
46
7
108
90
18
123
15
125
76
72
64
41
132
60
97
103
80
10
36
80
1
95
63
94
124
102
4
105
109
139
68
120
35
104
43
77
103
13
116
94
140
131
116
129
99
75
22
1
109
106
124
25
37
57
58
113
19
142
60
118
53
25
23
111
65
41
3
2
30
47
9
130
117
19
108
125
38
74
128
73
44
14
3
74
78
137
45
110
86
87
18
6
105
140
27
51
115
54
111
139
82
29
70
120
33
102
135
114
121
82
144
54
81
88
43
97
83
65
69
85
26
84
28
33
31
138
28
119
70
10
34
88
144
135
79
11
4
23
37
56
118
48
62
143
20
52
142
39
96
61
72
17
49
91
48
100
16
83
128
89
32
133
66
130
59
5
12
129
107
34
42
104
66
26
7
98
71
21
76
96
40
53
122
20
99
15
75
101
81
29
79
56
12
46
57
132
93
95
35
84
64
92
85
5
77
123
39
11
61
121
113
49
133
27
9
24
68
136
98
59
138
6
66
24
93
48
55
102
49
110
124
2
89
46
3
127
108
131
24
17
101
133
86
141
85
72
13
135
75
67
61
86
62
129
19
44
129
9
103
140
71
40
51
14
80
59
77
32
84
10
34
114
64
56
12
75
30
128
80
90
121
31
5
18
102
13
106
21
15
107
96
118
53
111
99
69
130
47
130
6
43
122
81
11
56
40
9
74
27
72
73
77
63
137
1
30
143
2
78
16
81
93
109
108
122
134
85
112
47
138
82
37
79
90
131
8
42
4
94
106
142
46
57
96
123
51
63
39
107
115
29
139
126
21
109
52
65
68
95
26
52
142
91
29
76
3
22
42
143
38
20
104
10
22
100
116
59
94
64
74
79
124
116
50
100
111
98
70
119
121
125
78
136
117
91
53
26
35
114
4
82
112
69
92
97
37
36
34
16
132
113
45
117
76
73
83
57
44
144
105
138
103
33
60
33
141
97
58
99
89
31
28
139
132
127
92
23
45
101
136
17
115
49
105
35
27
118
135
137
25
7
65
11
19
55
71
15
60
39
25
144
54
120
88
120
125
7
126
48
68
54
87
67
20
140
98
119
87
61
88
1
84
5
104
14
58
41
70
32
41
28
133
50
62
38
113
18
43
95
66
36
123
12
134
23
110
8
83
128
