##Rat 3 Day 4
 ##rewards
127
116
38
##Vertices
119
118
82
29
2
65
8
129
3
136
45
48
94
12
124
21
75
58
28
111
144
88
111
24
29
32
120
103
132
16
68
112
119
41
22
57
53
3
137
70
6
75
101
31
43
76
114
94
48
116
79
115
139
63
18
108
67
1
40
89
24
15
68
10
126
117
33
4
125
98
22
125
114
99
129
64
110
26
39
60
30
60
58
140
65
50
37
62
23
106
41
37
107
39
47
135
106
55
92
61
46
51
97
113
72
127
100
128
138
135
80
76
92
50
6
47
18
10
105
132
105
139
5
74
123
140
25
55
142
102
66
14
1
142
133
54
30
11
87
79
20
14
104
23
73
9
104
120
54
61
43
9
81
98
126
27
49
101
53
25
95
73
93
83
13
38
143
16
5
71
116
78
103
64
40
91
130
115
89
17
46
90
86
44
34
71
109
13
56
137
69
17
96
80
118
35
20
45
69
100
107
144
143
83
19
38
26
57
56
138
59
51
31
128
108
96
88
91
36
84
134
109
95
102
44
124
77
131
63
87
134
74
141
110
66
131
8
127
4
19
133
12
122
136
84
42
35
2
36
78
121
121
112
34
130
49
32
33
15
122
70
85
97
42
81
117
62
86
7
82
141
77
93
11
90
52
85
27
59
67
99
72
113
7
123
28
21
52
130
69
136
107
14
34
117
119
115
27
55
137
7
66
144
126
86
25
120
134
111
110
81
74
48
105
106
76
104
98
140
88
10
53
133
19
17
128
28
84
16
66
85
101
40
26
75
116
97
112
80
114
132
95
103
38
71
86
82
10
85
111
110
64
46
123
119
101
47
105
134
93
57
128
130
6
62
87
92
81
109
90
139
131
100
3
41
106
136
73
39
15
59
100
89
122
94
91
20
9
129
73
22
51
35
143
133
141
74
42
31
34
138
80
37
102
37
22
19
68
135
63
26
97
113
58
99
3
8
79
54
25
125
79
71
14
126
138
77
45
107
36
42
77
93
48
102
82
6
54
56
29
121
31
64
131
55
44
61
51
41
88
40
135
113
50
120
118
2
108
118
104
132
49
67
87
53
123
24
30
62
11
78
124
99
43
69
33
38
9
141
60
23
90
15
18
142
142
137
52
44
139
83
98
65
129
67
96
57
96
1
127
29
8
33
35
143
2
56
20
13
49
70
4
121
72
95
75
7
5
27
18
109
12
92
21
23
89
65
16
46
114
124
11
13
52
60
32
112
47
68
76
43
108
125
58
78
70
17
5
115
4
59
12
94
91
30
72
116
50
21
103
127
140
117
24
1
32
28
39
61
84
63
83
45
144
36
122
144
132
120
108
96
95
107
106
118
117
105
93
81
69
70
58
57
56
68
67
55
54
42
43
31
30
18
6
7
8
20
19
31
32
44
45
46
47
59
60
48
36
24
12
11
23
22
10
9
21
33
34
35
36
48
60
72
71
83
82
94
106
118
119
131
130
142
141
140
139
127
115
116
104
92
91
79
80
68
56
44
32
33
45
57
69
81
93
105
117
129
128
140
139
138
126
114
102
90
89
88
87
99
100
112
124
136
135
134
122
110
111
123
135
136
137
125
113
101
100
99
98
97
85
73
74
75
76
77
65
53
41
29
17
5
4
3
2
1
13
25
37
38
50
49
61
62
63
64
52
40
39
51
52
40
28
27
26
14
15
16
28
27
39
51
63
64
65
66
78
77
89
90
78
66
54
53
41
29
30
42
43
55
67
79
80
92
104
116
128
127
115
103
91
103
102
101
113
114
126
138
137
125
124
112
111
123
122
110
109
121
133
134
133
121
109
97
85
86
98
86
87
88
76
75
74
73
61
62
50
49
37
38
26
25
13
1
2
14
15
3
4
16
17
5
6
18
19
7
8
20
21
9
10
11
12
24
23
22
34
35
47
46
58
59
71
70
82
94
95
83
84
72
84
96
108
107
119
120
132
131
130
129
141
142
143
144
143
12
11
23
35
34
22
10
9
8
20
19
7
6
18
30
29
17
5
4
16
28
27
26
14
15
3
2
1
13
25
37
49
50
62
63
51
52
40
41
42
54
55
67
68
56
44
43
31
32
33
45
46
47
59
60
48
36
24
12
11
10
22
21
33
45
57
58
70
69
81
82
83
95
96
84
72
71
70
82
94
93
105
106
118
130
131
119
107
108
120
132
144
143
142
141
129
128
140
139
138
137
125
126
127
115
114
102
101
100
99
111
123
135
136
124
112
113
114
115
116
117
105
104
103
91
92
80
79
78
66
65
64
76
77
89
90
102
101
113
112
111
110
122
134
133
121
109
97
85
73
61
49
37
38
39
40
28
29
41
53
52
64
63
75
74
86
87
88
100
99
98
86
98
110
122
134
133
121
109
97
85
73
61
62
74
75
87
88
76
77
89
90
78
79
91
103
104
92
80
68
69
81
93
94
106
118
117
116
128
127
126
125
124
123
135
136
137
138
139
140
141
129
130
142
143
144
132
131
119
120
108
107
95
96
84
83
71
72
60
59
47
48
36
24
23
35
34
46
58
57
56
55
67
66
65
53
54
42
30
18
19
31
43
44
32
20
21
9
8
7
6
5
17
16
4
3
15
14
2
1
13
25
26
27
39
51
50
38
6
81
57
66
17
77
124
40
75
104
119
122
74
40
52
79
114
19
45
112
106
65
142
52
131
71
123
128
133
129
33
69
43
143
112
1
28
123
11
38
3
132
114
30
55
69
83
86
87
47
133
73
12
58
78
103
22
36
58
6
9
55
18
129
86
91
10
54
131
110
51
125
31
105
128
119
14
15
134
116
60
126
135
83
130
105
84
24
140
63
22
136
88
98
31
61
134
67
87
142
118
61
96
7
124
24
59
121
29
95
39
76
39
108
20
76
137
56
62
137
73
33
16
95
64
47
25
48
14
82
36
66
72
21
80
23
113
117
20
78
85
109
2
9
28
18
93
109
32
57
99
139
51
138
132
120
94
23
89
16
126
107
141
17
49
42
60
46
92
41
99
42
103
1
84
32
82
138
108
89
101
97
79
97
127
111
68
26
107
34
46
19
122
49
50
4
74
27
70
13
80
64
98
7
81
13
4
5
135
41
110
12
37
15
121
90
75
25
144
2
140
101
67
70
93
34
71
115
50
53
65
44
48
3
111
91
10
11
62
29
35
72
118
53
116
115
120
130
21
45
59
88
26
100
100
143
56
5
96
127
54
35
139
125
136
85
38
8
37
44
8
141
63
68
102
27
113
77
102
144
30
104
117
43
92
106
94
90
72
102
97
128
47
18
122
100
124
40
87
132
118
2
1
135
91
102
142
49
37
15
126
75
56
54
36
32
59
6
121
139
24
113
18
24
130
144
76
107
129
97
29
39
41
4
87
111
46
50
131
89
85
117
27
26
9
83
103
92
125
123
11
29
17
89
98
3
8
51
26
101
67
138
4
121
110
22
20
107
127
19
106
66
140
118
68
140
32
114
99
112
76
132
84
62
81
22
50
99
12
82
23
61
44
48
96
69
119
35
38
25
10
80
119
71
34
39
104
43
28
70
101
74
16
81
73
38
67
52
13
120
103
7
37
28
91
56
90
5
45
93
108
74
11
95
33
64
69
127
134
42
100
105
25
60
35
124
111
117
139
104
57
141
45
14
55
122
95
58
30
20
14
8
47
9
53
65
144
116
83
36
57
64
143
78
128
73
10
61
133
2
141
55
31
30
130
6
21
63
126
79
108
125
33
23
46
96
94
138
60
75
77
17
31
123
114
7
3
109
16
120
13
66
106
98
129
42
62
78
70
116
136
109
85
105
77
5
19
72
135
65
68
113
133
93
48
12
142
34
44
52
79
86
40
71
90
63
53
115
21
92
59
51
112
82
136
80
137
84
15
131
143
137
41
134
49
43
86
115
88
94
54
27
88
110
1
58
1
2
3
15
14
26
38
37
25
13
1
2
3
4
5
6
7
8
20
19
31
43
44
56
57
45
46
34
22
10
9
21
33
32
44
43
42
30
29
17
16
28
27
39
51
50
62
63
64
52
53
41
40
52
51
63
75
87
86
74
73
85
97
109
110
122
123
111
99
98
97
109
121
133
134
135
136
137
125
126
114
102
103
91
92
104
116
115
127
139
138
137
136
124
112
113
101
100
88
89
77
78
79
67
55
54
66
65
64
76
77
65
53
54
66
78
90
91
79
80
81
69
70
71
59
58
57
45
46
47
35
23
11
12
24
36
48
60
72
84
83
82
94
93
105
106
118
117
129
130
131
132
144
143
142
141
140
128
116
104
92
93
105
117
118
119
120
108
96
95
107
119
131
130
142
143
144
132
120
108
107
95
96
84
83
71
72
60
48
36
24
12
11
10
9
21
20
8
7
6
18
17
5
4
16
15
14
13
25
37
49
61
49
61
73
85
86
98
110
122
121
133
134
135
123
124
125
113
114
126
138
139
140
141
129
128
127
115
103
102
90
89
101
100
112
111
99
87
88
76
75
74
62
50
38
26
27
39
40
28
29
41
42
30
18
19
31
32
33
34
22
23
35
47
59
58
70
69
68
67
55
56
68
80
81
82
94
106
133
121
109
110
122
123
124
136
135
134
133
121
109
97
85
73
61
49
50
62
63
64
52
53
41
40
28
27
26
25
37
38
39
51
52
64
76
75
87
86
98
99
111
112
113
125
126
114
102
101
89
88
100
101
113
114
115
116
128
127
139
140
141
142
130
131
119
118
117
129
141
142
143
144
132
120
108
96
95
83
82
81
69
68
56
57
58
70
71
72
84
96
108
107
106
94
93
105
104
92
91
79
67
66
65
77
78
90
102
103
91
90
89
77
78
79
80
68
67
55
43
42
30
18
17
29
41
40
28
16
15
14
13
1
2
3
4
5
6
7
19
31
32
44
45
33
34
46
47
35
23
11
12
24
36
48
60
59
58
57
56
44
45
46
34
22
10
9
8
20
21
22
23
35
36
24
12
11
10
9
21
20
8
7
19
18
6
5
4
3
2
1
13
25
37
38
50
49
61
73
74
86
85
97
98
110
122
134
135
136
137
138
137
138
139
140
128
129
130
131
143
144
132
120
119
107
95
94
82
83
84
72
60
48
47
59
71
70
69
81
80
92
93
105
106
118
117
116
104
103
115
127
126
125
124
123
111
112
100
99
87
88
76
75
74
62
63
51
39
27
26
14
15
16
17
29
30
42
54
66
65
53
54
55
43
31
32
33
54
5
65
133
7
45
72
77
139
117
114
128
89
96
142
47
90
79
106
88
40
53
143
6
29
121
136
60
8
66
13
108
17
140
89
20
49
98
120
137
53
130
37
19
63
104
64
92
44
69
73
78
67
99
119
2
55
55
16
127
44
109
26
46
105
70
23
50
97
102
19
123
61
68
132
76
129
37
138
93
113
47
141
97
57
91
48
132
74
42
103
137
64
113
16
122
86
101
56
23
5
66
134
33
100
34
121
14
26
101
82
58
4
118
74
7
36
94
56
25
141
51
62
15
144
41
92
135
15
22
18
65
28
104
94
20
103
3
31
114
30
136
29
24
93
118
43
107
135
129
85
12
106
68
22
3
39
8
11
40
10
116
117
81
99
102
59
45
76
60
70
49
131
119
123
46
86
120
87
48
72
10
111
71
18
71
133
80
144
52
126
63
84
85
25
39
116
140
6
98
77
111
112
54
138
43
61
34
90
127
33
73
32
108
125
67
4
107
142
21
58
9
80
51
2
139
32
75
1
96
82
52
21
14
42
24
110
83
69
36
57
131
17
1
125
115
83
75
84
88
143
27
9
62
41
79
78
109
13
12
128
95
124
112
87
38
50
11
30
35
100
95
28
115
59
27
130
110
35
81
126
31
124
105
134
122
38
91
34
1
45
36
63
67
89
139
61
59
127
47
4
51
111
61
37
110
86
32
143
118
124
71
6
78
33
14
117
70
125
104
102
20
13
78
122
87
50
76
80
44
22
28
125
99
22
100
29
98
19
17
36
38
20
136
9
65
97
102
45
115
28
62
122
31
106
144
49
107
119
124
39
93
14
128
82
64
15
4
83
110
40
70
116
107
41
42
138
90
106
95
84
12
39
23
5
11
66
52
69
62
10
121
75
53
43
16
69
77
74
95
84
9
58
86
97
79
90
108
12
103
79
24
48
66
130
35
83
105
127
26
43
94
21
67
120
81
135
47
140
85
27
92
11
46
57
6
65
21
24
136
1
121
81
139
105
116
96
8
63
3
129
130
82
96
126
73
112
19
126
56
25
131
93
101
143
123
31
113
75
49
7
2
103
138
72
51
118
18
144
40
132
55
119
13
18
99
134
26
33
2
56
94
52
37
91
77
132
32
76
140
129
91
42
133
92
35
114
54
68
17
48
60
113
101
123
15
54
55
74
87
112
3
141
72
73
71
131
10
58
25
60
88
41
57
128
46
109
114
88
135
142
50
115
120
98
5
134
27
111
80
29
142
137
7
8
23
59
133
34
53
141
30
38
104
100
108
68
64
16
137
117
30
85
89
44
109
1
13
25
37
49
50
38
39
51
63
64
52
40
41
53
54
42
43
55
67
79
80
81
69
68
56
57
45
44
32
20
19
7
8
9
21
33
34
22
23
11
12
24
36
48
60
59
58
70
71
83
82
94
106
118
117
116
115
103
102
90
89
88
100
99
111
112
113
101
89
77
65
66
78
77
76
75
87
86
74
62
61
73
85
97
98
110
122
121
133
134
135
136
137
138
126
125
124
123
135
136
137
138
139
127
128
140
141
129
130
142
143
144
132
131
119
120
108
107
95
96
84
72
60
48
47
46
45
33
32
31
30
29
28
16
4
5
6
18
17
29
28
27
26
14
2
3
15
27
39
40
41
42
54
55
67
68
80
92
91
90
102
114
115
103
104
105
93
81
82
94
95
83
71
72
84
96
108
120
132
144
143
131
119
107
106
118
117
129
130
142
141
140
139
127
128
116
104
105
93
92
91
79
78
66
65
53
52
64
63
51
50
62
74
75
76
88
87
86
98
99
100
101
113
114
126
125
124
112
111
123
122
134
133
121
109
110
109
97
85
73
61
49
37
38
26
25
13
1
2
14
15
3
4
16
17
5
6
18
19
7
8
20
21
9
10
22
10
11
12
24
36
35
23
35
34
46
47
59
58
70
69
57
56
44
43
31
30
144
143
142
141
140
128
129
117
116
115
103
104
105
93
92
80
81
69
68
67
66
54
42
43
55
56
44
45
57
58
59
71
72
60
48
47
46
34
35
23
24
12
11
10
9
8
20
32
31
19
18
30
29
28
27
39
51
63
64
76
77
89
101
100
112
111
99
87
88
89
90
91
79
78
90
102
114
113
125
126
127
139
138
137
136
124
123
122
134
133
121
109
97
85
73
74
86
98
110
109
97
85
73
61
62
50
49
37
38
26
25
13
1
2
14
15
3
4
16
17
5
6
7
8
9
21
33
45
46
58
70
82
94
106
107
108
96
84
83
95
94
106
118
130
131
132
120
119
118
117
105
93
81
80
68
67
55
54
53
65
77
76
75
63
64
52
40
41
42
30
29
17
18
19
7
6
5
4
3
2
1
13
14
15
16
28
27
39
38
26
25
37
49
61
62
50
51
52
40
41
53
65
66
78
79
91
92
104
103
115
116
128
127
126
114
102
101
113
125
124
112
100
88
87
75
74
86
98
99
111
110
122
121
133
134
135
123
135
136
137
138
139
140
141
129
130
142
143
144
132
131
119
120
108
107
95
96
84
83
71
72
60
59
47
48
36
35
36
24
12
11
10
22
23
22
34
33
21
20
32
31
43
44
56
57
69
70
82
