##Rat 1 Day 28
 ##rewards
19
32
98
##Vertices
136
24
10
93
137
97
109
42
11
51
25
15
123
20
50
117
49
94
108
18
60
51
8
73
10
67
123
143
53
121
30
18
20
80
13
142
63
93
144
63
111
134
69
3
48
117
79
22
118
91
76
47
26
44
102
126
73
16
29
45
112
84
68
86
72
31
70
85
8
75
27
112
82
7
35
135
58
137
120
85
34
105
135
27
4
99
48
101
36
43
3
1
141
19
86
116
119
89
128
132
57
79
124
62
37
100
29
110
70
39
99
72
46
88
105
53
42
122
132
97
2
30
114
58
33
74
64
90
23
59
88
122
4
71
80
24
95
9
15
100
61
34
57
94
119
139
40
75
12
131
19
7
106
84
138
44
129
103
121
131
107
56
107
130
133
17
120
12
113
91
66
90
67
41
109
52
116
96
140
106
9
22
6
17
133
21
143
25
50
55
139
54
64
38
127
87
144
2
47
61
98
142
127
124
46
83
125
5
81
77
28
6
52
43
41
110
134
60
141
13
140
114
111
126
59
138
81
65
28
74
56
89
65
45
118
32
21
83
11
77
129
14
104
35
96
32
115
39
36
113
54
95
16
102
125
31
71
66
37
76
115
14
128
1
103
82
68
33
87
78
55
38
78
104
101
98
136
92
49
92
5
23
26
69
40
108
62
130
77
29
133
123
86
95
82
31
54
49
140
55
9
78
72
132
12
30
90
103
107
18
3
23
59
94
66
120
42
119
52
98
101
57
19
114
9
16
75
36
93
98
15
44
58
10
18
99
109
22
6
97
136
96
11
47
65
36
60
90
135
139
31
83
62
106
77
6
1
48
79
93
85
105
8
46
134
56
130
75
91
39
68
20
122
3
35
32
14
120
74
104
54
109
86
21
26
129
115
128
141
65
122
79
104
116
124
59
46
144
15
28
137
51
22
111
89
17
128
24
16
61
69
53
97
113
121
88
91
55
123
61
1
38
13
21
94
124
67
25
102
27
76
44
137
81
106
73
34
118
19
138
8
2
80
92
105
50
99
32
100
113
101
108
43
11
51
47
139
129
87
117
26
41
63
82
74
115
63
48
92
136
5
35
7
138
127
67
60
33
125
53
100
72
80
4
107
64
37
68
76
84
37
28
135
17
142
78
108
30
143
38
131
69
52
5
56
34
96
88
143
42
85
114
62
45
127
13
27
49
112
126
121
64
40
142
134
70
110
70
140
89
71
118
58
10
95
24
57
144
7
111
4
81
66
125
14
45
50
33
130
126
40
84
87
20
103
133
110
117
2
73
39
119
71
23
83
25
12
41
132
102
131
116
141
43
29
112
144
132
120
108
96
95
107
119
131
143
142
130
118
117
105
93
92
80
81
69
57
58
70
71
72
60
59
47
48
36
24
23
22
21
9
8
20
32
44
56
55
43
42
54
66
78
77
65
64
76
88
89
101
102
90
91
79
67
68
56
44
45
46
34
35
36
48
60
72
84
83
82
94
106
105
104
116
115
103
104
116
128
140
141
129
117
118
106
94
93
81
69
57
45
33
32
31
30
18
17
16
4
3
15
27
28
29
41
53
52
40
39
51
50
38
37
25
26
14
13
1
2
3
4
5
6
7
19
31
43
42
41
53
52
40
39
51
63
75
74
62
61
73
85
97
98
86
87
99
111
123
124
125
113
112
100
101
113
114
126
138
137
136
135
134
133
121
122
110
109
97
98
110
109
121
133
134
122
123
135
136
124
112
111
99
100
88
89
77
76
75
87
86
85
73
74
62
63
64
65
66
54
55
67
68
80
92
91
79
78
90
102
103
115
114
126
125
137
138
139
127
128
127
139
140
141
129
130
142
143
144
132
131
119
120
108
107
95
96
84
83
82
70
71
59
47
35
23
24
12
11
12
11
10
22
10
9
8
7
6
5
17
16
15
14
2
1
13
25
37
49
61
49
50
38
26
27
28
29
30
18
19
20
21
33
34
46
58
12
24
36
48
60
59
47
35
23
11
10
22
34
33
45
57
56
68
69
81
93
94
82
83
84
96
95
107
108
120
132
131
130
129
141
140
128
116
104
92
91
103
102
90
78
66
65
77
76
64
52
53
41
42
54
55
67
79
80
92
104
105
106
118
119
120
108
96
84
72
71
70
58
46
45
44
32
31
43
44
32
20
8
9
21
33
34
46
58
57
69
81
93
105
117
116
115
114
126
125
124
136
135
123
111
112
113
101
89
88
100
99
87
86
98
97
109
110
122
121
133
134
135
136
137
138
139
127
115
103
102
101
89
88
100
99
87
75
63
62
74
73
61
49
37
38
50
51
39
27
15
16
17
29
28
40
41
29
30
18
6
5
4
3
2
1
13
14
26
25
37
38
26
25
13
1
2
14
15
3
4
16
28
27
39
40
52
53
65
64
63
51
50
49
61
62
74
75
76
77
78
90
91
79
80
68
56
55
67
66
54
42
43
31
30
18
17
5
6
7
19
20
19
7
8
9
21
22
10
11
12
24
23
35
36
48
47
59
60
72
71
70
82
83
95
107
119
131
132
144
143
144
143
142
130
142
141
140
139
138
137
125
124
123
122
134
133
121
109
97
85
73
85
86
98
110
111
112
113
114
126
127
128
129
117
118
106
94
124
28
27
108
130
128
8
35
143
69
54
40
80
1
87
116
38
99
78
11
79
86
53
132
11
133
21
3
119
9
58
120
2
96
134
91
104
77
49
113
53
4
88
13
97
101
23
46
139
83
59
84
102
49
29
132
68
10
127
28
6
66
31
12
67
37
36
72
30
47
8
20
39
1
88
86
43
64
81
41
20
110
14
109
112
135
109
82
133
85
137
83
79
123
22
107
142
48
98
37
39
98
111
46
17
92
85
66
32
75
110
138
26
94
144
71
75
62
14
137
129
120
24
131
76
52
29
73
54
117
82
138
87
143
47
60
125
23
18
118
3
45
63
9
48
16
57
74
24
131
33
31
94
96
30
21
65
56
111
12
100
52
33
84
95
73
106
128
25
119
7
59
17
51
4
118
106
130
117
89
62
64
70
42
121
135
142
125
126
68
114
104
13
134
141
78
99
92
129
19
93
44
105
136
114
103
67
90
113
105
69
136
35
93
32
89
81
18
55
51
50
36
45
122
19
22
34
115
2
72
74
50
139
123
116
107
127
65
121
25
10
91
6
15
97
122
61
141
100
5
126
115
40
44
102
41
80
76
103
140
5
101
60
95
144
16
15
58
7
57
26
140
42
108
112
27
90
55
63
61
77
71
38
43
34
56
124
70
111
45
51
28
11
5
22
9
132
92
116
27
49
79
18
4
45
88
126
95
99
85
38
91
52
134
4
6
144
33
84
15
140
125
12
17
86
133
47
37
55
132
128
43
98
73
12
79
139
54
115
31
2
14
96
143
71
109
20
7
47
19
102
26
137
41
65
65
99
141
114
127
137
138
21
32
134
133
119
23
125
101
108
128
17
61
83
85
131
27
8
36
100
107
119
127
58
78
74
142
54
61
123
124
95
13
100
38
101
87
69
143
121
117
43
1
126
3
67
135
34
130
74
105
124
46
2
112
123
110
49
114
118
35
42
58
136
55
32
62
92
89
59
28
110
141
104
108
77
66
70
72
56
69
81
56
44
129
83
129
116
63
36
44
42
67
53
103
24
59
68
112
144
18
122
14
98
84
104
86
81
93
64
22
29
64
19
5
10
120
73
120
52
51
109
25
139
37
31
40
82
29
111
40
20
117
94
76
106
48
136
94
48
87
7
3
63
91
131
121
76
23
1
15
41
60
90
62
102
39
68
46
8
30
71
60
82
77
16
135
80
13
35
90
93
78
75
9
142
88
70
53
75
138
105
57
10
89
122
106
30
80
72
118
39
66
21
113
130
50
57
140
6
11
113
97
25
33
34
24
50
96
103
16
26
107
97
115
133
121
109
110
122
123
135
136
124
112
100
101
113
114
115
127
126
125
137
138
139
140
141
142
130
131
143
144
132
120
108
96
95
94
106
107
119
118
117
105
93
92
104
103
91
79
80
81
82
83
71
70
58
57
69
68
67
55
56
44
45
46
34
35
36
24
12
11
23
22
10
9
8
7
6
18
19
31
30
29
41
42
54
66
78
90
102
101
89
77
65
53
52
64
63
75
76
88
87
86
74
62
50
51
39
38
37
25
26
27
15
14
2
1
13
25
37
49
61
73
85
97
98
99
111
112
113
114
102
90
91
103
115
116
128
129
141
142
130
118
106
94
82
70
58
59
60
48
47
46
34
33
21
20
32
31
43
42
30
29
28
40
41
53
65
64
52
40
28
16
4
5
17
16
17
5
6
18
19
7
8
9
10
11
12
24
36
48
60
72
84
83
95
107
119
131
143
144
132
120
108
96
84
72
71
59
47
35
23
22
21
20
32
33
45
44
43
55
54
66
78
79
67
68
56
57
69
81
80
92
93
105
104
116
117
129
128
140
139
127
126
138
137
125
124
123
111
99
100
88
89
77
76
75
87
86
74
62
63
51
39
27
15
3
4
3
2
1
13
14
26
38
50
49
61
73
85
97
98
110
109
121
133
134
122
134
135
136
1
2
14
26
25
37
49
61
73
85
97
109
110
98
99
100
88
89
101
113
114
126
138
139
140
128
129
141
142
130
131
143
144
132
120
108
107
106
105
93
92
104
116
117
118
119
120
108
96
95
94
82
81
80
79
91
103
102
90
78
77
76
64
63
75
87
86
74
62
50
51
52
40
28
29
17
5
6
18
19
7
8
20
21
9
10
11
23
35
36
48
60
72
84
83
71
59
47
46
45
44
43
31
32
33
34
22
10
9
8
7
6
5
4
3
15
16
28
27
39
38
37
49
50
51
63
64
65
66
67
55
54
42
30
18
19
20
21
22
34
33
32
31
43
44
56
57
58
70
69
68
80
79
78
77
76
88
100
112
111
123
122
134
135
136
124
125
137
138
139
127
126
125
137
136
124
123
135
134
133
121
133
121
122
110
109
97
85
73
61
62
74
75
87
86
98
99
111
112
113
101
89
90
102
114
115
127
128
140
141
129
117
116
115
103
91
92
104
105
106
118
130
142
143
144
132
131
119
107
95
96
84
72
71
83
82
94
93
81
69
70
58
59
60
48
36
24
12
11
12
24
23
35
47
46
45
57
56
68
67
55
54
66
65
53
41
40
39
38
26
27
15
14
13
25
13
1
2
3
4
16
17
29
30
42
41
53
52
133
81
48
16
144
22
59
63
129
107
140
90
104
139
72
76
111
49
36
96
108
79
37
28
143
131
130
92
45
74
117
65
102
52
58
85
137
18
71
95
52
77
46
99
67
82
66
125
81
40
6
26
112
116
30
69
111
103
124
7
84
50
128
3
30
14
130
57
38
19
10
141
117
83
144
78
103
98
128
31
136
42
88
45
39
82
67
88
94
29
43
60
14
86
100
138
33
126
11
40
80
121
15
135
122
142
10
91
87
32
13
112
124
60
139
87
69
2
90
62
27
114
75
4
64
23
2
131
115
85
71
23
37
114
106
59
118
18
70
113
66
32
7
83
93
26
122
73
102
118
136
75
134
97
109
5
56
63
29
133
53
61
1
89
84
70
78
1
73
100
126
8
27
24
54
99
53
115
101
134
120
62
19
68
6
20
77
105
12
132
110
25
57
95
74
116
68
141
9
51
61
34
4
127
44
142
72
55
92
101
17
79
21
33
140
47
20
110
11
86
51
46
80
42
48
58
28
44
34
41
41
5
106
123
49
35
105
107
43
119
91
132
137
17
15
3
12
9
31
127
143
120
89
104
39
65
113
50
125
64
135
119
123
138
54
36
25
38
109
47
93
129
97
22
16
24
35
121
108
55
21
94
56
98
8
96
76
13
144
127
95
81
54
39
139
58
7
120
59
26
27
11
136
140
32
22
34
9
59
43
39
24
131
23
75
137
110
69
100
129
119
117
107
7
57
11
45
46
143
134
36
138
24
35
60
142
67
106
90
92
45
76
89
103
15
58
14
48
93
103
62
85
29
141
119
47
60
19
88
125
3
102
86
25
68
132
5
127
23
65
106
90
27
71
109
44
140
78
64
109
44
128
139
5
111
63
132
77
120
37
81
94
87
46
115
8
41
13
72
31
126
104
38
105
68
41
83
97
99
83
117
9
112
50
52
70
100
30
133
65
144
131
102
123
10
51
101
71
135
33
124
112
50
94
113
64
143
15
113
116
82
18
107
19
123
49
73
79
135
114
108
34
55
66
16
126
98
114
40
85
3
121
56
73
101
49
18
141
84
28
52
80
122
69
72
138
56
118
63
30
13
86
128
17
51
54
33
122
110
133
47
96
17
130
14
2
26
12
91
66
99
93
20
29
1
84
70
55
20
61
10
21
91
92
129
43
53
74
25
124
96
142
116
121
32
40
104
16
4
48
1
21
87
80
75
97
4
31
74
42
82
98
62
2
76
8
67
6
115
36
22
111
105
125
42
61
118
37
130
38
78
88
28
57
53
79
77
108
134
136
95
12
35
6
137
89
133
134
122
110
109
97
85
73
61
49
37
25
26
38
39
40
52
53
41
29
30
18
6
7
8
20
21
9
10
22
23
11
12
24
36
48
47
46
45
57
56
44
32
33
34
35
36
48
60
59
58
70
69
68
67
55
43
42
54
66
65
64
76
75
63
51
50
62
74
86
87
88
100
112
113
125
137
138
126
127
139
140
128
129
141
142
143
131
119
120
108
96
84
72
71
83
95
107
106
105
104
103
115
116
117
118
130
142
141
140
139
138
137
136
135
123
124
112
111
99
98
97
85
86
87
75
76
77
78
79
91
90
102
114
126
127
128
129
130
118
117
116
115
103
104
92
93
94
82
81
80
68
67
66
65
64
52
40
28
27
15
14
2
3
4
16
17
5
6
7
19
18
17
5
4
16
15
3
2
1
13
1
13
14
26
25
37
49
61
73
74
62
63
51
50
38
39
27
28
29
41
53
54
42
30
31
19
20
8
9
21
33
32
31
43
55
56
44
45
46
34
22
10
11
12
24
23
35
47
59
60
72
84
83
71
70
58
57
69
81
82
94
95
96
108
120
132
144
143
144
132
131
119
107
106
105
93
92
80
79
91
90
78
77
89
101
100
99
98
110
111
123
122
121
109
121
133
134
135
136
124
125
113
114
102
101
89
88
144
143
131
119
120
108
96
84
72
60
48
36
35
47
46
45
57
56
44
32
31
19
7
6
5
17
16
4
3
15
14
2
1
13
25
37
38
39
40
52
53
41
29
28
27
26
25
37
49
50
51
63
64
65
66
54
42
43
55
67
68
69
81
82
70
58
59
71
83
95
94
93
105
117
116
128
140
139
127
126
138
137
125
124
136
135
134
122
110
109
97
85
73
61
62
74
86
98
99
100
101
102
114
113
112
111
123
135
136
137
138
139
140
141
142
130
129
117
118
106
107
108
96
95
94
82
81
80
79
78
90
91
103
115
127
126
125
124
123
111
112
113
114
102
101
89
88
87
75
76
77
65
66
67
68
69
57
45
33
34
22
23
11
10
9
21
20
8
7
6
18
19
20
8
9
21
22
10
11
12
24
12
24
23
35
36
48
60
72
84
83
71
70
58
59
47
46
34
33
32
44
56
55
43
31
30
18
17
5
4
16
28
29
30
42
54
53
41
40
39
27
15
3
2
1
13
14
26
38
50
49
61
73
74
62
63
51
52
64
76
75
87
86
85
97
109
121
133
134
133
121
122
110
98
99
100
88
89
77
78
90
91
79
80
92
104
105
106
107
119
118
130
131
132
120
132
144
143
142
141
129
128
116
115
103
104
92
93
