##Rat 4 Day 22
 ##rewards
126
113
47
##Vertices
20
13
8
86
83
98
133
90
44
67
48
136
18
94
114
109
41
144
22
12
25
102
110
29
138
77
19
121
84
88
3
37
61
59
127
23
13
77
3
23
132
113
30
50
9
4
6
31
1
68
82
66
135
56
33
36
84
69
139
7
122
114
94
1
45
33
49
42
40
92
63
64
80
10
85
2
79
39
137
97
88
52
102
63
93
86
136
82
31
64
119
104
47
111
14
144
127
22
65
134
101
29
99
59
65
106
80
32
117
138
7
24
137
62
95
112
70
131
48
53
118
5
101
40
116
93
47
60
26
55
126
36
103
129
19
10
133
128
57
121
91
62
129
42
53
11
143
124
28
108
66
109
71
68
78
85
130
76
141
21
43
100
125
79
98
58
8
104
5
126
96
73
51
115
45
87
32
38
141
38
90
35
123
96
34
83
50
69
71
9
54
74
89
70
46
91
130
34
74
89
16
2
41
44
87
99
132
4
35
67
81
18
142
139
113
25
134
6
106
119
124
75
60
30
58
111
15
128
140
51
54
17
26
43
140
39
49
95
142
75
105
115
28
120
27
97
107
120
16
20
100
11
122
15
76
57
118
103
105
37
116
61
46
55
24
92
72
110
131
135
21
107
78
52
108
56
12
123
112
81
14
125
73
117
17
72
143
27
126
20
46
139
6
137
116
95
104
106
15
69
40
63
100
100
70
54
125
58
43
44
44
23
46
76
116
25
32
71
123
37
105
13
104
125
92
60
43
47
140
133
109
88
74
79
121
87
124
26
68
50
78
97
73
124
30
86
70
96
84
61
118
36
29
18
32
130
59
77
66
102
119
47
77
62
30
98
115
111
89
18
54
134
48
67
37
73
82
4
10
9
131
52
93
45
80
65
35
17
33
114
49
144
67
122
75
71
16
122
50
21
40
109
19
105
136
24
49
132
22
66
99
141
28
14
20
5
33
101
7
135
135
123
81
103
53
45
117
27
103
129
27
90
38
42
144
17
115
4
130
52
41
62
83
84
118
65
63
126
113
61
39
29
91
128
102
138
81
82
87
41
12
142
117
75
14
39
72
88
83
94
2
112
34
48
141
60
99
12
90
133
11
131
10
28
101
108
26
143
7
8
51
19
127
25
24
80
139
13
85
128
110
15
51
38
132
56
89
143
16
1
138
107
79
11
5
9
34
6
127
112
120
74
3
31
21
57
108
96
59
110
31
91
53
111
69
42
137
142
23
8
3
94
76
107
120
56
58
106
86
119
64
55
98
22
113
97
35
129
140
92
68
85
134
95
36
114
136
57
93
121
1
72
78
55
2
64
144
132
131
130
142
143
144
132
120
119
107
95
94
93
81
80
79
67
55
43
31
32
44
45
33
21
20
8
7
19
18
6
5
17
16
28
27
15
3
4
5
6
7
8
9
10
22
23
11
12
24
36
35
34
46
47
48
60
72
71
70
82
83
84
96
108
120
119
118
106
105
104
103
102
101
89
77
78
90
91
92
104
116
117
129
141
140
139
127
126
138
137
125
124
123
135
136
137
138
139
140
128
127
115
114
113
112
100
88
76
75
74
86
85
73
61
49
50
51
39
38
37
25
13
14
26
27
39
40
52
53
65
64
63
62
61
73
85
97
98
110
122
134
133
121
109
97
98
99
87
88
76
77
89
90
91
92
80
68
56
57
58
59
60
48
47
46
45
44
43
42
54
66
78
79
67
66
65
64
52
51
63
75
87
86
74
62
50
49
37
38
26
25
13
1
2
1
2
14
15
3
4
16
28
29
17
18
19
20
21
9
10
22
23
11
12
24
36
35
34
33
32
31
30
29
30
42
41
40
41
53
54
55
56
68
69
81
93
94
82
70
69
57
58
59
71
72
84
83
95
96
108
107
106
105
117
118
130
131
143
142
141
129
128
116
115
103
102
114
113
101
100
99
111
112
111
123
122
110
109
121
133
134
135
136
124
125
126
133
121
122
123
135
136
137
138
139
140
141
142
130
129
117
105
104
92
93
94
82
83
84
72
60
59
47
48
36
35
23
24
12
11
10
9
21
33
45
44
56
57
58
46
34
22
10
9
8
20
32
31
43
55
67
68
69
81
80
79
91
103
102
114
115
116
128
127
126
125
113
101
100
99
87
86
85
73
74
62
61
49
50
38
37
25
13
14
15
3
4
5
6
7
19
18
17
16
28
40
52
64
63
51
39
27
26
25
37
49
61
73
85
97
109
110
98
99
111
112
124
136
137
125
113
114
102
90
78
66
65
77
76
75
74
62
50
38
26
27
39
51
63
64
52
53
41
29
30
42
54
55
67
79
91
103
104
105
106
118
119
131
132
120
108
107
95
96
84
72
71
83
95
96
108
107
119
120
132
144
143
144
143
131
130
142
141
140
139
138
126
127
115
116
128
129
117
118
106
94
93
92
80
81
82
70
71
59
60
48
47
46
58
70
69
68
56
57
45
33
34
35
36
24
12
11
23
22
21
20
8
7
6
18
19
31
32
44
43
42
30
29
17
5
4
3
2
1
13
1
2
14
15
16
28
40
41
53
54
66
65
77
78
90
89
88
100
112
124
123
111
110
122
134
135
134
133
121
109
97
98
86
87
75
76
88
89
101
138
57
10
121
77
39
129
104
3
134
14
97
73
80
110
46
112
30
137
1
40
63
80
104
47
15
60
37
141
40
95
71
103
15
91
83
45
125
100
9
63
115
89
7
74
128
65
58
36
132
121
3
101
13
118
49
66
113
16
75
85
72
124
136
13
84
58
98
70
48
29
144
4
140
135
53
142
97
136
35
81
33
107
108
93
119
137
140
113
39
52
12
34
22
31
118
111
57
30
90
129
68
67
22
88
43
89
56
70
120
76
28
31
105
117
17
54
16
51
86
82
143
79
1
87
79
103
6
83
114
24
59
34
114
76
102
23
77
26
133
133
59
141
139
84
2
62
73
102
134
56
8
126
122
92
99
90
108
143
27
20
69
128
33
67
98
29
27
75
68
11
109
96
94
43
26
125
135
87
126
25
65
9
28
93
41
17
38
105
45
37
11
48
66
23
111
10
62
4
5
69
120
24
41
119
38
106
130
106
8
55
124
50
25
44
60
36
19
7
109
127
12
138
127
21
122
19
74
96
116
116
99
130
6
91
131
47
14
132
20
35
107
131
94
123
82
5
50
95
110
46
18
88
32
61
78
85
55
86
44
42
117
64
32
54
52
64
81
78
112
18
49
139
21
61
2
72
92
53
142
115
42
51
101
123
144
100
71
136
66
13
48
15
127
100
16
32
28
90
91
6
50
42
111
45
129
40
136
121
70
3
105
3
102
95
137
72
107
94
42
56
62
51
118
139
85
88
13
5
33
141
97
131
19
49
84
58
48
30
101
26
27
65
9
93
37
135
11
10
23
7
142
80
137
87
125
8
87
9
31
19
88
98
4
31
81
2
29
29
38
21
12
35
80
83
112
74
74
122
96
44
140
68
138
109
46
47
43
61
139
138
112
25
104
52
67
133
113
14
116
63
30
54
142
144
70
36
15
17
134
106
103
67
55
126
16
65
131
44
125
32
20
76
117
53
59
39
90
71
114
141
92
2
103
120
53
114
63
24
21
75
25
54
22
100
101
92
72
119
85
77
94
122
26
56
133
73
144
127
84
82
113
82
98
71
116
89
14
47
121
66
10
124
18
57
24
143
130
93
22
35
110
33
69
81
119
86
64
40
109
55
23
128
132
123
110
60
39
57
79
115
45
51
115
78
117
79
135
41
124
8
95
99
28
50
38
78
1
60
102
132
143
58
120
59
108
20
6
27
75
46
123
49
134
126
105
118
1
129
76
128
64
5
89
97
96
77
34
11
108
86
83
62
34
43
18
52
107
36
61
99
69
17
68
111
140
91
73
7
41
130
4
12
37
106
104
1
2
14
26
25
37
49
61
73
85
97
109
110
98
99
100
88
89
101
113
114
126
138
139
140
128
129
141
142
130
131
143
144
132
120
108
107
106
105
93
92
104
116
117
118
119
120
108
96
95
94
82
81
80
79
91
103
102
90
78
77
76
64
63
75
87
86
74
62
50
51
52
40
28
29
17
5
6
18
19
7
8
20
21
9
10
11
23
35
36
48
60
72
84
83
71
59
47
46
45
44
43
31
32
33
34
22
10
9
8
7
6
5
4
3
15
16
28
27
39
38
37
49
50
51
63
64
65
66
67
55
54
42
30
18
19
20
21
22
34
33
32
31
43
44
56
57
58
70
69
68
80
79
78
77
76
88
100
112
111
123
122
134
135
136
124
125
137
138
139
127
126
125
137
136
124
123
135
134
133
121
133
121
122
110
109
97
85
73
61
62
74
75
87
86
98
99
111
112
113
101
89
90
102
114
115
127
128
140
141
129
117
116
115
103
91
92
104
105
106
118
130
142
143
144
132
131
119
107
95
96
84
72
71
83
82
94
93
81
69
70
58
59
60
48
36
24
12
11
12
24
23
35
47
46
45
57
56
68
67
55
54
66
65
53
41
40
39
38
26
27
15
14
13
25
13
1
2
3
4
16
17
29
30
42
41
53
52
12
11
10
22
23
35
36
48
47
46
45
57
58
70
82
83
71
59
60
72
84
96
108
120
119
131
132
144
143
142
141
140
128
116
117
129
130
118
106
105
104
92
93
81
80
79
91
103
115
127
126
114
113
101
102
90
78
77
89
88
100
112
111
123
135
134
133
121
122
110
109
97
85
73
61
62
74
75
63
51
52
64
65
66
67
68
69
57
56
55
54
53
41
42
30
31
43
44
32
20
19
18
17
29
28
16
4
3
15
27
26
14
13
1
2
3
4
5
6
7
8
9
21
33
34
46
58
70
69
68
80
81
82
94
95
107
108
120
119
118
117
116
115
114
113
125
137
136
124
112
111
99
98
86
87
75
76
64
63
51
39
40
52
53
54
42
41
40
39
38
37
49
50
38
50
49
61
62
74
73
85
97
109
121
133
134
135
136
137
138
139
127
128
129
130
131
132
144
143
142
141
140
139
138
126
125
124
123
122
110
98
86
87
99
100
88
76
77
65
66
67
79
78
90
89
101
102
103
91
92
104
105
93
94
106
107
95
96
84
83
71
72
60
59
47
35
34
33
45
44
56
55
43
31
32
20
19
18
30
29
28
27
26
25
37
25
13
1
2
14
15
16
17
5
6
7
8
9
21
22
10
11
12
24
23
24
36
48
95
75
135
68
108
21
45
55
138
4
81
131
118
28
74
18
76
137
127
37
58
133
110
60
129
131
120
93
22
95
107
132
42
139
123
20
39
117
40
59
116
19
134
32
28
7
139
94
29
56
49
94
15
83
61
13
119
51
32
106
142
101
141
74
49
92
77
59
81
73
56
27
47
24
15
73
114
122
88
3
16
66
6
115
123
44
87
136
9
116
143
72
64
121
127
29
33
104
132
80
79
63
57
58
12
5
34
20
17
71
79
26
42
112
134
69
43
78
140
135
138
109
11
102
8
23
64
31
38
36
87
93
120
31
102
115
104
121
101
86
144
96
53
25
89
99
30
92
126
90
125
113
36
23
48
52
25
17
124
7
35
22
99
80
140
78
8
44
91
10
124
103
70
18
39
1
51
41
88
100
98
142
37
14
97
48
119
85
52
38
106
9
4
68
16
137
117
41
111
89
105
45
1
128
47
54
136
111
30
34
105
82
46
90
82
118
12
5
100
2
130
130
98
13
76
71
129
84
83
114
107
11
133
65
35
46
70
6
60
63
97
3
19
53
50
125
14
126
21
91
50
75
54
67
109
62
61
57
10
65
113
72
66
69
55
143
128
43
112
86
2
122
26
27
24
67
108
33
110
62
85
77
141
144
40
96
103
84
116
76
70
105
30
125
110
96
42
144
78
79
38
37
33
24
114
71
14
45
64
89
129
103
135
50
74
86
28
29
47
119
22
143
83
19
16
139
123
108
104
25
142
21
1
63
67
133
142
66
94
51
47
127
137
70
120
74
126
87
3
85
63
37
119
110
36
69
136
26
2
56
8
32
48
141
116
19
41
125
30
29
130
92
89
115
130
84
136
80
86
79
128
55
134
104
38
93
87
69
23
117
117
5
18
68
143
61
75
100
131
6
81
73
24
6
111
139
102
60
42
56
25
50
57
72
109
132
23
107
75
40
99
138
88
67
5
14
26
98
13
96
27
113
106
51
97
103
101
45
10
59
9
135
91
9
11
44
123
27
113
20
124
90
126
92
58
95
64
13
7
81
106
91
93
108
52
138
65
88
17
15
102
112
94
17
114
11
144
82
122
4
46
40
43
12
77
127
66
122
39
78
49
52
58
98
10
129
18
80
54
33
35
55
72
59
31
97
16
57
85
43
111
35
140
141
99
28
101
107
131
77
124
140
62
109
134
95
31
22
118
65
120
49
34
73
62
133
82
20
7
83
34
44
68
12
46
1
105
4
39
100
61
36
71
15
90
118
8
54
84
60
132
115
48
41
3
128
53
121
76
112
2
21
32
53
137
121
12
11
10
22
34
46
47
59
71
83
84
72
60
48
36
35
23
24
36
48
60
72
71
70
58
57
69
68
80
79
91
90
89
77
65
66
67
55
43
31
30
29
17
18
6
5
4
3
15
27
28
16
4
5
6
7
8
9
21
33
32
20
19
31
32
44
45
57
56
68
67
79
78
90
102
103
104
105
93
94
95
107
106
118
119
131
130
129
141
140
128
116
115
127
139
138
126
125
113
101
100
112
111
110
109
121
133
134
122
123
135
136
137
138
139
140
141
142
143
144
132
120
108
96
84
83
82
81
80
92
91
103
102
114
113
101
100
99
98
86
74
75
87
88
76
64
63
62
61
49
50
51
52
53
54
42
41
40
39
38
26
14
2
1
13
25
37
49
61
73
85
73
74
62
63
51
50
38
37
25
26
14
13
1
2
3
15
16
28
27
39
40
41
29
17
18
30
42
43
44
56
55
54
53
52
64
65
66
78
77
89
88
76
75
87
86
85
97
109
97
98
99
111
110
122
121
133
134
135
123
124
112
124
136
137
125
126
114
115
127
128
129
117
118
119
131
130
142
143
144
132
120
108
96
95
107
106
105
117
116
104
92
93
94
82
81
69
70
58
46
45
33
34
22
21
20
19
7
8
9
10
11
12
24
23
35
47
59
133
121
109
97
85
86
98
99
111
112
100
88
76
64
63
51
52
53
65
66
54
55
43
42
30
31
19
7
6
5
17
18
30
29
41
40
39
38
50
49
37
25
13
1
2
14
15
3
4
16
28
27
26
25
37
49
61
62
74
75
87
99
111
110
122
123
135
136
137
138
126
114
113
101
89
90
78
77
65
53
41
29
28
40
52
64
76
88
100
112
124
125
137
138
139
127
115
103
91
92
93
94
106
105
117
129
141
142
143
131
119
118
130
142
141
140
128
116
104
105
106
107
108
96
84
83
82
81
80
68
56
44
32
20
8
9
10
11
12
24
36
48
47
59
60
72
71
70
69
57
45
46
58
57
45
33
34
35
23
22
21
33
34
46
58
70
69
68
67
79
80
92
91
79
67
55
56
44
32
31
43
42
54
66
78
77
89
101
113
125
126
114
102
90
102
103
104
116
115
127
139
140
128
129
117
118
130
131
119
120
132
144
143
144
132
120
108
96
95
107
95
94
93
81
82
83
84
72
71
59
60
48
47
35
36
24
12
11
23
22
10
9
21
20
8
7
19
18
6
5
17
16
4
3
2
1
13
14
15
27
26
38
39
51
50
62
63
75
87
86
74
73
61
73
85
97
98
110
109
121
122
123
124
136
135
134
133
134
