##Rat 6 Day 13
 ##rewards
83
94
16
##Vertices
144
132
120
119
107
108
96
95
94
82
81
80
79
67
55
54
53
52
64
76
88
100
112
113
101
102
90
91
92
104
116
115
103
102
114
126
127
139
138
137
136
124
123
122
134
133
121
109
110
111
99
98
97
85
73
61
62
50
38
26
27
39
40
28
16
17
18
6
5
4
3
15
14
13
25
37
49
61
73
74
75
87
86
85
97
109
110
98
86
74
75
63
51
39
27
28
29
41
42
30
31
19
7
8
20
21
9
10
11
12
24
36
48
47
46
58
59
71
83
84
72
60
48
36
35
23
22
34
33
45
57
69
68
56
44
43
31
32
44
56
57
58
70
69
68
67
66
78
77
89
90
78
79
80
81
93
105
106
118
117
129
128
140
141
142
130
131
143
142
141
129
130
118
119
131
143
144
132
120
108
96
95
107
106
105
117
116
104
103
91
92
93
94
82
70
71
83
84
72
60
59
47
35
34
46
45
33
32
20
21
22
23
24
12
11
10
9
8
7
19
18
6
5
17
16
4
3
15
14
2
1
2
1
13
25
26
38
37
49
50
62
63
51
52
40
41
29
30
42
43
55
54
66
65
53
65
64
76
77
89
88
87
99
100
101
113
114
115
127
128
140
139
138
126
125
137
125
124
112
111
123
135
136
135
134
133
121
122
133
134
135
123
124
136
137
125
113
114
102
90
78
79
80
68
56
44
43
42
41
40
39
51
52
64
65
77
89
88
87
75
76
64
63
62
74
73
61
49
37
38
26
14
13
1
2
3
15
27
28
16
4
5
6
7
19
20
21
22
34
33
45
46
47
59
71
72
60
48
36
35
23
11
10
9
8
7
6
18
30
29
17
5
4
3
15
16
17
18
30
31
32
33
34
46
58
57
69
70
82
83
84
96
95
107
108
120
132
144
143
142
141
129
117
116
128
127
126
138
139
140
141
142
130
131
119
118
106
105
104
103
91
92
93
81
82
94
93
92
104
116
115
103
91
79
67
66
54
53
65
66
78
90
102
101
100
112
111
99
98
86
85
97
109
110
122
121
109
97
98
110
111
123
122
121
133
134
135
136
137
125
124
112
100
99
87
88
76
77
89
101
113
114
115
127
126
138
139
140
128
129
130
118
117
105
106
94
95
107
119
131
143
144
132
120
108
96
84
83
71
72
60
59
47
48
36
35
23
24
12
24
12
11
10
22
21
9
8
20
19
31
32
44
45
57
58
70
69
81
80
68
67
55
56
55
43
42
54
53
41
29
28
40
52
51
63
75
74
86
85
73
61
62
50
49
50
38
39
27
26
25
37
25
13
1
2
14
61
129
4
13
138
101
54
144
130
117
55
138
131
50
44
87
46
126
40
81
10
69
99
42
33
35
68
107
76
120
54
82
78
88
106
5
114
144
83
59
66
124
21
102
49
95
50
127
47
74
14
1
132
80
27
5
15
73
84
136
135
65
137
114
60
102
75
36
129
125
74
62
100
41
2
67
122
93
104
133
70
48
27
64
12
76
73
55
137
69
59
43
39
17
64
128
134
12
116
6
42
57
134
40
88
53
133
78
1
77
98
68
26
97
58
10
72
38
141
93
131
19
96
31
48
39
143
18
35
71
117
123
130
23
119
17
87
26
37
94
29
61
28
108
34
7
122
57
121
89
91
66
21
8
45
89
8
79
142
105
72
124
82
139
51
51
9
33
108
19
85
84
142
70
99
18
109
32
16
77
11
44
58
20
32
94
38
105
90
25
71
34
80
115
52
112
106
113
128
125
139
6
118
111
36
30
49
75
2
29
136
119
9
140
98
22
96
4
121
112
92
118
141
11
63
110
22
101
81
103
30
20
47
7
3
14
100
109
37
23
79
103
111
24
86
135
92
62
41
52
13
16
107
24
127
120
97
115
110
46
60
63
113
116
65
126
67
86
3
45
53
25
123
28
31
95
90
56
56
143
43
132
91
104
140
15
83
85
96
11
111
141
105
85
35
36
30
27
124
49
13
26
66
51
5
15
129
109
76
100
50
95
69
18
112
15
132
2
127
79
46
14
98
118
91
38
57
27
25
63
131
16
80
35
9
3
47
20
102
128
125
127
34
19
13
120
128
104
116
39
90
74
61
62
90
117
52
70
81
28
45
49
84
129
104
87
54
54
65
125
48
138
105
124
123
131
42
141
67
101
113
70
88
115
137
109
3
83
136
69
77
37
11
6
52
119
94
41
132
31
38
12
110
72
100
106
85
107
74
103
63
53
57
135
115
62
59
32
126
7
55
75
95
67
23
60
14
134
44
88
31
113
122
84
97
41
73
123
83
144
101
46
75
86
9
99
76
8
64
28
61
39
96
71
10
133
112
116
30
80
108
5
130
78
140
126
56
111
24
81
10
59
58
133
97
103
43
92
120
18
91
51
139
121
135
66
110
17
58
36
94
134
107
71
21
48
106
4
40
37
142
25
21
26
79
118
60
93
29
82
29
102
138
87
34
56
65
4
122
33
130
23
98
77
2
143
114
93
108
8
22
142
121
89
144
99
68
53
117
45
12
73
47
68
19
64
33
16
55
1
50
32
17
72
89
78
43
119
6
137
22
44
1
20
140
92
139
7
42
40
136
143
82
86
24
114
1
2
3
4
5
17
29
30
18
6
7
19
31
43
55
54
42
41
40
28
16
15
14
13
25
26
27
39
51
50
49
37
38
39
51
63
75
76
64
52
53
65
77
78
66
67
79
80
81
93
105
104
92
91
103
115
116
128
127
139
140
141
142
130
129
117
118
106
107
108
120
132
131
119
120
108
96
95
94
82
83
71
59
47
48
60
72
84
96
95
107
106
94
93
105
117
116
115
114
126
138
137
136
124
125
113
112
100
88
89
90
102
101
100
99
87
86
74
62
61
73
85
97
98
110
109
121
122
134
135
123
111
99
87
88
76
64
52
40
41
29
30
42
43
44
45
46
58
70
69
68
56
57
58
46
34
33
32
20
21
9
10
22
23
11
12
24
36
35
34
33
21
22
10
11
12
24
23
35
36
48
47
59
60
72
84
83
71
70
82
81
80
92
104
103
91
90
89
77
78
79
67
66
65
53
54
55
56
68
69
57
45
44
32
31
19
20
8
9
8
7
6
18
17
5
4
3
15
16
28
27
26
14
2
1
13
25
37
38
50
49
61
62
63
75
74
73
85
86
98
97
109
110
122
123
111
112
124
125
113
101
102
114
126
127
128
129
130
118
119
131
143
144
132
144
143
142
141
140
139
138
137
136
135
134
133
121
133
12
24
36
48
60
59
58
70
71
72
84
83
82
81
80
68
69
57
45
46
47
35
23
11
10
22
34
33
32
20
8
9
21
33
32
31
30
42
43
44
56
55
54
66
67
79
78
90
102
101
100
88
89
77
76
75
87
86
74
73
85
97
109
110
98
99
111
112
124
136
135
134
122
123
135
136
137
125
113
114
126
127
128
129
141
140
139
138
137
125
124
112
113
101
100
99
87
75
63
62
61
49
37
38
50
51
39
40
41
53
65
64
52
40
28
29
17
18
19
7
6
5
4
16
15
3
2
14
13
25
26
27
28
29
41
42
43
44
45
57
58
70
69
81
93
105
117
116
115
103
91
92
104
116
117
118
106
94
95
107
108
120
119
131
132
144
143
142
130
118
106
107
119
120
132
144
143
131
130
142
141
129
128
140
139
138
126
127
115
114
102
90
89
88
76
77
65
53
54
66
78
79
67
55
56
68
80
92
91
103
104
105
93
94
82
83
95
96
108
96
84
72
71
59
60
48
36
35
47
46
34
22
23
24
12
11
10
9
21
20
8
7
19
31
30
18
6
5
17
16
4
3
15
14
26
27
39
38
50
51
52
64
63
62
74
86
98
110
111
123
122
121
133
134
133
121
109
97
85
73
61
49
37
25
13
1
2
1
139
25
28
16
105
133
104
54
72
28
110
106
81
97
93
12
26
49
14
118
38
45
2
30
31
126
47
6
85
65
63
47
46
87
29
13
86
17
82
61
138
46
123
9
11
43
119
70
119
9
136
76
59
65
124
80
105
131
127
88
139
84
84
127
48
133
132
34
64
1
102
122
8
138
36
19
125
36
74
19
75
141
16
91
144
20
112
96
20
73
63
10
143
135
41
106
6
53
116
131
97
143
64
31
14
77
88
68
136
56
17
118
90
115
59
134
100
111
121
89
93
29
11
69
95
61
78
99
60
107
144
128
51
32
39
94
91
42
3
102
62
140
27
58
115
134
54
40
82
37
22
57
33
85
132
15
5
35
130
113
70
55
77
73
49
108
103
116
56
79
62
74
43
87
122
141
79
108
18
72
21
126
109
32
1
66
113
137
125
130
68
142
30
4
8
50
129
33
107
101
40
42
71
7
12
25
75
92
57
142
23
24
95
48
7
38
109
39
50
110
98
120
34
44
89
111
117
117
27
114
21
137
140
67
98
3
60
121
80
22
44
51
26
41
15
123
78
81
58
128
124
69
2
92
23
4
37
104
83
67
13
112
24
35
45
114
76
90
18
135
83
100
103
66
94
86
129
52
96
10
55
120
5
52
53
99
101
71
120
72
24
115
111
4
73
69
138
39
90
22
108
144
10
1
139
74
43
84
141
26
30
47
65
41
68
120
27
63
142
12
62
117
86
122
117
66
105
33
100
121
144
12
40
90
112
143
71
45
112
89
80
132
96
50
8
137
16
80
108
95
17
28
98
65
83
18
70
47
34
124
140
130
115
136
93
71
15
49
95
19
109
54
126
55
87
67
98
96
132
94
36
55
42
113
20
14
78
60
86
45
140
6
134
3
97
79
5
16
83
75
110
92
116
11
103
84
74
53
42
17
36
131
43
128
107
31
5
125
141
79
94
40
48
49
137
129
134
58
51
130
106
30
85
82
2
64
28
124
99
58
69
85
107
33
15
97
123
38
102
8
61
3
114
133
82
6
38
111
116
67
109
101
125
127
121
66
77
136
59
29
72
123
20
1
127
61
56
44
35
68
10
41
102
7
129
103
4
13
87
13
114
23
21
77
25
104
118
7
81
142
64
63
88
18
104
76
26
93
22
62
128
70
59
139
56
48
89
135
135
88
119
91
143
53
51
46
37
57
138
76
101
32
32
113
14
91
78
34
39
24
11
73
92
25
21
110
100
52
29
119
37
122
9
19
118
52
23
106
54
27
131
2
57
99
46
105
81
126
9
133
60
75
31
44
50
35
133
121
109
97
98
99
87
86
85
73
61
49
37
38
50
51
39
27
28
16
15
14
2
1
13
25
26
27
28
40
52
64
63
75
74
62
61
73
85
97
109
110
122
134
135
136
137
138
139
127
128
140
141
142
143
144
132
120
119
107
108
96
84
72
71
83
95
94
93
92
104
103
115
114
126
125
124
123
111
112
113
101
100
88
76
77
89
90
91
79
67
68
69
70
58
57
56
55
54
42
41
29
17
5
6
7
8
20
32
31
19
18
30
29
41
53
65
66
78
77
76
88
89
101
102
114
115
116
117
129
130
118
106
105
104
116
117
105
93
81
80
68
56
44
43
42
30
31
43
44
45
46
47
35
34
22
10
9
21
33
45
57
58
59
60
48
36
24
23
11
12
11
12
24
23
35
36
48
47
46
34
22
10
9
21
33
32
20
8
7
19
18
6
5
17
16
4
3
4
3
15
14
2
1
13
25
26
38
37
49
50
51
39
40
52
53
54
55
67
79
80
92
91
103
102
90
78
66
65
64
63
62
74
75
87
86
98
110
122
121
133
134
135
123
111
99
100
112
113
125
124
136
137
138
126
127
139
140
128
129
141
142
143
131
130
118
106
107
95
94
82
81
69
70
82
83
71
59
60
72
84
96
108
120
119
131
132
144
12
11
10
9
21
33
32
20
8
7
6
5
4
16
17
29
28
27
39
38
26
14
13
1
2
3
15
27
39
40
41
42
30
31
19
18
6
7
8
9
10
22
23
24
36
48
60
72
84
83
95
96
108
120
132
144
143
142
130
129
141
140
139
138
126
127
128
116
104
92
93
81
82
70
71
59
47
35
34
46
58
57
45
44
43
55
56
68
80
79
78
90
102
114
113
101
89
77
65
64
52
51
50
49
61
73
85
86
87
75
74
62
63
51
52
53
54
66
67
55
43
44
56
57
69
70
82
94
106
107
119
118
117
105
93
94
106
105
104
103
91
90
89
88
76
64
63
75
76
88
100
112
124
123
111
110
109
97
98
99
100
101
113
125
137
136
135
134
122
121
133
121
133
134
122
123
135
136
124
112
111
110
109
97
98
99
87
86
85
73
74
62
61
49
50
38
37
25
37
25
26
14
13
1
2
3
15
16
4
5
17
29
28
40
41
53
65
77
78
79
91
92
80
81
69
68
67
66
54
42
30
18
19
31
32
20
21
22
23
11
12
24
36
35
34
33
45
46
58
59
47
48
60
72
71
83
84
96
95
107
108
120
132
131
119
118
117
129
128
116
115
103
102
114
115
127
126
125
137
138
139
140
141
142
130
131
143
144
103
115
118
65
139
67
83
128
51
119
52
30
144
31
18
29
92
95
36
40
100
97
23
111
91
129
136
82
87
78
127
83
101
58
46
8
114
63
95
11
120
108
51
32
22
65
6
132
100
43
14
103
20
136
7
73
62
71
141
58
15
49
143
113
122
66
134
123
48
18
73
96
98
68
138
45
106
54
98
113
125
67
132
90
107
14
34
3
101
80
122
92
16
32
44
121
53
134
52
121
23
41
107
44
42
84
75
9
12
99
59
3
26
129
43
94
6
25
126
115
64
112
79
45
19
143
102
109
137
135
85
88
116
133
109
57
111
17
24
48
5
117
30
1
50
90
9
35
68
39
57
28
27
15
86
47
55
69
76
54
77
26
10
21
28
74
118
140
139
31
119
89
133
41
4
110
114
104
21
124
61
81
120
40
20
130
50
116
123
93
144
71
99
47
46
4
38
76
2
64
104
142
13
25
27
37
7
34
60
126
141
137
37
8
11
10
88
127
1
112
55
89
49
94
140
93
79
70
130
81
91
105
75
106
63
102
69
56
72
17
36
13
128
77
5
2
131
19
138
72
33
85
131
110
74
42
35
142
38
24
33
108
70
66
29
124
61
60
96
105
135
16
125
39
86
22
97
78
62
87
56
59
12
80
82
53
117
84
47
77
107
55
49
43
92
105
118
67
32
17
85
66
64
25
73
90
83
13
2
22
121
117
107
137
102
84
30
89
40
135
82
63
85
39
49
128
129
104
37
10
72
50
122
76
34
95
125
55
61
132
46
63
57
144
3
73
3
37
31
106
46
53
124
4
88
119
15
87
93
144
79
12
134
65
109
111
1
43
91
143
51
132
62
81
40
142
110
93
127
1
26
97
77
66
91
95
138
79
114
22
126
139
112
7
48
53
97
18
109
54
116
16
59
35
71
143
142
140
36
41
99
80
48
80
128
133
130
58
83
27
78
98
113
10
99
129
56
19
70
52
36
74
68
89
130
26
140
121
13
108
141
138
45
131
16
118
133
44
100
104
115
105
35
34
72
110
31
103
51
38
94
98
23
11
68
58
101
18
14
136
14
86
42
124
139
74
5
120
82
24
94
101
47
21
69
9
119
28
127
108
15
61
87
29
78
123
9
12
123
90
57
25
21
19
135
136
96
117
62
11
70
134
38
67
24
126
44
39
52
20
17
20
45
122
33
8
71
56
65
113
131
29
88
111
60
7
103
141
41
69
32
137
60
120
27
115
75
106
23
112
86
125
81
6
6
76
92
64
100
33
28
42
96
30
2
116
102
4
5
84
8
59
114
50
54
75
