##Rat 8 Day 2
 ##rewards
71
58
124
##Vertices
142
107
109
113
111
9
31
73
45
70
12
67
76
50
61
124
95
104
118
68
28
73
3
79
54
53
125
140
133
104
45
129
32
4
107
112
91
7
133
57
117
131
5
111
101
84
138
106
23
113
2
48
132
59
19
40
65
81
118
101
122
36
2
62
80
86
58
20
80
13
69
46
36
132
37
91
58
64
23
110
105
122
115
119
17
140
19
141
46
13
60
89
61
98
96
10
35
70
39
136
6
85
141
28
32
87
135
22
126
21
40
55
102
51
144
59
99
4
56
114
94
135
1
57
74
47
69
62
12
123
109
63
143
102
88
25
38
15
130
112
134
139
82
92
77
52
66
17
18
16
114
51
1
106
34
18
39
139
10
121
3
38
129
105
43
108
121
8
87
100
74
5
33
120
41
83
26
50
95
29
103
14
127
124
93
117
6
127
42
78
88
90
76
35
108
47
123
120
92
79
8
134
15
125
44
99
7
27
96
78
130
142
20
67
66
30
77
22
49
60
25
24
42
63
143
83
26
71
98
29
138
115
75
110
64
126
137
119
75
131
89
11
128
52
30
11
72
33
103
136
9
93
43
128
41
55
84
53
116
21
144
81
86
72
65
94
82
24
27
97
49
90
116
44
100
85
97
68
31
14
56
48
137
34
16
54
71
37
59
68
60
1
4
7
97
53
64
140
102
7
75
46
37
24
108
76
142
5
125
62
59
35
36
2
25
22
1
29
128
30
95
28
118
139
85
54
17
141
122
97
142
22
95
139
55
66
93
108
71
56
52
92
8
133
129
127
27
119
88
120
39
92
87
55
135
77
44
39
37
35
98
23
57
106
136
137
54
120
144
38
94
89
107
112
138
87
100
18
89
42
100
106
70
80
143
101
84
98
74
78
49
82
143
43
62
40
63
64
52
118
114
23
36
135
144
56
68
45
90
80
128
44
15
15
116
96
34
83
86
13
93
121
76
25
134
12
105
78
74
112
107
124
137
132
31
83
126
115
33
132
75
16
11
6
125
109
73
38
30
60
43
16
26
130
3
91
109
48
41
65
86
32
34
10
61
90
3
33
126
94
103
114
61
70
67
50
53
131
58
21
51
115
72
14
71
8
11
117
2
84
116
46
136
88
102
141
4
63
40
6
14
81
101
12
10
131
99
81
104
72
133
129
45
111
130
138
28
69
123
31
140
51
41
113
9
48
18
67
124
85
13
104
110
105
9
111
91
122
103
134
24
20
47
19
127
79
21
99
50
121
47
117
29
73
17
79
69
5
65
77
27
20
82
19
42
58
96
110
26
32
49
57
113
66
119
123
133
134
122
110
109
121
133
134
135
123
124
125
113
101
102
90
78
79
80
81
82
94
93
105
106
107
95
96
84
83
71
72
60
59
47
46
34
35
36
48
60
72
84
96
108
120
119
131
132
144
143
142
130
118
117
129
141
140
139
127
115
114
126
138
137
136
135
123
111
112
100
88
76
64
52
53
54
66
65
77
89
88
87
99
98
97
85
73
74
62
61
49
50
38
26
25
37
49
61
73
85
86
74
75
63
51
39
40
41
42
30
18
17
5
6
7
8
20
32
33
21
9
10
11
23
22
34
33
45
44
56
55
43
31
19
7
6
5
4
16
15
14
13
1
2
3
4
16
28
29
41
42
54
53
65
77
89
90
91
92
104
116
128
140
141
129
117
105
93
81
69
68
67
66
78
79
67
55
43
44
32
31
30
29
17
18
19
20
8
9
21
22
10
11
12
24
12
24
23
35
36
48
47
46
58
59
71
83
95
107
108
120
119
131
132
144
143
142
130
118
106
94
82
70
58
70
69
57
45
57
56
68
80
92
91
103
102
101
113
114
115
103
104
116
128
127
139
138
126
125
137
136
124
112
100
99
111
110
122
121
109
97
98
86
87
75
76
64
63
51
52
40
28
27
39
27
26
14
15
3
2
1
13
25
37
38
50
62
12
11
23
35
36
24
12
11
10
22
21
20
32
44
43
55
67
66
65
64
63
51
52
40
39
38
50
49
61
62
74
73
85
86
98
99
111
110
109
97
85
73
61
49
37
25
26
14
13
1
2
3
15
27
28
16
4
5
6
18
30
31
19
7
8
9
10
22
34
33
45
57
69
81
93
92
91
79
80
68
56
57
58
46
47
48
60
72
71
83
84
96
95
107
119
120
108
96
84
72
60
59
71
70
82
94
106
105
104
103
115
127
128
140
139
138
137
125
113
112
124
136
135
134
122
123
111
112
100
101
89
90
102
114
126
138
139
140
141
129
130
131
132
144
143
142
141
129
117
116
104
103
91
92
80
68
56
55
54
53
41
29
17
5
4
16
28
40
52
64
76
77
78
79
67
66
78
90
102
101
113
114
115
116
128
127
126
125
137
136
124
123
135
134
133
121
133
121
122
110
109
97
98
99
87
86
74
62
50
38
37
25
26
14
13
1
2
3
15
27
39
51
63
75
87
75
76
88
100
88
89
77
65
53
54
42
43
44
32
31
30
42
41
29
17
18
6
7
19
20
8
9
21
33
45
46
34
35
23
24
36
48
47
59
58
70
69
81
82
94
93
105
117
118
106
118
119
131
130
142
143
144
132
120
108
107
95
83
109
118
40
129
81
43
88
38
86
140
37
115
80
111
84
61
141
96
16
50
58
56
104
48
88
30
12
119
123
23
51
117
130
6
85
65
99
130
56
119
18
26
24
77
105
134
113
71
111
49
52
127
27
124
120
69
63
78
89
22
115
127
73
66
123
17
135
7
70
102
47
72
68
43
96
99
80
103
2
79
46
106
138
137
100
31
92
98
3
112
60
53
101
54
15
20
59
32
11
39
112
131
19
85
137
67
52
36
60
15
107
132
29
33
92
133
136
126
133
27
32
53
107
74
12
86
108
132
83
66
139
31
5
97
128
118
23
144
105
6
40
29
21
37
75
97
24
58
103
114
142
55
90
64
90
76
36
74
10
73
93
17
91
5
28
79
45
44
141
78
34
136
55
35
9
57
41
117
42
13
57
54
122
77
95
71
41
121
121
34
45
140
64
104
106
14
129
91
51
18
95
21
62
61
126
131
138
102
20
82
25
135
1
128
120
134
87
83
143
8
125
93
81
13
50
125
76
75
22
116
48
108
49
10
87
59
14
2
30
35
143
3
101
9
116
110
122
38
72
70
98
94
100
110
11
67
26
39
28
84
1
113
65
68
69
25
144
94
124
8
33
19
47
82
16
139
89
46
109
114
4
63
42
142
44
4
7
62
33
6
60
46
3
76
93
24
133
89
102
123
25
97
96
99
1
37
39
11
119
115
103
13
110
87
48
71
143
36
103
51
78
73
29
119
70
115
65
43
87
95
65
72
144
30
97
8
91
9
58
114
118
19
7
84
141
101
53
23
63
6
18
8
44
51
42
66
48
26
77
12
107
138
122
117
109
41
122
47
130
139
81
82
70
4
49
128
84
85
11
94
33
72
34
50
138
75
3
130
89
75
105
86
50
30
108
66
52
104
113
14
59
126
124
129
135
116
69
28
67
85
4
20
79
133
94
109
45
143
101
16
16
15
141
107
57
144
27
110
10
114
36
74
54
55
77
5
92
82
142
74
112
106
95
37
20
21
116
46
9
58
63
19
42
91
90
132
59
56
32
31
53
38
21
79
17
38
76
69
39
62
136
132
120
18
17
131
31
142
88
121
100
136
140
137
128
78
123
26
62
127
129
88
137
25
121
49
124
61
7
67
64
5
24
60
93
34
127
40
64
22
125
68
71
125
80
45
52
32
86
40
139
55
83
23
102
104
112
120
2
134
108
10
83
68
56
135
12
28
29
118
2
35
111
100
117
90
96
131
126
47
105
41
106
81
98
61
43
57
80
98
111
92
14
35
22
15
1
140
54
134
27
73
13
99
44
113
144
132
131
130
142
141
140
139
127
115
103
91
90
78
77
89
88
87
75
76
64
65
66
54
53
41
29
30
18
6
7
8
9
10
22
34
46
58
59
60
48
47
35
23
24
12
11
10
9
21
20
19
31
43
42
41
40
28
27
39
38
50
62
74
73
61
49
37
25
26
14
13
1
2
3
4
5
17
16
15
27
28
29
30
42
43
44
32
33
45
57
69
68
80
79
67
55
56
44
45
57
58
70
82
94
95
83
71
72
84
96
108
107
119
120
108
96
95
94
106
118
117
116
128
129
141
140
139
138
126
114
102
101
100
112
111
123
135
136
124
125
137
136
135
134
133
121
122
110
109
97
85
86
98
99
87
75
63
51
52
64
76
88
89
77
78
79
80
81
93
105
104
105
93
92
104
92
91
90
102
103
115
116
117
118
106
107
119
120
132
131
143
144
143
142
130
129
128
127
126
138
137
125
113
114
113
101
100
112
124
123
122
134
133
121
109
110
111
99
98
97
85
86
74
73
61
49
50
62
63
51
52
40
39
38
37
25
26
14
13
1
2
3
15
16
4
5
17
18
6
7
8
20
19
31
32
33
21
22
23
11
12
24
36
48
36
35
34
46
47
59
60
72
84
83
71
70
82
81
69
68
67
66
65
53
54
55
56
1
2
3
4
5
17
16
15
14
13
25
26
27
39
40
41
53
54
42
43
44
32
31
19
7
8
20
21
9
10
11
23
35
47
48
60
59
58
57
56
68
69
81
80
79
78
90
91
103
102
101
89
88
76
77
65
66
67
55
56
57
45
33
34
22
10
9
8
7
6
18
30
29
28
40
52
51
63
64
52
51
50
49
37
38
39
27
28
29
41
42
43
44
45
46
58
70
82
83
95
107
108
120
119
118
106
94
93
92
104
105
117
116
128
129
141
142
130
131
143
144
132
120
108
96
84
72
71
70
69
81
93
92
104
105
117
116
115
114
126
127
139
138
137
136
124
125
113
112
111
110
98
86
87
99
100
88
87
75
74
73
85
97
109
121
133
134
122
123
135
136
124
123
135
134
133
121
122
110
109
97
98
99
111
112
100
101
89
90
102
114
113
125
137
138
126
127
115
103
91
79
80
68
67
55
54
53
65
66
78
77
76
64
63
75
74
86
85
73
61
62
50
62
61
49
37
38
26
25
13
1
2
14
15
3
4
16
17
5
6
18
30
31
19
20
21
22
23
11
12
24
12
24
36
35
36
48
60
72
84
96
95
107
119
131
132
144
143
142
141
140
139
140
128
129
130
118
106
94
82
83
71
59
47
46
34
33
32
88
3
14
116
11
46
28
84
95
45
63
90
117
136
109
5
72
24
63
80
31
43
100
133
52
139
124
127
98
140
50
84
78
5
26
66
76
3
7
40
72
25
130
69
61
65
138
134
143
85
54
29
8
29
19
14
26
15
89
126
55
136
13
58
27
47
4
51
86
74
48
35
79
129
62
92
25
20
118
87
81
17
100
124
108
33
10
122
38
131
141
33
106
110
94
139
80
16
46
86
97
49
21
37
128
93
53
67
15
34
51
119
6
44
111
137
57
120
137
44
22
56
59
27
142
97
37
30
41
132
77
102
96
7
90
22
39
32
117
9
10
88
67
8
83
1
36
138
65
123
18
11
99
1
114
104
68
13
112
142
12
71
133
122
60
114
112
104
64
113
56
113
107
99
32
61
68
105
70
75
91
9
55
76
91
134
130
73
85
57
41
18
103
105
16
43
94
20
89
98
82
103
36
127
141
125
40
87
79
39
121
50
144
119
52
42
66
24
143
54
115
35
111
132
144
4
2
28
129
19
102
17
38
95
96
128
45
2
23
126
62
64
93
131
70
47
58
71
92
49
34
110
125
118
107
74
140
78
115
75
121
101
83
77
108
101
12
123
48
116
120
53
31
73
59
23
21
135
42
82
69
109
60
106
30
81
135
6
13
37
137
116
105
78
35
71
106
81
50
91
14
128
67
43
36
116
79
95
35
120
60
84
40
10
41
6
118
1
61
79
136
135
16
92
48
93
60
94
130
29
1
39
59
134
99
66
75
104
21
75
47
50
52
132
78
133
82
34
87
3
62
89
137
53
70
58
55
120
27
8
44
51
81
144
127
125
8
12
10
76
131
72
63
65
25
138
13
95
29
133
111
90
74
49
69
110
9
47
68
129
91
80
40
56
103
53
57
51
106
92
119
123
76
67
46
126
105
126
141
131
4
121
16
139
21
70
7
22
17
45
100
15
7
15
37
98
136
9
139
124
109
34
28
104
134
54
14
42
39
142
109
87
127
122
66
98
41
72
108
56
88
30
144
31
57
11
143
112
17
94
115
23
59
99
140
48
65
88
119
107
5
71
107
30
124
11
27
25
111
130
125
69
115
96
61
28
38
24
23
77
64
117
143
101
83
121
93
96
86
26
54
128
4
135
129
77
33
32
141
140
2
55
36
113
45
73
5
58
6
114
138
102
101
97
108
42
123
33
73
19
38
117
112
113
90
18
63
44
114
3
46
52
85
32
2
100
18
20
83
20
26
12
102
43
24
85
49
103
84
68
122
74
89
64
118
132
142
80
86
82
31
97
110
22
19
62
144
132
120
119
118
117
129
128
127
126
138
139
140
141
142
130
131
143
142
141
140
139
127
115
116
104
103
91
90
78
77
65
53
54
55
67
79
80
81
82
70
58
59
71
72
60
48
36
35
34
46
47
48
60
72
84
96
108
107
106
94
95
83
82
94
93
105
104
92
91
79
78
66
65
64
76
88
100
101
113
125
124
112
111
123
122
110
98
97
85
86
87
75
74
73
61
62
50
51
52
40
39
27
15
3
2
1
13
14
26
25
37
49
61
73
85
97
109
121
133
134
135
136
137
138
126
114
102
90
89
77
76
64
63
51
52
40
28
16
17
18
30
29
41
42
43
31
19
7
8
20
32
44
56
68
69
57
45
33
21
22
23
24
12
11
10
9
8
7
6
5
6
18
19
31
32
20
21
9
10
22
23
11
12
24
36
35
47
46
34
33
45
57
58
59
71
70
69
81
93
92
80
68
56
44
43
55
67
66
54
53
41
42
30
29
17
5
4
3
4
16
28
27
15
14
2
1
13
25
26
38
39
38
37
49
50
62
63
75
74
86
98
99
111
123
122
110
109
121
133
134
135
136
137
125
124
112
100
99
87
88
89
101
113
114
102
103
115
116
117
105
106
118
119
107
95
83
84
96
108
120
132
144
143
131
130
129
128
1
13
25
37
49
50
38
39
27
28
40
52
64
76
75
87
88
89
77
78
90
91
103
102
114
115
127
139
138
137
125
126
114
113
101
100
99
98
86
85
97
109
121
133
134
122
123
135
136
124
112
111
110
109
97
85
73
74
62
63
51
39
27
26
14
15
3
4
5
6
18
30
29
41
53
54
66
65
77
89
101
113
112
100
88
76
64
52
40
28
16
17
5
6
7
19
31
43
55
56
57
58
46
45
33
21
9
10
11
23
35
34
22
10
9
8
20
32
44
45
46
47
48
60
72
71
70
69
68
80
92
104
116
128
140
141
142
143
144
132
120
108
107
95
96
84
83
82
81
93
105
106
94
93
105
117
118
119
131
130
129
117
118
106
94
82
81
80
79
67
68
56
55
67
79
91
92
104
116
115
103
102
90
78
66
65
53
41
29
17
18
30
42
54
42
43
44
32
31
19
7
8
20
21
33
34
22
23
35
36
24
12
11
12
24
36
48
60
59
47
59
58
57
69
70
71
72
84
83
95
96
108
107
119
120
132
144
143
131
130
142
141
129
128
140
139
127
126
138
137
125
124
136
135
134
133
121
122
123
111
110
98
99
87
86
74
75
63
51
50
62
61
73
61
49
37
38
26
25
13
14
15
16
4
3
2
1
2
