##Rat 1 Day 42
 ##rewards
19
32
98
##Vertices
77
129
21
65
25
67
50
140
77
111
113
39
142
46
133
37
92
98
41
60
70
1
10
14
28
116
114
110
100
88
51
53
89
99
117
127
33
18
50
39
123
25
66
97
69
44
2
86
6
123
122
19
101
98
56
132
67
28
61
80
38
6
130
57
27
26
80
103
43
81
117
129
133
139
33
84
70
96
5
55
62
132
106
8
131
82
104
114
1
74
3
22
134
53
109
90
119
52
82
34
136
16
90
144
23
94
85
57
140
89
118
81
142
71
94
46
76
9
76
125
141
22
135
108
41
120
48
12
106
136
45
125
34
73
31
35
37
109
42
47
85
7
47
27
113
96
58
26
38
99
36
12
119
128
103
79
3
29
116
2
72
78
112
108
87
30
135
143
45
63
124
134
15
120
86
144
59
9
56
24
62
68
58
91
13
20
59
7
10
102
118
14
54
101
122
88
107
138
74
137
71
15
51
23
112
16
78
75
48
137
95
127
5
93
52
36
104
83
105
130
111
84
11
54
95
102
4
115
100
20
61
21
121
19
75
49
87
121
32
17
29
18
17
126
42
64
97
49
131
44
83
31
64
66
43
24
110
143
141
128
79
35
40
91
11
105
115
73
65
13
60
92
68
32
4
63
126
69
40
139
93
55
124
30
107
138
72
8
112
46
27
49
91
80
101
22
129
5
83
99
143
6
58
87
25
73
69
85
108
36
41
102
18
58
135
3
1
53
54
21
83
95
120
43
111
93
123
85
32
78
74
42
131
73
56
97
93
57
59
64
44
28
23
86
140
50
35
10
94
26
64
8
91
37
92
84
115
38
33
94
81
49
79
105
19
69
44
17
68
11
96
119
109
6
132
101
35
104
74
51
10
20
100
62
56
100
25
144
137
139
77
138
61
76
2
121
29
98
82
67
45
143
16
135
103
24
19
7
39
71
59
21
110
48
99
11
119
28
122
43
115
9
122
12
105
30
108
113
34
117
41
142
89
133
66
121
24
116
98
60
129
103
97
22
61
75
128
4
134
114
3
144
126
20
137
47
62
46
31
109
14
140
127
118
92
60
9
5
45
31
33
128
90
1
55
67
40
52
40
63
27
14
123
17
55
51
70
89
54
12
65
39
130
87
90
63
36
142
65
15
8
110
53
114
102
23
57
26
111
132
2
13
30
113
47
32
78
13
71
124
107
104
86
48
16
52
15
18
118
29
133
106
141
77
76
88
82
81
84
141
117
127
7
131
37
138
139
125
116
38
66
126
34
96
120
72
42
50
112
136
80
79
134
124
95
70
130
4
68
136
106
88
75
107
125
72
133
121
109
110
122
123
135
136
124
112
100
101
113
114
115
127
126
125
137
138
139
140
141
142
130
131
143
144
132
120
108
96
95
94
106
107
119
118
117
105
93
92
104
103
91
79
80
81
82
83
71
70
58
57
69
68
67
55
56
44
45
46
34
35
36
24
12
11
23
22
10
9
8
7
6
18
19
31
30
29
41
42
54
66
78
90
102
101
89
77
65
53
52
64
63
75
76
88
87
86
74
62
50
51
39
38
37
25
26
27
15
14
2
1
13
25
37
49
61
73
85
97
98
99
111
112
113
114
102
90
91
103
115
116
128
129
141
142
130
118
106
94
82
70
58
59
60
48
47
46
34
33
21
20
32
31
43
42
30
29
28
40
41
53
65
64
52
40
28
16
4
5
17
16
17
5
6
18
19
7
8
9
10
11
12
24
36
48
60
72
84
83
95
107
119
131
143
144
132
120
108
96
84
72
71
59
47
35
23
22
21
20
32
33
45
44
43
55
54
66
78
79
67
68
56
57
69
81
80
92
93
105
104
116
117
129
128
140
139
127
126
138
137
125
124
123
111
99
100
88
89
77
76
75
87
86
74
62
63
51
39
27
15
3
4
3
2
1
13
14
26
38
50
49
61
73
85
97
98
110
109
121
133
134
122
134
135
136
1
2
3
15
14
26
25
37
38
39
40
52
51
63
75
74
62
50
49
61
73
85
97
109
110
122
121
133
134
135
136
137
125
113
112
124
123
111
99
100
101
89
88
76
77
78
90
102
114
126
127
115
116
104
103
91
79
80
92
93
105
117
118
130
142
143
144
132
131
119
120
108
96
84
72
71
83
82
70
58
57
69
68
67
66
65
64
52
53
54
55
56
44
43
31
30
42
41
29
17
18
19
20
32
33
21
9
10
22
34
35
23
24
12
11
10
9
8
7
6
5
4
16
28
27
39
51
63
64
65
77
76
75
87
86
98
97
109
110
111
112
113
114
115
116
128
140
141
129
117
118
106
107
95
94
82
81
69
70
58
46
45
57
56
55
43
44
45
46
47
48
60
59
47
59
60
72
71
83
84
96
108
120
132
144
143
142
141
140
139
138
126
125
124
123
122
121
133
134
135
136
137
138
139
127
128
129
130
131
119
107
95
94
106
105
93
81
80
68
67
66
78
79
91
92
104
103
102
90
89
101
100
88
87
99
98
86
85
73
74
62
61
49
50
38
26
27
28
40
41
53
54
42
30
29
17
18
19
31
32
33
34
35
36
48
36
24
12
11
23
22
21
20
8
7
6
5
4
16
15
3
2
1
13
14
13
25
37
45
73
141
42
61
59
81
13
126
94
21
106
108
111
83
46
114
40
62
54
127
16
37
91
59
113
6
53
126
115
137
73
100
116
83
6
106
94
32
120
17
56
132
129
99
20
97
72
90
63
9
27
84
72
80
68
14
50
5
33
64
46
28
13
2
31
9
92
101
79
131
109
1
55
105
115
54
110
118
17
76
66
47
22
19
140
109
76
26
52
140
82
35
100
82
8
43
117
23
10
117
57
71
63
129
69
53
107
4
70
86
85
141
35
135
29
128
144
8
70
118
27
24
15
28
51
96
122
41
122
112
103
105
67
33
11
130
48
137
39
74
91
58
1
108
120
95
50
41
4
84
15
67
144
136
7
135
75
77
124
74
61
133
47
16
62
21
49
5
78
44
66
65
43
49
138
142
128
121
131
19
48
86
119
77
132
92
87
32
125
39
114
60
112
2
25
36
99
90
38
81
119
68
22
36
79
24
30
18
134
12
98
78
26
104
88
40
121
125
139
64
10
87
30
57
56
130
143
97
34
102
111
107
127
134
23
85
14
44
96
136
116
42
71
58
29
89
52
80
110
20
34
133
98
51
75
143
12
89
139
69
124
45
113
55
37
3
101
60
104
93
123
25
18
7
142
31
123
65
93
103
95
38
3
88
11
102
138
37
133
110
113
63
98
81
122
27
10
26
49
29
58
108
51
87
46
125
123
96
121
1
107
95
85
55
131
76
100
128
50
119
29
23
90
83
130
15
64
25
125
66
86
34
88
64
70
43
82
46
123
109
61
92
135
80
120
102
66
115
28
93
12
21
76
16
85
75
96
74
57
87
128
112
9
42
18
144
118
111
71
35
47
4
43
15
117
105
54
14
102
142
42
74
84
122
99
97
69
54
60
19
53
114
32
34
144
84
21
82
6
101
98
16
4
56
89
104
130
73
139
72
91
53
139
104
134
60
83
126
90
38
72
114
40
35
44
41
5
97
57
88
91
58
33
1
67
106
118
135
22
44
24
52
6
8
79
61
14
48
86
94
67
39
113
17
132
27
73
7
12
22
140
62
136
25
62
3
116
119
106
140
26
132
141
121
103
41
103
142
59
143
68
31
134
55
69
31
50
40
48
115
112
51
94
45
17
75
92
99
81
80
127
78
49
36
79
3
11
71
65
138
120
77
117
59
129
28
20
133
30
138
13
143
126
33
95
45
13
131
2
7
39
127
136
124
9
30
5
36
108
105
10
68
24
23
47
70
56
65
124
111
63
137
19
141
18
89
32
116
38
8
11
37
129
93
109
77
110
52
101
100
137
78
20
107
2
144
132
120
119
131
130
142
141
129
117
105
104
116
115
114
126
127
128
140
139
138
137
136
135
123
122
134
133
121
109
97
85
86
87
99
98
110
111
112
100
88
89
101
102
90
78
77
76
75
74
62
63
51
52
64
65
66
54
53
41
40
39
27
26
25
13
1
2
14
15
3
4
5
6
7
19
18
30
31
32
44
43
55
67
79
91
103
104
92
80
68
56
57
69
70
82
81
93
94
95
83
71
59
58
46
47
48
36
35
34
22
23
11
12
24
36
48
60
72
84
96
108
107
106
118
117
116
115
103
91
90
102
114
113
125
124
136
135
123
111
99
87
75
63
51
50
49
37
38
39
27
28
16
17
29
30
42
43
31
32
33
45
44
56
68
69
57
45
33
21
9
8
20
21
20
8
7
19
18
6
5
4
3
2
1
13
25
37
49
61
73
74
86
98
110
122
134
133
121
109
97
85
73
61
62
50
38
26
14
15
16
17
29
28
40
41
42
54
55
67
79
78
66
65
53
52
64
76
77
89
88
100
101
113
112
124
125
137
138
126
127
139
140
128
129
130
118
106
105
93
92
80
81
82
94
95
83
71
70
58
46
34
22
10
9
10
11
12
24
23
35
47
59
60
72
84
96
108
107
119
120
132
144
143
131
143
142
141
12
11
10
9
8
20
21
22
23
24
36
35
34
46
45
44
56
55
43
42
41
29
30
18
6
5
17
16
4
3
2
14
26
38
37
49
50
51
52
53
65
64
76
77
78
79
91
90
102
103
104
92
93
81
80
68
67
66
54
53
52
40
28
27
15
3
4
5
6
7
19
31
32
33
45
57
58
70
69
57
58
59
60
48
47
46
34
33
32
44
43
42
41
40
39
51
63
75
74
86
98
97
109
110
111
99
87
88
89
101
100
112
113
125
124
136
135
123
122
134
133
121
109
97
85
73
61
62
63
64
76
88
89
101
100
112
113
114
115
127
126
138
139
140
141
129
128
116
117
118
119
107
95
94
106
105
93
94
82
83
84
96
108
120
132
144
143
131
130
142
141
129
130
142
143
144
132
131
119
120
108
107
106
118
117
105
104
92
91
103
115
116
128
140
139
127
126
114
102
90
78
77
65
66
54
55
56
68
67
79
80
81
69
70
82
83
95
96
84
72
71
59
71
72
60
48
47
35
36
24
12
11
23
22
10
9
21
20
8
7
19
31
30
18
17
16
15
14
2
1
13
1
13
25
26
25
37
49
61
73
85
86
98
110
122
121
133
134
135
136
137
138
137
125
124
123
111
99
87
75
74
62
50
38
39
27
28
29
4
97
60
64
30
99
95
20
117
130
7
45
80
90
102
29
66
90
61
41
84
55
57
68
1
115
16
33
91
125
93
104
57
113
73
40
19
136
52
76
42
98
136
110
109
36
5
95
31
35
111
120
133
40
87
2
59
55
75
47
139
24
1
79
38
78
5
19
114
29
80
119
46
34
44
103
46
65
121
21
25
116
93
45
100
39
129
139
129
86
122
20
31
107
63
4
63
87
13
8
11
22
108
126
67
127
83
32
74
50
6
77
84
34
89
15
53
120
133
117
10
86
96
131
118
131
38
17
37
74
16
143
23
100
11
72
109
3
36
105
15
105
92
56
9
77
114
51
26
54
103
104
48
119
27
121
123
28
2
28
44
142
18
132
137
140
64
58
99
97
72
141
52
41
42
107
66
82
144
79
58
10
102
39
35
106
88
17
78
76
127
67
92
91
81
49
70
54
68
50
22
142
116
56
143
48
71
128
85
113
43
138
37
82
33
85
53
122
112
32
83
108
94
135
43
14
98
110
111
106
60
49
141
26
144
3
62
124
61
71
12
14
138
7
126
134
123
89
81
62
69
69
9
137
125
130
94
27
132
73
51
59
30
12
101
140
8
115
112
118
13
135
47
128
70
134
25
18
124
101
24
75
6
65
23
21
88
96
46
60
6
77
92
19
87
96
19
115
67
98
143
104
9
65
54
17
26
15
30
116
64
123
129
108
119
64
142
40
88
62
106
21
120
100
52
102
139
4
73
16
31
107
33
132
86
69
32
68
38
7
24
75
103
68
141
137
46
66
34
53
84
7
43
88
135
32
109
136
82
135
58
29
132
24
20
57
80
128
23
125
48
1
117
108
143
97
110
131
115
49
18
55
59
95
1
52
56
13
84
44
139
16
87
25
89
93
122
13
42
61
101
128
76
27
83
81
41
105
45
91
127
144
111
112
12
134
126
99
103
76
6
86
133
118
55
113
71
79
36
119
79
121
134
100
78
90
97
50
5
66
70
94
75
85
10
14
65
23
69
129
130
99
131
104
105
35
9
22
117
121
47
20
41
90
3
37
74
114
102
72
34
123
95
56
70
42
54
112
33
111
85
61
83
141
37
89
101
26
22
113
81
130
39
18
140
126
98
36
48
125
62
80
93
3
2
92
82
127
43
138
38
118
110
53
49
107
31
17
10
5
51
27
91
12
78
11
21
30
116
58
45
47
77
11
142
114
60
40
2
25
144
137
96
4
140
8
109
74
35
51
29
15
28
44
122
94
106
136
138
67
120
124
71
8
28
133
72
57
39
63
14
73
124
50
63
59
133
121
109
97
85
86
98
99
111
112
100
88
76
64
63
51
52
53
65
66
54
55
43
42
30
31
19
7
6
5
17
18
30
29
41
40
39
38
50
49
37
25
13
1
2
14
15
3
4
16
28
27
26
25
37
49
61
62
74
75
87
99
111
110
122
123
135
136
137
138
126
114
113
101
89
90
78
77
65
53
41
29
28
40
52
64
76
88
100
112
124
125
137
138
139
127
115
103
91
92
93
94
106
105
117
129
141
142
143
131
119
118
130
142
141
140
128
116
104
105
106
107
108
96
84
83
82
81
80
68
56
44
32
20
8
9
10
11
12
24
36
48
47
59
60
72
71
70
69
57
45
46
58
57
45
33
34
35
23
22
21
33
34
46
58
70
69
68
67
79
80
92
91
79
67
55
56
44
32
31
43
42
54
66
78
77
89
101
113
125
126
114
102
90
102
103
104
116
115
127
139
140
128
129
117
118
130
131
119
120
132
144
143
144
132
120
108
96
95
107
95
94
93
81
82
83
84
72
71
59
60
48
47
35
36
24
12
11
23
22
10
9
21
20
8
7
19
18
6
5
17
16
4
3
2
1
13
14
15
27
26
38
39
51
50
62
63
75
87
86
74
73
61
73
85
97
98
110
109
121
122
123
124
136
135
134
133
134
12
11
10
22
34
46
47
59
71
83
84
72
60
48
36
35
23
24
36
48
60
72
71
70
58
57
69
68
80
79
91
90
89
77
65
66
67
55
43
31
30
29
17
18
6
5
4
3
15
27
28
16
4
5
6
7
8
9
21
33
32
20
19
31
32
44
45
57
56
68
67
79
78
90
102
103
104
105
93
94
95
107
106
118
119
131
130
129
141
140
128
116
115
127
139
138
126
125
113
101
100
112
111
110
109
121
133
134
122
123
135
136
137
138
139
140
141
142
143
144
132
120
108
96
84
83
82
81
80
92
91
103
102
114
113
101
100
99
98
86
74
75
87
88
76
64
63
62
61
49
50
51
52
53
54
42
41
40
39
38
26
14
2
1
13
25
37
49
61
73
85
73
74
62
63
51
50
38
37
25
26
14
13
1
2
3
15
16
28
27
39
40
41
29
17
18
30
42
43
44
56
55
54
53
52
64
65
66
78
77
89
88
76
75
87
86
85
97
109
97
98
99
111
110
122
121
133
134
135
123
124
112
124
136
137
125
126
114
115
127
128
129
117
118
119
131
130
142
143
144
132
120
108
96
95
107
106
105
117
116
104
92
93
94
82
81
69
70
58
46
45
33
34
22
21
20
19
7
8
9
10
11
12
24
23
35
47
59
