##Rat 1 Day 50
 ##rewards
19
32
98
##Vertices
119
5
56
47
12
38
79
142
72
28
86
66
113
50
5
43
132
125
114
95
143
84
74
126
59
135
90
113
9
134
8
13
77
18
15
2
25
84
83
37
89
42
3
70
51
131
85
43
3
16
50
86
92
78
108
78
27
97
96
120
112
46
98
60
103
79
44
35
23
140
26
122
88
117
123
118
94
39
53
58
27
28
97
6
109
124
104
26
7
121
40
93
125
4
127
59
24
69
22
68
110
128
136
30
102
1
137
18
108
42
29
34
134
21
60
31
118
23
41
47
67
100
129
31
74
87
96
81
68
135
69
89
119
55
20
110
136
19
58
45
137
17
88
39
55
81
64
13
73
99
36
140
93
12
65
32
14
94
131
72
14
95
116
75
100
128
66
91
67
99
7
48
64
115
57
51
53
10
70
82
45
87
11
65
133
22
9
132
107
101
80
141
130
101
6
76
62
105
126
83
36
80
107
138
8
41
19
44
35
144
52
46
144
75
130
49
111
62
71
120
90
54
1
30
11
82
17
77
32
141
37
124
34
91
114
33
20
71
112
143
121
133
29
16
24
2
40
122
138
21
56
117
52
123
116
61
98
15
104
139
76
105
106
48
63
49
111
4
73
109
25
63
139
103
85
106
129
54
10
61
92
127
102
115
57
142
33
38
105
20
11
74
106
71
10
12
133
131
91
95
56
19
48
94
9
3
16
134
39
2
49
138
143
86
94
71
62
111
53
98
50
136
46
87
84
57
52
126
90
54
86
93
40
97
28
81
141
70
80
69
69
78
27
33
113
90
53
23
119
118
79
124
42
14
17
82
25
75
124
111
129
103
68
59
73
110
116
99
2
144
21
30
13
61
109
125
24
79
44
130
39
85
84
88
104
8
57
16
66
40
12
45
17
122
1
137
19
141
101
21
72
62
28
56
64
37
128
5
127
113
136
60
11
49
32
41
47
45
132
59
35
78
31
83
29
34
100
128
74
98
110
18
63
92
107
118
60
51
89
20
6
65
68
55
7
144
135
89
142
82
48
88
4
36
7
47
61
42
54
143
22
139
15
67
23
13
25
36
22
32
101
122
126
132
97
70
102
112
31
9
81
123
105
80
127
83
52
134
66
27
72
33
137
142
51
29
63
140
85
139
46
24
26
120
109
120
38
73
76
116
65
75
50
4
34
18
114
6
129
131
91
5
10
123
104
93
135
43
108
121
99
35
41
119
115
87
100
140
43
76
58
64
77
107
115
14
117
117
38
106
1
26
112
108
67
55
44
30
92
114
103
102
77
95
3
125
15
8
96
121
96
130
138
133
37
58
133
134
135
123
111
99
98
86
74
62
61
73
85
97
109
110
122
121
109
97
85
73
74
75
87
88
76
77
65
66
54
55
56
68
80
79
78
90
102
114
115
116
128
127
139
140
141
142
130
118
117
129
141
140
139
138
137
136
124
112
113
125
126
114
113
101
100
88
89
77
78
66
67
55
43
42
41
40
52
51
50
38
39
27
26
14
15
16
4
5
17
29
30
18
6
7
19
20
32
44
45
33
34
35
36
24
12
11
23
22
10
9
8
7
6
5
4
3
2
1
13
25
37
49
61
62
63
64
65
53
54
42
43
31
32
44
45
46
47
59
71
70
58
57
69
81
82
83
84
96
95
94
93
92
91
103
104
105
106
107
119
131
143
144
132
120
108
96
84
72
60
72
71
83
82
94
95
107
108
120
119
131
132
144
143
142
130
129
117
118
106
105
104
116
128
127
115
103
102
101
89
90
91
92
93
81
80
79
67
68
56
57
69
70
58
59
60
48
36
48
47
46
34
35
23
24
12
11
10
22
21
33
21
9
8
20
19
31
30
18
17
16
28
27
26
14
15
3
2
1
13
25
37
49
50
38
39
40
28
29
41
53
52
51
63
64
76
75
87
99
100
112
111
123
124
125
126
138
137
136
135
134
133
121
122
110
98
86
144
143
142
130
131
119
120
132
144
143
142
141
140
139
138
137
136
135
123
111
110
109
97
85
73
61
49
50
38
37
25
26
14
2
3
4
16
15
27
39
51
63
62
74
75
76
64
52
53
54
42
43
55
67
66
65
77
78
79
91
103
104
116
128
129
117
118
106
94
95
96
108
107
106
105
93
81
69
68
80
92
93
105
104
92
80
79
91
90
89
88
87
86
98
99
100
101
102
114
113
112
124
125
126
127
115
114
113
101
100
88
87
75
76
64
52
40
41
29
28
27
39
40
41
42
30
31
32
44
56
57
45
46
34
33
21
22
23
35
47
48
36
24
12
11
10
9
8
20
19
18
17
5
6
7
8
9
21
33
34
46
58
59
60
72
84
83
71
70
82
94
95
107
119
118
117
116
115
103
102
90
89
77
78
66
67
68
69
81
82
83
71
70
58
59
47
35
23
22
10
11
12
24
36
48
60
72
84
96
108
120
132
131
130
129
141
140
128
127
139
138
126
125
137
136
135
123
124
112
111
99
98
110
122
121
122
134
133
134
133
121
109
97
85
86
74
73
61
62
63
51
50
49
37
38
26
25
13
1
2
1
13
14
15
3
4
16
28
29
30
18
17
5
6
7
19
20
32
31
43
44
45
57
56
55
54
53
65
23
36
60
47
73
131
32
33
8
106
66
15
103
3
133
34
86
6
58
56
85
103
57
1
24
84
139
21
100
122
136
67
104
21
52
64
129
106
60
114
64
5
81
71
115
6
28
123
124
10
132
137
82
27
124
135
44
78
130
131
122
33
2
22
75
143
75
26
126
46
140
18
1
134
86
111
89
59
54
14
16
27
142
83
20
80
141
116
118
22
138
98
93
119
137
58
90
108
76
42
77
63
68
91
110
39
29
117
102
52
12
51
36
30
24
136
7
98
31
50
53
79
61
81
4
85
113
93
18
35
125
43
19
17
132
37
73
13
125
70
59
96
55
30
9
42
111
67
118
56
108
72
142
40
97
38
76
123
120
109
16
87
4
105
119
80
49
26
107
45
101
49
2
101
84
99
110
35
90
87
20
15
41
50
92
109
69
61
44
134
48
37
54
120
39
9
62
72
71
3
82
25
48
104
115
46
114
126
65
130
116
65
55
121
34
133
74
40
135
127
144
88
121
127
51
8
66
19
74
62
102
29
97
138
10
107
77
69
112
70
79
43
41
128
117
143
23
95
38
13
140
88
89
47
139
92
99
25
53
144
128
14
5
63
91
78
100
141
28
7
96
95
83
68
129
45
94
12
32
31
105
57
11
113
11
112
17
94
54
62
25
64
63
23
52
138
37
103
56
74
93
114
14
98
72
112
34
90
126
27
67
131
30
81
69
78
50
82
121
11
51
58
87
58
53
134
142
28
140
77
133
28
111
43
12
55
25
116
73
104
78
122
41
70
10
128
93
73
26
96
76
17
132
141
105
59
29
128
114
122
6
125
111
20
117
80
81
35
86
56
30
83
44
110
86
61
14
40
119
126
98
39
59
48
109
16
10
141
95
87
95
91
3
26
68
89
48
88
101
137
74
108
55
35
118
37
112
108
42
62
20
79
2
16
33
44
49
123
32
5
68
7
21
134
38
113
18
82
144
104
71
33
135
129
113
22
120
47
139
45
138
130
31
46
24
2
135
97
83
8
94
116
47
22
144
19
127
66
142
34
57
15
76
136
109
39
139
103
110
69
117
17
61
140
60
23
29
43
121
38
3
75
91
65
99
49
127
85
24
54
63
19
64
27
132
102
75
70
13
136
9
99
71
123
106
6
42
31
60
41
1
120
57
11
21
50
115
46
90
94
4
101
9
66
72
36
124
52
36
7
131
97
143
84
130
53
107
32
13
88
96
8
4
12
79
80
45
125
89
18
115
100
5
92
118
106
100
137
105
102
40
124
15
133
129
77
92
51
1
107
67
84
143
85
119
65
1
2
3
15
27
39
38
50
62
74
73
61
49
37
25
26
14
13
25
37
49
61
62
63
51
52
64
65
77
78
90
91
92
80
68
67
66
54
42
30
31
32
20
19
7
8
9
10
22
34
33
21
9
8
7
6
5
4
16
28
29
17
18
30
29
41
40
52
53
65
66
78
79
91
103
102
101
100
88
87
86
98
99
111
110
122
123
124
136
137
125
113
114
126
138
139
127
128
116
104
105
117
118
119
120
132
144
143
131
130
142
141
140
139
138
137
136
135
134
133
121
109
97
85
73
74
75
76
77
89
90
102
103
115
116
104
105
106
107
95
83
82
94
93
81
69
70
71
72
60
59
58
57
56
55
43
44
45
46
47
35
23
11
12
24
36
48
60
72
84
96
84
83
71
70
58
59
47
48
36
35
23
24
12
11
10
22
21
33
34
46
45
44
32
20
19
31
43
42
41
53
54
55
56
57
69
68
67
79
80
92
93
81
82
94
95
96
108
120
108
107
106
118
119
131
132
144
143
142
130
129
117
129
141
140
128
127
115
114
126
125
124
112
111
110
122
123
135
134
133
121
109
97
85
86
98
99
100
112
113
101
89
88
87
75
76
64
63
51
39
40
28
27
15
16
17
18
6
5
4
3
2
1
13
14
26
38
50
12
11
10
9
8
20
21
33
34
46
45
44
43
42
30
29
41
53
54
66
65
77
76
64
63
75
74
73
61
49
50
62
63
51
52
40
28
16
17
5
4
3
2
1
13
14
26
25
37
38
39
27
15
3
4
5
6
18
19
31
32
33
34
22
23
35
36
48
60
72
71
70
58
57
56
68
67
55
54
53
52
51
39
40
41
42
43
44
45
46
47
59
60
72
84
83
82
81
80
92
104
116
117
105
106
107
108
120
132
131
130
118
119
120
108
96
95
94
93
105
117
129
141
140
139
127
115
103
91
90
89
88
87
86
85
97
109
121
133
134
135
136
124
125
137
138
126
114
102
101
100
112
113
101
100
99
111
123
122
110
98
99
111
112
113
114
102
90
78
79
91
92
80
79
78
77
89
88
87
75
76
64
65
66
67
55
56
57
58
59
71
70
69
68
69
81
93
94
82
83
84
96
95
107
106
118
119
131
130
142
143
144
132
144
143
142
141
140
128
129
128
116
104
103
115
127
139
138
126
125
137
136
124
123
135
134
133
121
122
110
109
97
98
86
85
73
74
62
61
49
50
38
37
25
13
1
2
14
26
27
15
16
28
29
17
18
30
31
32
20
19
7
6
7
8
9
21
22
10
11
23
35
47
48
36
24
12
24
54
13
130
90
139
117
61
115
27
119
126
5
111
115
43
104
66
32
129
47
40
8
22
130
5
126
10
83
17
107
74
47
62
64
42
14
76
121
104
90
45
21
143
63
93
34
60
131
28
67
9
58
102
51
124
12
37
101
125
67
86
132
17
19
44
92
99
111
46
26
24
86
2
23
22
105
33
75
57
72
118
88
85
135
80
118
34
7
83
116
3
46
93
81
61
108
116
70
144
114
109
101
99
48
125
106
31
70
10
36
53
14
136
128
52
53
35
69
79
1
119
39
12
27
87
134
16
49
52
9
59
113
48
54
108
132
38
30
95
143
137
63
121
133
23
98
38
122
94
40
124
79
77
28
41
57
127
29
44
107
88
60
96
129
100
72
20
25
141
100
140
73
55
138
110
128
33
103
102
7
50
82
51
15
144
120
84
68
77
109
89
120
59
6
97
13
91
64
45
24
65
134
18
42
123
16
92
97
141
25
140
85
15
29
1
81
82
19
112
89
32
62
56
30
122
56
138
71
87
36
123
31
69
39
94
78
75
103
113
65
11
49
135
112
4
58
26
78
117
18
2
84
139
142
106
55
142
3
80
136
4
110
76
73
11
74
96
50
105
8
66
21
41
20
37
43
68
95
131
6
137
71
98
127
91
133
35
114
76
104
139
21
91
52
5
132
120
127
90
72
103
9
89
77
126
12
19
88
43
33
18
65
25
64
76
14
30
22
106
118
55
83
23
114
138
107
69
115
78
88
103
51
140
121
110
26
125
18
70
83
65
10
79
37
20
142
56
35
32
141
47
97
130
15
98
46
92
95
75
136
86
41
63
94
73
12
137
16
112
70
27
24
135
28
2
133
36
20
51
82
107
135
119
96
36
137
124
100
23
41
113
93
109
42
97
89
38
101
98
3
80
108
114
125
102
127
81
4
99
48
62
117
2
45
80
19
93
60
68
117
15
95
46
40
53
82
85
49
121
10
68
143
73
24
108
116
75
86
110
22
66
130
128
129
113
54
128
139
85
53
87
67
105
34
142
6
7
90
50
136
67
120
17
116
111
87
3
140
57
6
104
64
124
39
27
118
72
44
96
81
59
13
134
1
84
38
102
40
106
131
43
133
112
100
4
78
143
74
25
48
11
79
49
109
32
69
123
131
84
61
77
134
8
74
91
58
16
34
55
42
71
66
144
29
144
122
5
115
13
58
47
132
94
21
1
92
37
30
52
122
141
71
14
60
129
7
123
29
59
11
54
26
35
138
61
9
33
8
101
45
105
39
57
99
111
56
63
119
31
44
28
31
50
62
17
126
133
121
109
110
111
112
124
125
126
127
139
138
137
136
135
123
122
134
135
136
137
138
126
114
113
101
102
90
91
79
80
68
56
55
54
66
78
77
76
75
63
51
50
62
61
49
37
25
26
27
39
38
37
49
61
73
85
97
98
99
87
86
74
75
87
88
100
101
89
90
78
79
67
68
69
81
93
105
104
116
128
129
117
118
130
131
119
107
108
96
95
94
82
83
84
72
71
59
58
57
45
46
34
22
10
11
12
24
23
35
36
48
60
72
84
96
108
120
132
144
143
142
141
140
139
127
115
103
91
92
80
81
69
70
58
57
45
33
21
20
19
31
32
44
43
42
30
18
6
5
17
29
41
53
65
64
52
40
28
16
15
14
13
1
2
3
4
5
6
7
8
7
19
18
30
29
17
16
4
3
15
14
2
1
13
25
26
38
39
27
28
40
52
51
50
62
63
64
76
88
89
77
65
53
41
42
54
66
67
55
56
44
43
31
32
20
8
9
10
9
21
33
34
22
23
11
12
24
36
35
47
46
47
48
60
59
71
70
82
83
95
107
106
118
130
131
119
120
132
144
143
142
141
140
128
129
117
105
106
94
93
92
104
116
115
103
102
114
113
112
100
99
111
110
98
86
74
73
85
97
109
121
133
134
122
123
124
125
144
132
120
119
131
130
142
143
144
132
120
108
96
84
72
60
48
36
35
34
22
10
9
8
7
6
5
17
16
4
3
15
14
13
25
37
38
26
27
28
29
30
18
19
31
43
42
41
53
65
64
76
77
78
66
54
55
67
79
80
81
93
94
95
107
106
118
117
116
128
140
141
129
117
105
104
103
102
90
91
92
104
105
93
92
91
79
80
68
56
44
32
20
21
33
45
57
69
70
58
46
47
59
71
83
82
70
58
57
45
44
32
31
43
42
41
40
52
51
39
27
28
40
52
64
63
75
87
88
89
101
100
112
111
99
98
110
122
123
124
136
135
134
133
121
109
97
85
86
74
62
50
49
61
73
85
97
98
99
111
112
113
125
137
138
139
127
126
114
115
116
128
129
130
118
106
94
82
81
69
68
56
55
67
66
78
90
102
103
115
127
126
114
113
125
124
123
122
110
109
121
133
134
135
136
137
138
139
140
141
142
143
131
119
107
108
96
95
83
84
72
71
59
60
48
36
35
47
46
34
33
21
22
23
11
23
24
12
24
12
11
10
9
8
20
19
7
6
18
30
29
17
5
4
16
15
3
2
1
13
1
2
14
26
25
37
38
39
51
63
62
50
49
61
73
74
86
87
75
76
88
100
101
89
77
65
53
54
