##Rat 4 Day 15
 ##rewards
126
113
47
##Vertices
133
134
135
123
122
110
109
97
98
99
100
88
87
75
63
62
74
86
85
73
61
49
37
25
26
14
13
1
2
3
4
5
17
29
28
16
15
27
39
40
41
53
52
64
65
66
54
42
30
18
19
31
32
44
43
55
67
68
56
57
45
33
34
22
10
11
12
24
23
35
36
48
60
72
84
83
71
70
82
94
93
81
80
79
78
77
76
88
89
90
91
92
104
103
115
114
102
101
113
125
126
127
128
116
117
129
141
142
130
118
119
131
132
144
143
142
141
140
139
138
137
136
124
112
111
99
87
75
76
77
65
64
63
51
50
38
37
25
26
27
28
29
30
31
32
20
8
9
21
33
34
46
47
59
58
70
69
81
82
94
106
105
93
92
91
103
104
105
106
107
108
96
95
107
95
96
84
83
71
72
60
48
36
24
12
11
10
9
8
7
6
18
17
16
15
14
13
1
2
3
4
5
6
7
19
20
21
22
23
35
47
59
58
46
45
57
69
68
80
79
78
66
67
55
56
44
43
42
54
53
41
40
52
51
39
38
50
49
61
62
74
73
85
86
98
110
111
112
100
101
89
90
102
114
113
125
126
127
115
116
117
118
119
120
108
120
132
144
143
131
130
129
128
140
139
138
137
136
124
123
135
134
133
121
122
121
109
97
144
132
131
130
142
143
144
132
120
119
107
95
94
93
81
80
79
67
55
43
31
32
44
45
33
21
20
8
7
19
18
6
5
17
16
28
27
15
3
4
5
6
7
8
9
10
22
23
11
12
24
36
35
34
46
47
48
60
72
71
70
82
83
84
96
108
120
119
118
106
105
104
103
102
101
89
77
78
90
91
92
104
116
117
129
141
140
139
127
126
138
137
125
124
123
135
136
137
138
139
140
128
127
115
114
113
112
100
88
76
75
74
86
85
73
61
49
50
51
39
38
37
25
13
14
26
27
39
40
52
53
65
64
63
62
61
73
85
97
98
110
122
134
133
121
109
97
98
99
87
88
76
77
89
90
91
92
80
68
56
57
58
59
60
48
47
46
45
44
43
42
54
66
78
79
67
66
65
64
52
51
63
75
87
86
74
62
50
49
37
38
26
25
13
1
2
1
2
14
15
3
4
16
28
29
17
18
19
20
21
9
10
22
23
11
12
24
36
35
34
33
32
31
30
29
30
42
41
40
41
53
54
55
56
68
69
81
93
94
82
70
69
57
58
59
71
72
84
83
95
96
108
107
106
105
117
118
130
131
143
142
141
129
128
116
115
103
102
114
113
101
100
99
111
112
111
123
122
110
109
121
133
134
135
136
124
125
126
29
96
62
132
26
72
64
13
43
52
5
131
99
114
47
11
102
33
22
22
130
82
53
23
76
12
20
46
36
75
115
83
135
44
143
144
65
69
40
35
56
71
41
104
99
139
66
80
14
51
50
31
129
10
98
88
127
23
110
79
58
37
129
3
55
119
85
6
12
7
118
34
118
134
141
106
59
137
42
30
138
75
43
29
82
136
95
101
89
45
134
10
39
6
1
132
91
74
142
24
122
89
130
25
105
113
15
78
77
101
93
117
71
38
107
36
28
4
61
9
142
69
67
73
92
62
20
18
121
138
96
140
108
128
87
63
128
37
106
32
131
83
31
56
109
111
81
79
117
77
54
114
98
73
123
127
90
123
18
46
63
14
84
25
67
78
3
133
2
34
88
125
65
15
136
94
40
74
120
125
35
58
21
11
91
107
16
93
144
13
66
68
48
100
124
44
38
111
54
133
85
51
1
115
8
48
122
42
30
8
21
81
49
28
90
103
17
47
97
5
57
116
87
50
70
45
139
116
52
59
27
64
94
141
92
126
33
49
137
19
124
113
86
104
112
109
143
32
17
60
121
108
26
126
95
97
24
61
86
27
102
57
72
103
68
19
39
105
135
9
112
84
16
119
80
110
140
4
2
76
60
41
53
70
7
120
100
55
11
44
102
55
130
18
128
48
32
98
128
142
7
115
65
123
115
23
12
72
29
103
52
46
144
67
22
131
100
73
30
29
16
133
58
133
39
96
65
135
105
108
73
92
1
42
120
103
123
110
76
126
142
50
110
116
122
104
131
106
10
14
44
124
17
60
99
126
25
101
79
5
9
42
119
120
141
47
66
1
64
70
92
98
76
40
134
81
27
114
20
85
86
136
66
9
60
3
6
136
47
4
2
83
56
87
86
62
19
36
127
116
22
49
85
88
45
118
35
91
140
10
129
72
59
37
35
143
80
75
137
108
93
82
61
40
63
53
15
90
113
41
28
69
54
13
21
3
137
119
87
139
67
43
15
17
38
83
7
71
38
26
130
139
122
48
79
106
69
111
37
25
124
6
135
107
93
20
117
61
71
13
102
59
43
57
117
27
74
77
49
121
36
140
31
50
12
144
31
129
16
80
8
14
34
95
41
19
94
90
64
91
99
112
34
89
53
52
77
51
62
68
32
33
118
28
84
11
141
125
143
104
78
33
100
127
2
95
138
21
112
121
138
4
88
46
54
94
56
24
70
30
58
109
63
101
97
18
89
107
125
82
132
97
26
68
96
109
75
132
84
81
113
134
55
111
24
39
45
5
114
51
8
105
57
78
23
74
12
24
23
22
10
11
12
24
36
35
47
59
58
57
69
68
67
79
91
103
115
116
104
105
117
129
128
140
139
127
126
138
137
125
124
112
111
123
135
136
137
138
139
140
141
142
130
131
143
144
132
120
119
118
106
107
108
96
84
83
82
70
71
72
60
48
36
35
34
46
45
44
43
42
41
53
65
66
54
55
56
44
32
33
21
9
8
7
19
18
6
5
17
16
15
3
4
5
6
7
8
20
19
31
30
29
28
40
52
64
63
62
50
49
61
73
85
86
87
99
98
97
109
121
122
110
111
99
100
88
89
77
76
75
74
73
61
49
37
38
26
14
2
1
13
25
37
38
39
51
52
64
65
53
54
55
56
68
80
92
93
94
95
96
108
107
106
105
104
103
102
90
78
66
67
79
78
77
76
88
87
75
63
51
50
62
74
86
85
97
98
110
109
121
133
134
133
134
122
123
135
136
124
112
113
125
126
127
128
129
141
142
130
131
143
144
132
120
119
118
117
116
115
114
113
114
102
101
100
101
89
90
91
92
80
81
69
57
58
70
82
81
93
94
95
83
84
72
71
59
60
48
47
46
45
33
34
22
23
11
10
9
21
20
32
31
43
42
30
29
41
40
39
27
28
27
15
14
26
25
13
1
2
3
4
16
17
18
1
2
3
15
14
26
25
37
38
39
40
52
51
63
75
74
62
50
49
61
73
85
97
109
110
122
121
133
134
135
136
137
125
113
112
124
123
111
99
100
101
89
88
76
77
78
90
102
114
126
127
115
116
104
103
91
79
80
92
93
105
117
118
130
142
143
144
132
131
119
120
108
96
84
72
71
83
82
70
58
57
69
68
67
66
65
64
52
53
54
55
56
44
43
31
30
42
41
29
17
18
19
20
32
33
21
9
10
22
34
35
23
24
12
11
10
9
8
7
6
5
4
16
28
27
39
51
63
64
65
77
76
75
87
86
98
97
109
110
111
112
113
114
115
116
128
140
141
129
117
118
106
107
95
94
82
81
69
70
58
46
45
57
56
55
43
44
45
46
47
48
60
59
47
59
60
72
71
83
84
96
108
120
132
144
143
142
141
140
139
138
126
125
124
123
122
121
133
134
135
136
137
138
139
127
128
129
130
131
119
107
95
94
106
105
93
81
80
68
67
66
78
79
91
92
104
103
102
90
89
101
100
88
87
99
98
86
85
73
74
62
61
49
50
38
26
27
28
40
41
53
54
42
30
29
17
18
19
31
32
33
34
35
36
48
36
24
12
11
23
22
21
20
8
7
6
5
4
16
15
3
2
1
13
14
13
25
37
108
132
49
26
44
81
118
102
53
123
41
14
113
18
94
130
65
62
114
141
126
19
2
19
137
116
119
85
116
33
122
73
89
42
15
32
8
139
59
93
40
125
65
144
3
135
115
68
134
22
58
48
26
52
78
47
81
107
125
48
109
5
139
36
98
140
31
24
31
45
121
131
97
107
74
67
23
1
129
37
112
133
43
14
124
66
85
41
86
117
98
142
113
79
96
5
100
101
106
10
30
35
68
57
16
140
53
104
87
144
56
21
95
13
80
40
4
80
127
70
11
99
61
23
37
124
21
13
83
12
97
111
138
69
134
59
84
55
69
73
27
133
72
126
10
136
49
132
110
30
24
45
143
54
135
99
76
9
64
128
6
20
87
54
32
109
115
43
83
60
102
90
66
78
22
88
120
70
34
25
74
104
75
127
51
137
121
17
20
63
63
72
114
33
1
50
105
84
2
100
75
82
25
88
82
110
42
46
28
123
9
143
128
91
46
103
111
60
90
44
95
35
108
120
86
36
34
122
92
8
64
38
136
29
130
39
101
129
118
7
6
52
56
106
105
79
7
112
119
12
138
76
94
16
11
117
50
17
39
103
89
62
15
4
141
71
92
142
51
57
61
27
29
55
58
67
96
3
77
47
38
93
18
71
28
77
131
91
136
1
82
125
39
44
143
71
40
32
62
100
38
17
16
81
55
129
66
28
18
70
6
67
30
47
134
133
37
57
139
119
135
67
58
46
90
27
128
140
12
57
5
20
3
92
7
30
108
44
48
103
127
33
59
60
92
76
49
139
77
86
91
105
13
46
87
131
7
77
71
80
136
85
15
130
117
9
112
51
61
113
112
16
144
41
118
80
2
65
109
35
97
9
59
4
141
93
111
1
93
95
96
96
33
121
24
43
124
99
132
70
29
45
23
48
83
8
114
78
20
68
50
110
65
83
41
35
54
23
115
61
60
28
100
63
36
114
31
56
131
39
72
122
97
64
107
26
94
117
50
75
84
140
58
11
25
119
122
124
143
52
123
8
42
89
116
19
64
42
22
10
98
17
115
130
75
106
89
40
54
142
11
142
25
88
22
126
49
32
14
68
144
103
106
55
128
94
26
109
95
69
85
13
105
21
78
98
53
66
127
91
2
12
31
79
52
137
73
120
24
113
5
74
111
34
132
138
101
104
73
101
19
116
3
110
79
43
133
135
72
53
45
56
102
51
82
87
76
47
37
6
84
15
108
4
18
88
69
10
120
104
123
90
99
74
21
62
63
126
36
121
107
81
141
102
38
138
27
137
86
134
125
129
14
118
29
34
144
132
131
130
142
141
140
139
138
137
136
135
123
124
112
100
101
89
88
87
75
74
73
61
49
50
38
37
25
26
14
13
1
2
3
4
16
28
40
41
53
52
51
39
27
15
3
4
5
17
29
30
42
54
66
65
64
76
77
78
90
102
103
115
114
113
125
126
127
128
116
104
105
106
94
95
96
84
83
71
72
60
59
47
48
36
24
23
22
10
9
8
7
6
18
19
20
21
33
45
57
69
70
58
46
34
35
36
48
60
72
84
96
108
120
119
107
106
118
117
129
141
140
128
116
115
103
91
79
67
68
80
81
82
83
71
59
47
35
34
46
58
70
69
57
56
44
32
31
43
55
54
66
78
90
102
101
100
99
111
110
122
121
109
97
98
86
85
73
61
62
74
86
85
97
98
110
109
121
133
134
133
134
122
123
135
136
137
138
139
127
126
114
113
125
124
112
111
99
87
88
89
77
76
75
63
62
50
49
37
38
39
51
63
64
65
53
52
40
28
27
26
25
13
1
2
14
15
16
17
5
6
7
19
18
30
29
41
42
43
31
32
20
8
9
10
11
12
24
12
11
23
22
21
33
45
44
56
55
67
68
80
79
91
92
93
105
117
129
130
118
119
131
143
142
143
144
132
120
108
107
95
94
82
81
93
92
104
12
11
23
35
36
48
60
72
84
96
108
120
119
107
106
105
93
92
104
116
115
127
139
138
137
125
124
136
135
123
122
134
133
121
109
97
98
99
100
88
89
101
113
112
111
110
109
97
85
86
87
75
76
77
78
90
102
103
91
79
80
81
69
70
82
94
95
83
71
59
58
57
45
33
32
20
8
7
19
18
6
5
17
16
4
3
2
14
26
25
37
49
61
73
74
62
50
38
39
40
41
42
30
29
28
27
15
3
4
5
6
7
8
9
10
22
21
33
34
46
47
48
60
59
58
70
69
68
67
66
54
55
43
31
19
18
17
16
15
27
28
29
30
42
41
53
52
51
63
64
65
77
78
79
80
81
93
105
117
118
130
131
143
142
141
129
128
140
139
138
126
127
128
140
141
129
130
142
143
144
132
144
132
131
119
120
108
96
84
72
71
83
82
94
95
107
106
118
117
116
104
92
91
103
115
114
126
125
137
136
124
112
113
114
102
90
89
101
100
99
111
123
135
134
133
121
122
110
98
86
85
73
61
62
74
75
87
88
76
64
63
51
50
49
37
25
13
1
2
1
13
14
26
38
39
40
52
53
65
66
54
55
67
68
56
44
45
46
47
35
34
22
23
24
36
24
12
11
10
9
21
20
32
31
43
44
56
57
3
68
115
89
23
144
99
11
30
97
44
68
105
133
83
26
93
37
82
82
102
9
103
57
36
7
124
132
83
100
46
77
104
139
66
14
110
80
41
136
135
15
60
117
95
98
78
137
123
14
142
64
91
71
73
2
99
130
127
115
18
95
71
119
120
19
31
69
139
96
102
66
65
42
114
17
135
61
9
111
75
136
143
113
114
35
19
101
86
108
108
141
72
140
91
63
28
116
46
140
20
87
79
55
37
5
131
30
125
35
24
67
62
43
86
59
43
138
26
134
90
92
120
40
57
11
84
132
79
138
6
4
25
54
39
144
81
29
87
128
94
85
16
106
28
116
104
3
101
92
5
13
130
29
58
13
111
129
47
58
8
70
117
53
8
84
21
59
34
106
45
50
16
118
100
55
1
88
112
41
107
21
51
6
33
77
127
129
123
94
34
48
126
128
48
141
126
137
60
121
42
89
75
40
56
25
53
1
124
122
24
121
27
27
97
52
88
4
2
47
61
142
10
20
33
105
133
118
65
7
49
80
78
36
18
44
74
131
125
50
81
96
98
22
17
10
49
109
134
31
12
38
39
107
112
51
54
32
52
93
64
62
74
73
90
122
143
70
113
38
109
56
67
85
69
15
23
76
12
76
45
72
103
22
110
63
119
32
2
78
98
8
76
31
138
7
126
143
14
75
32
69
2
69
51
16
134
108
17
96
79
143
126
68
139
67
122
12
83
136
82
22
16
34
50
78
144
91
67
103
43
18
64
100
84
85
100
63
4
91
130
51
79
30
112
128
129
49
9
70
29
74
144
20
70
123
92
60
94
135
96
61
133
125
137
23
35
72
64
113
36
27
123
107
110
98
59
65
92
84
44
115
80
132
1
134
102
62
119
57
40
26
76
56
63
19
68
65
24
25
31
34
94
61
23
77
37
29
86
43
15
89
95
124
141
58
132
10
104
54
142
44
116
106
5
113
142
101
18
12
95
111
6
36
131
22
97
105
13
105
99
5
140
58
66
104
50
71
116
77
73
125
110
135
27
111
42
114
87
81
15
46
93
131
28
114
11
47
55
112
11
60
8
55
59
74
129
99
72
45
39
37
86
107
32
120
88
3
90
7
73
53
97
33
28
87
47
137
138
122
90
54
121
89
71
9
136
52
118
48
41
35
88
24
21
121
66
108
139
103
127
80
4
82
115
128
20
133
39
85
56
109
141
19
52
13
38
109
127
42
117
93
102
21
75
53
14
119
140
62
40
57
106
3
118
17
41
130
46
120
38
49
10
83
25
117
1
101
48
6
30
81
26
33
45
124
