##Rat 7 Day 35
 ##rewards
62
51
129
##Vertices
1
2
3
4
5
17
16
15
14
13
25
26
27
39
40
41
53
54
42
43
44
32
31
19
7
8
20
21
9
10
11
23
35
47
48
60
59
58
57
56
68
69
81
80
79
78
90
91
103
102
101
89
88
76
77
65
66
67
55
56
57
45
33
34
22
10
9
8
7
6
18
30
29
28
40
52
51
63
64
52
51
50
49
37
38
39
27
28
29
41
42
43
44
45
46
58
70
82
83
95
107
108
120
119
118
106
94
93
92
104
105
117
116
128
129
141
142
130
131
143
144
132
120
108
96
84
72
71
70
69
81
93
92
104
105
117
116
115
114
126
127
139
138
137
136
124
125
113
112
111
110
98
86
87
99
100
88
87
75
74
73
85
97
109
121
133
134
122
123
135
136
124
123
135
134
133
121
122
110
109
97
98
99
111
112
100
101
89
90
102
114
113
125
137
138
126
127
115
103
91
79
80
68
67
55
54
53
65
66
78
77
76
64
63
75
74
86
85
73
61
62
50
62
61
49
37
38
26
25
13
1
2
14
15
3
4
16
17
5
6
18
30
31
19
20
21
22
23
11
12
24
12
24
36
35
36
48
60
72
84
96
95
107
119
131
132
144
143
142
141
140
139
140
128
129
130
118
106
94
82
83
71
59
47
46
34
33
32
133
134
135
123
122
110
109
97
98
99
100
88
87
75
63
62
74
86
85
73
61
49
37
25
26
14
13
1
2
3
4
5
17
29
28
16
15
27
39
40
41
53
52
64
65
66
54
42
30
18
19
31
32
44
43
55
67
68
56
57
45
33
34
22
10
11
12
24
23
35
36
48
60
72
84
83
71
70
82
94
93
81
80
79
78
77
76
88
89
90
91
92
104
103
115
114
102
101
113
125
126
127
128
116
117
129
141
142
130
118
119
131
132
144
143
142
141
140
139
138
137
136
124
112
111
99
87
75
76
77
65
64
63
51
50
38
37
25
26
27
28
29
30
31
32
20
8
9
21
33
34
46
47
59
58
70
69
81
82
94
106
105
93
92
91
103
104
105
106
107
108
96
95
107
95
96
84
83
71
72
60
48
36
24
12
11
10
9
8
7
6
18
17
16
15
14
13
1
2
3
4
5
6
7
19
20
21
22
23
35
47
59
58
46
45
57
69
68
80
79
78
66
67
55
56
44
43
42
54
53
41
40
52
51
39
38
50
49
61
62
74
73
85
86
98
110
111
112
100
101
89
90
102
114
113
125
126
127
115
116
117
118
119
120
108
120
132
144
143
131
130
129
128
140
139
138
137
136
124
123
135
134
133
121
122
121
109
97
34
70
50
85
143
33
71
11
34
77
131
105
63
91
36
126
134
52
116
91
118
52
49
90
114
36
1
39
121
125
144
17
7
27
23
67
44
19
123
104
15
59
65
79
75
15
22
46
109
7
118
76
10
104
50
66
41
144
65
42
120
134
130
101
67
41
77
35
24
83
8
32
1
61
101
6
82
129
8
21
135
124
113
82
2
130
103
43
119
44
54
87
23
22
117
35
28
106
119
135
103
93
3
47
30
48
69
37
127
31
14
38
138
113
28
16
140
13
48
58
73
122
72
60
70
133
127
88
26
125
89
139
122
124
56
102
128
100
102
141
47
116
29
9
61
31
72
58
111
131
92
97
142
30
99
141
81
38
133
112
139
89
97
32
42
99
49
26
81
51
95
140
136
60
106
62
115
143
88
126
84
90
109
25
137
142
74
63
27
11
2
98
138
6
74
84
64
45
107
117
76
55
108
56
57
40
111
87
112
5
46
57
129
96
68
80
96
4
123
73
79
85
93
110
18
136
94
86
18
78
21
53
19
108
66
43
132
29
17
4
94
68
45
12
25
78
14
16
39
95
3
71
80
98
51
59
10
64
9
137
40
5
105
120
114
12
100
62
53
132
128
110
55
83
33
24
37
121
20
69
115
92
75
54
20
86
107
13
66
8
37
17
116
92
89
38
64
54
129
61
42
133
45
82
17
87
9
115
7
94
33
131
126
123
62
6
53
134
32
51
50
1
85
94
55
39
34
117
15
101
58
122
22
128
12
125
70
132
84
59
31
20
34
122
100
84
9
124
79
88
140
56
106
14
4
42
129
131
45
111
73
30
136
99
88
144
120
15
102
23
114
7
57
26
86
16
24
142
59
141
114
130
109
96
60
48
22
16
39
50
119
31
57
90
68
110
86
92
49
137
73
118
63
27
124
96
24
127
79
18
110
5
43
138
95
54
117
77
2
55
139
27
113
26
72
52
121
135
37
10
140
53
93
41
77
112
126
108
83
103
68
120
71
46
115
112
6
85
29
69
93
98
106
36
121
61
142
113
67
118
49
80
44
87
3
81
98
70
30
133
123
91
2
74
99
108
36
143
104
78
58
11
83
100
62
12
28
18
29
127
65
25
107
105
101
97
35
32
80
47
75
107
4
71
82
109
33
64
5
19
47
128
52
56
103
75
48
95
139
76
76
136
23
66
63
78
10
14
28
132
38
135
21
13
137
51
69
105
65
143
81
20
74
111
3
104
8
89
40
44
125
134
43
90
72
40
119
130
138
35
41
60
46
102
97
67
21
19
91
25
141
1
144
11
116
13
144
143
142
130
131
119
120
108
107
106
105
93
94
82
70
71
83
95
96
84
72
60
48
36
35
23
24
12
11
10
9
8
20
32
33
21
22
34
46
45
44
56
57
69
68
67
55
43
31
19
18
30
29
41
42
54
66
65
53
52
40
28
27
15
3
2
1
13
14
26
25
37
49
61
73
74
62
63
75
87
88
76
77
78
79
80
81
93
92
91
90
89
101
102
114
115
103
104
116
128
127
126
125
113
112
124
136
135
123
111
110
122
121
133
134
135
136
137
138
139
140
141
129
117
118
106
94
82
81
80
68
69
70
58
59
47
48
36
35
34
33
32
31
30
29
17
5
4
16
28
27
39
38
50
51
63
64
76
75
87
99
100
88
89
90
102
101
100
99
98
97
85
86
98
86
85
73
74
62
61
49
37
25
13
1
2
3
4
5
6
7
19
20
21
22
23
24
12
11
10
9
8
7
6
18
17
16
15
14
26
38
50
51
39
40
52
64
65
77
78
79
67
66
54
53
41
42
43
55
56
44
45
57
58
46
47
59
60
72
71
83
84
96
95
107
119
118
117
105
104
92
91
103
115
116
128
127
126
114
113
112
111
110
109
97
109
121
133
134
122
123
124
125
137
138
139
140
141
129
130
142
143
144
132
131
132
120
108
12
11
23
35
36
24
12
11
10
22
21
20
32
44
43
55
67
66
65
64
63
51
52
40
39
38
50
49
61
62
74
73
85
86
98
99
111
110
109
97
85
73
61
49
37
25
26
14
13
1
2
3
15
27
28
16
4
5
6
18
30
31
19
7
8
9
10
22
34
33
45
57
69
81
93
92
91
79
80
68
56
57
58
46
47
48
60
72
71
83
84
96
95
107
119
120
108
96
84
72
60
59
71
70
82
94
106
105
104
103
115
127
128
140
139
138
137
125
113
112
124
136
135
134
122
123
111
112
100
101
89
90
102
114
126
138
139
140
141
129
130
131
132
144
143
142
141
129
117
116
104
103
91
92
80
68
56
55
54
53
41
29
17
5
4
16
28
40
52
64
76
77
78
79
67
66
78
90
102
101
113
114
115
116
128
127
126
125
137
136
124
123
135
134
133
121
133
121
122
110
109
97
98
99
87
86
74
62
50
38
37
25
26
14
13
1
2
3
15
27
39
51
63
75
87
75
76
88
100
88
89
77
65
53
54
42
43
44
32
31
30
42
41
29
17
18
6
7
19
20
8
9
21
33
45
46
34
35
23
24
36
48
47
59
58
70
69
81
82
94
93
105
117
118
106
118
119
131
130
142
143
144
132
120
108
107
95
83
109
22
123
2
33
64
47
73
47
60
91
116
123
67
108
46
8
79
65
19
11
93
71
143
115
34
98
26
14
48
76
27
136
15
139
137
82
117
75
61
28
74
22
12
11
20
85
72
48
17
40
128
79
144
33
31
95
12
50
46
50
111
69
13
44
111
114
53
92
113
23
6
99
131
102
143
18
112
125
2
136
77
124
34
72
9
118
66
38
106
135
86
97
92
87
16
64
141
54
115
62
62
131
132
140
73
21
5
120
45
8
10
51
52
13
119
19
96
76
130
70
77
25
65
129
32
90
49
20
68
100
23
63
28
74
106
119
52
83
121
112
122
35
44
138
89
113
132
120
30
59
102
116
55
101
31
144
26
98
93
27
78
87
58
141
56
24
35
29
66
107
126
99
108
124
40
3
15
122
83
104
37
29
129
39
6
94
68
42
59
110
39
53
21
133
75
57
96
127
139
88
90
89
49
18
38
133
86
43
118
88
16
10
130
9
127
121
5
140
37
103
105
105
107
117
82
60
51
100
71
17
67
134
58
81
4
114
128
103
54
1
41
137
45
32
126
43
84
84
80
56
138
95
3
110
70
57
4
94
101
61
135
7
36
142
91
142
25
125
24
78
97
30
134
55
85
80
109
104
42
7
14
41
69
81
36
63
1
136
81
123
97
135
83
119
37
128
48
4
67
116
102
134
104
75
21
57
106
89
88
24
35
129
52
50
42
108
94
38
8
116
43
3
109
1
44
135
121
56
80
22
102
52
117
138
71
125
65
82
132
45
126
78
130
99
28
20
19
141
96
49
5
107
44
90
83
69
113
7
114
77
13
128
17
8
98
33
93
28
40
115
61
11
84
111
62
16
68
133
118
64
13
80
105
49
103
137
126
100
19
108
140
46
58
17
70
72
27
76
91
48
140
4
88
11
134
95
30
93
27
3
98
130
35
47
1
122
7
73
15
123
9
86
85
21
59
51
75
67
143
39
22
99
33
55
141
57
12
41
78
106
100
113
110
45
70
139
79
26
105
74
23
143
71
120
29
144
14
39
10
32
112
34
69
72
18
82
31
127
131
15
120
124
87
139
89
54
60
43
142
115
25
59
84
129
79
47
18
74
2
53
36
25
12
50
64
127
96
73
112
63
23
37
111
10
61
38
58
9
66
138
114
62
91
30
41
63
144
14
86
20
65
16
81
29
122
131
142
85
117
101
2
87
101
110
104
94
137
60
118
132
31
55
6
92
6
77
121
95
92
46
133
136
53
40
90
124
26
125
36
54
68
32
107
51
109
76
5
34
103
42
56
66
119
24
97
1
2
3
15
14
26
25
37
38
39
40
52
51
63
75
74
62
50
49
61
73
85
97
109
110
122
121
133
134
135
136
137
125
113
112
124
123
111
99
100
101
89
88
76
77
78
90
102
114
126
127
115
116
104
103
91
79
80
92
93
105
117
118
130
142
143
144
132
131
119
120
108
96
84
72
71
83
82
70
58
57
69
68
67
66
65
64
52
53
54
55
56
44
43
31
30
42
41
29
17
18
19
20
32
33
21
9
10
22
34
35
23
24
12
11
10
9
8
7
6
5
4
16
28
27
39
51
63
64
65
77
76
75
87
86
98
97
109
110
111
112
113
114
115
116
128
140
141
129
117
118
106
107
95
94
82
81
69
70
58
46
45
57
56
55
43
44
45
46
47
48
60
59
47
59
60
72
71
83
84
96
108
120
132
144
143
142
141
140
139
138
126
125
124
123
122
121
133
134
135
136
137
138
139
127
128
129
130
131
119
107
95
94
106
105
93
81
80
68
67
66
78
79
91
92
104
103
102
90
89
101
100
88
87
99
98
86
85
73
74
62
61
49
50
38
26
27
28
40
41
53
54
42
30
29
17
18
19
31
32
33
34
35
36
48
36
24
12
11
23
22
21
20
8
7
6
5
4
16
15
3
2
1
13
14
13
25
37
144
143
131
119
120
108
96
84
83
82
81
80
68
67
55
56
44
32
31
43
42
54
66
65
53
52
51
63
62
61
73
85
97
109
110
111
112
113
125
137
136
124
123
122
134
133
121
109
97
98
86
74
75
76
64
52
40
39
27
28
16
17
18
19
7
6
5
4
3
15
14
2
1
13
25
37
49
50
38
26
27
39
51
63
64
76
88
87
99
100
101
102
90
91
79
78
77
89
88
100
101
113
114
115
116
128
127
126
138
139
140
141
129
130
142
141
140
128
116
117
118
106
94
95
107
108
96
84
72
71
70
69
57
45
46
34
35
36
48
47
59
60
48
36
24
12
11
23
22
10
9
8
20
21
33
32
31
30
29
41
42
43
44
56
55
67
79
91
103
104
105
93
105
104
92
93
92
80
68
69
81
82
94
106
118
117
129
130
142
143
131
132
144
132
120
119
107
95
83
71
72
60
59
58
70
58
57
45
46
47
35
23
24
12
11
10
22
34
33
21
9
8
20
19
7
6
5
17
18
30
29
41
40
28
16
4
3
15
14
2
1
13
25
26
38
37
49
50
62
61
73
85
86
74
75
87
99
98
110
122
121
133
134
135
136
135
123
111
112
124
125
137
138
139
127
126
114
115
103
102
90
78
66
54
53
65
77
89
89
98
6
104
21
28
13
7
114
58
84
87
52
111
82
119
110
38
87
94
115
122
132
139
88
47
123
8
57
14
37
11
122
124
76
105
140
2
45
7
46
128
56
109
19
116
39
38
43
124
130
59
69
123
100
74
134
99
23
115
142
93
28
112
23
31
53
31
69
93
45
68
125
118
16
30
132
47
73
51
15
20
35
75
129
70
137
66
108
82
71
80
104
48
56
75
78
136
99
36
22
30
14
107
133
131
25
21
72
12
34
94
18
113
3
100
78
143
98
24
8
35
46
22
109
108
54
101
121
83
4
137
133
26
90
26
139
66
85
32
40
76
29
85
117
113
15
127
2
61
84
55
48
50
17
105
121
72
54
90
135
29
131
91
138
3
40
106
41
138
103
117
86
41
19
101
141
50
11
55
10
60
65
95
135
58
144
96
61
144
86
5
120
71
79
143
142
1
13
33
43
77
116
63
92
49
59
34
64
92
60
17
120
74
103
129
70
24
68
88
130
5
25
67
81
36
33
73
83
107
110
114
52
9
136
112
95
91
119
20
126
53
128
6
125
111
57
62
140
39
18
80
106
67
81
126
51
42
141
9
89
102
4
1
79
10
102
16
96
65
63
27
32
77
27
49
37
64
127
12
97
44
44
62
42
97
134
118
54
111
37
14
89
18
108
13
44
129
137
61
133
102
19
91
47
118
72
100
80
141
1
56
69
35
95
120
95
102
65
125
104
43
113
137
17
40
138
108
56
54
82
71
75
33
9
110
109
130
138
93
30
104
29
83
9
5
53
116
60
124
78
34
40
49
71
3
15
127
16
6
135
34
117
81
85
12
72
121
50
143
98
36
62
49
88
139
15
22
103
4
124
125
14
136
86
84
117
57
58
41
136
91
68
132
133
90
16
126
93
113
99
11
75
128
134
123
87
44
10
112
39
139
51
80
119
24
3
106
63
127
143
42
135
12
101
53
97
69
1
121
8
19
4
17
10
77
79
6
47
30
26
97
96
112
140
84
89
42
27
76
73
126
94
101
103
128
100
66
81
5
73
86
59
28
92
8
98
32
106
58
107
131
105
129
70
35
114
46
96
21
115
74
60
48
85
45
110
82
57
109
43
52
23
52
123
59
55
23
77
51
32
39
114
7
115
20
66
55
92
20
37
142
118
18
25
24
90
107
78
144
29
142
11
122
116
27
22
120
130
7
64
83
2
25
2
99
50
46
68
119
31
28
62
65
140
94
21
111
74
48
45
70
38
79
67
76
36
63
64
134
131
144
31
132
38
88
122
41
26
87
61
105
13
33
141
67
