##Rat 8 Day 14
 ##rewards
71
58
124
##Vertices
114
131
98
59
124
115
91
37
19
24
34
86
70
139
29
89
2
12
141
95
54
130
141
2
77
80
51
106
95
11
29
101
97
63
67
72
68
36
130
25
122
30
92
41
31
55
71
89
143
135
112
9
108
58
1
118
83
36
22
40
76
114
23
50
91
60
137
74
93
81
132
73
35
94
104
78
28
5
99
90
3
128
52
87
127
48
72
14
139
42
129
17
82
142
56
23
6
18
71
92
32
76
42
50
15
8
19
124
112
128
116
15
38
109
51
103
26
21
10
85
45
94
138
96
105
116
78
120
122
119
57
125
129
110
49
7
22
6
117
63
18
75
20
12
120
46
66
119
143
97
28
75
104
27
77
14
111
10
137
83
56
85
44
82
39
107
73
48
133
62
101
80
68
1
46
93
144
59
88
47
65
111
138
121
105
11
33
117
38
8
133
53
100
62
123
136
81
61
70
45
102
74
25
64
115
20
37
27
134
35
106
113
39
127
113
32
3
132
79
142
53
136
41
13
44
123
100
84
64
86
99
49
69
87
60
7
126
84
9
31
90
33
66
118
55
67
69
88
126
16
43
30
110
134
21
107
5
61
58
54
96
40
109
4
108
47
17
4
13
24
125
79
57
34
135
102
121
140
16
43
140
144
52
65
131
98
26
103
40
127
71
48
57
116
27
124
86
8
135
3
83
49
68
73
1
27
10
97
17
47
55
28
53
74
87
125
139
64
115
85
128
2
17
37
9
18
68
129
82
102
114
111
130
94
100
81
30
125
107
109
13
18
119
66
106
30
50
110
31
137
140
103
56
126
113
63
25
12
73
4
99
82
98
11
19
141
8
76
48
122
94
32
106
46
71
93
15
1
140
101
60
74
78
7
135
104
35
124
93
132
90
79
11
41
34
130
61
80
79
96
107
65
4
134
95
21
75
105
81
20
23
53
41
96
29
10
67
87
38
121
42
50
132
122
51
13
136
47
33
100
45
22
15
120
128
80
44
89
57
46
3
142
137
127
70
7
25
61
133
91
59
56
54
55
84
77
69
42
5
19
59
14
54
129
126
65
91
134
33
114
139
123
67
37
120
6
117
131
98
119
21
118
111
62
44
144
5
16
23
110
108
112
76
72
6
115
70
121
95
88
35
84
12
112
16
142
105
143
88
77
2
90
92
52
89
99
141
26
14
58
20
52
39
85
75
49
66
62
133
143
39
36
32
104
97
24
138
36
92
63
22
45
83
40
86
34
69
108
43
116
29
24
113
31
102
117
138
64
43
136
123
28
72
109
26
78
118
60
144
103
131
38
9
51
58
101
144
143
131
119
107
108
120
132
144
143
142
141
140
128
116
104
103
115
114
102
90
91
92
80
79
78
66
65
77
76
64
52
51
63
75
74
62
61
49
50
38
37
25
26
27
39
40
28
16
15
14
13
1
2
3
4
5
6
18
19
31
32
20
21
22
23
24
12
11
10
9
8
7
6
5
17
29
30
42
43
55
54
53
41
42
54
66
67
68
69
57
58
59
47
46
45
33
34
35
36
48
60
72
84
83
71
70
82
81
93
105
117
129
130
118
106
94
95
96
84
72
60
48
47
59
71
70
58
46
45
44
56
57
69
81
93
105
104
116
115
127
139
138
126
125
137
136
124
123
135
134
122
121
109
110
111
112
100
88
89
101
113
112
111
99
98
97
85
73
61
49
37
38
39
27
15
14
26
25
13
1
2
3
4
16
28
29
17
18
30
31
19
7
8
20
21
9
10
11
12
24
36
35
23
22
34
33
32
44
43
55
56
68
67
79
80
92
91
103
102
101
100
88
89
90
78
77
65
53
41
40
52
51
50
62
63
64
76
75
87
99
87
86
74
73
85
86
98
97
109
110
122
123
124
125
113
114
126
127
128
129
117
118
106
94
82
83
95
96
108
107
119
120
132
131
130
142
141
140
139
138
137
136
135
134
133
121
133
1
13
14
15
16
4
3
2
1
13
25
37
49
50
51
52
64
63
75
76
77
65
53
54
66
78
79
91
90
102
103
104
116
115
114
126
127
139
140
128
129
141
142
130
118
117
105
106
107
119
131
143
144
132
120
108
96
84
83
71
70
58
59
47
35
23
11
12
24
36
48
60
72
84
96
95
94
82
81
69
68
80
92
93
81
80
79
67
55
43
44
32
20
21
33
45
46
34
22
10
9
8
7
6
18
19
31
30
42
41
40
39
38
26
27
28
29
17
5
6
7
8
9
21
20
19
31
32
33
45
57
56
44
43
42
41
40
52
51
63
62
61
73
74
86
85
97
98
110
109
121
122
134
135
123
111
99
100
101
89
88
87
99
111
112
124
136
137
138
139
140
141
129
117
118
119
131
130
142
143
144
132
120
108
107
106
94
95
83
82
70
71
72
60
59
47
48
36
24
12
11
10
22
23
35
34
46
58
57
69
68
56
55
67
66
54
53
65
64
76
88
100
101
89
77
78
90
91
92
93
105
104
116
128
127
115
103
102
114
113
112
113
125
126
138
137
125
124
136
135
123
122
110
98
86
87
75
74
62
50
38
39
27
28
29
30
18
17
5
4
16
15
3
2
14
26
25
37
49
61
73
85
97
109
121
133
134
133
20
103
23
57
42
97
140
52
84
45
63
30
34
55
67
71
102
104
10
120
62
73
1
116
57
21
72
122
120
50
141
122
48
97
65
69
31
38
41
49
118
60
92
137
1
12
111
81
128
53
14
68
119
4
44
66
111
140
51
77
127
89
85
47
134
41
43
23
11
108
136
10
12
139
117
24
2
78
18
129
36
35
84
59
53
124
130
70
51
13
130
40
3
19
34
90
94
49
135
4
75
93
96
46
103
15
123
22
86
9
126
61
107
99
44
135
9
99
88
13
42
105
58
112
50
109
38
5
87
27
2
75
48
40
133
39
109
78
110
101
11
74
69
37
119
25
128
139
26
82
129
45
104
39
64
59
64
114
121
92
96
94
29
106
82
107
87
106
80
141
46
143
100
8
116
35
137
100
77
7
95
79
31
61
24
17
63
102
114
7
28
76
16
33
110
123
60
58
144
3
29
70
83
134
131
5
66
68
73
138
55
125
144
32
65
81
108
54
36
52
101
80
83
22
93
26
89
132
28
56
115
142
74
98
17
21
33
131
76
56
121
95
127
118
15
133
86
71
88
126
125
138
112
8
143
113
14
27
6
136
105
117
37
32
25
115
30
16
62
91
113
72
20
90
54
98
91
132
142
6
18
85
43
47
19
124
79
67
83
60
129
126
117
56
25
137
101
95
127
107
18
135
17
96
142
139
93
47
3
122
39
50
4
44
71
11
98
77
79
41
143
78
96
35
118
59
118
133
10
63
124
84
80
81
82
144
12
143
63
31
19
36
8
7
120
101
3
12
76
20
94
30
26
2
70
23
130
64
10
14
28
128
37
86
102
126
29
94
121
65
87
138
68
21
51
137
58
132
138
5
111
108
27
115
74
113
15
40
136
49
134
28
131
90
131
39
52
128
22
69
13
102
36
44
8
110
62
133
66
55
83
125
100
34
112
109
73
142
114
53
132
105
77
6
84
22
130
27
40
43
57
97
129
1
89
116
92
35
61
93
85
46
57
17
32
68
2
107
103
18
14
89
91
115
62
13
60
15
61
4
38
135
21
136
134
49
140
6
92
125
144
24
65
51
141
112
54
73
97
58
32
26
37
99
41
30
90
31
108
72
119
55
19
1
75
79
87
23
85
11
42
109
104
114
104
67
139
88
59
81
9
123
64
70
53
69
47
66
38
9
71
120
33
54
113
25
127
46
105
42
91
7
116
16
74
111
16
100
33
48
141
45
29
24
88
121
5
50
124
76
78
86
103
45
122
98
48
95
43
119
140
80
75
106
56
110
123
99
20
34
72
106
67
52
117
82
133
134
135
123
122
110
109
97
98
99
100
88
87
75
63
62
74
86
85
73
61
49
37
25
26
14
13
1
2
3
4
5
17
29
28
16
15
27
39
40
41
53
52
64
65
66
54
42
30
18
19
31
32
44
43
55
67
68
56
57
45
33
34
22
10
11
12
24
23
35
36
48
60
72
84
83
71
70
82
94
93
81
80
79
78
77
76
88
89
90
91
92
104
103
115
114
102
101
113
125
126
127
128
116
117
129
141
142
130
118
119
131
132
144
143
142
141
140
139
138
137
136
124
112
111
99
87
75
76
77
65
64
63
51
50
38
37
25
26
27
28
29
30
31
32
20
8
9
21
33
34
46
47
59
58
70
69
81
82
94
106
105
93
92
91
103
104
105
106
107
108
96
95
107
95
96
84
83
71
72
60
48
36
24
12
11
10
9
8
7
6
18
17
16
15
14
13
1
2
3
4
5
6
7
19
20
21
22
23
35
47
59
58
46
45
57
69
68
80
79
78
66
67
55
56
44
43
42
54
53
41
40
52
51
39
38
50
49
61
62
74
73
85
86
98
110
111
112
100
101
89
90
102
114
113
125
126
127
115
116
117
118
119
120
108
120
132
144
143
131
130
129
128
140
139
138
137
136
124
123
135
134
133
121
122
121
109
97
12
24
23
22
10
9
8
7
19
31
43
55
54
66
65
53
52
51
63
64
76
77
78
90
89
101
113
114
126
138
139
140
141
142
130
118
106
94
95
96
108
107
119
131
132
144
143
142
141
129
128
127
115
103
102
101
100
112
111
99
98
86
74
62
61
73
85
97
109
110
122
121
133
134
135
136
137
125
124
123
111
112
113
114
102
103
104
116
117
105
93
81
80
68
67
79
91
92
104
105
93
94
82
70
58
59
71
83
84
72
60
48
47
35
36
48
60
59
58
46
34
33
32
20
21
9
8
7
6
18
30
42
41
40
28
27
15
3
4
16
17
5
4
3
2
1
13
14
26
25
37
49
50
38
39
51
63
75
87
88
76
64
52
53
65
66
67
68
69
57
45
44
45
57
56
44
56
55
54
42
43
31
32
33
34
46
47
35
36
24
23
11
12
11
10
22
21
20
19
18
6
5
17
29
30
29
41
40
28
16
15
14
2
1
13
25
26
27
39
38
37
49
50
62
61
73
85
86
74
75
87
88
100
99
98
97
109
110
122
121
133
134
135
123
124
136
137
125
126
138
139
140
128
127
115
116
117
129
130
131
143
144
132
120
108
120
119
118
106
107
95
96
84
72
71
83
82
70
69
81
80
79
78
77
89
90
91
92
59
44
66
26
59
103
38
131
137
144
42
29
34
21
128
10
105
77
92
80
111
9
7
102
41
8
81
98
137
82
115
8
130
72
125
5
121
69
66
100
71
99
101
46
104
112
37
111
56
88
49
62
41
48
114
89
9
92
124
44
10
40
127
84
73
79
96
98
129
33
133
65
68
15
77
75
32
100
6
36
67
38
53
101
43
23
56
115
55
60
52
46
135
15
17
63
24
51
17
110
52
118
61
138
64
65
91
126
90
69
76
142
126
25
18
4
80
76
70
110
3
132
11
97
94
55
129
136
123
134
19
47
62
84
11
114
53
50
58
105
2
93
112
34
131
125
107
81
12
35
27
123
16
91
78
117
39
143
21
3
31
122
18
96
57
117
14
33
140
85
122
63
141
106
109
116
68
26
130
51
134
79
43
104
42
103
28
138
113
39
99
13
83
54
106
49
78
133
29
40
2
95
6
94
118
113
1
116
20
24
22
45
119
30
86
82
31
143
127
124
13
128
30
87
19
16
119
14
108
139
28
102
61
108
64
72
120
75
36
57
121
7
83
109
70
90
22
73
136
37
48
71
74
23
140
35
25
141
95
60
74
4
93
97
20
89
12
54
45
139
135
5
87
32
85
86
58
27
88
144
47
120
1
50
67
142
107
132
68
71
76
133
35
82
6
98
67
121
104
134
78
63
93
84
14
84
52
51
72
94
5
57
1
37
10
22
30
90
135
140
37
36
128
111
131
101
44
73
66
38
100
124
11
18
92
46
79
120
75
23
120
53
107
35
56
15
118
28
136
76
137
144
30
90
33
80
55
6
135
142
34
126
8
7
117
65
127
4
8
123
24
31
14
132
91
29
5
28
72
139
63
87
13
85
77
80
144
78
55
114
34
65
96
3
54
39
141
129
56
106
60
95
82
130
32
33
89
25
21
132
96
105
122
2
122
95
49
108
23
121
60
97
27
110
29
130
103
74
143
27
2
88
126
140
87
64
25
68
26
118
104
88
109
11
75
59
69
12
71
99
100
133
45
139
53
17
131
67
98
47
77
74
45
41
127
10
119
106
86
142
83
62
47
81
54
20
38
125
58
97
123
83
138
136
15
110
94
22
9
69
43
31
42
50
32
119
92
113
39
141
114
24
19
62
1
101
86
4
48
89
52
70
13
21
61
105
85
93
59
91
115
117
58
16
40
36
103
107
18
9
108
102
19
112
137
49
61
116
124
41
42
26
115
16
7
134
48
20
102
43
64
116
109
112
40
17
66
50
143
3
99
70
44
12
111
46
113
129
51
57
73
81
138
79
128
125
133
134
122
110
109
97
85
73
74
75
76
77
65
66
54
53
41
29
30
42
43
55
67
68
56
57
58
70
71
72
84
96
108
120
119
118
117
116
128
140
141
129
130
131
143
144
132
120
108
107
95
83
82
81
69
57
45
46
34
33
21
20
19
18
6
7
8
9
10
22
23
11
12
24
36
48
60
59
47
35
34
46
58
70
69
81
93
94
106
105
104
103
91
90
78
79
80
92
93
105
104
116
115
114
113
125
126
127
139
138
137
136
124
123
135
136
137
125
113
112
111
99
87
86
98
97
85
73
61
62
63
64
52
40
39
27
26
25
37
38
50
49
37
25
13
1
2
14
15
3
4
5
17
16
28
29
30
31
32
44
43
42
41
53
54
66
78
90
102
101
100
88
100
101
89
88
89
77
65
64
76
75
87
99
111
112
124
123
135
134
122
121
133
121
109
110
98
86
74
62
61
49
50
51
63
51
52
40
39
38
26
14
13
1
2
3
15
27
28
16
4
5
17
18
6
7
8
20
19
31
32
44
45
33
21
9
10
22
23
11
12
24
36
35
47
48
60
59
71
72
84
96
95
83
82
94
106
107
119
131
132
144
143
142
141
142
130
118
117
129
128
140
139
138
126
127
115
114
102
103
91
79
67
55
56
68
80
92
1
2
14
26
25
37
49
61
73
85
97
109
110
98
99
100
88
89
101
113
114
126
138
139
140
128
129
141
142
130
131
143
144
132
120
108
107
106
105
93
92
104
116
117
118
119
120
108
96
95
94
82
81
80
79
91
103
102
90
78
77
76
64
63
75
87
86
74
62
50
51
52
40
28
29
17
5
6
18
19
7
8
20
21
9
10
11
23
35
36
48
60
72
84
83
71
59
47
46
45
44
43
31
32
33
34
22
10
9
8
7
6
5
4
3
15
16
28
27
39
38
37
49
50
51
63
64
65
66
67
55
54
42
30
18
19
20
21
22
34
33
32
31
43
44
56
57
58
70
69
68
80
79
78
77
76
88
100
112
111
123
122
134
135
136
124
125
137
138
139
127
126
125
137
136
124
123
135
134
133
121
133
121
122
110
109
97
85
73
61
62
74
75
87
86
98
99
111
112
113
101
89
90
102
114
115
127
128
140
141
129
117
116
115
103
91
92
104
105
106
118
130
142
143
144
132
131
119
107
95
96
84
72
71
83
82
94
93
81
69
70
58
59
60
48
36
24
12
11
12
24
23
35
47
46
45
57
56
68
67
55
54
66
65
53
41
40
39
38
26
27
15
14
13
25
13
1
2
3
4
16
17
29
30
42
41
53
52
