##Rat 2 Day 12
 ##rewards
18
29
107
##Vertices
79
35
23
24
72
7
94
111
97
6
10
51
116
139
45
122
87
103
133
137
37
16
75
37
144
124
18
135
74
43
28
74
104
61
14
116
42
15
126
82
1
66
59
82
100
105
25
85
68
126
95
22
65
36
89
11
67
121
110
27
43
142
13
41
72
113
102
95
19
85
57
44
9
18
65
42
119
32
93
49
53
70
55
26
20
20
12
140
56
40
132
142
106
49
68
109
56
39
115
5
114
55
29
122
51
125
98
3
144
33
39
66
6
107
64
117
2
121
100
135
46
87
28
119
134
113
134
38
50
96
114
86
64
31
103
4
83
81
88
131
75
127
24
14
73
130
36
78
54
61
91
11
101
62
13
115
8
9
4
25
133
8
110
138
127
131
141
71
97
123
93
53
106
76
143
69
76
52
128
125
141
30
84
5
32
80
17
70
84
48
130
17
60
48
96
117
52
137
120
118
33
10
89
120
34
108
143
83
69
60
58
16
99
104
29
80
91
92
71
139
45
98
78
73
63
47
54
118
129
15
57
132
77
12
31
3
35
79
129
136
94
109
19
34
128
86
102
107
7
90
67
81
50
136
90
26
63
30
21
101
111
124
59
62
40
138
23
46
21
44
92
88
58
123
2
105
99
27
77
1
108
112
140
47
41
38
112
22
91
66
131
38
113
38
13
110
23
16
132
87
69
37
136
117
114
108
26
103
58
64
109
95
141
87
82
70
31
132
57
103
48
34
129
102
141
54
18
120
15
143
108
136
4
107
50
42
37
125
34
47
62
140
91
6
85
104
14
119
72
52
90
40
65
100
23
131
75
68
28
129
138
24
71
104
9
43
8
1
63
5
92
134
88
73
2
19
13
21
20
5
100
98
59
142
12
97
78
29
17
12
22
54
70
92
126
50
51
111
79
42
137
29
15
95
7
120
116
35
84
130
41
30
30
98
93
26
130
67
55
31
45
80
121
81
83
53
122
66
57
143
140
127
77
27
80
115
39
135
33
45
21
125
61
79
75
20
76
67
18
61
74
85
86
96
44
60
144
65
32
128
94
33
17
139
127
43
123
39
133
63
123
27
107
112
124
72
81
142
51
101
106
97
46
96
19
47
9
69
71
114
101
46
35
121
126
137
115
53
135
77
83
118
90
139
88
73
58
10
24
76
119
11
6
106
133
36
7
4
41
93
116
11
99
124
55
86
105
99
8
59
110
52
102
44
28
25
109
3
64
94
74
68
138
32
22
117
60
3
89
14
49
49
82
56
1
84
105
48
36
10
144
62
128
134
112
113
56
78
16
2
89
25
118
122
111
40
133
121
109
97
98
110
111
123
122
134
135
136
137
138
126
125
113
112
124
136
137
125
113
114
115
127
128
116
117
129
141
140
139
138
126
114
102
103
91
79
78
77
76
64
63
51
52
40
39
27
28
16
15
14
26
25
13
1
2
3
4
5
6
7
8
9
10
11
12
24
36
35
23
22
34
46
45
57
69
68
56
55
54
53
65
66
67
55
43
44
32
20
21
33
32
31
30
29
41
42
43
31
19
18
17
5
4
16
28
27
39
38
37
49
61
62
50
51
63
75
87
86
85
73
74
75
76
88
100
101
89
90
102
103
104
92
80
81
82
70
71
83
84
96
95
94
93
105
106
107
108
120
119
131
130
142
143
144
132
120
108
96
84
72
60
59
58
70
69
68
67
66
54
53
65
64
52
40
41
42
30
29
17
18
6
7
19
20
8
9
21
33
45
44
56
57
58
59
47
48
36
24
12
11
10
22
23
35
34
46
47
48
60
72
71
83
95
94
82
81
93
105
106
107
119
118
117
118
130
131
132
144
143
142
141
129
128
140
139
127
115
116
104
92
80
79
91
90
78
77
89
101
100
112
124
123
135
134
133
121
122
110
109
97
85
73
61
49
37
25
13
1
2
3
15
14
26
38
50
62
74
86
98
99
111
99
87
88
1
2
3
4
16
15
27
26
14
13
25
37
49
61
62
50
51
39
38
37
49
50
51
63
75
74
86
87
99
98
97
85
73
61
62
63
64
76
77
78
66
54
42
43
31
32
44
45
33
34
46
47
35
23
22
10
11
12
24
36
48
60
72
84
96
108
120
132
144
143
142
130
131
119
118
117
105
104
103
91
92
80
68
56
55
67
79
80
81
93
94
95
107
106
94
82
70
58
57
69
81
82
83
71
59
60
48
47
46
34
33
21
9
8
7
19
20
32
31
30
29
17
5
6
18
30
42
41
40
52
53
65
64
76
88
89
90
102
114
115
127
126
138
137
125
113
101
100
112
124
136
135
123
122
110
109
121
133
134
135
136
137
138
139
140
128
116
115
103
91
79
67
68
56
55
43
44
45
57
69
70
58
59
71
72
84
83
95
96
108
107
106
105
93
92
104
116
128
129
141
142
143
144
132
120
119
131
130
118
117
129
141
140
139
127
126
125
113
114
102
101
100
112
124
123
111
99
111
110
122
134
133
121
109
97
98
86
85
73
74
75
87
88
89
90
78
77
65
66
54
53
52
40
39
38
26
25
13
1
2
14
15
3
4
5
6
7
8
9
10
11
12
24
36
35
23
22
21
20
19
18
17
16
28
27
28
29
41
93
92
144
107
14
140
141
74
39
19
8
139
125
9
118
122
46
75
128
135
115
138
65
30
84
95
116
114
56
2
7
10
38
25
90
110
56
128
86
69
109
5
59
88
62
144
78
14
21
55
129
38
137
23
36
91
83
134
96
133
52
103
62
143
35
119
15
119
82
127
77
57
100
88
16
17
13
126
91
85
138
12
96
111
1
45
120
48
142
82
64
99
109
28
118
28
47
139
1
63
104
9
124
45
19
43
41
60
10
6
20
54
143
125
92
107
27
101
72
85
108
87
116
16
121
42
84
90
73
131
5
50
67
58
65
94
130
142
122
78
110
4
93
31
11
66
80
63
33
34
24
6
42
77
70
66
81
37
81
18
61
3
4
57
70
36
75
8
132
83
55
68
41
26
26
32
59
106
140
13
108
60
40
123
47
71
137
106
89
105
124
39
24
2
37
30
33
27
97
112
129
126
117
7
71
3
61
72
29
44
51
76
98
115
54
104
134
34
68
25
64
35
99
131
40
94
87
120
103
58
130
89
76
53
101
86
18
141
102
79
53
48
80
79
51
46
69
136
43
112
98
67
132
17
11
113
117
31
12
123
111
127
113
100
21
121
22
133
44
102
49
23
52
114
136
105
49
135
73
97
29
32
50
95
22
74
15
20
130
133
69
104
80
79
91
29
38
51
116
106
93
18
87
31
52
41
129
74
86
111
53
125
42
141
54
142
121
117
134
17
84
12
72
92
132
90
144
124
56
81
62
113
63
136
65
118
59
75
60
6
3
45
114
23
34
103
107
98
66
67
24
129
33
105
81
76
98
115
59
15
49
75
132
49
3
76
101
23
37
113
78
116
130
126
58
94
31
56
5
139
104
127
118
16
109
6
29
14
85
26
54
100
77
88
70
11
5
55
144
143
68
38
36
95
63
110
25
66
20
128
131
134
52
139
1
99
82
9
121
99
120
55
127
95
50
39
44
96
135
14
111
51
46
53
126
85
64
40
11
102
32
77
67
107
109
48
7
119
112
44
41
60
61
136
8
37
64
10
45
125
106
13
47
120
4
87
88
141
101
96
119
97
12
28
123
117
2
19
28
83
33
46
62
48
15
89
103
80
74
138
110
112
35
68
115
114
26
21
92
47
79
124
131
140
22
57
22
137
9
135
16
25
108
70
90
122
40
72
36
4
133
83
58
142
8
71
27
13
27
32
24
86
20
84
94
34
78
2
108
143
57
73
35
42
140
105
69
61
7
19
122
65
123
30
100
50
91
97
21
17
18
89
73
93
43
71
30
82
1
39
137
128
10
43
102
138
12
11
23
35
34
33
45
46
58
59
60
48
36
24
12
11
10
9
21
22
10
9
8
7
6
5
4
3
2
1
13
25
26
14
15
27
28
16
17
18
30
29
41
42
54
55
67
66
65
77
89
90
78
79
91
103
115
116
128
127
126
138
139
140
141
129
117
118
106
107
95
83
82
94
93
105
104
92
80
81
69
57
56
68
69
70
71
72
84
96
108
120
119
131
130
142
143
144
132
120
108
96
84
72
60
48
47
59
58
57
45
44
32
31
43
42
41
53
52
51
50
49
61
62
63
75
76
88
87
99
100
101
113
112
124
123
122
110
109
121
133
134
135
136
137
125
113
114
102
103
104
92
80
68
56
55
54
53
65
64
52
40
39
38
37
49
61
73
85
86
74
75
87
99
100
101
102
90
91
79
67
66
78
77
89
88
76
64
63
51
39
40
28
29
30
31
43
44
32
33
34
46
47
35
36
24
23
22
21
20
19
20
8
7
19
18
6
5
17
16
4
3
2
1
13
14
15
27
26
25
37
38
50
62
74
73
85
86
98
97
98
97
109
110
111
112
111
123
122
121
133
134
135
136
124
125
137
138
139
127
126
114
115
116
128
129
130
118
117
105
106
94
93
81
82
70
71
83
95
107
119
131
132
144
143
142
141
140
144
132
131
130
118
106
105
117
116
128
140
141
142
143
144
132
120
108
107
119
120
108
96
84
72
60
48
36
24
12
11
10
22
23
35
34
46
47
59
71
70
58
57
69
68
80
79
67
55
54
53
65
66
78
77
76
75
87
86
74
62
61
73
85
97
98
99
111
112
124
125
126
114
113
101
100
88
89
90
102
103
104
92
91
103
115
127
139
138
137
136
135
123
122
110
109
121
133
134
135
136
137
138
139
140
141
129
128
116
104
105
93
94
82
81
69
57
56
44
32
20
8
7
19
31
30
42
41
29
28
40
52
51
39
38
26
14
15
3
2
1
13
25
37
49
50
51
63
64
76
88
89
90
91
92
80
68
56
55
43
44
45
33
21
9
8
7
6
5
17
18
30
29
28
40
52
64
65
77
78
79
67
66
54
53
41
42
43
31
32
33
45
46
58
70
82
81
93
94
106
118
117
129
130
142
143
131
119
107
95
83
95
96
84
83
71
72
60
59
47
48
36
24
12
11
23
35
34
22
10
9
21
20
19
18
6
5
17
16
4
16
4
3
15
27
39
27
26
14
2
1
13
25
37
38
50
49
61
73
74
62
63
75
87
86
98
110
111
99
100
112
113
101
102
114
115
127
126
125
124
123
122
134
133
121
109
97
85
79
121
124
105
47
115
124
130
132
100
127
108
31
63
114
40
97
28
74
73
131
57
58
13
2
110
60
60
98
83
136
109
10
8
129
95
18
26
37
16
48
24
16
38
19
114
41
113
69
98
109
11
103
89
1
39
34
102
86
6
46
88
122
141
111
89
123
101
64
104
91
64
50
116
62
56
100
14
67
133
65
15
86
107
92
56
27
78
44
139
143
138
132
2
84
138
80
117
51
34
57
99
5
61
134
4
87
54
47
39
133
17
78
79
58
117
93
110
82
33
25
73
81
9
75
68
59
76
82
46
31
36
119
42
9
80
104
120
81
144
30
129
118
24
113
115
107
36
3
27
119
52
68
62
25
90
106
136
20
5
42
55
20
10
83
144
21
23
35
7
125
4
99
135
23
6
91
69
85
15
122
72
125
71
49
84
28
143
26
66
127
118
93
95
1
76
94
96
40
50
59
92
108
88
90
128
137
33
12
32
137
22
130
44
48
19
112
8
106
85
126
102
30
139
72
35
142
97
37
41
13
112
52
94
135
55
70
53
74
67
61
49
126
11
70
51
38
21
142
134
14
121
87
77
128
116
75
18
45
131
96
77
101
123
66
43
3
63
43
7
105
12
111
32
54
65
53
17
71
140
22
141
29
45
29
140
103
120
60
9
104
66
51
11
65
112
140
100
116
75
132
83
37
36
71
129
135
122
63
73
128
92
58
55
59
42
6
87
132
107
51
67
38
113
125
134
104
17
84
97
45
95
99
58
117
79
105
41
79
25
7
121
86
69
126
103
74
32
55
8
52
54
29
139
27
5
85
74
20
131
17
142
100
45
40
85
43
21
143
28
111
30
118
49
2
36
84
120
16
3
88
33
108
1
42
141
113
46
139
86
108
77
119
73
92
61
10
80
19
90
120
83
47
88
38
57
81
20
143
133
70
72
138
124
31
82
93
24
136
23
76
119
18
102
23
91
97
25
140
59
18
137
40
117
123
129
107
106
14
128
144
96
124
35
69
70
56
53
1
99
125
2
94
13
112
22
93
138
94
34
49
130
21
44
39
137
68
14
109
43
71
39
9
131
6
12
50
81
3
101
130
95
29
75
26
121
19
78
101
48
67
106
64
24
22
127
34
77
111
15
135
80
98
53
89
12
4
116
115
110
37
144
66
57
15
61
4
50
89
16
114
33
63
62
115
103
122
5
11
90
123
60
134
7
26
109
62
65
127
46
48
118
47
64
52
96
10
142
126
35
56
133
13
32
91
102
78
141
110
27
8
87
41
98
30
72
28
76
136
68
44
82
114
31
54
105
133
134
122
110
111
99
87
88
89
101
113
114
126
138
137
125
124
136
135
123
111
112
100
99
98
97
85
73
74
62
61
49
50
51
39
38
26
14
15
3
4
16
17
5
6
18
19
31
30
42
43
44
32
20
21
9
10
22
34
33
45
46
58
59
47
48
60
72
71
70
69
81
82
83
84
96
95
107
108
120
119
131
130
142
143
144
132
120
108
96
84
72
60
48
36
35
23
24
12
11
10
9
8
7
6
5
4
3
2
1
13
25
37
49
61
73
85
86
74
75
63
64
52
40
28
27
15
16
17
29
41
53
65
77
76
64
65
66
67
79
78
90
102
103
91
92
93
94
106
105
104
116
128
140
141
129
117
118
119
107
95
83
71
59
58
57
56
68
80
79
91
92
104
116
115
127
128
140
139
138
139
127
126
114
115
103
102
90
78
66
67
68
80
81
93
105
117
129
141
142
143
144
132
131
130
118
106
94
82
70
69
57
45
46
47
35
36
24
12
11
23
22
34
33
21
20
8
7
19
18
30
42
43
31
32
44
56
55
54
55
54
53
52
51
39
40
41
29
28
27
26
14
2
1
13
25
37
38
50
62
63
75
87
88
76
77
89
101
100
112
113
125
137
136
124
123
135
134
133
121
122
110
109
121
109
97
98
86
1
13
14
15
27
28
29
41
53
52
51
63
62
61
49
50
38
37
25
26
27
39
40
28
16
4
5
6
18
19
7
8
20
32
33
21
22
23
35
36
48
47
59
60
72
71
83
82
70
69
81
93
94
95
107
108
120
119
118
106
105
117
116
128
129
141
140
139
127
115
103
102
114
126
138
137
125
124
136
135
123
122
110
109
121
133
134
135
136
137
138
139
140
141
142
130
131
143
144
132
120
108
96
84
72
60
48
36
24
12
11
10
9
8
7
6
5
17
18
30
31
43
44
45
46
34
35
47
59
58
57
56
55
54
42
43
55
67
79
78
66
65
64
76
77
89
101
113
112
100
88
87
86
85
97
98
99
111
123
124
125
126
127
128
116
104
92
91
90
78
77
89
88
87
75
74
86
85
73
61
73
74
62
63
75
76
64
65
66
67
79
91
90
102
101
100
99
98
97
109
121
133
134
122
110
111
112
113
114
115
103
104
105
117
129
130
142
143
144
132
131
119
118
106
107
95
96
84
83
71
70
69
81
82
94
93
92
80
68
80
68
56
44
32
33
45
57
58
46
34
22
23
24
12
11
10
9
21
20
19
31
30
29
41
42
54
53
52
40
39
51
50
49
37
38
26
25
13
1
2
14
15
3
2
3
4
16
17
