##Rat 3 Day 20
 ##rewards
127
116
38
##Vertices
75
34
92
5
112
34
52
71
143
101
49
27
33
53
128
27
94
90
108
144
6
91
137
64
91
8
131
22
103
38
122
109
11
83
93
136
68
104
9
42
14
30
74
62
77
33
105
1
61
104
140
55
32
51
41
40
8
43
135
82
76
144
89
94
80
61
132
23
20
53
127
66
26
17
14
10
123
16
54
122
52
26
119
103
92
90
24
113
18
68
124
42
32
102
16
134
108
97
117
99
57
44
141
3
23
116
138
117
13
138
76
60
39
84
36
115
60
45
98
1
81
59
5
125
40
120
88
45
97
73
4
87
41
31
111
10
98
25
66
62
58
93
95
11
130
74
18
106
109
89
46
50
106
107
20
28
131
113
100
63
46
54
64
75
70
28
78
142
48
118
115
81
132
112
136
58
56
118
51
119
31
65
6
110
85
69
134
37
25
65
86
121
73
121
13
96
21
123
114
71
19
129
137
37
38
99
15
111
133
114
83
125
135
55
57
120
47
49
79
59
130
142
105
29
88
126
102
63
12
126
30
133
72
140
110
48
70
24
12
29
7
128
80
9
124
35
7
22
143
77
17
4
95
127
86
78
84
100
39
139
19
69
36
101
67
2
44
3
96
50
15
116
67
87
21
35
2
82
43
72
107
85
79
47
141
129
139
56
67
124
81
138
98
139
108
91
87
10
6
84
39
93
74
12
33
95
30
61
119
45
137
98
121
4
106
35
84
14
82
63
85
118
89
16
50
31
77
126
41
66
19
43
73
17
56
57
133
113
63
70
82
42
15
53
29
38
102
22
20
130
92
134
28
2
101
83
52
68
12
135
132
32
26
83
105
131
96
8
11
5
23
93
92
62
42
39
33
139
127
143
23
132
67
61
80
51
47
34
2
105
138
58
57
48
46
101
28
18
44
129
65
80
64
113
142
111
31
137
3
78
59
50
55
6
4
13
75
52
114
127
123
45
88
110
136
37
79
102
14
64
53
5
40
74
1
24
58
27
120
7
86
56
54
66
79
122
85
51
123
60
140
144
103
122
62
48
141
97
41
126
73
25
9
24
68
128
34
17
77
104
117
69
71
111
49
26
99
115
142
97
134
30
94
40
75
76
19
7
117
78
32
103
37
99
70
116
22
49
120
144
107
55
10
100
87
112
3
143
129
72
140
107
125
13
54
72
8
121
38
114
1
100
43
116
36
141
15
135
27
44
35
110
21
130
119
133
76
47
9
95
90
104
71
86
128
81
136
131
69
29
96
59
21
106
18
109
36
125
11
94
90
124
88
89
20
112
115
46
108
109
118
60
65
16
91
25
1
13
25
37
49
50
51
63
62
61
73
74
75
76
77
65
64
52
40
39
38
26
14
2
3
15
27
28
29
17
5
4
16
28
29
30
31
43
42
41
53
54
55
67
66
78
79
91
103
104
105
93
92
80
81
82
94
95
83
84
96
108
120
119
107
106
118
117
129
141
142
143
131
130
142
141
140
128
116
115
127
126
125
124
136
137
138
139
140
128
129
117
116
104
105
106
94
82
70
71
72
60
48
47
59
58
46
45
44
56
68
69
57
45
33
32
20
19
18
6
7
8
9
21
22
10
11
23
24
36
35
34
33
32
44
43
42
41
40
52
51
63
64
76
88
100
112
113
114
102
90
89
101
113
112
111
99
87
86
98
97
109
110
122
121
133
134
135
123
111
99
98
110
109
121
133
134
122
123
135
136
124
125
137
138
139
127
126
114
115
103
91
92
93
81
80
68
56
55
67
79
78
66
54
53
65
77
89
90
102
101
100
88
87
75
74
86
85
97
85
73
61
62
50
49
37
25
26
38
39
27
15
14
13
1
2
3
4
16
17
5
6
18
30
31
19
7
8
20
21
9
10
22
23
35
34
46
47
59
58
57
69
70
71
83
95
107
119
118
130
131
132
144
143
144
132
120
108
96
84
72
60
48
36
24
12
11
12
133
134
135
136
137
125
113
114
126
138
139
127
115
103
91
90
102
101
100
112
124
123
122
121
109
110
111
99
87
86
85
97
98
99
87
75
63
64
76
88
89
77
65
66
78
79
67
68
69
57
45
44
56
55
43
31
32
20
19
7
8
9
10
22
21
33
34
46
47
48
36
24
23
35
36
48
60
59
58
70
71
83
95
107
108
96
84
72
60
59
47
46
58
57
45
33
32
31
30
18
6
5
4
16
17
29
28
40
52
53
54
42
41
40
39
51
50
62
74
73
61
49
37
38
26
25
13
14
2
3
15
27
39
51
52
64
76
88
100
101
113
114
102
103
104
105
106
94
82
81
80
92
93
94
106
118
117
116
128
129
141
142
130
131
143
144
132
120
119
118
117
129
130
142
143
144
132
131
119
120
108
107
95
96
84
72
71
83
82
70
69
68
56
44
43
55
54
53
65
66
67
79
78
77
89
90
91
92
80
81
93
105
104
116
115
127
128
140
141
140
139
138
126
125
137
136
135
123
124
112
111
110
122
134
133
121
109
97
98
86
85
73
74
75
63
62
61
49
50
38
37
25
26
14
15
27
28
16
17
29
41
42
30
18
19
20
21
22
34
35
23
11
12
24
12
11
10
9
8
7
6
5
4
3
2
1
13
1
8
29
122
16
64
117
135
133
61
127
113
105
137
62
59
60
7
112
32
126
84
99
49
97
51
94
50
82
36
27
103
18
18
100
108
91
23
121
141
128
96
106
14
4
143
5
7
87
119
139
19
47
38
132
98
33
67
98
125
102
1
39
52
72
109
17
72
87
86
71
82
73
6
102
112
51
62
10
11
37
68
128
142
39
129
115
81
33
3
45
129
93
144
69
36
95
66
92
89
123
70
75
57
35
110
141
26
55
74
40
89
124
26
8
123
34
30
93
27
60
44
130
119
20
76
35
9
138
78
37
132
24
111
96
1
95
80
91
83
110
104
90
114
135
79
40
23
43
103
28
142
121
92
58
63
118
30
25
56
19
116
28
65
71
53
2
74
107
83
84
11
13
115
77
22
114
12
20
139
140
77
29
131
101
22
134
42
12
52
104
113
41
126
21
99
44
38
24
67
34
63
65
10
136
86
125
3
47
122
88
16
78
15
58
76
130
66
13
25
57
56
31
79
17
143
68
117
124
64
9
90
46
97
70
134
43
45
6
118
46
4
14
120
108
61
133
69
59
2
53
32
80
140
15
54
94
106
88
101
41
48
100
42
48
54
105
109
120
75
31
127
85
116
73
55
137
21
131
85
111
107
5
81
50
49
138
144
136
40
136
87
57
75
37
49
11
114
33
91
88
8
34
104
44
50
121
83
117
7
80
52
3
60
76
75
49
62
54
5
115
102
120
78
137
31
14
125
63
126
129
97
51
53
116
73
22
14
65
70
22
111
39
16
113
12
98
44
55
89
20
124
66
127
74
41
77
143
4
72
24
117
123
48
122
134
18
52
85
13
141
105
58
136
128
87
25
17
57
112
71
68
90
83
118
143
6
6
86
20
106
53
60
41
35
107
88
2
30
24
48
15
42
31
12
29
99
61
27
54
81
92
68
21
28
134
85
84
78
46
96
72
124
140
74
133
110
73
39
144
7
108
109
13
122
116
1
106
100
25
9
112
118
77
123
42
142
16
103
86
30
62
98
15
58
17
23
32
131
84
105
26
18
64
102
119
76
93
71
51
10
139
64
141
46
101
65
104
138
108
100
110
38
130
138
79
144
63
128
36
95
139
47
34
119
121
43
130
8
40
97
69
94
107
9
109
23
96
140
81
101
131
126
90
32
26
29
120
133
33
95
45
67
59
67
94
142
28
89
3
47
5
38
113
135
27
56
129
99
103
69
19
125
45
82
36
111
35
10
50
11
37
80
19
93
61
55
132
91
59
92
82
43
4
1
66
135
114
2
115
21
132
56
137
79
127
70
12
11
10
9
21
33
32
20
8
7
6
5
4
16
17
29
28
27
39
38
26
14
13
1
2
3
15
27
39
40
41
42
30
31
19
18
6
7
8
9
10
22
23
24
36
48
60
72
84
83
95
96
108
120
132
144
143
142
130
129
141
140
139
138
126
127
128
116
104
92
93
81
82
70
71
59
47
35
34
46
58
57
45
44
43
55
56
68
80
79
78
90
102
114
113
101
89
77
65
64
52
51
50
49
61
73
85
86
87
75
74
62
63
51
52
53
54
66
67
55
43
44
56
57
69
70
82
94
106
107
119
118
117
105
93
94
106
105
104
103
91
90
89
88
76
64
63
75
76
88
100
112
124
123
111
110
109
97
98
99
100
101
113
125
137
136
135
134
122
121
133
121
133
134
122
123
135
136
124
112
111
110
109
97
98
99
87
86
85
73
74
62
61
49
50
38
37
25
37
25
26
14
13
1
2
3
15
16
4
5
17
29
28
40
41
53
65
77
78
79
91
92
80
81
69
68
67
66
54
42
30
18
19
31
32
20
21
22
23
11
12
24
36
35
34
33
45
46
58
59
47
48
60
72
71
83
84
96
95
107
108
120
132
131
119
118
117
129
128
116
115
103
102
114
115
127
126
125
137
138
139
140
141
142
130
131
143
144
144
132
120
108
107
106
94
95
96
84
72
60
48
47
59
58
46
34
33
21
22
23
11
12
24
36
35
34
33
45
57
69
70
82
83
71
72
84
96
108
120
119
131
143
142
141
140
139
138
126
125
137
136
135
134
133
121
109
110
98
97
85
73
61
62
74
86
87
88
89
101
102
114
115
127
128
129
130
118
117
116
104
105
93
81
80
92
91
90
78
66
65
64
63
51
52
53
54
55
43
44
32
20
8
7
6
5
17
29
30
18
19
31
32
44
56
68
67
79
80
81
93
92
104
103
115
114
113
112
124
123
111
99
100
101
113
112
100
88
76
77
65
53
41
42
43
31
30
42
41
40
39
38
26
27
15
3
4
16
28
40
52
51
50
49
37
25
13
14
2
1
2
1
13
14
26
25
37
38
39
27
15
3
4
16
28
29
17
5
6
18
19
7
8
20
21
9
10
9
10
22
23
11
12
24
36
35
47
48
60
59
58
46
45
57
56
55
54
66
78
77
89
90
102
103
91
79
67
68
69
70
71
83
82
94
95
107
119
131
132
144
143
142
130
118
106
105
117
116
128
129
141
140
139
127
126
138
137
125
124
136
135
134
122
123
111
99
98
86
87
75
76
64
63
75
74
62
50
49
61
73
85
97
109
110
122
121
133
79
8
56
25
62
34
15
44
9
102
28
42
103
132
66
104
62
144
61
29
88
95
7
4
133
142
6
133
96
57
90
111
22
32
128
36
109
76
3
16
89
24
142
34
1
51
81
122
139
58
126
26
129
81
41
131
92
91
64
40
73
35
52
93
67
90
82
41
83
122
121
112
11
31
76
108
48
26
144
82
7
12
23
14
143
43
126
127
35
2
78
50
33
47
138
36
14
24
111
60
80
71
125
91
43
44
137
6
97
37
37
3
27
17
77
4
57
123
105
101
28
20
140
19
49
123
66
59
16
25
136
74
75
54
107
67
49
30
116
18
118
95
103
63
33
96
107
129
77
102
32
134
106
94
118
87
135
53
101
19
12
79
104
64
9
141
138
46
54
92
117
74
114
130
27
99
110
65
70
5
141
86
78
13
115
22
5
87
13
84
45
124
70
115
94
131
71
21
73
85
112
58
29
119
100
136
48
1
53
39
21
30
60
20
69
55
45
80
46
47
127
83
113
61
85
100
72
11
38
38
117
89
98
55
65
63
106
99
40
119
59
139
137
31
56
2
135
23
140
39
10
88
50
113
86
51
98
132
116
143
134
105
114
69
121
52
120
97
110
75
42
130
93
68
108
128
15
8
17
109
18
125
120
10
72
84
68
124
137
112
5
70
82
33
53
119
77
49
125
142
29
144
63
43
45
104
90
133
54
94
25
25
105
141
123
101
31
99
89
47
121
26
111
92
46
48
107
32
88
125
65
17
128
129
126
33
47
13
58
19
114
28
144
86
38
94
8
34
15
12
81
12
28
34
100
42
3
68
90
86
5
122
4
76
135
21
70
17
103
38
84
112
117
92
2
13
68
14
127
16
23
138
71
126
73
111
77
117
57
108
52
60
41
85
31
93
36
14
67
40
32
129
85
67
19
119
113
55
130
59
118
62
44
83
6
66
110
22
63
2
66
59
9
51
16
71
75
139
1
143
143
91
88
52
69
122
73
20
121
35
53
97
56
95
74
29
61
23
138
80
11
102
75
21
18
93
78
120
10
72
72
106
101
76
89
43
98
36
10
27
127
133
27
124
87
128
39
4
41
45
74
134
26
113
60
116
105
46
140
58
40
65
64
132
134
3
108
50
62
131
39
1
109
96
132
22
137
115
20
98
18
8
80
114
50
123
124
30
30
37
11
97
91
100
24
95
107
24
120
102
118
115
64
139
110
136
87
103
99
6
81
7
104
116
49
61
83
109
69
51
35
56
48
84
15
106
37
78
130
44
9
42
57
136
140
7
55
82
96
54
141
135
131
79
79
142
144
132
131
130
129
141
142
143
144
132
120
108
96
95
94
93
81
82
70
69
68
80
92
91
79
67
66
54
55
43
42
41
29
30
31
19
18
6
5
17
16
4
3
15
27
28
40
39
38
26
14
2
1
13
25
37
49
61
62
74
75
87
86
98
110
122
134
133
121
109
97
85
73
61
49
50
51
63
64
76
77
65
53
52
64
65
66
78
90
102
101
113
125
124
112
100
99
111
123
135
136
137
138
139
127
126
114
115
103
104
105
106
107
119
118
117
116
128
140
139
138
137
136
124
125
126
114
113
112
100
88
89
101
102
103
104
105
93
94
82
83
84
72
71
59
60
48
47
35
36
24
23
11
10
22
34
46
45
44
56
57
58
46
34
33
21
9
8
7
6
5
4
16
28
27
26
14
15
3
2
1
13
25
37
38
39
51
50
62
63
75
74
73
85
86
98
97
109
121
133
134
135
123
122
110
111
99
87
88
76
77
89
90
78
79
91
92
80
81
69
57
45
44
56
68
67
55
54
53
52
40
41
29
17
18
30
42
43
31
32
33
32
20
19
7
8
20
21
9
10
22
23
35
47
59
58
70
71
83
95
107
106
118
117
116
115
127
128
140
141
129
130
142
143
131
119
120
108
96
84
72
60
48
36
24
12
11
12
1
2
14
26
38
37
25
13
1
2
3
4
5
17
29
41
42
30
31
43
55
54
53
65
66
67
79
80
68
69
81
93
94
82
70
71
83
84
96
95
107
108
120
119
118
106
105
117
129
130
131
132
144
143
142
141
140
139
127
126
114
113
125
124
123
122
121
133
134
135
136
137
138
139
140
128
116
115
103
102
90
91
92
104
103
91
79
78
77
76
88
87
86
98
99
100
112
111
110
109
97
85
73
61
62
74
75
63
64
52
40
28
16
15
27
39
51
50
49
61
73
85
97
98
86
74
75
87
99
100
101
89
88
76
64
52
40
41
29
30
18
6
7
19
20
8
9
21
22
10
11
23
24
36
35
34
33
45
57
56
44
32
33
34
46
47
48
60
72
84
96
108
107
106
118
130
131
119
120
132
144
143
142
141
129
117
116
128
127
115
114
126
138
137
125
124
136
135
134
133
121
109
110
122
123
111
112
113
101
102
90
89
77
78
66
65
53
54
42
43
44
45
57
56
55
67
68
80
92
104
105
93
94
95
83
82
81
69
70
58
46
58
59
71
72
60
59
47
48
36
35
23
22
21
20
32
31
19
18
17
16
28
27
39
51
63
62
50
49
37
38
26
25
13
14
15
3
4
5
6
7
8
9
10
11
12
24
12
