##Rat 7 Day 16
 ##rewards
62
51
129
##Vertices
141
15
31
119
92
80
134
136
131
7
130
142
45
117
96
17
45
39
48
49
24
87
120
125
73
139
46
49
25
132
67
98
61
84
115
27
103
55
47
83
119
91
50
23
54
7
44
57
20
42
39
72
1
31
130
122
89
96
16
12
27
68
97
90
70
76
36
133
22
74
48
6
9
107
69
77
95
41
143
83
52
101
61
29
1
77
102
11
60
42
74
67
95
79
3
18
73
88
57
99
108
129
116
37
81
32
88
41
104
38
111
59
105
13
136
108
131
78
109
120
137
138
28
13
46
52
125
113
4
63
58
51
34
111
44
132
135
121
103
78
35
98
115
55
114
84
8
5
121
36
142
26
24
86
116
85
66
135
47
134
71
128
2
123
72
8
37
14
82
124
93
100
129
64
33
40
123
114
124
14
2
89
97
56
43
82
117
141
127
70
101
86
71
65
79
3
94
139
26
140
34
127
63
68
28
21
43
137
11
51
99
100
60
128
122
62
35
80
85
58
112
5
17
107
109
144
19
112
40
102
21
138
126
94
91
53
59
9
90
92
75
76
140
20
69
106
23
18
143
56
75
133
22
32
10
87
33
12
15
50
66
53
110
144
106
118
65
105
81
16
113
4
6
38
30
25
110
10
30
62
54
104
93
126
19
64
118
29
3
115
3
135
86
80
98
137
101
4
107
138
44
92
138
61
61
124
17
104
41
25
68
119
19
101
39
95
67
129
116
10
50
89
48
20
89
1
103
85
5
55
21
120
16
45
100
109
135
105
97
70
33
99
56
108
14
63
24
13
82
139
46
11
27
106
57
125
139
111
70
118
42
54
81
26
12
82
5
28
73
78
26
9
136
36
62
97
106
140
88
11
46
86
65
2
130
32
22
144
123
104
84
36
34
132
84
73
133
113
18
49
38
76
22
87
79
120
76
44
8
102
136
93
38
14
107
50
15
109
63
35
32
53
62
87
21
31
118
127
119
54
37
47
143
67
95
114
16
37
74
69
6
134
58
6
126
90
51
23
68
83
19
27
49
98
133
43
91
40
58
31
123
102
140
20
131
52
30
132
72
64
66
13
110
24
80
111
96
34
124
71
51
99
122
116
81
47
75
125
90
2
91
57
121
52
129
78
77
10
128
100
71
122
30
121
60
43
12
96
74
127
113
64
23
72
7
53
128
66
77
35
88
7
92
85
28
142
56
9
108
39
29
110
75
69
8
79
17
55
93
105
134
45
4
60
33
114
117
65
103
1
117
94
130
143
142
94
137
25
126
18
42
83
59
131
112
141
141
48
40
112
59
29
41
144
115
15
12
11
10
9
21
20
8
7
6
5
4
3
2
1
13
14
26
25
37
38
39
40
52
53
41
42
30
31
43
55
67
68
69
81
82
70
58
59
47
46
34
35
23
24
36
48
60
72
84
96
95
107
108
120
132
144
143
142
141
129
130
131
119
118
117
105
104
92
91
90
102
103
115
116
128
127
126
125
124
136
137
138
139
140
141
142
130
118
106
94
93
105
106
94
82
83
71
70
69
57
45
44
56
55
54
66
65
77
78
79
80
68
56
57
58
46
45
33
32
44
43
31
19
18
17
29
28
16
15
27
39
51
50
49
61
62
74
73
85
86
98
97
109
110
122
121
133
134
135
123
111
112
113
101
100
88
76
64
63
75
87
99
111
112
100
101
89
88
76
64
52
51
50
49
61
73
74
62
63
75
87
99
98
86
85
97
109
110
122
121
133
134
135
123
124
136
137
125
113
114
102
114
115
127
126
138
139
140
128
129
117
116
104
103
91
92
93
81
80
79
67
66
78
90
89
77
65
53
54
42
30
18
19
20
32
33
34
22
21
22
23
35
47
59
71
83
95
107
119
131
143
144
132
120
108
96
84
72
60
48
36
24
12
11
10
9
8
7
6
5
17
16
4
3
15
14
2
1
13
25
37
38
26
27
28
40
41
29
133
134
135
123
111
99
98
86
74
62
61
73
85
97
109
110
122
121
109
97
85
73
74
75
87
88
76
77
65
66
54
55
56
68
80
79
78
90
102
114
115
116
128
127
139
140
141
142
130
118
117
129
141
140
139
138
137
136
124
112
113
125
126
114
113
101
100
88
89
77
78
66
67
55
43
42
41
40
52
51
50
38
39
27
26
14
15
16
4
5
17
29
30
18
6
7
19
20
32
44
45
33
34
35
36
24
12
11
23
22
10
9
8
7
6
5
4
3
2
1
13
25
37
49
61
62
63
64
65
53
54
42
43
31
32
44
45
46
47
59
71
70
58
57
69
81
82
83
84
96
95
94
93
92
91
103
104
105
106
107
119
131
143
144
132
120
108
96
84
72
60
72
71
83
82
94
95
107
108
120
119
131
132
144
143
142
130
129
117
118
106
105
104
116
128
127
115
103
102
101
89
90
91
92
93
81
80
79
67
68
56
57
69
70
58
59
60
48
36
48
47
46
34
35
23
24
12
11
10
22
21
33
21
9
8
20
19
31
30
18
17
16
28
27
26
14
15
3
2
1
13
25
37
49
50
38
39
40
28
29
41
53
52
51
63
64
76
75
87
99
100
112
111
123
124
125
126
138
137
136
135
134
133
121
122
110
98
86
103
82
128
128
140
55
85
119
24
25
38
49
14
22
95
46
66
63
73
123
123
118
24
27
2
83
87
16
17
106
51
58
122
132
111
68
75
17
69
56
98
36
44
135
14
91
27
70
133
122
141
1
21
58
28
54
84
130
68
26
46
115
107
28
32
139
86
11
141
59
79
84
29
108
134
49
96
102
95
93
137
41
60
42
116
2
126
48
76
1
6
110
133
69
127
29
23
53
7
109
143
131
107
37
138
77
35
43
89
144
77
99
21
62
124
37
18
139
71
50
89
56
45
12
61
108
121
63
10
54
30
48
127
41
9
33
104
6
125
26
9
94
64
13
42
60
105
57
90
4
7
38
90
143
39
40
5
10
13
131
25
34
102
11
103
121
125
76
64
72
75
109
142
126
106
119
32
31
81
136
31
135
132
101
40
78
98
52
94
34
82
117
36
80
35
57
138
73
71
144
67
70
118
136
104
105
85
101
97
80
59
112
62
110
45
20
23
8
33
67
120
100
86
96
47
134
130
116
112
16
74
97
52
55
44
20
129
79
114
91
81
120
137
3
93
65
18
111
15
124
30
3
117
83
19
92
39
92
100
5
129
61
19
47
78
88
74
113
12
50
53
140
114
87
22
113
8
115
15
66
43
142
4
51
88
65
99
72
55
141
132
125
141
132
74
12
70
117
5
71
118
45
116
90
108
7
27
111
38
14
19
100
9
120
95
9
13
77
101
104
129
53
76
89
85
119
133
23
18
134
130
135
93
143
49
33
109
52
42
12
85
79
76
91
69
47
80
144
38
44
139
34
83
11
127
64
140
58
66
130
69
123
40
131
30
138
42
134
31
37
26
61
108
111
15
94
68
10
78
137
106
51
24
90
28
30
104
122
89
86
128
16
124
82
4
5
75
28
114
103
83
48
22
125
98
126
21
136
29
57
129
121
54
84
1
22
102
63
32
66
140
93
86
97
60
115
31
92
52
133
17
62
32
3
110
58
8
25
6
43
65
100
62
110
68
72
2
73
60
95
96
23
96
137
16
44
79
74
88
55
87
120
124
142
82
98
67
78
91
50
49
35
41
119
35
45
81
59
14
61
7
70
57
73
139
87
41
67
94
10
131
107
105
1
126
25
15
116
39
142
56
59
40
122
19
18
29
37
56
84
113
54
92
26
27
105
13
114
11
138
99
117
75
4
8
88
118
135
21
36
47
65
36
106
63
39
127
103
3
97
81
99
20
121
109
77
46
48
101
50
144
20
123
115
112
2
46
107
102
34
6
136
33
128
64
51
72
53
17
71
24
143
43
80
112
113
144
143
142
141
129
128
140
139
138
137
136
135
134
133
121
122
110
109
97
98
99
100
88
89
101
102
114
115
103
91
79
80
81
69
70
82
94
95
107
106
118
119
131
132
120
108
96
84
72
60
59
47
48
36
24
12
11
10
9
21
22
23
35
34
33
45
44
56
55
54
42
43
31
32
20
19
18
17
16
4
5
6
7
8
9
10
22
34
46
58
57
45
46
58
70
71
83
82
81
93
105
104
92
91
90
78
77
65
66
67
68
80
92
93
94
106
105
117
116
104
103
115
127
126
125
113
112
124
123
111
99
87
86
85
73
74
62
61
49
50
38
37
25
26
14
13
1
2
3
15
27
28
29
41
40
52
64
76
75
63
51
39
27
28
40
41
53
52
64
76
88
87
86
85
73
61
62
74
75
63
51
39
38
50
49
37
25
26
14
13
1
2
3
15
16
4
5
17
29
30
42
30
31
19
18
6
7
8
20
21
33
32
44
43
55
56
57
69
68
67
79
78
66
54
53
65
77
89
90
102
114
126
127
128
116
117
118
130
129
130
131
119
107
95
83
71
59
47
35
23
11
12
24
36
48
60
72
84
96
108
120
132
144
143
142
141
140
139
138
137
125
124
136
135
123
122
134
133
121
109
97
98
110
111
112
100
101
113
1
13
14
15
27
26
25
37
49
50
62
61
73
74
75
87
86
85
97
98
99
111
123
122
110
109
121
133
134
135
136
137
125
126
114
113
101
100
88
76
77
65
66
54
53
52
64
63
51
39
40
28
16
17
5
4
3
2
1
13
25
26
38
39
40
41
29
30
42
43
31
19
20
8
7
6
18
30
31
32
44
45
33
34
35
23
22
21
9
10
11
12
24
36
48
47
59
60
72
84
96
95
83
71
70
82
81
93
105
117
118
119
120
108
107
106
94
82
70
58
46
45
57
69
68
56
55
67
79
78
90
102
103
91
92
80
81
93
94
106
118
130
131
132
144
143
142
141
140
139
138
137
136
124
112
100
99
87
88
89
101
102
114
115
127
128
116
104
105
117
129
128
129
130
131
132
144
143
142
141
140
139
138
126
127
115
116
104
103
91
92
80
79
67
68
69
57
56
55
54
42
43
44
32
33
34
46
58
59
71
83
95
107
119
120
108
96
84
72
60
48
47
35
36
24
12
11
23
22
10
9
21
20
8
7
19
18
6
5
17
16
4
3
2
14
15
27
28
29
41
53
65
66
78
90
89
77
76
75
74
62
63
64
52
51
50
38
37
49
61
73
85
86
98
97
109
110
122
121
133
134
135
123
111
112
113
125
124
129
112
140
82
65
36
76
59
110
52
57
61
84
123
43
8
19
115
52
94
102
40
22
64
98
134
116
56
33
11
104
73
98
88
123
78
28
63
70
51
142
109
144
80
27
56
55
45
63
104
112
72
15
18
66
77
122
24
5
139
105
28
26
58
6
138
41
46
101
18
50
66
143
96
90
137
142
84
4
124
13
101
48
121
10
117
72
127
49
102
30
12
119
10
12
35
132
69
133
62
17
120
108
21
24
138
143
23
130
144
39
109
53
88
26
39
1
8
136
105
91
59
107
32
20
95
41
135
73
67
128
114
48
132
133
46
47
114
20
6
30
62
34
2
38
16
81
1
22
126
94
64
108
5
92
2
17
29
15
82
9
33
70
106
81
129
140
103
137
57
86
74
122
120
85
111
93
37
130
100
116
7
125
95
103
58
124
40
38
131
13
118
34
118
121
50
78
76
83
100
119
69
93
19
77
3
113
16
21
92
128
97
79
107
75
71
96
68
9
11
49
113
131
74
37
87
54
53
125
106
43
36
111
134
3
47
35
90
44
89
127
115
25
44
25
61
32
117
65
14
60
42
54
89
86
79
110
7
31
4
85
97
136
91
139
42
126
141
27
60
31
135
55
83
67
14
80
29
99
87
99
71
141
45
51
75
68
23
42
110
60
137
83
139
86
105
16
26
4
25
143
80
138
36
106
69
129
83
95
80
10
111
70
136
84
23
87
18
141
50
122
39
44
19
20
135
132
98
144
65
94
131
1
100
57
29
127
69
125
74
97
130
122
34
143
24
96
23
3
57
67
113
100
90
101
112
35
71
93
142
81
14
59
49
46
88
139
64
78
37
43
18
39
74
138
55
117
50
17
123
95
92
99
102
77
38
91
9
68
133
108
140
22
33
93
136
27
131
16
31
141
15
121
107
55
109
15
82
111
68
102
53
78
19
32
11
86
82
91
119
103
8
109
75
97
47
37
128
14
31
54
87
72
79
43
75
5
128
56
126
54
40
115
106
25
21
124
41
98
85
11
56
63
116
45
62
134
114
64
130
112
126
120
59
27
96
12
105
124
9
6
3
118
113
24
26
40
144
42
32
51
120
48
79
134
29
110
28
20
108
81
30
10
72
129
99
89
71
1
63
114
73
44
118
121
142
2
7
70
13
66
104
88
77
76
46
28
35
33
48
103
52
60
133
90
104
117
115
4
17
65
135
73
92
41
8
61
127
116
107
21
52
85
101
13
125
140
36
89
94
61
137
53
22
123
67
30
7
58
62
34
58
119
47
66
84
76
12
49
2
45
51
132
6
5
38
144
132
131
130
118
119
120
108
96
95
83
84
72
71
70
58
59
60
48
47
46
34
22
23
35
36
24
12
11
10
9
8
20
19
31
32
44
45
57
69
68
80
79
91
92
93
81
82
94
106
105
117
129
128
140
141
142
143
144
132
120
119
107
106
105
104
116
115
103
102
114
126
125
137
138
139
127
115
114
113
101
100
112
111
110
122
123
124
136
135
134
133
121
109
97
98
86
85
73
61
49
50
62
74
75
63
64
52
40
28
27
26
25
37
38
39
51
63
75
87
99
100
88
76
77
89
90
78
66
67
55
43
42
54
53
65
64
52
51
39
27
15
14
13
1
2
3
4
5
6
7
8
9
21
33
45
46
58
57
56
44
43
31
30
18
17
29
41
40
28
16
17
16
15
14
13
1
2
3
4
5
6
7
19
18
30
29
41
42
54
53
65
66
78
77
76
88
89
90
91
103
102
101
113
112
111
99
87
86
74
62
50
38
26
25
37
49
61
73
85
97
98
110
109
121
133
134
122
123
135
136
124
125
137
138
126
127
139
140
128
129
141
142
143
131
130
118
117
116
104
92
80
79
67
55
56
68
69
70
71
83
82
81
93
94
95
107
108
96
84
72
60
59
47
48
36
35
23
24
12
11
10
22
34
33
32
20
21
12
11
10
9
8
20
21
33
34
46
45
44
43
42
30
29
41
53
54
66
65
77
76
64
63
75
74
73
61
49
50
62
63
51
52
40
28
16
17
5
4
3
2
1
13
14
26
25
37
38
39
27
15
3
4
5
6
18
19
31
32
33
34
22
23
35
36
48
60
72
71
70
58
57
56
68
67
55
54
53
52
51
39
40
41
42
43
44
45
46
47
59
60
72
84
83
82
81
80
92
104
116
117
105
106
107
108
120
132
131
130
118
119
120
108
96
95
94
93
105
117
129
141
140
139
127
115
103
91
90
89
88
87
86
85
97
109
121
133
134
135
136
124
125
137
138
126
114
102
101
100
112
113
101
100
99
111
123
122
110
98
99
111
112
113
114
102
90
78
79
91
92
80
79
78
77
89
88
87
75
76
64
65
66
67
55
56
57
58
59
71
70
69
68
69
81
93
94
82
83
84
96
95
107
106
118
119
131
130
142
143
144
132
144
143
142
141
140
128
129
128
116
104
103
115
127
139
138
126
125
137
136
124
123
135
134
133
121
122
110
109
97
98
86
85
73
74
62
61
49
50
38
37
25
13
1
2
14
26
27
15
16
28
29
17
18
30
31
32
20
19
7
6
7
8
9
21
22
10
11
23
35
47
48
36
24
12
24
