##Rat 2 Day 2
 ##rewards
18
29
107
##Vertices
36
21
142
94
118
37
63
139
40
30
1
66
103
125
138
107
20
57
34
54
99
139
109
67
77
89
95
60
144
57
40
47
51
97
21
106
68
61
144
41
46
23
85
118
93
7
84
33
14
94
121
4
11
17
62
100
90
43
34
93
131
3
121
126
55
128
29
50
55
134
42
28
3
11
136
68
29
102
14
130
45
131
70
22
86
60
62
48
28
134
5
92
138
129
8
25
15
30
112
108
73
140
48
99
51
116
120
26
83
38
100
65
81
113
12
17
117
97
53
82
32
120
133
41
127
16
42
126
1
119
142
114
24
81
104
135
124
110
35
106
132
72
31
56
91
101
78
86
74
98
82
113
133
33
27
74
112
72
25
143
109
124
47
45
64
9
143
49
116
105
127
85
39
10
88
19
123
125
20
87
69
122
71
107
44
46
73
71
76
79
104
80
103
15
9
16
119
10
56
67
49
132
110
95
52
117
61
111
8
79
35
36
50
66
78
75
91
26
137
5
135
2
76
114
24
19
123
18
129
87
84
70
115
130
102
83
96
22
115
23
92
13
59
101
75
13
6
39
69
108
37
44
64
59
88
65
7
89
58
38
12
43
128
6
90
32
31
2
111
141
137
80
58
52
105
140
141
54
63
122
53
4
96
27
98
77
18
136
17
54
5
133
97
61
141
89
102
60
81
61
115
28
136
2
9
103
36
85
95
126
17
15
3
121
135
26
133
87
59
75
20
99
34
72
140
77
86
48
131
141
36
26
20
72
65
78
44
9
18
53
101
56
49
144
47
71
111
22
104
10
112
56
116
65
120
91
52
112
136
15
129
14
41
33
108
96
77
10
12
124
32
92
21
106
84
116
105
74
92
76
105
33
30
55
24
93
7
129
127
79
137
31
24
64
126
100
114
102
101
34
82
14
3
120
12
53
54
40
80
55
59
52
110
110
58
8
27
19
128
134
44
143
103
135
132
1
45
79
127
106
21
107
96
11
63
19
83
70
39
11
115
98
13
73
95
142
139
124
75
5
64
98
123
35
109
68
142
4
88
90
128
51
27
25
138
80
109
39
83
32
69
82
138
30
66
125
89
23
29
38
113
70
6
122
18
49
13
46
121
7
58
28
108
104
81
48
97
114
100
73
122
43
93
1
25
23
117
43
57
6
144
47
40
118
35
84
99
42
119
63
60
113
88
94
37
4
74
66
107
140
134
57
130
45
37
118
68
131
69
132
2
50
16
62
71
67
38
117
125
143
16
46
87
139
86
67
42
85
90
91
111
50
31
62
76
29
8
130
123
51
137
41
94
78
22
119
144
132
131
130
142
143
144
132
120
119
107
95
94
93
81
80
79
67
55
43
31
32
44
45
33
21
20
8
7
19
18
6
5
17
16
28
27
15
3
4
5
6
7
8
9
10
22
23
11
12
24
36
35
34
46
47
48
60
72
71
70
82
83
84
96
108
120
119
118
106
105
104
103
102
101
89
77
78
90
91
92
104
116
117
129
141
140
139
127
126
138
137
125
124
123
135
136
137
138
139
140
128
127
115
114
113
112
100
88
76
75
74
86
85
73
61
49
50
51
39
38
37
25
13
14
26
27
39
40
52
53
65
64
63
62
61
73
85
97
98
110
122
134
133
121
109
97
98
99
87
88
76
77
89
90
91
92
80
68
56
57
58
59
60
48
47
46
45
44
43
42
54
66
78
79
67
66
65
64
52
51
63
75
87
86
74
62
50
49
37
38
26
25
13
1
2
1
2
14
15
3
4
16
28
29
17
18
19
20
21
9
10
22
23
11
12
24
36
35
34
33
32
31
30
29
30
42
41
40
41
53
54
55
56
68
69
81
93
94
82
70
69
57
58
59
71
72
84
83
95
96
108
107
106
105
117
118
130
131
143
142
141
129
128
116
115
103
102
114
113
101
100
99
111
112
111
123
122
110
109
121
133
134
135
136
124
125
126
1
13
14
15
3
2
1
13
25
26
38
50
51
52
64
65
66
78
90
102
114
113
101
100
112
124
125
137
138
126
127
139
140
128
129
117
118
130
142
141
140
139
138
137
136
135
123
122
134
133
121
109
110
111
99
98
97
85
73
74
75
63
62
61
49
37
25
26
27
39
40
41
42
43
44
56
68
67
55
54
53
41
29
28
16
4
5
6
18
19
7
8
20
21
22
10
9
8
7
6
5
17
18
30
31
32
33
45
57
69
70
71
59
60
72
84
96
95
94
106
107
108
120
132
131
119
118
106
105
93
92
80
81
82
83
84
72
60
48
47
35
23
11
12
24
36
48
47
46
58
57
69
68
56
55
54
53
65
77
89
88
87
86
85
97
98
99
100
101
102
103
91
79
67
66
78
79
80
81
93
94
82
70
58
59
71
83
95
96
108
107
119
120
132
144
143
144
143
131
130
142
141
129
117
116
128
127
126
125
124
136
135
123
122
134
133
121
109
110
111
112
113
114
115
116
115
103
104
105
104
92
91
90
89
77
76
64
52
51
63
75
76
88
87
86
74
73
61
62
50
49
37
38
39
40
28
27
15
14
2
3
4
16
17
29
30
42
43
31
32
44
45
46
34
33
34
22
23
35
36
24
12
11
10
9
21
20
19
142
34
100
47
43
64
104
124
128
60
136
70
55
118
7
138
48
8
98
125
29
53
57
4
104
75
1
22
119
14
113
46
35
73
140
90
117
35
53
22
74
123
2
91
45
132
94
18
118
137
101
71
111
107
10
42
114
79
92
26
70
71
139
78
119
86
120
61
30
81
16
6
54
64
8
117
55
69
121
67
28
33
84
96
105
63
56
129
109
106
5
89
93
77
110
50
17
51
13
112
106
23
62
140
96
66
101
3
5
110
21
11
87
39
56
144
108
83
144
111
51
89
21
127
1
128
9
11
19
78
72
63
85
141
59
34
14
12
45
73
100
87
38
136
115
141
2
29
69
82
36
65
80
102
80
103
3
127
25
139
44
86
68
85
99
67
40
52
48
79
27
108
65
15
37
41
88
46
76
134
41
77
131
91
20
18
88
143
143
27
40
60
102
57
33
122
47
68
113
74
20
38
126
138
83
23
84
81
50
31
135
120
133
59
10
132
116
19
24
49
95
44
43
134
125
95
103
115
26
58
4
9
137
25
116
17
122
121
75
15
24
109
93
37
58
130
131
124
6
30
129
32
105
130
13
66
123
112
99
7
133
94
90
54
42
135
12
32
107
49
39
62
16
31
98
72
92
28
142
82
97
114
76
36
52
97
61
126
39
73
5
28
109
103
44
2
144
92
81
119
135
141
8
117
133
136
112
13
22
70
69
134
130
116
4
18
24
3
69
113
79
139
87
22
30
70
90
64
116
20
90
6
12
75
141
49
68
37
29
82
34
62
61
7
48
93
89
14
114
73
74
49
52
113
76
78
4
123
91
1
21
84
131
46
142
88
131
16
35
72
43
31
30
97
137
59
7
140
13
32
39
6
27
125
84
115
109
35
92
115
45
128
125
75
9
78
101
57
94
122
17
83
107
47
120
58
42
99
66
140
97
50
67
144
32
142
40
24
93
98
98
110
48
21
41
12
111
130
25
82
3
127
77
65
91
85
56
31
36
127
106
33
20
136
50
38
58
28
37
29
114
62
76
68
80
11
17
53
51
63
89
124
38
67
86
124
103
42
112
126
108
11
10
74
86
23
63
36
104
143
105
108
60
96
59
79
119
123
126
71
47
104
96
135
143
137
107
138
61
66
102
85
2
5
44
27
71
100
102
26
95
54
18
95
55
40
101
51
128
100
72
65
19
14
81
57
106
10
121
132
9
25
19
54
53
120
1
99
87
34
121
15
118
105
46
80
8
23
83
16
45
88
33
43
129
138
64
41
55
129
118
56
122
15
26
110
133
60
77
132
111
139
134
117
52
94
12
11
23
35
36
48
60
72
71
70
69
68
80
79
91
92
104
116
115
103
102
90
78
77
89
88
87
75
74
73
61
49
37
25
26
27
28
29
17
5
4
16
15
14
2
1
13
25
37
38
50
62
63
64
76
88
100
99
111
112
124
125
126
127
139
138
137
136
135
123
122
134
133
121
109
97
85
86
98
110
111
99
87
75
76
64
52
51
39
40
41
42
54
55
67
66
65
53
52
40
41
29
30
31
32
20
19
18
6
7
8
9
21
22
10
9
8
20
32
33
34
46
58
59
47
48
60
72
84
83
82
81
93
105
106
118
119
120
108
107
95
96
108
120
132
144
143
131
130
142
141
140
128
129
117
116
115
114
113
101
102
103
104
92
91
79
67
55
43
44
45
57
45
44
56
57
56
68
80
81
69
70
58
46
34
33
21
22
10
11
23
24
12
24
36
35
47
59
71
83
84
96
95
94
82
94
93
105
106
107
119
131
132
144
143
142
130
118
117
129
141
140
128
127
139
138
137
125
126
114
113
101
100
112
124
136
135
123
122
134
133
121
109
110
98
97
85
86
74
73
61
49
50
62
63
51
39
38
26
14
13
1
2
3
4
3
15
27
28
16
17
5
6
7
19
18
30
31
43
42
54
66
78
90
89
77
65
53
133
121
109
97
85
86
98
110
122
134
135
123
111
112
100
88
89
77
76
64
52
51
63
62
61
49
50
38
37
25
13
14
15
16
4
5
17
29
41
53
54
42
43
55
67
79
80
68
69
81
93
92
104
103
91
90
78
66
65
53
41
40
39
27
26
25
37
49
61
73
74
75
87
99
100
101
113
114
102
101
113
125
137
136
124
112
111
99
87
88
76
64
52
40
28
29
30
31
19
20
21
9
10
22
34
33
32
44
56
57
45
46
58
59
47
48
36
35
23
24
12
11
10
9
8
7
6
18
30
42
43
44
56
57
45
46
58
70
82
83
71
72
84
96
108
107
95
94
106
118
130
129
128
116
117
105
104
116
115
127
139
140
141
142
143
144
132
131
119
120
108
107
119
120
132
144
143
131
130
142
141
129
117
118
106
105
93
92
80
81
82
94
95
96
84
83
71
70
69
68
67
55
54
66
65
77
89
90
78
79
91
103
102
114
115
127
128
140
139
138
126
125
126
138
137
136
124
123
135
134
133
121
122
110
109
97
98
86
85
73
74
75
63
62
50
38
26
14
13
1
2
1
2
3
15
3
4
5
6
7
8
20
21
22
23
11
12
24
36
48
60
72
60
59
47
35
34
33
32
31
19
18
17
16
28
27
39
51
104
109
122
58
13
28
99
7
20
40
114
80
46
108
142
85
6
2
114
55
63
64
105
144
101
72
107
71
129
60
125
7
79
85
123
78
103
109
61
100
6
135
35
42
138
90
84
132
24
140
77
87
49
87
62
122
123
110
92
83
65
108
134
29
111
16
97
113
128
127
4
15
67
47
126
56
135
50
34
116
43
86
105
107
9
39
25
131
124
23
48
39
33
130
32
72
55
98
28
128
141
137
38
136
59
44
89
66
110
27
113
22
73
52
118
96
41
10
96
52
26
53
17
111
36
141
136
75
88
11
91
81
8
61
80
26
112
51
46
37
25
104
66
49
19
133
3
84
90
119
74
13
117
133
82
57
54
134
106
36
1
18
144
131
5
82
106
57
102
94
53
94
21
117
51
138
54
45
30
115
68
37
65
103
68
132
35
139
140
41
88
74
69
45
98
64
32
50
92
129
31
69
3
71
48
95
100
116
67
112
143
125
12
22
101
76
78
2
24
77
70
15
118
11
12
97
121
99
47
62
81
86
124
20
8
59
40
121
14
83
126
102
44
23
30
16
29
18
56
137
27
130
95
34
21
127
60
79
70
115
143
93
19
91
9
93
1
119
4
58
10
89
63
139
17
14
38
120
76
31
42
142
5
33
75
43
120
73
134
136
96
58
45
79
15
18
33
43
125
68
122
59
66
64
3
58
67
20
15
10
5
7
100
25
88
73
34
133
138
67
108
120
98
56
4
44
5
32
35
87
133
112
17
132
117
78
115
57
38
115
16
125
101
11
79
144
31
27
116
109
126
92
96
89
30
29
65
10
111
49
52
113
43
12
71
95
49
1
25
103
23
6
114
90
135
84
134
20
87
144
118
80
127
137
42
130
37
16
54
47
68
55
100
53
69
89
41
113
33
56
22
119
103
66
28
83
45
83
48
23
97
143
98
72
38
30
61
26
86
40
105
110
61
110
136
129
108
37
72
107
142
27
99
57
132
77
122
76
112
36
142
116
71
131
78
129
88
6
9
53
104
75
12
63
41
13
24
106
86
32
70
14
17
117
60
4
90
104
22
21
85
18
21
75
107
13
111
135
118
35
95
42
70
8
138
99
124
2
14
91
102
46
24
93
19
143
44
8
128
123
77
59
97
120
47
91
39
51
48
60
121
65
3
94
40
139
85
29
73
82
84
81
93
141
9
76
119
39
139
62
124
46
106
94
80
74
114
52
82
109
28
101
140
51
121
105
74
50
19
50
123
1
81
64
2
140
137
69
7
54
131
127
92
102
34
11
36
55
128
31
63
141
130
26
62
126
12
11
10
22
34
46
47
59
71
83
84
72
60
48
36
35
23
24
36
48
60
72
71
70
58
57
69
68
80
79
91
90
89
77
65
66
67
55
43
31
30
29
17
18
6
5
4
3
15
27
28
16
4
5
6
7
8
9
21
33
32
20
19
31
32
44
45
57
56
68
67
79
78
90
102
103
104
105
93
94
95
107
106
118
119
131
130
129
141
140
128
116
115
127
139
138
126
125
113
101
100
112
111
110
109
121
133
134
122
123
135
136
137
138
139
140
141
142
143
144
132
120
108
96
84
83
82
81
80
92
91
103
102
114
113
101
100
99
98
86
74
75
87
88
76
64
63
62
61
49
50
51
52
53
54
42
41
40
39
38
26
14
2
1
13
25
37
49
61
73
85
73
74
62
63
51
50
38
37
25
26
14
13
1
2
3
15
16
28
27
39
40
41
29
17
18
30
42
43
44
56
55
54
53
52
64
65
66
78
77
89
88
76
75
87
86
85
97
109
97
98
99
111
110
122
121
133
134
135
123
124
112
124
136
137
125
126
114
115
127
128
129
117
118
119
131
130
142
143
144
132
120
108
96
95
107
106
105
117
116
104
92
93
94
82
81
69
70
58
46
45
33
34
22
21
20
19
7
8
9
10
11
12
24
23
35
47
59
133
134
135
136
137
125
124
112
111
99
100
101
102
103
115
116
104
92
91
79
80
68
69
81
82
70
71
72
84
96
95
83
82
94
93
105
117
129
128
140
141
142
143
144
132
131
119
120
108
107
106
118
130
142
141
140
139
127
126
114
113
112
111
123
122
110
109
97
85
73
74
75
87
88
89
77
78
90
91
92
93
94
106
105
104
103
102
101
100
99
98
86
85
73
61
62
63
64
65
53
41
29
28
40
39
38
37
25
13
14
15
27
26
25
37
49
50
51
52
40
28
16
4
5
6
18
30
42
54
55
56
57
58
59
60
48
36
24
12
11
10
9
21
20
8
7
19
31
43
44
45
33
32
44
45
46
34
22
23
35
47
46
34
33
32
31
43
55
67
66
54
53
65
66
67
68
56
57
58
70
69
81
80
79
78
90
89
88
87
86
74
75
76
77
76
64
52
51
63
62
61
49
50
38
39
27
26
14
15
3
2
1
13
1
2
3
4
5
17
16
17
29
41
42
30
18
6
7
19
20
8
9
21
22
10
11
12
24
23
35
36
48
47
59
60
72
71
83
84
96
95
107
108
120
132
144
143
131
119
118
130
129
117
116
128
127
115
114
113
125
126
138
139
138
137
136
124
123
135
134
122
110
98
97
109
121
133
121
