##Rat 4 Day 42
 ##rewards
126
113
47
##Vertices
68
16
124
80
120
78
95
5
68
34
32
106
3
99
12
108
53
47
104
85
75
144
135
131
117
29
31
35
45
57
94
92
56
46
28
18
112
127
95
106
22
120
79
48
76
101
143
59
139
22
23
126
44
47
89
13
78
117
84
65
107
139
15
88
118
119
65
42
102
64
28
16
12
6
112
61
75
49
140
90
83
13
39
137
14
63
41
31
144
71
142
123
11
92
36
55
26
93
63
111
9
129
55
1
122
51
60
88
5
56
27
64
3
74
51
99
69
136
69
20
4
123
10
37
104
25
97
133
39
9
100
20
111
72
114
110
108
36
103
98
60
138
98
118
32
49
87
119
107
46
109
133
26
17
42
66
142
116
29
143
73
67
33
37
58
115
10
2
100
82
21
11
130
25
59
1
86
136
89
121
83
77
87
54
132
125
86
138
135
43
27
131
91
44
23
57
38
7
71
8
74
130
94
122
33
129
67
70
97
8
50
18
140
52
93
109
41
62
40
15
34
61
134
91
50
43
141
30
45
125
84
124
24
126
70
96
58
24
113
128
116
127
128
19
103
81
48
96
14
101
62
114
81
79
102
121
35
2
4
17
66
110
105
54
134
40
30
72
80
132
85
53
77
113
141
82
19
76
105
6
52
90
21
115
38
7
73
137
33
99
118
96
54
65
44
123
16
140
62
46
2
139
87
58
120
72
76
60
37
109
104
43
127
87
10
142
144
92
91
124
62
50
25
102
34
52
22
60
113
67
71
103
14
72
89
48
52
88
86
81
101
117
122
59
5
95
110
135
51
119
81
137
54
108
53
61
30
107
112
51
64
96
66
40
126
76
101
128
77
134
49
26
36
139
13
44
110
41
71
94
135
125
45
83
89
45
120
1
8
6
68
7
84
69
143
24
116
47
63
78
100
2
129
10
42
121
126
138
106
74
86
124
35
97
46
134
26
117
23
102
30
136
23
133
40
115
37
32
111
28
104
3
56
12
79
24
121
29
47
85
16
42
48
123
84
70
17
141
11
31
142
1
19
125
8
98
83
99
114
36
131
5
18
27
53
85
136
140
100
114
112
17
55
144
90
78
105
93
105
82
118
131
22
128
90
94
75
56
91
133
80
106
15
58
55
82
109
3
80
130
137
35
92
31
43
122
88
119
34
13
143
132
115
32
98
113
67
132
74
21
38
41
59
97
129
93
130
127
27
116
12
39
4
68
69
57
63
64
61
4
28
18
138
14
108
7
6
20
29
107
79
19
111
49
25
73
103
95
33
9
65
66
11
21
50
75
15
141
77
9
39
57
70
38
20
73
12
24
36
35
23
22
10
9
21
33
45
44
32
31
30
18
19
20
8
7
6
5
4
3
15
14
2
1
13
25
37
49
50
51
39
38
26
27
28
40
52
53
41
42
54
66
65
64
63
62
74
75
87
88
76
77
78
90
89
101
100
99
111
110
109
121
133
134
122
123
135
136
137
138
139
127
126
114
115
116
104
103
91
79
67
55
43
44
56
68
80
92
93
81
82
70
69
57
58
59
71
83
95
94
106
107
108
120
119
118
130
131
143
144
132
120
108
96
84
72
60
48
47
46
34
33
32
31
43
55
54
42
30
29
17
16
4
3
15
27
39
51
63
75
87
86
85
97
98
99
111
112
124
125
113
114
102
103
115
116
117
105
104
92
80
81
93
105
117
129
141
140
128
129
128
140
139
127
126
138
137
136
135
134
133
121
109
97
85
73
61
62
50
38
26
14
2
1
13
25
37
49
61
73
74
86
98
110
122
123
124
125
113
112
100
101
102
90
91
79
67
66
78
77
89
88
76
64
65
53
52
40
41
29
28
16
17
5
6
18
19
7
8
20
21
22
34
46
45
57
56
68
69
70
58
59
71
83
82
94
106
118
130
142
141
142
143
144
132
131
119
107
95
96
84
72
60
48
47
35
36
24
12
11
23
11
10
9
144
143
142
130
131
119
120
108
107
106
105
93
94
82
70
71
83
95
96
84
72
60
48
36
35
23
24
12
11
10
9
8
20
32
33
21
22
34
46
45
44
56
57
69
68
67
55
43
31
19
18
30
29
41
42
54
66
65
53
52
40
28
27
15
3
2
1
13
14
26
25
37
49
61
73
74
62
63
75
87
88
76
77
78
79
80
81
93
92
91
90
89
101
102
114
115
103
104
116
128
127
126
125
113
112
124
136
135
123
111
110
122
121
133
134
135
136
137
138
139
140
141
129
117
118
106
94
82
81
80
68
69
70
58
59
47
48
36
35
34
33
32
31
30
29
17
5
4
16
28
27
39
38
50
51
63
64
76
75
87
99
100
88
89
90
102
101
100
99
98
97
85
86
98
86
85
73
74
62
61
49
37
25
13
1
2
3
4
5
6
7
19
20
21
22
23
24
12
11
10
9
8
7
6
18
17
16
15
14
26
38
50
51
39
40
52
64
65
77
78
79
67
66
54
53
41
42
43
55
56
44
45
57
58
46
47
59
60
72
71
83
84
96
95
107
119
118
117
105
104
92
91
103
115
116
128
127
126
114
113
112
111
110
109
97
109
121
133
134
122
123
124
125
137
138
139
140
141
129
130
142
143
144
132
131
132
120
108
100
72
4
103
84
86
64
132
19
51
124
39
37
34
62
99
31
105
83
91
18
129
108
54
86
32
139
92
19
30
8
72
45
29
62
139
39
51
113
25
128
89
13
16
46
125
48
73
55
82
136
118
61
73
65
77
131
95
140
112
81
99
117
132
143
114
136
53
44
66
14
36
144
90
40
30
91
35
27
128
69
79
98
123
126
5
36
69
119
93
5
63
110
45
63
137
102
28
122
135
28
88
74
82
16
76
92
38
141
75
59
60
4
110
10
116
17
1
137
75
27
118
121
130
117
94
49
23
104
23
33
42
40
78
112
134
15
97
8
106
71
54
87
144
37
25
50
95
104
141
61
130
78
1
9
138
10
70
68
21
71
84
12
98
129
83
124
96
140
67
101
79
80
102
96
7
3
17
24
14
126
97
59
26
68
13
53
58
113
20
106
31
85
33
143
120
109
46
55
107
64
26
77
123
109
66
121
115
127
11
133
47
67
119
41
57
105
24
20
6
81
135
58
115
88
89
15
2
48
111
43
34
38
18
11
122
60
131
101
49
9
29
103
74
87
116
56
93
65
35
125
111
12
47
94
70
2
133
56
6
76
21
100
32
90
108
142
44
85
41
52
22
120
127
138
3
114
22
80
52
42
50
107
142
57
134
43
7
108
12
35
32
82
47
64
23
118
135
119
96
116
87
37
94
58
99
20
22
49
24
144
38
50
60
90
14
69
45
17
95
26
116
122
55
62
15
130
81
120
20
79
59
111
57
81
75
102
63
99
22
36
84
53
10
65
25
43
79
30
117
52
133
124
69
129
60
70
49
71
88
58
17
33
136
103
127
1
27
34
74
110
98
141
102
130
28
40
91
131
43
3
103
71
61
23
46
48
76
91
85
126
92
31
113
111
1
61
124
63
139
44
47
129
141
89
56
41
15
72
6
73
54
92
6
41
11
85
62
19
55
107
73
31
105
110
101
104
140
48
88
57
54
87
112
144
78
39
27
10
123
101
121
93
139
137
66
84
131
97
59
51
78
106
32
128
13
118
72
138
133
123
5
83
9
120
83
142
29
26
39
5
119
13
4
24
42
104
42
3
86
2
77
114
11
90
76
114
95
105
97
30
33
94
51
100
128
70
53
46
64
65
18
67
96
109
66
142
134
74
80
7
25
68
28
86
16
117
125
12
115
7
132
2
19
112
50
100
132
14
143
138
106
18
9
21
136
115
140
109
37
40
135
77
121
122
98
75
89
80
21
34
82
8
126
4
127
56
113
29
107
137
134
108
16
52
36
68
35
93
44
45
8
67
125
38
143
1
13
25
26
14
15
3
4
16
28
40
41
29
30
31
19
18
17
5
6
7
8
9
10
22
23
11
12
24
36
48
60
59
58
46
47
35
34
33
45
57
56
44
43
55
67
68
69
70
71
83
82
94
93
81
80
79
91
92
104
105
106
118
119
120
132
144
143
131
130
142
141
140
139
138
126
127
115
114
113
101
102
90
78
66
54
42
41
53
65
77
89
88
76
75
63
64
52
51
50
62
74
86
87
99
98
97
109
110
111
123
122
134
133
121
109
97
85
73
61
49
37
38
39
27
28
29
30
42
54
55
43
31
32
20
21
9
10
22
34
46
58
70
82
94
95
96
108
107
106
118
117
129
128
116
115
103
102
114
113
112
100
101
89
77
76
88
100
112
124
136
137
125
124
125
137
138
126
127
139
140
141
142
143
144
132
120
108
96
84
72
71
59
47
35
23
11
12
24
36
48
60
72
84
83
95
107
119
131
130
129
128
116
117
105
104
103
91
90
78
66
67
79
80
92
93
81
69
68
56
57
45
44
32
33
21
20
8
7
19
18
6
5
17
16
15
27
39
40
52
53
65
64
63
51
50
62
74
75
87
99
111
123
135
136
135
134
133
121
122
110
98
86
85
73
61
49
37
38
26
25
13
1
2
14
2
3
4
133
134
135
136
137
125
124
123
122
121
109
110
111
99
100
101
89
90
102
103
104
116
115
127
139
140
128
129
141
142
143
131
119
107
108
96
95
94
93
92
80
81
69
68
67
66
54
55
43
42
41
53
52
64
65
77
78
79
91
92
93
105
117
118
130
142
141
140
139
138
126
114
113
112
100
88
87
75
76
88
87
86
85
97
98
99
111
112
113
101
102
103
104
105
106
94
82
70
71
59
47
48
36
35
34
46
58
57
56
44
45
33
32
20
21
9
10
22
23
11
12
24
36
48
60
72
84
83
82
81
69
57
56
44
45
33
32
31
30
18
19
7
6
5
4
16
17
29
28
27
26
38
50
51
39
40
52
51
63
62
61
49
37
25
13
1
2
14
15
3
4
16
15
3
2
1
13
14
26
25
37
38
39
27
28
40
41
53
54
42
30
29
17
5
6
18
19
31
43
55
67
68
80
79
91
90
89
77
78
66
65
64
76
75
63
62
50
49
61
73
74
86
74
73
85
97
98
110
109
121
133
134
122
123
135
136
124
125
137
138
126
114
115
127
128
129
130
131
143
144
132
144
132
120
119
120
108
96
84
72
60
59
47
35
23
24
12
11
10
9
8
7
8
20
21
22
34
46
58
70
71
83
95
107
106
118
117
116
141
48
85
81
115
46
50
125
28
15
138
100
65
55
43
116
79
55
84
104
61
90
88
77
144
30
129
112
54
20
52
41
88
32
72
105
126
9
93
69
103
47
9
35
36
109
140
50
114
110
34
25
12
105
58
143
86
90
70
98
6
121
144
66
107
67
140
126
31
116
65
26
99
111
101
42
99
80
24
124
120
29
52
100
45
106
16
6
16
59
23
125
114
38
82
141
82
58
132
137
134
123
37
19
78
18
62
113
71
95
139
68
61
111
56
130
92
25
12
28
135
59
49
14
27
14
107
128
108
71
129
2
122
45
134
73
36
142
109
40
130
40
53
89
136
68
31
94
119
91
42
41
97
26
118
24
22
117
143
117
101
3
127
13
8
5
81
87
46
48
73
4
93
104
103
38
79
63
1
66
87
135
43
106
110
39
57
128
67
69
18
78
53
54
64
96
75
91
77
95
123
3
29
89
2
97
74
17
60
32
102
7
108
63
112
60
92
23
33
113
62
37
51
10
102
131
47
35
34
39
85
96
4
119
1
142
83
21
84
74
133
131
7
138
19
11
22
56
64
83
76
76
136
8
20
15
51
118
13
72
94
86
115
133
44
5
137
30
33
27
132
10
98
17
75
11
120
127
21
44
121
70
139
80
122
124
57
49
99
85
139
68
53
126
58
49
126
30
78
47
2
41
136
80
91
128
119
130
115
29
81
22
16
37
26
81
3
105
57
83
39
124
25
45
93
43
6
141
72
129
114
38
112
13
59
76
113
77
107
138
121
70
42
77
4
8
99
79
111
92
61
138
102
57
10
113
36
9
63
10
87
116
13
121
125
88
65
17
122
20
97
144
28
37
2
48
35
14
30
96
127
90
86
50
144
93
89
132
61
101
6
129
58
120
56
52
23
132
103
84
44
17
69
118
62
64
104
40
100
54
18
1
34
33
133
11
19
46
42
69
139
59
12
27
90
32
74
66
109
26
66
24
11
45
67
55
48
95
140
79
75
51
70
60
135
131
80
122
76
16
15
46
14
41
40
110
136
123
28
24
98
125
104
55
142
108
71
31
43
73
111
22
50
89
75
103
91
33
112
34
60
84
62
4
108
56
44
119
123
32
64
15
106
127
5
19
47
109
97
20
83
65
52
142
143
53
63
18
102
7
107
27
35
92
96
38
114
128
135
140
94
118
54
133
67
134
124
115
29
87
100
98
68
134
3
31
85
105
143
120
1
8
49
141
5
137
36
71
110
94
116
130
117
101
23
51
39
9
7
78
25
21
74
137
117
12
73
88
106
82
131
72
21
95
82
86
12
24
36
48
60
59
47
46
34
33
45
57
69
81
82
94
93
92
80
79
91
90
102
103
115
114
126
138
139
140
128
127
115
116
104
105
106
107
95
96
108
120
132
144
143
131
130
142
141
129
117
118
119
120
108
96
84
83
71
70
58
46
34
35
23
22
10
9
8
7
19
31
32
44
56
55
67
68
80
92
104
116
117
105
93
81
69
57
45
33
21
20
8
7
6
18
30
42
54
53
52
51
39
40
28
16
4
3
2
14
26
27
15
3
4
5
17
29
41
40
39
38
37
49
61
62
63
64
65
77
89
101
113
125
137
136
135
134
133
121
109
97
98
86
85
73
74
75
76
88
100
99
87
88
100
112
111
110
122
123
124
112
111
99
87
75
76
77
78
66
65
53
54
66
78
90
89
101
113
114
102
103
91
79
67
68
56
44
32
20
19
31
43
55
43
42
41
29
30
18
6
5
17
16
28
27
15
14
26
25
13
1
2
1
13
25
37
49
50
38
50
51
52
64
63
62
61
73
74
86
85
97
98
110
109
121
133
134
122
123
135
136
124
125
137
138
126
127
139
140
128
129
141
142
143
144
132
131
130
118
119
107
106
94
95
83
82
70
58
59
71
72
84
72
60
48
47
35
36
24
23
22
21
9
10
11
12
11
133
134
135
123
111
99
98
86
74
62
61
73
85
97
109
110
122
121
109
97
85
73
74
75
87
88
76
77
65
66
54
55
56
68
80
79
78
90
102
114
115
116
128
127
139
140
141
142
130
118
117
129
141
140
139
138
137
136
124
112
113
125
126
114
113
101
100
88
89
77
78
66
67
55
43
42
41
40
52
51
50
38
39
27
26
14
15
16
4
5
17
29
30
18
6
7
19
20
32
44
45
33
34
35
36
24
12
11
23
22
10
9
8
7
6
5
4
3
2
1
13
25
37
49
61
62
63
64
65
53
54
42
43
31
32
44
45
46
47
59
71
70
58
57
69
81
82
83
84
96
95
94
93
92
91
103
104
105
106
107
119
131
143
144
132
120
108
96
84
72
60
72
71
83
82
94
95
107
108
120
119
131
132
144
143
142
130
129
117
118
106
105
104
116
128
127
115
103
102
101
89
90
91
92
93
81
80
79
67
68
56
57
69
70
58
59
60
48
36
48
47
46
34
35
23
24
12
11
10
22
21
33
21
9
8
20
19
31
30
18
17
16
28
27
26
14
15
3
2
1
13
25
37
49
50
38
39
40
28
29
41
53
52
51
63
64
76
75
87
99
100
112
111
123
124
125
126
138
137
136
135
134
133
121
122
110
98
86
