##Rat 3 Day 27
 ##rewards
127
116
38
##Vertices
133
134
135
136
124
112
113
125
137
138
139
140
141
129
128
116
117
118
106
107
119
131
132
144
143
142
130
118
106
105
104
103
115
114
126
127
139
138
137
136
135
123
122
121
109
97
85
73
61
62
50
49
37
25
13
1
2
3
15
16
4
5
6
7
19
18
17
29
41
53
52
64
63
75
74
86
98
110
111
99
87
88
100
101
102
90
89
77
65
66
67
55
43
31
32
44
56
68
80
81
93
94
95
96
84
72
60
59
58
70
71
83
82
94
93
92
91
79
78
90
102
101
89
88
76
75
63
51
39
38
26
27
28
40
52
51
39
40
41
42
54
55
56
57
69
81
82
70
69
57
45
33
21
22
34
35
36
48
47
46
45
44
32
20
8
9
10
11
23
24
12
24
12
11
23
22
10
9
21
33
34
35
36
48
47
46
58
59
60
72
71
83
84
96
95
107
108
120
108
120
119
131
132
144
143
142
130
129
141
140
128
116
117
105
104
92
80
68
67
66
54
53
65
64
76
77
78
79
91
103
115
127
126
114
113
125
124
123
122
134
133
121
109
110
111
112
100
99
87
86
98
97
85
73
74
62
61
49
50
38
37
25
13
14
26
27
28
16
17
29
30
42
43
31
30
18
19
20
8
7
6
5
4
3
15
14
2
1
1
13
25
37
38
39
51
50
49
61
73
85
97
98
86
87
99
111
112
124
123
122
134
133
121
109
110
111
112
100
88
76
75
63
62
74
73
61
49
37
25
26
14
2
3
4
5
6
7
19
20
8
9
10
11
12
24
36
35
47
48
60
72
84
83
71
59
58
57
56
44
43
31
30
18
17
16
15
27
28
29
41
40
52
64
65
53
54
55
67
79
80
81
82
94
93
92
91
90
102
101
113
125
137
138
139
140
128
116
115
127
126
114
113
101
89
77
78
66
65
64
52
53
41
42
30
31
32
33
21
22
34
46
45
44
32
33
45
57
69
68
80
92
104
103
102
114
115
103
104
105
106
107
119
118
130
142
141
129
117
105
93
94
95
96
108
120
132
131
143
144
143
144
132
131
119
120
108
107
106
118
130
142
141
129
117
116
128
140
139
127
126
138
137
125
124
136
135
136
135
123
122
134
133
121
109
110
98
97
85
86
87
99
100
88
89
90
91
79
67
68
56
55
43
42
54
66
78
77
76
75
74
62
63
51
50
38
26
14
13
1
2
3
15
27
39
40
28
29
17
16
4
5
6
18
19
7
8
20
21
9
10
11
23
22
34
46
47
59
58
70
69
81
82
70
71
83
95
96
84
72
60
48
36
35
23
24
12
66
122
104
45
132
57
132
136
35
97
139
28
114
127
61
128
56
57
38
117
124
91
7
23
21
30
44
53
32
114
95
6
36
51
17
22
13
94
36
144
85
16
85
11
95
109
140
39
125
140
93
118
2
106
135
13
92
89
131
43
124
18
42
98
78
67
5
9
23
110
53
65
80
19
109
9
136
82
27
31
55
15
30
41
90
80
113
28
18
72
119
73
94
102
64
59
33
56
137
20
31
88
49
79
143
8
29
101
2
67
37
84
122
134
47
10
60
62
42
117
141
58
111
34
116
108
7
97
3
75
58
49
50
123
99
100
87
130
105
75
139
65
3
39
134
116
14
35
40
93
127
106
123
137
1
83
33
115
79
78
129
120
25
32
26
111
45
10
69
16
54
22
48
76
62
73
26
40
51
126
14
69
112
133
115
41
27
8
90
59
12
121
63
141
54
24
100
88
138
103
1
61
34
68
102
74
46
125
89
46
113
17
6
126
110
48
71
50
25
144
44
47
74
119
76
108
101
118
86
70
91
60
96
4
12
15
84
107
71
130
43
104
98
121
129
55
138
5
120
52
19
83
37
66
103
82
131
99
81
81
72
4
20
38
142
70
63
105
142
68
143
87
64
133
92
29
128
24
11
135
77
86
21
52
112
77
107
96
104
1
44
130
16
97
97
116
26
50
9
30
29
6
87
103
22
46
109
121
119
80
136
20
23
111
107
90
141
4
76
123
102
24
2
9
45
137
48
32
135
11
101
77
120
55
26
75
92
85
66
18
69
53
41
36
52
127
84
142
137
96
112
65
13
124
79
56
113
61
17
135
27
131
35
10
82
38
18
60
102
115
35
132
64
106
72
142
29
21
24
114
100
78
144
117
7
25
4
15
77
89
81
144
63
43
74
11
94
130
89
104
59
33
56
47
81
134
41
10
82
19
7
6
84
5
128
139
42
31
60
132
20
73
91
127
34
54
46
13
86
103
33
65
126
51
40
39
36
76
91
125
68
54
87
58
106
92
67
57
49
136
96
121
12
141
83
110
57
129
52
53
83
16
58
114
128
5
117
108
43
42
63
85
111
55
66
107
118
140
28
23
62
70
110
8
99
88
138
143
126
47
90
113
70
27
45
101
62
25
14
143
17
86
59
129
131
123
109
8
30
93
119
105
140
100
3
50
22
67
134
112
74
1
120
37
34
95
12
32
51
78
64
69
125
94
79
75
116
14
122
105
19
118
133
2
99
139
38
44
93
73
61
72
15
98
31
3
37
88
133
122
124
108
21
95
71
98
115
39
49
68
71
138
28
40
80
48
12
24
23
22
21
9
10
11
12
24
36
48
60
59
58
57
69
70
82
81
80
68
56
55
67
79
78
90
91
103
102
101
113
114
115
127
126
138
137
125
124
136
135
123
111
112
100
99
98
110
122
134
133
121
109
97
85
73
74
62
63
51
50
38
26
14
2
1
13
25
37
49
61
73
85
86
87
75
76
64
65
77
89
88
76
77
78
66
54
42
41
29
17
16
28
40
39
27
15
3
4
5
6
7
19
18
30
31
43
44
45
46
47
35
34
33
32
20
8
7
6
5
4
16
17
18
30
29
28
40
52
53
41
42
43
44
45
57
58
70
71
72
84
83
95
96
108
107
119
120
132
131
143
142
130
118
106
105
104
92
93
94
106
118
117
129
141
140
139
138
137
136
124
112
111
110
122
123
135
134
133
121
109
97
98
99
87
86
74
75
63
62
61
49
50
38
37
25
13
1
2
3
15
14
26
27
39
51
52
64
65
53
54
66
67
55
56
68
69
81
93
105
104
92
80
79
91
90
89
88
100
101
113
125
126
114
102
103
115
116
117
116
128
127
139
140
128
129
141
142
130
131
119
107
95
94
82
83
71
59
47
46
34
33
32
31
19
20
8
9
21
22
10
11
23
35
36
48
60
72
84
96
108
120
132
144
143
144
144
143
131
119
107
108
120
132
144
143
142
141
140
128
116
104
103
115
114
102
90
91
92
80
79
78
66
65
77
76
64
52
51
63
75
74
62
61
49
50
38
37
25
26
27
39
40
28
16
15
14
13
1
2
3
4
5
6
18
19
31
32
20
21
22
23
24
12
11
10
9
8
7
6
5
17
29
30
42
43
55
54
53
41
42
54
66
67
68
69
57
58
59
47
46
45
33
34
35
36
48
60
72
84
83
71
70
82
81
93
105
117
129
130
118
106
94
95
96
84
72
60
48
47
59
71
70
58
46
45
44
56
57
69
81
93
105
104
116
115
127
139
138
126
125
137
136
124
123
135
134
122
121
109
110
111
112
100
88
89
101
113
112
111
99
98
97
85
73
61
49
37
38
39
27
15
14
26
25
13
1
2
3
4
16
28
29
17
18
30
31
19
7
8
20
21
9
10
11
12
24
36
35
23
22
34
33
32
44
43
55
56
68
67
79
80
92
91
103
102
101
100
88
89
90
78
77
65
53
41
40
52
51
50
62
63
64
76
75
87
99
87
86
74
73
85
86
98
97
109
110
122
123
124
125
113
114
126
127
128
129
117
118
106
94
82
83
95
96
108
107
119
120
132
131
130
142
141
140
139
138
137
136
135
134
133
121
133
101
47
135
117
85
51
84
18
7
57
99
30
5
31
87
68
66
53
91
77
11
133
122
86
44
144
125
51
123
76
104
121
67
93
107
14
112
75
96
45
34
17
37
137
122
36
28
76
72
118
25
31
77
16
23
111
95
44
49
139
20
19
69
70
109
46
1
8
4
25
12
45
125
71
49
138
40
50
88
39
38
22
48
39
1
64
107
43
57
58
22
141
11
54
130
138
33
41
140
78
79
37
70
106
99
32
113
60
94
105
29
102
16
92
98
90
140
72
24
56
102
93
81
19
116
58
115
73
52
129
41
35
97
26
133
124
26
61
9
114
52
117
100
127
134
101
118
36
27
136
74
66
108
43
17
94
86
142
109
144
116
120
48
55
132
8
59
15
18
13
104
96
9
29
30
123
47
4
46
34
79
23
110
61
143
75
10
128
119
105
13
114
113
91
108
28
64
62
115
131
42
20
83
55
38
106
143
42
126
2
68
65
103
119
50
2
35
84
88
56
139
5
3
21
98
112
137
128
12
63
73
40
126
6
83
82
10
24
71
21
15
129
53
62
33
67
134
80
130
27
127
69
81
120
89
97
7
65
135
131
59
80
92
142
14
103
110
121
89
74
6
100
141
63
132
85
87
60
111
54
136
32
3
78
82
90
95
124
106
96
128
14
71
127
54
138
41
24
44
44
96
139
29
49
59
141
31
89
129
51
138
143
35
132
38
133
121
50
23
126
135
84
93
15
5
136
47
88
99
30
48
4
97
37
135
116
80
142
58
6
10
1
32
76
132
94
91
58
46
90
57
28
104
99
60
127
76
49
120
45
111
14
1
140
2
131
79
3
28
107
125
114
64
108
67
26
9
80
52
68
82
113
6
63
88
17
109
81
25
18
30
45
94
54
39
82
126
92
83
102
70
66
37
114
142
36
83
61
124
117
81
85
40
95
53
63
122
95
15
69
20
125
72
115
103
41
55
62
87
121
31
27
36
62
64
42
74
86
13
123
108
100
5
16
34
74
93
116
115
11
72
9
12
101
137
102
16
104
40
34
65
56
119
51
111
118
22
8
12
29
18
97
120
59
71
141
92
84
100
77
39
144
124
67
107
25
110
68
19
112
90
55
139
133
79
73
110
87
91
56
38
103
48
70
140
11
2
113
43
105
13
33
109
136
130
66
32
143
128
27
33
53
21
131
75
21
57
19
4
134
20
61
123
129
144
65
101
78
35
130
10
98
22
7
75
43
7
98
17
89
23
69
86
78
26
73
42
117
77
85
3
112
47
60
137
52
50
46
119
8
106
118
24
105
134
122
133
134
122
110
109
121
133
134
135
123
124
125
113
101
102
90
78
79
80
81
82
94
93
105
106
107
95
96
84
83
71
72
60
59
47
46
34
35
36
48
60
72
84
96
108
120
119
131
132
144
143
142
130
118
117
129
141
140
139
127
115
114
126
138
137
136
135
123
111
112
100
88
76
64
52
53
54
66
65
77
89
88
87
99
98
97
85
73
74
62
61
49
50
38
26
25
37
49
61
73
85
86
74
75
63
51
39
40
41
42
30
18
17
5
6
7
8
20
32
33
21
9
10
11
23
22
34
33
45
44
56
55
43
31
19
7
6
5
4
16
15
14
13
1
2
3
4
16
28
29
41
42
54
53
65
77
89
90
91
92
104
116
128
140
141
129
117
105
93
81
69
68
67
66
78
79
67
55
43
44
32
31
30
29
17
18
19
20
8
9
21
22
10
11
12
24
12
24
23
35
36
48
47
46
58
59
71
83
95
107
108
120
119
131
132
144
143
142
130
118
106
94
82
70
58
70
69
57
45
57
56
68
80
92
91
103
102
101
113
114
115
103
104
116
128
127
139
138
126
125
137
136
124
112
100
99
111
110
122
121
109
97
98
86
87
75
76
64
63
51
52
40
28
27
39
27
26
14
15
3
2
1
13
25
37
38
50
62
12
11
23
35
36
48
60
72
71
70
69
68
80
79
91
92
104
116
115
103
102
90
78
77
89
88
87
75
74
73
61
49
37
25
26
27
28
29
17
5
4
16
15
14
2
1
13
25
37
38
50
62
63
64
76
88
100
99
111
112
124
125
126
127
139
138
137
136
135
123
122
134
133
121
109
97
85
86
98
110
111
99
87
75
76
64
52
51
39
40
41
42
54
55
67
66
65
53
52
40
41
29
30
31
32
20
19
18
6
7
8
9
21
22
10
9
8
20
32
33
34
46
58
59
47
48
60
72
84
83
82
81
93
105
106
118
119
120
108
107
95
96
108
120
132
144
143
131
130
142
141
140
128
129
117
116
115
114
113
101
102
103
104
92
91
79
67
55
43
44
45
57
45
44
56
57
56
68
80
81
69
70
58
46
34
33
21
22
10
11
23
24
12
24
36
35
47
59
71
83
84
96
95
94
82
94
93
105
106
107
119
131
132
144
143
142
130
118
117
129
141
140
128
127
139
138
137
125
126
114
113
101
100
112
124
136
135
123
122
134
133
121
109
110
98
97
85
86
74
73
61
49
50
62
63
51
39
38
26
14
13
1
2
3
4
3
15
27
28
16
17
5
6
7
19
18
30
31
43
42
54
66
78
90
89
77
65
53
9
75
26
52
95
104
45
103
81
57
93
30
94
92
107
137
40
109
15
82
95
24
1
49
116
115
125
98
71
66
135
144
37
65
126
9
4
44
141
108
139
52
136
131
126
123
18
77
103
93
24
30
96
32
132
134
78
58
115
68
59
34
117
55
41
65
89
112
25
74
57
80
122
36
7
62
97
15
129
120
28
38
50
131
67
35
21
75
77
38
22
104
4
110
13
42
51
5
69
106
68
98
99
108
2
72
81
90
84
37
10
33
35
33
70
118
133
141
51
58
56
19
61
20
27
69
101
87
29
114
63
107
31
71
82
79
143
129
43
113
44
56
63
137
60
28
19
128
130
121
143
140
61
64
76
102
132
49
117
12
42
111
47
101
144
17
64
1
123
130
88
5
47
6
12
34
2
14
91
119
41
3
29
36
125
73
39
127
72
14
120
91
114
54
53
8
140
78
111
67
106
99
20
79
39
25
21
23
85
55
22
96
116
26
100
70
66
84
86
59
87
74
11
109
8
23
83
102
11
3
92
85
142
50
45
62
16
17
136
100
48
48
94
6
54
73
32
121
16
18
88
31
90
60
105
142
53
124
10
83
124
134
139
105
7
138
13
135
46
119
138
43
113
40
80
76
46
110
112
27
127
118
128
122
89
133
86
97
7
61
59
56
78
33
68
138
6
7
76
74
74
87
45
131
81
137
116
76
98
13
90
47
91
29
9
144
51
1
96
38
11
136
111
79
28
58
10
136
63
46
115
15
62
88
16
140
61
69
55
99
120
3
43
14
86
139
116
97
141
5
113
41
103
25
31
94
82
143
85
26
143
19
112
107
105
32
80
110
125
71
65
64
84
109
23
71
10
87
105
139
42
40
59
112
106
22
106
135
17
84
38
100
126
67
68
73
72
80
85
39
134
117
41
46
24
90
52
22
117
93
128
19
95
63
20
53
127
15
127
93
102
83
12
23
13
47
89
49
53
110
82
137
75
121
83
120
8
37
115
138
141
142
70
101
55
94
104
25
1
77
12
30
31
18
88
122
48
6
104
119
122
37
20
21
5
52
34
102
60
48
79
101
124
86
65
28
54
69
35
99
109
131
75
140
118
123
133
2
123
9
2
62
11
50
126
64
103
27
32
108
132
58
36
114
135
34
44
50
97
26
130
111
17
108
35
114
54
56
144
89
42
43
78
66
130
134
128
129
30
72
4
14
142
66
124
96
40
73
100
129
133
57
119
92
132
70
51
18
45
125
77
95
92
8
27
39
118
29
33
91
60
3
4
67
121
57
81
49
16
36
98
24
44
21
113
107
