##Rat 5 Day 46
 ##rewards
74
87
21
##Vertices
92
1
27
68
15
102
100
53
93
65
36
75
95
4
49
131
36
94
108
53
52
69
22
85
112
109
113
126
119
13
134
120
128
24
64
126
99
131
14
125
116
103
118
140
81
47
129
74
84
68
114
20
101
78
133
81
130
16
63
71
65
82
60
124
90
139
110
17
132
86
136
18
13
123
31
12
94
40
95
3
66
106
139
27
57
58
34
129
84
40
130
105
19
88
61
115
46
32
101
83
39
41
51
80
96
107
80
26
8
30
56
42
71
21
89
7
38
33
74
67
138
8
9
19
17
133
61
124
82
34
79
125
38
2
4
109
43
121
87
6
67
50
93
57
29
144
143
70
122
127
31
100
54
28
137
1
112
135
52
15
115
63
37
79
42
24
62
96
72
90
66
21
122
127
47
144
45
11
117
87
32
44
117
51
43
69
103
102
120
26
60
12
107
28
128
99
16
48
18
73
138
92
5
118
88
76
85
64
116
46
108
35
142
29
141
136
98
49
2
23
134
41
10
55
33
113
59
9
143
97
55
78
23
25
86
119
111
3
114
89
73
62
97
76
50
111
104
54
20
7
83
59
25
110
37
14
77
48
56
91
6
104
44
58
141
35
105
30
140
10
142
137
106
39
22
91
45
72
135
132
123
70
11
121
5
98
77
75
77
15
50
93
47
40
105
115
37
5
118
121
10
5
62
88
47
137
28
63
120
44
51
38
25
46
11
110
54
103
14
111
15
99
13
104
81
21
69
58
61
142
102
68
53
65
112
35
27
128
114
109
46
43
92
108
111
25
3
24
36
90
30
4
127
63
137
39
48
72
108
99
123
66
94
37
73
77
3
100
20
125
82
75
16
102
119
106
19
104
106
133
34
67
41
53
6
16
48
49
93
86
21
72
97
34
29
114
73
60
8
134
22
60
142
129
85
67
141
126
12
64
18
98
134
144
29
90
105
55
128
115
129
118
107
85
30
117
109
87
113
89
45
116
91
66
74
11
59
82
91
98
9
52
95
26
126
39
31
84
19
135
124
87
14
78
100
43
79
20
41
71
33
139
80
45
97
23
18
62
103
27
86
58
89
7
54
136
42
36
31
8
81
6
117
56
92
131
52
132
56
101
76
139
61
49
55
122
130
83
12
9
26
110
94
130
80
51
125
143
32
13
136
119
101
133
144
40
2
141
138
22
65
68
28
71
96
83
57
57
140
140
143
4
69
1
50
112
132
32
1
116
121
79
78
120
70
123
42
17
35
96
24
17
70
127
113
23
75
107
38
33
122
131
10
88
64
84
74
135
138
44
76
59
95
7
124
2
12
24
23
22
34
33
32
44
56
57
58
70
71
72
60
59
47
48
36
35
34
46
45
33
21
9
8
7
19
18
6
5
17
29
28
16
15
14
26
25
37
38
50
49
61
62
74
75
63
64
76
88
87
86
98
97
109
110
111
99
100
112
113
125
124
136
137
138
126
114
102
103
115
127
139
140
128
129
141
142
130
131
119
120
132
144
143
142
141
140
139
138
137
136
135
123
122
134
133
121
109
97
85
73
61
49
37
25
13
1
2
3
4
5
6
7
8
20
19
31
30
42
41
40
39
27
26
38
50
51
52
53
54
55
43
42
54
66
78
79
67
68
69
81
80
92
104
116
117
105
93
94
95
96
108
107
106
118
130
129
128
127
126
125
113
101
89
90
91
79
80
92
93
94
82
83
95
96
84
72
84
83
71
70
82
81
69
68
67
66
78
90
91
103
104
105
106
107
108
120
132
144
143
131
119
118
117
116
115
114
102
101
100
112
124
123
135
134
133
121
122
110
111
99
98
86
85
73
74
62
63
64
76
75
87
88
89
77
65
77
65
53
41
29
28
40
52
51
39
27
15
14
13
1
2
3
4
16
17
18
30
31
32
44
43
55
56
57
45
46
58
59
60
48
47
35
36
24
12
11
23
22
10
11
10
9
21
20
133
134
122
110
111
99
87
88
89
101
113
114
126
138
137
125
124
136
135
123
111
112
100
99
98
97
85
73
74
62
61
49
50
51
39
38
26
14
15
3
4
16
17
5
6
18
19
31
30
42
43
44
32
20
21
9
10
22
34
33
45
46
58
59
47
48
60
72
71
70
69
81
82
83
84
96
95
107
108
120
119
131
130
142
143
144
132
120
108
96
84
72
60
48
36
35
23
24
12
11
10
9
8
7
6
5
4
3
2
1
13
25
37
49
61
73
85
86
74
75
63
64
52
40
28
27
15
16
17
29
41
53
65
77
76
64
65
66
67
79
78
90
102
103
91
92
93
94
106
105
104
116
128
140
141
129
117
118
119
107
95
83
71
59
58
57
56
68
80
79
91
92
104
116
115
127
128
140
139
138
139
127
126
114
115
103
102
90
78
66
67
68
80
81
93
105
117
129
141
142
143
144
132
131
130
118
106
94
82
70
69
57
45
46
47
35
36
24
12
11
23
22
34
33
21
20
8
7
19
18
30
42
43
31
32
44
56
55
54
55
54
53
52
51
39
40
41
29
28
27
26
14
2
1
13
25
37
38
50
62
63
75
87
88
76
77
89
101
100
112
113
125
137
136
124
123
135
134
133
121
122
110
109
121
109
97
98
86
65
112
118
114
64
93
9
51
114
29
60
8
113
22
89
24
30
11
139
137
54
70
40
78
18
132
16
17
100
73
141
74
56
52
130
53
60
38
115
36
88
135
68
99
77
54
103
4
101
3
110
78
84
17
91
14
26
61
13
70
133
97
81
46
71
66
43
47
89
131
33
3
28
97
106
74
61
23
80
123
100
120
119
102
45
107
36
13
132
125
42
84
79
11
142
124
67
119
58
59
26
129
115
94
95
37
116
105
109
130
28
65
27
19
141
29
134
143
121
63
131
128
69
52
7
34
142
44
31
25
111
46
39
18
66
10
44
110
96
107
143
82
113
128
10
140
81
6
144
23
95
50
88
137
126
104
117
41
71
32
83
85
91
108
122
134
12
104
92
98
85
109
108
80
21
27
87
5
136
30
16
93
63
64
111
62
83
51
86
57
34
56
105
87
118
62
116
69
127
49
55
24
76
90
45
120
127
49
4
58
55
14
106
140
79
40
144
19
126
129
138
6
53
20
2
75
96
39
136
7
21
48
20
138
135
103
50
15
76
33
1
117
2
8
38
133
72
42
90
121
94
1
41
86
72
12
101
139
82
98
31
5
25
125
32
92
75
68
57
112
35
9
67
99
59
48
47
37
77
35
102
43
22
123
124
122
15
73
84
114
119
9
82
64
69
6
134
49
117
11
112
76
61
66
31
37
109
15
92
38
110
36
143
28
123
91
41
43
12
19
64
59
90
99
102
17
53
127
120
119
112
128
93
50
105
26
8
142
21
97
133
108
132
56
104
33
65
118
48
19
13
121
3
10
63
96
125
136
36
115
34
72
23
126
95
97
74
24
118
9
21
27
77
22
127
47
88
106
63
90
55
12
91
5
67
80
75
73
75
45
28
100
103
84
11
48
35
50
68
24
27
10
30
110
143
115
89
134
107
29
72
46
74
125
33
38
78
42
111
67
42
69
79
16
122
25
44
3
52
137
83
14
40
130
138
61
94
103
129
117
7
92
13
94
80
17
141
89
124
22
58
15
124
53
47
5
20
140
131
46
139
141
111
71
137
14
81
45
101
18
32
86
126
7
132
133
2
144
113
30
87
51
41
58
100
57
43
122
98
135
55
18
123
70
76
139
4
34
104
83
135
44
107
93
31
128
65
78
40
86
116
35
144
95
77
142
81
60
23
54
129
102
96
99
51
66
68
1
138
108
54
136
37
113
105
79
98
87
70
6
62
39
121
88
116
16
49
114
85
71
106
130
26
60
73
2
20
4
120
140
39
101
62
52
109
29
56
8
131
32
85
59
82
57
1
25
144
132
120
119
107
108
96
95
94
82
81
80
79
67
55
54
53
52
64
76
88
100
112
113
101
102
90
91
92
104
116
115
103
102
114
126
127
139
138
137
136
124
123
122
134
133
121
109
110
111
99
98
97
85
73
61
62
50
38
26
27
39
40
28
16
17
18
6
5
4
3
15
14
13
25
37
49
61
73
74
75
87
86
85
97
109
110
98
86
74
75
63
51
39
27
28
29
41
42
30
31
19
7
8
20
21
9
10
11
12
24
36
48
47
46
58
59
71
83
84
72
60
48
36
35
23
22
34
33
45
57
69
68
56
44
43
31
32
44
56
57
58
70
69
68
67
66
78
77
89
90
78
79
80
81
93
105
106
118
117
129
128
140
141
142
130
131
143
142
141
129
130
118
119
131
143
144
132
120
108
96
95
107
106
105
117
116
104
103
91
92
93
94
82
70
71
83
84
72
60
59
47
35
34
46
45
33
32
20
21
22
23
24
12
11
10
9
8
7
19
18
6
5
17
16
4
3
15
14
2
1
2
1
13
25
26
38
37
49
50
62
63
51
52
40
41
29
30
42
43
55
54
66
65
53
65
64
76
77
89
88
87
99
100
101
113
114
115
127
128
140
139
138
126
125
137
125
124
112
111
123
135
136
135
134
133
121
122
1
2
3
15
16
4
5
17
29
30
42
54
66
67
68
80
92
104
103
102
101
100
99
87
88
76
77
65
53
52
51
63
64
76
75
74
62
61
73
85
97
98
110
122
121
133
134
135
123
111
112
124
136
137
138
139
127
128
129
130
118
117
105
106
107
95
83
84
96
108
120
119
131
143
142
141
140
139
138
126
114
113
125
137
136
135
123
124
125
126
114
115
116
117
118
106
94
93
81
82
70
71
72
60
59
47
48
36
24
12
11
10
9
21
33
32
20
19
18
6
7
8
9
10
22
23
35
34
46
45
44
43
55
56
57
69
70
58
57
56
44
32
31
43
55
67
79
78
90
89
77
78
66
54
42
41
40
28
27
39
38
50
49
37
25
26
14
13
25
37
38
26
27
15
14
13
1
2
3
4
5
17
16
28
40
39
51
52
64
65
53
41
29
30
31
19
18
6
7
8
20
21
22
34
33
45
46
58
59
47
35
23
11
12
24
36
48
60
72
71
83
84
96
95
107
108
120
119
131
132
144
132
144
143
142
130
129
141
140
128
127
115
116
104
105
93
94
82
81
69
68
80
79
91
92
91
103
102
90
89
101
113
112
100
88
87
75
63
62
50
49
61
73
74
86
85
86
98
99
111
110
109
97
109
121
133
134
122
23
139
101
83
119
63
73
108
125
2
122
34
81
8
59
67
96
42
8
87
54
41
134
5
61
85
100
127
93
89
18
15
118
48
21
44
115
31
20
6
52
137
72
98
78
112
94
49
46
34
119
66
135
106
42
72
137
29
38
106
56
57
65
110
70
51
28
73
143
5
64
27
22
46
84
80
29
75
59
124
98
50
109
55
31
120
97
47
96
92
16
14
28
126
23
20
103
83
27
94
60
1
130
115
90
44
77
116
88
69
74
9
114
111
4
80
61
101
7
32
45
45
140
118
102
142
43
54
134
10
69
121
107
30
30
63
139
107
7
121
95
92
12
3
6
40
21
53
86
1
128
89
103
39
35
82
62
65
60
86
133
133
111
130
105
25
15
76
100
43
17
37
58
71
19
82
17
77
117
12
126
14
58
64
68
144
81
24
11
25
93
140
71
135
52
124
9
95
138
26
32
144
50
36
11
113
68
62
108
90
67
75
110
87
138
40
136
97
57
49
131
132
35
105
123
142
109
128
74
47
38
136
22
117
4
116
10
141
79
113
18
56
36
85
91
99
112
19
84
24
102
120
33
66
76
122
39
129
123
143
48
53
26
125
2
51
78
70
33
13
41
91
132
55
37
141
129
88
16
127
131
114
99
104
79
3
13
104
26
83
23
51
49
59
41
111
95
6
96
123
22
69
54
15
134
19
42
69
139
125
48
104
5
30
40
73
82
144
24
87
66
54
65
82
86
50
96
112
105
142
120
98
102
127
116
138
13
135
28
2
118
51
42
39
100
65
141
18
40
1
97
62
67
27
39
10
136
91
89
132
130
70
101
89
136
58
132
100
90
95
11
78
113
20
106
37
5
10
53
134
110
128
55
71
44
80
108
1
88
64
60
4
108
78
137
92
127
70
88
84
17
99
109
18
118
72
105
114
53
62
128
19
110
137
77
68
86
35
29
72
91
7
50
107
79
122
115
122
58
77
4
44
74
36
46
102
32
38
60
48
103
30
124
43
97
29
67
140
13
90
12
37
20
81
66
8
131
8
61
119
129
115
6
129
142
131
52
14
101
24
56
68
126
85
140
119
133
87
94
144
55
31
36
116
33
81
135
28
57
125
139
47
26
99
133
52
76
80
121
14
61
75
73
33
104
12
85
3
32
7
112
143
16
35
46
93
17
130
21
113
92
3
47
57
64
15
22
25
84
9
49
41
98
45
94
93
111
25
121
56
16
143
34
21
109
76
117
31
74
123
117
83
38
126
103
2
114
141
138
43
79
34
107
63
45
75
9
63
27
106
59
11
124
120
71
23
12
11
10
9
8
20
32
31
19
7
6
18
30
42
54
55
43
44
45
33
21
22
23
24
36
35
34
46
58
59
60
48
47
46
58
70
82
81
69
57
56
68
80
79
67
66
78
77
76
88
100
101
89
90
102
114
113
125
126
138
137
136
135
123
124
112
111
99
98
97
109
121
122
110
109
97
85
86
87
75
74
62
50
38
37
49
61
73
85
86
98
99
87
88
100
112
113
114
115
127
139
140
141
129
128
116
117
105
93
92
91
103
104
105
106
94
95
83
71
72
84
96
108
107
119
120
132
131
143
142
130
118
106
94
93
81
69
57
45
44
32
31
43
42
41
40
39
51
63
64
65
53
52
51
39
27
28
29
17
16
4
3
15
14
2
1
13
25
26
27
28
16
15
3
2
1
13
14
26
25
37
38
50
49
61
73
74
62
63
75
76
77
89
101
102
90
91
92
80
79
78
66
67
68
56
55
54
53
65
64
52
40
41
29
30
18
17
5
4
5
6
7
19
20
8
9
10
22
21
33
34
35
23
11
12
24
36
48
47
59
60
72
71
70
82
83
84
96
95
107
108
120
119
131
130
118
117
129
128
116
104
103
115
127
126
125
124
123
111
110
122
134
133
121
133
134
135
136
137
138
139
140
141
142
143
144
132
144
1
13
25
37
49
50
51
63
62
61
73
74
75
76
77
65
64
52
40
39
38
26
14
2
3
15
27
28
29
17
5
4
16
28
29
30
31
43
42
41
53
54
55
67
66
78
79
91
103
104
105
93
92
80
81
82
94
95
83
84
96
108
120
119
107
106
118
117
129
141
142
143
131
130
142
141
140
128
116
115
127
126
125
124
136
137
138
139
140
128
129
117
116
104
105
106
94
82
70
71
72
60
48
47
59
58
46
45
44
56
68
69
57
45
33
32
20
19
18
6
7
8
9
21
22
10
11
23
24
36
35
34
33
32
44
43
42
41
40
52
51
63
64
76
88
100
112
113
114
102
90
89
101
113
112
111
99
87
86
98
97
109
110
122
121
133
134
135
123
111
99
98
110
109
121
133
134
122
123
135
136
124
125
137
138
139
127
126
114
115
103
91
92
93
81
80
68
56
55
67
79
78
66
54
53
65
77
89
90
102
101
100
88
87
75
74
86
85
97
85
73
61
62
50
49
37
25
26
38
39
27
15
14
13
1
2
3
4
16
17
5
6
18
30
31
19
7
8
20
21
9
10
22
23
35
34
46
47
59
58
57
69
70
71
83
95
107
119
118
130
131
132
144
143
144
132
120
108
96
84
72
60
48
36
24
12
11
12
