##Rat 4 Day 40
 ##rewards
126
113
47
##Vertices
114
138
21
115
64
5
89
37
63
118
134
2
132
1
137
81
116
126
105
25
61
26
144
67
10
76
52
29
88
109
105
38
71
47
133
103
104
32
79
119
140
85
132
121
36
103
24
128
48
98
70
87
30
3
114
35
98
59
93
137
111
91
36
4
131
131
81
5
31
86
16
94
72
4
35
43
112
69
90
54
18
65
54
74
96
41
3
102
70
17
75
106
17
136
117
94
57
45
90
91
112
60
39
79
62
32
15
23
34
63
49
142
7
138
78
11
55
43
135
86
130
8
6
120
42
124
76
25
87
122
13
111
48
44
141
113
124
41
26
84
100
50
2
129
11
141
60
33
93
125
97
73
88
19
72
14
31
75
66
28
58
45
57
104
96
115
85
56
55
77
117
119
133
128
16
107
97
101
20
59
140
120
78
21
40
68
6
53
39
95
143
68
100
136
20
126
134
122
9
8
1
23
38
29
66
67
89
108
34
135
13
10
61
14
46
142
110
27
42
24
82
144
62
33
107
12
37
22
58
71
30
92
130
108
127
80
139
139
51
49
123
129
46
9
121
74
92
118
84
47
125
116
44
113
99
77
101
52
65
106
40
18
56
143
28
109
53
82
99
7
50
127
102
110
95
15
73
80
22
19
69
64
83
83
51
123
12
27
29
81
106
34
139
76
128
90
77
12
141
54
11
96
82
37
5
140
129
85
123
82
22
35
94
110
92
74
85
49
129
24
134
124
92
2
57
50
95
126
6
39
27
47
54
143
53
99
78
127
74
3
5
45
59
87
141
50
40
125
130
28
69
114
91
115
3
121
17
114
13
105
117
76
79
116
139
4
88
46
97
56
96
63
107
19
17
51
64
140
122
55
28
1
86
7
104
108
131
14
71
4
135
18
8
20
71
18
61
79
41
83
87
42
44
39
137
136
12
10
68
102
109
124
70
38
47
23
65
130
81
111
9
32
48
11
98
21
48
55
118
25
144
134
49
120
67
118
120
31
90
31
142
125
99
29
83
52
136
62
33
84
122
8
80
16
113
70
102
34
46
77
52
91
61
123
26
64
40
75
58
133
110
57
33
89
84
97
93
100
36
126
1
19
35
66
36
73
73
60
67
7
98
58
24
112
117
6
101
115
66
22
112
86
108
38
132
23
65
88
30
113
42
25
95
62
2
10
27
13
45
60
63
80
100
26
116
72
107
142
105
109
143
56
111
21
104
51
20
14
94
135
93
43
128
69
15
119
75
127
43
101
106
138
144
15
131
53
103
72
132
137
78
103
30
133
138
89
32
119
121
41
59
16
44
37
68
9
144
132
120
108
96
95
94
82
83
84
72
71
70
69
68
80
81
93
105
106
107
119
131
143
142
130
118
117
116
128
140
141
129
117
116
115
114
102
103
104
92
91
90
78
79
67
66
54
42
41
40
52
53
65
64
63
51
50
62
61
49
37
25
26
38
39
27
28
16
4
3
2
14
15
3
4
5
17
29
30
18
19
20
21
9
8
7
6
5
17
16
28
29
41
40
39
51
63
75
74
73
85
97
98
86
87
99
100
101
89
77
76
88
100
112
113
125
126
127
139
138
137
136
124
123
135
134
122
121
109
110
111
112
113
101
102
103
104
105
93
94
82
81
69
57
45
33
32
31
43
55
56
44
32
33
34
46
58
59
47
48
36
35
23
24
12
11
10
22
34
46
47
35
36
24
12
11
23
22
10
9
21
20
8
7
6
18
19
31
30
42
54
53
52
64
65
77
89
90
78
66
67
79
91
92
80
68
56
55
43
44
45
57
58
70
71
59
60
48
60
72
84
83
95
96
108
120
119
107
106
118
130
131
132
144
143
142
141
129
128
140
139
127
115
114
126
138
137
125
124
136
135
123
122
110
111
99
98
86
87
88
76
75
74
62
50
38
26
27
15
14
13
1
2
1
13
25
37
49
61
73
85
97
109
121
133
134
133
133
134
135
136
137
125
113
114
126
138
139
127
115
103
91
90
102
101
100
112
124
123
122
121
109
110
111
99
87
86
85
97
98
99
87
75
63
64
76
88
89
77
65
66
78
79
67
68
69
57
45
44
56
55
43
31
32
20
19
7
8
9
10
22
21
33
34
46
47
48
36
24
23
35
36
48
60
59
58
70
71
83
95
107
108
96
84
72
60
59
47
46
58
57
45
33
32
31
30
18
6
5
4
16
17
29
28
40
52
53
54
42
41
40
39
51
50
62
74
73
61
49
37
38
26
25
13
14
2
3
15
27
39
51
52
64
76
88
100
101
113
114
102
103
104
105
106
94
82
81
80
92
93
94
106
118
117
116
128
129
141
142
130
131
143
144
132
120
119
118
117
129
130
142
143
144
132
131
119
120
108
107
95
96
84
72
71
83
82
70
69
68
56
44
43
55
54
53
65
66
67
79
78
77
89
90
91
92
80
81
93
105
104
116
115
127
128
140
141
140
139
138
126
125
137
136
135
123
124
112
111
110
122
134
133
121
109
97
98
86
85
73
74
75
63
62
61
49
50
38
37
25
26
14
15
27
28
16
17
29
41
42
30
18
19
20
21
22
34
35
23
11
12
24
12
11
10
9
8
7
6
5
4
3
2
1
13
1
105
130
140
39
44
142
124
134
57
125
121
126
49
82
98
47
61
87
102
120
30
96
54
143
4
7
62
102
118
143
84
114
92
85
133
28
20
48
6
56
34
69
45
126
76
55
117
89
2
15
12
20
8
76
19
78
62
88
79
137
122
27
53
104
122
54
50
65
100
95
91
27
74
130
3
133
89
107
124
47
116
70
1
72
94
23
141
119
43
36
42
94
16
71
82
108
101
46
106
80
90
144
37
63
138
31
4
113
132
92
64
25
41
35
51
129
125
97
99
33
21
29
144
26
18
10
26
39
91
7
56
14
58
22
106
9
34
12
57
41
93
77
40
75
135
105
48
103
14
23
21
81
11
110
129
58
19
53
85
111
90
121
13
97
83
38
101
127
128
3
127
98
18
77
28
123
99
11
118
117
141
22
66
10
103
52
31
93
5
2
107
65
50
17
44
138
139
87
134
109
137
116
113
78
86
55
73
35
16
140
49
51
70
115
131
9
33
67
73
13
6
46
25
119
24
128
135
108
43
88
114
71
81
110
84
60
69
132
68
64
79
68
29
59
139
115
1
30
32
72
61
96
95
24
59
74
131
111
136
112
120
42
80
36
100
15
60
17
5
83
109
67
40
52
123
75
63
38
32
8
142
86
66
45
37
112
136
104
10
93
45
74
81
9
48
23
75
35
96
105
98
123
66
134
36
144
16
20
116
63
103
142
42
37
129
85
109
93
24
3
124
133
54
38
65
95
119
88
118
33
59
79
47
84
64
136
19
1
108
52
47
110
125
66
2
77
94
126
82
11
115
117
73
76
144
36
139
5
73
22
56
130
64
8
143
114
63
91
40
132
18
78
48
98
112
59
16
17
100
137
2
95
11
138
86
92
67
138
49
107
6
100
124
12
49
140
115
56
135
74
142
57
87
37
44
94
127
12
70
129
136
72
88
30
69
52
139
132
13
39
70
33
41
20
25
29
7
130
53
31
32
19
85
44
71
43
141
21
7
21
80
50
96
9
69
34
83
46
58
116
143
123
51
76
61
23
22
133
106
60
17
131
105
97
26
68
82
111
89
72
40
32
45
43
120
30
97
87
104
24
122
62
18
46
102
34
79
113
99
67
75
86
125
13
15
121
35
6
127
120
57
109
137
106
91
84
27
80
122
101
28
77
10
3
119
14
112
54
113
78
92
134
117
111
118
4
27
90
135
128
1
39
140
61
62
104
141
14
81
15
42
126
102
131
83
5
71
101
99
4
29
60
53
121
128
28
26
41
38
65
89
68
55
25
50
8
58
107
103
90
114
51
110
31
108
55
12
11
10
9
21
33
32
20
8
7
6
5
4
16
17
29
28
27
39
38
26
14
13
1
2
3
15
27
39
40
41
42
30
31
19
18
6
7
8
9
10
22
23
24
36
48
60
72
84
83
95
96
108
120
132
144
143
142
130
129
141
140
139
138
126
127
128
116
104
92
93
81
82
70
71
59
47
35
34
46
58
57
45
44
43
55
56
68
80
79
78
90
102
114
113
101
89
77
65
64
52
51
50
49
61
73
85
86
87
75
74
62
63
51
52
53
54
66
67
55
43
44
56
57
69
70
82
94
106
107
119
118
117
105
93
94
106
105
104
103
91
90
89
88
76
64
63
75
76
88
100
112
124
123
111
110
109
97
98
99
100
101
113
125
137
136
135
134
122
121
133
121
133
134
122
123
135
136
124
112
111
110
109
97
98
99
87
86
85
73
74
62
61
49
50
38
37
25
37
25
26
14
13
1
2
3
15
16
4
5
17
29
28
40
41
53
65
77
78
79
91
92
80
81
69
68
67
66
54
42
30
18
19
31
32
20
21
22
23
11
12
24
36
35
34
33
45
46
58
59
47
48
60
72
71
83
84
96
95
107
108
120
132
131
119
118
117
129
128
116
115
103
102
114
115
127
126
125
137
138
139
140
141
142
130
131
143
144
1
13
25
37
38
39
51
50
49
61
73
85
97
98
86
87
99
111
112
124
123
122
134
133
121
109
110
111
112
100
88
76
75
63
62
74
73
61
49
37
25
26
14
2
3
4
5
6
7
19
20
8
9
10
11
12
24
36
35
47
48
60
72
84
83
71
59
58
57
56
44
43
31
30
18
17
16
15
27
28
29
41
40
52
64
65
53
54
55
67
79
80
81
82
94
93
92
91
90
102
101
113
125
137
138
139
140
128
116
115
127
126
114
113
101
89
77
78
66
65
64
52
53
41
42
30
31
32
33
21
22
34
46
45
44
32
33
45
57
69
68
80
92
104
103
102
114
115
103
104
105
106
107
119
118
130
142
141
129
117
105
93
94
95
96
108
120
132
131
143
144
143
144
132
131
119
120
108
107
106
118
130
142
141
129
117
116
128
140
139
127
126
138
137
125
124
136
135
136
135
123
122
134
133
121
109
110
98
97
85
86
87
99
100
88
89
90
91
79
67
68
56
55
43
42
54
66
78
77
76
75
74
62
63
51
50
38
26
14
13
1
2
3
15
27
39
40
28
29
17
16
4
5
6
18
19
7
8
20
21
9
10
11
23
22
34
46
47
59
58
70
69
81
82
70
71
83
95
96
84
72
60
48
36
35
23
24
12
46
129
84
77
65
121
66
95
79
63
81
92
122
38
118
44
114
5
144
137
37
110
124
112
100
3
22
73
2
28
16
96
116
80
115
102
56
140
83
107
69
26
139
59
139
64
1
55
16
24
55
5
71
12
78
49
133
130
46
76
57
13
27
89
88
127
100
11
43
126
85
90
19
21
67
122
115
52
116
127
113
98
25
36
37
124
4
138
117
53
28
107
99
41
106
9
108
136
140
45
93
135
29
33
33
141
99
12
126
51
30
66
109
27
19
41
141
23
10
111
48
82
134
36
8
30
53
121
6
17
43
65
44
75
38
108
64
26
88
136
11
104
61
93
2
104
125
142
135
20
133
54
89
13
50
118
60
134
87
58
21
86
90
23
15
128
125
123
111
56
106
105
52
137
10
94
119
84
138
29
68
78
117
20
39
114
18
131
22
87
132
130
83
17
47
80
59
119
45
15
48
9
62
32
73
3
35
128
40
91
85
72
50
67
42
97
68
25
70
31
82
94
54
131
49
142
7
4
103
34
8
32
101
143
77
74
6
72
79
120
120
40
97
92
143
71
110
24
61
18
105
103
81
102
60
58
123
74
132
35
7
112
39
144
75
98
47
109
62
14
70
51
76
101
31
96
95
1
42
57
113
14
69
86
63
129
34
91
27
123
91
43
12
19
70
17
73
115
114
115
71
138
117
95
16
61
129
112
33
92
51
62
39
37
23
50
6
4
94
105
9
86
113
26
72
13
87
121
85
124
71
65
111
125
94
105
49
14
27
67
84
32
110
131
55
127
24
9
74
73
77
109
45
96
97
107
66
64
16
48
45
100
122
124
46
140
104
141
63
78
38
21
102
72
22
40
34
82
75
98
59
129
67
48
2
122
103
65
66
83
14
46
38
29
132
49
41
93
21
116
52
108
31
76
81
56
88
120
90
90
24
107
133
30
120
57
51
32
19
62
140
69
37
119
1
20
61
55
143
33
99
79
95
59
126
70
60
134
23
84
100
8
110
13
125
7
80
63
114
109
98
139
53
92
40
10
137
35
99
8
102
28
3
54
143
35
142
85
133
103
44
47
50
81
68
130
69
7
30
136
138
75
78
74
58
101
135
36
112
126
12
88
28
58
131
130
117
18
11
5
17
15
1
106
11
111
121
2
144
79
86
80
91
60
76
22
36
128
135
42
15
25
142
20
18
97
39
104
52
106
118
116
68
141
113
5
101
31
144
42
29
108
132
57
10
47
139
83
25
4
137
127
87
134
93
96
34
118
89
43
6
64
89
82
26
123
44
77
56
3
119
128
53
54
41
136
144
132
131
130
129
141
142
143
144
132
120
108
96
95
94
93
81
82
70
69
68
80
92
91
79
67
66
54
55
43
42
41
29
30
31
19
18
6
5
17
16
4
3
15
27
28
40
39
38
26
14
2
1
13
25
37
49
61
62
74
75
87
86
98
110
122
134
133
121
109
97
85
73
61
49
50
51
63
64
76
77
65
53
52
64
65
66
78
90
102
101
113
125
124
112
100
99
111
123
135
136
137
138
139
127
126
114
115
103
104
105
106
107
119
118
117
116
128
140
139
138
137
136
124
125
126
114
113
112
100
88
89
101
102
103
104
105
93
94
82
83
84
72
71
59
60
48
47
35
36
24
23
11
10
22
34
46
45
44
56
57
58
46
34
33
21
9
8
7
6
5
4
16
28
27
26
14
15
3
2
1
13
25
37
38
39
51
50
62
63
75
74
73
85
86
98
97
109
121
133
134
135
123
122
110
111
99
87
88
76
77
89
90
78
79
91
92
80
81
69
57
45
44
56
68
67
55
54
53
52
40
41
29
17
18
30
42
43
31
32
33
32
20
19
7
8
20
21
9
10
22
23
35
47
59
58
70
71
83
95
107
106
118
117
116
115
127
128
140
141
129
130
142
143
131
119
120
108
96
84
72
60
48
36
24
12
11
12
1
2
14
26
38
37
25
13
1
2
3
4
5
17
29
41
42
30
31
43
55
54
53
65
66
67
79
80
68
69
81
93
94
82
70
71
83
84
96
95
107
108
120
119
118
106
105
117
129
130
131
132
144
143
142
141
140
139
127
126
114
113
125
124
123
122
121
133
134
135
136
137
138
139
140
128
116
115
103
102
90
91
92
104
103
91
79
78
77
76
88
87
86
98
99
100
112
111
110
109
97
85
73
61
62
74
75
63
64
52
40
28
16
15
27
39
51
50
49
61
73
85
97
98
86
74
75
87
99
100
101
89
88
76
64
52
40
41
29
30
18
6
7
19
20
8
9
21
22
10
11
23
24
36
35
34
33
45
57
56
44
32
33
34
46
47
48
60
72
84
96
108
107
106
118
130
131
119
120
132
144
143
142
141
129
117
116
128
127
115
114
126
138
137
125
124
136
135
134
133
121
109
110
122
123
111
112
113
101
102
90
89
77
78
66
65
53
54
42
43
44
45
57
56
55
67
68
80
92
104
105
93
94
95
83
82
81
69
70
58
46
58
59
71
72
60
59
47
48
36
35
23
22
21
20
32
31
19
18
17
16
28
27
39
51
63
62
50
49
37
38
26
25
13
14
15
3
4
5
6
7
8
9
10
11
12
24
12
