##Rat 2 Day 26
 ##rewards
18
29
107
##Vertices
30
111
20
26
135
70
25
124
106
120
39
40
121
42
2
58
4
140
111
105
95
46
34
99
49
44
97
27
121
15
134
59
1
115
49
29
37
138
38
56
133
61
144
126
14
127
87
72
50
66
57
117
79
52
1
117
8
47
110
100
27
93
84
10
83
60
6
128
17
64
122
41
24
122
9
81
88
82
80
32
78
35
10
67
24
72
90
31
126
118
48
118
17
131
142
7
113
22
75
142
93
103
28
85
114
106
6
15
3
79
96
19
13
83
62
18
77
98
71
36
19
94
127
37
130
81
134
40
120
67
71
76
54
123
33
21
56
42
107
51
89
101
98
124
144
113
77
104
119
102
115
60
109
132
54
141
29
143
13
143
109
5
74
92
140
92
11
116
128
66
89
51
34
78
123
32
112
38
62
57
9
82
23
116
101
63
50
112
139
84
4
33
16
58
18
90
70
99
76
125
135
52
53
105
68
22
43
129
91
55
11
137
138
65
46
14
86
5
87
104
100
30
137
63
86
114
3
35
119
23
102
69
43
26
31
64
141
80
95
125
88
16
65
108
132
133
136
2
129
25
28
110
96
55
75
68
73
61
85
131
7
97
136
12
12
21
107
94
8
74
36
108
69
41
91
44
53
59
20
103
73
45
139
45
39
130
48
47
57
91
35
78
93
69
61
1
74
8
59
67
122
114
133
68
17
71
73
51
9
47
39
118
10
131
117
36
116
37
58
75
16
17
80
40
32
136
7
129
40
48
30
123
108
124
69
14
36
96
79
60
52
42
128
22
19
113
140
33
62
77
10
47
72
3
142
122
92
56
67
1
141
91
11
2
24
70
38
100
119
92
108
129
74
121
139
29
46
43
15
43
90
110
96
133
53
141
120
98
14
88
101
19
111
85
109
81
110
54
111
68
118
31
135
70
5
61
125
37
93
51
124
41
63
44
49
109
94
116
16
65
34
126
53
84
144
140
102
23
123
32
56
24
87
130
21
85
2
107
25
44
80
81
143
105
107
20
134
120
106
135
66
41
104
97
55
8
54
4
138
3
73
66
9
144
13
95
4
6
130
77
95
127
18
100
97
103
26
45
23
48
50
42
128
55
39
62
112
11
139
12
136
28
78
27
50
52
119
35
127
113
117
71
79
84
45
137
137
132
89
101
125
99
106
115
99
94
6
86
28
87
7
63
142
25
57
143
102
82
103
60
18
104
76
31
49
30
83
34
126
27
72
38
58
12
86
65
98
82
59
121
88
21
75
89
64
22
83
90
115
132
105
76
29
112
20
114
26
64
131
13
33
134
46
15
138
5
144
143
131
119
118
106
94
93
92
104
116
115
127
139
140
128
129
141
142
130
118
117
105
106
107
108
96
84
83
71
72
60
59
58
46
47
35
23
22
10
9
21
20
8
7
19
18
30
31
43
42
41
29
17
16
4
3
15
27
28
40
39
51
50
38
37
49
61
62
63
64
76
75
74
73
85
86
98
97
109
110
122
123
135
134
133
121
109
97
85
73
61
49
37
25
26
14
13
1
2
3
4
5
6
7
8
9
10
11
12
24
36
48
60
72
84
96
95
83
82
70
69
57
45
33
34
22
21
20
32
44
56
68
80
81
69
68
67
66
78
79
91
103
102
90
89
88
87
99
100
101
113
125
137
136
124
112
111
110
98
86
74
62
50
51
52
53
65
77
78
90
89
101
113
114
126
125
137
138
139
138
126
127
115
114
102
103
91
79
67
66
65
77
76
88
100
112
124
136
135
134
133
121
122
123
111
99
87
75
63
64
52
40
39
38
26
25
13
1
2
14
15
27
28
16
17
5
6
18
19
31
43
42
30
29
41
53
54
55
54
55
56
57
58
46
45
44
32
33
34
35
23
11
12
24
36
48
47
59
71
70
82
94
93
81
80
92
104
105
117
116
128
140
141
129
130
142
143
144
132
131
119
120
132
120
108
107
95
1
13
14
15
27
28
29
41
53
52
51
63
62
61
49
50
38
37
25
26
27
39
40
28
16
4
5
6
18
19
7
8
20
32
33
21
22
23
35
36
48
47
59
60
72
71
83
82
70
69
81
93
94
95
107
108
120
119
118
106
105
117
116
128
129
141
140
139
127
115
103
102
114
126
138
137
125
124
136
135
123
122
110
109
121
133
134
135
136
137
138
139
140
141
142
130
131
143
144
132
120
108
96
84
72
60
48
36
24
12
11
10
9
8
7
6
5
17
18
30
31
43
44
45
46
34
35
47
59
58
57
56
55
54
42
43
55
67
79
78
66
65
64
76
77
89
101
113
112
100
88
87
86
85
97
98
99
111
123
124
125
126
127
128
116
104
92
91
90
78
77
89
88
87
75
74
86
85
73
61
73
74
62
63
75
76
64
65
66
67
79
91
90
102
101
100
99
98
97
109
121
133
134
122
110
111
112
113
114
115
103
104
105
117
129
130
142
143
144
132
131
119
118
106
107
95
96
84
83
71
70
69
81
82
94
93
92
80
68
80
68
56
44
32
33
45
57
58
46
34
22
23
24
12
11
10
9
21
20
19
31
30
29
41
42
54
53
52
40
39
51
50
49
37
38
26
25
13
1
2
14
15
3
2
3
4
16
17
18
9
61
37
19
36
7
58
108
120
15
103
140
80
39
127
115
118
97
86
110
55
43
123
45
102
64
25
8
81
137
25
66
88
40
22
124
95
79
122
138
106
107
17
91
141
89
67
88
113
59
46
60
86
60
144
101
69
96
139
135
127
61
34
87
21
6
44
35
6
132
139
45
11
53
133
30
115
38
130
100
24
106
134
71
4
128
123
59
46
63
31
41
2
26
83
112
49
138
78
31
111
20
117
143
64
93
116
85
75
125
83
90
62
124
56
89
87
143
33
42
41
1
82
75
77
82
141
81
105
122
104
2
51
57
114
70
99
47
54
135
99
10
26
3
109
85
112
110
126
69
13
30
114
93
27
54
70
108
50
129
144
90
117
16
92
33
55
10
28
76
52
142
28
11
76
68
113
21
74
71
40
67
22
79
126
23
19
58
1
13
78
131
65
80
18
97
36
91
72
100
53
24
15
133
137
119
44
125
116
73
129
73
131
132
94
34
7
29
9
84
50
92
136
102
3
52
32
119
39
101
5
4
29
16
48
68
35
107
111
14
56
98
48
128
51
47
74
72
118
57
95
120
38
5
121
130
96
17
98
65
105
14
23
109
20
32
8
134
121
42
62
136
37
140
12
27
84
63
49
103
66
43
94
77
104
12
142
88
91
125
129
48
58
70
65
100
136
103
72
23
80
121
5
21
40
120
13
2
93
58
36
54
105
15
127
28
94
113
133
68
22
64
76
106
29
23
59
88
3
77
108
115
106
4
18
143
57
139
101
57
38
110
80
118
38
30
12
55
105
67
37
138
111
19
59
71
17
66
86
12
25
99
142
135
107
22
31
26
34
75
60
61
50
85
126
24
141
92
89
45
8
129
100
49
10
103
39
14
134
135
140
123
41
39
14
127
68
136
42
144
81
121
21
123
25
18
107
108
64
76
72
85
33
97
98
42
53
87
28
90
81
86
44
48
61
130
17
20
142
130
56
63
9
137
32
52
35
56
11
133
65
73
102
43
47
13
134
115
114
111
1
138
30
74
47
110
96
84
37
51
5
137
131
128
54
79
9
71
51
77
89
11
45
114
140
128
92
87
69
8
35
33
53
122
24
104
3
120
95
96
52
19
113
104
4
125
78
82
124
79
20
43
62
36
75
95
69
82
141
46
124
44
66
27
29
91
126
50
73
27
74
131
32
102
70
6
118
16
6
112
34
117
63
90
116
112
49
62
116
16
109
97
101
139
132
99
98
7
67
10
132
144
109
117
119
94
143
46
2
122
26
15
40
55
1
31
7
119
93
83
41
84
78
60
83
133
134
135
123
124
136
137
125
113
114
102
90
78
79
80
68
56
44
43
42
41
40
39
51
52
64
65
77
89
88
87
75
76
64
63
62
74
73
61
49
37
38
26
14
13
1
2
3
15
27
28
16
4
5
6
7
19
20
21
22
34
33
45
46
47
59
71
72
60
48
36
35
23
11
10
9
8
7
6
18
30
29
17
5
4
3
15
16
17
18
30
31
32
33
34
46
58
57
69
70
82
83
84
96
95
107
108
120
132
144
143
142
141
129
117
116
128
127
126
138
139
140
141
142
130
131
119
118
106
105
104
103
91
92
93
81
82
94
93
92
104
116
115
103
91
79
67
66
54
53
65
66
78
90
102
101
100
112
111
99
98
86
85
97
109
110
122
121
109
97
98
110
111
123
122
121
133
134
135
136
137
125
124
112
100
99
87
88
76
77
89
101
113
114
115
127
126
138
139
140
128
129
130
118
117
105
106
94
95
107
119
131
143
144
132
120
108
96
84
83
71
72
60
59
47
48
36
35
23
24
12
24
12
11
10
22
21
9
8
20
19
31
32
44
45
57
58
70
69
81
80
68
67
55
56
55
43
42
54
53
41
29
28
40
52
51
63
75
74
86
85
73
61
62
50
49
50
38
39
27
26
25
37
25
13
1
2
14
12
24
36
35
47
48
60
59
58
70
69
68
67
79
91
90
89
88
76
64
52
40
28
29
41
42
54
55
56
44
32
31
43
42
30
18
19
7
6
5
4
16
15
14
2
1
13
25
26
27
39
38
37
49
61
73
74
86
98
110
111
99
100
112
124
125
126
138
137
136
135
123
122
121
109
97
85
73
61
62
63
51
50
49
37
25
26
38
50
62
63
75
87
99
111
112
113
101
102
114
115
127
139
140
128
129
141
142
143
144
132
120
108
107
106
94
95
83
71
72
84
96
108
120
119
131
130
118
117
105
93
81
80
92
104
103
115
116
104
92
93
94
82
81
80
79
78
66
65
53
54
66
67
68
69
57
45
46
34
33
21
20
8
9
10
22
23
11
10
9
21
22
34
35
23
11
12
24
36
48
60
59
47
46
45
33
32
44
43
55
56
57
58
70
82
83
71
72
84
96
95
107
119
118
106
105
117
116
128
129
130
131
132
144
143
142
141
140
139
127
126
138
137
125
124
136
135
123
122
134
133
134
133
121
109
110
98
97
85
86
74
75
87
88
100
101
113
114
102
103
91
90
78
77
89
77
76
64
65
53
52
51
39
40
41
29
30
31
19
20
8
7
6
18
17
5
17
16
28
27
15
3
4
3
2
1
13
14
100
115
38
1
62
16
13
132
85
29
42
122
113
23
62
93
82
113
104
75
5
118
97
105
136
90
95
49
52
92
37
133
117
128
71
58
101
123
108
53
32
57
51
66
91
125
24
96
127
2
102
41
6
14
120
48
70
105
63
59
78
26
127
55
47
73
107
96
34
25
56
141
107
111
36
46
67
31
79
15
124
119
138
99
86
28
99
123
102
109
26
111
27
84
93
71
95
83
1
115
4
136
65
2
142
20
140
40
89
22
57
25
131
81
11
91
103
66
106
53
39
97
33
110
17
137
55
138
69
34
106
131
9
88
94
144
45
6
22
104
101
126
68
94
92
27
33
21
13
112
52
68
39
29
88
134
109
114
121
89
61
110
119
47
79
117
139
7
48
90
134
30
125
86
126
50
60
141
20
15
74
16
122
10
118
59
35
61
85
12
3
7
83
18
81
19
37
35
69
54
21
137
144
43
31
38
19
80
87
124
78
121
32
44
23
103
112
60
40
43
135
130
98
36
64
135
80
17
58
8
50
56
76
67
77
41
130
143
139
128
116
129
49
143
9
133
11
54
140
12
18
108
72
30
98
4
64
5
129
72
77
76
75
74
63
8
14
142
24
82
70
51
114
44
42
84
10
45
116
132
100
120
46
65
73
3
87
28
59
8
41
79
99
81
70
131
127
90
59
104
75
91
122
26
134
22
87
26
45
80
68
76
23
65
40
6
20
87
44
13
128
138
65
53
100
19
3
12
97
94
76
72
121
16
126
112
61
101
120
78
61
35
106
95
64
111
23
103
120
24
91
9
74
4
50
11
2
127
90
52
137
133
48
93
83
39
107
6
37
66
50
16
66
111
88
62
141
32
135
85
60
84
43
135
34
21
102
123
117
31
134
2
86
10
5
38
42
126
139
112
51
82
83
138
20
130
57
18
25
108
53
29
8
116
144
99
122
118
49
98
63
140
105
30
104
124
41
128
109
93
102
1
92
125
46
119
136
15
15
38
84
49
137
17
18
69
132
14
103
125
82
117
142
67
9
100
92
39
33
32
110
132
60
64
129
113
47
141
28
70
89
11
1
81
73
106
13
69
19
88
97
3
35
12
78
54
17
54
30
46
115
113
115
58
133
27
94
22
24
143
130
67
110
55
36
45
80
28
33
101
124
58
4
121
21
34
116
77
5
144
136
109
51
77
44
131
129
71
114
105
10
42
74
98
75
7
114
95
57
73
107
89
56
52
36
48
86
85
68
96
56
139
27
43
72
25
108
118
119
31
40
14
123
143
47
55
79
7
63
62
140
71
37
96
142
29
1
13
25
37
49
50
51
63
62
61
73
74
75
76
77
65
64
52
40
39
38
26
14
2
3
15
27
28
29
17
5
4
16
28
29
30
31
43
42
41
53
54
55
67
66
78
79
91
103
104
105
93
92
80
81
82
94
95
83
84
96
108
120
119
107
106
118
117
129
141
142
143
131
130
142
141
140
128
116
115
127
126
125
124
136
137
138
139
140
128
129
117
116
104
105
106
94
82
70
71
72
60
48
47
59
58
46
45
44
56
68
69
57
45
33
32
20
19
18
6
7
8
9
21
22
10
11
23
24
36
35
34
33
32
44
43
42
41
40
52
51
63
64
76
88
100
112
113
114
102
90
89
101
113
112
111
99
87
86
98
97
109
110
122
121
133
134
135
123
111
99
98
110
109
121
133
134
122
123
135
136
124
125
137
138
139
127
126
114
115
103
91
92
93
81
80
68
56
55
67
79
78
66
54
53
65
77
89
90
102
101
100
88
87
75
74
86
85
97
85
73
61
62
50
49
37
25
26
38
39
27
15
14
13
1
2
3
4
16
17
5
6
18
30
31
19
7
8
20
21
9
10
22
23
35
34
46
47
59
58
57
69
70
71
83
95
107
119
118
130
131
132
144
143
144
132
120
108
96
84
72
60
48
36
24
12
11
12
133
134
135
136
137
125
113
114
126
138
139
127
115
103
91
90
102
101
100
112
124
123
122
121
109
110
111
99
87
86
85
97
98
99
87
75
63
64
76
88
89
77
65
66
78
79
67
68
69
57
45
44
56
55
43
31
32
20
19
7
8
9
10
22
21
33
34
46
47
48
36
24
23
35
36
48
60
59
58
70
71
83
95
107
108
96
84
72
60
59
47
46
58
57
45
33
32
31
30
18
6
5
4
16
17
29
28
40
52
53
54
42
41
40
39
51
50
62
74
73
61
49
37
38
26
25
13
14
2
3
15
27
39
51
52
64
76
88
100
101
113
114
102
103
104
105
106
94
82
81
80
92
93
94
106
118
117
116
128
129
141
142
130
131
143
144
132
120
119
118
117
129
130
142
143
144
132
131
119
120
108
107
95
96
84
72
71
83
82
70
69
68
56
44
43
55
54
53
65
66
67
79
78
77
89
90
91
92
80
81
93
105
104
116
115
127
128
140
141
140
139
138
126
125
137
136
135
123
124
112
111
110
122
134
133
121
109
97
98
86
85
73
74
75
63
62
61
49
50
38
37
25
26
14
15
27
28
16
17
29
41
42
30
18
19
20
21
22
34
35
23
11
12
24
12
11
10
9
8
7
6
5
4
3
2
1
13
1
