##Rat 8 Day 23
 ##rewards
71
58
124
##Vertices
144
143
131
119
118
130
142
141
140
128
127
139
138
126
114
113
125
137
136
124
112
111
110
122
123
135
134
133
121
109
97
85
86
74
75
87
88
100
101
102
90
91
79
80
92
104
103
115
116
117
105
106
107
95
96
108
120
132
144
143
142
130
129
117
105
93
94
82
81
69
70
71
59
60
72
84
83
82
70
58
57
45
46
34
22
23
35
47
48
36
24
12
11
10
9
21
20
8
7
6
5
17
18
19
31
30
42
41
40
39
27
15
3
4
16
28
29
30
31
32
33
45
44
43
55
56
68
67
66
78
77
76
64
65
53
54
42
41
29
28
27
26
14
2
1
13
25
37
49
61
73
85
97
98
99
100
112
113
101
89
88
76
75
63
62
50
51
52
40
39
38
50
38
26
14
2
1
13
25
37
49
61
73
74
62
63
51
52
64
65
53
54
66
67
55
43
44
56
68
80
81
69
57
58
46
34
33
32
20
19
18
17
16
15
3
4
5
6
7
8
9
21
22
10
11
12
24
23
35
36
48
47
59
60
72
71
83
84
96
95
107
108
120
132
131
119
118
106
94
93
92
91
79
78
77
89
90
102
114
126
127
115
103
104
116
128
129
141
140
139
138
137
125
124
136
135
123
122
134
133
121
109
110
111
99
87
86
98
1
13
25
37
38
50
49
61
73
85
97
109
121
133
134
122
123
135
136
124
112
100
101
89
88
76
75
63
64
65
66
54
42
43
31
30
29
17
16
28
27
15
14
2
3
4
5
6
7
8
20
21
9
10
11
12
24
36
48
47
35
23
22
34
46
45
57
56
68
80
81
69
70
58
59
71
83
95
107
108
96
84
72
60
48
36
35
34
33
32
44
45
33
32
31
19
18
30
42
41
40
52
53
65
77
78
90
91
79
67
55
54
53
41
29
28
40
39
51
52
64
63
62
74
86
87
99
98
110
111
112
113
125
137
138
126
127
139
140
128
129
141
142
130
131
143
144
132
120
119
118
106
94
93
105
104
103
102
114
115
116
117
118
106
105
93
92
104
103
102
101
113
125
137
138
139
127
126
114
115
116
117
129
128
140
141
142
130
131
143
144
132
120
119
107
108
96
95
94
82
81
82
70
71
83
84
72
60
59
47
46
58
57
69
68
56
44
43
55
67
66
78
79
80
92
91
90
89
77
76
75
74
62
50
51
39
27
26
38
26
14
15
16
17
18
19
20
21
22
23
24
12
11
10
9
8
7
6
5
4
3
2
1
13
25
37
49
61
73
85
86
98
97
109
110
122
121
133
134
135
136
124
123
111
99
100
88
87
26
97
82
144
38
29
24
115
88
129
62
57
113
35
55
42
47
137
77
138
57
49
105
63
70
138
111
20
133
102
40
110
75
33
100
87
72
83
139
41
66
65
59
44
59
54
140
84
60
85
7
3
98
104
32
13
51
56
48
15
20
29
7
46
75
34
30
48
123
140
2
61
25
76
23
103
118
28
10
62
4
10
14
89
25
120
44
50
131
87
111
37
92
73
129
8
99
52
68
112
101
102
46
77
108
116
105
15
125
95
17
132
43
141
66
114
119
80
23
73
99
17
119
122
104
123
18
11
94
53
42
86
84
39
70
45
8
110
124
114
6
97
78
134
64
118
43
24
55
120
74
26
93
35
56
79
135
71
121
14
69
76
28
36
83
81
53
27
90
141
79
21
115
22
3
39
100
89
142
12
95
136
86
47
6
50
13
143
52
121
27
65
107
122
128
19
60
142
1
130
58
133
11
116
41
61
67
96
126
92
5
18
31
33
34
31
67
19
81
64
128
132
54
91
68
71
88
103
74
85
109
5
16
143
126
109
125
113
2
106
36
101
9
117
1
69
9
49
12
21
82
107
93
32
40
127
4
30
94
80
106
135
38
137
127
16
22
117
98
108
96
131
112
124
78
130
91
37
72
134
136
63
45
144
58
90
139
51
36
100
97
41
57
60
59
109
46
132
53
47
37
68
5
101
89
112
134
91
103
67
50
90
104
50
92
101
27
144
1
26
78
23
30
30
6
100
28
85
32
14
11
89
17
19
61
83
102
115
126
47
42
65
38
28
120
92
7
114
29
106
7
76
87
43
91
119
2
90
68
62
74
31
36
124
85
51
118
32
141
77
72
13
44
15
144
54
82
34
121
25
70
72
133
93
81
141
9
20
40
8
33
58
140
1
42
106
137
61
126
13
135
22
56
108
22
107
125
75
131
69
12
74
125
110
138
76
49
62
70
143
41
114
118
18
4
10
116
129
39
10
15
35
73
5
110
136
112
123
14
96
23
9
107
111
66
88
35
86
87
88
55
79
94
135
136
128
24
99
127
56
142
129
12
122
83
121
105
113
43
16
25
99
59
127
60
103
95
84
115
48
64
71
48
34
104
66
53
117
82
84
75
65
137
98
73
123
71
52
140
80
8
80
20
132
57
97
29
142
120
86
94
2
11
64
40
33
133
26
130
17
18
79
134
96
37
102
108
105
19
38
27
45
24
39
124
45
44
139
16
69
31
58
49
139
63
54
117
55
138
78
51
21
81
67
131
21
3
93
4
119
143
77
122
111
116
130
109
52
98
6
95
63
128
46
113
3
133
134
135
123
122
110
109
121
133
134
135
136
137
138
139
140
141
142
130
118
119
120
108
96
84
72
60
59
47
48
36
35
23
11
10
9
21
22
34
46
58
70
71
83
82
81
69
57
56
55
43
42
54
66
67
68
80
79
78
90
102
101
113
125
124
112
111
99
87
86
85
97
98
99
100
88
76
64
65
77
89
88
100
101
89
77
78
90
91
92
93
94
95
107
106
105
104
103
115
116
117
129
128
127
126
114
115
116
104
105
93
94
82
81
69
57
45
44
32
33
34
46
45
44
43
31
30
29
41
53
52
40
39
27
28
16
15
14
26
38
37
25
13
1
2
3
4
5
17
18
19
20
8
7
6
5
4
16
28
27
39
51
50
49
61
73
74
62
63
75
87
86
98
110
111
112
113
114
102
103
91
92
80
79
67
66
65
64
76
75
74
62
63
51
50
38
26
14
15
3
2
1
13
25
37
49
61
73
85
97
109
121
122
123
124
136
137
125
126
138
139
127
128
140
141
142
130
129
117
118
106
107
119
131
132
131
143
144
143
144
132
120
108
96
95
83
84
72
71
70
58
59
60
48
47
35
36
24
12
11
12
24
23
22
10
9
21
33
32
31
19
20
8
7
6
18
17
29
30
42
41
40
52
53
54
55
56
68
12
24
36
35
34
33
21
20
19
18
6
7
8
9
10
22
23
11
10
9
8
7
19
31
32
44
43
55
54
66
65
77
89
90
91
79
67
68
69
70
82
94
95
83
84
96
108
120
119
118
106
107
108
96
84
72
60
48
47
46
58
59
71
70
58
57
45
44
56
55
67
66
78
77
76
64
52
40
41
29
17
16
28
27
15
14
26
38
37
49
50
51
63
62
61
73
74
86
87
88
100
99
111
123
135
134
133
121
122
110
109
97
85
73
61
49
37
25
13
1
2
3
4
5
6
18
30
42
54
53
65
64
76
75
87
88
100
112
124
125
126
114
113
101
102
103
115
127
139
140
128
116
104
92
80
81
93
105
117
129
130
131
132
144
143
142
141
140
139
138
137
138
126
127
115
116
128
129
141
142
130
131
143
144
132
120
119
107
106
118
117
105
93
94
95
83
82
81
69
57
56
68
80
92
104
103
91
79
78
90
89
101
102
114
113
125
137
136
135
136
124
112
111
123
122
134
133
121
109
110
98
99
98
97
85
86
74
75
63
62
50
38
39
27
15
14
26
25
13
1
2
3
4
5
17
16
28
40
39
51
52
53
41
29
30
42
43
31
32
33
45
46
34
35
47
59
71
72
60
48
36
24
12
11
23
22
21
20
109
94
117
79
6
130
17
9
125
76
15
114
28
106
60
138
31
59
39
85
89
70
141
21
37
111
114
74
70
22
36
94
48
81
22
97
18
46
86
110
82
73
26
97
1
18
130
4
10
119
119
26
105
29
72
136
38
113
92
41
132
23
12
84
58
17
71
98
133
13
49
107
20
62
109
24
12
86
77
33
116
100
64
61
135
72
43
107
141
56
19
28
91
8
6
115
27
55
95
31
80
37
42
23
131
66
100
34
113
51
50
46
103
102
39
21
108
131
121
129
142
43
104
120
120
68
137
128
95
128
24
15
13
99
133
53
117
32
38
35
99
47
5
29
63
66
9
44
71
16
84
123
115
63
140
35
30
87
56
126
102
127
73
142
41
49
121
93
48
125
3
2
75
124
144
65
57
87
139
30
60
53
25
116
105
40
76
92
124
3
89
58
52
88
82
127
40
78
101
93
34
50
16
98
77
85
57
143
45
90
75
5
61
19
101
136
106
62
64
79
96
83
54
91
55
14
1
78
122
103
45
112
118
111
54
126
132
69
74
134
7
2
104
80
118
129
143
11
144
67
122
47
36
4
59
7
33
88
52
65
8
51
68
140
83
137
11
135
20
42
81
44
67
69
134
10
32
139
96
25
138
108
14
123
90
110
112
27
103
119
81
98
56
33
132
114
112
70
123
128
137
139
126
9
51
85
39
22
30
120
3
49
111
22
87
29
68
75
65
46
93
75
64
10
109
72
82
66
80
59
102
107
111
34
34
23
2
17
112
80
138
12
41
71
55
40
37
1
29
42
60
96
28
58
134
27
36
54
62
36
129
28
84
97
52
108
50
131
43
105
59
14
105
55
77
30
47
93
106
19
121
140
53
103
83
99
142
39
89
65
67
6
49
116
127
85
20
104
92
5
134
76
25
31
97
99
8
95
18
53
21
137
67
125
25
72
88
66
1
130
102
142
140
35
47
17
57
38
54
52
57
74
69
133
83
43
74
15
12
109
124
84
61
13
101
68
86
117
71
16
76
121
2
20
26
110
104
42
9
100
125
44
24
33
41
69
139
3
18
96
50
73
120
11
126
90
13
23
37
124
44
136
63
144
70
115
4
51
19
119
26
21
98
79
48
87
15
94
129
92
113
6
62
82
32
81
91
56
128
90
101
118
78
138
14
40
46
106
60
143
110
115
64
122
7
58
113
79
107
118
5
144
31
123
95
117
108
77
45
131
116
133
8
143
122
86
78
24
45
135
88
32
94
11
38
63
7
10
141
4
61
73
35
89
127
91
16
130
100
136
135
27
48
132
114
141
1
13
14
15
27
26
25
37
49
50
62
61
73
74
75
87
86
85
97
98
99
111
123
122
110
109
121
133
134
135
136
137
125
126
114
113
101
100
88
76
77
65
66
54
53
52
64
63
51
39
40
28
16
17
5
4
3
2
1
13
25
26
38
39
40
41
29
30
42
43
31
19
20
8
7
6
18
30
31
32
44
45
33
34
35
23
22
21
9
10
11
12
24
36
48
47
59
60
72
84
96
95
83
71
70
82
81
93
105
117
118
119
120
108
107
106
94
82
70
58
46
45
57
69
68
56
55
67
79
78
90
102
103
91
92
80
81
93
94
106
118
130
131
132
144
143
142
141
140
139
138
137
136
124
112
100
99
87
88
89
101
102
114
115
127
128
116
104
105
117
129
128
129
130
131
132
144
143
142
141
140
139
138
126
127
115
116
104
103
91
92
80
79
67
68
69
57
56
55
54
42
43
44
32
33
34
46
58
59
71
83
95
107
119
120
108
96
84
72
60
48
47
35
36
24
12
11
23
22
10
9
21
20
8
7
19
18
6
5
17
16
4
3
2
14
15
27
28
29
41
53
65
66
78
90
89
77
76
75
74
62
63
64
52
51
50
38
37
49
61
73
85
86
98
97
109
110
122
121
133
134
135
123
111
112
113
125
124
144
132
120
108
107
95
96
84
72
60
48
36
24
12
11
23
22
10
9
21
33
45
44
56
57
69
70
82
81
80
79
91
103
102
114
115
116
128
129
117
118
130
131
143
142
141
140
139
138
137
125
124
136
135
134
133
121
109
97
98
110
122
123
111
99
100
88
89
77
65
64
76
75
87
86
74
62
50
38
37
49
61
73
85
97
109
110
111
112
113
101
100
112
113
114
126
127
115
103
104
105
93
92
80
68
67
55
54
66
78
90
91
92
104
116
117
105
106
94
93
81
82
83
71
59
58
46
47
35
34
33
32
20
8
7
19
18
6
5
17
16
4
3
15
14
2
1
13
25
26
27
39
51
52
40
41
42
43
31
30
29
28
27
39
40
52
53
41
42
43
44
32
20
8
7
6
18
19
31
30
29
28
16
17
5
4
3
15
14
2
1
13
25
26
38
37
49
50
51
63
64
63
75
74
62
61
73
85
86
98
99
87
88
76
77
89
101
102
90
78
79
67
66
65
53
54
55
56
68
69
70
71
83
95
94
106
118
119
107
119
131
130
129
128
127
126
125
124
123
122
121
133
134
135
136
137
138
139
140
141
142
143
144
132
120
108
96
84
72
60
59
47
48
36
35
23
24
12
11
10
9
21
22
34
46
45
57
58
97
76
70
17
2
3
109
25
11
12
80
55
37
55
133
114
69
93
28
141
138
34
4
62
106
141
19
71
83
142
99
9
42
50
91
86
10
12
6
114
59
15
73
128
54
68
3
124
47
57
86
60
95
7
119
135
22
132
44
25
122
108
92
14
103
66
81
39
53
43
133
2
51
65
24
18
60
65
97
74
85
20
42
106
62
107
115
16
53
101
26
78
19
21
18
39
118
96
29
92
26
82
47
117
123
77
119
58
84
82
30
116
84
126
10
104
41
75
24
112
112
61
81
90
15
85
140
135
9
89
91
96
32
79
88
117
1
76
110
52
73
79
124
87
31
43
52
23
90
108
132
54
137
78
121
136
45
126
77
70
111
46
40
89
69
140
17
46
29
49
131
143
115
87
1
104
30
32
103
120
98
99
48
48
123
36
118
134
100
101
128
59
139
94
139
63
64
136
37
16
28
31
57
144
125
72
72
88
100
56
33
98
122
51
4
34
107
35
58
64
63
111
68
121
113
36
125
113
142
20
102
129
127
130
61
75
130
137
120
27
127
6
22
35
109
95
134
110
38
21
83
40
67
66
93
5
67
7
33
129
45
116
102
38
74
13
131
71
56
8
50
23
49
144
44
13
5
80
94
27
138
105
105
8
143
11
14
41
129
140
141
111
29
8
16
34
44
40
103
35
17
5
89
54
56
92
65
125
116
76
22
118
20
135
74
112
106
79
108
140
37
68
100
26
31
121
133
124
26
30
16
47
48
70
109
28
18
53
41
88
7
17
93
88
86
101
46
13
141
63
119
82
127
107
70
83
37
87
65
10
128
62
47
27
64
92
24
134
120
66
137
122
34
125
57
52
61
114
90
130
106
39
127
19
129
101
76
79
144
52
139
68
91
23
57
112
51
7
6
110
128
63
12
60
13
110
73
80
33
85
67
134
5
105
9
137
41
130
51
45
104
71
81
73
48
1
11
95
123
109
75
98
117
59
11
94
36
42
108
21
104
49
86
94
31
131
133
90
113
23
98
25
33
131
12
53
10
64
8
71
77
99
58
139
38
32
85
124
15
116
4
43
58
144
3
46
22
24
78
95
14
74
36
56
142
35
1
72
102
59
135
54
49
50
97
39
114
115
105
75
3
143
14
89
9
55
61
69
123
107
30
67
80
77
84
15
55
126
91
62
93
38
20
6
126
97
96
2
78
29
82
28
118
45
18
132
103
142
19
50
60
111
84
66
72
119
44
113
132
136
21
27
4
69
100
99
143
96
40
81
122
42
117
83
115
102
120
25
121
2
138
87
32
138
43
136
