##Rat 2 Day 33
 ##rewards
18
29
107
##Vertices
12
11
10
22
21
9
8
20
32
31
43
55
67
66
65
77
89
101
102
103
104
105
106
94
93
81
80
68
56
57
58
70
69
81
82
83
71
72
84
96
108
107
119
131
132
144
143
142
130
118
117
129
141
140
139
138
126
125
124
123
111
112
100
99
98
86
74
73
85
97
109
110
122
134
135
136
137
138
139
127
115
116
128
140
141
142
130
129
128
127
115
114
113
112
111
99
87
88
76
75
63
62
61
49
50
38
37
25
13
1
2
3
4
16
28
29
17
18
19
7
6
5
4
3
15
14
26
27
39
40
41
42
54
53
52
64
63
51
52
53
41
29
30
42
54
66
78
79
91
92
80
79
67
55
43
44
45
33
34
46
47
59
60
48
36
35
23
24
36
48
47
35
34
22
23
24
12
11
10
9
8
20
21
33
45
46
58
57
69
68
56
44
32
31
30
18
19
7
6
5
17
16
15
27
28
40
39
51
50
38
26
14
2
1
13
25
37
49
61
62
74
73
85
86
98
97
109
110
122
121
133
121
133
134
135
123
124
136
137
125
126
114
113
101
100
88
87
75
76
64
65
77
78
90
89
90
102
103
91
92
104
116
117
105
93
94
82
70
71
59
60
72
84
83
95
96
95
107
106
118
119
120
108
120
132
144
143
131
1
13
25
26
38
37
49
50
51
63
64
65
66
78
90
91
92
93
81
69
57
45
33
32
44
43
55
54
53
41
29
30
42
43
31
19
18
6
7
8
9
21
22
23
11
12
24
36
35
34
46
47
48
60
72
84
83
95
107
119
118
106
105
117
129
128
127
139
140
141
142
130
131
132
120
108
96
84
72
71
70
58
59
60
48
36
35
47
59
71
70
82
94
106
118
117
116
104
103
115
114
126
138
137
125
124
136
135
134
133
121
109
97
98
99
87
86
74
62
61
73
85
97
109
110
122
123
111
112
100
88
76
77
89
101
102
114
113
101
89
88
87
75
76
77
78
79
67
68
56
55
67
66
65
64
52
40
39
27
28
16
17
5
4
3
15
14
2
3
4
16
15
27
26
14
2
1
13
25
37
49
50
38
39
40
28
29
41
42
54
53
52
51
63
75
74
62
61
73
85
86
98
110
111
99
100
112
113
125
124
123
122
121
133
134
135
136
137
138
126
127
139
140
128
129
141
142
130
131
143
144
143
144
132
120
119
107
108
96
95
83
82
94
93
105
104
116
115
103
102
90
91
79
80
92
80
81
69
68
56
57
58
46
45
44
32
31
30
18
17
5
6
7
19
20
8
20
21
33
34
22
10
9
10
11
12
24
23
134
26
51
127
91
39
72
29
90
61
129
116
124
141
139
5
53
37
36
137
50
27
59
113
144
128
118
25
138
18
19
144
9
109
73
36
70
132
78
82
90
70
41
45
16
84
8
21
107
115
116
121
97
49
121
20
103
49
42
105
68
76
41
108
106
86
33
5
52
94
48
67
124
3
55
12
3
138
38
80
37
32
59
117
95
14
11
99
6
140
86
28
123
133
24
143
1
75
64
26
119
58
55
43
53
61
101
100
76
72
82
60
100
115
87
132
31
105
79
88
107
101
47
131
14
84
81
17
22
140
79
112
40
6
52
69
88
57
35
109
66
51
22
15
42
106
64
122
63
119
73
11
66
39
141
78
127
103
108
111
31
110
62
12
95
29
63
30
143
113
35
4
9
34
34
33
139
130
75
118
13
83
135
47
65
74
142
93
120
65
129
71
7
77
20
27
28
136
98
17
89
123
44
32
126
74
92
122
46
48
120
54
126
80
102
23
131
125
96
56
89
21
45
54
112
58
46
56
111
2
85
102
114
13
71
87
77
137
81
83
30
104
128
15
2
69
40
38
62
18
92
142
96
57
68
50
125
25
44
117
19
10
133
23
104
91
24
10
135
1
134
16
60
114
97
99
7
8
4
130
85
67
110
43
93
98
136
94
38
130
122
73
71
36
114
117
22
98
91
6
90
109
54
55
137
107
83
26
35
89
139
136
93
100
9
103
50
102
70
35
142
60
8
16
15
29
58
110
15
28
27
42
124
3
132
61
17
92
128
84
63
31
138
62
131
119
122
9
124
106
110
123
57
140
13
98
18
1
127
2
52
144
86
64
65
26
85
49
51
112
44
76
59
33
68
5
7
81
94
30
114
69
25
101
65
141
132
4
16
99
117
93
92
72
56
78
5
33
75
142
46
95
88
77
22
73
141
39
18
82
112
115
75
32
126
4
78
19
74
29
2
87
36
49
28
107
10
128
125
144
1
31
108
11
64
59
45
57
113
108
111
138
94
113
129
20
8
40
12
133
79
7
41
82
62
127
121
74
38
87
89
40
47
140
46
97
60
85
118
66
23
3
53
43
25
135
101
83
105
37
14
52
30
70
99
120
111
97
23
135
100
84
54
104
121
105
115
51
17
41
131
48
129
50
71
66
44
24
118
134
103
143
48
119
102
56
45
10
116
47
53
76
143
80
21
19
133
34
67
55
24
95
37
69
67
32
96
96
12
90
116
68
11
86
6
134
21
139
20
123
27
72
39
13
120
126
34
91
106
88
42
58
125
136
81
79
109
104
43
137
130
77
14
63
61
80
144
132
120
108
96
95
94
82
83
84
72
71
70
69
68
80
81
93
105
106
107
119
131
143
142
130
118
117
116
128
140
141
129
117
116
115
114
102
103
104
92
91
90
78
79
67
66
54
42
41
40
52
53
65
64
63
51
50
62
61
49
37
25
26
38
39
27
28
16
4
3
2
14
15
3
4
5
17
29
30
18
19
20
21
9
8
7
6
5
17
16
28
29
41
40
39
51
63
75
74
73
85
97
98
86
87
99
100
101
89
77
76
88
100
112
113
125
126
127
139
138
137
136
124
123
135
134
122
121
109
110
111
112
113
101
102
103
104
105
93
94
82
81
69
57
45
33
32
31
43
55
56
44
32
33
34
46
58
59
47
48
36
35
23
24
12
11
10
22
34
46
47
35
36
24
12
11
23
22
10
9
21
20
8
7
6
18
19
31
30
42
54
53
52
64
65
77
89
90
78
66
67
79
91
92
80
68
56
55
43
44
45
57
58
70
71
59
60
48
60
72
84
83
95
96
108
120
119
107
106
118
130
131
132
144
143
142
141
129
128
140
139
127
115
114
126
138
137
125
124
136
135
123
122
110
111
99
98
86
87
88
76
75
74
62
50
38
26
27
15
14
13
1
2
1
13
25
37
49
61
73
85
97
109
121
133
134
133
133
134
135
136
137
125
113
114
126
138
139
127
115
103
91
90
102
101
100
112
124
123
122
121
109
110
111
99
87
86
85
97
98
99
87
75
63
64
76
88
89
77
65
66
78
79
67
68
69
57
45
44
56
55
43
31
32
20
19
7
8
9
10
22
21
33
34
46
47
48
36
24
23
35
36
48
60
59
58
70
71
83
95
107
108
96
84
72
60
59
47
46
58
57
45
33
32
31
30
18
6
5
4
16
17
29
28
40
52
53
54
42
41
40
39
51
50
62
74
73
61
49
37
38
26
25
13
14
2
3
15
27
39
51
52
64
76
88
100
101
113
114
102
103
104
105
106
94
82
81
80
92
93
94
106
118
117
116
128
129
141
142
130
131
143
144
132
120
119
118
117
129
130
142
143
144
132
131
119
120
108
107
95
96
84
72
71
83
82
70
69
68
56
44
43
55
54
53
65
66
67
79
78
77
89
90
91
92
80
81
93
105
104
116
115
127
128
140
141
140
139
138
126
125
137
136
135
123
124
112
111
110
122
134
133
121
109
97
98
86
85
73
74
75
63
62
61
49
50
38
37
25
26
14
15
27
28
16
17
29
41
42
30
18
19
20
21
22
34
35
23
11
12
24
12
11
10
9
8
7
6
5
4
3
2
1
13
1
35
85
92
23
15
114
115
70
109
117
30
6
135
74
86
144
8
103
62
125
117
80
111
94
74
64
77
66
10
124
83
40
98
53
60
132
59
48
126
99
13
133
97
144
84
37
136
65
102
57
123
63
5
67
14
9
63
21
93
48
128
133
22
7
95
6
34
20
130
127
82
30
23
47
143
47
125
113
72
108
135
11
32
109
52
60
53
122
27
120
54
58
24
43
112
78
81
25
72
57
118
17
50
140
131
35
28
95
84
107
45
38
17
73
32
123
79
36
83
113
102
43
141
92
56
116
18
82
55
100
103
51
100
108
129
67
39
76
110
15
130
139
12
4
76
12
129
40
86
24
88
29
137
111
94
44
107
22
62
90
140
96
128
46
55
46
25
80
81
91
59
75
26
3
88
139
143
101
56
138
119
54
8
138
90
97
26
105
118
115
18
16
9
69
134
68
11
131
119
27
50
120
36
106
7
1
51
89
34
19
41
10
29
41
37
73
70
33
122
49
134
89
104
42
49
16
141
61
137
45
77
38
4
99
121
93
106
20
19
68
112
132
65
110
31
44
64
61
127
121
101
116
142
79
136
75
1
87
91
142
28
85
33
69
2
14
5
31
98
42
124
105
2
52
71
78
126
3
13
66
96
39
114
71
21
87
104
58
105
125
101
132
103
39
130
71
73
18
113
25
17
106
20
107
86
25
46
114
109
126
6
37
94
13
31
104
134
87
52
65
111
59
21
43
9
46
30
44
4
63
106
128
13
52
5
97
137
99
18
116
88
7
50
60
14
63
69
78
56
126
94
121
75
79
83
138
6
85
125
8
2
11
78
89
1
121
24
79
73
55
102
134
143
83
65
108
95
95
40
93
26
141
23
137
133
124
64
37
100
66
112
75
62
22
36
67
88
92
58
123
120
82
45
15
139
89
120
118
62
71
48
142
16
90
34
90
20
10
70
29
122
97
86
131
105
55
47
123
26
41
21
122
38
144
47
3
27
10
19
100
98
76
60
82
104
67
44
132
113
45
74
39
118
103
9
111
3
14
31
50
133
43
108
93
91
129
35
114
139
53
138
33
116
32
54
77
143
42
32
16
124
74
28
15
112
28
57
2
115
140
40
110
12
80
99
80
49
34
66
51
27
70
129
12
72
17
84
72
49
117
77
61
29
131
58
33
22
119
4
107
135
135
57
101
136
81
144
68
128
35
140
136
142
127
8
41
5
61
54
42
19
102
85
91
109
92
119
96
48
24
127
51
141
84
38
115
53
76
59
30
117
23
64
98
68
87
1
96
36
7
11
81
56
110
69
130
1
2
3
4
16
28
29
17
5
6
7
8
9
21
20
32
33
34
46
47
35
23
24
12
11
10
22
34
46
45
44
43
31
30
18
19
7
6
5
4
3
15
14
13
25
37
49
61
73
74
86
85
97
109
121
133
134
135
123
124
136
137
138
139
127
126
125
113
101
89
88
76
75
63
62
50
38
26
27
39
51
52
40
41
42
54
53
65
77
78
79
91
103
115
116
104
92
80
68
69
57
58
59
60
72
84
96
95
94
82
83
71
70
58
57
56
55
67
66
54
42
41
53
52
64
63
75
87
99
98
110
111
112
100
88
87
99
100
101
102
90
91
92
93
81
69
70
82
81
93
105
117
129
130
118
119
120
108
107
106
105
104
116
128
140
141
142
143
131
132
144
132
144
143
131
130
142
141
129
117
118
119
120
108
107
106
94
95
96
84
83
71
72
60
59
47
48
36
48
36
35
23
24
12
11
10
22
21
9
8
20
32
33
45
44
56
68
80
79
78
90
89
77
76
64
65
66
67
55
43
31
19
18
30
29
17
16
15
14
2
1
13
25
26
27
28
40
39
51
50
38
37
49
61
62
74
73
85
86
98
97
109
121
122
110
111
112
124
125
113
114
102
103
115
114
126
127
128
140
139
138
137
136
135
123
122
134
133
133
121
109
97
98
99
87
86
85
73
61
49
37
38
50
51
39
27
28
16
15
14
2
1
13
25
26
27
28
40
52
64
63
75
74
62
61
73
85
97
109
110
122
134
135
136
137
138
139
127
128
140
141
142
143
144
132
120
119
107
108
96
84
72
71
83
95
94
93
92
104
103
115
114
126
125
124
123
111
112
113
101
100
88
76
77
89
90
91
79
67
68
69
70
58
57
56
55
54
42
41
29
17
5
6
7
8
20
32
31
19
18
30
29
41
53
65
66
78
77
76
88
89
101
102
114
115
116
117
129
130
118
106
105
104
116
117
105
93
81
80
68
56
44
43
42
30
31
43
44
45
46
47
35
34
22
10
9
21
33
45
57
58
59
60
48
36
24
23
11
12
11
12
24
23
35
36
48
47
46
34
22
10
9
21
33
32
20
8
7
19
18
6
5
17
16
4
3
4
3
15
14
2
1
13
25
26
38
37
49
50
51
39
40
52
53
54
55
67
79
80
92
91
103
102
90
78
66
65
64
63
62
74
75
87
86
98
110
122
121
133
134
135
123
111
99
100
112
113
125
124
136
137
138
126
127
139
140
128
129
141
142
143
131
130
118
106
107
95
94
82
81
69
70
82
83
71
59
60
72
84
96
108
120
119
131
132
144
139
28
142
1
2
90
14
16
17
67
62
121
29
109
47
16
120
141
96
9
53
59
74
124
130
42
13
56
52
143
51
33
122
73
25
102
118
144
123
118
4
50
25
45
51
79
94
96
90
67
138
27
33
85
10
133
119
60
131
38
62
139
34
100
115
127
89
69
95
83
52
6
123
18
57
68
56
12
21
115
127
95
131
87
40
100
77
136
92
26
141
88
124
122
82
91
105
32
80
134
87
15
126
119
13
137
110
134
45
39
85
97
63
142
84
128
107
99
7
40
43
143
69
61
3
114
121
101
78
128
44
59
30
41
34
4
108
36
55
53
104
6
28
23
32
31
47
44
10
110
54
27
41
8
35
106
140
24
72
61
107
113
116
63
42
65
92
144
91
66
112
37
137
83
130
129
64
43
66
132
70
129
71
30
26
112
125
132
103
106
49
98
68
138
94
74
20
37
17
77
49
58
80
11
109
117
89
79
86
19
60
108
64
18
46
22
57
73
65
55
8
125
48
105
7
38
75
113
111
111
117
72
101
5
81
29
15
136
76
70
19
58
116
9
135
12
103
140
133
114
3
84
81
97
5
126
76
50
93
93
78
102
21
54
11
82
14
35
2
99
46
88
24
20
98
48
120
86
135
75
36
1
23
39
31
22
104
71
37
134
66
64
83
77
15
13
3
91
58
129
108
138
119
53
55
142
22
111
3
43
85
38
87
110
46
42
93
13
4
92
88
109
89
10
97
49
32
10
76
21
102
24
7
80
81
128
114
38
121
14
34
64
29
84
74
137
74
141
115
97
35
18
78
105
73
123
53
48
143
23
139
119
94
120
100
26
8
31
137
86
128
104
1
122
107
93
87
116
54
69
66
92
118
95
113
136
49
82
71
130
8
88
65
90
37
104
28
142
60
44
120
98
103
39
15
36
96
140
19
47
96
1
131
63
70
9
61
51
75
101
84
6
106
114
133
86
98
24
71
5
80
99
20
100
144
117
40
61
141
59
31
67
2
32
67
77
136
113
129
76
54
117
23
56
135
33
20
42
25
25
63
5
125
29
27
50
85
28
79
78
116
57
105
33
143
11
122
35
44
41
106
4
7
55
69
99
124
72
16
144
26
75
108
68
103
132
45
60
68
30
12
124
19
110
139
91
45
52
34
57
134
2
82
130
6
131
50
140
90
118
39
16
83
109
62
72
112
48
51
18
121
125
56
58
95
17
65
123
112
52
46
135
43
107
59
11
36
138
111
101
62
94
70
102
40
115
79
127
27
41
133
17
30
22
14
89
126
47
73
126
132
21
81
127
9
12
