##Rat 2 Day 24
 ##rewards
18
29
107
##Vertices
24
60
109
23
101
63
3
68
78
51
2
44
43
98
85
105
70
121
70
19
136
42
119
58
112
72
115
1
40
135
91
120
10
73
4
37
54
29
36
103
79
24
138
119
21
134
96
61
14
11
82
50
118
104
12
44
31
82
95
20
94
53
17
47
7
39
124
37
116
129
141
113
86
127
52
46
49
29
19
2
85
132
137
108
28
107
110
144
84
17
51
110
58
86
106
53
114
41
65
102
57
25
41
15
81
55
32
130
47
126
64
125
11
102
60
33
93
45
66
106
141
75
135
99
90
48
8
112
66
97
137
62
16
14
142
92
76
18
26
125
5
62
142
115
50
134
93
34
59
56
97
139
109
89
57
132
131
131
56
23
31
25
55
81
140
105
126
72
83
45
77
33
133
74
4
16
27
111
54
138
100
42
104
89
139
65
88
22
52
129
101
3
121
63
74
77
69
13
27
143
140
133
127
43
117
40
9
99
21
117
18
80
71
32
67
26
15
73
130
98
59
143
61
84
128
90
114
96
91
38
124
103
68
88
94
78
39
69
123
75
30
1
95
123
35
80
108
92
49
64
120
8
28
36
83
116
118
12
122
113
34
48
144
136
10
67
46
122
7
13
38
6
100
9
71
5
76
22
35
111
79
6
87
107
87
30
20
128
110
144
52
23
55
57
3
118
83
108
111
66
64
18
17
92
70
79
29
105
94
48
53
69
96
20
21
42
54
41
63
81
82
133
117
19
78
32
131
136
35
54
12
46
70
79
71
76
59
9
140
71
86
75
62
56
82
33
18
16
77
143
52
87
118
25
47
50
123
119
132
27
90
60
85
5
32
89
121
133
11
7
102
35
4
121
100
107
23
139
96
64
39
1
13
125
98
134
56
88
21
81
105
114
131
78
61
136
43
50
2
28
92
9
112
74
135
80
6
33
30
122
36
7
126
84
30
104
80
84
29
120
101
99
67
37
85
113
72
40
128
86
26
13
127
17
73
125
132
128
63
31
5
135
106
75
113
45
31
130
100
14
95
24
26
123
111
12
2
76
97
91
55
36
99
8
119
40
39
129
49
66
122
68
130
103
11
3
34
144
141
90
65
57
16
51
142
60
89
74
28
19
120
93
44
94
47
42
107
114
46
4
106
115
98
59
143
10
104
87
117
1
140
51
124
77
43
20
38
110
15
91
37
22
62
41
103
83
116
93
25
45
22
138
124
24
14
68
15
101
10
137
109
116
134
88
115
61
69
141
58
109
6
102
138
49
48
34
126
44
127
72
27
142
53
67
65
95
97
129
139
108
8
73
112
38
137
58
1
13
25
26
14
15
3
2
1
13
25
37
49
61
73
85
97
109
110
111
123
135
136
137
138
139
140
128
129
141
142
130
131
132
120
108
107
119
118
117
116
115
127
126
114
102
103
104
92
80
81
69
68
67
79
91
90
78
66
65
64
52
51
50
38
39
27
28
29
17
5
4
16
28
40
41
42
43
55
54
53
41
40
52
53
54
66
65
77
89
101
113
125
124
112
100
88
76
75
87
99
98
86
74
62
63
75
87
88
100
101
113
114
102
103
104
105
93
94
106
118
117
105
93
81
82
70
58
57
56
44
45
33
34
46
47
35
23
22
21
9
10
11
12
24
36
48
60
59
71
83
95
96
84
72
60
48
47
46
34
33
32
20
8
7
6
18
19
31
30
29
17
16
15
27
39
51
63
64
76
77
89
90
78
79
67
55
43
42
30
18
19
31
32
20
21
22
23
35
36
24
12
11
10
9
8
7
6
5
4
3
2
14
26
38
37
49
50
62
61
73
74
86
85
97
109
110
98
99
111
112
124
123
122
134
122
121
133
121
133
134
135
136
137
125
126
138
139
127
115
116
128
140
141
129
130
142
143
144
132
144
143
131
119
120
108
107
106
94
82
83
95
96
84
72
71
59
58
70
69
57
45
44
56
68
80
92
91
12
24
36
35
23
22
10
11
12
24
36
48
60
72
84
96
108
120
119
118
130
142
141
140
139
138
137
125
124
136
135
123
122
121
109
97
98
110
111
112
113
114
126
127
115
103
102
101
89
77
76
64
65
66
78
90
91
79
67
68
69
57
58
59
47
46
34
33
32
20
8
9
21
33
45
44
43
42
54
55
56
44
45
57
56
55
67
68
80
92
104
116
128
129
117
105
93
81
82
94
106
107
95
83
71
70
82
94
93
105
104
116
115
103
102
101
100
88
87
99
111
112
100
88
76
75
63
51
52
53
41
40
28
27
39
38
26
14
15
16
4
3
2
1
13
25
37
49
50
62
74
86
85
73
61
49
37
38
39
27
28
29
17
5
6
7
19
18
30
31
32
20
21
22
34
46
58
70
69
81
80
92
91
79
78
66
54
42
43
31
19
18
30
29
17
16
15
14
26
25
13
1
2
3
4
5
6
7
8
9
10
11
23
35
47
48
60
59
71
72
84
83
95
96
108
120
119
107
106
118
117
129
130
131
143
131
132
144
132
144
143
142
141
140
128
127
139
138
126
114
113
125
137
136
124
123
135
134
133
121
133
134
122
110
109
97
98
99
87
75
74
86
85
73
61
62
50
51
63
64
52
40
41
53
65
77
89
90
4
144
140
95
23
4
69
142
124
16
55
120
72
116
109
12
1
39
9
34
71
82
23
54
57
143
123
28
51
35
77
143
132
31
27
79
22
39
101
30
41
20
128
80
96
50
59
106
137
100
10
37
34
37
108
76
103
12
83
111
101
73
70
25
58
24
121
65
88
25
112
141
67
51
78
142
24
40
48
65
66
7
1
6
90
93
22
82
133
6
57
135
63
59
119
77
38
29
7
60
114
111
118
17
52
126
36
86
138
21
75
100
122
61
137
33
95
102
46
69
26
64
140
70
21
42
67
2
92
11
32
29
125
124
110
30
87
120
47
91
139
90
9
43
104
2
116
54
18
62
56
81
45
97
112
134
55
61
133
32
38
96
83
129
110
31
135
62
138
58
84
11
98
35
8
131
14
98
105
79
15
117
106
131
3
134
85
71
15
84
41
53
53
40
136
128
73
127
60
46
94
113
48
85
126
64
119
103
92
99
3
68
8
122
108
117
127
13
74
56
28
118
27
63
139
113
49
66
89
136
36
91
19
20
78
89
49
132
102
107
44
130
144
44
88
115
50
123
93
114
43
107
14
72
75
33
68
129
18
16
45
94
52
5
109
74
99
10
42
104
97
26
121
81
80
5
87
47
76
115
141
13
19
125
17
86
105
130
107
95
128
44
16
114
106
70
106
132
24
62
127
41
61
31
119
27
126
81
38
138
125
38
79
137
82
2
89
134
58
53
22
46
88
79
43
94
39
56
125
42
76
110
77
114
142
68
34
45
96
60
115
75
121
118
59
1
13
64
100
72
91
139
143
87
49
31
66
84
4
75
40
112
7
91
60
90
127
30
5
42
21
82
113
20
111
105
69
131
136
96
58
57
132
8
100
52
69
13
72
122
41
78
140
87
129
3
45
140
103
102
120
11
141
78
19
5
117
123
18
68
37
36
59
49
121
19
102
99
71
117
44
129
28
17
80
138
10
48
52
144
104
15
86
51
99
98
116
9
51
122
16
33
108
83
139
104
116
63
124
94
95
144
93
134
93
63
26
47
80
67
57
55
43
17
56
142
55
34
136
101
73
107
77
6
50
86
46
3
74
133
36
9
130
137
50
24
123
25
6
35
23
47
92
65
135
12
14
97
54
126
112
108
135
30
109
28
70
131
67
124
18
85
118
113
103
39
11
71
101
109
90
92
115
97
85
81
48
74
1
8
2
10
32
62
20
14
89
73
66
88
143
64
40
27
15
21
35
110
33
84
61
22
54
4
111
98
76
119
120
83
26
29
130
53
133
32
105
7
141
23
65
37
29
25
128
12
133
134
135
123
122
110
98
97
109
121
133
134
135
136
137
138
139
140
128
127
115
103
104
92
93
105
106
118
130
142
141
129
117
116
104
103
102
114
113
125
124
112
111
99
87
86
74
75
76
88
89
101
100
88
87
75
63
51
50
62
61
49
37
25
26
14
15
27
39
38
37
25
13
1
2
3
4
5
17
18
30
42
43
55
56
44
32
31
19
7
6
5
4
16
28
29
41
40
52
53
65
66
67
79
91
90
78
77
76
64
65
77
89
90
78
66
54
55
67
68
69
81
82
83
95
94
93
105
106
107
119
131
143
144
132
120
108
96
84
72
71
70
58
57
45
46
34
33
21
22
23
24
12
11
10
9
8
20
32
44
56
57
45
33
34
35
36
48
60
59
47
35
23
22
10
11
12
24
36
48
47
59
60
72
71
83
84
96
108
120
132
144
143
142
141
129
128
140
139
138
126
125
137
136
124
123
122
121
109
97
85
73
85
73
61
49
50
38
26
14
13
1
2
3
15
16
17
29
30
18
6
7
8
9
21
20
19
31
43
42
54
53
41
40
28
27
39
51
52
64
63
62
74
86
98
110
111
99
100
112
113
101
102
114
126
127
115
116
117
118
130
131
119
107
95
94
82
81
80
79
91
92
80
68
69
70
58
46
144
132
120
119
131
130
129
141
142
143
144
132
120
108
96
84
72
60
59
71
70
69
57
56
44
45
33
34
35
36
48
47
46
58
57
69
81
82
94
95
107
106
118
117
116
128
127
115
103
104
92
93
105
104
116
115
114
113
125
126
138
137
136
135
123
122
110
111
112
124
136
135
134
133
121
109
97
85
86
74
75
76
64
65
53
52
51
63
62
61
73
85
97
98
99
87
88
100
101
89
90
78
66
67
68
80
79
91
103
102
90
91
92
80
79
78
77
65
66
54
42
43
31
19
20
32
44
45
33
21
22
23
24
12
11
10
9
8
7
6
18
30
29
41
40
28
27
39
38
26
14
2
1
13
25
37
49
50
51
52
53
41
40
39
27
15
3
4
5
17
16
15
14
26
25
13
1
2
3
4
16
17
5
6
18
19
7
8
9
10
11
12
24
36
48
47
59
60
72
84
83
95
96
108
107
119
131
143
142
141
140
139
140
139
138
137
125
124
123
122
134
133
121
109
110
98
86
87
75
74
73
61
49
37
38
50
62
63
64
76
77
89
88
100
99
111
112
113
101
102
114
126
127
128
129
130
118
117
105
106
94
93
81
82
83
71
70
58
46
34
35
23
22
21
20
32
31
43
55
67
68
56
55
54
42
30
29
28
12
51
117
45
38
63
44
52
84
32
142
117
130
73
74
18
128
16
40
97
20
79
121
9
42
22
89
34
53
24
128
6
58
120
114
8
138
68
11
29
75
25
86
42
3
57
19
2
95
39
140
93
112
58
72
64
18
14
73
111
92
60
107
30
98
81
20
116
9
38
78
6
55
134
61
7
89
17
144
66
56
21
136
104
28
90
104
115
131
71
85
5
39
24
103
43
8
118
25
121
139
132
77
41
74
98
1
124
135
35
130
132
94
108
50
13
43
137
40
65
19
96
126
79
139
70
32
53
94
141
80
56
87
84
113
88
83
112
107
1
122
83
129
99
134
76
123
144
108
140
66
10
95
118
93
102
142
126
71
11
135
99
36
54
72
124
78
96
26
65
23
91
59
44
4
85
129
81
119
27
21
67
125
109
60
131
28
141
4
70
90
113
100
26
91
12
110
16
68
136
54
13
75
57
52
133
123
27
122
33
14
2
69
10
48
127
15
101
47
23
64
51
88
80
97
62
92
59
137
30
34
69
125
45
29
106
111
33
55
31
61
5
143
100
138
87
17
41
133
82
22
46
120
63
119
35
31
47
127
76
15
3
115
116
50
101
105
105
103
143
48
7
46
109
106
110
36
102
49
77
37
37
62
82
114
86
67
49
143
84
66
112
21
86
7
101
109
99
112
31
88
12
66
110
125
105
1
46
135
72
39
33
62
42
7
106
25
48
96
89
119
95
45
26
74
136
27
127
113
139
54
9
90
113
22
16
74
68
41
120
131
15
37
93
22
25
31
12
6
32
79
5
64
124
37
64
107
80
67
20
100
143
18
73
67
105
29
116
3
98
103
11
10
117
70
28
32
115
34
8
129
4
88
19
139
19
61
46
121
43
23
54
82
59
114
76
58
108
52
106
123
108
48
103
56
89
14
126
71
78
27
122
83
40
136
124
11
116
119
111
130
91
36
33
133
78
102
132
34
16
47
52
57
118
111
91
85
118
2
21
8
61
99
41
30
128
17
134
24
114
14
144
5
133
92
97
120
131
65
10
43
60
77
17
26
109
55
1
142
55
4
71
138
135
69
3
24
107
127
13
58
56
63
115
57
62
70
137
98
122
93
140
87
73
59
28
60
104
23
36
95
104
81
80
94
44
125
79
18
50
76
140
75
30
126
94
77
130
137
20
101
9
6
141
38
42
97
49
141
96
128
35
138
38
53
82
72
144
35
142
51
63
13
90
117
129
92
39
100
123
85
65
102
132
134
49
110
83
69
87
53
68
47
40
84
2
81
51
29
44
121
50
86
15
45
75
1
13
25
37
49
50
38
39
51
63
64
52
40
41
53
54
42
43
55
67
79
80
81
69
68
56
57
45
44
32
20
19
7
8
9
21
33
34
22
23
11
12
24
36
48
60
59
58
70
71
83
82
94
106
118
117
116
115
103
102
90
89
88
100
99
111
112
113
101
89
77
65
66
78
77
76
75
87
86
74
62
61
73
85
97
98
110
122
121
133
134
135
136
137
138
126
125
124
123
135
136
137
138
139
127
128
140
141
129
130
142
143
144
132
131
119
120
108
107
95
96
84
72
60
48
47
46
45
33
32
31
30
29
28
16
4
5
6
18
17
29
28
27
26
14
2
3
15
27
39
40
41
42
54
55
67
68
80
92
91
90
102
114
115
103
104
105
93
81
82
94
95
83
71
72
84
96
108
120
132
144
143
131
119
107
106
118
117
129
130
142
141
140
139
127
128
116
104
105
93
92
91
79
78
66
65
53
52
64
63
51
50
62
74
75
76
88
87
86
98
99
100
101
113
114
126
125
124
112
111
123
122
134
133
121
109
110
109
97
85
73
61
49
37
38
26
25
13
1
2
14
15
3
4
16
17
5
6
18
19
7
8
20
21
9
10
22
10
11
12
24
36
35
23
35
34
46
47
59
58
70
69
57
56
44
43
31
30
12
11
10
9
8
20
21
33
32
31
43
44
45
57
56
68
69
81
80
79
78
90
102
103
91
92
104
105
93
94
95
83
84
96
108
107
106
118
119
131
132
144
143
142
141
140
128
116
115
127
126
114
113
112
111
99
87
75
76
64
65
53
41
40
28
27
39
51
52
53
54
55
67
66
54
42
30
29
17
18
19
7
6
5
4
16
15
14
2
1
13
25
37
49
61
62
50
38
26
25
37
49
61
73
74
86
85
97
98
110
109
121
133
134
122
123
135
136
124
125
137
138
139
140
141
129
117
105
106
94
82
70
58
46
47
48
60
72
71
59
58
46
34
22
23
24
36
35
34
33
45
57
69
68
80
79
91
90
89
77
65
64
63
75
76
88
100
101
102
114
113
125
126
127
139
138
137
136
135
134
133
121
122
123
124
112
111
99
98
110
109
97
85
73
74
86
87
88
100
101
89
77
78
66
67
55
56
44
43
31
32
20
19
18
30
42
41
29
17
16
28
40
52
51
63
62
50
38
39
27
26
14
13
1
2
3
15
3
4
5
6
7
8
9
21
22
10
11
12
24
23
35
36
48
47
59
60
72
71
83
84
96
95
107
108
120
119
120
132
144
143
142
130
131
130
118
117
129
128
116
115
103
104
92
93
81
82
70
