##Rat 6 Day 50
 ##rewards
83
94
16
##Vertices
123
60
92
129
144
21
78
109
139
46
17
67
51
20
60
81
134
50
63
125
121
138
18
62
128
25
65
51
108
13
96
11
54
71
35
24
10
138
126
9
53
69
36
115
32
122
5
81
36
47
20
17
89
66
136
66
34
4
137
135
39
117
16
140
76
78
93
130
131
85
22
14
41
99
26
111
113
33
56
116
34
46
4
72
3
38
88
22
84
2
45
101
50
48
74
128
143
103
119
91
15
86
37
70
64
12
49
71
136
69
58
118
13
107
140
82
111
131
57
129
79
40
98
82
18
29
137
102
91
25
103
53
123
80
95
15
37
83
116
105
49
59
41
33
80
102
43
11
6
28
142
85
101
144
55
94
23
113
122
139
23
125
87
30
40
86
67
77
79
28
84
141
43
75
104
32
56
120
115
114
105
29
132
55
1
119
108
134
124
52
90
97
110
52
72
42
19
100
62
126
142
90
124
61
96
57
83
93
130
133
44
117
133
30
110
8
27
19
127
135
65
68
12
70
132
114
59
54
94
97
9
38
118
77
63
106
95
127
39
121
2
1
58
47
143
24
45
14
61
107
92
99
44
26
87
7
16
35
88
73
42
100
112
141
31
8
27
48
6
3
10
31
73
76
5
112
98
68
120
7
89
74
64
75
104
109
106
21
100
95
132
18
112
127
120
144
1
122
77
125
92
83
141
113
108
36
47
13
33
24
8
61
121
17
113
127
19
27
56
16
20
37
117
29
138
104
44
62
65
68
17
101
45
4
46
102
97
115
90
103
103
66
34
106
51
65
56
131
123
111
78
38
69
23
59
114
10
30
38
27
98
76
91
128
6
15
87
28
24
133
107
70
11
7
3
50
143
78
93
110
33
5
138
41
88
96
104
47
67
45
144
105
59
14
12
49
83
97
52
107
139
19
46
92
43
9
86
60
74
51
37
140
132
8
94
57
129
105
134
128
130
66
82
126
58
118
40
86
18
16
15
71
31
89
124
111
140
32
53
95
72
55
91
80
84
133
25
53
109
114
141
41
48
142
84
129
7
69
68
121
119
73
35
79
131
11
10
142
119
94
52
14
62
134
4
115
64
39
82
108
102
26
100
90
74
126
44
13
67
34
139
106
49
109
32
58
31
85
5
73
117
143
22
135
3
135
21
6
42
87
55
30
20
48
118
71
63
72
98
122
77
60
120
26
88
101
25
81
136
2
28
130
57
123
75
29
40
85
81
42
116
43
54
124
75
23
99
99
21
112
12
22
39
136
79
80
93
70
89
63
76
64
54
125
36
50
35
96
137
2
137
110
61
1
9
116
1
13
25
26
27
28
16
17
18
19
7
6
5
4
3
15
14
2
3
4
5
6
18
30
29
41
42
54
55
67
68
80
92
91
90
78
66
65
64
63
75
87
86
74
73
85
97
109
110
111
99
98
97
85
73
61
49
37
38
39
51
50
62
63
51
52
40
41
53
54
66
67
79
80
81
69
57
45
44
32
20
21
33
34
22
23
35
47
48
60
59
58
70
71
72
84
83
95
94
93
105
106
118
130
142
143
144
132
131
119
120
108
96
84
72
60
48
36
24
12
11
10
9
8
7
19
31
43
55
56
68
69
81
82
94
93
105
117
129
128
127
115
116
104
103
102
114
126
138
137
125
113
101
89
77
76
88
100
112
124
123
122
121
133
134
135
136
137
138
139
140
139
127
126
114
113
125
124
136
135
123
122
134
133
121
109
110
98
99
111
112
100
88
87
86
74
75
76
64
52
53
65
77
89
101
102
90
78
79
91
92
104
103
115
116
128
140
141
142
141
129
117
118
130
131
143
144
132
120
119
107
106
107
108
96
95
83
82
70
71
59
47
46
34
22
23
35
36
24
12
11
10
9
8
20
21
33
45
46
58
57
56
44
32
31
43
42
30
29
28
40
39
27
26
38
50
62
61
49
37
25
13
1
2
14
15
16
17
133
121
109
110
122
123
135
134
133
121
109
97
85
73
61
49
37
25
26
27
15
3
4
5
6
7
8
20
21
9
10
22
23
24
36
48
47
35
34
33
32
31
19
18
30
42
43
44
56
68
69
81
80
79
67
55
54
66
78
77
76
88
87
86
98
99
111
112
113
125
137
136
124
112
100
101
102
103
91
90
89
101
100
88
89
90
78
77
65
53
41
29
17
16
28
40
52
64
63
51
39
38
50
62
74
75
63
51
52
40
41
29
30
42
43
44
45
57
58
46
34
33
45
57
69
70
82
94
93
92
104
105
117
118
106
107
119
131
130
129
141
142
143
144
132
120
108
96
95
83
71
59
60
72
84
96
108
107
106
118
117
116
128
140
139
138
126
127
115
114
113
125
124
123
111
99
87
75
76
64
65
53
54
66
67
79
91
103
102
114
126
127
115
116
128
129
130
131
119
120
132
144
143
142
141
140
139
138
137
136
135
134
122
110
98
97
85
86
74
73
61
62
50
49
37
25
26
38
39
27
28
16
15
14
2
14
13
1
13
1
2
3
4
5
17
18
6
7
19
31
32
20
8
9
21
22
10
11
12
24
12
11
23
35
36
48
47
46
58
70
71
59
60
72
84
83
95
94
82
81
93
105
104
92
80
68
56
55
131
142
140
129
6
122
94
106
96
112
67
35
76
36
1
118
17
72
116
92
5
76
104
12
143
138
73
107
40
14
37
79
88
107
44
43
98
112
140
63
43
60
102
127
75
72
46
26
38
120
134
49
114
34
38
25
93
66
110
122
14
106
24
119
30
121
30
22
62
117
85
71
12
13
17
27
53
128
68
23
47
34
109
126
95
90
97
87
111
119
61
16
101
123
49
116
65
136
42
69
54
31
91
77
15
33
58
99
64
44
144
32
142
70
143
37
84
16
82
20
56
78
7
102
48
5
51
101
71
130
50
81
83
59
134
9
6
11
50
115
128
137
80
70
108
69
27
79
111
92
136
139
109
45
4
21
42
26
135
3
47
29
48
100
123
90
8
22
124
105
52
8
24
52
138
28
15
130
65
29
95
35
57
20
89
3
103
7
93
13
141
9
68
135
33
108
19
139
127
36
114
10
141
88
75
117
63
62
55
110
87
55
80
2
118
1
18
45
25
74
133
41
2
74
32
96
67
83
18
19
64
58
4
61
120
124
54
103
39
115
78
81
57
86
99
121
131
125
21
11
85
41
53
129
73
89
28
10
56
133
86
23
60
31
77
66
40
97
46
84
137
125
126
91
98
105
113
144
94
82
100
104
132
51
132
39
59
113
68
19
10
43
31
131
44
61
9
76
92
18
101
63
23
16
139
39
118
65
62
34
79
122
70
102
103
66
20
114
2
132
32
116
29
116
56
13
109
46
85
54
1
46
27
81
144
80
10
87
6
88
66
14
57
115
120
86
101
6
22
137
42
59
134
97
100
128
58
86
63
14
72
50
27
95
99
90
102
130
17
92
70
126
93
15
17
7
23
45
123
62
16
33
128
141
3
47
120
97
125
29
125
77
36
22
91
53
141
41
52
49
18
136
80
130
111
9
39
136
69
19
95
78
24
47
106
93
8
26
94
60
91
84
107
13
21
51
71
114
133
88
127
106
25
98
51
119
135
129
73
105
61
110
82
117
143
24
25
4
126
96
113
87
129
119
133
83
74
67
109
118
104
35
42
37
3
33
73
76
15
103
99
59
7
85
140
131
58
81
2
21
36
30
77
55
28
8
74
5
143
68
31
83
43
34
134
64
30
115
11
37
108
28
127
26
112
72
69
82
140
57
12
135
104
132
107
20
75
117
65
113
48
52
108
67
139
142
38
44
142
84
122
4
121
138
110
56
124
94
11
41
137
96
48
144
78
90
105
50
53
71
75
40
60
89
111
112
40
49
100
64
45
38
35
1
98
54
89
32
12
124
79
138
121
5
123
55
12
24
36
35
34
33
21
20
19
18
6
7
8
9
10
22
23
11
10
9
8
7
19
31
32
44
43
55
54
66
65
77
89
90
91
79
67
68
69
70
82
94
95
83
84
96
108
120
119
118
106
107
108
96
84
72
60
48
47
46
58
59
71
70
58
57
45
44
56
55
67
66
78
77
76
64
52
40
41
29
17
16
28
27
15
14
26
38
37
49
50
51
63
62
61
73
74
86
87
88
100
99
111
123
135
134
133
121
122
110
109
97
85
73
61
49
37
25
13
1
2
3
4
5
6
18
30
42
54
53
65
64
76
75
87
88
100
112
124
125
126
114
113
101
102
103
115
127
139
140
128
116
104
92
80
81
93
105
117
129
130
131
132
144
143
142
141
140
139
138
137
138
126
127
115
116
128
129
141
142
130
131
143
144
132
120
119
107
106
118
117
105
93
94
95
83
82
81
69
57
56
68
80
92
104
103
91
79
78
90
89
101
102
114
113
125
137
136
135
136
124
112
111
123
122
134
133
121
109
110
98
99
98
97
85
86
74
75
63
62
50
38
39
27
15
14
26
25
13
1
2
3
4
5
17
16
28
40
39
51
52
53
41
29
30
42
43
31
32
33
45
46
34
35
47
59
71
72
60
48
36
24
12
11
23
22
21
20
144
132
120
108
96
95
107
106
118
117
105
93
81
69
70
58
57
56
68
67
55
54
42
43
31
30
18
6
7
8
20
19
31
32
44
45
46
47
59
60
48
36
24
12
11
23
22
10
9
21
33
34
35
36
48
60
72
71
83
82
94
106
118
119
131
130
142
141
140
139
127
115
116
104
92
91
79
80
68
56
44
32
33
45
57
69
81
93
105
117
129
128
140
139
138
126
114
102
90
89
88
87
99
100
112
124
136
135
134
122
110
111
123
135
136
137
125
113
101
100
99
98
97
85
73
74
75
76
77
65
53
41
29
17
5
4
3
2
1
13
25
37
38
50
49
61
62
63
64
52
40
39
51
52
40
28
27
26
14
15
16
28
27
39
51
63
64
65
66
78
77
89
90
78
66
54
53
41
29
30
42
43
55
67
79
80
92
104
116
128
127
115
103
91
103
102
101
113
114
126
138
137
125
124
112
111
123
122
110
109
121
133
134
133
121
109
97
85
86
98
86
87
88
76
75
74
73
61
62
50
49
37
38
26
25
13
1
2
14
15
3
4
16
17
5
6
18
19
7
8
20
21
9
10
11
12
24
23
22
34
35
47
46
58
59
71
70
82
94
95
83
84
72
84
96
108
107
119
120
132
131
130
129
141
142
143
144
143
68
11
110
65
73
99
7
75
34
123
62
60
27
75
81
88
67
94
98
129
45
96
119
110
60
62
120
126
59
124
18
129
19
43
69
23
42
2
88
65
105
107
121
31
101
118
140
122
46
79
108
116
64
32
38
144
9
52
50
79
17
134
59
83
93
89
28
27
117
22
143
17
24
131
119
100
106
30
104
139
111
41
5
25
90
111
118
84
126
87
36
117
101
102
7
136
87
115
133
63
3
52
28
141
50
112
82
115
120
142
56
23
37
86
44
56
130
103
78
12
123
33
144
34
29
13
47
8
44
108
128
51
141
68
136
134
21
70
125
121
49
31
2
1
131
16
21
14
113
45
38
78
54
46
57
104
74
58
93
124
41
140
137
98
40
139
95
10
97
40
85
6
80
61
15
86
106
76
64
84
20
114
32
35
133
135
138
91
54
3
53
135
128
72
4
11
77
43
105
143
55
13
71
69
26
47
89
4
97
10
85
5
35
58
12
102
114
83
39
53
94
19
92
70
14
92
61
127
29
142
26
82
103
33
113
66
30
76
51
55
132
8
25
39
48
116
22
66
99
71
24
138
73
109
112
80
109
36
90
37
48
15
42
6
132
18
137
20
100
96
67
107
57
95
9
81
91
125
122
72
49
127
16
74
77
1
130
63
42
88
73
107
77
44
60
134
135
74
65
139
76
108
53
54
62
144
83
41
81
106
71
55
10
43
42
23
70
119
112
111
80
126
131
63
61
124
103
75
66
41
76
32
85
2
15
22
50
71
115
126
55
120
78
9
95
109
92
130
94
97
129
4
110
35
16
117
89
125
30
37
17
57
31
113
6
144
49
47
39
115
34
143
25
46
24
1
142
95
32
114
124
25
123
137
142
49
38
40
131
57
51
101
3
69
4
53
21
52
16
36
90
136
63
50
64
74
102
48
28
141
19
99
24
105
90
83
101
140
91
99
35
125
117
45
56
114
5
8
2
120
91
121
6
143
136
87
30
17
15
119
67
110
86
98
51
68
86
73
5
56
29
79
100
118
109
72
84
65
20
37
79
135
59
87
27
29
36
85
104
72
88
43
38
33
34
111
139
93
137
102
128
11
13
12
138
21
64
45
112
122
81
1
39
40
48
66
121
18
10
141
132
78
8
3
94
103
26
122
138
7
54
13
96
18
77
116
47
118
80
69
127
67
133
58
133
14
60
75
11
116
129
134
113
107
12
89
9
70
44
14
97
127
23
140
98
84
26
58
128
132
68
22
130
61
7
108
106
96
52
105
100
33
104
28
27
92
31
123
82
93
46
82
20
19
59
62
1
2
3
15
27
39
38
50
62
74
73
61
49
37
25
26
14
13
25
37
49
61
62
63
51
52
64
65
77
78
90
91
92
80
68
67
66
54
42
30
31
32
20
19
7
8
9
10
22
34
33
21
9
8
7
6
5
4
16
28
29
17
18
30
29
41
40
52
53
65
66
78
79
91
103
102
101
100
88
87
86
98
99
111
110
122
123
124
136
137
125
113
114
126
138
139
127
128
116
104
105
117
118
119
120
132
144
143
131
130
142
141
140
139
138
137
136
135
134
133
121
109
97
85
73
74
75
76
77
89
90
102
103
115
116
104
105
106
107
95
83
82
94
93
81
69
70
71
72
60
59
58
57
56
55
43
44
45
46
47
35
23
11
12
24
36
48
60
72
84
96
84
83
71
70
58
59
47
48
36
35
23
24
12
11
10
22
21
33
34
46
45
44
32
20
19
31
43
42
41
53
54
55
56
57
69
68
67
79
80
92
93
81
82
94
95
96
108
120
108
107
106
118
119
131
132
144
143
142
130
129
117
129
141
140
128
127
115
114
126
125
124
112
111
110
122
123
135
134
133
121
109
97
85
86
98
99
100
112
113
101
89
88
87
75
76
64
63
51
39
40
28
27
15
16
17
18
6
5
4
3
2
1
13
14
26
38
50
133
134
135
123
122
110
109
121
133
134
135
136
137
138
139
140
141
142
130
118
119
120
108
96
84
72
60
59
47
48
36
35
23
11
10
9
21
22
34
46
58
70
71
83
82
81
69
57
56
55
43
42
54
66
67
68
80
79
78
90
102
101
113
125
124
112
111
99
87
86
85
97
98
99
100
88
76
64
65
77
89
88
100
101
89
77
78
90
91
92
93
94
95
107
106
105
104
103
115
116
117
129
128
127
126
114
115
116
104
105
93
94
82
81
69
57
45
44
32
33
34
46
45
44
43
31
30
29
41
53
52
40
39
27
28
16
15
14
26
38
37
25
13
1
2
3
4
5
17
18
19
20
8
7
6
5
4
16
28
27
39
51
50
49
61
73
74
62
63
75
87
86
98
110
111
112
113
114
102
103
91
92
80
79
67
66
65
64
76
75
74
62
63
51
50
38
26
14
15
3
2
1
13
25
37
49
61
73
85
97
109
121
122
123
124
136
137
125
126
138
139
127
128
140
141
142
130
129
117
118
106
107
119
131
132
131
143
144
143
144
132
120
108
96
95
83
84
72
71
70
58
59
60
48
47
35
36
24
12
11
12
24
23
22
10
9
21
33
32
31
19
20
8
7
6
18
17
29
30
42
41
40
52
53
54
55
56
68
