##Rat 3 Day 16
 ##rewards
127
116
38
##Vertices
37
119
70
15
53
54
121
97
14
72
26
25
45
39
5
95
45
117
9
140
11
113
3
86
138
61
33
140
142
2
67
124
139
6
63
118
64
68
21
18
15
65
128
23
80
72
57
44
59
81
117
7
144
70
26
122
89
5
107
12
118
55
136
77
31
102
10
133
35
126
9
84
48
16
43
90
17
93
13
18
104
88
139
94
144
90
76
24
8
81
126
67
17
66
120
83
138
101
44
112
4
38
51
141
42
58
101
93
52
129
111
20
40
143
97
4
14
78
135
3
85
73
106
143
33
104
86
87
108
115
32
116
34
111
57
2
109
134
64
78
22
124
63
68
75
6
60
96
134
10
25
130
11
125
51
137
79
109
21
121
19
50
132
110
7
60
141
131
30
98
41
100
38
103
46
105
110
75
98
131
132
89
136
56
69
30
39
37
62
31
88
125
19
91
66
120
29
61
130
49
34
62
115
55
106
47
69
85
24
116
112
100
8
50
122
127
22
54
137
32
99
96
95
16
135
1
71
99
105
76
47
73
74
29
65
92
20
48
77
53
114
102
49
59
43
28
23
83
13
56
114
133
35
58
36
113
46
12
119
128
79
92
123
1
28
27
91
40
42
107
87
108
84
129
82
142
123
36
82
127
80
52
41
74
71
103
27
94
120
63
120
109
125
54
124
85
88
108
16
73
57
53
73
139
139
98
95
52
93
142
55
15
71
88
117
17
67
38
51
36
128
89
9
59
89
144
64
137
96
68
47
3
107
45
100
135
109
40
136
31
46
112
56
4
131
115
11
143
30
61
33
24
118
28
44
86
61
111
31
27
81
80
42
130
12
30
96
106
138
78
130
48
97
10
127
136
28
49
101
24
33
125
91
132
26
58
35
1
110
52
6
10
34
2
6
138
133
87
83
140
129
102
35
113
66
3
102
57
60
76
97
41
129
131
16
128
119
135
115
22
58
92
127
113
47
70
27
62
15
80
141
21
13
67
17
75
107
141
126
43
84
121
32
84
74
77
116
23
55
18
71
118
140
124
133
69
65
105
32
70
110
76
49
59
14
104
82
2
7
103
79
143
123
11
54
111
5
34
98
19
116
112
122
51
42
21
114
86
77
132
65
44
134
104
38
78
90
36
50
100
19
122
82
134
8
69
12
5
126
62
87
103
23
7
72
92
50
79
90
22
101
72
53
137
106
25
56
48
4
117
94
123
114
43
60
66
95
68
41
40
121
45
108
8
46
75
39
91
64
144
39
29
26
13
25
29
85
142
74
83
81
18
20
14
99
37
37
9
105
99
20
94
93
1
63
119
12
24
36
48
47
59
60
72
84
96
108
120
132
144
143
131
130
142
141
129
117
105
104
92
93
81
82
70
69
68
67
55
43
42
30
31
32
20
21
33
34
22
23
11
10
9
8
7
6
5
17
16
4
3
2
1
13
25
37
38
26
14
15
27
39
40
52
53
65
77
76
64
63
51
50
62
74
86
98
97
85
73
61
49
37
25
26
27
28
29
41
40
28
29
30
18
19
31
43
44
45
57
56
68
80
79
91
90
78
66
54
55
56
44
32
33
45
46
58
57
69
70
71
83
95
94
106
107
119
118
117
116
128
140
139
127
126
138
137
125
124
136
135
123
122
134
133
121
109
110
111
99
87
88
100
101
102
103
115
114
113
112
111
99
100
88
89
101
102
103
104
116
128
140
139
138
126
127
115
114
113
112
124
125
137
136
135
123
122
134
133
121
109
110
98
97
85
86
87
75
76
75
63
62
74
73
61
49
50
38
39
51
52
64
65
53
41
42
54
66
67
79
78
77
89
90
91
92
80
81
82
83
71
59
58
46
34
35
47
35
23
22
21
20
19
18
17
16
15
14
13
1
2
3
4
5
6
7
8
9
10
11
12
24
36
48
60
72
84
96
95
107
108
120
119
131
132
144
143
142
141
129
130
118
106
105
93
94
133
121
109
110
111
112
124
125
126
127
139
138
137
136
135
123
122
134
135
136
137
138
126
114
113
101
102
90
91
79
80
68
56
55
54
66
78
77
76
75
63
51
50
62
61
49
37
25
26
27
39
38
37
49
61
73
85
97
98
99
87
86
74
75
87
88
100
101
89
90
78
79
67
68
69
81
93
105
104
116
128
129
117
118
130
131
119
107
108
96
95
94
82
83
84
72
71
59
58
57
45
46
34
22
10
11
12
24
23
35
36
48
60
72
84
96
108
120
132
144
143
142
141
140
139
127
115
103
91
92
80
81
69
70
58
57
45
33
21
20
19
31
32
44
43
42
30
18
6
5
17
29
41
53
65
64
52
40
28
16
15
14
13
1
2
3
4
5
6
7
8
7
19
18
30
29
17
16
4
3
15
14
2
1
13
25
26
38
39
27
28
40
52
51
50
62
63
64
76
88
89
77
65
53
41
42
54
66
67
55
56
44
43
31
32
20
8
9
10
9
21
33
34
22
23
11
12
24
36
35
47
46
47
48
60
59
71
70
82
83
95
107
106
118
130
131
119
120
132
144
143
142
141
140
128
129
117
105
106
94
93
92
104
116
115
103
102
114
113
112
100
99
111
110
98
86
74
73
85
97
109
121
133
134
122
123
124
125
64
30
50
50
49
68
137
15
11
142
129
140
131
35
17
33
79
115
138
110
110
27
11
118
132
18
113
107
95
28
116
32
122
2
111
55
114
95
43
56
124
10
57
109
131
65
118
31
133
122
37
144
47
32
106
80
6
26
55
130
33
63
16
106
58
61
125
24
37
20
66
6
94
4
121
140
5
76
17
41
85
93
8
81
51
132
74
9
102
144
84
123
133
43
62
94
23
92
72
135
13
14
16
141
73
90
22
69
89
1
90
112
47
127
98
141
83
61
19
128
89
56
45
12
139
4
134
115
36
80
82
9
62
93
48
46
52
84
86
130
48
29
103
143
81
8
40
44
77
108
72
129
77
13
117
105
96
36
143
14
142
34
76
24
64
134
86
102
103
7
114
135
25
74
28
15
58
70
42
97
70
109
2
88
105
78
124
104
29
34
30
39
10
54
22
44
73
138
19
1
67
31
27
97
52
40
137
88
136
54
20
99
127
123
45
59
23
60
46
67
3
100
125
5
21
121
26
51
99
107
126
136
104
68
57
59
38
66
75
65
42
3
85
120
41
91
83
111
119
98
82
120
39
18
71
53
117
53
100
96
38
139
71
21
78
101
126
87
12
128
92
49
75
113
35
87
60
63
119
79
69
25
108
116
101
91
112
7
68
37
2
86
37
2
126
12
31
39
96
19
27
45
51
77
4
72
118
111
129
131
71
100
48
3
17
48
143
90
88
52
38
92
102
89
137
15
133
23
83
121
26
109
41
13
140
46
135
104
81
12
137
66
102
65
43
21
54
1
129
57
61
34
18
24
62
103
49
32
79
26
43
110
105
14
82
73
81
121
70
141
130
139
4
111
119
29
55
36
78
85
28
116
11
77
106
82
52
122
89
125
50
107
98
30
108
96
114
106
75
64
18
9
35
86
124
74
47
97
94
44
38
134
80
6
144
35
76
115
58
79
49
41
125
136
8
63
70
53
104
133
95
127
58
120
123
32
60
142
84
69
91
100
127
123
55
7
132
138
8
17
5
23
5
85
107
57
66
126
101
68
113
3
98
25
30
124
67
78
65
128
140
22
93
15
22
45
42
20
131
139
72
31
44
138
61
113
93
67
29
36
14
16
40
144
74
142
119
51
117
25
56
20
105
122
71
83
94
141
56
6
87
80
53
130
118
40
143
75
24
73
112
39
114
108
60
101
27
109
47
10
21
91
10
28
115
117
62
64
120
136
42
112
59
134
135
90
33
9
88
128
1
59
110
63
99
132
33
16
76
34
84
97
46
50
103
116
7
92
95
19
11
13
69
54
99
87
1
13
25
37
38
50
49
61
73
85
97
109
121
133
134
122
123
135
136
124
112
100
101
89
88
76
75
63
64
65
66
54
42
43
31
30
29
17
16
28
27
15
14
2
3
4
5
6
7
8
20
21
9
10
11
12
24
36
48
47
35
23
22
34
46
45
57
56
68
80
81
69
70
58
59
71
83
95
107
108
96
84
72
60
48
36
35
34
33
32
44
45
33
32
31
19
18
30
42
41
40
52
53
65
77
78
90
91
79
67
55
54
53
41
29
28
40
39
51
52
64
63
62
74
86
87
99
98
110
111
112
113
125
137
138
126
127
139
140
128
129
141
142
130
131
143
144
132
120
119
118
106
94
93
105
104
103
102
114
115
116
117
118
106
105
93
92
104
103
102
101
113
125
137
138
139
127
126
114
115
116
117
129
128
140
141
142
130
131
143
144
132
120
119
107
108
96
95
94
82
81
82
70
71
83
84
72
60
59
47
46
58
57
69
68
56
44
43
55
67
66
78
79
80
92
91
90
89
77
76
75
74
62
50
51
39
27
26
38
26
14
15
16
17
18
19
20
21
22
23
24
12
11
10
9
8
7
6
5
4
3
2
1
13
25
37
49
61
73
85
86
98
97
109
110
122
121
133
134
135
136
124
123
111
99
100
88
87
144
143
131
119
118
130
142
141
140
128
127
139
138
126
114
113
125
137
136
124
112
111
110
122
123
135
134
133
121
109
97
85
86
74
75
87
88
100
101
102
90
91
79
80
92
104
103
115
116
117
105
106
107
95
96
108
120
132
144
143
142
130
129
117
105
93
94
82
81
69
70
71
59
60
72
84
83
82
70
58
57
45
46
34
22
23
35
47
48
36
24
12
11
10
9
21
20
8
7
6
5
17
18
19
31
30
42
41
40
39
27
15
3
4
16
28
29
30
31
32
33
45
44
43
55
56
68
67
66
78
77
76
64
65
53
54
42
41
29
28
27
26
14
2
1
13
25
37
49
61
73
85
97
98
99
100
112
113
101
89
88
76
75
63
62
50
51
52
40
39
38
50
38
26
14
2
1
13
25
37
49
61
73
74
62
63
51
52
64
65
53
54
66
67
55
43
44
56
68
80
81
69
57
58
46
34
33
32
20
19
18
17
16
15
3
4
5
6
7
8
9
21
22
10
11
12
24
23
35
36
48
47
59
60
72
71
83
84
96
95
107
108
120
132
131
119
118
106
94
93
92
91
79
78
77
89
90
102
114
126
127
115
103
104
116
128
129
141
140
139
138
137
125
124
136
135
123
122
134
133
121
109
110
111
99
87
86
98
38
99
49
30
91
10
102
20
123
104
44
139
6
110
69
60
71
63
104
29
76
105
35
103
124
121
51
56
46
24
52
138
124
101
110
78
106
115
31
116
25
135
1
54
118
56
68
45
115
52
99
7
119
83
79
90
122
11
96
61
40
106
130
32
84
73
93
33
88
83
128
79
13
5
77
85
25
6
108
98
143
88
9
134
36
39
7
62
140
76
82
12
15
36
12
22
2
43
133
127
95
3
4
47
11
73
13
23
26
1
117
135
92
101
130
117
144
60
97
40
65
20
16
58
59
17
93
109
138
67
50
75
9
2
133
33
21
75
59
84
82
127
34
132
129
107
42
144
35
74
29
103
4
96
53
132
95
94
119
30
48
46
31
28
42
38
49
64
85
44
125
126
122
3
137
111
41
141
26
100
51
72
86
17
64
32
98
105
129
14
143
27
34
27
134
128
78
102
18
100
15
43
41
71
90
120
87
107
47
53
50
136
66
16
114
19
5
55
48
24
140
87
14
126
141
113
80
92
86
28
69
10
111
121
120
21
22
77
57
89
62
63
142
57
142
139
58
39
91
131
8
81
80
89
125
66
123
72
70
108
137
136
97
65
61
81
74
37
118
8
70
109
68
18
67
131
54
94
112
113
112
19
37
45
116
114
55
23
81
123
8
85
18
61
125
40
107
130
108
142
13
54
73
10
28
43
38
18
17
54
36
111
31
97
6
23
113
83
37
128
122
117
57
71
59
109
2
124
1
91
29
14
144
100
44
94
62
43
86
126
136
26
122
34
13
11
5
23
120
44
67
87
100
77
88
99
22
19
41
25
42
131
20
140
33
101
61
103
78
141
69
83
117
126
73
68
39
128
95
110
17
53
112
76
90
129
65
48
55
133
4
49
35
46
41
97
118
14
107
70
37
119
134
16
68
135
119
30
111
55
76
92
78
71
58
24
125
30
65
15
64
60
135
114
136
21
141
50
131
70
80
113
7
66
69
114
96
50
56
74
80
105
63
28
142
47
98
93
124
137
24
56
115
51
45
127
121
75
103
26
99
74
3
20
118
5
12
40
98
48
84
120
27
87
11
130
105
1
81
58
116
3
9
66
121
94
123
106
59
4
42
82
36
7
38
112
89
19
144
115
75
138
57
27
134
25
132
72
31
143
79
52
101
90
102
33
106
22
46
9
64
104
8
133
77
52
39
63
108
95
91
109
138
53
93
60
139
62
51
16
47
104
137
88
143
86
49
10
89
29
139
85
92
35
110
67
82
72
32
127
34
32
15
21
79
6
102
12
140
132
45
116
2
84
96
129
1
2
14
26
27
15
3
4
5
17
18
6
7
19
31
32
20
8
9
21
33
34
35
23
22
10
11
12
24
36
48
60
59
71
70
58
57
45
44
43
55
54
66
65
53
41
42
30
29
28
40
39
38
50
49
37
25
13
1
2
3
15
16
28
40
52
51
63
64
76
75
74
86
85
73
61
62
63
75
87
88
100
99
111
123
122
110
98
97
109
121
133
134
135
136
124
125
137
138
139
140
128
127
126
114
115
103
104
105
106
118
130
142
141
129
117
116
115
114
113
112
100
101
102
90
89
77
78
79
67
68
69
81
80
92
91
103
104
116
117
118
119
131
143
144
132
120
108
96
84
72
60
48
47
46
45
33
32
44
56
57
69
70
82
83
95
94
93
105
106
107
95
107
119
131
143
144
132
120
108
96
84
72
71
83
82
94
93
81
80
92
91
79
78
90
102
101
89
77
65
64
76
88
87
99
111
112
113
125
126
127
128
129
130
142
141
140
139
138
137
136
124
123
135
134
133
121
122
110
109
97
98
86
85
73
74
62
61
49
50
38
37
25
13
14
26
27
39
51
52
53
54
66
67
68
56
55
43
31
19
18
30
42
41
29
17
16
4
5
6
7
8
20
21
9
10
22
23
11
12
24
36
35
34
46
58
59
47
12
24
36
48
60
59
47
46
34
33
45
57
69
81
82
94
93
92
80
79
91
90
102
103
115
114
126
138
139
140
128
127
115
116
104
105
106
107
95
96
108
120
132
144
143
131
130
142
141
129
117
118
119
120
108
96
84
83
71
70
58
46
34
35
23
22
10
9
8
7
19
31
32
44
56
55
67
68
80
92
104
116
117
105
93
81
69
57
45
33
21
20
8
7
6
18
30
42
54
53
52
51
39
40
28
16
4
3
2
14
26
27
15
3
4
5
17
29
41
40
39
38
37
49
61
62
63
64
65
77
89
101
113
125
137
136
135
134
133
121
109
97
98
86
85
73
74
75
76
88
100
99
87
88
100
112
111
110
122
123
124
112
111
99
87
75
76
77
78
66
65
53
54
66
78
90
89
101
113
114
102
103
91
79
67
68
56
44
32
20
19
31
43
55
43
42
41
29
30
18
6
5
17
16
28
27
15
14
26
25
13
1
2
1
13
25
37
49
50
38
50
51
52
64
63
62
61
73
74
86
85
97
98
110
109
121
133
134
122
123
135
136
124
125
137
138
126
127
139
140
128
129
141
142
143
144
132
131
130
118
119
107
106
94
95
83
82
70
58
59
71
72
84
72
60
48
47
35
36
24
23
22
21
9
10
11
12
11
