##Rat 3 Day 12
 ##rewards
127
116
38
##Vertices
66
110
122
121
73
138
51
34
48
139
135
94
29
6
100
23
58
42
12
8
108
129
70
108
1
21
127
10
71
102
117
71
41
84
131
29
103
130
19
63
144
79
86
63
45
40
120
60
77
19
50
123
80
109
56
134
78
24
35
118
102
3
132
104
73
32
43
50
126
60
88
101
136
127
80
103
26
113
52
96
92
75
90
119
125
125
133
5
89
105
13
3
39
96
77
36
89
106
30
140
31
90
116
23
94
20
47
142
1
112
106
79
139
38
81
28
143
24
45
10
99
58
117
26
11
32
11
107
95
49
31
59
81
114
42
141
62
64
57
14
70
18
121
131
72
15
109
67
91
84
54
134
44
83
132
30
137
136
141
120
12
137
35
7
18
14
4
74
48
22
52
92
39
69
2
76
69
93
17
20
4
115
61
140
113
65
128
75
61
97
15
128
85
97
49
28
93
8
25
27
112
135
56
25
111
37
2
62
76
85
87
129
46
41
116
65
54
53
74
6
100
47
67
72
82
98
91
27
16
130
88
13
68
133
114
142
110
66
16
9
51
36
126
111
17
59
43
38
138
55
78
64
95
9
55
119
82
115
124
44
34
21
86
83
105
7
122
99
124
101
53
57
87
22
143
40
46
118
68
144
37
33
5
98
104
107
33
123
54
79
14
107
32
107
132
35
122
129
13
58
76
108
9
28
31
37
119
42
87
81
36
50
4
58
63
75
114
13
88
42
97
111
16
43
4
91
127
25
130
2
37
9
141
38
95
103
108
20
111
98
83
5
54
139
60
41
131
26
73
93
55
105
80
45
122
14
70
77
117
16
7
121
74
41
136
102
137
144
82
140
53
11
57
72
143
126
132
124
125
140
45
47
86
3
133
48
67
116
128
133
123
91
75
53
19
95
94
34
66
103
8
116
130
50
138
25
29
110
61
15
104
115
115
47
52
119
15
78
90
114
100
65
24
64
62
92
23
79
88
2
5
18
68
118
65
30
106
10
112
100
124
20
84
66
70
125
69
78
127
84
71
60
59
49
101
85
1
80
113
17
51
112
128
6
18
102
22
106
12
82
22
118
38
33
21
73
64
3
94
44
39
48
99
49
126
98
136
76
74
31
44
99
110
24
19
8
30
92
10
68
62
27
55
6
57
72
87
135
121
69
26
134
139
39
12
109
138
141
104
52
29
134
46
21
90
59
40
46
137
86
35
93
43
101
117
120
36
142
81
51
71
77
7
113
123
28
85
142
56
131
96
96
63
89
144
61
40
97
109
135
1
83
17
11
33
32
89
67
129
143
56
120
27
23
34
105
12
24
36
48
47
35
34
22
23
11
10
9
8
7
19
20
32
33
21
9
8
20
32
31
30
18
17
29
28
16
4
5
6
7
19
31
43
42
54
66
67
68
69
81
82
94
93
105
106
118
117
129
130
131
119
120
132
144
143
142
141
140
139
138
137
136
135
134
133
121
109
110
122
123
111
99
100
88
76
77
89
90
91
92
80
79
78
90
102
101
113
125
124
112
113
114
115
116
104
103
102
114
126
127
128
140
141
129
117
118
106
107
108
96
84
83
95
94
82
70
58
59
60
72
71
70
69
57
45
44
56
55
43
42
41
53
65
64
63
75
74
62
61
49
50
51
52
40
39
38
37
25
26
14
15
3
2
1
13
25
37
49
61
73
85
86
87
75
76
77
78
79
91
92
80
81
93
105
104
103
115
116
128
127
139
138
126
125
137
136
124
112
100
101
89
88
87
86
98
97
109
121
133
134
135
123
122
110
111
99
98
97
85
73
74
62
50
51
63
64
52
40
39
38
26
27
28
27
15
14
13
1
2
3
4
16
17
5
6
18
30
29
41
53
65
66
54
55
67
68
56
44
45
33
21
22
10
11
12
24
23
35
36
48
60
72
84
96
108
120
132
144
143
142
130
131
119
107
95
83
71
59
47
46
34
46
58
57
144
143
142
141
129
130
118
119
131
132
120
108
96
84
83
95
94
106
107
108
96
95
94
82
70
71
59
58
46
47
48
60
72
84
83
82
81
69
68
67
79
91
103
102
114
113
101
100
112
111
99
98
110
122
123
135
134
133
121
109
97
85
73
61
49
37
25
13
1
2
3
15
14
26
27
28
40
41
42
54
53
65
77
89
90
78
66
65
64
52
51
50
38
39
51
63
75
87
88
76
64
63
62
74
86
85
97
98
99
111
112
124
136
137
138
126
125
113
114
115
116
128
140
139
127
115
103
104
105
93
92
80
81
69
57
56
55
43
31
30
18
19
7
8
20
32
44
45
33
21
9
10
22
23
35
36
24
12
11
10
9
8
7
6
5
17
29
30
42
54
66
78
77
89
90
102
101
100
88
76
75
87
86
74
73
61
62
50
49
37
38
39
40
52
53
41
29
17
16
4
3
2
1
13
25
26
14
15
27
28
16
4
5
6
18
19
20
32
31
43
44
45
33
21
22
34
46
34
35
23
11
12
24
36
48
47
59
60
72
71
70
58
57
56
55
67
68
80
79
91
92
93
105
106
107
119
120
132
144
143
131
130
142
141
140
139
138
137
136
135
134
133
121
109
110
122
123
124
125
126
127
128
129
117
118
117
116
104
52
53
1
38
131
5
4
71
106
126
137
6
20
136
27
23
99
70
17
10
30
7
80
115
61
50
29
31
89
143
138
135
107
120
55
35
89
17
59
76
36
140
86
57
83
1
67
131
124
90
16
107
8
122
109
54
62
11
49
12
93
42
83
2
110
26
130
26
63
18
68
88
45
57
129
128
132
19
54
60
7
133
49
34
144
100
25
97
3
63
81
46
36
117
27
117
98
6
144
82
41
136
21
100
126
102
104
85
135
139
125
91
2
20
53
38
118
44
73
60
37
58
29
129
24
103
61
55
72
14
140
95
78
87
80
51
15
3
23
67
35
141
52
114
134
79
65
82
112
111
121
139
103
68
75
79
64
108
64
127
84
142
141
88
75
109
70
137
13
62
90
77
104
119
119
113
86
39
5
132
37
85
105
22
98
74
8
39
56
40
21
106
121
143
108
115
112
118
48
33
16
19
28
138
74
142
84
73
116
101
94
69
47
30
91
41
11
111
77
120
81
110
46
14
105
51
58
25
42
87
15
56
69
92
44
59
127
4
43
66
92
97
65
66
94
99
76
9
102
33
47
78
13
128
134
32
28
114
133
22
34
18
32
45
124
24
123
12
101
43
96
122
93
31
9
40
96
10
72
48
116
113
95
50
123
71
130
125
15
12
76
41
65
66
54
116
107
94
29
39
52
127
58
114
93
104
16
71
59
34
92
20
103
4
91
3
24
28
11
128
61
133
73
53
13
55
1
21
89
64
83
32
82
9
80
27
86
70
85
139
142
100
31
122
111
42
38
47
79
78
121
16
112
40
64
69
47
30
86
130
96
70
13
96
142
69
44
122
108
32
67
29
15
19
87
51
114
89
140
6
41
18
27
129
36
139
116
131
60
119
91
45
68
57
75
134
140
90
1
2
77
107
109
50
82
35
120
79
125
17
14
11
93
6
144
46
63
136
24
46
25
90
18
50
95
106
101
49
10
131
34
94
99
92
19
60
81
105
134
43
113
68
78
38
36
97
138
26
33
101
104
85
84
9
137
108
81
135
100
20
39
132
98
25
141
58
57
4
44
49
26
48
133
117
22
28
143
126
117
62
112
99
83
97
130
56
42
65
71
7
35
33
110
77
30
31
119
124
53
98
66
21
14
5
123
88
123
8
136
10
129
120
37
75
55
23
105
73
109
141
12
62
87
3
137
74
118
132
118
113
121
59
125
61
51
111
67
143
37
2
88
72
110
103
5
40
76
84
138
126
23
80
22
115
45
95
54
48
124
128
127
56
72
52
102
74
115
63
144
106
8
17
135
102
43
7
133
134
122
110
111
112
100
99
87
86
85
97
109
121
133
134
135
136
124
123
135
136
137
138
139
140
141
142
143
144
132
120
119
131
130
118
117
129
128
127
115
116
104
103
91
90
78
79
80
68
56
55
67
66
54
42
30
29
17
18
19
7
6
5
4
16
28
27
39
38
50
62
63
51
52
40
41
53
65
64
76
88
89
77
76
75
74
73
61
49
37
25
26
14
15
3
2
1
13
25
37
49
61
73
85
97
98
86
87
88
100
101
113
114
102
103
104
92
93
94
95
96
84
83
82
70
69
57
58
46
45
44
32
33
21
22
23
35
36
24
12
11
10
9
8
20
32
31
43
42
41
53
65
77
89
90
91
92
80
81
93
105
106
107
108
96
84
72
60
59
71
70
58
46
45
44
43
55
54
66
78
79
67
68
56
57
69
81
82
94
106
105
117
116
115
114
102
101
113
112
111
99
98
110
109
121
122
123
124
125
126
125
137
138
126
127
139
140
128
129
141
142
143
144
132
131
130
118
119
120
108
107
95
83
71
72
60
59
47
48
47
48
36
35
34
33
34
22
23
24
12
11
10
9
21
20
8
7
6
18
19
31
30
29
17
16
15
27
28
40
39
51
52
64
63
75
74
62
50
38
26
14
13
1
2
3
4
5
1
13
14
15
27
39
40
28
29
17
5
4
3
2
1
13
25
37
38
26
25
37
49
61
73
85
97
109
121
133
134
135
123
122
110
111
99
98
86
74
75
87
88
76
77
65
66
78
90
91
92
80
79
67
68
69
70
58
59
71
83
84
72
60
48
47
46
34
33
21
20
19
31
32
44
45
57
56
55
43
42
41
53
54
42
30
18
6
7
8
9
10
22
23
35
36
24
12
11
10
9
8
7
6
5
4
16
17
29
41
40
52
51
63
64
76
88
89
101
113
125
137
138
126
114
115
103
104
116
117
105
93
94
106
107
119
131
130
142
143
144
132
120
108
96
95
94
82
81
69
57
56
55
54
53
65
77
89
90
102
101
100
112
124
136
137
138
139
140
128
127
115
116
117
105
93
81
80
68
67
66
78
79
91
92
104
103
102
114
113
112
100
99
87
75
63
64
52
51
39
27
28
16
15
3
2
14
26
38
50
62
50
49
61
62
74
73
85
86
98
97
109
121
133
134
122
110
111
123
135
136
124
125
126
127
139
140
128
129
141
129
141
142
130
118
106
118
119
131
143
144
132
120
108
107
95
96
84
72
71
83
82
70
58
59
47
35
34
46
45
33
32
44
43
31
30
18
19
20
21
22
23
11
12
24
36
48
60
66
24
21
40
98
30
21
15
13
45
18
37
114
82
31
105
48
117
71
72
14
88
87
132
143
35
85
85
47
62
9
36
135
137
16
50
127
119
108
129
97
121
129
107
126
31
104
32
76
47
36
134
42
56
144
106
111
43
59
139
99
57
23
4
34
56
22
44
81
41
54
81
95
29
83
89
45
131
78
12
80
130
59
38
53
89
118
67
101
6
2
7
13
143
61
7
65
28
94
111
88
46
140
84
11
141
58
91
98
106
12
128
67
66
87
28
52
35
63
112
120
72
64
136
70
77
86
69
63
99
114
109
26
103
136
65
41
25
64
1
115
16
27
121
32
30
38
109
142
118
26
93
77
83
120
55
39
9
125
140
103
90
125
135
62
1
124
122
110
138
20
141
46
10
122
139
54
76
60
130
23
73
20
74
96
61
117
2
119
79
18
27
52
50
144
69
51
49
105
95
86
53
37
57
55
17
8
112
133
113
8
123
15
101
97
126
33
137
39
60
19
43
115
6
73
110
3
48
108
104
132
33
93
51
10
90
75
92
71
78
84
96
19
134
75
94
107
124
3
11
131
24
58
68
17
29
70
127
100
14
49
68
44
22
79
102
142
82
102
138
40
133
34
113
91
80
92
128
74
5
123
4
116
100
116
5
42
25
85
136
41
79
94
134
80
33
5
45
29
70
13
62
108
109
74
16
10
23
82
72
17
53
87
90
86
103
139
58
13
38
94
78
107
32
20
11
41
128
61
48
100
50
46
87
28
66
40
104
66
120
138
24
59
76
19
42
71
113
90
137
93
91
116
6
118
140
60
71
125
14
128
3
45
100
105
60
102
124
2
117
34
115
27
96
143
109
61
25
129
142
57
112
37
144
103
4
32
99
6
59
37
68
26
72
53
84
135
65
126
55
25
62
98
57
107
88
64
125
2
12
75
73
7
21
114
63
52
121
9
122
69
26
127
43
122
54
48
120
5
86
127
8
105
28
22
16
38
39
131
17
1
49
21
110
76
75
89
92
144
46
20
143
51
132
33
123
52
7
51
111
96
15
124
101
106
8
77
131
36
102
74
106
136
14
139
133
95
64
142
44
15
50
116
70
119
24
126
67
44
97
78
39
81
121
123
18
111
68
34
130
10
65
47
92
56
133
141
29
30
35
108
1
79
88
130
84
141
95
56
129
31
112
82
83
30
42
23
140
134
55
22
85
11
138
119
36
83
80
18
99
97
27
98
81
93
49
135
3
19
110
89
12
132
113
54
43
67
4
35
118
137
58
104
47
115
73
117
69
9
77
101
63
31
114
91
40
12
11
23
35
34
46
58
57
56
44
32
31
19
7
8
20
21
9
10
22
34
33
45
46
47
48
60
72
71
83
84
96
95
94
106
107
119
131
130
142
141
129
128
140
139
127
126
114
115
103
102
101
113
125
124
136
135
123
111
112
100
99
87
86
98
97
85
73
74
75
76
64
63
62
61
49
50
38
37
25
26
14
15
3
2
1
13
25
37
49
61
73
85
97
109
110
122
121
133
134
135
136
137
138
139
140
141
142
143
144
132
120
108
96
84
72
60
59
71
70
82
81
93
105
117
118
130
129
128
116
104
92
80
68
69
81
80
79
78
66
67
55
43
42
54
53
52
51
39
40
41
29
17
5
4
16
28
27
26
38
50
62
74
86
87
88
89
77
65
66
54
53
41
29
30
18
17
5
6
7
6
18
19
31
30
42
43
55
67
79
78
77
65
64
52
40
28
16
4
3
2
1
13
14
15
27
39
51
63
75
76
88
100
99
98
110
109
121
133
134
122
123
111
112
124
125
137
138
126
127
115
103
102
114
113
101
89
90
91
90
91
92
93
94
106
105
104
116
117
118
119
131
143
144
132
120
108
107
95
83
82
70
58
57
69
68
56
44
45
33
32
20
8
9
21
22
10
11
12
24
23
35
36
24
36
48
47
59
144
132
131
130
118
117
116
104
92
93
94
82
83
84
96
95
107
108
120
119
118
106
105
117
129
141
140
139
127
126
138
137
125
113
112
124
123
122
110
109
97
98
86
85
73
74
62
63
75
76
64
52
51
50
38
37
25
26
27
39
40
28
29
17
16
4
5
6
18
30
42
43
31
19
7
8
20
21
9
10
22
23
35
36
24
12
11
10
9
8
7
6
5
4
3
15
14
2
1
13
25
37
49
61
73
85
97
109
121
133
134
135
136
137
138
139
140
128
127
115
114
102
101
100
99
111
110
98
86
87
88
89
90
91
103
102
90
78
66
67
79
80
81
69
68
56
44
32
33
45
57
58
59
60
48
47
46
34
22
21
20
19
18
17
29
41
53
54
55
67
68
56
57
58
70
71
59
60
72
84
72
71
83
82
70
69
81
80
79
78
66
54
55
43
44
45
46
47
48
36
24
12
11
23
35
34
33
32
31
30
42
41
40
28
16
15
3
2
1
13
14
26
27
39
38
50
49
61
62
74
75
76
64
63
51
52
53
65
77
65
77
89
101
113
112
100
88
87
99
111
123
122
121
133
134
135
136
124
125
126
114
115
116
104
103
91
92
93
105
106
94
95
96
108
107
119
120
132
144
143
131
130
142
143
142
141
129
128
