##Rat 4 Day 39
 ##rewards
126
113
47
##Vertices
1
2
14
26
27
28
40
39
51
50
49
37
25
13
1
2
3
4
16
15
3
4
5
6
7
8
9
10
11
12
24
36
35
23
22
34
33
21
20
19
31
32
44
43
55
54
66
67
68
80
92
91
79
78
90
102
114
113
125
126
127
139
138
137
136
124
112
111
99
98
86
74
75
87
88
100
101
89
77
76
64
52
53
65
64
63
62
61
73
85
97
109
110
122
123
135
134
133
121
109
97
85
73
61
49
37
38
50
51
52
40
41
29
30
42
43
44
56
57
58
59
60
72
71
70
82
81
93
94
106
105
104
116
117
129
130
131
119
120
132
144
143
142
141
140
128
116
115
103
102
101
89
77
65
53
54
55
56
68
69
57
45
46
47
48
60
72
84
96
95
83
82
94
106
105
104
103
91
90
78
66
67
79
80
92
93
81
69
70
58
46
45
33
32
31
30
42
41
29
28
27
39
38
26
25
13
14
15
16
17
18
17
5
6
18
19
7
8
20
21
9
10
11
12
24
23
22
34
35
36
48
47
59
71
83
84
96
95
107
108
107
108
120
119
118
117
118
130
131
132
144
143
142
141
129
128
140
139
138
126
127
115
114
113
125
124
123
111
112
100
99
87
88
76
75
63
62
74
86
98
110
122
121
133
134
135
136
137
144
132
131
130
118
106
105
117
116
128
140
141
142
143
144
132
120
108
107
119
120
108
96
84
72
60
48
36
24
12
11
10
22
23
35
34
46
47
59
71
70
58
57
69
68
80
79
67
55
54
53
65
66
78
77
76
75
87
86
74
62
61
73
85
97
98
99
111
112
124
125
126
114
113
101
100
88
89
90
102
103
104
92
91
103
115
127
139
138
137
136
135
123
122
110
109
121
133
134
135
136
137
138
139
140
141
129
128
116
104
105
93
94
82
81
69
57
56
44
32
20
8
7
19
31
30
42
41
29
28
40
52
51
39
38
26
14
15
3
2
1
13
25
37
49
50
51
63
64
76
88
89
90
91
92
80
68
56
55
43
44
45
33
21
9
8
7
6
5
17
18
30
29
28
40
52
64
65
77
78
79
67
66
54
53
41
42
43
31
32
33
45
46
58
70
82
81
93
94
106
118
117
129
130
142
143
131
119
107
95
83
95
96
84
83
71
72
60
59
47
48
36
24
12
11
23
35
34
22
10
9
21
20
19
18
6
5
17
16
4
16
4
3
15
27
39
27
26
14
2
1
13
25
37
38
50
49
61
73
74
62
63
75
87
86
98
110
111
99
100
112
113
101
102
114
115
127
126
125
124
123
122
134
133
121
109
97
85
94
144
121
97
51
47
22
8
66
41
110
122
27
39
40
42
89
140
81
37
87
134
133
98
96
24
19
78
16
75
82
75
55
85
123
88
56
64
135
102
132
38
25
139
132
59
82
142
33
70
31
20
116
63
61
6
47
64
44
90
53
74
8
7
120
129
77
32
57
84
4
99
103
109
80
59
55
131
44
21
3
22
104
45
96
113
62
112
17
18
125
126
131
5
10
1
142
111
79
130
30
21
83
46
54
28
43
29
19
114
73
16
51
40
101
118
116
115
29
2
71
143
31
15
89
35
53
128
11
124
91
110
93
23
136
48
65
130
14
144
72
79
56
9
73
74
35
81
76
95
99
125
37
26
108
100
137
5
122
42
76
48
4
78
34
50
17
88
139
65
105
67
38
94
136
92
114
12
100
118
2
54
45
124
7
10
77
30
32
58
63
93
120
36
95
121
72
60
107
104
12
58
67
106
13
3
14
115
68
61
33
91
43
113
57
69
1
68
97
106
86
25
138
36
52
50
6
28
135
70
141
102
119
133
103
134
108
18
138
128
41
90
107
52
101
62
46
83
23
129
26
84
66
109
13
20
11
117
111
49
49
71
86
140
69
127
80
87
24
15
137
39
92
34
141
143
126
60
127
119
105
27
117
98
85
112
9
123
65
91
70
83
42
2
34
14
29
63
116
134
6
130
18
40
90
47
93
4
60
100
28
133
32
62
103
49
56
139
67
64
71
107
15
138
79
42
30
24
117
64
139
26
60
68
112
123
94
25
119
3
102
17
103
141
132
51
80
55
118
41
27
36
20
21
57
68
81
106
16
67
137
35
15
78
76
13
143
72
10
135
45
66
129
99
115
120
74
11
58
127
97
72
1
133
3
17
121
114
128
70
69
132
59
140
142
115
99
79
76
94
7
97
75
111
89
48
9
126
23
98
77
108
126
86
113
69
101
33
112
62
14
84
19
19
8
12
13
30
141
111
7
143
49
82
36
135
122
40
51
74
80
113
1
144
130
83
109
44
23
34
136
71
58
45
125
84
125
117
66
32
75
12
54
92
5
46
31
73
50
39
95
142
2
29
27
104
89
5
73
98
81
28
86
44
87
110
52
61
102
92
22
38
88
128
47
82
85
134
90
109
131
121
104
50
39
118
59
11
43
131
124
91
18
52
24
20
78
53
100
129
57
144
124
54
116
43
33
16
65
87
119
56
53
37
48
22
95
38
41
21
114
93
105
105
127
31
4
108
101
63
138
37
10
88
96
120
46
55
140
6
136
25
123
122
35
96
107
137
8
61
77
9
106
110
85
26
12
11
23
35
34
46
58
57
56
44
32
31
19
7
8
20
21
9
10
22
34
33
45
46
47
48
60
72
71
83
84
96
95
94
106
107
119
131
130
142
141
129
128
140
139
127
126
114
115
103
102
101
113
125
124
136
135
123
111
112
100
99
87
86
98
97
85
73
74
75
76
64
63
62
61
49
50
38
37
25
26
14
15
3
2
1
13
25
37
49
61
73
85
97
109
110
122
121
133
134
135
136
137
138
139
140
141
142
143
144
132
120
108
96
84
72
60
59
71
70
82
81
93
105
117
118
130
129
128
116
104
92
80
68
69
81
80
79
78
66
67
55
43
42
54
53
52
51
39
40
41
29
17
5
4
16
28
27
26
38
50
62
74
86
87
88
89
77
65
66
54
53
41
29
30
18
17
5
6
7
6
18
19
31
30
42
43
55
67
79
78
77
65
64
52
40
28
16
4
3
2
1
13
14
15
27
39
51
63
75
76
88
100
99
98
110
109
121
133
134
122
123
111
112
124
125
137
138
126
127
115
103
102
114
113
101
89
90
91
90
91
92
93
94
106
105
104
116
117
118
119
131
143
144
132
120
108
107
95
83
82
70
58
57
69
68
56
44
45
33
32
20
8
9
21
22
10
11
12
24
23
35
36
24
36
48
47
59
133
121
122
123
111
112
113
101
89
88
87
75
74
73
85
86
98
97
109
110
111
99
100
112
124
136
137
138
126
127
139
140
128
116
117
129
130
131
119
120
108
107
95
96
84
83
71
70
82
81
69
57
58
59
47
48
36
35
34
46
45
33
32
20
21
9
8
7
19
31
43
42
30
18
6
5
17
16
4
3
15
14
26
25
13
1
2
3
4
5
6
7
8
9
10
22
23
11
12
24
36
48
60
72
84
96
108
120
132
144
143
142
141
140
139
138
137
125
126
114
115
103
104
105
106
118
119
107
95
94
93
92
91
90
102
103
91
79
67
66
78
77
76
64
65
53
41
29
28
40
52
51
50
49
37
38
39
27
15
16
17
18
19
20
32
44
56
55
54
66
65
53
52
51
63
62
50
49
61
73
61
62
74
75
63
64
76
77
78
79
67
55
54
42
41
40
39
38
37
25
13
1
2
14
26
27
28
29
30
31
43
44
45
33
21
22
10
11
12
24
23
35
34
46
47
59
60
72
71
83
82
81
69
70
58
57
56
68
80
68
80
92
104
116
117
105
93
94
106
118
130
131
132
144
143
142
141
129
128
127
115
114
113
101
102
90
89
88
100
99
87
86
85
97
98
110
109
121
133
134
122
123
135
134
135
136
124
125
96
38
36
91
109
51
129
58
48
47
121
22
89
139
78
109
26
102
33
117
16
74
77
136
79
125
30
38
23
90
78
11
67
126
41
123
98
47
20
8
122
144
25
27
33
61
16
80
115
131
138
64
19
132
43
60
87
120
143
141
56
26
83
100
119
107
3
95
69
63
144
3
111
13
21
105
81
10
45
44
13
124
67
9
85
131
83
121
104
40
68
106
114
140
102
70
107
71
85
66
28
12
29
23
136
116
70
87
106
98
101
68
110
127
76
71
119
44
52
53
110
42
37
5
28
11
49
101
22
46
135
10
1
103
137
8
125
2
48
54
43
140
118
9
42
55
76
19
24
88
92
105
111
39
14
25
108
118
18
84
74
82
21
128
134
94
50
114
86
72
100
55
89
117
17
72
57
36
97
92
20
93
34
97
77
142
126
143
142
7
46
7
138
40
56
82
6
32
116
15
34
120
99
61
51
95
137
113
65
79
94
129
84
58
59
65
62
31
139
135
66
62
128
108
141
15
122
27
29
59
14
113
32
103
80
2
63
75
4
73
115
124
5
88
17
104
69
90
130
123
73
12
112
31
39
6
35
130
134
45
52
41
112
96
127
4
30
57
133
35
64
60
50
132
1
133
49
37
75
54
53
86
93
81
91
24
99
18
50
13
89
29
27
74
67
3
5
88
120
32
87
69
68
88
59
86
68
21
98
67
111
113
131
41
104
61
10
8
125
2
2
37
131
27
49
24
137
12
3
103
111
6
98
57
30
13
9
126
138
99
30
94
72
107
143
130
139
80
84
95
138
78
39
65
85
35
38
139
31
82
25
144
58
115
91
81
31
52
106
97
122
73
93
16
60
10
18
11
79
1
97
22
110
101
20
26
134
82
16
77
70
129
64
132
99
141
48
89
34
105
12
57
62
63
102
136
49
66
76
36
100
45
23
123
6
19
56
124
25
48
142
114
95
43
91
69
70
41
40
90
133
78
128
58
128
36
74
42
134
56
144
15
118
20
109
51
38
44
4
140
21
92
73
47
84
55
116
112
28
107
135
119
141
135
81
14
93
75
117
47
90
96
29
83
96
39
130
17
9
86
92
101
110
129
33
1
125
127
85
23
87
117
19
142
112
72
5
55
123
61
109
137
143
140
122
22
53
102
118
4
104
28
79
37
64
106
66
44
120
46
65
7
24
121
42
60
15
94
116
119
71
54
32
59
45
17
113
75
51
18
103
133
11
62
108
35
26
53
76
50
136
33
80
100
83
71
8
52
127
114
43
54
126
77
63
124
46
40
132
115
105
108
121
14
34
7
144
143
142
130
129
141
140
128
116
115
103
91
79
78
77
65
53
41
42
43
44
45
46
58
57
69
68
80
92
93
94
82
81
69
70
71
83
84
72
60
48
47
35
23
24
12
11
10
22
34
33
21
9
8
7
6
18
17
16
15
27
28
40
39
38
50
62
61
49
37
25
26
14
2
3
4
5
6
7
19
31
32
20
8
9
10
22
21
20
19
31
30
29
28
27
39
51
52
64
63
75
74
73
85
86
98
97
109
121
133
134
135
136
124
112
113
125
126
127
139
138
137
136
135
123
122
110
111
99
100
101
102
90
89
88
76
75
87
88
89
101
113
114
102
90
78
66
67
55
56
68
67
79
91
103
104
105
117
118
106
107
95
96
108
120
119
131
132
120
108
107
119
118
130
131
132
144
143
142
141
140
128
129
117
105
106
94
93
81
80
92
104
116
115
114
126
127
139
138
137
125
124
123
111
112
100
99
87
86
98
110
122
134
133
121
109
97
85
73
74
62
61
49
50
38
37
25
26
14
13
1
13
1
2
3
15
16
4
5
17
18
30
29
41
40
52
51
63
64
76
77
65
66
54
53
54
42
43
55
56
44
32
33
45
57
58
70
82
83
95
96
84
72
71
59
60
59
47
46
34
35
36
48
36
24
12
11
23
12
24
36
35
47
48
60
59
58
70
69
68
67
79
91
90
89
88
76
64
52
40
28
29
41
42
54
55
56
44
32
31
43
42
30
18
19
7
6
5
4
16
15
14
2
1
13
25
26
27
39
38
37
49
61
73
74
86
98
110
111
99
100
112
124
125
126
138
137
136
135
123
122
121
109
97
85
73
61
62
63
51
50
49
37
25
26
38
50
62
63
75
87
99
111
112
113
101
102
114
115
127
139
140
128
129
141
142
143
144
132
120
108
107
106
94
95
83
71
72
84
96
108
120
119
131
130
118
117
105
93
81
80
92
104
103
115
116
104
92
93
94
82
81
80
79
78
66
65
53
54
66
67
68
69
57
45
46
34
33
21
20
8
9
10
22
23
11
10
9
21
22
34
35
23
11
12
24
36
48
60
59
47
46
45
33
32
44
43
55
56
57
58
70
82
83
71
72
84
96
95
107
119
118
106
105
117
116
128
129
130
131
132
144
143
142
141
140
139
127
126
138
137
125
124
136
135
123
122
134
133
134
133
121
109
110
98
97
85
86
74
75
87
88
100
101
113
114
102
103
91
90
78
77
89
77
76
64
65
53
52
51
39
40
41
29
30
31
19
20
8
7
6
18
17
5
17
16
28
27
15
3
4
3
2
1
13
14
6
91
37
5
71
99
67
35
135
114
114
41
141
79
79
49
101
112
132
49
26
57
77
18
2
46
54
42
75
98
103
53
80
20
5
39
67
127
82
7
39
134
100
139
25
3
138
135
45
19
130
86
129
134
72
68
74
87
27
81
30
91
28
121
108
13
56
99
64
133
125
61
31
45
142
2
87
43
33
70
104
28
115
115
57
97
44
123
117
43
139
105
34
47
16
41
113
52
59
76
58
65
95
77
27
19
120
65
142
144
126
7
59
22
30
23
117
40
48
1
113
63
141
54
12
119
144
29
120
53
143
75
137
104
36
98
130
72
116
90
124
123
82
32
62
102
131
90
116
9
143
36
83
17
81
55
86
136
66
14
40
96
107
50
62
32
51
26
107
109
12
23
61
24
8
109
96
88
46
48
21
74
73
84
105
92
92
11
94
128
102
89
4
83
93
24
69
38
42
85
60
101
129
37
97
106
35
6
126
122
31
125
80
137
44
10
88
64
84
21
122
138
69
132
70
20
16
63
55
95
51
17
73
68
85
124
15
38
103
10
52
119
140
93
118
11
112
60
50
1
131
25
110
89
111
14
100
78
15
128
140
71
133
66
110
76
18
136
29
22
78
118
108
56
47
94
106
8
127
111
33
4
9
34
58
3
13
121
104
38
120
28
129
119
84
62
110
96
100
4
86
17
7
18
38
50
90
125
92
45
60
29
113
14
43
63
89
126
59
46
104
108
135
81
51
51
111
62
18
117
132
107
10
87
97
21
76
55
142
55
5
137
47
123
40
131
70
65
80
31
83
109
2
22
3
122
27
105
25
106
65
135
30
28
100
15
92
26
33
115
11
77
8
101
19
82
102
95
96
79
33
45
15
134
109
144
39
57
78
40
139
123
139
90
22
86
85
63
61
107
67
83
118
111
133
60
122
113
118
31
108
84
32
34
57
49
126
114
98
3
136
48
36
128
14
34
56
72
137
138
79
64
17
6
93
66
53
102
1
54
77
88
66
73
87
43
56
121
116
13
58
13
142
94
131
24
70
9
35
9
1
53
140
117
35
24
20
6
85
134
120
42
59
48
5
127
71
46
41
29
39
16
89
26
110
11
94
72
44
7
91
44
73
78
132
75
141
4
12
67
127
136
8
130
30
75
103
133
47
10
103
12
97
115
50
16
76
119
141
106
138
36
41
37
105
112
23
140
69
116
42
121
54
61
99
27
112
25
68
95
64
69
49
74
128
129
130
32
144
143
98
80
143
101
124
20
19
88
21
52
2
23
81
37
68
124
52
58
114
91
99
82
71
125
93
74
