##Rat 5 Day 28
 ##rewards
74
87
21
##Vertices
48
134
109
104
60
9
10
64
121
29
3
26
35
86
17
106
5
116
141
62
137
29
85
7
109
78
35
132
53
11
63
62
86
91
2
120
30
104
144
30
34
24
102
25
136
106
79
110
118
80
43
124
15
88
69
71
7
38
51
100
46
139
90
20
138
75
114
8
85
31
27
46
115
73
123
36
113
60
142
8
111
105
36
27
37
33
136
57
135
76
25
1
108
74
20
94
130
56
95
143
101
79
47
18
4
45
51
22
114
28
33
138
112
44
105
53
64
23
143
9
13
63
70
113
99
19
42
68
122
125
44
23
37
126
91
134
128
97
26
45
6
111
101
116
130
84
40
31
133
131
74
73
117
139
72
88
107
81
11
131
129
89
129
119
12
50
142
133
58
80
66
68
78
52
10
41
94
140
96
117
97
110
61
50
12
98
132
3
17
77
84
65
42
16
83
32
144
13
124
6
21
120
83
47
112
127
59
49
103
55
39
61
41
76
52
22
24
137
108
2
96
70
34
71
125
72
103
54
39
19
89
56
54
100
118
87
98
127
121
55
107
14
93
123
140
87
82
28
135
58
65
128
38
69
59
75
126
66
4
43
82
14
95
1
81
115
90
99
32
67
77
16
67
93
57
21
48
92
5
92
49
122
15
102
40
141
18
119
55
51
12
35
20
128
115
75
65
5
96
77
97
67
138
143
133
63
68
81
129
62
25
122
125
116
66
142
64
130
41
21
57
101
74
70
97
38
31
135
104
21
26
88
113
109
62
33
10
110
61
9
48
140
121
124
54
135
137
68
36
84
75
127
18
117
55
61
1
136
79
104
8
105
85
112
24
89
119
31
80
28
90
86
23
25
123
87
14
142
19
93
65
10
20
98
15
107
82
95
108
54
23
79
93
94
47
125
112
144
26
39
60
29
110
34
56
50
95
134
38
6
102
53
9
58
11
44
80
77
35
6
1
16
2
98
116
47
78
3
69
27
43
88
60
103
117
7
111
118
74
72
85
13
91
92
105
17
33
87
45
58
57
141
76
121
29
124
84
107
32
106
15
52
30
115
19
82
30
136
92
48
49
123
73
72
83
78
137
99
59
53
45
138
91
37
129
42
4
90
43
139
4
39
36
50
120
67
141
63
132
16
131
102
41
49
89
111
140
44
132
64
8
70
18
100
83
2
27
5
46
71
11
42
40
120
24
114
22
114
96
56
126
118
113
109
128
134
101
144
73
34
37
103
66
59
14
100
17
99
119
71
40
139
32
86
81
12
22
106
13
7
28
130
126
122
127
3
133
52
143
69
131
94
108
76
51
46
144
143
142
141
140
128
129
130
131
132
120
119
118
106
105
104
92
91
103
102
101
113
114
126
138
137
125
124
136
135
134
122
110
98
97
85
86
87
88
89
77
76
64
65
66
67
55
54
42
43
44
56
57
69
68
80
79
78
90
89
88
100
112
111
123
135
136
137
138
139
127
115
116
117
105
93
94
82
81
93
94
95
96
108
107
106
118
117
116
104
103
102
101
100
99
87
75
63
62
50
38
37
25
26
27
39
51
52
53
41
40
28
29
17
16
4
3
15
14
2
1
13
25
37
49
61
73
74
75
76
64
52
53
41
40
28
29
30
31
19
18
6
7
8
9
21
20
32
33
34
35
47
59
58
46
45
57
58
70
71
72
60
48
36
24
12
11
23
22
10
9
21
22
10
11
12
24
23
35
36
48
47
46
34
33
45
44
56
55
43
31
32
20
8
7
19
18
30
42
54
66
65
77
78
90
91
92
80
79
67
68
69
81
82
70
71
59
60
72
84
83
95
83
84
96
108
107
119
120
132
144
143
131
130
142
141
129
128
140
139
127
115
114
126
125
124
123
122
134
133
121
133
121
109
110
109
97
85
73
61
49
50
38
26
14
13
1
2
3
4
5
6
5
17
16
15
27
39
51
63
62
74
86
98
99
111
112
113
133
134
135
136
137
125
124
123
122
121
109
110
111
99
100
101
89
90
102
103
104
116
115
127
139
140
128
129
141
142
143
131
119
107
108
96
95
94
93
92
80
81
69
68
67
66
54
55
43
42
41
53
52
64
65
77
78
79
91
92
93
105
117
118
130
142
141
140
139
138
126
114
113
112
100
88
87
75
76
88
87
86
85
97
98
99
111
112
113
101
102
103
104
105
106
94
82
70
71
59
47
48
36
35
34
46
58
57
56
44
45
33
32
20
21
9
10
22
23
11
12
24
36
48
60
72
84
83
82
81
69
57
56
44
45
33
32
31
30
18
19
7
6
5
4
16
17
29
28
27
26
38
50
51
39
40
52
51
63
62
61
49
37
25
13
1
2
14
15
3
4
16
15
3
2
1
13
14
26
25
37
38
39
27
28
40
41
53
54
42
30
29
17
5
6
18
19
31
43
55
67
68
80
79
91
90
89
77
78
66
65
64
76
75
63
62
50
49
61
73
74
86
74
73
85
97
98
110
109
121
133
134
122
123
135
136
124
125
137
138
126
114
115
127
128
129
130
131
143
144
132
144
132
120
119
120
108
96
84
72
60
59
47
35
23
24
12
11
10
9
8
7
8
20
21
22
34
46
58
70
71
83
95
107
106
118
117
116
47
39
27
141
119
95
85
123
132
102
65
40
91
1
32
94
16
33
67
121
79
20
53
143
121
12
98
25
130
97
113
142
13
140
24
80
93
55
5
58
53
37
44
2
9
57
122
112
84
127
125
139
69
5
51
143
90
109
83
39
61
66
75
133
78
4
135
138
63
124
85
86
28
1
44
20
76
42
103
52
86
22
14
10
46
36
10
115
12
8
60
127
79
35
110
129
120
136
21
4
28
21
34
112
50
92
8
66
87
31
22
72
15
116
144
126
31
18
14
60
107
142
134
131
43
41
51
7
65
106
115
72
32
132
124
137
59
122
62
118
25
100
30
97
136
38
101
19
134
131
99
75
116
140
63
98
54
89
34
133
45
41
99
139
128
7
117
95
3
130
73
125
50
29
37
118
117
119
106
56
18
42
114
64
11
36
120
59
71
90
70
93
2
24
108
67
33
92
107
74
104
88
105
48
70
81
78
68
58
105
102
48
123
104
87
56
103
62
77
29
17
135
100
23
74
110
111
82
13
138
19
17
84
35
94
129
83
54
11
3
109
80
61
26
9
23
6
108
45
49
71
82
40
88
69
52
91
43
81
96
49
57
137
128
144
38
26
113
73
101
15
96
64
141
46
27
68
77
30
6
55
126
16
76
111
89
47
114
34
100
29
39
121
49
110
97
143
92
94
27
5
79
62
37
100
44
71
128
33
8
16
80
41
24
37
61
144
99
139
26
96
59
133
50
20
12
124
4
77
143
95
76
21
7
133
79
84
65
82
75
13
14
140
132
126
10
86
73
124
74
69
15
60
52
54
54
33
108
70
83
60
72
98
87
24
12
130
122
59
57
141
95
50
6
127
8
131
27
85
135
45
129
130
83
113
67
19
120
65
6
35
47
128
2
45
16
57
32
102
132
11
106
76
1
71
25
78
36
111
119
19
105
47
112
13
46
35
22
5
70
118
123
64
113
48
77
87
18
92
56
125
39
22
108
93
141
55
66
114
138
89
102
103
89
88
107
127
107
94
30
135
88
64
78
53
81
134
125
90
46
144
62
23
14
21
139
93
20
103
104
42
110
51
42
74
49
109
142
7
142
41
29
10
3
84
4
75
40
115
51
34
40
86
106
116
43
117
136
48
116
136
32
73
25
30
80
131
11
43
122
1
26
52
137
68
18
69
28
90
112
85
63
126
137
115
55
38
36
91
2
123
68
104
67
31
97
120
44
114
53
31
72
105
101
109
56
23
117
63
91
138
118
28
66
98
58
119
17
101
96
61
121
58
9
3
99
111
134
17
140
81
38
15
129
9
82
12
11
10
22
23
35
36
48
47
46
45
57
58
70
82
83
71
59
60
72
84
96
108
120
119
131
132
144
143
142
141
140
128
116
117
129
130
118
106
105
104
92
93
81
80
79
91
103
115
127
126
114
113
101
102
90
78
77
89
88
100
112
111
123
135
134
133
121
122
110
109
97
85
73
61
62
74
75
63
51
52
64
65
66
67
68
69
57
56
55
54
53
41
42
30
31
43
44
32
20
19
18
17
29
28
16
4
3
15
27
26
14
13
1
2
3
4
5
6
7
8
9
21
33
34
46
58
70
69
68
80
81
82
94
95
107
108
120
119
118
117
116
115
114
113
125
137
136
124
112
111
99
98
86
87
75
76
64
63
51
39
40
52
53
54
42
41
40
39
38
37
49
50
38
50
49
61
62
74
73
85
97
109
121
133
134
135
136
137
138
139
127
128
129
130
131
132
144
143
142
141
140
139
138
126
125
124
123
122
110
98
86
87
99
100
88
76
77
65
66
67
79
78
90
89
101
102
103
91
92
104
105
93
94
106
107
95
96
84
83
71
72
60
59
47
35
34
33
45
44
56
55
43
31
32
20
19
18
30
29
28
27
26
25
37
25
13
1
2
14
15
16
17
5
6
7
8
9
21
22
10
11
12
24
23
24
36
48
1
13
14
15
3
4
5
6
7
8
9
10
22
21
33
45
44
56
57
58
70
71
72
84
96
95
107
108
120
119
131
132
144
143
142
141
129
117
105
104
92
93
94
106
118
130
142
141
140
128
116
115
103
91
79
80
81
69
68
67
55
43
42
30
31
32
20
19
18
17
29
41
40
39
51
50
49
61
62
74
73
85
86
98
97
109
121
122
123
135
136
137
138
139
127
126
125
124
112
100
88
76
75
87
99
111
110
109
97
85
73
61
49
37
25
26
38
39
27
28
16
4
5
17
29
30
42
54
66
78
77
65
64
63
62
74
86
98
110
111
99
87
75
76
88
89
101
113
114
102
90
91
79
67
55
43
44
45
46
34
35
23
24
36
48
47
59
60
72
84
83
71
59
60
48
47
35
36
24
12
11
12
11
23
22
10
9
8
7
6
18
19
31
32
20
21
33
34
46
58
57
56
68
69
70
82
83
95
96
108
107
106
94
82
81
80
92
93
105
117
118
119
120
132
144
143
131
130
129
128
140
139
138
126
127
115
116
104
103
102
114
113
125
137
136
135
134
133
121
133
134
122
123
124
112
100
101
89
90
78
77
65
66
54
53
52
40
28
16
15
27
26
14
2
3
2
1
13
25
37
38
50
51
63
64
52
53
41
12
103
136
38
144
110
125
30
107
129
96
68
93
84
138
43
34
5
135
140
141
79
4
39
132
131
119
92
100
19
106
54
69
41
113
8
60
62
126
128
41
55
112
33
78
115
66
59
103
40
61
15
46
94
63
102
34
81
47
73
139
17
95
25
63
14
119
101
16
74
109
108
106
127
144
67
81
21
95
75
48
64
44
100
28
115
78
44
116
51
76
137
14
20
45
72
99
71
121
40
91
11
26
36
23
120
109
80
32
87
2
46
47
137
84
32
102
13
68
18
27
70
31
37
42
122
13
131
82
8
126
122
4
70
117
125
118
62
114
58
66
87
73
127
104
15
23
7
69
118
48
31
24
9
10
49
89
30
51
12
53
6
1
56
139
114
67
1
7
45
71
85
27
134
65
33
53
82
57
24
142
18
74
90
61
86
55
105
133
143
22
3
101
128
19
94
90
108
97
29
6
111
37
83
88
120
138
77
92
57
50
79
98
99
96
124
86
22
121
20
29
112
91
64
136
113
39
88
111
52
52
49
117
35
5
123
105
129
76
130
80
143
60
50
26
25
133
97
75
83
132
142
56
93
28
54
58
17
59
42
36
130
35
72
65
135
3
16
10
124
104
107
9
110
38
134
123
11
141
77
98
116
89
21
85
140
43
2
144
83
128
103
65
28
84
113
73
142
125
15
27
121
48
96
87
110
111
97
125
76
28
134
131
122
31
60
22
102
45
107
130
106
129
73
101
121
100
112
132
24
135
72
134
123
137
120
78
117
68
92
100
43
56
81
26
113
14
136
104
81
18
8
51
108
130
124
137
74
44
59
25
69
20
3
90
143
49
83
122
54
117
68
27
126
10
88
96
67
42
10
88
95
84
49
34
30
143
55
142
4
103
116
32
112
82
85
52
2
138
75
71
93
16
105
90
52
127
9
33
127
106
97
46
17
41
114
45
63
12
54
144
131
69
35
109
29
57
126
36
99
47
46
17
116
58
42
132
26
58
94
115
62
129
74
35
5
7
79
36
70
141
111
77
66
38
71
21
70
40
8
25
11
89
7
57
5
62
108
139
39
41
91
23
102
138
72
89
118
30
63
2
20
95
50
29
65
99
23
22
12
124
140
50
119
14
13
15
133
80
66
33
104
86
51
1
139
114
77
86
6
109
98
80
92
107
76
53
19
3
47
140
120
94
11
87
40
93
38
37
136
1
98
32
91
31
9
37
75
19
64
115
21
18
13
43
85
78
61
82
135
110
34
105
59
64
6
118
4
119
16
67
44
39
101
53
79
55
141
24
48
128
133
123
61
60
56
12
24
23
22
10
9
8
7
6
5
4
3
15
16
28
40
41
53
52
51
63
62
61
73
85
86
98
97
109
110
122
121
133
134
135
136
124
112
100
101
89
88
87
99
111
123
135
136
137
125
113
114
102
90
78
77
76
64
65
66
54
42
43
31
30
29
17
18
19
20
32
44
45
46
58
59
60
72
71
83
84
96
95
107
108
120
132
131
130
142
141
140
139
138
126
127
128
129
117
105
93
81
82
94
106
118
119
120
108
96
84
72
60
48
36
35
47
46
34
33
21
9
8
20
32
31
43
55
67
79
80
68
69
70
71
83
95
107
119
118
106
94
82
81
93
92
104
116
115
103
91
90
78
66
54
42
41
40
39
27
26
14
13
25
37
38
50
49
61
73
74
62
50
49
37
38
26
25
13
1
2
1
2
14
15
3
4
5
6
7
19
18
30
29
17
16
28
27
39
51
52
53
65
64
63
75
74
86
85
97
98
99
87
75
76
77
89
88
100
112
111
110
109
121
133
134
122
123
124
125
137
138
139
127
126
114
113
101
102
103
115
116
128
140
141
142
143
144
132
144
143
131
130
129
117
105
104
92
91
79
80
68
67
55
56
57
45
33
21
22
34
35
23
11
10
11
12
24
36
48
47
59
58
70
69
57
56
44
144
132
131
130
142
141
140
139
138
137
136
135
123
124
112
100
101
89
88
87
75
74
73
61
49
50
38
37
25
26
14
13
1
2
3
4
16
28
40
41
53
52
51
39
27
15
3
4
5
17
29
30
42
54
66
65
64
76
77
78
90
102
103
115
114
113
125
126
127
128
116
104
105
106
94
95
96
84
83
71
72
60
59
47
48
36
24
23
22
10
9
8
7
6
18
19
20
21
33
45
57
69
70
58
46
34
35
36
48
60
72
84
96
108
120
119
107
106
118
117
129
141
140
128
116
115
103
91
79
67
68
80
81
82
83
71
59
47
35
34
46
58
70
69
57
56
44
32
31
43
55
54
66
78
90
102
101
100
99
111
110
122
121
109
97
98
86
85
73
61
62
74
86
85
97
98
110
109
121
133
134
133
134
122
123
135
136
137
138
139
127
126
114
113
125
124
112
111
99
87
88
89
77
76
75
63
62
50
49
37
38
39
51
63
64
65
53
52
40
28
27
26
25
13
1
2
14
15
16
17
5
6
7
19
18
30
29
41
42
43
31
32
20
8
9
10
11
12
24
12
11
23
22
21
33
45
44
56
55
67
68
80
79
91
92
93
105
117
129
130
118
119
131
143
142
143
144
132
120
108
107
95
94
82
81
93
92
104
