##Rat 6 Day 38
 ##rewards
83
94
16
##Vertices
121
95
16
66
124
42
24
116
107
8
11
67
141
72
54
90
44
29
33
52
4
28
78
54
126
82
80
36
99
46
138
111
17
131
121
69
12
41
130
112
85
9
127
141
13
41
136
71
51
20
100
95
112
45
55
23
92
65
113
71
140
40
90
61
84
122
15
111
7
30
105
62
100
73
130
91
43
76
96
55
9
38
63
58
104
61
45
108
31
60
48
74
88
98
132
47
135
77
117
50
105
39
35
33
120
93
139
83
43
19
88
73
34
101
128
72
86
109
129
11
102
138
64
97
113
107
77
3
123
63
80
1
49
114
131
133
82
22
91
4
46
96
102
39
62
84
139
142
38
22
70
7
118
143
42
128
110
83
26
79
49
117
8
1
115
89
119
50
137
3
24
144
64
134
103
25
53
53
30
85
75
114
28
65
16
93
59
15
27
56
17
97
37
48
94
115
98
106
86
21
125
59
133
118
125
116
89
123
134
60
12
143
21
20
27
99
10
104
5
137
108
37
57
34
67
69
75
13
101
31
127
92
2
68
36
135
106
35
2
26
14
18
81
56
87
124
70
5
109
142
25
58
78
29
52
103
40
32
57
132
110
140
10
122
6
44
32
18
19
144
23
129
87
79
51
119
81
126
6
14
66
68
74
76
47
136
94
120
87
142
93
9
115
54
77
132
59
141
85
80
124
99
20
47
13
87
94
101
32
125
76
40
109
20
66
135
60
47
1
30
111
24
63
137
124
92
29
42
60
38
1
84
133
78
29
16
91
14
56
88
82
17
23
122
31
118
31
25
83
108
92
122
75
71
62
84
66
127
12
136
134
108
130
97
14
39
15
6
127
117
112
94
51
69
68
51
100
144
32
30
114
89
97
28
21
95
78
39
36
10
71
3
45
143
19
111
34
96
117
26
72
104
85
142
5
28
22
50
140
135
95
40
9
101
18
73
138
55
141
41
70
79
103
119
48
7
137
24
105
136
75
112
42
118
35
81
121
89
37
63
58
143
50
52
27
36
2
79
37
49
19
2
116
139
100
11
67
110
99
65
96
113
53
114
57
48
113
126
120
126
103
123
33
98
115
57
139
105
93
38
98
116
125
44
6
41
43
62
67
12
13
43
59
22
34
102
86
15
131
5
61
138
33
81
74
10
35
129
123
4
61
74
8
102
119
49
90
132
83
3
52
56
25
109
16
68
54
53
69
128
134
140
133
4
120
73
106
129
27
26
72
46
91
130
107
45
18
106
86
46
107
44
128
55
88
23
17
121
131
77
21
7
64
90
104
110
70
11
82
80
64
76
65
8
144
58
133
134
135
136
137
125
124
112
113
114
102
101
100
88
89
77
76
64
65
66
67
55
43
42
54
53
41
40
52
51
50
62
61
49
37
38
39
27
26
14
13
1
2
3
4
5
17
29
30
18
19
31
32
33
34
46
58
70
69
81
80
92
104
105
117
118
106
94
93
92
91
90
78
79
91
103
115
116
128
127
126
138
139
140
141
129
130
131
143
144
132
120
108
96
84
83
95
107
119
120
108
96
84
72
71
59
60
48
47
35
36
24
12
11
23
22
10
9
21
20
8
7
6
5
4
16
28
40
39
51
63
75
87
99
98
97
85
73
74
86
87
99
111
123
122
121
109
110
111
112
100
88
76
77
65
66
54
55
56
68
80
81
82
70
69
57
45
44
43
31
32
20
19
18
6
7
8
9
10
11
12
24
23
22
21
33
34
46
47
35
36
48
60
72
71
59
58
57
45
44
56
68
67
79
78
90
89
101
102
114
113
125
126
127
115
103
104
116
128
129
117
105
93
94
82
83
95
107
106
118
119
131
132
144
143
142
130
142
141
140
139
138
137
136
124
123
135
134
133
121
122
110
109
97
98
86
85
73
74
62
61
49
50
38
37
25
26
25
13
1
2
3
15
14
15
27
28
16
17
29
30
42
41
53
52
64
63
75
144
132
120
108
96
95
107
106
94
82
81
93
105
104
92
91
103
102
90
78
66
65
64
76
77
89
88
100
101
113
125
126
138
137
136
124
112
111
123
122
134
133
121
109
97
85
86
87
75
74
62
63
51
39
27
28
29
30
42
43
55
56
57
45
46
34
33
32
44
56
68
80
79
67
68
69
70
58
59
71
83
84
72
60
48
47
35
23
24
12
11
10
9
8
7
19
20
21
22
10
9
8
7
6
18
17
5
4
16
15
3
2
1
13
14
26
25
37
38
50
49
61
73
85
97
98
99
100
112
113
114
115
116
117
129
141
140
139
127
128
116
117
118
119
131
143
142
130
118
106
105
104
103
91
90
78
77
65
53
54
55
43
31
30
42
41
40
52
64
63
51
50
62
74
73
61
49
37
25
13
1
2
14
26
38
39
27
28
16
15
3
4
5
6
18
17
29
41
40
52
53
54
66
67
79
80
92
93
81
82
94
95
83
71
70
69
57
58
59
47
46
45
44
32
31
19
20
21
33
34
22
23
11
12
24
36
35
36
48
60
72
84
96
108
107
119
120
132
144
143
131
130
142
141
129
128
140
139
127
126
138
137
125
124
136
135
123
135
134
133
121
109
110
122
110
111
99
98
86
87
75
76
88
89
101
102
114
115
48
89
69
84
42
109
126
25
61
27
144
73
116
79
65
30
137
32
85
21
139
11
85
46
29
10
114
135
46
39
95
144
4
103
94
133
64
22
2
60
8
78
57
48
3
104
111
72
36
131
23
93
51
61
105
59
140
117
102
19
10
106
90
82
107
80
34
83
42
72
90
27
45
109
14
120
135
80
52
17
60
13
81
54
16
58
33
55
143
53
116
103
49
12
76
129
108
63
96
119
140
21
139
91
125
58
77
17
31
110
65
62
14
7
110
115
76
105
74
104
88
40
133
39
78
132
5
41
134
128
99
96
11
16
24
111
30
13
5
141
55
112
88
36
138
71
7
123
28
66
70
101
38
107
68
106
24
121
119
101
129
37
44
130
143
43
82
77
128
123
45
73
127
75
47
29
100
26
99
41
100
67
91
112
75
22
44
125
37
12
86
18
142
87
15
1
136
98
53
138
3
141
68
54
34
113
35
121
131
84
89
124
31
25
57
124
114
59
9
6
8
64
98
28
18
81
40
97
50
115
102
67
20
87
142
9
6
92
62
1
137
136
49
93
47
35
69
70
132
86
38
134
118
94
52
117
33
95
43
113
32
26
56
79
97
63
19
15
4
108
120
66
126
74
20
122
56
71
23
50
130
122
127
51
92
2
83
118
36
6
142
79
4
68
87
115
27
68
96
33
40
77
134
29
135
112
88
43
143
120
108
57
94
79
57
56
144
13
139
138
82
92
127
32
81
25
137
76
122
137
21
31
16
117
125
49
34
20
17
53
133
99
51
87
20
100
44
63
76
122
34
119
22
31
134
46
73
70
131
2
10
113
104
47
9
85
105
52
84
89
47
71
90
136
38
45
72
125
32
85
19
110
64
14
25
58
60
41
13
41
123
77
51
45
3
126
97
7
12
105
140
96
115
63
141
8
121
114
54
116
61
127
21
65
49
138
119
18
94
106
112
123
26
132
109
5
100
23
80
144
82
39
113
28
65
86
15
4
3
62
73
131
93
142
37
12
59
52
93
130
136
15
89
17
69
26
103
80
86
55
90
130
43
74
78
109
67
126
104
33
81
61
18
35
50
129
2
24
110
91
11
75
102
117
29
44
27
9
37
129
101
111
88
71
128
50
124
56
128
83
6
7
62
107
58
114
42
102
70
54
66
121
24
107
53
84
135
132
40
124
133
103
99
23
116
60
36
108
98
39
64
14
143
42
38
111
140
66
92
106
72
97
1
95
75
22
101
139
35
141
83
10
48
1
59
30
78
28
118
118
16
67
48
98
55
91
46
11
74
69
120
19
95
30
5
8
12
24
23
11
10
22
21
9
8
20
32
33
45
44
43
31
19
7
6
5
17
18
30
29
28
27
39
38
50
51
52
53
54
42
41
40
28
16
4
3
15
14
2
1
13
25
37
49
61
73
74
62
63
64
65
77
78
79
80
68
69
81
93
105
104
103
91
90
102
114
113
101
100
112
124
125
137
136
135
134
133
121
122
123
111
99
98
110
109
97
85
86
87
88
89
77
76
75
63
64
76
75
87
88
89
90
102
103
115
127
128
129
130
131
119
107
108
96
95
83
82
94
106
118
117
116
104
92
93
105
117
116
115
114
126
138
139
140
141
142
143
144
132
120
108
96
84
72
60
59
71
70
58
46
34
35
36
48
47
46
34
33
32
31
43
55
56
57
58
70
82
94
106
107
95
83
84
72
71
59
60
48
47
35
36
24
12
11
23
22
10
9
21
20
8
7
19
18
6
5
17
29
30
42
54
55
67
79
91
92
80
81
69
57
45
44
56
68
67
66
78
66
65
53
41
40
52
51
39
27
26
38
26
14
15
16
4
3
2
1
13
25
37
49
50
62
61
73
74
86
85
97
98
110
109
121
133
134
122
123
135
136
124
112
111
99
100
101
113
125
137
138
126
127
139
140
128
129
141
142
130
131
143
144
132
120
119
118
1
2
14
13
25
26
38
37
49
50
51
39
40
52
64
63
62
61
73
85
86
74
75
87
99
111
112
124
125
113
101
89
77
76
88
100
99
98
97
109
110
122
121
133
134
135
136
137
138
139
127
126
114
102
90
91
79
67
55
54
42
43
44
45
57
69
68
80
81
82
94
93
105
106
107
95
96
108
120
132
144
143
131
119
118
117
129
130
142
141
140
128
116
104
92
91
103
115
114
102
103
115
116
104
92
80
81
69
70
71
59
47
35
23
22
21
9
8
20
19
31
32
33
34
46
58
57
56
44
45
46
58
70
82
83
84
72
60
48
36
24
12
11
10
9
8
7
6
5
17
18
30
29
28
27
15
3
4
16
28
27
39
51
63
64
65
53
41
29
30
31
32
33
21
20
19
7
6
18
17
5
4
16
15
3
2
1
13
14
26
25
37
38
50
49
61
62
74
73
85
86
87
75
76
77
65
66
67
68
56
55
43
42
41
40
52
53
54
66
78
79
78
90
89
88
100
101
113
112
111
123
124
123
122
110
98
97
109
121
133
134
135
136
137
125
126
138
139
127
128
140
141
129
130
142
143
144
132
131
119
120
108
107
106
118
117
105
93
94
95
96
84
83
71
72
60
59
47
48
36
35
23
24
12
11
10
22
34
46
37
20
20
8
47
119
78
25
130
36
93
80
13
114
111
90
106
91
125
13
61
138
118
95
30
39
96
132
73
113
33
113
104
123
27
107
79
27
52
141
112
131
93
7
127
84
23
88
41
51
26
119
50
34
29
141
137
32
82
2
83
136
52
87
24
21
60
128
91
23
22
81
97
128
69
59
83
53
131
17
125
16
58
76
67
112
134
134
32
28
29
115
64
6
101
2
67
85
30
8
122
44
3
133
58
35
105
16
42
100
66
39
12
37
55
49
5
92
68
36
45
63
115
31
19
77
126
77
12
107
109
57
59
136
92
51
99
81
57
49
19
75
142
22
98
28
34
11
72
135
139
9
121
86
55
88
144
54
25
41
9
132
101
111
5
63
129
108
140
84
14
138
90
116
69
62
43
94
126
102
6
143
96
15
94
1
117
17
124
137
105
95
121
48
120
15
21
103
3
124
56
99
68
46
38
70
72
108
87
98
4
11
64
102
4
100
14
26
82
35
120
78
144
143
54
75
117
97
140
80
123
122
60
85
116
89
74
89
61
40
45
118
103
62
73
1
18
70
130
10
10
74
7
71
43
47
142
48
31
104
106
139
40
24
38
71
110
114
42
50
76
86
44
110
53
33
66
127
18
79
129
133
56
135
65
65
109
48
107
32
134
65
66
10
109
39
41
132
59
44
35
62
55
42
8
30
89
18
86
27
7
94
70
19
51
4
43
133
119
36
88
15
101
37
6
128
20
63
93
53
139
5
108
81
18
62
61
104
137
58
33
116
87
79
35
84
44
33
3
106
26
77
31
58
73
82
24
11
23
22
143
55
76
73
89
82
68
3
135
57
61
124
78
72
92
2
113
105
120
37
43
56
111
54
70
52
136
85
98
144
121
130
109
74
111
10
60
105
100
66
24
132
64
129
59
6
117
19
8
48
49
17
29
67
32
106
17
123
134
118
16
13
21
139
129
121
144
65
7
142
107
52
115
80
138
97
93
23
77
4
74
38
135
51
122
98
20
2
143
34
133
95
100
71
30
88
110
125
76
94
110
16
118
9
39
140
83
84
57
140
142
42
71
25
26
85
112
11
125
83
31
99
40
50
92
36
41
90
138
136
113
114
90
50
102
87
78
99
63
9
38
96
54
131
91
108
122
46
126
28
28
64
120
86
137
104
68
49
96
102
101
75
95
114
21
91
119
131
141
69
126
80
47
72
130
34
22
127
14
27
103
128
127
14
46
29
97
1
15
1
56
124
116
60
53
117
13
25
141
47
79
115
69
12
12
103
5
45
75
67
123
45
81
40
112
1
2
3
4
16
15
27
26
14
13
25
37
49
61
62
50
51
39
38
37
49
50
51
63
75
74
86
87
99
98
97
85
73
61
62
63
64
76
77
78
66
54
42
43
31
32
44
45
33
34
46
47
35
23
22
10
11
12
24
36
48
60
72
84
96
108
120
132
144
143
142
130
131
119
118
117
105
104
103
91
92
80
68
56
55
67
79
80
81
93
94
95
107
106
94
82
70
58
57
69
81
82
83
71
59
60
48
47
46
34
33
21
9
8
7
19
20
32
31
30
29
17
5
6
18
30
42
41
40
52
53
65
64
76
88
89
90
102
114
115
127
126
138
137
125
113
101
100
112
124
136
135
123
122
110
109
121
133
134
135
136
137
138
139
140
128
116
115
103
91
79
67
68
56
55
43
44
45
57
69
70
58
59
71
72
84
83
95
96
108
107
106
105
93
92
104
116
128
129
141
142
143
144
132
120
119
131
130
118
117
129
141
140
139
127
126
125
113
114
102
101
100
112
124
123
111
99
111
110
122
134
133
121
109
97
98
86
85
73
74
75
87
88
89
90
78
77
65
66
54
53
52
40
39
38
26
25
13
1
2
14
15
3
4
5
6
7
8
9
10
11
12
24
36
35
23
22
21
20
19
18
17
16
28
27
28
29
41
12
24
36
48
47
35
34
22
23
11
10
9
8
7
19
20
32
33
21
9
8
20
32
31
30
18
17
29
28
16
4
5
6
7
19
31
43
42
54
66
67
68
69
81
82
94
93
105
106
118
117
129
130
131
119
120
132
144
143
142
141
140
139
138
137
136
135
134
133
121
109
110
122
123
111
99
100
88
76
77
89
90
91
92
80
79
78
90
102
101
113
125
124
112
113
114
115
116
104
103
102
114
126
127
128
140
141
129
117
118
106
107
108
96
84
83
95
94
82
70
58
59
60
72
71
70
69
57
45
44
56
55
43
42
41
53
65
64
63
75
74
62
61
49
50
51
52
40
39
38
37
25
26
14
15
3
2
1
13
25
37
49
61
73
85
86
87
75
76
77
78
79
91
92
80
81
93
105
104
103
115
116
128
127
139
138
126
125
137
136
124
112
100
101
89
88
87
86
98
97
109
121
133
134
135
123
122
110
111
99
98
97
85
73
74
62
50
51
63
64
52
40
39
38
26
27
28
27
15
14
13
1
2
3
4
16
17
5
6
18
30
29
41
53
65
66
54
55
67
68
56
44
45
33
21
22
10
11
12
24
23
35
36
48
60
72
84
96
108
120
132
144
143
142
130
131
119
107
95
83
71
59
47
46
34
46
58
57
