##Rat 7 Day 24
 ##rewards
62
51
129
##Vertices
134
137
10
122
57
30
25
90
67
29
13
88
76
21
8
105
114
11
114
74
48
64
130
113
46
138
82
1
40
36
80
142
109
7
37
4
65
51
135
81
79
134
72
130
98
24
140
6
14
121
115
17
118
93
133
88
75
115
128
86
116
53
50
124
73
28
47
4
94
107
108
58
20
83
41
112
5
51
74
13
8
143
60
141
39
129
22
144
139
50
29
22
113
20
117
53
70
52
54
69
101
3
52
26
103
77
87
119
124
71
42
59
121
69
137
99
104
100
66
117
108
31
36
33
68
136
85
46
66
9
60
18
38
14
120
92
43
62
15
59
49
18
120
82
17
24
104
111
125
89
9
84
10
56
101
143
131
131
89
122
75
3
77
103
96
105
71
138
127
100
55
99
12
19
37
38
27
34
65
72
45
64
93
56
84
54
44
110
41
107
57
25
11
30
19
55
102
2
27
132
96
12
83
76
106
40
97
33
98
106
62
91
126
87
78
15
26
7
119
21
125
132
6
139
95
68
70
140
80
16
47
81
90
44
116
67
28
102
35
31
63
1
128
35
123
91
141
92
5
42
142
85
39
135
127
94
118
133
23
58
111
136
144
48
109
78
112
23
73
2
16
61
45
97
126
49
43
110
123
34
79
61
32
129
32
63
86
95
22
144
41
122
77
101
25
118
127
141
34
66
42
62
50
92
114
79
51
105
116
136
53
102
140
86
98
64
65
52
30
103
115
12
106
74
67
87
131
48
123
65
133
112
114
79
126
43
125
97
96
126
20
31
18
89
115
99
62
38
55
132
41
32
118
3
124
17
35
130
143
27
68
137
8
49
87
56
11
12
121
73
69
123
37
11
45
129
122
84
140
42
28
1
2
59
21
24
89
44
98
103
105
70
131
67
6
48
76
17
13
39
92
97
46
19
36
91
61
99
63
23
135
73
71
139
63
93
91
139
51
142
57
33
78
4
8
58
138
40
95
20
15
2
83
50
7
59
143
95
30
75
49
36
117
31
58
100
75
119
45
14
128
134
15
35
34
133
13
43
9
80
77
135
33
85
130
40
28
107
5
66
23
90
119
81
121
25
111
144
108
68
54
101
38
29
120
137
56
19
39
74
142
104
88
116
124
64
129
70
112
37
117
82
21
125
132
109
93
32
106
1
96
29
47
55
76
86
16
22
26
80
4
110
18
52
81
127
94
104
3
100
110
72
47
134
14
90
26
57
109
60
10
94
24
44
82
6
102
108
113
10
61
69
72
5
136
111
71
88
83
138
27
120
53
78
54
128
9
107
84
141
85
7
46
16
60
113
1
2
3
15
14
26
25
13
1
2
3
4
5
6
7
8
9
10
22
34
35
36
48
60
72
84
96
95
107
108
120
119
131
143
142
141
129
130
118
106
94
82
83
71
70
69
81
93
92
91
103
102
90
78
79
80
68
67
66
54
42
41
29
17
16
28
27
39
51
50
49
37
38
39
40
52
64
76
77
65
53
52
40
41
53
65
66
54
55
56
57
58
59
47
46
45
44
43
31
32
33
21
20
19
18
30
31
32
44
45
57
58
70
69
81
93
105
104
116
117
118
106
105
104
103
115
114
113
101
89
88
100
99
111
112
124
123
122
110
98
97
109
121
133
134
135
136
137
125
126
127
128
140
139
138
137
136
124
112
111
99
87
86
85
73
61
62
74
75
63
51
50
38
26
27
28
29
30
42
43
55
56
68
67
79
78
77
76
64
63
62
74
75
87
86
98
110
122
123
135
134
133
121
109
97
85
73
61
49
37
25
13
14
15
16
4
5
17
18
6
7
19
20
8
9
10
22
21
33
34
46
47
35
23
24
23
11
12
11
12
24
36
48
60
59
71
72
84
83
82
94
95
96
108
107
119
120
132
144
143
144
132
131
130
142
141
129
117
116
115
127
128
140
139
138
126
125
113
114
102
101
100
88
89
90
91
92
80
133
134
135
123
122
110
109
121
133
134
135
136
137
138
139
140
141
142
130
118
119
120
108
96
84
72
60
59
47
48
36
35
23
11
10
9
21
22
34
46
58
70
71
83
82
81
69
57
56
55
43
42
54
66
67
68
80
79
78
90
102
101
113
125
124
112
111
99
87
86
85
97
98
99
100
88
76
64
65
77
89
88
100
101
89
77
78
90
91
92
93
94
95
107
106
105
104
103
115
116
117
129
128
127
126
114
115
116
104
105
93
94
82
81
69
57
45
44
32
33
34
46
45
44
43
31
30
29
41
53
52
40
39
27
28
16
15
14
26
38
37
25
13
1
2
3
4
5
17
18
19
20
8
7
6
5
4
16
28
27
39
51
50
49
61
73
74
62
63
75
87
86
98
110
111
112
113
114
102
103
91
92
80
79
67
66
65
64
76
75
74
62
63
51
50
38
26
14
15
3
2
1
13
25
37
49
61
73
85
97
109
121
122
123
124
136
137
125
126
138
139
127
128
140
141
142
130
129
117
118
106
107
119
131
132
131
143
144
143
144
132
120
108
96
95
83
84
72
71
70
58
59
60
48
47
35
36
24
12
11
12
24
23
22
10
9
21
33
32
31
19
20
8
7
6
18
17
29
30
42
41
40
52
53
54
55
56
68
37
144
96
128
122
37
102
120
47
38
77
142
138
94
10
133
1
28
97
111
126
115
122
65
101
132
35
39
29
123
55
132
143
75
27
79
110
28
57
63
52
86
95
91
140
17
125
117
60
45
109
4
111
4
141
43
81
133
127
34
57
7
114
3
113
134
11
54
44
3
46
108
78
29
67
120
134
40
136
54
66
73
1
61
68
104
110
115
12
61
101
36
30
125
130
55
16
51
73
137
70
34
118
50
41
71
135
20
72
98
31
45
23
6
60
99
128
69
112
102
15
42
96
114
98
64
78
13
92
121
87
51
59
47
22
63
32
142
124
80
84
68
97
76
93
13
94
65
62
18
89
103
100
9
46
24
77
6
12
87
16
140
127
107
22
75
36
18
72
113
139
121
21
123
85
131
14
21
105
79
26
106
117
131
25
24
8
126
26
139
52
53
53
40
48
95
7
83
137
112
116
58
136
8
71
42
130
81
92
33
25
90
85
23
141
106
83
2
19
89
39
118
27
30
84
58
5
66
56
48
135
80
74
86
67
56
5
143
69
129
88
119
144
88
44
82
17
35
104
70
76
129
14
138
31
99
90
107
62
38
100
116
41
49
10
19
33
109
64
93
9
15
11
103
91
49
32
124
43
82
108
2
74
59
50
20
105
119
129
128
95
88
38
70
117
114
117
143
134
18
83
52
6
75
130
27
71
103
16
72
59
16
79
60
115
13
56
24
113
53
110
112
44
79
76
116
28
89
59
64
43
22
55
70
120
90
111
100
140
137
82
31
11
118
125
1
2
42
45
138
80
84
132
32
5
75
66
139
37
31
40
46
73
80
137
68
83
63
49
64
98
115
58
86
34
105
102
131
48
140
113
101
143
85
45
41
102
2
138
23
52
67
96
32
107
25
100
96
81
69
142
121
108
67
74
49
106
35
62
90
4
135
125
5
11
74
69
33
126
106
88
107
39
50
91
72
109
136
41
144
93
26
20
29
33
21
94
97
29
23
38
99
141
127
84
93
94
30
47
116
128
144
104
24
104
30
15
124
91
78
101
77
76
50
89
120
77
111
48
57
7
129
55
61
17
20
112
25
19
12
135
97
119
60
17
134
35
3
61
123
122
124
92
54
36
133
14
9
65
71
46
141
36
63
10
39
114
131
78
47
62
8
118
58
81
28
121
126
57
10
68
92
82
9
8
103
136
19
1
85
13
109
87
18
86
14
56
7
66
44
132
42
40
27
26
98
123
22
99
139
6
110
65
37
34
21
43
130
142
127
15
51
119
53
12
87
105
73
108
122
54
4
51
3
95
133
12
24
36
35
23
22
21
9
10
11
12
24
36
48
60
72
84
96
95
83
82
81
93
92
104
105
117
118
119
120
108
107
106
94
93
81
69
70
58
59
47
46
34
33
32
20
19
31
43
44
56
57
45
44
32
31
30
29
17
18
6
5
4
3
15
14
26
27
28
16
4
3
2
1
13
25
37
49
50
62
63
64
76
77
89
88
87
75
74
73
61
49
37
38
39
51
52
40
41
53
54
66
78
79
80
68
67
55
43
42
54
55
56
68
67
66
65
77
78
90
102
103
115
127
128
116
104
105
117
129
130
131
132
144
143
142
141
140
139
138
126
114
113
101
100
112
111
99
98
110
122
134
133
121
109
97
85
86
87
88
89
101
100
99
111
123
135
136
137
125
124
123
122
110
109
121
133
134
135
136
124
125
137
138
126
127
139
140
141
142
143
144
132
120
108
107
95
96
84
72
71
59
60
48
47
35
23
11
10
9
8
7
8
7
6
5
17
16
15
14
2
1
13
25
26
38
50
51
63
62
61
73
85
97
98
86
74
75
76
64
65
53
52
40
39
27
28
29
41
42
30
18
19
20
21
22
34
33
45
46
58
57
69
70
71
83
82
94
106
118
119
131
130
129
128
116
115
103
91
79
80
92
91
90
102
114
113
112
144
143
142
130
131
119
107
108
120
132
144
143
142
141
140
139
138
137
125
126
114
102
101
89
88
100
99
111
123
135
136
124
112
113
101
102
103
115
116
128
129
117
118
106
94
95
83
82
81
93
92
104
105
93
94
82
70
58
59
71
72
60
48
36
35
23
22
34
46
47
48
36
24
12
11
10
9
8
20
19
31
43
42
54
53
41
29
30
18
6
7
8
9
21
33
32
44
45
57
56
68
67
66
78
90
91
79
80
81
69
68
80
92
91
79
67
55
54
66
65
64
76
75
74
86
87
88
100
99
98
110
122
134
133
121
109
97
85
73
61
62
63
51
52
40
39
27
28
16
15
14
13
1
2
3
4
5
17
29
41
53
52
40
28
27
26
25
37
49
50
38
26
14
15
3
2
1
13
25
37
38
50
49
61
62
74
73
85
97
109
121
133
134
135
136
124
125
137
138
139
127
128
140
141
129
130
131
132
120
108
96
84
96
84
72
60
59
47
35
23
24
12
11
10
22
21
20
32
31
19
7
6
5
4
16
17
18
30
42
43
55
56
44
45
33
34
46
58
57
69
70
71
83
95
107
119
118
106
105
117
116
104
103
115
127
126
114
113
112
111
123
122
110
98
86
87
75
76
77
78
90
89
77
65
64
63
51
39
133
29
106
100
16
30
88
41
139
87
120
106
119
7
19
62
95
38
40
9
86
79
11
97
64
110
56
111
53
134
95
61
113
142
70
85
72
90
121
51
31
3
20
64
25
101
74
13
128
28
96
104
46
113
138
42
62
14
7
34
92
137
129
63
21
103
86
94
97
16
67
61
77
24
6
73
56
50
144
66
89
98
48
93
39
68
93
82
131
126
8
49
28
134
81
76
85
118
3
11
84
143
55
52
19
21
1
47
36
123
119
143
116
141
17
2
76
60
40
54
74
140
71
79
84
114
87
53
116
108
91
89
32
139
58
44
127
46
129
1
23
127
107
33
24
43
35
144
141
96
66
109
128
118
104
69
120
71
126
121
36
33
135
65
138
47
67
140
15
54
122
80
125
88
37
8
107
103
130
27
98
78
59
10
137
131
39
108
37
114
68
58
45
15
80
133
22
38
90
48
65
2
31
101
41
12
35
27
23
99
14
13
102
109
136
83
26
57
124
122
42
29
44
91
9
18
92
125
60
63
111
102
59
100
51
117
34
99
77
75
6
49
132
45
72
32
50
52
12
115
110
112
142
30
130
123
75
124
83
43
26
25
82
94
17
57
105
105
81
132
136
73
112
10
117
22
135
69
5
55
4
4
18
115
70
20
78
5
132
139
66
46
98
20
73
57
10
33
46
75
44
133
66
22
59
105
1
112
36
138
28
99
18
64
73
117
3
136
140
56
130
128
100
15
19
48
27
83
58
84
65
97
68
58
110
38
19
90
52
142
131
26
4
104
110
3
75
133
61
87
79
49
42
47
4
42
129
91
78
86
45
132
62
7
78
105
51
94
25
21
81
121
109
106
114
39
87
82
111
85
107
37
44
74
84
74
6
112
11
76
122
65
115
125
70
43
113
141
41
117
35
141
136
81
89
56
14
71
126
67
27
23
127
40
48
47
121
94
130
34
119
80
135
99
12
67
69
143
111
38
124
41
101
118
34
80
8
118
13
98
85
6
33
52
63
95
50
24
134
70
14
144
49
12
92
9
142
131
54
109
76
137
55
50
15
10
77
1
120
77
37
126
72
36
102
25
134
129
83
2
113
89
30
82
101
18
114
60
21
23
104
96
32
7
125
39
137
93
122
135
128
93
103
91
116
88
59
79
62
17
43
96
31
63
71
116
55
119
60
86
57
97
61
108
16
64
9
5
108
140
95
123
72
16
53
115
138
144
123
120
29
30
2
68
106
107
92
28
45
35
8
54
69
143
24
5
22
127
102
32
53
90
124
40
139
13
103
29
51
88
11
17
20
26
100
31
1
2
3
4
5
17
16
28
29
30
42
41
40
52
53
65
64
76
77
78
79
91
103
102
90
89
101
100
88
87
86
74
73
85
97
98
99
111
110
122
121
133
134
135
136
137
125
113
114
126
127
115
116
117
118
106
94
82
81
69
68
56
44
45
33
34
46
58
57
56
55
54
66
67
55
43
31
32
20
19
18
6
7
8
9
21
22
23
11
12
24
36
48
60
72
71
59
47
35
36
48
60
72
84
83
95
96
108
107
119
120
132
144
143
131
130
142
141
129
128
140
139
138
137
136
124
112
100
99
87
75
63
51
39
38
37
49
61
62
50
51
39
27
15
14
13
25
26
27
28
40
52
64
65
77
78
90
91
92
80
68
69
70
82
81
93
105
104
103
115
116
128
127
126
138
139
140
141
142
143
144
132
131
130
129
117
118
106
107
119
120
108
96
84
83
95
94
93
105
104
92
80
79
67
66
54
53
41
42
30
29
17
18
19
31
43
44
32
20
21
33
45
57
58
70
71
59
47
46
34
35
23
24
12
11
10
22
10
9
8
7
6
5
4
16
15
3
2
1
13
14
26
25
37
38
50
49
61
62
74
73
85
86
98
97
109
110
109
121
133
134
135
123
122
123
111
112
124
125
113
114
102
101
89
88
76
75
63
133
121
109
97
85
86
98
99
87
75
76
88
100
101
89
90
102
103
91
79
67
68
69
81
80
92
93
105
104
116
128
127
139
140
141
129
117
118
130
131
143
144
132
120
108
96
95
94
82
83
71
70
58
46
34
33
32
31
43
42
54
53
52
40
39
27
28
29
41
53
65
77
78
66
65
64
63
51
50
62
74
73
61
49
37
38
26
14
13
1
2
3
4
5
6
18
17
16
15
3
4
5
6
7
19
20
8
9
21
22
10
11
12
24
23
35
36
48
47
59
60
72
84
96
108
107
106
105
117
116
115
114
113
112
124
136
137
138
126
125
113
112
111
110
122
134
135
123
111
99
100
101
102
90
91
79
80
68
56
55
54
42
30
31
43
44
45
57
69
70
58
59
71
83
84
72
60
48
36
24
12
11
23
35
47
46
34
33
21
22
10
9
8
7
19
20
32
44
45
57
56
55
67
66
78
77
89
88
76
75
87
86
74
62
63
64
52
51
50
38
39
40
41
29
30
18
17
16
28
27
15
14
2
1
13
25
26
25
37
49
61
73
85
97
98
110
109
121
133
134
122
123
135
136
124
125
137
138
126
127
139
140
128
129
141
142
130
142
143
144
132
120
119
131
119
118
106
107
95
94
82
81
93
92
104
103
115
114
