##Rat 1 Day 26
 ##rewards
19
32
98
##Vertices
31
118
17
35
142
63
36
129
99
109
46
45
132
43
11
51
9
137
118
100
86
39
27
106
60
41
108
34
132
22
143
50
12
114
60
32
48
139
47
53
144
72
133
127
23
126
94
61
59
67
52
112
78
57
12
112
5
38
119
105
34
88
73
3
74
49
7
125
20
69
131
44
13
131
4
76
93
75
77
29
79
26
3
66
13
61
91
30
127
111
37
111
20
122
135
6
116
15
82
135
88
102
33
96
115
99
7
22
10
78
85
18
24
74
71
19
80
107
62
25
18
87
126
48
123
76
143
45
109
66
62
81
55
130
28
16
53
43
98
58
92
104
107
129
133
116
80
101
110
103
114
49
120
121
55
136
32
134
24
134
120
8
83
89
137
89
2
113
125
67
92
58
27
79
130
29
117
47
71
52
4
75
14
113
104
70
59
117
138
73
9
28
21
51
19
91
63
106
81
128
142
57
56
100
65
15
42
124
90
54
2
140
139
68
39
23
95
8
94
101
105
31
140
70
95
115
10
26
110
14
103
64
42
35
30
69
136
77
86
128
93
21
68
97
121
144
141
11
124
36
33
119
85
54
82
65
84
72
96
122
6
108
141
1
1
16
98
87
5
83
25
97
64
44
90
41
56
50
17
102
84
40
138
40
46
123
37
38
52
90
26
79
88
64
72
12
83
5
50
66
131
115
144
65
20
62
84
58
4
38
46
111
3
122
112
25
113
48
51
82
21
20
77
45
29
141
6
124
45
37
31
130
97
129
64
23
25
85
78
49
57
43
125
15
18
116
137
28
71
80
3
38
61
10
135
131
89
53
66
12
136
90
2
11
13
63
47
105
110
89
97
124
83
132
138
32
39
42
22
42
91
119
85
144
56
136
109
107
23
93
104
18
118
96
120
76
119
55
118
65
111
30
142
63
8
72
128
48
88
58
129
44
70
41
60
120
87
113
21
68
27
127
56
73
133
137
103
14
130
29
53
13
94
123
16
96
11
98
36
41
77
76
134
100
98
17
143
109
99
142
67
44
101
108
54
5
55
9
139
10
84
67
4
133
24
86
9
7
123
80
86
126
19
105
108
102
35
40
14
37
59
43
125
54
46
71
117
2
138
1
141
33
79
34
59
57
110
26
126
116
112
62
78
73
40
140
140
121
92
104
128
106
99
114
106
87
7
95
33
94
6
70
135
36
52
134
103
75
102
49
19
101
81
30
60
31
74
27
127
34
61
47
51
1
95
68
107
75
50
132
93
16
82
92
69
15
74
91
114
121
100
81
32
117
17
115
35
69
122
24
28
143
39
22
139
8
133
134
122
110
111
99
87
88
89
101
113
114
126
138
137
125
124
136
135
123
111
112
100
99
98
97
85
73
74
62
61
49
50
51
39
38
26
14
15
3
4
16
17
5
6
18
19
31
30
42
43
44
32
20
21
9
10
22
34
33
45
46
58
59
47
48
60
72
71
70
69
81
82
83
84
96
95
107
108
120
119
131
130
142
143
144
132
120
108
96
84
72
60
48
36
35
23
24
12
11
10
9
8
7
6
5
4
3
2
1
13
25
37
49
61
73
85
86
74
75
63
64
52
40
28
27
15
16
17
29
41
53
65
77
76
64
65
66
67
79
78
90
102
103
91
92
93
94
106
105
104
116
128
140
141
129
117
118
119
107
95
83
71
59
58
57
56
68
80
79
91
92
104
116
115
127
128
140
139
138
139
127
126
114
115
103
102
90
78
66
67
68
80
81
93
105
117
129
141
142
143
144
132
131
130
118
106
94
82
70
69
57
45
46
47
35
36
24
12
11
23
22
34
33
21
20
8
7
19
18
30
42
43
31
32
44
56
55
54
55
54
53
52
51
39
40
41
29
28
27
26
14
2
1
13
25
37
38
50
62
63
75
87
88
76
77
89
101
100
112
113
125
137
136
124
123
135
134
133
121
122
110
109
121
109
97
98
86
12
24
23
22
34
33
32
44
56
57
58
70
71
72
60
59
47
48
36
35
34
46
45
33
21
9
8
7
19
18
6
5
17
29
28
16
15
14
26
25
37
38
50
49
61
62
74
75
63
64
76
88
87
86
98
97
109
110
111
99
100
112
113
125
124
136
137
138
126
114
102
103
115
127
139
140
128
129
141
142
130
131
119
120
132
144
143
142
141
140
139
138
137
136
135
123
122
134
133
121
109
97
85
73
61
49
37
25
13
1
2
3
4
5
6
7
8
20
19
31
30
42
41
40
39
27
26
38
50
51
52
53
54
55
43
42
54
66
78
79
67
68
69
81
80
92
104
116
117
105
93
94
95
96
108
107
106
118
130
129
128
127
126
125
113
101
89
90
91
79
80
92
93
94
82
83
95
96
84
72
84
83
71
70
82
81
69
68
67
66
78
90
91
103
104
105
106
107
108
120
132
144
143
131
119
118
117
116
115
114
102
101
100
112
124
123
135
134
133
121
122
110
111
99
98
86
85
73
74
62
63
64
76
75
87
88
89
77
65
77
65
53
41
29
28
40
52
51
39
27
15
14
13
1
2
3
4
16
17
18
30
31
32
44
43
55
56
57
45
46
58
59
60
48
47
35
36
24
12
11
23
22
10
11
10
9
21
20
19
4
72
48
18
25
6
51
97
109
22
102
137
77
46
126
114
111
108
95
119
54
42
130
40
103
69
36
5
76
140
36
67
93
45
15
129
86
78
131
139
99
98
20
90
136
92
66
93
116
50
39
49
95
49
133
104
64
85
138
142
126
72
27
94
16
7
41
26
7
121
138
40
2
56
144
31
114
47
123
105
13
99
143
62
9
125
130
50
39
70
30
44
11
35
74
117
60
139
79
30
118
17
112
134
69
88
113
96
82
128
74
91
71
129
53
92
94
134
28
43
44
12
75
82
80
75
136
76
100
131
101
11
58
52
115
63
106
38
55
142
106
3
35
10
120
96
117
119
127
64
24
31
115
88
34
55
63
97
59
124
133
91
112
21
89
28
54
3
33
81
57
135
33
2
81
65
116
16
83
62
45
66
15
78
127
14
18
51
12
24
79
122
68
77
19
108
25
90
61
105
56
13
22
144
140
110
41
128
113
84
124
84
122
121
87
27
6
32
4
73
59
89
141
103
10
57
29
110
46
104
8
9
32
21
37
65
26
98
118
23
53
107
37
125
58
38
83
61
111
52
86
109
47
8
132
123
85
20
107
68
100
23
14
120
17
29
5
143
132
43
71
141
48
137
1
34
73
70
60
102
67
42
87
80
101
1
135
93
90
128
124
37
51
63
68
105
141
102
61
14
77
132
8
16
45
109
24
11
88
51
25
55
100
22
126
33
87
116
144
65
15
69
81
99
32
14
50
93
10
80
97
114
99
9
19
134
52
138
104
52
47
119
77
111
47
31
1
54
100
66
48
139
118
18
50
62
20
67
95
1
36
106
135
142
98
15
30
35
27
82
49
72
59
96
127
13
136
89
92
40
5
124
105
60
3
102
46
23
143
142
137
130
44
46
23
126
65
141
43
133
76
132
16
130
36
19
98
97
69
81
61
96
28
108
107
43
56
94
33
91
76
95
41
37
72
123
20
17
135
123
53
70
4
140
29
57
26
53
2
144
68
84
103
42
38
24
143
114
115
118
12
139
31
83
38
119
85
73
48
58
8
140
122
125
55
78
4
62
58
80
92
2
40
115
137
125
89
94
64
5
26
28
56
131
13
101
10
109
86
85
57
18
116
101
9
128
79
75
129
78
17
42
71
25
82
86
64
75
136
39
129
41
67
34
32
90
127
59
84
34
83
122
29
103
63
7
111
21
7
117
27
112
70
91
113
117
60
71
113
21
120
108
104
138
121
106
107
6
66
3
121
133
120
112
110
87
134
39
11
131
35
22
45
54
12
30
6
110
88
74
44
73
79
49
74
144
143
142
130
129
141
140
128
116
115
103
91
79
78
77
65
53
41
42
43
44
45
46
58
57
69
68
80
92
93
94
82
81
69
70
71
83
84
72
60
48
47
35
23
24
12
11
10
22
34
33
21
9
8
7
6
18
17
16
15
27
28
40
39
38
50
62
61
49
37
25
26
14
2
3
4
5
6
7
19
31
32
20
8
9
10
22
21
20
19
31
30
29
28
27
39
51
52
64
63
75
74
73
85
86
98
97
109
121
133
134
135
136
124
112
113
125
126
127
139
138
137
136
135
123
122
110
111
99
100
101
102
90
89
88
76
75
87
88
89
101
113
114
102
90
78
66
67
55
56
68
67
79
91
103
104
105
117
118
106
107
95
96
108
120
119
131
132
120
108
107
119
118
130
131
132
144
143
142
141
140
128
129
117
105
106
94
93
81
80
92
104
116
115
114
126
127
139
138
137
125
124
123
111
112
100
99
87
86
98
110
122
134
133
121
109
97
85
73
74
62
61
49
50
38
37
25
26
14
13
1
13
1
2
3
15
16
4
5
17
18
30
29
41
40
52
51
63
64
76
77
65
66
54
53
54
42
43
55
56
44
32
33
45
57
58
70
82
83
95
96
84
72
71
59
60
59
47
46
34
35
36
48
36
24
12
11
23
1
13
25
26
38
37
49
50
51
63
64
65
66
78
90
91
92
93
81
69
57
45
33
32
44
43
55
54
53
41
29
30
42
43
31
19
18
6
7
8
9
21
22
23
11
12
24
36
35
34
46
47
48
60
72
84
83
95
107
119
118
106
105
117
129
128
127
139
140
141
142
130
131
132
120
108
96
84
72
71
70
58
59
60
48
36
35
47
59
71
70
82
94
106
118
117
116
104
103
115
114
126
138
137
125
124
136
135
134
133
121
109
97
98
99
87
86
74
62
61
73
85
97
109
110
122
123
111
112
100
88
76
77
89
101
102
114
113
101
89
88
87
75
76
77
78
79
67
68
56
55
67
66
65
64
52
40
39
27
28
16
17
5
4
3
15
14
2
3
4
16
15
27
26
14
2
1
13
25
37
49
50
38
39
40
28
29
41
42
54
53
52
51
63
75
74
62
61
73
85
86
98
110
111
99
100
112
113
125
124
123
122
121
133
134
135
136
137
138
126
127
139
140
128
129
141
142
130
131
143
144
143
144
132
120
119
107
108
96
95
83
82
94
93
105
104
116
115
103
102
90
91
79
80
92
80
81
69
68
56
57
58
46
45
44
32
31
30
18
17
5
6
7
19
20
8
20
21
33
34
22
10
9
10
11
12
24
23
105
114
47
12
71
21
24
121
96
32
43
131
116
14
71
88
75
116
101
82
8
111
108
100
141
91
86
60
57
89
48
144
112
125
62
51
104
130
97
56
29
52
58
67
90
128
13
85
126
11
103
44
7
23
109
37
63
100
70
50
79
35
126
54
38
84
98
85
27
36
53
136
98
118
25
39
66
30
78
22
129
110
139
106
95
33
106
130
103
120
35
118
34
73
88
62
86
74
12
114
9
141
68
11
135
17
137
45
92
15
52
36
122
76
2
90
102
67
99
56
46
108
28
119
20
140
54
139
64
27
99
122
4
93
87
133
40
7
15
101
104
127
65
87
89
34
28
16
24
117
57
65
46
32
93
143
120
115
132
92
72
119
110
38
78
112
138
6
37
91
143
31
128
95
127
59
49
136
17
22
83
21
131
3
111
50
26
72
96
1
10
6
74
19
76
18
48
26
64
55
16
140
133
42
30
47
18
77
94
129
79
132
29
41
14
102
117
49
45
42
142
123
107
25
69
142
77
20
51
5
59
53
81
66
80
44
123
134
138
125
113
124
60
134
4
144
2
55
137
1
19
97
61
31
107
9
69
8
124
61
80
81
82
83
70
5
23
135
13
75
63
58
115
41
43
73
3
40
113
121
105
109
39
68
84
10
94
33
50
5
44
78
106
76
63
122
126
91
50
101
82
90
131
35
143
15
94
35
40
77
65
81
14
68
45
7
17
94
41
24
125
139
68
56
105
18
10
1
108
87
81
61
132
21
127
117
72
104
109
79
72
26
99
86
69
118
14
102
109
13
90
4
83
9
59
2
11
126
91
57
140
144
37
88
74
46
98
7
48
67
59
21
67
118
93
71
136
29
142
96
49
73
42
142
27
16
103
130
112
30
143
11
95
3
8
47
43
127
138
117
58
75
74
139
17
123
52
19
36
97
56
32
5
113
133
106
131
111
60
107
70
137
100
31
101
129
44
125
120
88
103
12
89
128
39
110
141
22
22
47
73
60
140
20
19
64
121
23
102
128
75
112
135
66
4
105
89
46
28
29
119
121
49
69
124
116
38
136
33
63
92
2
12
76
84
99
24
64
18
93
108
10
26
1
79
55
20
55
31
39
114
116
114
51
144
34
87
15
13
134
123
66
119
54
25
40
77
33
28
104
129
51
9
132
16
27
113
80
8
133
141
120
58
80
41
122
124
62
115
100
3
43
83
107
82
6
115
86
52
84
98
92
53
57
25
37
95
96
65
85
53
138
34
42
61
36
97
111
110
30
45
23
130
134
38
54
78
6
70
71
137
62
48
85
135
32
12
24
36
48
60
59
58
70
71
72
84
83
82
81
80
68
69
57
45
46
47
35
23
11
10
22
34
33
32
20
8
9
21
33
32
31
30
42
43
44
56
55
54
66
67
79
78
90
102
101
100
88
89
77
76
75
87
86
74
73
85
97
109
110
98
99
111
112
124
136
135
134
122
123
135
136
137
125
113
114
126
127
128
129
141
140
139
138
137
125
124
112
113
101
100
99
87
75
63
62
61
49
37
38
50
51
39
40
41
53
65
64
52
40
28
29
17
18
19
7
6
5
4
16
15
3
2
14
13
25
26
27
28
29
41
42
43
44
45
57
58
70
69
81
93
105
117
116
115
103
91
92
104
116
117
118
106
94
95
107
108
120
119
131
132
144
143
142
130
118
106
107
119
120
132
144
143
131
130
142
141
129
128
140
139
138
126
127
115
114
102
90
89
88
76
77
65
53
54
66
78
79
67
55
56
68
80
92
91
103
104
105
93
94
82
83
95
96
108
96
84
72
71
59
60
48
36
35
47
46
34
22
23
24
12
11
10
9
21
20
8
7
19
31
30
18
6
5
17
16
4
3
15
14
26
27
39
38
50
51
52
64
63
62
74
86
98
110
111
123
122
121
133
134
133
121
109
97
85
73
61
49
37
25
13
1
2
1
144
143
142
141
140
128
116
115
127
139
138
126
114
102
90
91
103
104
105
117
129
130
131
132
120
119
118
106
94
95
96
108
107
106
94
82
70
69
81
93
92
80
68
67
79
78
66
65
64
52
40
41
53
54
42
30
29
17
18
6
5
4
3
15
16
28
27
39
38
37
25
13
14
26
25
37
49
50
51
63
62
74
86
98
97
85
73
61
49
50
38
39
51
52
40
28
29
30
31
19
7
8
9
21
20
32
33
45
57
56
55
43
44
45
46
58
59
71
83
84
72
60
48
47
35
36
24
23
11
10
22
34
46
58
57
69
81
93
105
104
116
115
103
102
101
100
99
87
75
76
77
89
88
87
99
111
112
113
125
124
136
135
123
122
134
133
121
109
110
111
112
124
123
135
134
133
121
122
110
109
97
98
86
85
73
61
62
74
75
63
64
65
53
41
42
54
55
56
68
67
66
78
79
80
92
91
90
89
77
76
88
100
101
113
114
126
125
137
136
137
138
139
127
128
140
141
142
130
129
117
118
119
131
143
144
132
120
108
107
95
96
84
83
82
70
71
72
60
59
47
48
36
35
23
22
34
33
21
20
32
44
43
31
19
18
17
16
15
27
26
14
2
1
13
1
2
3
4
5
6
7
8
9
10
11
12
24
12
