##Rat 8 Day 47
 ##rewards
71
58
124
##Vertices
133
121
109
97
98
99
87
86
85
73
61
49
37
38
50
51
39
27
28
16
15
14
2
1
13
25
26
27
28
40
52
64
63
75
74
62
61
73
85
97
109
110
122
134
135
136
137
138
139
127
128
140
141
142
143
144
132
120
119
107
108
96
84
72
71
83
95
94
93
92
104
103
115
114
126
125
124
123
111
112
113
101
100
88
76
77
89
90
91
79
67
68
69
70
58
57
56
55
54
42
41
29
17
5
6
7
8
20
32
31
19
18
30
29
41
53
65
66
78
77
76
88
89
101
102
114
115
116
117
129
130
118
106
105
104
116
117
105
93
81
80
68
56
44
43
42
30
31
43
44
45
46
47
35
34
22
10
9
21
33
45
57
58
59
60
48
36
24
23
11
12
11
12
24
23
35
36
48
47
46
34
22
10
9
21
33
32
20
8
7
19
18
6
5
17
16
4
3
4
3
15
14
2
1
13
25
26
38
37
49
50
51
39
40
52
53
54
55
67
79
80
92
91
103
102
90
78
66
65
64
63
62
74
75
87
86
98
110
122
121
133
134
135
123
111
99
100
112
113
125
124
136
137
138
126
127
139
140
128
129
141
142
143
131
130
118
106
107
95
94
82
81
69
70
82
83
71
59
60
72
84
96
108
120
119
131
132
144
144
143
142
141
129
117
116
128
140
139
138
137
136
124
125
113
112
111
99
98
110
122
121
133
134
135
123
111
99
100
101
102
114
115
127
126
138
139
140
141
142
130
131
132
120
108
96
84
72
71
59
60
48
36
24
12
11
10
22
21
9
8
7
6
18
19
20
32
44
56
57
69
70
82
83
95
107
119
118
106
94
93
105
104
103
91
92
80
68
67
66
54
42
30
29
41
53
65
77
76
88
87
86
85
73
61
49
50
51
63
62
74
75
87
88
89
90
78
79
91
103
104
92
93
81
82
70
58
46
47
35
34
33
45
57
58
46
45
44
43
55
54
53
52
64
76
75
63
64
52
40
28
16
15
27
26
25
37
38
39
40
41
29
17
5
4
3
2
14
13
1
13
1
2
14
15
3
4
16
28
27
26
25
37
38
39
51
50
49
61
62
74
73
85
86
98
97
109
97
109
110
122
121
133
134
135
123
124
136
137
125
113
112
100
101
89
77
65
66
67
55
56
68
69
81
80
79
78
90
102
114
126
127
115
116
128
129
130
131
143
144
132
120
119
118
117
105
106
94
95
107
108
96
84
83
71
72
60
59
47
48
36
24
23
35
34
33
21
20
32
31
43
42
30
31
19
18
17
5
6
7
8
9
10
22
23
11
12
38
4
33
65
80
74
7
70
125
6
47
88
144
14
4
122
11
135
142
143
70
1
116
59
15
45
50
92
29
69
54
51
117
87
89
77
35
137
66
124
139
88
24
129
60
20
96
75
43
138
126
2
113
106
44
43
127
33
106
21
59
44
24
139
80
32
51
109
28
1
26
68
32
103
76
76
81
117
37
72
58
66
72
102
91
31
35
17
61
17
19
31
12
22
133
8
62
118
27
48
6
84
38
84
71
79
20
53
123
130
42
73
128
45
98
137
21
5
63
119
16
40
34
131
55
61
23
9
144
64
90
47
36
118
103
60
140
3
49
100
25
58
23
74
96
86
94
19
101
13
120
98
136
40
99
46
39
128
79
78
83
130
104
125
135
127
132
121
107
26
93
50
91
73
95
121
16
136
68
138
85
120
8
126
75
78
69
111
115
56
13
28
141
82
95
34
104
140
111
12
3
67
87
56
53
131
54
115
109
94
105
86
134
92
93
90
97
108
141
102
114
39
29
10
49
101
133
9
52
100
123
41
7
62
15
85
52
22
42
48
41
27
122
112
110
57
82
132
105
18
2
5
134
63
97
11
81
18
57
108
113
116
30
124
142
77
46
119
83
67
14
71
55
10
64
107
112
30
65
129
143
89
99
37
110
25
114
36
50
90
104
37
4
28
114
102
33
120
132
22
49
60
93
6
7
2
29
18
75
13
110
24
138
102
99
138
31
44
119
82
34
3
1
105
77
96
125
95
25
82
8
62
79
31
110
39
15
137
63
7
73
139
131
85
128
125
119
141
2
87
117
48
20
72
109
118
72
9
23
144
70
97
29
126
98
140
64
139
71
26
43
74
106
94
5
81
100
51
68
103
93
61
135
38
58
96
54
16
42
37
17
51
71
140
55
127
49
123
128
116
121
86
36
30
88
27
12
41
26
18
116
66
36
9
84
17
118
21
83
45
92
55
58
73
76
8
11
129
124
10
74
69
50
133
89
45
112
65
91
112
70
21
135
92
77
101
132
80
114
16
141
67
59
41
53
106
124
121
131
143
14
144
142
27
66
22
62
113
78
34
83
65
122
35
14
97
78
19
69
127
48
108
99
20
115
113
57
23
136
134
46
53
52
107
59
42
86
109
88
46
4
91
54
89
85
35
123
11
28
95
33
104
142
122
103
98
10
40
6
130
75
47
101
15
3
108
47
32
100
44
67
64
117
19
13
81
52
30
134
79
5
24
130
38
111
56
133
80
126
120
56
111
32
90
87
129
107
61
94
84
25
115
68
76
137
105
12
43
63
40
136
1
57
143
39
60
12
11
23
35
47
48
36
24
12
11
10
9
8
20
32
44
43
31
30
42
54
55
56
68
67
66
78
77
65
64
76
88
87
75
63
62
74
73
85
86
98
97
109
110
111
99
100
112
124
123
122
121
133
134
135
136
137
138
126
127
115
116
128
129
130
131
132
144
143
142
141
140
139
138
137
125
113
114
102
103
91
90
89
101
102
90
78
79
80
81
93
94
95
107
106
105
117
118
119
120
108
96
84
72
71
83
82
70
69
57
45
33
21
22
34
46
58
59
60
72
84
96
108
107
95
83
82
94
106
105
104
92
93
81
69
57
45
44
32
31
19
7
6
18
17
5
4
16
15
3
2
14
13
25
26
27
28
40
52
53
41
29
28
27
39
38
37
49
61
73
85
97
98
99
111
123
122
110
109
121
133
134
135
136
124
112
113
125
126
114
115
127
139
140
128
129
141
142
143
144
132
120
119
131
130
118
117
116
104
103
91
92
80
79
67
68
56
55
43
42
41
40
52
53
54
66
65
77
89
101
100
88
87
86
74
75
76
64
63
51
39
51
50
62
61
49
50
38
37
25
26
14
15
16
17
29
30
18
19
20
21
33
34
46
58
70
71
59
60
48
47
35
36
24
23
22
10
9
8
7
6
5
4
3
2
1
13
1
1
13
14
15
16
4
3
2
1
13
25
37
49
50
51
52
64
63
75
76
77
65
53
54
66
78
79
91
90
102
103
104
116
115
114
126
127
139
140
128
129
141
142
130
118
117
105
106
107
119
131
143
144
132
120
108
96
84
83
71
70
58
59
47
35
23
11
12
24
36
48
60
72
84
96
95
94
82
81
69
68
80
92
93
81
80
79
67
55
43
44
32
20
21
33
45
46
34
22
10
9
8
7
6
18
19
31
30
42
41
40
39
38
26
27
28
29
17
5
6
7
8
9
21
20
19
31
32
33
45
57
56
44
43
42
41
40
52
51
63
62
61
73
74
86
85
97
98
110
109
121
122
134
135
123
111
99
100
101
89
88
87
99
111
112
124
136
137
138
139
140
141
129
117
118
119
131
130
142
143
144
132
120
108
107
106
94
95
83
82
70
71
72
60
59
47
48
36
24
12
11
10
22
23
35
34
46
58
57
69
68
56
55
67
66
54
53
65
64
76
88
100
101
89
77
78
90
91
92
93
105
104
116
128
127
115
103
102
114
113
112
113
125
126
138
137
125
124
136
135
123
122
110
98
86
87
75
74
62
50
38
39
27
28
29
30
18
17
5
4
16
15
3
2
14
26
25
37
49
61
73
85
97
109
121
133
134
133
60
72
57
41
106
6
88
123
129
81
63
5
98
134
136
15
138
9
87
42
46
109
3
4
69
91
32
65
12
98
97
17
38
43
141
52
133
115
55
23
122
77
114
20
64
41
138
31
1
78
22
79
141
131
143
117
144
82
82
15
42
84
97
68
33
107
133
77
33
60
57
70
85
14
118
73
73
66
48
24
110
48
25
118
62
119
95
74
44
80
11
56
13
27
37
75
126
121
144
140
35
83
105
37
28
23
88
40
113
1
70
83
137
53
119
79
111
124
135
107
28
120
38
25
36
40
105
50
56
68
19
71
113
18
95
54
128
94
109
31
132
58
7
39
16
66
139
112
72
45
26
61
92
74
78
54
124
139
9
67
11
85
58
67
96
125
86
43
45
5
142
46
29
21
142
21
49
99
53
117
61
100
130
3
104
10
49
140
126
51
135
91
47
100
122
63
93
4
116
47
134
137
69
121
24
80
92
52
17
16
39
55
130
71
127
30
2
32
102
89
13
101
34
6
19
132
93
76
125
111
102
103
128
18
62
115
87
81
123
30
27
108
20
114
10
34
2
110
59
76
44
59
7
103
51
75
35
116
8
99
8
29
90
101
84
94
131
36
127
50
65
14
86
112
143
136
96
120
64
106
12
26
104
22
108
89
90
129
18
89
138
108
27
66
84
53
55
117
137
85
105
28
77
17
59
35
106
32
1
2
76
96
57
74
25
134
120
140
124
83
93
139
74
121
51
44
17
77
52
36
108
71
32
142
20
64
104
136
82
50
121
107
3
11
109
55
84
141
126
52
59
68
80
16
138
101
81
100
116
16
102
88
29
111
91
87
134
98
43
103
30
48
20
110
112
143
142
63
61
61
56
35
12
104
115
128
95
140
111
7
21
127
79
44
46
4
10
119
86
70
78
47
14
62
12
99
93
5
85
33
2
50
82
49
60
112
97
37
11
91
122
99
38
29
143
18
94
90
114
69
115
79
127
114
131
27
81
6
69
67
90
30
71
49
5
65
53
130
72
7
95
66
23
135
126
10
80
128
73
39
65
68
4
8
22
137
51
106
6
117
64
125
86
25
122
63
15
19
98
41
130
24
41
26
73
125
133
132
103
23
118
83
110
92
102
47
135
129
28
132
37
56
118
107
124
42
120
129
89
42
22
144
105
57
54
92
39
54
3
136
58
88
34
9
144
31
96
75
13
72
70
14
133
131
97
94
141
24
13
8
21
9
31
33
123
119
76
48
36
62
45
123
15
116
100
113
75
60
40
113
19
58
46
45
101
26
40
139
38
1
34
87
43
67
109
78
144
143
131
119
120
108
96
84
72
60
48
36
35
47
46
45
57
56
44
32
31
19
7
6
5
17
16
4
3
15
14
2
1
13
25
37
38
39
40
52
53
41
29
28
27
26
25
37
49
50
51
63
64
65
66
54
42
43
55
67
68
69
81
82
70
58
59
71
83
95
94
93
105
117
116
128
140
139
127
126
138
137
125
124
136
135
134
122
110
109
97
85
73
61
62
74
86
98
99
100
101
102
114
113
112
111
123
135
136
137
138
139
140
141
142
130
129
117
118
106
107
108
96
95
94
82
81
80
79
78
90
91
103
115
127
126
125
124
123
111
112
113
114
102
101
89
88
87
75
76
77
65
66
67
68
69
57
45
33
34
22
23
11
10
9
21
20
8
7
6
18
19
20
8
9
21
22
10
11
12
24
12
24
23
35
36
48
60
72
84
83
71
70
58
59
47
46
34
33
32
44
56
55
43
31
30
18
17
5
4
16
28
29
30
42
54
53
41
40
39
27
15
3
2
1
13
14
26
38
50
49
61
73
74
62
63
51
52
64
76
75
87
86
85
97
109
121
133
134
133
121
122
110
98
99
100
88
89
77
78
90
91
79
80
92
104
105
106
107
119
118
130
131
132
120
132
144
143
142
141
129
128
116
115
103
104
92
93
133
121
122
123
135
136
137
138
126
114
102
90
91
79
80
92
93
94
82
81
69
68
67
55
56
44
32
31
19
7
6
5
4
3
15
27
39
51
50
49
37
38
26
14
13
1
2
3
4
16
17
18
30
42
43
44
45
33
34
46
47
59
71
83
84
72
60
48
36
35
23
24
12
11
10
9
8
20
21
22
34
33
32
31
43
42
41
29
28
40
52
64
65
77
78
66
54
53
41
40
52
51
63
75
87
86
74
62
61
73
85
97
98
110
109
97
85
86
87
99
111
112
113
125
124
136
137
138
139
127
115
103
104
105
117
118
130
142
141
129
128
140
141
142
143
144
132
131
119
120
108
96
95
107
106
94
82
70
58
57
69
81
93
92
80
79
78
77
76
88
100
101
100
88
89
101
89
90
91
103
102
114
113
112
111
99
98
110
109
121
122
134
133
134
135
123
124
125
126
127
139
140
128
116
115
116
104
105
117
129
130
131
143
144
132
120
119
118
106
107
108
96
95
83
84
72
60
59
71
70
58
57
45
46
47
48
36
35
23
24
12
11
10
22
21
9
8
20
19
7
6
5
17
18
30
29
28
16
15
14
2
1
13
25
37
25
26
27
39
38
50
49
61
73
74
62
63
75
76
64
65
66
67
68
56
55
54
53
10
16
141
38
98
50
128
133
29
58
23
125
47
107
73
66
37
95
30
105
110
87
54
115
34
31
59
45
34
75
81
80
7
23
139
36
141
56
110
140
69
24
68
97
7
15
119
62
57
91
67
122
32
53
112
22
19
108
45
129
113
114
54
115
132
125
57
130
111
111
77
46
128
107
123
133
121
117
70
85
35
76
60
82
2
137
102
120
33
88
90
3
122
119
129
97
94
135
65
144
8
64
103
96
93
130
143
114
31
136
55
27
49
109
83
89
28
104
41
70
112
61
27
135
61
21
124
4
58
29
66
94
76
81
39
12
5
51
38
117
37
105
24
124
6
103
20
26
53
99
100
134
25
3
14
84
44
52
32
12
80
18
22
48
67
74
84
78
77
65
126
118
4
108
48
90
101
16
8
46
21
138
121
83
92
78
85
20
25
120
60
138
9
62
101
39
100
106
43
72
63
1
26
106
11
134
73
9
131
1
63
102
41
49
93
19
109
126
74
86
113
92
28
82
18
118
55
64
14
35
95
79
88
40
17
89
142
86
50
143
44
104
99
51
69
91
52
30
33
13
96
59
140
116
5
72
71
79
71
6
15
42
123
75
131
139
56
47
142
36
11
43
13
42
116
127
17
68
137
98
127
132
87
136
144
10
40
2
119
77
12
14
78
14
11
18
80
81
112
62
55
36
15
130
90
45
5
44
50
47
38
43
138
81
36
144
92
132
6
84
140
114
80
119
113
46
17
12
124
99
133
26
10
90
2
117
42
1
16
98
103
138
40
102
96
43
33
46
131
52
52
58
60
104
108
51
71
47
79
30
136
60
92
57
132
112
34
31
139
32
69
78
39
72
13
8
55
53
83
109
48
74
67
110
44
1
125
97
114
87
39
28
17
105
99
72
102
108
49
141
85
65
97
45
93
131
137
139
4
62
7
122
89
89
10
136
115
101
22
22
94
110
134
24
126
70
106
57
54
107
95
83
29
100
64
91
79
120
115
6
64
86
51
76
24
61
13
121
129
49
19
53
3
75
118
27
38
113
130
128
144
54
8
105
120
20
65
21
127
2
61
68
133
123
73
140
18
88
7
25
15
124
23
86
94
19
134
129
9
93
66
141
109
75
142
123
30
32
101
26
106
27
88
35
20
25
117
50
100
37
98
40
58
85
29
41
71
96
74
73
116
59
42
5
35
70
34
107
48
84
69
143
104
33
28
103
91
125
76
82
41
3
143
111
95
122
66
82
56
127
116
56
16
59
23
68
77
135
63
67
118
111
4
135
126
37
9
31
21
11
142
128
121
87
137
63
