##Rat 3 Day 32
 ##rewards
127
116
38
##Vertices
85
94
137
35
48
126
39
79
67
117
31
113
144
27
89
88
18
70
3
49
94
39
132
77
8
59
76
110
75
6
79
103
24
17
109
97
138
16
8
68
51
99
62
34
11
6
5
40
34
108
133
38
125
53
42
98
38
116
46
130
128
69
57
23
73
29
131
98
135
125
13
18
80
127
49
61
134
60
119
33
43
122
45
101
21
63
32
16
95
14
28
71
62
129
96
9
44
127
111
110
20
78
82
115
1
124
121
33
7
58
104
74
140
30
130
137
91
86
4
29
83
102
99
114
143
19
36
103
123
47
30
14
67
63
20
60
106
13
122
142
24
32
106
61
136
139
92
82
88
107
84
69
58
107
2
57
1
76
87
100
112
74
108
56
95
37
124
15
65
81
142
41
105
26
43
136
123
93
81
41
52
75
7
117
132
19
118
26
10
102
22
66
91
129
44
83
23
119
118
56
54
35
71
21
138
55
96
27
28
68
47
114
5
120
109
93
143
141
55
25
51
112
10
36
11
22
54
87
128
131
40
105
111
17
50
59
25
37
113
72
50
4
52
31
84
48
85
134
64
121
45
90
15
80
100
101
53
120
2
9
77
42
139
144
140
12
141
46
66
65
86
116
12
73
89
133
72
78
64
104
92
70
115
135
126
90
3
97
20
64
49
82
104
48
80
78
3
15
81
4
28
35
143
66
47
46
8
55
41
33
109
130
3
39
99
138
60
81
118
126
102
66
101
121
59
89
72
69
34
17
125
132
38
105
58
129
27
108
74
91
35
127
63
113
12
95
5
100
87
128
76
136
93
84
106
2
88
55
121
118
68
122
112
107
97
13
96
114
30
40
103
45
130
44
80
110
98
88
137
85
126
61
132
24
31
14
86
12
89
20
65
124
44
137
142
72
1
4
139
15
108
95
43
86
16
28
10
140
25
116
22
58
52
96
140
109
54
56
25
37
67
87
69
13
36
127
48
6
60
43
107
141
16
1
113
57
98
36
143
37
84
76
2
26
134
123
49
75
70
117
68
18
22
73
62
82
32
6
62
131
110
133
46
59
29
100
83
63
75
128
90
78
19
133
131
24
94
139
122
17
135
111
42
23
64
53
71
23
21
79
120
111
101
103
38
67
50
34
97
30
144
115
106
138
142
47
52
8
144
119
79
56
116
19
77
129
27
9
125
50
42
115
29
112
134
102
14
92
114
32
85
54
40
65
99
51
123
57
93
94
74
7
91
120
73
21
26
11
5
33
104
61
83
41
92
105
31
10
39
51
136
9
77
71
117
45
70
135
90
119
53
11
141
18
7
124
133
121
109
97
98
110
111
123
122
134
135
136
137
138
126
125
113
112
124
136
137
125
113
114
115
127
128
116
117
129
141
140
139
138
126
114
102
103
91
79
78
77
76
64
63
51
52
40
39
27
28
16
15
14
26
25
13
1
2
3
4
5
6
7
8
9
10
11
12
24
36
35
23
22
34
46
45
57
69
68
56
55
54
53
65
66
67
55
43
44
32
20
21
33
32
31
30
29
41
42
43
31
19
18
17
5
4
16
28
27
39
38
37
49
61
62
50
51
63
75
87
86
85
73
74
75
76
88
100
101
89
90
102
103
104
92
80
81
82
70
71
83
84
96
95
94
93
105
106
107
108
120
119
131
130
142
143
144
132
120
108
96
84
72
60
59
58
70
69
68
67
66
54
53
65
64
52
40
41
42
30
29
17
18
6
7
19
20
8
9
21
33
45
44
56
57
58
59
47
48
36
24
12
11
10
22
23
35
34
46
47
48
60
72
71
83
95
94
82
81
93
105
106
107
119
118
117
118
130
131
132
144
143
142
141
129
128
140
139
127
115
116
104
92
80
79
91
90
78
77
89
101
100
112
124
123
135
134
133
121
122
110
109
97
85
73
61
49
37
25
13
1
2
3
15
14
26
38
50
62
74
86
98
99
111
99
87
88
12
11
10
9
21
22
34
35
23
24
36
48
60
72
71
59
58
46
47
48
60
59
58
70
82
83
95
94
106
107
108
96
84
72
71
70
69
81
80
79
67
55
43
42
30
29
41
40
28
27
39
38
26
14
15
3
2
1
13
25
37
49
61
73
85
97
109
121
133
134
135
123
122
110
111
112
100
101
102
90
89
77
65
53
54
66
78
77
76
88
87
86
98
99
87
75
63
51
52
64
76
75
74
62
50
49
37
38
39
27
28
16
4
5
6
18
17
29
30
31
32
20
8
7
19
31
43
44
45
57
56
68
69
81
93
92
91
103
115
114
126
127
139
140
128
116
104
105
117
129
141
142
130
131
119
120
132
144
143
142
141
140
139
138
137
125
113
114
102
90
78
66
65
53
54
42
41
40
52
64
63
51
50
62
61
73
74
86
85
97
98
99
100
88
89
101
113
125
124
136
135
134
133
121
109
110
122
123
111
112
124
136
137
138
126
127
128
116
115
103
104
105
117
129
130
118
106
118
119
131
143
144
132
120
108
107
95
96
84
83
82
94
93
92
91
79
80
68
67
55
56
57
45
46
47
35
36
24
12
11
23
22
10
9
8
7
6
5
4
3
2
1
13
25
26
14
15
16
17
18
19
20
21
33
34
33
32
44
95
20
142
126
28
109
77
143
67
44
116
133
49
132
13
112
89
128
51
49
120
87
50
18
43
3
111
84
2
88
7
29
23
96
66
100
73
61
59
111
82
8
86
82
107
14
131
55
39
120
67
6
26
30
75
93
36
32
62
15
17
74
38
3
10
27
4
110
139
140
30
128
46
14
37
60
138
51
105
129
23
2
92
33
52
25
97
123
125
35
34
56
114
144
85
101
43
21
143
115
61
141
71
16
135
19
81
115
50
47
35
102
138
6
52
7
127
140
53
66
5
62
45
46
130
73
87
68
96
57
64
24
74
86
18
76
55
79
92
9
69
84
93
11
38
13
98
1
60
104
19
78
63
108
33
39
94
42
40
65
45
124
28
99
136
116
142
102
8
75
76
134
44
135
137
34
5
17
42
103
81
103
110
11
132
24
36
101
124
141
68
112
119
117
41
26
9
57
15
1
70
48
118
80
77
79
134
40
113
37
85
16
32
106
105
27
22
98
95
133
119
113
130
129
136
94
58
144
121
114
41
53
106
78
4
21
20
56
22
97
91
117
100
137
10
31
80
48
118
104
31
54
108
90
83
72
70
122
139
47
69
54
122
71
72
12
109
125
107
83
89
123
121
29
88
63
58
90
25
126
99
64
127
65
131
12
91
59
71
74
8
65
27
24
127
33
15
39
26
49
95
77
61
79
17
18
85
123
5
38
53
98
96
117
44
30
51
14
138
37
62
18
96
59
82
39
108
4
107
19
52
74
25
2
16
120
107
75
102
116
135
125
68
54
31
51
140
9
99
110
60
59
93
109
46
34
38
40
42
76
70
30
1
94
43
32
43
91
142
28
10
93
103
45
70
67
45
36
27
83
60
69
7
135
65
89
134
143
109
104
139
58
111
54
84
80
48
62
15
41
144
123
111
133
126
134
24
122
7
140
69
127
31
113
121
112
141
13
88
6
113
144
117
35
73
126
85
68
103
137
21
6
101
92
86
105
132
55
21
56
37
79
143
91
137
48
19
86
142
66
136
8
106
64
118
133
89
129
25
33
42
1
11
71
87
13
141
100
4
122
3
78
83
80
36
114
101
3
58
90
110
63
95
23
73
121
14
75
136
118
50
20
81
104
12
94
87
112
72
131
116
76
10
22
84
57
97
88
119
100
124
82
105
99
98
66
26
40
115
12
50
29
120
119
56
132
130
77
16
115
106
124
5
20
32
64
44
47
131
61
67
23
130
28
63
53
129
72
29
139
90
108
78
128
92
41
114
52
55
9
125
34
17
22
81
2
138
128
11
102
57
47
35
49
46
97
144
143
131
119
118
117
105
106
94
95
96
108
120
132
144
143
142
141
129
130
142
141
140
139
138
137
136
135
134
133
121
109
110
122
123
111
112
124
125
126
114
113
101
102
90
91
79
78
77
65
53
54
66
67
55
43
31
32
20
19
18
6
7
8
9
21
33
34
46
47
59
71
70
58
57
45
44
56
68
69
81
93
92
80
81
82
83
84
72
60
48
36
35
23
22
10
11
12
24
36
48
60
72
84
96
108
107
95
94
93
105
104
116
115
103
102
101
89
88
87
86
85
73
74
75
63
64
52
51
39
40
41
29
28
16
15
14
26
25
13
1
2
3
4
5
17
29
30
42
43
44
56
68
80
92
91
90
89
77
76
88
100
99
98
97
85
73
61
49
50
62
63
51
39
40
41
42
54
55
67
79
78
66
65
53
52
64
76
75
87
99
100
112
113
114
115
103
104
116
117
118
106
107
119
120
132
131
130
129
128
127
128
140
139
127
126
138
137
125
124
136
135
134
133
121
122
123
111
110
109
97
98
86
74
62
61
49
50
38
37
38
37
25
26
27
28
27
15
14
13
1
2
3
4
16
17
5
6
7
19
18
30
31
32
20
21
22
34
33
45
46
58
57
69
70
82
83
71
59
47
35
23
24
12
11
10
9
8
1
13
14
15
27
39
40
28
29
17
5
4
3
2
1
13
25
37
38
26
25
37
49
61
73
85
97
109
121
133
134
135
123
122
110
111
99
98
86
74
75
87
88
76
77
65
66
78
90
91
92
80
79
67
68
69
70
58
59
71
83
84
72
60
48
47
46
34
33
21
20
19
31
32
44
45
57
56
55
43
42
41
53
54
42
30
18
6
7
8
9
10
22
23
35
36
24
12
11
10
9
8
7
6
5
4
16
17
29
41
40
52
51
63
64
76
88
89
101
113
125
137
138
126
114
115
103
104
116
117
105
93
94
106
107
119
131
130
142
143
144
132
120
108
96
95
94
82
81
69
57
56
55
54
53
65
77
89
90
102
101
100
112
124
136
137
138
139
140
128
127
115
116
117
105
93
81
80
68
67
66
78
79
91
92
104
103
102
114
113
112
100
99
87
75
63
64
52
51
39
27
28
16
15
3
2
14
26
38
50
62
50
49
61
62
74
73
85
86
98
97
109
121
133
134
122
110
111
123
135
136
124
125
126
127
139
140
128
129
141
129
141
142
130
118
106
118
119
131
143
144
132
120
108
107
95
96
84
72
71
83
82
70
58
59
47
35
34
46
45
33
32
44
43
31
30
18
19
20
21
22
23
11
12
24
36
48
60
82
120
82
6
122
105
97
21
3
4
33
36
70
29
64
44
46
127
94
127
112
107
48
67
65
60
135
45
109
54
14
134
134
8
9
34
140
9
52
24
49
27
138
13
53
31
50
90
133
107
120
19
123
4
49
22
5
92
99
84
75
96
74
104
141
39
35
10
32
71
72
100
138
102
114
131
130
12
41
16
79
53
59
8
88
52
77
85
40
34
66
30
94
58
58
55
56
68
21
60
62
11
46
29
41
77
102
121
95
30
57
32
91
115
27
108
2
18
118
78
43
129
17
132
75
80
123
3
132
66
104
81
71
139
73
135
72
23
141
139
28
130
61
62
20
39
144
108
64
128
47
86
85
118
93
5
84
51
125
15
143
74
142
28
35
100
56
12
37
15
33
103
106
96
86
131
88
40
25
83
16
11
67
124
136
110
116
97
20
106
78
38
92
122
144
117
2
98
65
45
51
113
140
31
124
63
126
90
44
81
43
121
111
117
50
36
116
80
93
61
57
73
42
113
89
114
110
89
54
7
69
109
95
70
99
7
1
76
129
38
37
76
1
14
83
68
126
101
24
87
91
19
125
63
26
111
23
119
119
137
137
105
55
47
69
112
26
143
13
142
10
128
48
79
6
98
133
101
59
25
22
87
103
18
42
115
136
17
137
85
131
26
75
135
32
10
143
88
116
92
31
116
56
27
13
7
123
57
31
123
77
5
56
50
18
67
83
67
112
52
132
66
17
129
79
66
125
12
17
27
101
95
84
133
112
103
26
7
119
34
89
37
134
136
51
109
108
24
38
80
119
87
35
59
87
8
132
98
142
135
45
102
58
127
58
14
121
22
35
23
9
5
74
131
44
124
85
32
106
88
41
104
63
3
40
106
25
51
60
140
136
6
10
130
20
138
81
47
138
104
64
28
86
2
21
108
114
128
82
68
71
44
81
41
3
107
86
99
65
128
48
83
37
61
22
59
84
38
40
72
101
23
76
80
54
25
100
114
122
57
42
134
95
42
144
143
16
130
11
39
39
90
107
18
2
129
12
45
97
55
20
109
78
122
16
97
96
64
50
77
141
33
102
91
73
65
110
100
19
72
105
120
75
24
49
53
49
118
70
68
73
14
63
69
29
21
93
43
69
113
78
90
1
79
61
36
89
94
144
121
29
55
9
124
117
92
127
110
99
28
82
133
62
74
105
30
70
11
137
54
141
126
111
53
103
140
15
52
142
91
1
34
96
115
48
117
47
19
93
43
139
46
71
139
30
98
118
126
15
13
4
115
6
60
125
8
36
111
33
4
94
46
62
120
113
76
133
134
122
110
111
99
87
88
89
101
113
114
126
138
137
125
124
136
135
123
111
112
100
99
98
97
85
73
74
62
61
49
50
51
39
38
26
14
15
3
4
16
17
5
6
18
19
31
30
42
43
44
32
20
21
9
10
22
34
33
45
46
58
59
47
48
60
72
71
70
69
81
82
83
84
96
95
107
108
120
119
131
130
142
143
144
132
120
108
96
84
72
60
48
36
35
23
24
12
11
10
9
8
7
6
5
4
3
2
1
13
25
37
49
61
73
85
86
74
75
63
64
52
40
28
27
15
16
17
29
41
53
65
77
76
64
65
66
67
79
78
90
102
103
91
92
93
94
106
105
104
116
128
140
141
129
117
118
119
107
95
83
71
59
58
57
56
68
80
79
91
92
104
116
115
127
128
140
139
138
139
127
126
114
115
103
102
90
78
66
67
68
80
81
93
105
117
129
141
142
143
144
132
131
130
118
106
94
82
70
69
57
45
46
47
35
36
24
12
11
23
22
34
33
21
20
8
7
19
18
30
42
43
31
32
44
56
55
54
55
54
53
52
51
39
40
41
29
28
27
26
14
2
1
13
25
37
38
50
62
63
75
87
88
76
77
89
101
100
112
113
125
137
136
124
123
135
134
133
121
122
110
109
121
109
97
98
86
1
13
14
15
27
28
29
41
53
52
51
63
62
61
49
50
38
37
25
26
27
39
40
28
16
4
5
6
18
19
7
8
20
32
33
21
22
23
35
36
48
47
59
60
72
71
83
82
70
69
81
93
94
95
107
108
120
119
118
106
105
117
116
128
129
141
140
139
127
115
103
102
114
126
138
137
125
124
136
135
123
122
110
109
121
133
134
135
136
137
138
139
140
141
142
130
131
143
144
132
120
108
96
84
72
60
48
36
24
12
11
10
9
8
7
6
5
17
18
30
31
43
44
45
46
34
35
47
59
58
57
56
55
54
42
43
55
67
79
78
66
65
64
76
77
89
101
113
112
100
88
87
86
85
97
98
99
111
123
124
125
126
127
128
116
104
92
91
90
78
77
89
88
87
75
74
86
85
73
61
73
74
62
63
75
76
64
65
66
67
79
91
90
102
101
100
99
98
97
109
121
133
134
122
110
111
112
113
114
115
103
104
105
117
129
130
142
143
144
132
131
119
118
106
107
95
96
84
83
71
70
69
81
82
94
93
92
80
68
80
68
56
44
32
33
45
57
58
46
34
22
23
24
12
11
10
9
21
20
19
31
30
29
41
42
54
53
52
40
39
51
50
49
37
38
26
25
13
1
2
14
15
3
2
3
4
16
17
