##Rat 7 Day 2
 ##rewards
62
51
129
##Vertices
135
98
120
116
118
4
30
84
40
63
1
66
81
59
72
129
86
101
111
65
33
84
10
78
55
56
128
137
144
101
40
124
29
9
98
117
90
6
144
52
112
122
8
118
104
73
139
99
14
116
11
37
121
50
18
45
68
76
111
104
131
25
11
71
77
95
51
17
77
24
64
39
25
121
48
90
51
69
14
119
100
131
114
110
20
137
18
136
39
24
49
92
72
107
85
3
26
63
46
141
7
96
136
33
29
94
142
15
127
16
45
54
103
58
133
50
106
9
53
115
87
142
12
52
83
38
64
71
1
130
120
70
134
103
93
36
47
22
123
117
143
138
75
89
80
57
67
20
19
21
115
58
12
99
27
19
46
138
3
132
10
47
124
100
42
97
132
5
94
105
83
8
28
109
44
74
35
59
86
32
102
23
126
129
88
112
7
126
43
79
93
91
81
26
97
38
130
109
89
78
5
143
22
128
41
106
6
34
85
79
123
135
17
66
67
31
80
15
60
49
36
13
43
70
134
74
35
62
107
32
139
114
82
119
69
127
140
110
82
122
92
2
125
57
31
2
61
28
102
141
4
88
42
125
44
54
73
56
113
16
133
76
95
61
68
87
75
13
34
108
60
91
113
41
105
96
108
65
30
23
53
37
140
27
21
55
62
48
50
65
49
12
9
6
108
56
69
137
103
6
82
39
48
13
97
81
135
8
128
71
50
26
25
11
36
15
12
32
125
31
86
33
111
138
96
55
20
136
131
108
135
15
86
138
54
67
88
97
62
53
57
89
5
144
124
126
34
110
93
109
46
89
94
54
142
80
41
46
48
26
107
14
52
99
141
140
55
109
133
47
87
92
98
117
139
94
105
19
92
43
105
99
63
77
134
104
73
107
83
79
60
75
134
42
71
45
70
69
57
111
115
14
25
142
133
53
65
40
91
77
125
41
22
22
113
85
27
74
95
24
88
132
81
36
143
1
100
79
83
117
98
129
140
121
30
74
127
114
28
121
82
21
2
7
128
120
84
47
31
49
42
21
35
123
10
90
120
37
44
68
95
29
27
3
72
91
10
28
127
87
102
115
72
63
66
59
56
122
51
16
58
114
61
23
62
5
2
112
11
73
113
39
141
93
103
136
9
70
45
7
23
76
104
1
3
122
106
76
101
61
144
124
40
118
123
139
33
64
130
30
137
58
44
116
4
37
19
66
129
96
24
101
119
100
4
118
90
131
102
143
13
17
38
18
126
78
16
106
59
132
38
112
32
84
20
78
64
8
68
80
34
17
75
18
43
51
85
119
35
29
60
52
116
67
110
130
144
143
131
119
120
132
144
143
142
130
129
128
116
104
103
91
79
78
77
76
75
87
88
100
99
98
86
85
73
74
62
61
49
50
38
39
27
26
25
37
49
61
73
85
97
109
110
122
121
133
134
135
123
111
112
124
136
137
138
126
114
115
127
139
140
141
142
130
118
117
105
93
81
69
57
56
55
67
68
80
92
93
94
106
107
108
96
84
83
71
72
60
59
47
35
36
48
60
72
84
96
95
83
82
70
58
46
45
44
43
31
19
20
8
7
6
5
17
29
28
16
4
3
2
14
15
27
28
40
41
53
54
42
30
18
6
7
8
9
21
22
23
24
12
11
10
9
21
33
32
44
43
55
56
68
80
92
91
90
89
101
113
125
137
136
124
112
100
88
76
64
65
66
67
79
78
66
54
42
41
29
30
31
32
20
19
18
17
5
4
16
15
3
2
1
13
1
13
14
26
25
37
38
39
51
50
62
74
86
98
97
109
110
122
121
133
134
135
123
111
99
87
75
63
51
63
64
52
40
52
53
65
77
89
90
102
103
104
116
115
114
102
101
113
125
126
138
139
127
128
140
141
129
117
105
106
118
119
131
132
120
108
107
95
94
82
81
69
70
58
57
45
33
34
46
34
35
23
22
10
11
12
24
36
48
47
59
71
1
2
14
26
25
13
1
2
3
15
16
17
29
41
42
54
66
67
68
69
70
58
57
45
46
47
59
60
72
71
83
84
96
95
107
106
118
119
120
108
96
84
72
60
48
36
35
23
24
12
11
10
22
34
33
21
9
8
7
19
31
30
18
6
5
4
3
15
27
28
40
52
64
76
88
89
90
78
77
65
53
52
51
39
38
37
49
61
62
74
73
85
86
98
110
109
97
85
73
61
49
50
62
63
75
87
99
100
101
102
114
126
125
137
138
139
140
128
116
117
129
141
142
143
131
130
118
117
105
104
92
91
103
115
127
139
138
137
136
124
123
122
121
133
134
135
136
124
112
113
101
102
90
89
77
65
53
54
55
56
44
32
20
8
9
21
33
45
57
69
81
80
79
78
66
67
79
91
103
104
116
115
114
113
125
126
127
128
140
141
129
130
142
143
144
132
144
132
131
119
120
108
107
106
94
95
83
71
59
47
48
36
35
23
24
12
11
10
22
34
46
58
70
82
94
82
81
93
105
93
92
80
68
56
55
43
42
41
29
30
31
43
44
32
20
19
7
6
18
17
5
4
16
28
40
39
27
26
14
13
25
37
38
50
51
63
64
76
75
87
88
100
112
111
99
111
110
122
123
135
134
133
121
109
97
98
86
74
120
111
45
124
76
42
93
47
95
137
48
114
77
118
73
72
136
85
21
59
51
53
101
37
93
31
1
110
130
14
58
112
123
7
96
68
106
123
53
110
19
35
13
80
100
143
116
62
118
60
57
126
34
129
109
64
70
79
92
15
114
126
84
67
130
20
142
6
63
103
38
61
65
42
85
106
77
102
11
78
39
99
139
140
105
30
89
107
10
117
49
56
104
55
22
17
50
29
2
46
117
122
18
96
140
66
57
25
49
22
98
121
32
28
89
144
141
127
144
34
29
56
98
83
1
95
97
121
74
67
138
30
8
108
125
111
14
133
100
7
45
32
16
48
82
108
13
51
102
115
135
54
91
69
91
81
25
83
3
84
88
20
90
8
33
78
40
41
136
79
27
141
54
26
4
52
44
112
43
24
52
55
131
80
86
62
44
132
132
27
40
137
69
101
99
23
124
90
58
19
86
16
71
72
127
122
139
103
17
75
36
142
12
125
109
143
94
74
134
5
128
88
76
24
59
128
81
82
15
113
37
97
60
3
94
50
23
11
31
26
134
10
104
4
113
119
131
47
61
63
107
87
105
119
2
66
35
46
33
73
12
116
68
65
64
36
133
87
129
5
28
18
38
75
21
138
92
39
120
115
9
70
43
135
41
9
6
71
28
7
49
39
10
81
88
13
144
92
103
130
36
108
85
106
12
48
46
2
110
114
102
24
119
94
37
62
134
25
102
58
79
84
32
110
63
114
68
42
94
86
68
61
133
31
108
5
90
4
51
115
111
18
6
73
136
104
56
14
70
7
19
5
41
58
43
67
37
35
80
1
98
139
131
112
120
44
131
38
123
138
76
75
63
9
60
125
73
96
2
87
28
61
27
59
139
82
10
123
92
82
100
95
59
31
97
67
57
101
116
23
50
127
129
124
142
113
64
33
66
96
9
17
78
144
87
120
40
134
104
21
21
22
136
98
52
133
34
119
3
115
25
83
55
54
80
8
89
75
135
83
117
99
86
48
17
16
113
39
4
51
70
18
43
90
91
121
50
53
29
30
56
47
16
78
20
47
81
64
46
71
141
121
109
19
20
122
30
135
93
132
105
141
137
140
125
79
130
35
71
126
124
93
140
36
132
60
129
72
6
66
69
8
13
49
88
27
126
45
69
15
128
65
62
128
77
40
57
29
95
45
138
54
74
14
103
101
117
109
11
143
97
3
74
65
53
142
1
33
32
111
11
26
118
105
112
91
85
122
127
38
100
44
99
76
107
72
42
52
77
107
118
89
23
26
15
22
12
137
55
143
34
84
24
106
41
116
133
121
122
123
135
136
137
138
126
114
102
90
91
79
80
92
93
94
82
81
69
68
67
55
56
44
32
31
19
7
6
5
4
3
15
27
39
51
50
49
37
38
26
14
13
1
2
3
4
16
17
18
30
42
43
44
45
33
34
46
47
59
71
83
84
72
60
48
36
35
23
24
12
11
10
9
8
20
21
22
34
33
32
31
43
42
41
29
28
40
52
64
65
77
78
66
54
53
41
40
52
51
63
75
87
86
74
62
61
73
85
97
98
110
109
97
85
86
87
99
111
112
113
125
124
136
137
138
139
127
115
103
104
105
117
118
130
142
141
129
128
140
141
142
143
144
132
131
119
120
108
96
95
107
106
94
82
70
58
57
69
81
93
92
80
79
78
77
76
88
100
101
100
88
89
101
89
90
91
103
102
114
113
112
111
99
98
110
109
121
122
134
133
134
135
123
124
125
126
127
139
140
128
116
115
116
104
105
117
129
130
131
143
144
132
120
119
118
106
107
108
96
95
83
84
72
60
59
71
70
58
57
45
46
47
48
36
35
23
24
12
11
10
22
21
9
8
20
19
7
6
5
17
18
30
29
28
16
15
14
2
1
13
25
37
25
26
27
39
38
50
49
61
73
74
62
63
75
76
64
65
66
67
68
56
55
54
53
12
11
10
9
8
20
21
22
23
24
36
35
34
46
45
44
56
55
43
42
41
29
30
18
6
5
17
16
4
3
2
14
26
38
37
49
50
51
52
53
65
64
76
77
78
79
91
90
102
103
104
92
93
81
80
68
67
66
54
53
52
40
28
27
15
3
4
5
6
7
19
31
32
33
45
57
58
70
69
57
58
59
60
48
47
46
34
33
32
44
43
42
41
40
39
51
63
75
74
86
98
97
109
110
111
99
87
88
89
101
100
112
113
125
124
136
135
123
122
134
133
121
109
97
85
73
61
62
63
64
76
88
89
101
100
112
113
114
115
127
126
138
139
140
141
129
128
116
117
118
119
107
95
94
106
105
93
94
82
83
84
96
108
120
132
144
143
131
130
142
141
129
130
142
143
144
132
131
119
120
108
107
106
118
117
105
104
92
91
103
115
116
128
140
139
127
126
114
102
90
78
77
65
66
54
55
56
68
67
79
80
81
69
70
82
83
95
96
84
72
71
59
71
72
60
48
47
35
36
24
12
11
23
22
10
9
21
20
8
7
19
31
30
18
17
16
15
14
2
1
13
1
13
25
26
25
37
49
61
73
85
86
98
110
122
121
133
134
135
136
137
138
137
125
124
123
111
99
87
75
74
62
50
38
39
27
28
29
93
10
23
113
2
39
33
73
86
40
70
91
112
141
120
8
61
13
70
77
30
42
105
144
57
138
129
126
107
137
59
73
79
8
35
67
81
10
6
45
61
36
123
64
72
68
139
143
134
96
55
32
5
32
18
23
35
22
92
127
54
141
24
51
34
38
9
58
95
83
37
26
78
124
71
89
36
17
111
94
76
20
105
129
97
28
3
131
47
122
136
28
99
119
87
138
77
21
39
95
108
60
16
48
125
88
56
66
22
27
58
110
7
41
118
140
52
109
140
41
15
53
50
34
135
108
48
31
44
121
80
103
85
6
91
15
46
29
112
4
3
93
66
5
74
12
25
139
68
130
19
2
106
12
115
101
65
24
117
135
1
62
144
131
49
115
117
101
69
116
53
116
98
106
29
72
65
100
63
82
90
4
54
81
90
143
123
84
96
52
44
19
102
100
21
42
87
17
92
107
75
102
25
126
136
128
45
94
78
46
132
59
133
110
57
43
67
13
134
55
114
26
118
121
133
9
11
33
124
18
103
20
47
86
85
125
40
11
14
127
71
69
88
122
63
38
51
62
89
60
27
119
128
111
98
83
137
79
114
82
132
104
74
80
97
104
1
130
37
113
109
56
30
84
50
14
16
142
43
75
64
120
49
99
31
76
142
7
24
48
140
113
100
79
26
62
99
76
59
90
23
125
66
42
25
113
78
86
26
109
49
73
45
3
44
7
111
12
72
78
141
142
21
89
37
88
49
87
123
32
12
46
50
143
106
67
82
101
16
82
38
59
57
121
79
144
75
27
94
10
71
92
140
56
63
51
54
109
34
5
41
58
76
133
126
128
5
1
3
81
122
61
70
68
36
139
24
86
32
144
118
91
83
60
64
119
4
38
65
124
90
77
45
53
102
56
52
58
99
89
110
130
81
66
39
127
100
127
136
122
9
132
21
138
16
63
6
15
20
40
105
22
6
22
48
107
141
4
138
129
120
27
33
101
143
55
23
43
46
135
120
94
126
131
67
107
44
61
97
53
93
31
133
30
52
2
134
117
20
87
114
14
50
106
137
37
68
93
110
98
8
62
98
31
129
2
34
36
118
123
128
64
114
85
72
33
47
13
14
80
69
112
134
104
74
132
88
85
95
35
55
125
9
142
124
80
28
29
136
137
11
54
25
116
40
84
8
51
7
115
139
103
104
108
97
43
130
28
84
18
47
112
117
116
91
19
70
41
115
10
39
57
96
29
11
105
19
17
74
17
35
1
103
42
13
96
60
102
73
65
131
83
92
69
111
121
135
77
95
75
30
108
119
15
18
71
133
121
109
110
111
112
124
125
126
127
139
138
137
136
135
123
122
134
135
136
137
138
126
114
113
101
102
90
91
79
80
68
56
55
54
66
78
77
76
75
63
51
50
62
61
49
37
25
26
27
39
38
37
49
61
73
85
97
98
99
87
86
74
75
87
88
100
101
89
90
78
79
67
68
69
81
93
105
104
116
128
129
117
118
130
131
119
107
108
96
95
94
82
83
84
72
71
59
58
57
45
46
34
22
10
11
12
24
23
35
36
48
60
72
84
96
108
120
132
144
143
142
141
140
139
127
115
103
91
92
80
81
69
70
58
57
45
33
21
20
19
31
32
44
43
42
30
18
6
5
17
29
41
53
65
64
52
40
28
16
15
14
13
1
2
3
4
5
6
7
8
7
19
18
30
29
17
16
4
3
15
14
2
1
13
25
26
38
39
27
28
40
52
51
50
62
63
64
76
88
89
77
65
53
41
42
54
66
67
55
56
44
43
31
32
20
8
9
10
9
21
33
34
22
23
11
12
24
36
35
47
46
47
48
60
59
71
70
82
83
95
107
106
118
130
131
119
120
132
144
143
142
141
140
128
129
117
105
106
94
93
92
104
116
115
103
102
114
113
112
100
99
111
110
98
86
74
73
85
97
109
121
133
134
122
123
124
125
12
24
36
48
60
59
47
46
34
33
45
57
69
81
82
94
93
92
80
79
91
90
102
103
115
114
126
138
139
140
128
127
115
116
104
105
106
107
95
96
108
120
132
144
143
131
130
142
141
129
117
118
119
120
108
96
84
83
71
70
58
46
34
35
23
22
10
9
8
7
19
31
32
44
56
55
67
68
80
92
104
116
117
105
93
81
69
57
45
33
21
20
8
7
6
18
30
42
54
53
52
51
39
40
28
16
4
3
2
14
26
27
15
3
4
5
17
29
41
40
39
38
37
49
61
62
63
64
65
77
89
101
113
125
137
136
135
134
133
121
109
97
98
86
85
73
74
75
76
88
100
99
87
88
100
112
111
110
122
123
124
112
111
99
87
75
76
77
78
66
65
53
54
66
78
90
89
101
113
114
102
103
91
79
67
68
56
44
32
20
19
31
43
55
43
42
41
29
30
18
6
5
17
16
28
27
15
14
26
25
13
1
2
1
13
25
37
49
50
38
50
51
52
64
63
62
61
73
74
86
85
97
98
110
109
121
133
134
122
123
135
136
124
125
137
138
126
127
139
140
128
129
141
142
143
144
132
131
130
118
119
107
106
94
95
83
82
70
58
59
71
72
84
72
60
48
47
35
36
24
23
22
21
9
10
11
12
11
