##Rat 5 Day 11
 ##rewards
74
87
21
##Vertices
12
24
36
35
23
22
21
9
10
11
12
24
36
48
60
72
84
96
95
83
82
81
93
92
104
105
117
118
119
120
108
107
106
94
93
81
69
70
58
59
47
46
34
33
32
20
19
31
43
44
56
57
45
44
32
31
30
29
17
18
6
5
4
3
15
14
26
27
28
16
4
3
2
1
13
25
37
49
50
62
63
64
76
77
89
88
87
75
74
73
61
49
37
38
39
51
52
40
41
53
54
66
78
79
80
68
67
55
43
42
54
55
56
68
67
66
65
77
78
90
102
103
115
127
128
116
104
105
117
129
130
131
132
144
143
142
141
140
139
138
126
114
113
101
100
112
111
99
98
110
122
134
133
121
109
97
85
86
87
88
89
101
100
99
111
123
135
136
137
125
124
123
122
110
109
121
133
134
135
136
124
125
137
138
126
127
139
140
141
142
143
144
132
120
108
107
95
96
84
72
71
59
60
48
47
35
23
11
10
9
8
7
8
7
6
5
17
16
15
14
2
1
13
25
26
38
50
51
63
62
61
73
85
97
98
86
74
75
76
64
65
53
52
40
39
27
28
29
41
42
30
18
19
20
21
22
34
33
45
46
58
57
69
70
71
83
82
94
106
118
119
131
130
129
128
116
115
103
91
79
80
92
91
90
102
114
113
112
1
2
3
15
14
26
38
37
25
13
1
2
3
4
5
6
7
8
20
19
31
43
44
56
57
45
46
34
22
10
9
21
33
32
44
43
42
30
29
17
16
28
27
39
51
50
62
63
64
52
53
41
40
52
51
63
75
87
86
74
73
85
97
109
110
122
123
111
99
98
97
109
121
133
134
135
136
137
125
126
114
102
103
91
92
104
116
115
127
139
138
137
136
124
112
113
101
100
88
89
77
78
79
67
55
54
66
65
64
76
77
65
53
54
66
78
90
91
79
80
81
69
70
71
59
58
57
45
46
47
35
23
11
12
24
36
48
60
72
84
83
82
94
93
105
106
118
117
129
130
131
132
144
143
142
141
140
128
116
104
92
93
105
117
118
119
120
108
96
95
107
119
131
130
142
143
144
132
120
108
107
95
96
84
83
71
72
60
48
36
24
12
11
10
9
21
20
8
7
6
18
17
5
4
16
15
14
13
25
37
49
61
49
61
73
85
86
98
110
122
121
133
134
135
123
124
125
113
114
126
138
139
140
141
129
128
127
115
103
102
90
89
101
100
112
111
99
87
88
76
75
74
62
50
38
26
27
39
40
28
29
41
42
30
18
19
31
32
33
34
22
23
35
47
59
58
70
69
68
67
55
56
68
80
81
82
94
106
72
15
130
143
100
8
130
87
51
102
103
69
47
32
92
66
30
83
125
94
138
83
14
52
124
120
98
142
59
98
129
126
108
137
100
111
38
96
140
46
114
35
3
34
20
135
97
78
56
63
42
102
6
120
90
106
72
4
127
2
60
29
78
27
22
9
45
107
40
99
3
138
39
57
79
48
133
41
18
69
15
88
93
68
13
143
71
28
65
24
126
87
19
133
41
113
107
139
13
23
116
73
91
12
42
50
103
127
76
24
116
10
57
90
39
105
49
5
36
26
7
144
40
17
55
101
43
70
50
105
61
71
64
18
31
58
29
134
56
67
11
54
16
1
75
128
7
137
106
89
82
82
19
2
8
99
89
12
81
65
118
53
86
95
48
63
68
73
131
60
49
37
43
33
33
54
10
16
86
92
129
119
44
32
21
84
77
46
95
132
114
109
142
74
124
66
108
20
21
26
113
123
34
94
104
17
110
27
80
70
1
59
36
144
28
140
31
51
84
75
125
14
47
139
85
122
93
131
77
62
112
58
80
25
35
132
97
52
62
9
118
104
79
6
25
128
135
37
96
30
38
76
22
119
101
115
141
23
45
117
141
5
67
85
136
109
88
81
74
61
112
115
123
121
134
111
53
121
55
44
110
117
91
4
122
64
11
136
14
18
118
144
8
50
79
53
97
93
17
69
112
126
66
66
7
2
49
108
37
74
116
141
129
29
88
122
4
61
13
47
138
42
115
46
94
24
141
57
45
75
131
125
134
29
106
136
92
122
6
28
36
35
62
57
102
89
120
81
60
81
119
136
77
33
117
3
67
39
113
142
5
143
18
88
10
54
67
24
139
107
85
14
16
95
100
12
91
9
65
82
87
73
109
46
13
40
50
80
10
131
139
83
25
120
73
113
107
116
42
134
15
135
140
26
114
103
38
110
11
129
111
105
48
85
41
140
55
101
103
92
20
25
99
90
78
76
12
105
101
117
45
63
40
71
128
30
37
62
63
137
23
72
41
31
32
143
8
90
86
96
98
6
108
114
72
121
64
110
17
123
97
35
89
27
58
83
3
5
71
60
78
47
52
22
106
43
27
2
19
74
44
9
126
53
112
31
142
132
123
77
87
76
93
133
28
44
111
98
33
68
23
1
94
59
32
86
49
54
34
130
95
127
68
64
121
132
16
65
75
22
56
124
130
1
69
56
4
70
51
26
15
138
125
115
61
19
99
124
100
127
21
21
84
52
118
84
7
109
133
48
82
91
43
58
144
102
104
128
34
51
39
104
11
135
70
137
80
55
119
30
59
38
96
79
20
36
144
143
142
141
140
128
129
117
116
115
103
104
105
93
92
80
81
69
68
67
66
54
42
43
55
56
44
45
57
58
59
71
72
60
48
47
46
34
35
23
24
12
11
10
9
8
20
32
31
19
18
30
29
28
27
39
51
63
64
76
77
89
101
100
112
111
99
87
88
89
90
91
79
78
90
102
114
113
125
126
127
139
138
137
136
124
123
122
134
133
121
109
97
85
73
74
86
98
110
109
97
85
73
61
62
50
49
37
38
26
25
13
1
2
14
15
3
4
16
17
5
6
7
8
9
21
33
45
46
58
70
82
94
106
107
108
96
84
83
95
94
106
118
130
131
132
120
119
118
117
105
93
81
80
68
67
55
54
53
65
77
76
75
63
64
52
40
41
42
30
29
17
18
19
7
6
5
4
3
2
1
13
14
15
16
28
27
39
38
26
25
37
49
61
62
50
51
52
40
41
53
65
66
78
79
91
92
104
103
115
116
128
127
126
114
102
101
113
125
124
112
100
88
87
75
74
86
98
99
111
110
122
121
133
134
135
123
135
136
137
138
139
140
141
129
130
142
143
144
132
131
119
120
108
107
95
96
84
83
71
72
60
59
47
48
36
35
36
24
12
11
10
22
23
22
34
33
21
20
32
31
43
44
56
57
69
70
82
133
121
109
97
85
86
98
99
87
75
76
88
100
101
89
90
102
103
91
79
67
68
69
81
80
92
93
105
104
116
128
127
139
140
141
129
117
118
130
131
143
144
132
120
108
96
95
94
82
83
71
70
58
46
34
33
32
31
43
42
54
53
52
40
39
27
28
29
41
53
65
77
78
66
65
64
63
51
50
62
74
73
61
49
37
38
26
14
13
1
2
3
4
5
6
18
17
16
15
3
4
5
6
7
19
20
8
9
21
22
10
11
12
24
23
35
36
48
47
59
60
72
84
96
108
107
106
105
117
116
115
114
113
112
124
136
137
138
126
125
113
112
111
110
122
134
135
123
111
99
100
101
102
90
91
79
80
68
56
55
54
42
30
31
43
44
45
57
69
70
58
59
71
83
84
72
60
48
36
24
12
11
23
35
47
46
34
33
21
22
10
9
8
7
19
20
32
44
45
57
56
55
67
66
78
77
89
88
76
75
87
86
74
62
63
64
52
51
50
38
39
40
41
29
30
18
17
16
28
27
15
14
2
1
13
25
26
25
37
49
61
73
85
97
98
110
109
121
133
134
122
123
135
136
124
125
137
138
126
127
139
140
128
129
141
142
130
142
143
144
132
120
119
131
119
118
106
107
95
94
82
81
93
92
104
103
115
114
99
82
117
144
68
125
110
27
97
93
69
7
8
106
22
93
5
137
48
27
35
101
23
131
107
42
144
79
132
132
67
50
62
138
25
143
111
141
55
61
115
1
30
98
9
6
66
135
52
120
39
31
60
91
33
16
67
83
122
142
126
78
116
97
127
40
14
89
41
123
59
36
15
31
28
102
80
63
2
107
74
130
73
65
121
10
59
48
139
6
40
117
113
2
36
75
33
129
39
38
29
136
42
52
80
19
84
44
128
100
54
77
98
110
30
21
106
112
23
109
142
9
58
116
53
90
72
69
76
45
71
61
20
35
71
12
139
17
121
143
13
57
119
51
11
65
51
111
131
68
43
87
86
74
29
77
134
105
109
7
133
101
112
24
87
108
18
12
19
37
38
28
4
125
105
37
81
8
49
119
133
46
18
124
92
88
108
124
83
5
13
140
4
62
64
63
114
72
100
45
141
115
70
136
102
43
127
122
118
75
24
56
50
64
140
135
20
56
26
134
86
96
85
1
82
47
76
22
57
78
103
84
113
103
81
89
41
34
47
79
70
44
126
120
130
32
60
15
58
114
137
118
3
21
73
54
88
16
95
92
10
55
90
53
25
94
91
129
3
128
26
94
66
11
49
17
32
138
34
104
99
123
104
95
85
96
14
46
86
1
56
9
136
3
103
25
5
60
25
113
121
113
108
57
94
10
30
124
13
81
52
143
65
109
130
58
16
137
54
62
79
19
112
129
98
74
93
59
42
86
72
32
15
102
27
97
78
107
61
124
50
26
128
35
104
17
116
76
79
85
9
107
65
135
115
41
49
134
75
63
6
100
55
48
40
7
95
5
119
84
45
84
111
33
14
142
10
42
29
54
44
40
71
24
102
47
36
1
21
38
106
127
4
12
51
101
122
32
66
130
89
23
62
35
73
89
123
91
64
141
127
115
77
93
17
90
114
82
21
139
55
75
73
105
13
71
106
49
2
39
103
108
94
99
99
112
20
110
135
67
138
37
22
44
100
16
8
41
101
91
11
31
132
118
144
87
90
14
120
133
85
53
140
28
123
142
33
118
96
144
96
18
66
6
80
88
76
131
29
77
34
134
109
59
51
139
69
27
50
105
92
28
52
23
136
30
116
47
43
104
114
57
8
67
125
98
43
141
24
64
31
18
19
69
61
11
140
20
3
2
120
119
58
26
70
34
38
87
126
7
48
45
138
72
80
131
39
12
46
56
92
121
95
97
122
60
117
63
132
83
83
88
4
128
78
70
125
81
137
111
143
129
117
126
37
36
110
82
133
46
68
15
74
53
22
68
144
132
131
143
142
130
129
141
140
128
116
117
105
104
103
115
127
139
138
137
125
126
114
113
112
111
99
98
86
87
88
89
90
102
101
100
112
124
136
135
123
122
134
133
121
109
97
85
73
61
62
74
75
76
77
65
66
67
68
80
81
69
57
45
44
43
55
54
42
30
29
41
40
28
16
17
5
4
3
2
1
13
14
15
27
39
38
26
25
37
49
50
51
52
53
65
64
63
75
76
64
63
51
52
53
54
42
43
31
19
20
21
22
23
35
47
48
60
59
71
70
58
46
34
33
32
44
56
57
45
33
32
31
30
18
6
7
8
9
10
11
12
24
36
48
60
72
84
96
95
83
82
94
106
118
119
120
108
107
106
118
117
116
115
103
91
92
93
94
82
70
58
46
47
59
71
72
84
83
95
96
108
107
119
120
132
144
143
131
130
142
141
129
128
140
139
127
126
138
137
125
113
114
102
90
91
79
67
55
56
68
69
81
93
105
104
92
80
79
78
66
78
77
89
101
100
88
87
99
111
110
98
110
122
123
124
136
135
134
133
121
109
97
85
86
74
73
61
62
50
49
37
38
26
25
13
1
2
14
15
3
4
16
28
27
39
40
41
29
17
5
6
18
19
7
8
20
21
9
10
22
23
11
12
24
36
35
34
1
2
14
13
25
26
38
37
49
50
51
39
40
52
64
63
62
61
73
85
86
74
75
87
99
111
112
124
125
113
101
89
77
76
88
100
99
98
97
109
110
122
121
133
134
135
136
137
138
139
127
126
114
102
90
91
79
67
55
54
42
43
44
45
57
69
68
80
81
82
94
93
105
106
107
95
96
108
120
132
144
143
131
119
118
117
129
130
142
141
140
128
116
104
92
91
103
115
114
102
103
115
116
104
92
80
81
69
70
71
59
47
35
23
22
21
9
8
20
19
31
32
33
34
46
58
57
56
44
45
46
58
70
82
83
84
72
60
48
36
24
12
11
10
9
8
7
6
5
17
18
30
29
28
27
15
3
4
16
28
27
39
51
63
64
65
53
41
29
30
31
32
33
21
20
19
7
6
18
17
5
4
16
15
3
2
1
13
14
26
25
37
38
50
49
61
62
74
73
85
86
87
75
76
77
65
66
67
68
56
55
43
42
41
40
52
53
54
66
78
79
78
90
89
88
100
101
113
112
111
123
124
123
122
110
98
97
109
121
133
134
135
136
137
125
126
138
139
127
128
140
141
129
130
142
143
144
132
131
119
120
108
107
106
118
117
105
93
94
95
96
84
83
71
72
60
59
47
48
36
35
23
24
12
11
10
22
34
45
96
7
48
34
108
116
98
117
8
30
24
22
20
114
33
139
36
74
34
49
113
84
115
140
101
4
51
134
69
44
8
94
61
15
68
131
143
136
43
29
37
91
93
54
67
107
36
102
17
73
138
14
119
128
56
52
144
94
51
56
122
93
41
71
80
18
5
133
28
116
138
99
110
32
35
10
103
28
6
30
79
43
130
31
23
6
77
125
110
80
76
55
46
101
104
85
131
64
26
70
90
72
95
129
33
12
66
48
72
21
120
3
61
40
59
47
63
62
68
103
137
100
9
111
118
140
84
127
136
38
16
75
83
81
31
141
10
117
137
32
126
40
17
81
21
88
3
25
1
71
106
132
27
92
78
121
64
124
23
2
143
24
19
45
27
4
18
99
75
100
67
16
38
26
76
62
105
109
139
7
54
46
50
112
52
58
63
91
133
44
12
114
135
96
111
55
78
123
50
124
108
57
87
112
5
86
13
123
14
126
70
15
60
53
132
85
39
1
129
73
29
58
41
92
19
98
83
65
88
42
142
134
109
65
37
59
104
79
49
39
107
95
22
106
130
127
82
11
89
86
77
74
2
118
97
35
97
20
53
119
87
42
122
9
57
102
11
128
47
115
60
105
66
121
25
113
142
82
120
125
13
89
135
144
90
69
141
53
90
113
82
129
134
111
75
96
144
63
97
110
17
45
15
5
84
33
21
101
112
124
15
9
87
70
44
46
41
49
141
107
34
1
90
56
61
133
2
80
46
37
69
92
26
111
142
135
77
60
53
139
89
42
132
24
18
140
133
66
98
88
93
118
28
13
71
37
5
9
66
79
119
14
112
127
17
113
143
68
103
10
27
23
97
73
129
19
106
6
79
55
126
135
29
48
98
92
43
77
58
69
124
36
103
10
23
122
64
114
51
123
62
3
87
138
121
22
109
126
61
25
73
39
40
34
140
138
139
78
32
72
14
128
99
16
121
58
59
20
104
22
51
13
144
4
117
143
114
65
4
119
52
62
64
84
102
55
65
47
105
12
50
83
8
125
63
25
96
52
67
2
74
68
30
85
44
137
56
70
49
19
57
7
95
132
32
141
54
120
67
48
28
24
116
59
74
27
130
11
72
117
118
31
76
7
1
115
71
109
88
122
8
41
60
142
75
108
134
94
3
108
82
29
38
130
85
95
99
11
42
26
6
115
83
106
120
35
31
18
30
91
86
136
91
110
57
137
94
76
100
45
100
38
116
20
101
107
125
43
123
131
86
12
104
81
54
89
127
80
78
93
81
35
33
16
36
102
131
47
128
50
136
40
39
105
21
