##Rat 1 Day 10
 ##rewards
19
32
98
##Vertices
88
55
110
58
83
26
24
42
86
29
10
115
95
36
63
59
130
25
57
119
65
41
30
127
75
6
132
13
37
66
87
84
138
7
68
5
64
52
16
128
97
52
94
37
11
25
121
89
24
54
137
108
120
87
134
133
135
36
58
39
117
27
138
124
106
4
67
2
106
45
84
93
72
119
140
122
44
83
31
42
96
143
107
139
22
105
118
130
89
128
99
76
45
112
78
143
49
134
56
99
108
53
39
61
85
133
135
122
33
123
6
49
80
2
27
102
8
28
102
15
76
51
116
56
12
132
109
35
29
81
47
113
30
72
61
60
70
32
38
100
136
7
48
44
144
125
8
81
73
31
98
41
82
40
92
126
104
114
4
116
71
74
62
16
104
95
125
55
137
26
98
35
64
142
123
101
70
144
46
69
23
22
114
88
77
85
46
140
109
23
66
118
77
63
110
101
28
80
107
50
73
69
113
75
68
93
53
11
91
47
103
14
43
90
19
120
59
96
33
62
142
131
129
74
141
126
90
79
112
103
65
1
32
3
127
105
79
12
21
131
18
115
139
20
60
10
17
40
111
38
124
48
13
1
100
9
20
141
14
97
50
17
91
3
57
111
136
18
21
54
86
34
9
51
43
5
34
92
129
67
94
82
15
71
117
121
19
78
76
30
21
77
63
137
103
18
17
17
67
85
79
40
58
132
13
34
114
83
31
14
77
87
64
134
142
63
105
7
44
94
143
126
2
91
51
72
15
10
5
6
124
140
94
112
126
87
88
81
23
47
114
85
54
25
95
76
103
130
60
112
143
133
123
84
36
48
86
69
136
83
93
33
102
99
117
119
25
53
111
11
38
52
42
50
89
56
47
82
120
102
6
110
34
131
22
118
26
41
22
91
129
136
61
37
117
3
7
119
61
37
113
65
111
45
53
138
43
65
100
97
18
16
108
109
27
12
9
93
59
133
128
106
16
12
101
33
116
135
121
29
32
105
142
72
55
56
49
127
46
98
92
59
19
38
57
107
109
78
100
90
28
86
71
39
43
137
20
32
10
15
68
31
67
71
125
66
55
115
98
41
20
132
62
123
29
13
64
58
96
129
108
49
130
45
81
36
46
73
26
11
19
1
84
69
9
35
80
106
8
116
79
104
134
120
127
24
52
141
73
8
139
21
118
3
122
75
28
70
30
75
24
115
4
135
122
1
125
74
51
95
23
54
60
57
5
110
27
42
66
88
80
104
39
70
141
48
144
62
78
2
74
140
139
90
35
96
14
44
50
89
144
92
82
101
128
131
124
68
113
40
107
97
4
99
138
121
144
132
120
108
107
95
96
84
72
60
48
36
24
12
11
23
22
10
9
21
33
45
44
56
57
69
70
82
81
80
79
91
103
102
114
115
116
128
129
117
118
130
131
143
142
141
140
139
138
137
125
124
136
135
134
133
121
109
97
98
110
122
123
111
99
100
88
89
77
65
64
76
75
87
86
74
62
50
38
37
49
61
73
85
97
109
110
111
112
113
101
100
112
113
114
126
127
115
103
104
105
93
92
80
68
67
55
54
66
78
90
91
92
104
116
117
105
106
94
93
81
82
83
71
59
58
46
47
35
34
33
32
20
8
7
19
18
6
5
17
16
4
3
15
14
2
1
13
25
26
27
39
51
52
40
41
42
43
31
30
29
28
27
39
40
52
53
41
42
43
44
32
20
8
7
6
18
19
31
30
29
28
16
17
5
4
3
15
14
2
1
13
25
26
38
37
49
50
51
63
64
63
75
74
62
61
73
85
86
98
99
87
88
76
77
89
101
102
90
78
79
67
66
65
53
54
55
56
68
69
70
71
83
95
94
106
118
119
107
119
131
130
129
128
127
126
125
124
123
122
121
133
134
135
136
137
138
139
140
141
142
143
144
132
120
108
96
84
72
60
59
47
48
36
35
23
24
12
11
10
9
21
22
34
46
45
57
58
133
134
135
136
124
125
137
138
139
140
141
142
143
144
132
131
119
120
108
107
106
105
93
92
104
103
115
114
102
90
78
77
76
64
63
75
87
86
98
99
111
110
122
121
109
97
85
73
61
49
50
38
37
25
13
1
2
3
4
16
15
14
26
27
28
40
41
53
54
55
43
42
30
29
17
18
19
20
21
9
8
7
6
5
4
3
15
27
39
51
52
40
39
51
63
62
74
75
76
88
100
101
89
90
91
79
80
68
67
66
65
77
89
88
87
99
100
112
113
101
102
114
126
127
128
116
117
129
130
118
106
94
95
96
84
83
71
72
60
59
47
48
36
35
23
24
12
11
10
22
34
33
32
44
45
57
69
81
82
70
58
46
34
33
45
44
56
57
69
81
93
94
95
96
84
72
71
83
82
70
58
46
47
59
60
48
36
35
23
24
12
11
10
22
21
9
8
20
32
31
43
31
30
18
19
7
6
5
17
16
28
29
41
42
54
53
52
64
65
66
78
79
67
55
56
68
80
92
91
103
115
127
126
125
113
112
111
123
124
123
122
110
98
86
74
62
50
38
26
14
2
1
13
25
37
49
61
73
85
97
109
121
133
134
135
136
137
138
139
140
128
129
141
142
130
131
143
144
132
120
108
107
119
118
117
105
104
116
32
49
81
124
37
15
52
13
44
99
83
26
10
67
45
84
115
105
4
38
35
115
134
48
33
47
39
5
76
133
141
114
71
41
28
130
82
73
60
38
3
143
133
109
55
9
100
76
65
127
43
19
37
18
98
89
132
54
91
23
75
131
17
110
44
20
40
49
42
20
87
125
10
8
80
86
113
97
64
46
36
21
1
14
69
63
120
111
32
84
140
87
31
127
137
53
97
118
3
111
75
93
116
18
21
71
103
41
130
121
19
108
12
142
128
77
90
104
34
106
100
7
56
73
67
90
40
60
28
98
22
27
136
137
129
50
47
43
117
85
26
27
13
139
94
72
11
113
65
99
12
68
119
144
135
30
141
125
25
126
114
103
6
144
61
143
24
126
5
16
77
101
69
138
74
119
61
70
80
123
45
64
63
52
91
78
106
8
31
86
62
88
9
79
35
2
33
89
72
42
139
123
129
58
83
66
118
102
142
104
116
48
25
128
53
107
7
108
110
134
29
88
121
132
14
57
82
2
39
107
95
109
50
78
136
17
51
140
36
85
59
11
59
105
92
66
23
112
138
4
131
122
34
70
16
57
92
94
51
81
58
93
56
6
96
15
79
46
95
117
30
62
124
96
29
74
22
122
54
55
112
101
120
135
24
68
102
1
129
75
137
138
32
132
33
78
72
3
97
100
50
51
45
27
16
120
107
5
92
12
127
26
66
22
15
92
56
82
4
47
108
37
42
1
41
20
8
36
2
4
6
27
63
121
111
98
89
115
86
55
128
123
118
22
46
88
56
71
129
70
73
127
74
14
25
10
89
64
23
73
126
84
94
17
10
128
67
47
26
95
94
54
83
37
86
116
131
105
2
125
75
104
40
122
69
50
35
44
85
143
99
30
43
55
25
77
44
104
3
95
98
69
112
139
90
33
112
102
54
11
52
116
77
80
135
21
17
58
109
29
76
124
19
1
61
61
51
102
117
14
122
84
137
110
130
9
60
49
62
34
49
113
134
20
76
81
43
59
39
133
58
120
113
134
31
48
119
106
80
12
144
53
79
21
79
123
65
57
19
111
48
96
135
88
28
141
46
115
110
87
57
11
18
97
131
121
39
142
45
130
103
136
90
6
140
144
126
74
24
71
70
65
36
132
78
35
41
38
63
38
13
142
101
133
31
66
34
100
96
7
9
139
68
16
125
40
29
108
18
93
114
141
52
15
72
93
8
82
143
109
30
101
103
24
140
118
119
32
64
136
106
23
59
62
28
7
107
87
124
42
91
117
5
114
67
138
68
91
99
13
83
85
53
105
60
81
12
24
36
48
47
59
60
72
84
96
108
120
132
144
143
131
130
142
141
129
117
105
104
92
93
81
82
70
69
68
67
55
43
42
30
31
32
20
21
33
34
22
23
11
10
9
8
7
6
5
17
16
4
3
2
1
13
25
37
38
26
14
15
27
39
40
52
53
65
77
76
64
63
51
50
62
74
86
98
97
85
73
61
49
37
25
26
27
28
29
41
40
28
29
30
18
19
31
43
44
45
57
56
68
80
79
91
90
78
66
54
55
56
44
32
33
45
46
58
57
69
70
71
83
95
94
106
107
119
118
117
116
128
140
139
127
126
138
137
125
124
136
135
123
122
134
133
121
109
110
111
99
87
88
100
101
102
103
115
114
113
112
111
99
100
88
89
101
102
103
104
116
128
140
139
138
126
127
115
114
113
112
124
125
137
136
135
123
122
134
133
121
109
110
98
97
85
86
87
75
76
75
63
62
74
73
61
49
50
38
39
51
52
64
65
53
41
42
54
66
67
79
78
77
89
90
91
92
80
81
82
83
71
59
58
46
34
35
47
35
23
22
21
20
19
18
17
16
15
14
13
1
2
3
4
5
6
7
8
9
10
11
12
24
36
48
60
72
84
96
95
107
108
120
119
131
132
144
143
142
141
129
130
118
106
105
93
94
1
2
14
26
27
15
3
4
5
17
18
6
7
19
31
32
20
8
9
21
33
34
35
23
22
10
11
12
24
36
48
60
59
71
70
58
57
45
44
43
55
54
66
65
53
41
42
30
29
28
40
39
38
50
49
37
25
13
1
2
3
15
16
28
40
52
51
63
64
76
75
74
86
85
73
61
62
63
75
87
88
100
99
111
123
122
110
98
97
109
121
133
134
135
136
124
125
137
138
139
140
128
127
126
114
115
103
104
105
106
118
130
142
141
129
117
116
115
114
113
112
100
101
102
90
89
77
78
79
67
68
69
81
80
92
91
103
104
116
117
118
119
131
143
144
132
120
108
96
84
72
60
48
47
46
45
33
32
44
56
57
69
70
82
83
95
94
93
105
106
107
95
107
119
131
143
144
132
120
108
96
84
72
71
83
82
94
93
81
80
92
91
79
78
90
102
101
89
77
65
64
76
88
87
99
111
112
113
125
126
127
128
129
130
142
141
140
139
138
137
136
124
123
135
134
133
121
122
110
109
97
98
86
85
73
74
62
61
49
50
38
37
25
13
14
26
27
39
51
52
53
54
66
67
68
56
55
43
31
19
18
30
42
41
29
17
16
4
5
6
7
8
20
21
9
10
22
23
11
12
24
36
35
34
46
58
59
47
99
126
1
134
62
34
131
72
139
135
136
110
36
55
30
137
48
49
19
101
122
105
98
53
86
58
91
9
128
27
12
64
47
45
37
118
133
84
133
129
95
11
26
11
88
142
139
8
41
57
26
70
31
49
117
31
83
39
75
34
21
121
8
77
46
122
40
73
138
107
106
25
115
35
1
47
85
113
28
134
71
85
27
116
18
92
17
131
6
4
42
97
90
20
19
82
79
24
126
130
138
81
143
111
56
109
43
92
116
100
76
129
117
7
136
33
99
89
9
44
54
63
120
57
121
125
101
25
112
120
69
105
15
96
16
65
61
87
60
30
46
141
23
41
3
130
132
112
38
67
51
84
78
103
45
54
5
4
50
38
2
114
21
127
90
22
36
10
52
55
43
124
32
125
24
14
7
70
108
140
96
67
50
110
10
102
60
104
94
142
69
59
113
88
123
53
76
16
81
66
109
74
23
118
86
56
93
103
44
132
111
68
68
15
106
64
63
87
65
52
77
119
144
3
61
72
119
62
29
74
5
137
17
39
12
42
14
6
2
143
91
73
40
80
75
20
144
18
108
135
115
127
97
79
37
71
140
33
98
48
59
58
95
100
29
141
114
22
124
78
32
93
28
128
82
104
94
123
66
102
13
80
89
107
83
51
35
13
122
123
60
121
95
90
51
64
102
98
41
119
67
121
104
16
19
109
54
88
61
61
1
30
25
141
133
108
13
59
67
12
96
108
19
64
79
120
94
93
86
18
31
65
87
94
68
42
32
71
134
35
105
125
48
89
23
74
5
20
87
98
49
115
26
75
97
136
142
134
9
47
107
51
90
103
24
135
34
35
117
24
137
127
23
22
39
105
83
101
74
75
37
97
76
41
11
125
135
40
78
47
143
3
16
112
57
129
52
76
6
82
1
83
26
45
103
62
102
57
8
46
80
73
140
14
73
11
114
110
91
63
127
138
141
15
142
66
52
124
122
4
17
20
56
132
2
79
37
58
33
5
114
38
28
133
100
29
118
54
3
130
14
124
43
33
85
36
111
29
27
55
53
126
69
13
38
56
81
84
8
96
100
68
63
130
113
62
88
91
6
99
110
21
30
95
46
106
7
9
140
18
109
111
80
112
48
107
116
131
36
117
104
92
34
101
86
50
60
7
85
71
77
113
116
70
49
82
115
69
123
42
136
66
119
144
4
65
89
139
77
118
27
44
84
128
81
143
106
31
53
10
139
78
72
28
39
25
2
58
21
70
72
15
22
50
17
131
132
92
43
99
120
10
55
45
129
93
144
138
137
128
59
32
126
44
40
12
133
121
109
110
111
112
124
125
126
127
139
138
137
136
135
123
122
134
135
136
137
138
126
114
113
101
102
90
91
79
80
68
56
55
54
66
78
77
76
75
63
51
50
62
61
49
37
25
26
27
39
38
37
49
61
73
85
97
98
99
87
86
74
75
87
88
100
101
89
90
78
79
67
68
69
81
93
105
104
116
128
129
117
118
130
131
119
107
108
96
95
94
82
83
84
72
71
59
58
57
45
46
34
22
10
11
12
24
23
35
36
48
60
72
84
96
108
120
132
144
143
142
141
140
139
127
115
103
91
92
80
81
69
70
58
57
45
33
21
20
19
31
32
44
43
42
30
18
6
5
17
29
41
53
65
64
52
40
28
16
15
14
13
1
2
3
4
5
6
7
8
7
19
18
30
29
17
16
4
3
15
14
2
1
13
25
26
38
39
27
28
40
52
51
50
62
63
64
76
88
89
77
65
53
41
42
54
66
67
55
56
44
43
31
32
20
8
9
10
9
21
33
34
22
23
11
12
24
36
35
47
46
47
48
60
59
71
70
82
83
95
107
106
118
130
131
119
120
132
144
143
142
141
140
128
129
117
105
106
94
93
92
104
116
115
103
102
114
113
112
100
99
111
110
98
86
74
73
85
97
109
121
133
134
122
123
124
125
12
11
10
22
23
35
36
24
12
11
10
9
8
7
6
5
4
3
15
27
26
25
37
49
61
73
85
86
98
97
109
110
122
134
135
136
124
123
111
99
87
75
74
62
63
64
76
88
89
90
102
103
91
79
78
77
65
66
67
55
43
44
32
20
21
33
34
46
58
59
60
48
47
46
45
57
69
81
80
68
56
57
45
44
56
68
67
55
54
53
52
51
50
38
39
40
41
42
30
29
28
16
17
18
19
31
30
29
41
40
52
51
63
64
76
88
100
101
113
112
111
99
100
101
102
114
115
116
104
92
93
105
106
118
117
129
130
131
119
107
108
120
132
144
143
142
141
140
128
127
126
125
137
138
139
140
141
129
117
118
106
94
95
96
84
72
71
83
82
70
58
59
47
35
34
33
32
31
43
42
54
53
65
66
78
79
80
81
69
70
71
83
82
94
95
107
119
131
130
142
143
144
132
120
108
96
84
72
60
48
36
24
23
22
21
9
8
20
19
7
6
18
17
5
4
3
15
16
28
27
39
38
26
14
13
14
2
1
2
1
13
25
37
49
50
62
61
73
74
75
87
86
85
97
98
110
109
121
133
134
133
121
122
123
135
136
124
112
113
114
126
125
137
138
139
127
128
116
115
103
104
105
93
92
91
90
89
77
