##Rat 4 Day 21
 ##rewards
126
113
47
##Vertices
133
121
122
123
135
136
137
138
126
114
102
90
91
79
80
92
93
94
82
81
69
68
67
55
56
44
32
31
19
7
6
5
4
3
15
27
39
51
50
49
37
38
26
14
13
1
2
3
4
16
17
18
30
42
43
44
45
33
34
46
47
59
71
83
84
72
60
48
36
35
23
24
12
11
10
9
8
20
21
22
34
33
32
31
43
42
41
29
28
40
52
64
65
77
78
66
54
53
41
40
52
51
63
75
87
86
74
62
61
73
85
97
98
110
109
97
85
86
87
99
111
112
113
125
124
136
137
138
139
127
115
103
104
105
117
118
130
142
141
129
128
140
141
142
143
144
132
131
119
120
108
96
95
107
106
94
82
70
58
57
69
81
93
92
80
79
78
77
76
88
100
101
100
88
89
101
89
90
91
103
102
114
113
112
111
99
98
110
109
121
122
134
133
134
135
123
124
125
126
127
139
140
128
116
115
116
104
105
117
129
130
131
143
144
132
120
119
118
106
107
108
96
95
83
84
72
60
59
71
70
58
57
45
46
47
48
36
35
23
24
12
11
10
22
21
9
8
20
19
7
6
5
17
18
30
29
28
16
15
14
2
1
13
25
37
25
26
27
39
38
50
49
61
73
74
62
63
75
76
64
65
66
67
68
56
55
54
53
144
143
131
119
120
108
96
84
72
60
48
36
35
47
46
45
57
56
44
32
31
19
7
6
5
17
16
4
3
15
14
2
1
13
25
37
38
39
40
52
53
41
29
28
27
26
25
37
49
50
51
63
64
65
66
54
42
43
55
67
68
69
81
82
70
58
59
71
83
95
94
93
105
117
116
128
140
139
127
126
138
137
125
124
136
135
134
122
110
109
97
85
73
61
62
74
86
98
99
100
101
102
114
113
112
111
123
135
136
137
138
139
140
141
142
130
129
117
118
106
107
108
96
95
94
82
81
80
79
78
90
91
103
115
127
126
125
124
123
111
112
113
114
102
101
89
88
87
75
76
77
65
66
67
68
69
57
45
33
34
22
23
11
10
9
21
20
8
7
6
18
19
20
8
9
21
22
10
11
12
24
12
24
23
35
36
48
60
72
84
83
71
70
58
59
47
46
34
33
32
44
56
55
43
31
30
18
17
5
4
16
28
29
30
42
54
53
41
40
39
27
15
3
2
1
13
14
26
38
50
49
61
73
74
62
63
51
52
64
76
75
87
86
85
97
109
121
133
134
133
121
122
110
98
99
100
88
89
77
78
90
91
79
80
92
104
105
106
107
119
118
130
131
132
120
132
144
143
142
141
129
128
116
115
103
104
92
93
13
102
36
38
133
90
138
125
62
23
4
92
61
82
68
53
113
76
63
59
88
86
131
83
45
127
28
36
49
121
33
12
42
41
25
120
55
47
58
124
45
15
67
101
54
122
96
24
132
51
144
108
9
105
60
9
139
8
55
19
140
22
79
73
137
142
127
112
118
100
1
116
72
103
30
116
110
2
80
143
137
97
104
30
52
43
78
125
126
8
18
77
76
109
19
94
81
122
91
17
135
1
10
134
65
70
49
3
82
74
20
117
70
65
66
61
78
136
48
23
22
141
33
14
121
106
6
58
110
29
66
50
46
87
140
27
42
123
15
43
101
139
83
113
5
40
131
16
90
51
50
118
31
47
111
35
88
93
89
56
28
144
39
39
130
89
124
57
37
81
68
141
60
115
108
109
75
52
87
143
38
142
85
130
71
75
10
57
98
5
120
54
53
41
117
74
91
21
69
114
95
48
24
129
100
67
86
14
26
95
13
27
56
136
44
99
119
119
6
64
32
132
93
138
21
62
11
17
98
102
46
129
106
44
59
111
99
80
96
31
97
71
29
107
3
84
104
73
92
84
34
20
63
4
37
128
114
12
77
11
7
79
123
16
25
133
18
2
126
69
112
7
32
26
135
40
107
35
72
85
103
64
94
134
105
34
128
115
126
97
130
111
120
76
49
47
114
129
26
62
105
73
55
44
64
5
31
100
28
3
10
101
64
29
35
50
7
143
119
54
126
77
42
22
6
41
129
33
109
23
139
60
142
37
56
18
18
131
19
88
39
85
91
108
25
70
1
48
16
66
89
95
53
80
52
104
137
116
32
127
68
36
74
6
70
38
42
11
87
26
135
82
97
83
89
60
132
4
8
134
58
9
106
136
139
134
72
34
113
45
79
27
66
32
128
102
115
83
20
117
59
122
69
124
84
43
36
49
102
86
124
67
30
65
4
143
123
80
110
8
71
140
84
130
3
94
75
99
103
90
113
115
15
46
125
127
121
93
118
29
9
98
144
28
51
37
79
24
44
88
100
38
74
40
65
15
128
19
21
12
24
40
87
136
46
96
59
63
73
12
53
101
23
144
48
110
119
104
94
45
81
72
114
58
16
39
25
76
11
13
27
85
137
35
93
7
78
78
13
61
34
109
14
133
55
81
1
20
107
107
118
112
138
120
108
77
5
57
106
132
116
123
131
61
140
138
133
41
67
141
54
111
17
43
50
95
142
98
92
33
122
30
121
62
82
86
105
57
75
90
17
56
141
47
69
2
52
96
112
135
21
92
99
10
71
63
125
22
2
103
91
117
14
68
31
51
12
24
23
22
10
9
8
7
19
31
43
55
54
66
65
53
52
51
63
64
76
77
78
90
89
101
113
114
126
138
139
140
141
142
130
118
106
94
95
96
108
107
119
131
132
144
143
142
141
129
128
127
115
103
102
101
100
112
111
99
98
86
74
62
61
73
85
97
109
110
122
121
133
134
135
136
137
125
124
123
111
112
113
114
102
103
104
116
117
105
93
81
80
68
67
79
91
92
104
105
93
94
82
70
58
59
71
83
84
72
60
48
47
35
36
48
60
59
58
46
34
33
32
20
21
9
8
7
6
18
30
42
41
40
28
27
15
3
4
16
17
5
4
3
2
1
13
14
26
25
37
49
50
38
39
51
63
75
87
88
76
64
52
53
65
66
67
68
69
57
45
44
45
57
56
44
56
55
54
42
43
31
32
33
34
46
47
35
36
24
23
11
12
11
10
22
21
20
19
18
6
5
17
29
30
29
41
40
28
16
15
14
2
1
13
25
26
27
39
38
37
49
50
62
61
73
85
86
74
75
87
88
100
99
98
97
109
110
122
121
133
134
135
123
124
136
137
125
126
138
139
140
128
127
115
116
117
129
130
131
143
144
132
120
108
120
119
118
106
107
95
96
84
72
71
83
82
70
69
81
80
79
78
77
89
90
91
92
1
2
3
4
5
17
16
15
14
13
25
26
27
39
40
41
53
54
42
43
44
32
31
19
7
8
20
21
9
10
11
23
35
47
48
60
59
58
57
56
68
69
81
80
79
78
90
91
103
102
101
89
88
76
77
65
66
67
55
56
57
45
33
34
22
10
9
8
7
6
18
30
29
28
40
52
51
63
64
52
51
50
49
37
38
39
27
28
29
41
42
43
44
45
46
58
70
82
83
95
107
108
120
119
118
106
94
93
92
104
105
117
116
128
129
141
142
130
131
143
144
132
120
108
96
84
72
71
70
69
81
93
92
104
105
117
116
115
114
126
127
139
138
137
136
124
125
113
112
111
110
98
86
87
99
100
88
87
75
74
73
85
97
109
121
133
134
122
123
135
136
124
123
135
134
133
121
122
110
109
97
98
99
111
112
100
101
89
90
102
114
113
125
137
138
126
127
115
103
91
79
80
68
67
55
54
53
65
66
78
77
76
64
63
75
74
86
85
73
61
62
50
62
61
49
37
38
26
25
13
1
2
14
15
3
4
16
17
5
6
18
30
31
19
20
21
22
23
11
12
24
12
24
36
35
36
48
60
72
84
96
95
107
119
131
132
144
143
142
141
140
139
140
128
129
130
118
106
94
82
83
71
59
47
46
34
33
32
51
128
27
121
126
91
59
112
142
5
114
25
19
3
70
2
139
50
57
109
11
42
10
137
24
92
34
143
124
22
21
108
100
54
94
96
98
1
127
104
127
79
21
37
108
81
130
87
119
61
9
65
106
32
101
85
117
33
134
7
45
62
131
82
72
101
144
131
97
67
78
98
118
6
110
15
70
34
52
110
134
138
107
119
117
47
20
77
82
12
99
60
88
51
60
87
44
15
90
28
125
88
95
35
140
91
136
123
128
45
74
104
26
12
114
11
22
24
29
126
64
54
92
31
73
121
135
125
58
122
59
63
50
47
30
90
13
38
129
56
35
86
23
76
3
139
41
106
41
36
16
74
49
116
118
144
43
1
132
14
10
83
4
89
94
103
95
53
105
66
39
133
17
79
77
42
66
113
44
73
105
5
112
141
7
84
25
102
40
130
103
18
48
122
85
26
93
32
100
6
80
63
120
27
46
29
71
124
53
141
16
68
43
140
75
71
20
40
133
28
30
8
97
120
142
33
9
111
138
39
55
37
72
111
36
107
99
123
62
96
76
135
13
38
83
84
14
86
18
17
56
64
80
78
58
89
102
132
61
23
4
2
57
8
81
115
129
143
113
69
109
52
48
115
116
46
136
65
137
67
55
75
93
49
68
69
31
19
15
57
53
123
89
44
31
34
49
13
77
56
88
58
6
74
96
41
24
63
121
20
107
2
3
140
81
18
141
66
37
29
19
143
83
94
33
127
100
41
47
10
127
47
26
1
34
42
46
43
139
4
80
8
30
102
72
63
142
7
27
103
39
59
91
112
129
131
87
19
132
114
52
4
100
104
93
84
73
106
7
3
120
115
143
125
136
80
22
66
91
46
86
37
2
64
75
73
56
67
17
70
14
144
128
22
5
78
133
65
24
38
126
15
78
99
36
140
104
79
90
23
13
51
40
97
132
85
117
105
36
102
126
53
118
108
116
124
96
33
9
138
68
144
12
82
62
109
123
137
103
115
95
128
120
42
75
77
61
28
55
112
119
130
61
89
27
58
106
117
93
97
30
98
64
113
70
86
45
21
39
98
55
23
49
14
95
92
31
51
11
10
69
84
85
111
67
74
121
35
139
135
60
92
99
38
88
45
26
20
40
69
59
12
76
25
71
28
50
43
44
125
94
141
131
5
118
101
60
54
32
1
32
124
48
72
21
57
113
134
29
16
110
81
105
90
142
119
54
116
8
136
122
82
50
111
71
87
134
18
107
114
65
110
48
79
11
129
137
101
133
62
76
52
6
138
17
9
68
108
35
25
109
83
135
16
130
122
144
132
120
119
131
130
142
141
129
117
105
104
116
115
114
126
127
128
140
139
138
137
136
135
123
122
134
133
121
109
97
85
86
87
99
98
110
111
112
100
88
89
101
102
90
78
77
76
75
74
62
63
51
52
64
65
66
54
53
41
40
39
27
26
25
13
1
2
14
15
3
4
5
6
7
19
18
30
31
32
44
43
55
67
79
91
103
104
92
80
68
56
57
69
70
82
81
93
94
95
83
71
59
58
46
47
48
36
35
34
22
23
11
12
24
36
48
60
72
84
96
108
107
106
118
117
116
115
103
91
90
102
114
113
125
124
136
135
123
111
99
87
75
63
51
50
49
37
38
39
27
28
16
17
29
30
42
43
31
32
33
45
44
56
68
69
57
45
33
21
9
8
20
21
20
8
7
19
18
6
5
4
3
2
1
13
25
37
49
61
73
74
86
98
110
122
134
133
121
109
97
85
73
61
62
50
38
26
14
15
16
17
29
28
40
41
42
54
55
67
79
78
66
65
53
52
64
76
77
89
88
100
101
113
112
124
125
137
138
126
127
139
140
128
129
130
118
106
105
93
92
80
81
82
94
95
83
71
70
58
46
34
22
10
9
10
11
12
24
23
35
47
59
60
72
84
96
108
107
119
120
132
144
143
131
143
142
141
1
13
14
15
3
4
5
6
7
8
9
10
22
21
33
45
44
56
57
58
70
71
72
84
96
95
107
108
120
119
131
132
144
143
142
141
129
117
105
104
92
93
94
106
118
130
142
141
140
128
116
115
103
91
79
80
81
69
68
67
55
43
42
30
31
32
20
19
18
17
29
41
40
39
51
50
49
61
62
74
73
85
86
98
97
109
121
122
123
135
136
137
138
139
127
126
125
124
112
100
88
76
75
87
99
111
110
109
97
85
73
61
49
37
25
26
38
39
27
28
16
4
5
17
29
30
42
54
66
78
77
65
64
63
62
74
86
98
110
111
99
87
75
76
88
89
101
113
114
102
90
91
79
67
55
43
44
45
46
34
35
23
24
36
48
47
59
60
72
84
83
71
59
60
48
47
35
36
24
12
11
12
11
23
22
10
9
8
7
6
18
19
31
32
20
21
33
34
46
58
57
56
68
69
70
82
83
95
96
108
107
106
94
82
81
80
92
93
105
117
118
119
120
132
144
143
131
130
129
128
140
139
138
126
127
115
116
104
103
102
114
113
125
137
136
135
134
133
121
133
134
122
123
124
112
100
101
89
90
78
77
65
66
54
53
52
40
28
16
15
27
26
14
2
3
2
1
13
25
37
38
50
51
63
64
52
53
41
18
103
77
109
56
144
126
107
21
113
29
140
33
130
62
17
35
60
69
14
16
36
82
85
90
125
71
123
96
8
115
127
36
28
19
72
65
42
96
92
86
30
75
129
122
131
137
39
61
52
44
12
121
81
59
124
9
120
45
114
3
25
51
141
20
76
22
99
25
32
49
108
86
48
15
129
41
110
9
138
23
106
144
110
108
73
28
83
62
33
37
38
14
94
1
67
91
89
117
133
142
7
99
70
118
115
111
121
123
132
26
19
59
65
17
4
112
48
104
101
100
102
53
135
57
5
136
137
3
15
140
10
83
119
98
24
101
20
122
126
136
58
135
53
73
82
51
97
103
94
56
43
63
74
124
89
88
133
128
47
77
68
39
143
27
52
60
6
23
35
80
16
49
29
78
30
78
50
113
40
134
8
107
97
127
21
6
46
13
57
98
132
134
87
44
139
84
55
47
11
31
64
46
128
40
7
79
74
85
114
2
92
112
91
116
67
66
69
64
70
143
120
142
24
68
131
141
55
2
58
95
130
71
75
4
119
50
125
63
105
93
118
80
138
76
109
12
34
13
31
26
139
34
32
88
79
10
72
27
93
43
84
11
116
1
87
104
45
117
5
37
42
54
54
95
61
38
66
102
18
22
106
81
100
90
105
41
111
26
23
108
53
24
76
95
100
15
136
26
43
116
139
31
130
126
123
18
142
37
12
112
70
100
116
68
86
5
27
43
143
97
125
32
85
10
32
84
1
18
92
91
57
15
84
71
42
104
103
122
57
141
105
60
51
140
48
134
139
82
54
88
77
7
12
131
63
59
65
79
16
67
86
62
124
138
113
35
93
104
113
38
37
128
74
121
73
44
21
41
105
55
47
60
22
51
61
94
110
90
91
83
80
28
72
25
27
9
92
14
130
90
53
13
108
66
78
48
82
52
41
11
76
72
144
81
23
87
34
83
112
3
30
20
58
122
141
64
50
120
69
93
107
20
7
133
140
35
39
128
50
54
36
4
28
135
126
46
11
96
138
119
77
74
110
127
134
19
96
75
88
10
8
4
42
136
114
56
73
64
61
38
89
142
98
121
97
1
29
120
49
131
29
114
129
14
24
17
79
133
40
13
102
6
59
68
80
129
125
102
98
34
137
99
25
127
101
95
119
106
132
5
123
3
52
143
75
56
16
99
118
70
78
132
40
46
109
107
62
55
33
45
87
124
94
45
89
22
21
118
111
103
36
30
2
66
144
31
9
111
19
6
44
81
109
69
135
137
85
39
106
8
63
101
58
33
67
117
49
117
47
65
2
17
115
115
71
