##Rat 7 Day 10
 ##rewards
62
51
129
##Vertices
104
65
130
29
19
123
2
76
128
87
25
70
20
3
114
17
35
135
41
22
90
88
75
71
115
73
11
134
136
78
116
7
84
61
54
85
102
101
98
59
141
101
32
136
13
135
143
92
2
77
96
9
10
116
132
144
120
3
29
112
46
111
84
107
33
97
66
121
33
40
7
44
6
22
60
131
52
19
63
76
8
24
21
72
26
45
34
35
92
59
117
103
40
106
79
24
137
132
53
117
9
89
112
138
140
144
120
131
39
119
73
137
55
121
111
81
49
99
81
110
103
113
58
53
1
11
142
15
87
43
16
94
75
6
138
5
30
51
124
105
108
61
4
52
12
95
49
43
139
63
129
88
31
100
56
83
57
82
97
58
18
127
126
98
57
20
95
65
96
123
129
15
102
36
119
93
30
12
28
42
14
26
82
104
91
140
28
60
142
14
78
34
91
114
130
93
99
55
21
125
139
42
94
115
54
44
89
13
68
16
69
122
64
80
62
10
17
8
39
126
36
23
47
127
48
83
80
67
106
69
90
133
51
109
71
45
67
1
38
23
74
70
72
50
5
25
86
100
118
124
107
4
134
133
105
37
50
48
122
141
125
86
68
109
41
118
108
74
38
77
128
27
37
113
64
85
27
56
47
66
32
31
110
18
46
143
62
79
103
75
38
91
114
96
69
74
86
86
66
140
67
100
29
11
134
27
82
19
63
122
91
116
102
132
36
114
45
61
52
32
24
83
121
68
113
6
110
25
85
73
107
60
32
106
83
116
104
43
14
16
82
140
77
135
20
103
69
35
5
106
24
144
119
7
3
4
128
42
108
19
44
39
81
117
46
22
135
89
118
13
124
101
76
125
92
53
16
31
10
81
73
130
27
23
26
34
123
88
26
68
47
108
138
136
46
109
61
22
138
136
94
90
118
40
89
84
64
90
105
141
74
98
9
142
111
1
37
44
17
144
59
33
98
1
93
39
58
120
143
87
51
45
36
6
65
53
137
71
28
129
56
17
62
124
41
21
142
79
105
80
99
128
18
112
64
96
50
51
25
110
54
63
66
18
95
78
65
70
129
88
50
11
126
119
87
134
102
29
8
47
9
137
35
40
43
3
28
139
123
13
62
133
7
42
37
15
55
33
49
58
67
57
132
10
71
2
101
48
139
49
72
38
34
109
131
115
99
30
75
115
2
70
97
120
131
133
95
127
113
20
14
77
5
41
85
130
111
76
78
104
55
57
112
30
48
4
12
126
79
121
127
60
72
80
15
8
122
52
125
92
12
56
31
93
59
23
107
54
94
100
21
141
97
117
84
143
12
11
10
9
21
20
8
7
6
5
4
3
2
1
13
14
26
25
37
38
39
40
52
53
41
42
30
31
43
55
67
68
69
81
82
70
58
59
47
46
34
35
23
24
36
48
60
72
84
96
95
107
108
120
132
144
143
142
141
129
130
131
119
118
117
105
104
92
91
90
102
103
115
116
128
127
126
125
124
136
137
138
139
140
141
142
130
118
106
94
93
105
106
94
82
83
71
70
69
57
45
44
56
55
54
66
65
77
78
79
80
68
56
57
58
46
45
33
32
44
43
31
19
18
17
29
28
16
15
27
39
51
50
49
61
62
74
73
85
86
98
97
109
110
122
121
133
134
135
123
111
112
113
101
100
88
76
64
63
75
87
99
111
112
100
101
89
88
76
64
52
51
50
49
61
73
74
62
63
75
87
99
98
86
85
97
109
110
122
121
133
134
135
123
124
136
137
125
113
114
102
114
115
127
126
138
139
140
128
129
117
116
104
103
91
92
93
81
80
79
67
66
78
90
89
77
65
53
54
42
30
18
19
20
32
33
34
22
21
22
23
35
47
59
71
83
95
107
119
131
143
144
132
120
108
96
84
72
60
48
36
24
12
11
10
9
8
7
6
5
17
16
4
3
15
14
2
1
13
25
37
38
26
27
28
40
41
29
144
132
120
108
107
95
96
84
72
60
48
36
24
12
11
23
22
10
9
21
33
45
44
56
57
69
70
82
81
80
79
91
103
102
114
115
116
128
129
117
118
130
131
143
142
141
140
139
138
137
125
124
136
135
134
133
121
109
97
98
110
122
123
111
99
100
88
89
77
65
64
76
75
87
86
74
62
50
38
37
49
61
73
85
97
109
110
111
112
113
101
100
112
113
114
126
127
115
103
104
105
93
92
80
68
67
55
54
66
78
90
91
92
104
116
117
105
106
94
93
81
82
83
71
59
58
46
47
35
34
33
32
20
8
7
19
18
6
5
17
16
4
3
15
14
2
1
13
25
26
27
39
51
52
40
41
42
43
31
30
29
28
27
39
40
52
53
41
42
43
44
32
20
8
7
6
18
19
31
30
29
28
16
17
5
4
3
15
14
2
1
13
25
26
38
37
49
50
51
63
64
63
75
74
62
61
73
85
86
98
99
87
88
76
77
89
101
102
90
78
79
67
66
65
53
54
55
56
68
69
70
71
83
95
94
106
118
119
107
119
131
130
129
128
127
126
125
124
123
122
121
133
134
135
136
137
138
139
140
141
142
143
144
132
120
108
96
84
72
60
59
47
48
36
35
23
24
12
11
10
9
21
22
34
46
45
57
58
51
137
43
107
136
110
101
134
52
117
19
123
25
66
40
7
70
45
97
124
15
70
132
4
39
16
112
85
103
144
48
82
18
88
99
35
31
139
5
124
109
24
144
142
65
37
105
103
90
71
64
62
136
74
129
92
11
77
68
14
115
23
86
130
52
50
100
137
76
50
116
95
25
49
55
128
94
141
102
28
3
38
133
122
42
114
10
118
51
7
60
116
63
71
96
89
141
34
109
118
115
44
58
74
38
18
69
88
35
143
62
9
1
36
59
91
80
57
27
33
105
61
53
139
66
80
100
5
99
129
26
111
108
96
47
125
16
64
46
140
123
111
134
72
32
6
13
94
90
117
1
54
22
12
120
75
48
95
135
83
82
69
73
12
138
24
2
83
85
98
91
93
42
84
127
22
138
30
55
119
40
102
114
101
68
79
33
49
63
128
126
104
37
67
15
121
39
92
6
76
72
119
47
29
19
78
34
81
36
57
58
4
135
59
89
21
61
9
130
132
87
104
143
11
122
41
31
121
112
21
20
142
125
79
108
86
113
60
3
140
17
13
17
45
56
78
14
106
84
97
23
131
27
30
98
41
56
32
113
43
29
44
53
73
8
110
67
28
20
46
75
126
107
8
87
127
26
131
77
65
106
93
10
120
2
54
81
133
47
115
96
84
51
11
39
79
6
109
141
105
125
113
40
111
98
10
21
85
56
1
71
123
78
26
110
56
53
31
97
16
9
136
76
133
88
50
49
3
121
97
73
111
114
143
118
129
92
70
128
65
59
119
34
26
28
104
53
18
47
30
139
71
127
122
135
25
92
102
14
139
83
7
32
86
25
59
66
16
123
20
32
77
19
136
128
58
23
45
121
95
115
57
100
131
42
125
15
52
140
24
117
75
64
65
135
91
52
57
109
20
129
42
106
72
80
39
106
81
77
13
101
58
91
55
120
38
86
29
142
87
103
107
62
133
138
138
113
81
46
122
131
7
96
130
35
37
5
137
126
27
137
94
132
50
103
43
64
17
112
144
29
10
94
132
63
4
22
33
55
1
12
89
67
38
67
119
90
41
62
118
4
8
120
104
99
48
28
70
130
116
41
13
74
141
23
143
112
36
40
35
69
108
80
73
60
12
83
127
2
18
30
90
3
11
79
15
88
124
114
124
134
36
93
144
63
78
27
105
8
61
37
72
54
98
95
100
87
9
74
44
82
48
101
110
6
44
49
31
24
142
75
93
69
2
60
34
22
51
102
108
33
14
17
126
99
61
21
116
107
76
68
46
85
82
66
84
54
68
117
134
19
140
89
45
5
43
1
2
3
4
16
17
5
6
7
8
9
10
11
12
24
23
35
36
48
47
46
45
57
56
44
43
31
30
42
54
66
65
64
76
75
63
51
50
38
39
27
26
14
13
25
37
49
61
73
85
86
98
97
109
121
133
134
135
136
124
123
122
110
111
112
100
101
89
90
91
103
102
114
113
125
126
127
128
129
141
140
139
138
137
136
135
123
111
99
87
88
100
99
87
75
74
62
63
64
52
40
41
53
54
55
67
68
80
79
78
77
65
53
52
51
39
40
28
29
41
42
30
18
19
20
32
33
21
22
34
46
58
59
60
72
71
83
84
96
95
107
108
120
119
131
132
144
143
142
130
118
117
116
104
105
93
81
69
70
82
94
106
118
117
105
104
92
93
81
69
57
58
59
60
72
84
83
71
70
82
94
106
107
95
96
108
120
119
131
132
144
143
142
130
129
141
140
128
116
115
103
115
114
126
127
139
138
137
125
124
112
113
101
102
90
89
88
76
77
78
66
67
79
91
92
80
68
56
55
43
31
19
18
17
29
28
27
15
16
15
14
26
38
50
62
74
86
98
110
122
134
133
121
109
97
85
73
61
49
37
25
13
1
2
3
4
5
6
7
8
20
21
9
10
22
23
11
12
24
36
48
47
35
34
33
45
44
32
133
121
122
123
111
110
109
97
85
86
74
73
61
62
63
51
50
49
37
38
39
27
15
14
26
25
13
1
2
3
4
5
17
18
30
29
41
40
52
64
65
77
78
90
89
88
76
75
87
99
100
112
124
125
137
136
135
134
133
121
109
110
98
99
100
101
113
114
102
103
115
127
128
140
139
138
126
114
115
116
104
105
117
118
119
131
130
129
141
142
143
144
132
120
108
107
95
96
84
72
60
59
71
83
82
70
69
57
45
33
34
35
36
48
47
46
58
70
82
94
106
105
93
81
80
92
91
79
67
66
54
42
43
55
56
68
69
57
58
46
34
22
23
24
12
11
10
9
8
7
6
5
4
16
28
40
39
51
52
53
41
42
30
31
19
20
32
44
45
33
21
20
21
22
23
24
12
11
10
9
8
7
6
18
19
31
32
44
43
55
56
68
67
79
80
81
93
92
91
90
102
103
104
116
117
118
106
94
95
83
71
59
47
35
36
48
60
72
84
96
108
107
119
120
132
144
143
131
130
142
141
129
128
140
139
127
126
138
137
125
124
136
135
134
122
123
111
112
113
101
89
77
78
66
54
53
65
64
63
62
74
75
76
88
87
86
98
97
85
73
61
49
50
38
37
25
26
14
13
1
2
3
15
27
28
29
17
16
117
83
133
132
126
27
23
6
72
120
108
130
3
65
75
96
4
137
62
93
131
45
129
89
128
29
68
37
59
111
1
102
16
40
136
34
144
7
144
47
20
13
123
13
104
36
72
49
88
41
123
30
63
137
46
63
19
112
115
27
38
143
49
91
28
131
100
139
84
21
33
135
70
15
133
16
140
94
99
132
18
140
111
58
74
56
86
23
73
97
76
141
80
50
62
31
67
2
83
35
84
43
24
118
53
142
64
56
58
105
103
47
46
61
108
39
117
92
37
52
77
114
10
41
143
95
93
135
106
10
42
45
110
8
98
90
138
116
5
75
28
48
14
88
109
35
11
106
124
66
113
7
79
69
40
77
85
97
125
124
121
82
38
71
80
26
3
25
101
65
64
107
51
95
2
122
61
30
9
60
8
66
125
130
25
81
5
57
32
36
42
17
94
104
119
89
103
98
43
78
142
127
14
34
128
53
44
69
52
11
118
54
54
110
33
102
114
116
90
101
91
22
12
109
138
6
22
126
87
127
85
96
86
112
1
76
122
73
121
24
68
139
100
55
115
50
12
74
9
120
70
71
141
67
136
18
60
39
129
4
17
29
20
105
87
48
82
26
107
79
51
44
99
59
31
57
32
119
78
81
134
55
92
21
19
113
15
134
131
119
5
143
20
80
113
102
81
129
88
22
66
143
57
98
62
142
77
104
138
138
133
75
135
48
144
9
134
17
66
1
8
9
62
102
67
10
32
44
128
74
63
90
116
32
54
76
51
18
132
15
45
95
4
92
14
127
85
50
116
129
137
70
123
115
141
108
36
132
37
16
21
113
80
69
2
120
27
15
46
2
96
71
14
26
112
45
19
93
127
115
136
141
103
88
13
95
120
100
79
16
24
109
98
106
41
47
101
103
73
31
133
19
123
40
69
126
81
41
49
28
55
139
60
122
139
13
82
130
68
114
71
84
48
110
36
78
101
107
131
97
86
50
53
11
121
67
136
29
39
85
82
124
99
144
105
87
34
77
109
35
122
107
64
39
140
3
118
87
111
65
89
83
42
134
124
53
43
7
49
8
105
54
114
35
94
126
104
68
73
117
130
38
75
20
28
33
61
37
60
74
142
118
55
106
4
21
58
23
3
46
57
56
27
93
128
125
5
61
140
18
91
94
58
30
137
31
70
42
119
76
108
78
22
12
97
90
92
72
91
34
111
52
7
59
43
24
33
63
89
25
72
79
6
99
112
135
121
29
38
30
6
110
26
125
86
23
11
56
64
117
10
25
65
40
47
44
12
84
96
59
17
51
83
52
100
1
144
143
142
130
118
106
107
95
83
71
72
84
96
108
120
119
131
132
120
108
96
84
83
82
94
93
81
80
68
67
55
54
53
65
77
78
79
91
103
115
114
113
125
126
138
137
136
135
123
111
112
124
136
137
138
139
140
141
129
117
116
128
127
115
116
104
105
93
92
80
79
67
66
54
42
43
44
45
57
58
59
47
46
34
35
23
22
21
9
8
20
32
31
19
7
6
18
17
29
41
40
28
27
26
25
13
1
2
14
15
3
4
5
6
7
8
9
10
11
12
24
36
48
60
72
71
70
69
68
56
55
43
42
30
29
41
40
39
38
50
62
63
51
52
64
76
75
74
73
85
86
87
88
89
90
102
101
100
99
98
110
122
134
133
121
109
97
85
73
61
49
61
62
74
75
87
86
98
97
109
110
122
121
133
134
135
123
124
112
111
99
100
101
113
125
126
114
102
103
104
92
91
90
89
88
76
77
78
66
65
53
52
64
63
51
50
49
37
25
37
38
39
27
26
14
13
1
2
3
15
16
28
16
4
5
17
18
30
31
19
20
21
33
34
35
23
22
10
11
12
24
36
48
60
59
47
46
45
33
32
44
56
57
58
70
69
81
82
94
106
105
117
118
130
129
128
127
139
140
141
142
143
144
132
131
119
107
95
1
13
25
26
14
15
3
2
1
13
25
37
49
61
73
85
97
109
110
111
123
135
136
137
138
139
140
128
129
141
142
130
131
132
120
108
107
119
118
117
116
115
127
126
114
102
103
104
92
80
81
69
68
67
79
91
90
78
66
65
64
52
51
50
38
39
27
28
29
17
5
4
16
28
40
41
42
43
55
54
53
41
40
52
53
54
66
65
77
89
101
113
125
124
112
100
88
76
75
87
99
98
86
74
62
63
75
87
88
100
101
113
114
102
103
104
105
93
94
106
118
117
105
93
81
82
70
58
57
56
44
45
33
34
46
47
35
23
22
21
9
10
11
12
24
36
48
60
59
71
83
95
96
84
72
60
48
47
46
34
33
32
20
8
7
6
18
19
31
30
29
17
16
15
27
39
51
63
64
76
77
89
90
78
79
67
55
43
42
30
18
19
31
32
20
21
22
23
35
36
24
12
11
10
9
8
7
6
5
4
3
2
14
26
38
37
49
50
62
61
73
74
86
85
97
109
110
98
99
111
112
124
123
122
134
122
121
133
121
133
134
135
136
137
125
126
138
139
127
115
116
128
140
141
129
130
142
143
144
132
144
143
131
119
120
108
107
106
94
82
83
95
96
84
72
71
59
58
70
69
57
45
44
56
68
80
92
91
