##Rat 8 Day 28
 ##rewards
71
58
124
##Vertices
97
11
36
41
85
136
135
81
24
116
142
119
110
59
128
39
140
29
4
83
8
116
60
138
36
67
110
13
92
134
82
83
59
54
143
25
115
41
1
115
111
121
43
120
9
39
66
35
27
65
102
21
130
57
76
74
138
107
94
45
99
6
55
125
7
70
31
137
60
114
118
99
30
72
22
109
32
85
3
137
34
40
109
118
108
112
9
88
10
69
120
144
37
71
125
51
15
89
50
2
44
66
98
127
141
100
94
123
31
117
112
7
33
101
40
92
81
122
2
136
132
82
75
32
46
126
103
77
23
20
101
122
108
19
54
11
17
48
119
100
139
34
44
29
15
61
105
114
12
14
71
72
28
6
73
57
38
64
134
14
16
56
16
26
133
95
3
12
87
65
79
77
67
93
135
104
51
5
49
28
48
35
84
95
133
47
13
142
128
68
61
80
103
129
62
113
1
132
21
139
124
25
62
98
33
18
86
96
42
90
106
84
104
69
93
123
121
8
37
143
49
75
111
74
20
73
42
91
106
126
56
89
91
45
27
58
47
18
24
90
38
131
52
22
5
58
63
117
10
87
80
17
107
76
86
70
19
79
141
102
63
131
50
144
64
30
55
46
113
78
68
129
78
52
88
124
97
53
140
53
96
23
130
43
105
4
127
26
90
94
133
110
125
17
30
70
80
140
49
68
48
78
7
2
12
82
77
64
16
83
120
23
20
29
79
3
81
15
104
124
88
44
71
75
48
107
114
10
41
124
119
57
32
36
83
112
135
35
84
136
97
5
24
21
91
10
8
77
109
61
70
18
127
28
90
84
144
9
66
41
137
40
60
33
121
56
26
114
65
117
55
59
122
120
22
58
131
3
126
52
80
135
125
47
130
38
63
50
37
91
122
66
52
51
98
20
33
1
119
106
85
116
35
111
89
95
50
11
107
139
43
92
136
87
134
101
65
68
110
139
144
129
143
47
29
98
67
142
76
118
102
57
85
42
28
138
34
27
71
73
60
132
54
53
40
128
112
58
100
87
88
4
69
24
116
21
61
38
113
39
130
93
115
30
126
63
115
9
53
97
96
22
72
73
62
67
8
46
86
92
100
7
54
108
16
103
141
55
102
6
141
106
109
95
25
78
4
82
13
129
14
43
104
96
56
34
5
101
13
81
137
75
127
45
62
143
118
140
99
74
134
103
105
25
121
31
123
31
49
89
19
27
32
36
17
11
44
1
72
111
108
42
79
86
131
45
128
46
26
74
105
6
113
59
64
133
123
39
132
138
117
15
19
23
18
142
12
93
2
76
14
51
37
69
94
99
1
2
3
4
5
17
16
15
14
13
25
26
27
39
40
41
53
54
42
43
44
32
31
19
7
8
20
21
9
10
11
23
35
47
48
60
59
58
57
56
68
69
81
80
79
78
90
91
103
102
101
89
88
76
77
65
66
67
55
56
57
45
33
34
22
10
9
8
7
6
18
30
29
28
40
52
51
63
64
52
51
50
49
37
38
39
27
28
29
41
42
43
44
45
46
58
70
82
83
95
107
108
120
119
118
106
94
93
92
104
105
117
116
128
129
141
142
130
131
143
144
132
120
108
96
84
72
71
70
69
81
93
92
104
105
117
116
115
114
126
127
139
138
137
136
124
125
113
112
111
110
98
86
87
99
100
88
87
75
74
73
85
97
109
121
133
134
122
123
135
136
124
123
135
134
133
121
122
110
109
97
98
99
111
112
100
101
89
90
102
114
113
125
137
138
126
127
115
103
91
79
80
68
67
55
54
53
65
66
78
77
76
64
63
75
74
86
85
73
61
62
50
62
61
49
37
38
26
25
13
1
2
14
15
3
4
16
17
5
6
18
30
31
19
20
21
22
23
11
12
24
12
24
36
35
36
48
60
72
84
96
95
107
119
131
132
144
143
142
141
140
139
140
128
129
130
118
106
94
82
83
71
59
47
46
34
33
32
12
11
10
9
8
20
21
22
23
24
36
35
34
46
45
44
56
55
43
42
41
29
30
18
6
5
17
16
4
3
2
14
26
38
37
49
50
51
52
53
65
64
76
77
78
79
91
90
102
103
104
92
93
81
80
68
67
66
54
53
52
40
28
27
15
3
4
5
6
7
19
31
32
33
45
57
58
70
69
57
58
59
60
48
47
46
34
33
32
44
43
42
41
40
39
51
63
75
74
86
98
97
109
110
111
99
87
88
89
101
100
112
113
125
124
136
135
123
122
134
133
121
109
97
85
73
61
62
63
64
76
88
89
101
100
112
113
114
115
127
126
138
139
140
141
129
128
116
117
118
119
107
95
94
106
105
93
94
82
83
84
96
108
120
132
144
143
131
130
142
141
129
130
142
143
144
132
131
119
120
108
107
106
118
117
105
104
92
91
103
115
116
128
140
139
127
126
114
102
90
78
77
65
66
54
55
56
68
67
79
80
81
69
70
82
83
95
96
84
72
71
59
71
72
60
48
47
35
36
24
12
11
23
22
10
9
21
20
8
7
19
31
30
18
17
16
15
14
2
1
13
1
13
25
26
25
37
49
61
73
85
86
98
110
122
121
133
134
135
136
137
138
137
125
124
123
111
99
87
75
74
62
50
38
39
27
28
29
98
106
118
4
26
50
60
22
13
43
80
105
54
144
113
51
129
112
78
24
66
125
92
2
24
133
47
120
15
48
32
3
132
5
121
65
52
90
140
87
92
108
101
143
136
88
23
33
61
18
20
6
76
140
94
2
55
36
62
106
84
79
70
12
67
141
10
7
82
21
60
59
117
144
101
125
69
103
42
93
59
123
131
135
99
109
135
30
133
137
85
18
66
110
35
16
25
9
124
141
117
124
111
33
95
53
137
79
58
114
123
73
130
29
1
19
114
127
131
85
38
3
11
14
102
104
94
138
80
39
30
73
113
13
21
8
86
23
83
27
120
45
115
48
9
107
44
126
11
14
46
70
29
5
82
47
91
56
111
12
100
104
46
6
17
138
28
50
142
15
72
20
95
116
108
27
28
26
39
89
127
103
31
81
134
109
25
86
74
55
75
52
143
121
37
78
112
53
38
71
41
57
40
97
75
64
67
77
87
40
43
97
22
41
58
89
42
83
68
116
128
10
45
122
71
35
34
63
132
7
126
128
61
110
51
16
62
91
134
142
36
65
84
119
136
122
139
37
100
96
74
63
105
57
76
93
54
102
64
49
96
88
8
17
1
107
119
32
72
44
130
49
81
4
99
118
77
68
115
139
90
19
129
69
34
56
98
31
111
45
116
106
24
96
35
48
2
53
51
118
140
66
83
108
45
101
74
17
112
137
129
65
104
121
108
84
1
46
6
119
49
86
12
95
125
133
21
141
68
2
50
69
124
138
12
66
61
80
63
70
132
131
5
13
19
135
59
72
21
71
76
130
85
93
91
91
112
37
75
62
85
73
47
58
121
133
15
23
86
88
4
50
95
139
18
137
14
118
60
10
100
16
15
62
32
78
126
25
80
139
110
98
17
143
100
129
88
113
43
13
134
39
69
144
74
120
67
109
34
26
126
40
98
33
132
99
110
123
140
75
27
22
81
32
97
68
58
127
53
89
20
106
123
37
52
4
90
79
31
7
56
43
42
56
57
38
18
38
51
115
10
57
81
67
92
64
11
20
55
99
1
83
122
131
124
6
52
125
42
41
103
35
94
103
71
96
36
3
138
3
104
116
135
142
61
141
70
105
30
94
111
105
59
39
29
102
28
9
97
29
9
113
72
120
115
65
14
134
102
23
144
119
93
8
77
127
76
117
55
33
60
82
19
8
30
90
107
109
54
143
22
77
41
78
114
48
25
101
31
92
114
73
40
44
36
89
122
28
82
54
7
27
117
79
47
87
26
128
44
49
84
24
87
136
142
46
34
11
128
5
64
107
130
16
136
63
133
134
135
123
122
110
109
97
98
99
100
88
87
75
63
62
74
86
85
73
61
49
37
25
26
14
13
1
2
3
4
5
17
29
28
16
15
27
39
40
41
53
52
64
65
66
54
42
30
18
19
31
32
44
43
55
67
68
56
57
45
33
34
22
10
11
12
24
23
35
36
48
60
72
84
83
71
70
82
94
93
81
80
79
78
77
76
88
89
90
91
92
104
103
115
114
102
101
113
125
126
127
128
116
117
129
141
142
130
118
119
131
132
144
143
142
141
140
139
138
137
136
124
112
111
99
87
75
76
77
65
64
63
51
50
38
37
25
26
27
28
29
30
31
32
20
8
9
21
33
34
46
47
59
58
70
69
81
82
94
106
105
93
92
91
103
104
105
106
107
108
96
95
107
95
96
84
83
71
72
60
48
36
24
12
11
10
9
8
7
6
18
17
16
15
14
13
1
2
3
4
5
6
7
19
20
21
22
23
35
47
59
58
46
45
57
69
68
80
79
78
66
67
55
56
44
43
42
54
53
41
40
52
51
39
38
50
49
61
62
74
73
85
86
98
110
111
112
100
101
89
90
102
114
113
125
126
127
115
116
117
118
119
120
108
120
132
144
143
131
130
129
128
140
139
138
137
136
124
123
135
134
133
121
122
121
109
97
144
132
131
130
142
141
140
139
138
137
136
135
123
124
112
100
101
89
88
87
75
74
73
61
49
50
38
37
25
26
14
13
1
2
3
4
16
28
40
41
53
52
51
39
27
15
3
4
5
17
29
30
42
54
66
65
64
76
77
78
90
102
103
115
114
113
125
126
127
128
116
104
105
106
94
95
96
84
83
71
72
60
59
47
48
36
24
23
22
10
9
8
7
6
18
19
20
21
33
45
57
69
70
58
46
34
35
36
48
60
72
84
96
108
120
119
107
106
118
117
129
141
140
128
116
115
103
91
79
67
68
80
81
82
83
71
59
47
35
34
46
58
70
69
57
56
44
32
31
43
55
54
66
78
90
102
101
100
99
111
110
122
121
109
97
98
86
85
73
61
62
74
86
85
97
98
110
109
121
133
134
133
134
122
123
135
136
137
138
139
127
126
114
113
125
124
112
111
99
87
88
89
77
76
75
63
62
50
49
37
38
39
51
63
64
65
53
52
40
28
27
26
25
13
1
2
14
15
16
17
5
6
7
19
18
30
29
41
42
43
31
32
20
8
9
10
11
12
24
12
11
23
22
21
33
45
44
56
55
67
68
80
79
91
92
93
105
117
129
130
118
119
131
143
142
143
144
132
120
108
107
95
94
82
81
93
92
104
133
42
9
107
1
35
20
115
38
16
49
77
52
61
7
102
111
140
10
5
4
66
141
106
13
14
26
53
45
126
39
91
76
104
32
137
85
83
19
17
104
90
33
112
67
30
79
86
42
105
84
130
99
51
82
43
111
64
98
72
6
128
50
120
82
131
26
44
129
71
36
37
39
18
1
78
64
124
50
70
97
81
101
45
117
30
67
101
29
94
69
8
131
125
100
73
46
74
24
105
54
134
119
109
122
25
36
65
113
58
143
99
98
8
61
113
43
132
77
127
118
75
114
108
103
23
132
14
63
137
19
23
141
75
28
20
27
83
31
87
79
58
72
18
41
130
122
138
76
27
97
114
121
136
135
96
56
115
94
133
92
139
144
89
6
31
78
144
138
100
74
60
118
11
80
112
92
63
88
121
3
127
71
55
84
59
90
40
12
2
123
142
44
17
126
51
55
37
48
116
139
34
108
62
57
25
7
68
53
88
95
66
47
46
49
21
59
123
24
125
116
33
54
81
9
32
106
57
34
93
93
96
28
110
140
22
40
16
69
15
65
2
85
95
119
120
12
48
70
62
13
3
89
52
117
91
87
128
86
103
109
15
110
73
80
10
142
129
135
21
41
38
136
35
107
11
22
134
4
68
47
29
56
124
60
5
102
143
1
62
17
42
80
117
61
32
72
3
20
130
118
24
97
49
58
35
34
48
20
69
117
11
14
23
114
85
123
43
100
38
15
39
16
72
44
24
45
33
13
121
10
73
11
22
8
25
67
28
77
53
45
102
89
64
119
32
131
9
41
64
127
137
94
37
15
21
8
71
101
86
120
76
125
142
55
2
96
62
23
91
28
77
118
19
135
57
49
78
103
135
57
50
61
96
111
115
2
90
3
141
42
29
113
33
63
60
93
143
7
70
74
52
129
40
55
93
18
136
112
18
39
48
99
128
104
31
100
82
133
91
1
14
76
110
36
116
88
19
109
46
98
99
128
29
87
103
13
119
87
51
30
83
16
71
110
140
138
66
109
75
4
34
68
79
107
74
124
75
105
137
120
134
56
138
88
140
83
37
6
106
104
54
122
43
7
73
56
27
115
82
143
125
50
95
116
80
46
122
123
133
21
5
95
26
131
132
130
12
65
79
112
41
59
94
144
6
31
68
59
139
36
47
65
53
38
69
92
126
142
98
5
25
51
134
58
105
52
107
108
9
144
47
113
54
114
136
108
70
126
81
30
124
127
132
102
60
67
84
63
10
35
111
40
86
81
139
27
141
26
129
78
101
106
44
92
66
90
4
121
97
17
12
22
84
85
89
133
121
122
123
135
136
137
138
139
140
141
142
130
129
117
105
104
92
93
94
82
83
84
72
60
59
47
48
36
35
23
24
12
11
10
9
21
33
45
44
56
57
58
46
34
22
10
9
8
20
32
31
43
55
67
68
69
81
80
79
91
103
102
114
115
116
128
127
126
125
113
101
100
99
87
86
85
73
74
62
61
49
50
38
37
25
13
14
15
3
4
5
6
7
19
18
17
16
28
40
52
64
63
51
39
27
26
25
37
49
61
73
85
97
109
110
98
99
111
112
124
136
137
125
113
114
102
90
78
66
65
77
76
75
74
62
50
38
26
27
39
51
63
64
52
53
41
29
30
42
54
55
67
79
91
103
104
105
106
118
119
131
132
120
108
107
95
96
84
72
71
83
95
96
108
107
119
120
132
144
143
144
143
131
130
142
141
140
139
138
126
127
115
116
128
129
117
118
106
94
93
92
80
81
82
70
71
59
60
48
47
46
58
70
69
68
56
57
45
33
34
35
36
24
12
11
23
22
21
20
8
7
6
18
19
31
32
44
43
42
30
29
17
5
4
3
2
1
13
1
2
14
15
16
28
40
41
53
54
66
65
77
78
90
89
88
100
112
124
123
111
110
122
134
135
134
133
121
109
97
98
86
87
75
76
88
89
101
1
13
14
15
3
4
5
6
7
8
9
10
22
21
33
45
44
56
57
58
70
71
72
84
96
95
107
108
120
119
131
132
144
143
142
141
129
117
105
104
92
93
94
106
118
130
142
141
140
128
116
115
103
91
79
80
81
69
68
67
55
43
42
30
31
32
20
19
18
17
29
41
40
39
51
50
49
61
62
74
73
85
86
98
97
109
121
122
123
135
136
137
138
139
127
126
125
124
112
100
88
76
75
87
99
111
110
109
97
85
73
61
49
37
25
26
38
39
27
28
16
4
5
17
29
30
42
54
66
78
77
65
64
63
62
74
86
98
110
111
99
87
75
76
88
89
101
113
114
102
90
91
79
67
55
43
44
45
46
34
35
23
24
36
48
47
59
60
72
84
83
71
59
60
48
47
35
36
24
12
11
12
11
23
22
10
9
8
7
6
18
19
31
32
20
21
33
34
46
58
57
56
68
69
70
82
83
95
96
108
107
106
94
82
81
80
92
93
105
117
118
119
120
132
144
143
131
130
129
128
140
139
138
126
127
115
116
104
103
102
114
113
125
137
136
135
134
133
121
133
134
122
123
124
112
100
101
89
90
78
77
65
66
54
53
52
40
28
16
15
27
26
14
2
3
2
1
13
25
37
38
50
51
63
64
52
53
41
