##Rat 6 Day 48
 ##rewards
83
94
16
##Vertices
90
26
137
77
137
69
81
138
131
132
46
74
125
40
34
119
68
20
63
115
64
59
3
47
82
70
70
39
22
62
95
97
109
124
15
95
106
41
2
91
112
138
66
134
132
102
110
127
50
128
53
99
110
98
6
49
43
71
47
140
82
105
93
142
4
58
105
18
144
58
52
18
85
117
83
136
35
56
5
53
116
139
124
67
109
33
92
98
97
101
118
108
54
129
11
126
49
94
123
102
88
89
114
73
19
104
22
135
57
117
14
85
144
48
108
24
14
37
59
115
75
57
74
10
80
23
72
45
60
24
45
61
31
84
101
5
51
31
62
55
121
30
23
7
111
28
71
135
77
99
29
131
86
63
33
20
1
136
76
19
114
140
48
86
87
35
127
42
96
120
16
141
36
107
93
1
116
28
96
7
12
39
122
27
8
139
113
103
69
44
90
13
26
126
88
103
6
54
94
100
41
50
133
120
29
143
141
106
30
8
11
64
32
83
68
16
107
119
89
25
73
133
17
130
55
36
56
112
100
129
84
52
122
65
13
128
9
38
37
111
34
51
42
61
81
10
142
92
123
104
21
79
113
4
118
143
79
72
66
32
3
40
17
121
76
43
60
78
80
91
46
125
21
15
75
78
65
38
27
9
130
2
44
87
25
12
134
67
71
86
119
41
79
73
24
65
19
93
64
143
87
117
66
93
75
10
36
47
92
60
91
39
53
113
2
129
21
32
45
141
137
139
104
81
30
18
109
86
100
23
83
90
78
78
20
98
74
58
54
96
28
100
80
75
123
56
64
120
124
110
118
131
1
6
99
112
125
8
115
52
28
144
44
61
12
15
96
84
7
5
51
106
77
9
10
105
132
11
36
126
14
133
15
40
103
43
13
14
71
124
88
70
4
63
20
50
6
42
110
111
26
121
5
60
107
56
81
17
40
53
114
82
97
104
139
23
76
19
4
125
61
38
94
68
101
123
84
88
72
34
103
7
70
49
122
117
135
39
136
16
66
127
35
144
59
50
43
9
133
128
52
21
62
142
77
134
17
72
33
112
95
95
109
92
129
130
58
48
73
67
105
134
1
37
79
12
37
132
118
87
119
138
76
55
107
27
140
127
24
31
135
30
25
51
97
128
49
91
65
57
38
57
99
138
82
74
94
141
8
18
44
101
113
120
22
89
54
35
116
32
33
46
67
108
46
69
41
116
59
22
2
69
26
63
45
115
48
83
11
16
62
31
131
85
42
85
108
29
29
3
55
137
143
98
126
90
111
114
121
102
102
130
106
25
27
142
68
140
80
122
47
13
136
89
34
3
12
24
23
22
10
11
12
24
36
35
47
59
58
57
69
68
67
79
91
103
115
116
104
105
117
129
128
140
139
127
126
138
137
125
124
112
111
123
135
136
137
138
139
140
141
142
130
131
143
144
132
120
119
118
106
107
108
96
84
83
82
70
71
72
60
48
36
35
34
46
45
44
43
42
41
53
65
66
54
55
56
44
32
33
21
9
8
7
19
18
6
5
17
16
15
3
4
5
6
7
8
20
19
31
30
29
28
40
52
64
63
62
50
49
61
73
85
86
87
99
98
97
109
121
122
110
111
99
100
88
89
77
76
75
74
73
61
49
37
38
26
14
2
1
13
25
37
38
39
51
52
64
65
53
54
55
56
68
80
92
93
94
95
96
108
107
106
105
104
103
102
90
78
66
67
79
78
77
76
88
87
75
63
51
50
62
74
86
85
97
98
110
109
121
133
134
133
134
122
123
135
136
124
112
113
125
126
127
128
129
141
142
130
131
143
144
132
120
119
118
117
116
115
114
113
114
102
101
100
101
89
90
91
92
80
81
69
57
58
70
82
81
93
94
95
83
84
72
71
59
60
48
47
46
45
33
34
22
23
11
10
9
21
20
32
31
43
42
30
29
41
40
39
27
28
27
15
14
26
25
13
1
2
3
4
16
17
18
144
132
120
119
131
130
142
141
129
117
105
104
116
115
114
126
127
128
140
139
138
137
136
135
123
122
134
133
121
109
97
85
86
87
99
98
110
111
112
100
88
89
101
102
90
78
77
76
75
74
62
63
51
52
64
65
66
54
53
41
40
39
27
26
25
13
1
2
14
15
3
4
5
6
7
19
18
30
31
32
44
43
55
67
79
91
103
104
92
80
68
56
57
69
70
82
81
93
94
95
83
71
59
58
46
47
48
36
35
34
22
23
11
12
24
36
48
60
72
84
96
108
107
106
118
117
116
115
103
91
90
102
114
113
125
124
136
135
123
111
99
87
75
63
51
50
49
37
38
39
27
28
16
17
29
30
42
43
31
32
33
45
44
56
68
69
57
45
33
21
9
8
20
21
20
8
7
19
18
6
5
4
3
2
1
13
25
37
49
61
73
74
86
98
110
122
134
133
121
109
97
85
73
61
62
50
38
26
14
15
16
17
29
28
40
41
42
54
55
67
79
78
66
65
53
52
64
76
77
89
88
100
101
113
112
124
125
137
138
126
127
139
140
128
129
130
118
106
105
93
92
80
81
82
94
95
83
71
70
58
46
34
22
10
9
10
11
12
24
23
35
47
59
60
72
84
96
108
107
119
120
132
144
143
131
143
142
141
131
52
12
122
72
105
59
21
114
120
85
24
59
119
63
81
33
38
28
115
30
101
22
5
98
8
126
141
126
9
45
139
109
11
39
100
19
109
62
130
93
137
41
74
35
113
40
136
33
23
128
121
111
112
104
75
60
6
37
82
14
56
130
78
90
140
8
2
27
106
144
16
18
71
68
122
133
132
63
104
31
131
45
41
96
110
77
28
128
49
138
78
61
17
84
73
127
37
84
64
97
4
19
139
136
72
123
55
43
94
16
13
66
87
101
108
103
88
30
91
12
47
56
42
86
11
75
54
20
133
106
1
5
36
124
25
71
83
48
27
138
21
115
135
2
134
102
94
141
74
46
7
51
119
73
53
70
58
142
112
69
137
1
52
76
107
17
39
57
88
98
60
67
47
65
93
111
129
66
107
108
114
53
23
44
31
9
116
118
24
34
117
26
18
79
6
140
117
50
48
89
14
10
69
67
92
4
125
80
144
143
100
102
97
64
124
58
42
105
22
13
35
83
95
15
68
123
25
76
70
10
135
116
32
7
20
99
91
77
54
134
32
86
57
46
61
80
55
82
79
3
96
62
29
110
34
118
143
29
43
38
51
92
99
129
120
121
90
103
36
50
142
3
125
85
65
40
95
81
26
132
127
89
87
113
49
44
15
54
84
47
55
12
60
80
121
67
88
65
113
10
18
112
27
19
124
3
16
144
46
106
14
132
7
87
25
51
13
101
122
137
108
119
129
111
83
89
41
72
52
2
46
22
83
63
62
91
108
121
73
96
50
76
78
115
62
104
40
105
31
38
14
36
143
15
93
79
7
73
122
127
45
86
63
32
53
114
128
78
27
8
97
43
40
77
138
74
116
49
81
37
102
54
37
51
48
8
30
105
92
64
59
36
106
71
82
60
79
11
141
41
112
11
57
75
118
139
3
110
26
66
20
117
70
107
140
110
4
143
89
131
119
134
22
129
34
19
33
21
25
118
98
99
56
130
35
31
16
91
107
50
24
68
126
17
42
133
49
120
6
9
55
30
29
134
67
26
113
111
132
75
109
17
32
48
116
144
59
28
95
5
15
64
44
20
9
93
130
141
28
1
29
58
71
21
97
120
23
137
58
42
128
18
82
10
84
34
72
102
53
39
123
98
1
142
115
136
69
57
133
61
66
94
140
38
24
101
88
125
4
109
123
95
138
94
70
6
127
81
131
61
117
56
104
85
99
100
92
114
96
90
74
44
23
135
45
47
77
35
65
2
142
135
5
124
76
39
33
100
43
136
125
68
103
139
85
12
13
80
52
90
86
87
126
69
103
1
13
25
26
14
15
3
4
16
28
40
41
29
30
31
19
18
17
5
6
7
8
9
10
22
23
11
12
24
36
48
60
59
58
46
47
35
34
33
45
57
56
44
43
55
67
68
69
70
71
83
82
94
93
81
80
79
91
92
104
105
106
118
119
120
132
144
143
131
130
142
141
140
139
138
126
127
115
114
113
101
102
90
78
66
54
42
41
53
65
77
89
88
76
75
63
64
52
51
50
62
74
86
87
99
98
97
109
110
111
123
122
134
133
121
109
97
85
73
61
49
37
38
39
27
28
29
30
42
54
55
43
31
32
20
21
9
10
22
34
46
58
70
82
94
95
96
108
107
106
118
117
129
128
116
115
103
102
114
113
112
100
101
89
77
76
88
100
112
124
136
137
125
124
125
137
138
126
127
139
140
141
142
143
144
132
120
108
96
84
72
71
59
47
35
23
11
12
24
36
48
60
72
84
83
95
107
119
131
130
129
128
116
117
105
104
103
91
90
78
66
67
79
80
92
93
81
69
68
56
57
45
44
32
33
21
20
8
7
19
18
6
5
17
16
15
27
39
40
52
53
65
64
63
51
50
62
74
75
87
99
111
123
135
136
135
134
133
121
122
110
98
86
85
73
61
49
37
38
26
25
13
1
2
14
2
3
4
133
134
135
136
137
125
124
123
122
121
109
110
111
99
100
101
89
90
102
103
104
116
115
127
139
140
128
129
141
142
143
131
119
107
108
96
95
94
93
92
80
81
69
68
67
66
54
55
43
42
41
53
52
64
65
77
78
79
91
92
93
105
117
118
130
142
141
140
139
138
126
114
113
112
100
88
87
75
76
88
87
86
85
97
98
99
111
112
113
101
102
103
104
105
106
94
82
70
71
59
47
48
36
35
34
46
58
57
56
44
45
33
32
20
21
9
10
22
23
11
12
24
36
48
60
72
84
83
82
81
69
57
56
44
45
33
32
31
30
18
19
7
6
5
4
16
17
29
28
27
26
38
50
51
39
40
52
51
63
62
61
49
37
25
13
1
2
14
15
3
4
16
15
3
2
1
13
14
26
25
37
38
39
27
28
40
41
53
54
42
30
29
17
5
6
18
19
31
43
55
67
68
80
79
91
90
89
77
78
66
65
64
76
75
63
62
50
49
61
73
74
86
74
73
85
97
98
110
109
121
133
134
122
123
135
136
124
125
137
138
126
114
115
127
128
129
130
131
143
144
132
144
132
120
119
120
108
96
84
72
60
59
47
35
23
24
12
11
10
9
8
7
8
20
21
22
34
46
58
70
71
83
95
107
106
118
117
116
1
132
102
112
54
143
90
54
44
144
32
32
65
89
113
71
31
37
31
58
56
75
36
108
74
59
71
41
91
63
81
115
46
19
6
34
135
39
134
125
43
29
7
93
29
56
97
36
45
18
5
59
15
14
115
68
86
3
55
10
96
137
4
21
140
13
45
122
105
127
132
88
28
112
3
44
2
57
101
77
5
107
94
79
26
104
119
40
25
108
102
8
9
52
77
26
96
30
58
69
118
42
87
15
104
125
89
16
92
74
18
90
133
25
20
109
62
39
37
55
141
88
53
34
24
67
129
139
50
131
2
99
42
16
72
66
122
138
94
87
116
49
12
128
64
111
23
116
81
60
121
118
9
142
85
76
143
60
51
78
110
61
40
142
80
130
65
8
103
7
119
43
97
103
111
133
135
68
70
67
11
138
69
35
48
22
117
75
80
144
70
17
131
120
22
100
73
79
46
105
84
76
30
123
92
95
99
78
101
85
136
126
106
49
23
1
126
21
12
47
124
129
17
120
38
140
4
137
73
84
51
14
107
6
52
98
35
27
83
117
64
13
127
33
91
134
110
48
121
128
86
123
27
136
95
139
24
19
53
82
11
57
93
100
114
38
113
72
47
50
62
141
98
82
114
106
63
130
33
66
10
124
41
83
28
109
61
20
92
141
7
125
10
31
69
27
59
101
96
25
123
89
16
84
100
15
127
58
86
90
52
47
91
80
137
134
82
111
118
133
45
135
118
85
90
86
26
60
59
127
140
95
95
106
113
48
15
117
96
67
116
63
21
79
134
12
143
101
87
104
9
49
13
14
57
13
32
41
30
83
83
33
88
119
63
2
107
108
89
18
70
115
56
144
30
27
25
67
91
129
49
3
51
93
132
38
24
71
80
135
78
51
50
12
123
17
10
104
139
21
98
28
53
122
44
42
139
131
16
62
102
1
23
94
19
60
128
81
5
43
119
11
76
140
77
107
97
73
14
54
99
54
92
39
61
77
72
136
70
138
109
39
22
40
75
34
8
62
116
40
129
41
48
73
35
124
57
11
97
42
126
85
20
53
130
69
23
112
44
112
103
28
141
121
99
65
31
22
52
38
8
1
19
74
110
125
100
130
93
5
46
103
82
87
94
65
144
64
117
20
143
29
7
9
64
55
131
24
37
121
71
102
132
32
68
55
45
105
142
47
46
88
114
43
50
126
6
120
18
66
110
142
138
115
109
120
29
37
133
75
66
68
76
56
84
2
6
36
122
114
79
17
26
105
106
58
4
36
128
111
113
136
33
78
74
61
137
35
98
81
34
3
108
72
4
124
133
121
122
123
135
136
137
138
139
140
141
142
130
129
117
105
104
92
93
94
82
83
84
72
60
59
47
48
36
35
23
24
12
11
10
9
21
33
45
44
56
57
58
46
34
22
10
9
8
20
32
31
43
55
67
68
69
81
80
79
91
103
102
114
115
116
128
127
126
125
113
101
100
99
87
86
85
73
74
62
61
49
50
38
37
25
13
14
15
3
4
5
6
7
19
18
17
16
28
40
52
64
63
51
39
27
26
25
37
49
61
73
85
97
109
110
98
99
111
112
124
136
137
125
113
114
102
90
78
66
65
77
76
75
74
62
50
38
26
27
39
51
63
64
52
53
41
29
30
42
54
55
67
79
91
103
104
105
106
118
119
131
132
120
108
107
95
96
84
72
71
83
95
96
108
107
119
120
132
144
143
144
143
131
130
142
141
140
139
138
126
127
115
116
128
129
117
118
106
94
93
92
80
81
82
70
71
59
60
48
47
46
58
70
69
68
56
57
45
33
34
35
36
24
12
11
23
22
21
20
8
7
6
18
19
31
32
44
43
42
30
29
17
5
4
3
2
1
13
1
2
14
15
16
28
40
41
53
54
66
65
77
78
90
89
88
100
112
124
123
111
110
122
134
135
134
133
121
109
97
98
86
87
75
76
88
89
101
1
2
14
26
25
13
1
2
3
15
16
17
29
41
42
54
66
67
68
69
70
58
57
45
46
47
59
60
72
71
83
84
96
95
107
106
118
119
120
108
96
84
72
60
48
36
35
23
24
12
11
10
22
34
33
21
9
8
7
19
31
30
18
6
5
4
3
15
27
28
40
52
64
76
88
89
90
78
77
65
53
52
51
39
38
37
49
61
62
74
73
85
86
98
110
109
97
85
73
61
49
50
62
63
75
87
99
100
101
102
114
126
125
137
138
139
140
128
116
117
129
141
142
143
131
130
118
117
105
104
92
91
103
115
127
139
138
137
136
124
123
122
121
133
134
135
136
124
112
113
101
102
90
89
77
65
53
54
55
56
44
32
20
8
9
21
33
45
57
69
81
80
79
78
66
67
79
91
103
104
116
115
114
113
125
126
127
128
140
141
129
130
142
143
144
132
144
132
131
119
120
108
107
106
94
95
83
71
59
47
48
36
35
23
24
12
11
10
22
34
46
58
70
82
94
82
81
93
105
93
92
80
68
56
55
43
42
41
29
30
31
43
44
32
20
19
7
6
18
17
5
4
16
28
40
39
27
26
14
13
25
37
38
50
51
63
64
76
75
87
88
100
112
111
99
111
110
122
123
135
134
133
121
109
97
98
86
74
