##Rat 5 Day 36
 ##rewards
74
87
21
##Vertices
134
97
29
108
122
138
111
60
22
88
102
57
66
21
111
42
81
119
99
69
136
91
51
99
132
40
8
5
127
89
36
87
73
86
118
19
140
124
105
3
8
71
65
112
45
52
2
47
83
38
107
123
103
112
76
139
90
10
144
61
133
21
41
104
13
120
30
33
135
13
11
95
18
2
101
114
16
14
141
53
64
28
72
58
85
35
6
66
106
61
127
79
44
92
55
88
9
80
31
68
56
75
86
78
130
40
18
132
113
84
70
23
139
129
126
39
94
46
107
27
85
1
117
91
25
7
30
15
6
77
105
9
137
70
106
118
59
4
17
23
62
63
55
39
109
20
116
54
122
64
130
17
12
35
77
51
5
67
43
68
78
134
29
131
73
65
102
115
41
125
143
50
93
63
83
37
100
109
100
7
93
48
16
75
59
33
52
37
60
98
43
138
10
141
62
49
96
133
46
72
34
81
135
97
38
84
144
96
50
121
49
110
34
95
48
117
32
47
24
129
25
15
14
20
115
24
123
27
82
67
69
44
4
104
114
142
92
131
108
140
90
126
137
74
101
98
31
22
128
128
125
80
121
79
124
89
74
42
26
26
19
3
45
28
110
87
76
11
56
1
116
36
120
54
119
103
53
143
142
136
57
58
113
12
71
94
32
82
51
75
120
86
85
84
1
21
73
83
99
57
48
113
135
51
61
134
80
126
1
2
136
107
8
143
137
79
33
50
131
90
23
92
78
123
32
113
68
105
106
127
122
127
116
81
60
94
108
82
11
85
28
87
55
54
80
34
87
58
63
114
45
64
95
135
70
66
46
104
35
37
76
101
129
16
30
64
4
66
42
36
100
109
76
103
140
71
65
93
44
68
32
49
111
141
14
129
3
70
45
108
131
95
114
50
10
79
8
89
120
31
26
133
56
117
144
116
109
142
9
53
97
39
72
74
10
69
44
29
123
106
2
26
22
47
140
33
128
25
124
103
19
17
9
24
5
133
17
40
77
27
98
43
99
125
52
125
39
98
77
7
67
104
23
91
63
36
4
52
78
67
74
48
46
86
5
28
22
72
61
20
141
81
12
30
20
143
121
136
119
115
25
90
57
130
93
60
16
3
15
59
142
53
55
139
130
65
15
138
31
132
47
69
134
21
126
6
91
139
102
59
117
92
118
14
96
105
42
43
11
54
56
29
6
110
58
37
115
49
89
119
137
97
19
71
41
112
111
122
35
38
88
102
73
96
41
112
27
100
24
118
12
18
83
132
88
124
34
110
7
62
82
101
107
38
13
62
75
94
128
13
40
18
121
84
144
138
144
132
120
108
96
95
107
106
118
117
105
93
81
69
70
58
57
56
68
67
55
54
42
43
31
30
18
6
7
8
20
19
31
32
44
45
46
47
59
60
48
36
24
12
11
23
22
10
9
21
33
34
35
36
48
60
72
71
83
82
94
106
118
119
131
130
142
141
140
139
127
115
116
104
92
91
79
80
68
56
44
32
33
45
57
69
81
93
105
117
129
128
140
139
138
126
114
102
90
89
88
87
99
100
112
124
136
135
134
122
110
111
123
135
136
137
125
113
101
100
99
98
97
85
73
74
75
76
77
65
53
41
29
17
5
4
3
2
1
13
25
37
38
50
49
61
62
63
64
52
40
39
51
52
40
28
27
26
14
15
16
28
27
39
51
63
64
65
66
78
77
89
90
78
66
54
53
41
29
30
42
43
55
67
79
80
92
104
116
128
127
115
103
91
103
102
101
113
114
126
138
137
125
124
112
111
123
122
110
109
121
133
134
133
121
109
97
85
86
98
86
87
88
76
75
74
73
61
62
50
49
37
38
26
25
13
1
2
14
15
3
4
16
17
5
6
18
19
7
8
20
21
9
10
11
12
24
23
22
34
35
47
46
58
59
71
70
82
94
95
83
84
72
84
96
108
107
119
120
132
131
130
129
141
142
143
144
143
12
11
10
22
23
35
36
24
12
11
10
9
8
7
6
5
4
3
15
27
26
25
37
49
61
73
85
86
98
97
109
110
122
134
135
136
124
123
111
99
87
75
74
62
63
64
76
88
89
90
102
103
91
79
78
77
65
66
67
55
43
44
32
20
21
33
34
46
58
59
60
48
47
46
45
57
69
81
80
68
56
57
45
44
56
68
67
55
54
53
52
51
50
38
39
40
41
42
30
29
28
16
17
18
19
31
30
29
41
40
52
51
63
64
76
88
100
101
113
112
111
99
100
101
102
114
115
116
104
92
93
105
106
118
117
129
130
131
119
107
108
120
132
144
143
142
141
140
128
127
126
125
137
138
139
140
141
129
117
118
106
94
95
96
84
72
71
83
82
70
58
59
47
35
34
33
32
31
43
42
54
53
65
66
78
79
80
81
69
70
71
83
82
94
95
107
119
131
130
142
143
144
132
120
108
96
84
72
60
48
36
24
23
22
21
9
8
20
19
7
6
18
17
5
4
3
15
16
28
27
39
38
26
14
13
14
2
1
2
1
13
25
37
49
50
62
61
73
74
75
87
86
85
97
98
110
109
121
133
134
133
121
122
123
135
136
124
112
113
114
126
125
137
138
139
127
128
116
115
103
104
105
93
92
91
90
89
77
18
73
73
8
66
56
101
137
102
139
109
97
25
33
96
10
25
124
72
117
130
136
111
90
40
79
51
82
12
118
53
98
10
143
132
89
4
126
63
65
121
23
130
99
30
93
114
132
78
85
1
91
15
45
100
41
128
36
143
122
29
75
34
83
138
14
115
20
24
67
19
69
49
123
26
144
126
105
27
93
137
127
100
56
31
63
9
7
91
58
84
48
140
119
39
133
75
22
6
79
125
96
43
45
12
111
82
81
84
22
69
83
43
24
95
95
113
54
59
16
86
103
57
59
108
121
64
62
38
11
16
139
119
17
37
34
125
112
47
42
23
21
3
68
32
131
103
51
128
1
14
20
6
133
71
142
36
67
46
9
55
141
107
47
104
122
76
85
89
76
60
106
115
74
113
5
35
5
123
52
32
81
90
42
7
80
70
3
15
106
2
72
114
26
94
135
77
30
65
62
88
144
50
135
129
80
28
41
29
124
66
61
120
112
50
28
33
129
138
18
53
19
4
78
44
49
27
141
40
74
92
109
64
87
117
55
60
101
110
37
87
116
97
46
99
21
71
120
35
108
48
102
13
88
92
57
8
105
39
134
104
107
58
98
86
68
44
11
17
52
38
94
134
110
70
77
116
61
31
118
54
131
127
136
13
140
2
142
18
55
80
85
109
23
52
49
67
76
140
99
103
79
102
137
78
143
142
142
144
119
98
66
101
16
3
12
124
36
29
23
46
92
133
1
49
38
97
132
40
129
2
89
110
10
26
82
83
56
83
70
62
72
134
73
45
77
97
117
48
61
25
42
128
101
119
143
30
29
28
76
60
22
112
54
130
144
135
50
42
39
20
69
59
35
37
24
24
46
5
13
115
96
43
11
32
51
91
121
6
77
91
25
3
126
50
74
19
65
106
58
10
138
137
84
122
123
40
60
51
47
99
128
53
4
124
33
69
113
27
64
57
39
90
93
95
59
52
71
104
26
126
131
68
17
2
28
86
112
105
102
131
47
123
44
21
138
111
129
93
115
64
65
139
67
86
94
63
89
85
140
120
31
66
88
73
82
141
96
55
136
54
118
121
116
31
130
116
107
100
72
134
41
44
38
125
136
7
95
106
34
78
141
114
15
133
45
6
19
5
120
113
114
108
8
110
94
117
4
109
16
11
62
84
104
118
32
41
14
15
68
125
43
48
7
74
56
80
30
108
58
17
107
57
36
1
14
13
100
139
12
98
71
111
127
81
88
9
132
79
87
21
81
70
33
103
34
105
63
87
92
122
27
18
127
75
90
61
35
8
20
75
9
37
53
135
22
133
134
135
136
137
125
124
112
111
99
100
101
102
103
115
116
104
92
91
79
80
68
69
81
82
70
71
72
84
96
95
83
82
94
93
105
117
129
128
140
141
142
143
144
132
131
119
120
108
107
106
118
130
142
141
140
139
127
126
114
113
112
111
123
122
110
109
97
85
73
74
75
87
88
89
77
78
90
91
92
93
94
106
105
104
103
102
101
100
99
98
86
85
73
61
62
63
64
65
53
41
29
28
40
39
38
37
25
13
14
15
27
26
25
37
49
50
51
52
40
28
16
4
5
6
18
30
42
54
55
56
57
58
59
60
48
36
24
12
11
10
9
21
20
8
7
19
31
43
44
45
33
32
44
45
46
34
22
23
35
47
46
34
33
32
31
43
55
67
66
54
53
65
66
67
68
56
57
58
70
69
81
80
79
78
90
89
88
87
86
74
75
76
77
76
64
52
51
63
62
61
49
50
38
39
27
26
14
15
3
2
1
13
1
2
3
4
5
17
16
17
29
41
42
30
18
6
7
19
20
8
9
21
22
10
11
12
24
23
35
36
48
47
59
60
72
71
83
84
96
95
107
108
120
132
144
143
131
119
118
130
129
117
116
128
127
115
114
113
125
126
138
139
138
137
136
124
123
135
134
122
110
98
97
109
121
133
121
1
2
14
26
27
15
3
4
5
17
18
6
7
19
31
32
20
8
9
21
33
34
35
23
22
10
11
12
24
36
48
60
59
71
70
58
57
45
44
43
55
54
66
65
53
41
42
30
29
28
40
39
38
50
49
37
25
13
1
2
3
15
16
28
40
52
51
63
64
76
75
74
86
85
73
61
62
63
75
87
88
100
99
111
123
122
110
98
97
109
121
133
134
135
136
124
125
137
138
139
140
128
127
126
114
115
103
104
105
106
118
130
142
141
129
117
116
115
114
113
112
100
101
102
90
89
77
78
79
67
68
69
81
80
92
91
103
104
116
117
118
119
131
143
144
132
120
108
96
84
72
60
48
47
46
45
33
32
44
56
57
69
70
82
83
95
94
93
105
106
107
95
107
119
131
143
144
132
120
108
96
84
72
71
83
82
94
93
81
80
92
91
79
78
90
102
101
89
77
65
64
76
88
87
99
111
112
113
125
126
127
128
129
130
142
141
140
139
138
137
136
124
123
135
134
133
121
122
110
109
97
98
86
85
73
74
62
61
49
50
38
37
25
13
14
26
27
39
51
52
53
54
66
67
68
56
55
43
31
19
18
30
42
41
29
17
16
4
5
6
7
8
20
21
9
10
22
23
11
12
24
36
35
34
46
58
59
47
72
77
33
2
14
46
129
55
134
1
36
30
106
67
16
112
91
79
98
125
90
113
71
3
119
134
95
68
2
105
39
28
81
130
14
137
9
86
140
4
121
111
36
80
102
26
34
112
118
64
27
8
136
141
16
128
11
52
9
86
111
84
105
110
44
41
102
25
73
103
107
98
115
81
10
125
64
6
103
93
21
143
32
15
82
84
48
118
46
123
20
57
37
15
124
35
47
44
101
115
40
135
100
132
58
97
31
5
66
131
12
78
67
113
87
11
133
54
141
80
94
74
83
144
126
117
27
49
60
104
68
85
4
7
96
94
61
137
1
58
18
91
109
128
78
53
23
48
138
87
24
26
62
12
114
29
41
131
37
31
76
109
13
7
34
45
79
71
52
42
33
143
53
108
106
90
30
59
75
21
95
76
110
3
56
104
66
8
123
122
89
63
62
100
77
22
50
17
20
135
42
28
47
142
69
43
38
65
144
133
82
126
101
19
43
6
19
83
92
119
120
132
93
107
63
35
50
99
121
108
114
25
139
89
116
29
59
139
127
32
17
24
122
138
65
49
57
51
69
127
18
117
55
74
10
5
97
23
96
129
88
72
61
99
140
51
73
116
38
136
39
60
54
88
45
75
70
85
130
124
13
40
92
120
70
142
56
22
1
48
132
40
71
139
58
93
20
51
135
15
118
79
54
105
94
64
41
96
43
121
142
89
25
143
11
125
118
4
85
123
40
63
104
51
141
87
97
23
45
30
21
139
108
61
37
9
71
6
47
85
120
33
112
95
99
43
35
78
2
19
8
141
115
143
113
49
106
121
26
50
132
12
56
117
140
94
13
17
6
15
69
80
55
25
134
36
65
5
77
119
117
114
3
98
131
129
81
59
144
112
97
126
128
48
111
80
1
49
32
83
57
67
75
34
74
99
82
54
122
45
32
137
36
53
9
53
67
18
52
7
95
93
58
130
76
55
89
114
120
61
127
129
7
124
8
87
4
27
30
62
50
133
60
16
116
111
119
46
24
81
104
26
136
127
74
125
70
78
44
136
110
138
135
86
83
79
115
65
72
62
142
69
100
138
103
134
12
44
42
92
75
38
128
47
72
42
13
102
84
27
102
66
88
22
100
35
113
10
18
3
10
70
63
66
105
123
31
107
91
16
110
109
68
82
86
64
96
59
73
46
124
106
133
28
103
122
109
137
130
88
14
57
33
140
76
23
24
60
131
101
14
21
37
56
19
5
28
11
90
144
22
39
2
77
101
116
108
39
90
126
20
52
84
92
91
29
38
17
41
98
29
34
68
107
31
73
133
121
122
123
111
110
109
97
85
86
74
73
61
62
63
51
50
49
37
38
39
27
15
14
26
25
13
1
2
3
4
5
17
18
30
29
41
40
52
64
65
77
78
90
89
88
76
75
87
99
100
112
124
125
137
136
135
134
133
121
109
110
98
99
100
101
113
114
102
103
115
127
128
140
139
138
126
114
115
116
104
105
117
118
119
131
130
129
141
142
143
144
132
120
108
107
95
96
84
72
60
59
71
83
82
70
69
57
45
33
34
35
36
48
47
46
58
70
82
94
106
105
93
81
80
92
91
79
67
66
54
42
43
55
56
68
69
57
58
46
34
22
23
24
12
11
10
9
8
7
6
5
4
16
28
40
39
51
52
53
41
42
30
31
19
20
32
44
45
33
21
20
21
22
23
24
12
11
10
9
8
7
6
18
19
31
32
44
43
55
56
68
67
79
80
81
93
92
91
90
102
103
104
116
117
118
106
94
95
83
71
59
47
35
36
48
60
72
84
96
108
107
119
120
132
144
143
131
130
142
141
129
128
140
139
127
126
138
137
125
124
136
135
134
122
123
111
112
113
101
89
77
78
66
54
53
65
64
63
62
74
75
76
88
87
86
98
97
85
73
61
49
50
38
37
25
26
14
13
1
2
3
15
27
28
29
17
16
1
2
3
15
27
39
38
50
62
74
73
61
49
37
25
26
14
13
25
37
49
61
62
63
51
52
64
65
77
78
90
91
92
80
68
67
66
54
42
30
31
32
20
19
7
8
9
10
22
34
33
21
9
8
7
6
5
4
16
28
29
17
18
30
29
41
40
52
53
65
66
78
79
91
103
102
101
100
88
87
86
98
99
111
110
122
123
124
136
137
125
113
114
126
138
139
127
128
116
104
105
117
118
119
120
132
144
143
131
130
142
141
140
139
138
137
136
135
134
133
121
109
97
85
73
74
75
76
77
89
90
102
103
115
116
104
105
106
107
95
83
82
94
93
81
69
70
71
72
60
59
58
57
56
55
43
44
45
46
47
35
23
11
12
24
36
48
60
72
84
96
84
83
71
70
58
59
47
48
36
35
23
24
12
11
10
22
21
33
34
46
45
44
32
20
19
31
43
42
41
53
54
55
56
57
69
68
67
79
80
92
93
81
82
94
95
96
108
120
108
107
106
118
119
131
132
144
143
142
130
129
117
129
141
140
128
127
115
114
126
125
124
112
111
110
122
123
135
134
133
121
109
97
85
86
98
99
100
112
113
101
89
88
87
75
76
64
63
51
39
40
28
27
15
16
17
18
6
5
4
3
2
1
13
14
26
38
50
