##Rat 2 Day 47
 ##rewards
18
29
107
##Vertices
144
143
142
141
129
117
116
128
140
139
138
137
136
124
125
113
112
111
99
98
110
122
121
133
134
135
123
111
99
100
101
102
114
115
127
126
138
139
140
141
142
130
131
132
120
108
96
84
72
71
59
60
48
36
24
12
11
10
22
21
9
8
7
6
18
19
20
32
44
56
57
69
70
82
83
95
107
119
118
106
94
93
105
104
103
91
92
80
68
67
66
54
42
30
29
41
53
65
77
76
88
87
86
85
73
61
49
50
51
63
62
74
75
87
88
89
90
78
79
91
103
104
92
93
81
82
70
58
46
47
35
34
33
45
57
58
46
45
44
43
55
54
53
52
64
76
75
63
64
52
40
28
16
15
27
26
25
37
38
39
40
41
29
17
5
4
3
2
14
13
1
13
1
2
14
15
3
4
16
28
27
26
25
37
38
39
51
50
49
61
62
74
73
85
86
98
97
109
97
109
110
122
121
133
134
135
123
124
136
137
125
113
112
100
101
89
77
65
66
67
55
56
68
69
81
80
79
78
90
102
114
126
127
115
116
128
129
130
131
143
144
132
120
119
118
117
105
106
94
95
107
108
96
84
83
71
72
60
59
47
48
36
24
23
35
34
33
21
20
32
31
43
42
30
31
19
18
17
5
6
7
8
9
10
22
23
11
12
12
24
36
48
47
46
58
59
60
72
84
96
108
107
95
94
106
118
117
129
130
131
143
144
132
120
119
118
117
105
93
81
82
70
71
83
84
72
60
48
36
35
23
11
10
9
8
7
6
18
17
5
4
3
2
1
13
25
26
38
37
49
61
73
74
62
50
51
52
53
41
42
30
31
19
20
21
22
34
33
32
44
45
57
69
68
56
55
54
66
78
77
76
75
87
88
89
90
91
103
104
116
128
140
139
138
137
125
113
114
126
127
115
116
104
92
80
79
67
68
69
57
56
44
43
31
30
29
28
16
15
27
39
40
41
29
28
40
52
64
65
77
89
101
102
103
115
114
102
101
100
99
98
110
111
123
135
136
124
112
100
88
87
86
85
97
109
121
122
134
133
134
133
121
122
110
109
97
98
99
111
123
135
136
124
112
113
125
137
138
126
127
139
140
128
129
141
142
141
142
130
131
143
144
132
120
119
107
108
96
95
94
106
105
93
92
91
90
78
66
65
53
54
42
43
55
67
79
80
81
82
83
71
70
58
59
47
35
23
24
12
11
10
22
34
46
45
33
32
20
21
9
8
7
19
18
6
5
17
16
4
3
2
14
15
27
39
38
50
51
63
64
76
75
63
62
74
86
85
73
61
49
37
25
26
14
13
1
124
97
39
90
55
127
61
30
95
73
16
104
12
122
97
131
13
120
36
24
30
133
58
17
110
40
125
56
87
42
77
113
46
116
92
91
15
96
78
107
72
104
2
47
5
50
8
115
64
84
83
121
94
33
52
64
71
39
33
38
17
52
2
72
55
51
113
142
99
133
123
54
51
69
103
103
43
46
136
6
29
78
6
81
68
63
15
86
138
86
62
63
1
26
144
49
126
34
111
4
73
7
124
7
18
67
50
89
119
35
76
139
59
40
129
96
38
85
114
22
98
100
27
23
65
138
14
37
12
102
80
16
3
34
69
5
60
109
137
105
135
29
14
127
8
128
32
62
93
134
10
129
108
100
117
28
112
59
67
79
19
35
57
95
120
71
11
143
21
123
44
125
68
139
20
143
98
108
54
84
140
10
49
83
115
79
42
118
70
53
134
99
48
31
20
27
57
60
118
1
109
66
116
53
89
23
77
70
142
32
45
128
132
56
44
80
141
9
48
81
82
112
87
25
137
93
144
37
101
105
119
88
61
126
110
140
101
26
76
4
88
111
131
106
130
41
31
11
45
74
121
85
132
114
141
13
43
74
41
9
94
58
75
107
36
91
28
22
19
66
122
18
65
25
102
21
106
75
90
47
24
92
117
136
130
135
82
3
125
80
57
136
97
99
82
81
39
10
11
26
137
5
44
73
61
121
87
74
115
134
130
2
84
81
117
84
63
52
22
31
27
109
133
45
91
8
95
20
135
31
49
126
67
63
130
112
110
96
114
61
139
72
23
140
59
95
22
48
121
116
46
4
50
6
142
34
6
37
14
12
30
141
87
83
129
60
102
72
18
123
64
127
33
32
85
43
105
113
54
69
44
138
120
124
29
8
77
98
76
136
86
113
18
60
65
71
137
119
59
58
143
128
3
75
104
111
1
88
123
74
58
78
3
37
7
86
34
38
19
40
56
65
29
139
103
49
13
47
107
25
127
42
125
144
92
40
106
90
68
106
30
38
120
56
91
93
11
55
82
98
48
66
17
88
89
33
107
143
23
24
122
12
36
111
78
26
126
94
79
27
19
90
131
15
122
141
79
62
42
71
4
9
117
50
70
94
41
14
108
132
28
89
101
21
17
76
128
142
104
28
97
68
77
92
140
15
119
13
99
20
39
57
36
131
69
129
25
100
73
35
115
16
93
110
109
9
16
51
105
52
66
102
46
62
134
43
101
75
132
67
85
2
35
124
118
53
144
55
83
10
53
118
51
80
116
47
21
138
32
7
135
70
54
103
96
45
1
64
114
100
108
133
41
24
112
5
1
13
14
15
16
4
3
2
1
13
25
37
49
50
51
52
64
63
75
76
77
65
53
54
66
78
79
91
90
102
103
104
116
115
114
126
127
139
140
128
129
141
142
130
118
117
105
106
107
119
131
143
144
132
120
108
96
84
83
71
70
58
59
47
35
23
11
12
24
36
48
60
72
84
96
95
94
82
81
69
68
80
92
93
81
80
79
67
55
43
44
32
20
21
33
45
46
34
22
10
9
8
7
6
18
19
31
30
42
41
40
39
38
26
27
28
29
17
5
6
7
8
9
21
20
19
31
32
33
45
57
56
44
43
42
41
40
52
51
63
62
61
73
74
86
85
97
98
110
109
121
122
134
135
123
111
99
100
101
89
88
87
99
111
112
124
136
137
138
139
140
141
129
117
118
119
131
130
142
143
144
132
120
108
107
106
94
95
83
82
70
71
72
60
59
47
48
36
24
12
11
10
22
23
35
34
46
58
57
69
68
56
55
67
66
54
53
65
64
76
88
100
101
89
77
78
90
91
92
93
105
104
116
128
127
115
103
102
114
113
112
113
125
126
138
137
125
124
136
135
123
122
110
98
86
87
75
74
62
50
38
39
27
28
29
30
18
17
5
4
16
15
3
2
14
26
25
37
49
61
73
85
97
109
121
133
134
133
133
134
122
110
98
97
109
121
133
134
135
136
137
125
113
101
102
114
115
103
91
90
89
77
78
79
67
68
80
81
69
57
58
70
82
83
71
72
60
59
47
48
36
35
34
46
45
33
21
22
23
24
12
11
10
9
8
7
19
18
30
29
17
16
15
14
13
1
2
3
4
5
6
7
8
20
32
31
43
42
54
55
56
44
43
55
67
66
65
64
52
51
50
38
39
40
28
27
26
25
37
49
61
73
74
62
63
75
76
88
100
112
124
123
111
99
87
86
85
73
61
49
37
38
50
62
63
51
39
40
41
53
52
64
76
88
100
101
113
114
126
138
139
127
128
140
141
129
130
142
143
131
132
120
119
118
117
105
93
92
104
116
117
118
106
107
108
96
84
72
60
48
47
46
34
22
23
35
36
24
12
11
10
9
21
33
32
20
19
31
30
18
6
5
17
16
4
3
2
1
13
25
26
14
15
27
28
29
41
42
54
53
65
66
78
77
89
90
102
103
104
105
93
92
91
79
80
68
56
44
45
57
58
59
71
70
69
81
82
94
106
94
95
83
84
96
95
107
108
120
119
131
130
129
128
116
115
127
126
125
124
112
111
99
87
75
74
86
85
97
98
110
109
121
122
123
135
136
137
138
139
140
141
142
143
144
132
144
5
6
41
88
33
73
104
119
47
43
114
85
129
132
108
110
84
37
116
76
28
142
109
97
42
68
51
90
1
129
141
86
124
64
48
101
144
70
65
14
131
91
82
50
102
88
84
63
133
79
26
67
48
23
24
46
12
31
31
110
76
7
141
54
39
21
144
91
39
5
41
30
140
122
34
139
139
78
4
2
130
4
135
34
126
22
20
127
52
55
13
53
134
111
136
115
83
143
12
60
15
19
45
136
99
14
104
100
94
133
30
19
96
89
22
67
118
107
120
21
99
10
124
135
3
100
45
125
53
54
62
18
94
74
20
77
59
32
142
63
11
29
61
112
98
78
72
106
6
40
123
138
56
127
79
77
107
72
37
66
13
140
29
66
8
95
128
64
40
85
36
28
87
38
36
38
137
117
89
46
138
105
35
109
57
25
137
60
83
113
120
68
16
105
131
114
44
97
58
16
132
96
42
143
2
55
56
101
86
98
112
65
35
18
71
75
121
51
81
92
134
93
27
73
62
11
44
103
95
118
81
69
59
74
126
70
116
43
119
75
111
9
50
82
25
27
121
130
17
103
52
17
61
69
113
115
15
58
49
117
49
87
80
93
7
32
23
3
71
125
90
122
128
106
24
108
8
10
102
33
1
123
57
26
9
92
80
47
74
92
84
9
111
78
7
89
65
46
96
140
45
99
91
86
17
15
33
51
133
121
103
8
41
127
135
132
10
60
107
19
44
72
127
143
113
52
86
91
101
3
9
18
51
36
50
102
57
108
31
125
143
21
109
13
142
65
7
48
83
101
17
54
55
98
84
93
43
105
58
98
81
104
87
118
68
116
132
129
64
69
75
4
50
130
106
24
36
114
138
138
53
15
1
57
70
59
20
60
118
61
38
71
67
52
28
97
25
22
128
30
79
16
122
126
1
117
44
85
140
39
121
125
31
137
5
106
141
136
13
68
131
117
124
87
24
74
32
80
82
42
70
67
71
82
23
111
43
73
42
66
80
75
18
137
85
90
89
35
6
61
20
78
14
120
83
25
55
59
139
112
90
54
97
49
26
96
113
33
73
46
102
95
128
135
131
114
110
62
129
88
35
2
88
123
139
95
144
11
69
14
34
19
130
56
81
16
120
47
99
11
136
53
34
21
107
76
10
47
92
76
26
12
45
41
77
56
112
77
109
108
29
104
27
37
12
63
8
115
134
6
30
122
144
23
141
32
48
2
134
49
38
37
63
39
119
22
103
4
3
126
40
119
110
58
105
94
115
5
100
94
62
29
28
40
93
123
100
72
124
133
27
116
64
66
142
79
12
24
23
22
10
9
8
7
6
5
4
3
15
16
28
40
41
53
52
51
63
62
61
73
85
86
98
97
109
110
122
121
133
134
135
136
124
112
100
101
89
88
87
99
111
123
135
136
137
125
113
114
102
90
78
77
76
64
65
66
54
42
43
31
30
29
17
18
19
20
32
44
45
46
58
59
60
72
71
83
84
96
95
107
108
120
132
131
130
142
141
140
139
138
126
127
128
129
117
105
93
81
82
94
106
118
119
120
108
96
84
72
60
48
36
35
47
46
34
33
21
9
8
20
32
31
43
55
67
79
80
68
69
70
71
83
95
107
119
118
106
94
82
81
93
92
104
116
115
103
91
90
78
66
54
42
41
40
39
27
26
14
13
25
37
38
50
49
61
73
74
62
50
49
37
38
26
25
13
1
2
1
2
14
15
3
4
5
6
7
19
18
30
29
17
16
28
27
39
51
52
53
65
64
63
75
74
86
85
97
98
99
87
75
76
77
89
88
100
112
111
110
109
121
133
134
122
123
124
125
137
138
139
127
126
114
113
101
102
103
115
116
128
140
141
142
143
144
132
144
143
131
130
129
117
105
104
92
91
79
80
68
67
55
56
57
45
33
21
22
34
35
23
11
10
11
12
24
36
48
47
59
58
70
69
57
56
44
144
143
131
119
120
108
96
84
83
82
81
80
68
67
55
56
44
32
31
43
42
54
66
65
53
52
51
63
62
61
73
85
97
109
110
111
112
113
125
137
136
124
123
122
134
133
121
109
97
98
86
74
75
76
64
52
40
39
27
28
16
17
18
19
7
6
5
4
3
15
14
2
1
13
25
37
49
50
38
26
27
39
51
63
64
76
88
87
99
100
101
102
90
91
79
78
77
89
88
100
101
113
114
115
116
128
127
126
138
139
140
141
129
130
142
141
140
128
116
117
118
106
94
95
107
108
96
84
72
71
70
69
57
45
46
34
35
36
48
47
59
60
48
36
24
12
11
23
22
10
9
8
20
21
33
32
31
30
29
41
42
43
44
56
55
67
79
91
103
104
105
93
105
104
92
93
92
80
68
69
81
82
94
106
118
117
129
130
142
143
131
132
144
132
120
119
107
95
83
71
72
60
59
58
70
58
57
45
46
47
35
23
24
12
11
10
22
34
33
21
9
8
20
19
7
6
5
17
18
30
29
41
40
28
16
4
3
15
14
2
1
13
25
26
38
37
49
50
62
61
73
85
86
74
75
87
99
98
110
122
121
133
134
135
136
135
123
111
112
124
125
137
138
139
127
126
114
115
103
102
90
78
66
54
53
65
77
89
25
98
48
124
129
125
59
144
87
29
14
95
16
21
139
78
136
20
75
45
130
116
77
70
27
63
17
40
27
115
43
55
61
14
72
3
48
53
130
60
42
2
54
141
61
110
22
126
41
68
66
131
51
89
106
26
62
9
40
47
94
82
77
70
11
95
41
35
118
118
91
28
59
21
119
144
143
46
30
140
15
103
5
31
121
96
81
10
39
104
80
109
131
22
47
141
32
120
90
12
49
102
69
8
44
35
24
82
63
108
65
111
137
142
19
92
99
57
88
30
106
138
111
120
138
38
107
97
29
87
78
32
103
43
112
1
85
113
124
46
136
45
2
107
73
69
50
123
89
117
105
132
135
109
122
7
52
101
51
1
55
74
26
4
66
127
7
79
91
90
83
34
97
9
4
80
93
98
49
28
38
84
143
19
56
79
140
50
135
10
5
84
37
126
93
112
105
33
64
6
114
133
123
33
13
132
139
37
23
133
114
81
88
137
44
62
142
83
127
128
94
56
99
31
74
34
65
102
122
15
20
67
104
100
86
92
36
128
125
24
52
57
117
113
42
68
101
75
39
134
8
17
60
58
85
6
18
67
18
73
110
76
119
115
23
72
53
16
36
3
13
64
134
76
58
71
86
54
96
129
71
11
116
108
12
25
100
121
22
91
1
122
79
122
13
74
55
43
106
126
65
3
110
35
80
40
85
52
125
16
124
64
84
43
3
12
56
11
73
7
60
82
55
22
94
28
86
1
107
117
144
123
25
80
121
46
76
133
98
129
69
84
100
81
8
64
39
28
23
101
101
29
5
57
9
113
18
16
67
75
108
5
56
41
11
106
27
63
72
51
42
79
112
6
134
49
65
89
19
142
4
127
66
130
52
133
95
141
82
116
112
99
86
45
117
6
81
9
137
48
140
90
141
40
44
23
96
72
97
126
61
131
92
92
25
108
70
93
26
26
32
130
132
2
83
30
33
41
77
21
20
19
87
105
102
68
67
10
70
73
102
128
113
103
2
138
134
143
47
137
62
89
109
115
34
111
124
94
35
59
12
77
49
45
10
50
90
38
71
121
138
54
144
119
139
60
74
104
61
135
110
107
14
128
32
62
132
47
37
44
78
48
142
115
36
119
75
51
93
123
33
111
104
15
50
135
46
125
105
136
129
100
29
140
87
88
18
8
127
139
58
17
76
85
15
30
27
21
4
7
42
24
57
39
99
69
68
95
103
31
88
109
24
118
20
131
78
31
53
71
58
53
98
17
14
54
91
120
114
66
34
118
97
120
83
136
37
63
38
13
36
59
143
116
96
114
