##Rat 3 Day 37
 ##rewards
127
116
38
##Vertices
12
11
10
9
21
20
8
7
6
5
4
3
2
1
13
14
26
25
37
38
39
40
52
53
41
42
30
31
43
55
67
68
69
81
82
70
58
59
47
46
34
35
23
24
36
48
60
72
84
96
95
107
108
120
132
144
143
142
141
129
130
131
119
118
117
105
104
92
91
90
102
103
115
116
128
127
126
125
124
136
137
138
139
140
141
142
130
118
106
94
93
105
106
94
82
83
71
70
69
57
45
44
56
55
54
66
65
77
78
79
80
68
56
57
58
46
45
33
32
44
43
31
19
18
17
29
28
16
15
27
39
51
50
49
61
62
74
73
85
86
98
97
109
110
122
121
133
134
135
123
111
112
113
101
100
88
76
64
63
75
87
99
111
112
100
101
89
88
76
64
52
51
50
49
61
73
74
62
63
75
87
99
98
86
85
97
109
110
122
121
133
134
135
123
124
136
137
125
113
114
102
114
115
127
126
138
139
140
128
129
117
116
104
103
91
92
93
81
80
79
67
66
78
90
89
77
65
53
54
42
30
18
19
20
32
33
34
22
21
22
23
35
47
59
71
83
95
107
119
131
143
144
132
120
108
96
84
72
60
48
36
24
12
11
10
9
8
7
6
5
17
16
4
3
15
14
2
1
13
25
37
38
26
27
28
40
41
29
144
132
131
130
118
119
120
108
96
95
83
84
72
71
70
58
59
60
48
47
46
34
22
23
35
36
24
12
11
10
9
8
20
19
31
32
44
45
57
69
68
80
79
91
92
93
81
82
94
106
105
117
129
128
140
141
142
143
144
132
120
119
107
106
105
104
116
115
103
102
114
126
125
137
138
139
127
115
114
113
101
100
112
111
110
122
123
124
136
135
134
133
121
109
97
98
86
85
73
61
49
50
62
74
75
63
64
52
40
28
27
26
25
37
38
39
51
63
75
87
99
100
88
76
77
89
90
78
66
67
55
43
42
54
53
65
64
52
51
39
27
15
14
13
1
2
3
4
5
6
7
8
9
21
33
45
46
58
57
56
44
43
31
30
18
17
29
41
40
28
16
17
16
15
14
13
1
2
3
4
5
6
7
19
18
30
29
41
42
54
53
65
66
78
77
76
88
89
90
91
103
102
101
113
112
111
99
87
86
74
62
50
38
26
25
37
49
61
73
85
97
98
110
109
121
133
134
122
123
135
136
124
125
137
138
126
127
139
140
128
129
141
142
143
131
130
118
117
116
104
92
80
79
67
55
56
68
69
70
71
83
82
81
93
94
95
107
108
96
84
72
60
59
47
48
36
35
23
24
12
11
10
22
34
33
32
20
21
142
105
17
106
135
80
115
35
134
9
71
75
24
5
70
123
50
103
37
88
87
25
107
4
135
11
112
41
117
115
39
133
95
60
33
72
131
52
26
89
6
52
110
12
103
86
74
125
72
59
104
8
117
143
68
63
144
132
126
83
95
112
92
29
108
127
14
7
48
120
67
37
16
2
53
99
34
76
64
5
136
129
93
73
62
51
127
41
89
29
36
94
141
47
17
105
114
93
78
3
60
130
66
122
3
143
69
111
79
118
97
133
2
28
30
10
39
121
56
85
9
44
67
23
57
38
110
107
38
84
85
140
43
84
140
51
42
57
96
75
138
91
91
137
144
20
24
19
1
32
4
116
80
79
15
90
32
11
14
66
31
42
136
26
124
86
36
12
90
121
120
130
62
54
55
69
100
129
98
21
55
109
113
56
45
126
101
113
128
81
27
139
45
40
74
96
25
15
27
109
49
70
58
98
58
88
16
64
34
138
46
132
18
22
40
81
33
131
47
119
114
71
82
101
92
46
104
108
128
76
48
116
77
83
30
13
61
44
124
23
63
142
20
94
22
100
7
123
19
78
118
13
102
65
43
53
87
97
68
18
125
122
102
134
28
21
82
106
6
137
1
65
119
10
49
31
8
73
35
54
141
77
50
111
139
99
61
59
141
76
26
116
112
120
92
7
62
80
66
91
32
62
32
73
18
10
6
122
29
105
121
63
79
130
100
50
104
137
123
41
105
96
10
9
49
8
135
78
42
21
81
52
67
91
63
87
137
20
51
97
70
90
4
2
118
6
139
77
101
132
116
31
68
98
144
50
19
81
109
67
119
88
31
87
122
35
60
76
13
142
134
127
61
124
27
69
28
46
131
98
53
61
83
97
26
75
109
111
30
108
23
3
65
39
128
83
40
16
38
37
85
39
55
117
103
13
139
2
93
43
129
131
40
82
86
60
117
66
84
132
36
51
106
22
9
71
121
18
114
17
8
37
124
72
25
133
89
21
125
24
119
12
33
15
38
88
48
45
95
71
56
118
56
17
107
69
126
42
30
58
24
128
54
14
29
25
79
113
35
94
138
125
5
80
99
28
120
102
59
45
1
115
100
136
135
44
101
68
64
99
136
82
110
1
103
27
5
59
94
138
111
36
143
70
49
46
126
77
123
16
140
110
65
53
113
133
127
102
104
33
90
115
140
129
11
15
54
12
44
141
114
107
96
93
142
108
34
41
72
84
112
92
22
74
78
57
106
47
19
3
95
57
55
48
144
34
23
47
75
143
130
4
85
14
20
134
11
58
89
74
7
86
64
52
73
43
133
134
122
110
111
123
135
136
137
125
126
138
139
127
115
116
128
140
141
129
117
118
119
131
130
142
143
144
132
120
108
96
95
83
82
94
93
105
104
103
91
90
78
77
89
101
102
114
113
112
100
99
98
86
85
97
109
121
133
134
135
123
124
112
100
88
87
75
76
64
63
62
50
49
61
73
74
75
63
51
52
40
39
27
15
14
26
38
37
25
13
1
2
3
4
16
17
5
6
7
8
20
19
18
30
31
43
44
45
46
34
22
10
9
21
33
32
31
30
29
28
40
41
42
54
53
65
66
67
79
80
81
69
68
56
55
43
44
32
33
34
35
23
11
12
24
36
48
60
72
84
96
108
107
106
105
117
116
104
92
93
81
82
70
71
59
58
57
45
46
47
59
47
35
23
11
12
24
36
48
60
72
84
83
71
70
58
57
69
68
56
55
67
66
54
42
41
53
65
77
76
64
52
51
39
27
28
29
17
18
19
20
21
22
10
9
8
7
6
5
4
16
15
3
2
1
13
14
26
25
37
38
50
49
61
62
74
73
85
86
98
97
109
121
122
110
111
99
87
88
89
90
78
79
80
92
91
103
115
127
126
114
102
101
113
125
124
136
137
138
139
140
128
129
141
142
130
131
143
144
132
120
119
118
106
94
95
107
1
13
14
15
27
26
25
37
49
50
62
61
73
74
75
87
86
85
97
98
99
111
123
122
110
109
121
133
134
135
136
137
125
126
114
113
101
100
88
76
77
65
66
54
53
52
64
63
51
39
40
28
16
17
5
4
3
2
1
13
25
26
38
39
40
41
29
30
42
43
31
19
20
8
7
6
18
30
31
32
44
45
33
34
35
23
22
21
9
10
11
12
24
36
48
47
59
60
72
84
96
95
83
71
70
82
81
93
105
117
118
119
120
108
107
106
94
82
70
58
46
45
57
69
68
56
55
67
79
78
90
102
103
91
92
80
81
93
94
106
118
130
131
132
144
143
142
141
140
139
138
137
136
124
112
100
99
87
88
89
101
102
114
115
127
128
116
104
105
117
129
128
129
130
131
132
144
143
142
141
140
139
138
126
127
115
116
104
103
91
92
80
79
67
68
69
57
56
55
54
42
43
44
32
33
34
46
58
59
71
83
95
107
119
120
108
96
84
72
60
48
47
35
36
24
12
11
23
22
10
9
21
20
8
7
19
18
6
5
17
16
4
3
2
14
15
27
28
29
41
53
65
66
78
90
89
77
76
75
74
62
63
64
52
51
50
38
37
49
61
73
85
86
98
97
109
110
122
121
133
134
135
123
111
112
113
125
124
27
8
59
8
52
141
103
58
93
7
79
63
34
114
50
117
63
64
137
46
143
111
17
131
79
9
88
53
53
32
11
100
128
114
43
22
135
85
128
110
107
91
136
95
55
118
61
94
15
125
56
112
29
62
14
99
113
93
41
143
118
130
35
138
33
18
121
7
81
19
19
112
80
80
133
86
83
11
108
55
12
106
97
113
39
39
133
122
77
31
9
126
5
12
136
46
70
140
27
48
105
15
49
10
17
37
66
104
54
61
94
5
20
21
89
1
24
51
3
88
135
134
14
36
26
110
140
60
84
6
72
4
137
42
120
54
16
101
116
59
48
100
40
16
78
142
117
126
69
107
71
108
86
127
40
57
123
69
95
84
71
73
31
65
20
38
66
98
121
45
115
139
52
30
68
49
129
2
109
102
76
125
29
106
130
25
37
96
60
96
120
2
58
26
22
62
91
38
124
119
144
102
47
67
101
64
122
103
70
127
131
21
24
36
81
68
28
123
90
72
3
23
25
67
142
119
109
115
105
141
104
144
77
43
132
51
82
6
18
139
124
57
74
97
116
74
35
30
73
92
4
129
87
50
13
138
92
98
76
82
78
99
75
34
85
32
89
132
87
90
13
1
41
56
23
111
42
83
65
28
44
44
75
47
33
134
45
10
117
44
88
64
113
77
122
111
36
13
115
71
27
34
32
11
33
53
50
48
60
41
26
44
140
113
67
134
89
21
78
10
136
42
5
94
122
85
22
1
90
144
6
99
95
92
19
96
138
118
83
8
101
16
100
117
9
41
23
134
97
93
102
98
84
141
51
143
57
46
39
20
3
135
2
22
52
50
31
106
70
37
106
104
76
48
131
121
40
6
10
126
124
90
29
129
43
68
19
93
86
100
109
142
14
77
4
7
18
47
85
59
108
78
11
144
132
125
47
79
43
87
103
64
20
102
112
40
59
30
39
28
67
91
131
18
84
57
94
126
45
17
109
95
15
29
80
17
112
58
98
35
105
142
130
15
62
104
119
55
8
27
61
128
13
74
72
49
26
118
121
24
82
139
46
91
92
30
2
35
137
56
31
88
110
80
96
120
101
108
114
123
16
83
63
12
107
127
130
141
21
68
115
73
124
133
81
107
38
75
139
125
33
66
116
49
25
60
111
54
89
36
7
24
55
135
71
82
42
74
70
81
123
127
120
86
4
9
66
75
136
14
51
32
69
1
132
58
5
119
25
3
61
97
129
143
79
72
28
63
103
65
110
137
133
12
56
116
105
65
69
45
52
87
54
62
73
99
38
23
76
53
138
128
114
37
34
140
1
2
3
15
14
26
38
37
25
13
1
2
3
4
5
6
7
8
20
19
31
43
44
56
57
45
46
34
22
10
9
21
33
32
44
43
42
30
29
17
16
28
27
39
51
50
62
63
64
52
53
41
40
52
51
63
75
87
86
74
73
85
97
109
110
122
123
111
99
98
97
109
121
133
134
135
136
137
125
126
114
102
103
91
92
104
116
115
127
139
138
137
136
124
112
113
101
100
88
89
77
78
79
67
55
54
66
65
64
76
77
65
53
54
66
78
90
91
79
80
81
69
70
71
59
58
57
45
46
47
35
23
11
12
24
36
48
60
72
84
83
82
94
93
105
106
118
117
129
130
131
132
144
143
142
141
140
128
116
104
92
93
105
117
118
119
120
108
96
95
107
119
131
130
142
143
144
132
120
108
107
95
96
84
83
71
72
60
48
36
24
12
11
10
9
21
20
8
7
6
18
17
5
4
16
15
14
13
25
37
49
61
49
61
73
85
86
98
110
122
121
133
134
135
123
124
125
113
114
126
138
139
140
141
129
128
127
115
103
102
90
89
101
100
112
111
99
87
88
76
75
74
62
50
38
26
27
39
40
28
29
41
42
30
18
19
31
32
33
34
22
23
35
47
59
58
70
69
68
67
55
56
68
80
81
82
94
106
133
121
109
110
122
123
124
136
135
134
133
121
109
97
85
73
61
49
50
62
63
64
52
53
41
40
28
27
26
25
37
38
39
51
52
64
76
75
87
86
98
99
111
112
113
125
126
114
102
101
89
88
100
101
113
114
115
116
128
127
139
140
141
142
130
131
119
118
117
129
141
142
143
144
132
120
108
96
95
83
82
81
69
68
56
57
58
70
71
72
84
96
108
107
106
94
93
105
104
92
91
79
67
66
65
77
78
90
102
103
91
90
89
77
78
79
80
68
67
55
43
42
30
18
17
29
41
40
28
16
15
14
13
1
2
3
4
5
6
7
19
31
32
44
45
33
34
46
47
35
23
11
12
24
36
48
60
59
58
57
56
44
45
46
34
22
10
9
8
20
21
22
23
35
36
24
12
11
10
9
21
20
8
7
19
18
6
5
4
3
2
1
13
25
37
38
50
49
61
73
74
86
85
97
98
110
122
134
135
136
137
138
137
138
139
140
128
129
130
131
143
144
132
120
119
107
95
94
82
83
84
72
60
48
47
59
71
70
69
81
80
92
93
105
106
118
117
116
104
103
115
127
126
125
124
123
111
112
100
99
87
88
76
75
74
62
63
51
39
27
26
14
15
16
17
29
30
42
54
66
65
53
54
55
43
31
32
33
39
123
60
5
128
6
68
26
63
45
98
118
122
40
70
124
75
59
95
73
96
69
3
143
98
122
135
65
119
46
49
4
47
139
90
137
137
80
23
129
80
54
119
38
14
136
64
62
12
48
112
32
111
91
13
125
27
15
102
37
55
126
27
57
126
5
85
55
101
48
110
69
34
142
1
36
1
84
103
92
88
8
74
138
92
32
109
72
22
10
115
133
72
26
117
7
106
142
22
53
25
121
87
93
99
44
100
91
50
105
39
66
31
51
96
73
104
19
68
79
28
108
125
114
45
131
50
71
10
107
7
94
63
108
130
134
120
97
76
143
60
78
124
29
33
18
87
20
77
67
95
113
16
115
53
52
139
28
19
120
52
110
18
13
127
121
140
94
82
78
4
107
61
141
42
132
16
79
15
62
82
129
134
43
86
58
40
41
42
3
89
81
117
67
58
64
2
138
56
77
141
11
127
12
136
35
70
83
20
75
43
74
30
2
109
46
11
36
56
65
101
23
133
86
6
116
99
118
131
104
81
88
17
8
59
76
34
30
90
24
105
103
83
44
97
102
144
14
49
93
37
17
112
128
47
123
29
140
9
21
135
71
57
9
132
100
54
144
89
84
116
111
130
66
33
38
35
41
114
25
21
61
24
51
113
31
106
85
118
104
47
34
27
59
39
11
43
93
23
103
62
83
104
141
63
47
52
2
32
88
72
87
121
71
132
75
24
118
55
7
114
127
45
91
51
112
30
40
41
56
77
109
120
20
139
117
125
53
26
37
16
52
102
95
31
122
60
90
42
140
33
93
120
50
58
38
130
5
45
100
59
21
111
35
17
131
46
69
91
69
79
87
44
133
61
101
63
65
92
84
21
140
54
11
22
128
13
8
98
19
76
79
1
24
65
129
128
64
78
28
26
77
123
49
122
27
89
113
137
124
97
68
18
40
126
20
66
95
6
96
138
94
9
127
15
103
116
135
10
7
98
82
111
76
12
136
23
85
142
135
32
48
81
73
34
108
84
14
143
67
137
99
86
50
70
73
141
131
67
113
60
66
41
57
108
80
61
48
71
83
144
28
58
143
94
39
134
14
139
142
46
15
31
13
107
6
72
136
102
25
90
123
3
119
144
116
132
3
70
134
124
115
51
1
4
121
89
55
25
105
109
64
29
97
37
106
88
29
74
57
19
96
106
115
86
54
105
18
12
53
36
101
17
107
35
56
129
36
117
43
100
10
114
133
38
92
81
2
138
30
8
112
42
125
5
82
110
99
110
16
62
9
22
85
80
130
75
78
74
68
33
44
119
49
4
126
