##Rat 8 Day 34
 ##rewards
71
58
124
##Vertices
29
86
75
121
13
27
43
101
21
34
65
13
41
67
124
129
117
113
99
32
87
84
8
7
108
126
64
76
40
39
118
67
80
34
115
122
92
63
37
133
91
144
89
122
142
94
114
56
7
11
106
119
17
14
53
102
45
136
64
31
59
47
121
30
139
140
135
139
62
49
103
42
110
120
90
40
5
46
83
88
143
31
28
60
26
73
116
22
123
92
74
42
87
105
61
29
3
4
16
68
93
57
72
84
46
88
57
104
89
23
77
85
44
3
53
63
137
15
1
129
25
21
109
65
137
130
94
134
96
2
19
55
126
39
102
23
72
17
62
96
131
20
98
77
18
28
71
74
18
66
127
140
143
100
24
50
82
91
81
124
1
118
73
54
144
111
134
12
138
52
50
69
43
127
52
81
10
58
93
138
48
112
119
112
100
16
54
30
38
76
75
142
20
70
4
69
35
36
141
115
117
103
79
26
11
111
59
48
38
33
95
83
37
66
125
55
114
14
6
19
33
51
68
130
82
105
125
5
9
27
128
101
132
78
128
10
15
24
85
25
104
45
70
95
12
61
120
6
71
132
56
97
79
86
99
116
8
136
107
141
108
32
60
135
41
90
97
123
47
110
44
80
133
22
107
78
58
113
35
131
49
51
36
106
109
98
2
9
133
38
18
115
3
142
51
83
98
86
67
71
138
65
57
40
69
94
132
91
1
5
48
43
133
44
121
46
60
123
78
104
46
20
24
57
10
143
109
26
101
122
136
130
19
102
21
79
70
138
110
64
13
72
123
27
35
106
45
62
88
63
71
142
84
126
75
129
52
105
12
32
92
129
24
66
4
120
47
127
32
53
12
118
54
49
113
9
85
60
7
87
72
139
61
10
120
22
27
141
86
17
107
136
44
81
106
26
114
132
34
39
5
89
96
13
92
15
49
8
90
42
50
76
74
108
68
43
93
88
40
127
56
31
95
119
67
47
119
80
51
73
114
70
93
112
54
140
23
76
81
77
111
125
58
22
14
63
90
75
87
85
64
38
96
23
102
6
91
122
14
130
4
50
3
128
56
28
2
45
66
113
53
61
100
103
116
77
19
2
103
35
78
37
139
52
30
111
8
144
99
131
97
55
7
134
16
104
21
143
33
68
18
55
124
121
89
36
109
117
115
128
98
16
29
137
11
82
144
33
107
134
25
41
11
58
84
124
25
39
101
65
20
42
28
17
140
1
131
100
62
34
95
94
80
29
37
82
137
9
83
79
108
112
118
31
48
105
6
73
135
126
125
30
15
99
59
117
110
97
69
59
116
135
74
141
41
36
144
143
131
119
107
108
120
132
144
143
142
141
140
128
116
104
103
115
114
102
90
91
92
80
79
78
66
65
77
76
64
52
51
63
75
74
62
61
49
50
38
37
25
26
27
39
40
28
16
15
14
13
1
2
3
4
5
6
18
19
31
32
20
21
22
23
24
12
11
10
9
8
7
6
5
17
29
30
42
43
55
54
53
41
42
54
66
67
68
69
57
58
59
47
46
45
33
34
35
36
48
60
72
84
83
71
70
82
81
93
105
117
129
130
118
106
94
95
96
84
72
60
48
47
59
71
70
58
46
45
44
56
57
69
81
93
105
104
116
115
127
139
138
126
125
137
136
124
123
135
134
122
121
109
110
111
112
100
88
89
101
113
112
111
99
98
97
85
73
61
49
37
38
39
27
15
14
26
25
13
1
2
3
4
16
28
29
17
18
30
31
19
7
8
20
21
9
10
11
12
24
36
35
23
22
34
33
32
44
43
55
56
68
67
79
80
92
91
103
102
101
100
88
89
90
78
77
65
53
41
40
52
51
50
62
63
64
76
75
87
99
87
86
74
73
85
86
98
97
109
110
122
123
124
125
113
114
126
127
128
129
117
118
106
94
82
83
95
96
108
107
119
120
132
131
130
142
141
140
139
138
137
136
135
134
133
121
133
1
13
14
15
16
4
3
2
1
13
25
37
49
50
51
52
64
63
75
76
77
65
53
54
66
78
79
91
90
102
103
104
116
115
114
126
127
139
140
128
129
141
142
130
118
117
105
106
107
119
131
143
144
132
120
108
96
84
83
71
70
58
59
47
35
23
11
12
24
36
48
60
72
84
96
95
94
82
81
69
68
80
92
93
81
80
79
67
55
43
44
32
20
21
33
45
46
34
22
10
9
8
7
6
18
19
31
30
42
41
40
39
38
26
27
28
29
17
5
6
7
8
9
21
20
19
31
32
33
45
57
56
44
43
42
41
40
52
51
63
62
61
73
74
86
85
97
98
110
109
121
122
134
135
123
111
99
100
101
89
88
87
99
111
112
124
136
137
138
139
140
141
129
117
118
119
131
130
142
143
144
132
120
108
107
106
94
95
83
82
70
71
72
60
59
47
48
36
24
12
11
10
22
23
35
34
46
58
57
69
68
56
55
67
66
54
53
65
64
76
88
100
101
89
77
78
90
91
92
93
105
104
116
128
127
115
103
102
114
113
112
113
125
126
138
137
125
124
136
135
123
122
110
98
86
87
75
74
62
50
38
39
27
28
29
30
18
17
5
4
16
15
3
2
14
26
25
37
49
61
73
85
97
109
121
133
134
133
12
6
120
16
76
33
112
70
65
98
85
94
134
13
140
104
37
123
59
40
86
132
24
38
80
130
30
76
33
82
29
27
91
60
66
129
56
92
126
21
35
27
17
34
30
63
29
51
127
57
91
132
119
47
67
50
92
48
18
89
54
25
25
107
17
46
81
108
68
110
102
72
41
24
116
38
99
45
18
72
98
23
129
84
4
115
15
113
81
125
55
54
52
16
90
130
20
75
8
9
47
59
122
88
61
9
83
65
66
21
32
3
97
136
131
74
69
118
136
36
70
93
80
22
26
3
137
64
43
11
102
35
77
139
106
142
20
5
99
60
11
77
46
144
95
2
58
138
2
36
143
13
67
56
73
134
19
140
101
114
84
64
26
107
82
39
133
101
114
28
5
103
131
61
53
58
97
128
113
141
142
79
62
78
34
28
68
39
79
7
138
89
42
123
37
74
93
31
116
139
121
32
71
73
106
111
119
127
71
6
40
69
141
96
31
52
7
133
100
109
122
22
57
10
87
117
103
23
85
96
63
48
108
94
51
118
124
126
112
15
105
135
44
42
1
1
144
109
53
110
41
62
43
87
137
83
135
88
117
8
75
111
49
128
50
115
104
90
86
125
14
95
121
100
120
124
10
143
55
45
12
19
105
14
49
44
78
4
40
79
5
80
4
15
117
66
27
144
105
95
125
135
74
56
140
136
75
37
115
115
98
70
71
35
144
142
43
69
30
120
122
96
138
85
82
16
126
20
142
54
137
139
21
125
80
25
68
8
134
22
59
42
81
62
122
97
40
129
67
30
34
58
13
124
89
110
71
106
72
107
108
35
61
5
140
133
96
24
88
36
16
62
141
23
8
2
95
32
11
133
38
23
7
6
68
134
44
49
10
26
45
11
113
3
64
76
4
84
136
97
20
117
60
103
76
32
65
132
57
93
128
19
89
107
14
92
137
93
81
123
109
130
52
102
114
63
64
28
99
10
12
45
39
123
104
119
105
143
54
48
108
90
43
49
33
86
113
31
59
47
63
9
100
121
120
58
101
111
126
53
28
50
143
116
12
106
104
6
46
94
87
127
2
1
1
102
73
46
98
48
112
139
141
78
31
72
75
50
25
83
86
51
83
109
61
41
84
77
101
22
17
9
127
67
66
79
114
41
118
21
110
55
65
91
57
88
78
74
91
56
135
15
111
85
52
103
13
51
92
34
26
118
29
17
73
69
3
36
18
29
82
129
138
19
132
90
121
42
24
7
38
14
131
128
77
131
94
60
100
27
130
99
70
39
44
37
53
47
55
124
119
33
18
116
87
112
12
11
23
35
36
24
12
11
10
22
21
20
32
44
43
55
67
66
65
64
63
51
52
40
39
38
50
49
61
62
74
73
85
86
98
99
111
110
109
97
85
73
61
49
37
25
26
14
13
1
2
3
15
27
28
16
4
5
6
18
30
31
19
7
8
9
10
22
34
33
45
57
69
81
93
92
91
79
80
68
56
57
58
46
47
48
60
72
71
83
84
96
95
107
119
120
108
96
84
72
60
59
71
70
82
94
106
105
104
103
115
127
128
140
139
138
137
125
113
112
124
136
135
134
122
123
111
112
100
101
89
90
102
114
126
138
139
140
141
129
130
131
132
144
143
142
141
129
117
116
104
103
91
92
80
68
56
55
54
53
41
29
17
5
4
16
28
40
52
64
76
77
78
79
67
66
78
90
102
101
113
114
115
116
128
127
126
125
137
136
124
123
135
134
133
121
133
121
122
110
109
97
98
99
87
86
74
62
50
38
37
25
26
14
13
1
2
3
15
27
39
51
63
75
87
75
76
88
100
88
89
77
65
53
54
42
43
44
32
31
30
42
41
29
17
18
6
7
19
20
8
9
21
33
45
46
34
35
23
24
36
48
47
59
58
70
69
81
82
94
93
105
117
118
106
118
119
131
130
142
143
144
132
120
108
107
95
83
133
121
122
123
135
134
133
121
109
110
98
86
87
88
76
77
78
66
54
42
30
29
41
40
28
16
17
5
6
18
19
7
8
20
21
33
34
22
10
9
8
7
6
5
4
3
15
14
2
1
13
25
26
27
39
38
37
49
61
62
63
75
74
73
85
97
109
110
111
99
100
101
102
103
104
92
80
79
91
90
89
101
113
112
124
136
137
138
126
127
139
140
128
129
130
142
141
140
139
138
137
125
126
114
115
116
117
105
93
81
82
83
95
96
84
72
60
59
58
46
47
48
36
24
23
35
34
46
45
57
56
68
69
70
71
72
84
96
108
107
119
131
143
144
132
120
108
107
106
94
93
81
80
92
91
90
89
77
65
53
52
51
50
49
37
38
39
40
41
42
43
55
67
79
78
66
67
68
69
57
58
70
82
94
95
83
71
59
60
48
47
35
36
24
12
11
12
11
23
22
10
9
21
33
32
20
19
18
17
16
4
3
15
14
2
1
13
25
26
27
28
29
30
31
32
31
43
44
45
44
56
55
54
53
65
64
76
88
87
75
63
64
52
51
50
62
61
73
74
86
85
97
98
99
100
112
111
123
122
134
135
136
124
125
113
114
102
103
115
116
104
105
106
118
117
118
130
131
119
120
132
144
143
142
141
129
128
127
50
86
139
80
83
142
77
120
9
75
30
140
85
23
113
79
51
119
128
85
53
1
64
133
124
117
130
50
118
141
137
37
36
26
62
72
109
16
89
87
39
17
29
67
30
132
102
105
124
84
54
35
19
2
69
28
22
74
65
123
1
119
126
95
12
20
96
66
71
51
57
129
131
41
21
137
18
134
65
46
79
59
117
42
20
115
37
101
71
16
113
120
29
86
81
13
138
128
14
33
73
7
15
108
110
114
92
141
22
100
87
108
99
49
107
95
143
31
27
99
103
73
25
54
110
39
125
90
61
104
36
81
46
112
53
102
76
24
45
57
74
133
92
93
13
44
75
21
122
98
127
69
5
89
90
2
23
82
114
4
38
116
84
7
121
34
10
56
6
33
104
15
138
121
40
115
70
41
4
67
97
60
26
94
64
43
96
105
24
55
111
142
82
116
125
97
17
63
47
48
10
19
11
58
80
48
135
49
83
144
78
126
6
140
112
43
52
101
59
88
143
106
25
62
61
135
70
3
134
8
118
72
68
18
129
66
76
107
63
106
123
139
55
88
58
52
11
100
98
34
136
40
91
132
5
103
32
68
109
111
78
47
144
136
127
131
60
12
38
122
44
28
93
31
77
32
42
91
35
94
14
3
9
8
130
45
56
27
72
41
7
36
39
70
39
48
87
20
52
116
79
122
62
30
25
109
45
11
101
12
40
49
15
49
33
123
81
46
75
3
69
140
86
138
10
131
87
137
2
61
70
55
108
74
142
107
84
23
122
29
105
129
126
136
140
100
123
130
86
37
104
118
48
9
107
96
65
9
15
50
42
21
73
35
96
93
118
143
35
65
66
109
10
24
27
59
99
98
93
64
89
89
104
16
43
20
115
92
57
116
27
60
125
33
136
74
17
38
111
113
126
81
68
103
8
69
12
111
72
52
90
58
82
28
78
120
67
32
6
124
110
133
83
38
117
102
14
25
114
68
62
64
132
135
144
29
121
17
80
57
22
79
110
115
14
53
76
85
97
102
141
11
75
13
5
8
131
6
91
95
113
82
141
18
58
91
36
4
30
60
90
128
119
63
78
56
24
47
1
88
103
120
106
54
34
71
71
21
127
112
125
94
44
28
23
130
45
37
22
134
84
112
61
97
138
26
55
63
26
56
18
5
133
77
41
137
108
32
80
13
2
134
143
46
83
100
106
1
139
129
139
76
7
73
31
3
54
42
51
132
101
121
85
88
44
142
50
47
128
19
95
124
92
40
51
19
4
67
16
53
43
99
77
114
144
66
127
98
135
119
105
31
34
59
94
117
1
2
3
4
5
17
16
15
14
13
25
26
27
39
40
41
53
54
42
43
44
32
31
19
7
8
20
21
9
10
11
23
35
47
48
60
59
58
57
56
68
69
81
80
79
78
90
91
103
102
101
89
88
76
77
65
66
67
55
56
57
45
33
34
22
10
9
8
7
6
18
30
29
28
40
52
51
63
64
52
51
50
49
37
38
39
27
28
29
41
42
43
44
45
46
58
70
82
83
95
107
108
120
119
118
106
94
93
92
104
105
117
116
128
129
141
142
130
131
143
144
132
120
108
96
84
72
71
70
69
81
93
92
104
105
117
116
115
114
126
127
139
138
137
136
124
125
113
112
111
110
98
86
87
99
100
88
87
75
74
73
85
97
109
121
133
134
122
123
135
136
124
123
135
134
133
121
122
110
109
97
98
99
111
112
100
101
89
90
102
114
113
125
137
138
126
127
115
103
91
79
80
68
67
55
54
53
65
66
78
77
76
64
63
75
74
86
85
73
61
62
50
62
61
49
37
38
26
25
13
1
2
14
15
3
4
16
17
5
6
18
30
31
19
20
21
22
23
11
12
24
12
24
36
35
36
48
60
72
84
96
95
107
119
131
132
144
143
142
141
140
139
140
128
129
130
118
106
94
82
83
71
59
47
46
34
33
32
12
11
23
35
36
48
60
72
84
96
108
120
119
107
106
105
93
92
104
116
115
127
139
138
137
125
124
136
135
123
122
134
133
121
109
97
98
99
100
88
89
101
113
112
111
110
109
97
85
86
87
75
76
77
78
90
102
103
91
79
80
81
69
70
82
94
95
83
71
59
58
57
45
33
32
20
8
7
19
18
6
5
17
16
4
3
2
14
26
25
37
49
61
73
74
62
50
38
39
40
41
42
30
29
28
27
15
3
4
5
6
7
8
9
10
22
21
33
34
46
47
48
60
59
58
70
69
68
67
66
54
55
43
31
19
18
17
16
15
27
28
29
30
42
41
53
52
51
63
64
65
77
78
79
80
81
93
105
117
118
130
131
143
142
141
129
128
140
139
138
126
127
128
140
141
129
130
142
143
144
132
144
132
131
119
120
108
96
84
72
71
83
82
94
95
107
106
118
117
116
104
92
91
103
115
114
126
125
137
136
124
112
113
114
102
90
89
101
100
99
111
123
135
134
133
121
122
110
98
86
85
73
61
62
74
75
87
88
76
64
63
51
50
49
37
25
13
1
2
1
13
14
26
38
39
40
52
53
65
66
54
55
67
68
56
44
45
46
47
35
34
22
23
24
36
24
12
11
10
9
21
20
32
31
43
44
56
57
