##Rat 6 Day 39
 ##rewards
83
94
16
##Vertices
133
121
122
123
111
99
100
112
113
125
137
136
135
134
133
121
109
97
98
110
109
97
85
73
61
49
37
25
13
1
2
3
15
14
26
27
39
38
50
62
63
51
52
64
65
77
78
66
54
55
56
68
67
79
80
81
82
94
95
83
71
72
84
96
108
107
106
118
117
129
128
127
115
116
104
105
93
92
91
103
102
101
89
90
102
114
126
138
139
140
141
142
130
131
119
120
132
144
143
142
141
140
139
138
137
136
124
125
113
101
100
88
87
75
76
64
52
53
41
29
17
5
6
18
30
31
43
44
32
33
45
57
58
46
47
35
23
22
10
11
12
24
36
48
60
59
58
70
69
81
93
92
91
90
89
77
65
53
54
42
41
40
28
16
4
5
6
7
8
20
19
31
32
33
45
57
69
68
80
79
78
66
67
55
56
44
43
42
30
29
28
40
39
51
63
75
76
88
87
99
111
112
124
123
135
134
122
110
98
86
74
86
85
73
74
62
61
49
50
38
37
25
13
1
2
14
26
27
15
3
4
16
17
18
19
7
8
20
21
9
21
9
10
22
34
46
34
35
23
11
12
24
36
48
47
59
60
72
84
83
71
70
82
94
95
107
119
118
106
105
117
116
104
103
115
114
126
127
128
129
130
131
143
144
132
120
108
96
12
11
23
35
34
33
45
46
58
59
60
48
36
24
12
11
10
9
21
22
10
9
8
7
6
5
4
3
2
1
13
25
26
14
15
27
28
16
17
18
30
29
41
42
54
55
67
66
65
77
89
90
78
79
91
103
115
116
128
127
126
138
139
140
141
129
117
118
106
107
95
83
82
94
93
105
104
92
80
81
69
57
56
68
69
70
71
72
84
96
108
120
119
131
130
142
143
144
132
120
108
96
84
72
60
48
47
59
58
57
45
44
32
31
43
42
41
53
52
51
50
49
61
62
63
75
76
88
87
99
100
101
113
112
124
123
122
110
109
121
133
134
135
136
137
125
113
114
102
103
104
92
80
68
56
55
54
53
65
64
52
40
39
38
37
49
61
73
85
86
74
75
87
99
100
101
102
90
91
79
67
66
78
77
89
88
76
64
63
51
39
40
28
29
30
31
43
44
32
33
34
46
47
35
36
24
23
22
21
20
19
20
8
7
19
18
6
5
17
16
4
3
2
1
13
14
15
27
26
25
37
38
50
62
74
73
85
86
98
97
98
97
109
110
111
112
111
123
122
121
133
134
135
136
124
125
137
138
139
127
126
114
115
116
128
129
130
118
117
105
106
94
93
81
82
70
71
83
95
107
119
131
132
144
143
142
141
140
32
12
143
141
113
16
26
49
78
88
130
131
111
112
100
76
92
60
43
136
116
132
144
129
8
2
62
79
98
115
31
115
65
140
119
104
53
102
120
81
11
124
135
72
11
17
31
36
39
30
63
50
58
114
138
73
16
102
52
80
89
127
49
61
10
47
91
51
41
7
97
117
69
142
55
17
65
23
52
38
109
26
57
40
8
94
126
106
86
74
95
83
23
85
25
133
36
118
67
35
75
38
19
28
77
99
64
87
62
82
139
98
113
100
93
34
58
70
87
121
18
24
63
110
92
15
89
59
13
107
68
130
44
14
108
4
90
35
122
12
6
67
53
37
139
127
15
43
103
20
117
95
136
123
9
105
96
85
131
76
103
4
97
79
27
125
86
104
72
90
45
66
124
32
108
56
82
1
105
34
121
77
40
107
61
25
91
75
51
29
114
44
10
3
20
143
6
5
21
57
1
29
66
33
134
109
122
70
54
138
39
68
64
94
41
42
133
54
141
33
128
135
84
3
101
125
73
99
120
30
48
81
22
144
69
132
9
74
84
59
88
80
21
101
93
126
28
19
14
47
123
7
78
142
134
50
13
46
118
137
137
18
128
60
42
71
55
116
2
110
96
112
56
27
48
24
83
5
71
22
45
111
46
129
140
106
37
119
90
68
30
19
76
121
27
122
87
114
58
132
73
35
74
100
80
16
44
97
5
105
99
144
51
126
69
137
53
72
66
102
18
21
110
84
67
76
75
2
46
102
72
123
5
54
106
119
32
135
22
109
81
86
69
48
11
113
55
65
34
88
111
3
50
38
41
54
43
33
98
66
96
15
110
79
103
134
24
6
25
120
40
78
47
117
70
10
127
13
29
71
141
6
133
144
109
86
143
82
59
30
42
11
17
60
36
70
117
67
103
32
61
141
115
118
92
4
37
83
14
129
91
9
83
128
94
42
93
39
106
126
122
7
62
62
49
1
134
75
48
118
61
24
137
31
3
120
131
100
113
127
55
94
133
12
35
19
142
52
14
27
108
18
29
40
95
7
95
46
78
51
115
1
77
56
85
28
63
139
125
112
20
36
121
87
111
57
92
85
139
129
43
99
128
52
116
130
101
138
81
56
26
124
104
59
16
31
140
132
80
142
23
143
57
125
112
34
17
13
64
23
107
68
74
101
2
50
79
89
105
47
41
12
107
77
58
64
39
98
90
116
22
53
89
136
4
26
20
124
88
38
82
44
45
45
71
63
97
9
93
114
84
136
25
104
8
10
28
65
60
73
108
135
119
131
15
8
21
96
49
138
91
37
33
130
140
123
1
13
14
15
27
28
29
41
53
52
51
63
62
61
49
50
38
37
25
26
27
39
40
28
16
4
5
6
18
19
7
8
20
32
33
21
22
23
35
36
48
47
59
60
72
71
83
82
70
69
81
93
94
95
107
108
120
119
118
106
105
117
116
128
129
141
140
139
127
115
103
102
114
126
138
137
125
124
136
135
123
122
110
109
121
133
134
135
136
137
138
139
140
141
142
130
131
143
144
132
120
108
96
84
72
60
48
36
24
12
11
10
9
8
7
6
5
17
18
30
31
43
44
45
46
34
35
47
59
58
57
56
55
54
42
43
55
67
79
78
66
65
64
76
77
89
101
113
112
100
88
87
86
85
97
98
99
111
123
124
125
126
127
128
116
104
92
91
90
78
77
89
88
87
75
74
86
85
73
61
73
74
62
63
75
76
64
65
66
67
79
91
90
102
101
100
99
98
97
109
121
133
134
122
110
111
112
113
114
115
103
104
105
117
129
130
142
143
144
132
131
119
118
106
107
95
96
84
83
71
70
69
81
82
94
93
92
80
68
80
68
56
44
32
33
45
57
58
46
34
22
23
24
12
11
10
9
21
20
19
31
30
29
41
42
54
53
52
40
39
51
50
49
37
38
26
25
13
1
2
14
15
3
2
3
4
16
17
144
143
131
119
118
106
94
93
92
104
116
115
127
139
140
128
129
141
142
130
118
117
105
106
107
108
96
84
83
71
72
60
59
58
46
47
35
23
22
10
9
21
20
8
7
19
18
30
31
43
42
41
29
17
16
4
3
15
27
28
40
39
51
50
38
37
49
61
62
63
64
76
75
74
73
85
86
98
97
109
110
122
123
135
134
133
121
109
97
85
73
61
49
37
25
26
14
13
1
2
3
4
5
6
7
8
9
10
11
12
24
36
48
60
72
84
96
95
83
82
70
69
57
45
33
34
22
21
20
32
44
56
68
80
81
69
68
67
66
78
79
91
103
102
90
89
88
87
99
100
101
113
125
137
136
124
112
111
110
98
86
74
62
50
51
52
53
65
77
78
90
89
101
113
114
126
125
137
138
139
138
126
127
115
114
102
103
91
79
67
66
65
77
76
88
100
112
124
136
135
134
133
121
122
123
111
99
87
75
63
64
52
40
39
38
26
25
13
1
2
14
15
27
28
16
17
5
6
18
19
31
43
42
30
29
41
53
54
55
54
55
56
57
58
46
45
44
32
33
34
35
23
11
12
24
36
48
47
59
71
70
82
94
93
81
80
92
104
105
117
116
128
140
141
129
130
142
143
144
132
131
119
120
132
120
108
107
95
8
124
3
68
142
113
47
29
4
16
143
26
92
72
79
142
123
81
39
46
98
127
91
108
67
95
75
124
14
80
79
13
66
83
88
119
129
16
50
49
131
12
135
111
39
138
98
55
70
23
84
102
62
11
64
5
116
10
24
48
53
123
19
105
22
21
109
20
42
114
12
109
118
134
38
45
43
25
40
52
134
107
66
37
140
23
19
143
57
100
54
33
82
60
81
30
21
18
140
78
99
1
87
14
108
58
30
116
33
129
93
54
130
71
103
18
22
52
101
89
130
76
136
85
99
13
137
93
26
28
120
25
133
69
96
49
95
121
4
77
64
60
34
37
76
65
103
62
2
104
56
45
118
112
122
135
9
34
74
7
127
31
38
59
132
32
125
82
128
6
105
65
92
46
86
6
41
3
141
56
50
44
27
141
91
36
83
24
36
61
28
61
84
100
53
31
73
51
58
110
27
10
117
138
113
20
96
94
90
67
32
47
7
29
17
90
126
63
72
120
78
126
59
9
48
110
131
111
87
17
122
94
51
69
55
121
114
115
97
139
70
107
85
104
86
57
42
80
35
119
139
1
106
63
112
73
15
35
132
40
101
88
106
8
71
97
75
41
144
15
102
5
125
11
133
144
137
136
115
77
89
128
44
43
68
2
117
74
125
134
92
87
111
127
66
109
85
104
10
51
116
42
54
104
17
128
54
38
129
66
118
94
23
88
57
138
25
49
95
121
121
136
23
111
137
2
96
1
109
69
118
73
129
41
75
134
37
83
84
117
75
32
6
21
24
35
72
55
7
20
84
79
112
90
140
15
124
72
63
31
135
12
29
70
68
43
63
101
33
141
131
139
44
98
5
25
74
13
67
133
141
26
130
93
50
123
132
31
98
91
30
47
102
11
117
48
4
92
27
45
1
41
126
114
81
108
137
78
103
3
105
40
14
119
73
62
53
107
135
4
36
82
20
64
68
42
30
88
100
80
144
79
59
29
59
3
127
76
132
53
12
110
34
50
142
113
124
52
97
60
38
56
139
16
7
65
58
106
99
21
120
22
48
120
43
122
44
115
46
16
80
8
87
19
8
112
35
86
37
128
56
93
130
47
39
133
95
71
140
14
116
46
62
36
106
6
85
65
119
138
142
96
24
60
131
26
89
81
34
97
57
99
67
136
102
33
78
52
10
28
90
61
2
143
76
5
110
32
58
22
18
77
51
17
40
86
94
115
113
74
69
144
13
126
9
15
123
89
103
125
108
39
55
105
19
18
49
101
71
82
64
77
83
91
114
107
28
100
11
70
45
9
143
122
27
61
12
24
36
35
47
48
60
59
58
70
69
68
67
79
91
90
89
88
76
64
52
40
28
29
41
42
54
55
56
44
32
31
43
42
30
18
19
7
6
5
4
16
15
14
2
1
13
25
26
27
39
38
37
49
61
73
74
86
98
110
111
99
100
112
124
125
126
138
137
136
135
123
122
121
109
97
85
73
61
62
63
51
50
49
37
25
26
38
50
62
63
75
87
99
111
112
113
101
102
114
115
127
139
140
128
129
141
142
143
144
132
120
108
107
106
94
95
83
71
72
84
96
108
120
119
131
130
118
117
105
93
81
80
92
104
103
115
116
104
92
93
94
82
81
80
79
78
66
65
53
54
66
67
68
69
57
45
46
34
33
21
20
8
9
10
22
23
11
10
9
21
22
34
35
23
11
12
24
36
48
60
59
47
46
45
33
32
44
43
55
56
57
58
70
82
83
71
72
84
96
95
107
119
118
106
105
117
116
128
129
130
131
132
144
143
142
141
140
139
127
126
138
137
125
124
136
135
123
122
134
133
134
133
121
109
110
98
97
85
86
74
75
87
88
100
101
113
114
102
103
91
90
78
77
89
77
76
64
65
53
52
51
39
40
41
29
30
31
19
20
8
7
6
18
17
5
17
16
28
27
15
3
4
3
2
1
13
14
1
2
3
15
16
4
5
17
29
30
42
54
66
67
68
80
92
104
103
102
101
100
99
87
88
76
77
65
53
52
51
63
64
76
75
74
62
61
73
85
97
98
110
122
121
133
134
135
123
111
112
124
136
137
138
139
127
128
129
130
118
117
105
106
107
95
83
84
96
108
120
119
131
143
142
141
140
139
138
126
114
113
125
137
136
135
123
124
125
126
114
115
116
117
118
106
94
93
81
82
70
71
72
60
59
47
48
36
24
12
11
10
9
21
33
32
20
19
18
6
7
8
9
10
22
23
35
34
46
45
44
43
55
56
57
69
70
58
57
56
44
32
31
43
55
67
79
78
90
89
77
78
66
54
42
41
40
28
27
39
38
50
49
37
25
26
14
13
25
37
38
26
27
15
14
13
1
2
3
4
5
17
16
28
40
39
51
52
64
65
53
41
29
30
31
19
18
6
7
8
20
21
22
34
33
45
46
58
59
47
35
23
11
12
24
36
48
60
72
71
83
84
96
95
107
108
120
119
131
132
144
132
144
143
142
130
129
141
140
128
127
115
116
104
105
93
94
82
81
69
68
80
79
91
92
91
103
102
90
89
101
113
112
100
88
87
75
63
62
50
49
61
73
74
86
85
86
98
99
111
110
109
97
109
121
133
134
122
73
68
136
85
18
117
66
15
120
82
82
88
48
67
67
137
93
106
11
137
123
41
91
74
121
28
77
76
115
129
69
89
55
50
85
112
66
71
31
61
112
132
105
72
135
109
84
120
40
62
35
128
47
132
6
54
127
116
111
43
75
68
99
143
9
134
53
117
102
144
95
138
63
40
36
121
116
64
39
30
57
99
70
70
41
141
52
119
46
64
72
45
27
16
98
88
94
101
17
103
29
90
20
91
111
62
10
90
36
12
83
61
17
26
75
14
46
100
4
133
94
114
48
77
1
22
12
87
10
89
24
115
96
57
3
129
35
6
58
80
107
119
31
51
126
81
23
80
58
37
24
3
19
86
43
65
128
108
78
122
100
8
21
125
126
51
113
123
21
142
1
14
138
2
49
142
8
104
28
4
38
127
139
7
45
56
56
13
32
59
81
92
97
19
44
2
42
124
76
140
5
93
47
136
141
33
15
73
83
131
63
95
55
96
52
25
104
102
7
38
131
84
42
11
30
50
98
114
65
20
113
86
139
54
140
107
110
124
69
25
101
22
60
44
34
13
106
5
125
133
23
135
130
92
118
122
105
79
110
59
60
18
144
78
130
103
74
108
87
26
79
34
9
53
16
32
33
49
71
118
39
97
37
27
29
109
134
143
57
124
10
99
47
22
7
126
130
8
105
97
128
86
61
74
124
125
80
95
56
40
5
87
94
122
64
114
92
83
17
28
57
9
120
43
113
113
118
126
74
46
11
21
25
116
141
38
103
65
36
65
85
96
16
119
100
23
30
90
55
63
19
142
121
26
109
131
111
45
135
33
90
120
75
99
105
110
56
123
39
70
13
91
49
93
62
31
81
20
8
67
39
40
110
132
142
12
112
41
79
100
72
119
72
80
26
128
140
114
138
21
66
19
34
118
144
5
131
94
34
63
9
7
51
27
41
137
83
82
129
109
108
4
3
59
122
27
53
6
96
84
67
102
86
73
44
78
89
81
133
77
91
104
78
139
116
64
53
143
58
134
29
134
36
32
23
2
30
37
15
37
133
89
60
46
15
2
50
73
140
132
10
76
17
4
85
71
18
28
88
87
112
98
92
123
130
13
32
6
52
61
68
52
139
79
11
115
48
97
1
66
71
108
49
35
75
115
69
144
16
25
69
1
141
70
125
98
103
22
48
33
84
3
88
136
45
106
14
60
42
58
76
143
77
138
117
111
106
135
54
20
102
42
137
127
59
47
35
51
12
24
129
55
24
93
107
50
62
104
38
101
121
14
43
136
54
107
101
29
82
68
117
31
18
95
44
127
