##Rat 5 Day 47
 ##rewards
74
87
21
##Vertices
12
24
36
48
47
46
58
59
60
72
84
96
108
107
95
94
106
118
117
129
130
131
143
144
132
120
119
118
117
105
93
81
82
70
71
83
84
72
60
48
36
35
23
11
10
9
8
7
6
18
17
5
4
3
2
1
13
25
26
38
37
49
61
73
74
62
50
51
52
53
41
42
30
31
19
20
21
22
34
33
32
44
45
57
69
68
56
55
54
66
78
77
76
75
87
88
89
90
91
103
104
116
128
140
139
138
137
125
113
114
126
127
115
116
104
92
80
79
67
68
69
57
56
44
43
31
30
29
28
16
15
27
39
40
41
29
28
40
52
64
65
77
89
101
102
103
115
114
102
101
100
99
98
110
111
123
135
136
124
112
100
88
87
86
85
97
109
121
122
134
133
134
133
121
122
110
109
97
98
99
111
123
135
136
124
112
113
125
137
138
126
127
139
140
128
129
141
142
141
142
130
131
143
144
132
120
119
107
108
96
95
94
106
105
93
92
91
90
78
66
65
53
54
42
43
55
67
79
80
81
82
83
71
70
58
59
47
35
23
24
12
11
10
22
34
46
45
33
32
20
21
9
8
7
19
18
6
5
17
16
4
3
2
14
15
27
39
38
50
51
63
64
76
75
63
62
74
86
85
73
61
49
37
25
26
14
13
1
1
2
3
4
16
28
29
17
5
6
7
8
9
21
20
32
33
34
46
47
35
23
24
12
11
10
22
34
46
45
44
43
31
30
18
19
7
6
5
4
3
15
14
13
25
37
49
61
73
74
86
85
97
109
121
133
134
135
123
124
136
137
138
139
127
126
125
113
101
89
88
76
75
63
62
50
38
26
27
39
51
52
40
41
42
54
53
65
77
78
79
91
103
115
116
104
92
80
68
69
57
58
59
60
72
84
96
95
94
82
83
71
70
58
57
56
55
67
66
54
42
41
53
52
64
63
75
87
99
98
110
111
112
100
88
87
99
100
101
102
90
91
92
93
81
69
70
82
81
93
105
117
129
130
118
119
120
108
107
106
105
104
116
128
140
141
142
143
131
132
144
132
144
143
131
130
142
141
129
117
118
119
120
108
107
106
94
95
96
84
83
71
72
60
59
47
48
36
48
36
35
23
24
12
11
10
22
21
9
8
20
32
33
45
44
56
68
80
79
78
90
89
77
76
64
65
66
67
55
43
31
19
18
30
29
17
16
15
14
2
1
13
25
26
27
28
40
39
51
50
38
37
49
61
62
74
73
85
86
98
97
109
121
122
110
111
112
124
125
113
114
102
103
115
114
126
127
128
140
139
138
137
136
135
123
122
134
133
107
141
112
80
65
71
138
75
20
139
98
57
1
131
141
23
134
10
3
2
75
144
29
86
130
100
95
53
116
76
91
94
28
58
56
68
110
8
79
21
6
57
121
16
85
125
49
70
102
7
19
143
32
39
101
102
18
112
39
124
86
101
121
6
65
113
94
36
117
144
119
77
113
42
69
69
64
28
108
73
87
79
73
43
54
114
110
128
84
128
126
114
133
123
12
137
83
27
118
97
139
61
107
61
74
66
125
92
22
15
103
72
17
100
47
8
124
140
82
26
129
105
111
14
90
84
122
136
1
81
55
98
109
27
42
85
5
142
96
45
120
87
122
71
49
59
51
126
44
132
25
47
9
105
46
99
106
17
66
67
62
15
41
20
10
18
13
24
38
119
52
95
54
72
50
24
129
9
77
7
60
25
137
19
70
67
76
34
30
89
132
117
4
63
50
111
41
5
34
133
142
78
58
89
92
14
91
30
36
51
40
59
11
53
52
55
48
37
4
43
31
106
116
135
96
44
12
136
93
45
22
104
138
83
130
60
93
123
103
97
104
118
23
33
35
88
63
13
40
127
143
140
11
82
48
134
64
127
88
37
32
29
115
21
3
68
99
26
62
78
131
74
90
135
81
38
33
115
80
16
2
56
46
108
35
120
31
109
95
55
41
108
141
117
31
43
112
25
13
123
96
85
52
139
138
143
116
127
70
132
35
121
7
43
46
7
114
101
26
63
111
142
144
40
68
49
20
50
120
63
137
83
66
114
35
106
130
8
82
138
72
6
14
60
17
20
26
4
143
58
28
97
125
73
36
27
73
136
122
1
75
48
116
19
47
5
81
6
74
119
102
71
39
51
140
64
45
94
77
42
52
84
10
107
87
49
91
129
103
108
128
94
74
5
90
18
96
22
17
29
24
59
109
115
57
118
133
104
119
127
29
79
109
136
61
128
27
124
62
100
53
90
87
72
69
137
134
16
21
135
71
76
95
12
56
100
33
80
54
33
75
124
10
53
68
44
13
65
31
129
4
78
86
104
92
39
21
24
14
2
131
1
3
118
79
123
83
32
67
111
62
80
23
110
131
48
67
126
76
18
97
37
46
125
30
32
88
122
9
11
99
92
93
38
86
103
59
36
57
99
141
54
91
56
60
110
22
134
117
50
112
41
3
23
42
47
135
105
139
15
70
98
44
130
142
37
98
113
45
101
78
81
28
126
132
64
93
115
11
66
140
121
15
107
34
89
12
65
19
25
89
34
113
55
58
16
38
84
51
61
120
30
77
69
8
40
133
102
82
105
9
144
88
2
106
85
133
134
122
110
98
97
109
121
133
134
135
136
137
125
113
101
102
114
115
103
91
90
89
77
78
79
67
68
80
81
69
57
58
70
82
83
71
72
60
59
47
48
36
35
34
46
45
33
21
22
23
24
12
11
10
9
8
7
19
18
30
29
17
16
15
14
13
1
2
3
4
5
6
7
8
20
32
31
43
42
54
55
56
44
43
55
67
66
65
64
52
51
50
38
39
40
28
27
26
25
37
49
61
73
74
62
63
75
76
88
100
112
124
123
111
99
87
86
85
73
61
49
37
38
50
62
63
51
39
40
41
53
52
64
76
88
100
101
113
114
126
138
139
127
128
140
141
129
130
142
143
131
132
120
119
118
117
105
93
92
104
116
117
118
106
107
108
96
84
72
60
48
47
46
34
22
23
35
36
24
12
11
10
9
21
33
32
20
19
31
30
18
6
5
17
16
4
3
2
1
13
25
26
14
15
27
28
29
41
42
54
53
65
66
78
77
89
90
102
103
104
105
93
92
91
79
80
68
56
44
45
57
58
59
71
70
69
81
82
94
106
94
95
83
84
96
95
107
108
120
119
131
130
129
128
116
115
127
126
125
124
112
111
99
87
75
74
86
85
97
98
110
109
121
122
123
135
136
137
138
139
140
141
142
143
144
132
144
144
132
131
130
129
141
142
143
144
132
120
108
96
95
94
93
81
82
70
69
68
80
92
91
79
67
66
54
55
43
42
41
29
30
31
19
18
6
5
17
16
4
3
15
27
28
40
39
38
26
14
2
1
13
25
37
49
61
62
74
75
87
86
98
110
122
134
133
121
109
97
85
73
61
49
50
51
63
64
76
77
65
53
52
64
65
66
78
90
102
101
113
125
124
112
100
99
111
123
135
136
137
138
139
127
126
114
115
103
104
105
106
107
119
118
117
116
128
140
139
138
137
136
124
125
126
114
113
112
100
88
89
101
102
103
104
105
93
94
82
83
84
72
71
59
60
48
47
35
36
24
23
11
10
22
34
46
45
44
56
57
58
46
34
33
21
9
8
7
6
5
4
16
28
27
26
14
15
3
2
1
13
25
37
38
39
51
50
62
63
75
74
73
85
86
98
97
109
121
133
134
135
123
122
110
111
99
87
88
76
77
89
90
78
79
91
92
80
81
69
57
45
44
56
68
67
55
54
53
52
40
41
29
17
18
30
42
43
31
32
33
32
20
19
7
8
20
21
9
10
22
23
35
47
59
58
70
71
83
95
107
106
118
117
116
115
127
128
140
141
129
130
142
143
131
119
120
108
96
84
72
60
48
36
24
12
11
12
85
73
88
104
39
139
57
22
16
64
82
140
47
11
9
130
7
136
58
103
99
36
142
141
76
54
113
80
133
47
48
128
107
102
4
93
12
30
90
122
23
68
31
125
81
104
7
114
144
67
123
66
4
14
2
28
1
63
63
130
103
61
48
77
112
38
12
68
112
85
88
75
60
131
27
72
72
79
97
121
35
97
120
27
83
26
50
71
101
65
134
89
132
118
108
70
19
24
1
5
110
62
40
108
117
122
57
105
32
144
75
62
8
92
26
66
34
21
10
38
117
25
107
120
109
105
40
95
89
77
126
74
32
127
50
91
17
51
36
114
13
87
138
106
129
79
6
33
73
100
119
84
53
71
67
91
21
6
136
78
134
60
87
78
49
20
59
102
100
140
3
99
116
124
3
124
96
46
92
28
84
45
15
142
41
135
96
5
19
94
10
54
98
45
23
82
52
141
29
98
11
8
76
24
121
65
53
93
128
129
106
90
15
74
18
115
143
113
43
56
132
44
111
139
126
13
52
69
20
34
43
42
17
127
83
30
58
64
22
115
118
37
125
31
135
111
143
35
86
69
101
86
138
42
94
70
110
29
137
46
137
116
55
44
61
51
14
109
18
95
80
131
59
33
2
9
49
25
81
39
133
119
41
123
37
56
55
16
127
56
7
37
118
79
61
92
90
28
8
60
40
117
68
128
86
110
39
113
144
143
69
49
88
71
120
11
25
5
21
62
52
6
71
24
94
101
128
68
93
109
37
74
113
3
125
81
41
9
63
95
24
38
142
134
36
90
61
4
19
93
86
77
65
129
7
44
64
45
29
129
43
57
116
34
54
58
11
47
102
42
115
97
125
35
33
2
3
82
84
84
89
110
133
41
30
17
50
5
34
138
124
18
66
101
99
141
135
26
59
75
67
98
131
83
133
46
52
140
60
112
143
95
63
96
85
33
48
108
134
54
23
46
107
116
2
127
51
55
31
76
30
66
18
31
14
118
64
139
76
78
55
115
74
96
140
80
92
15
73
138
50
79
122
10
19
135
65
17
72
106
80
77
141
137
123
8
94
39
139
28
81
20
59
120
23
82
130
126
47
104
15
121
104
119
72
20
12
13
42
122
27
62
35
53
43
98
10
16
117
13
108
89
27
38
21
103
25
16
56
103
123
1
40
88
91
53
106
91
142
9
87
57
111
136
1
114
49
70
132
73
75
131
12
14
48
51
4
121
132
137
124
136
114
112
22
26
69
97
109
83
100
22
130
29
45
32
70
85
105
32
126
87
99
100
44
119
105
6
107
144
111
58
102
78
36
67
1
2
14
26
25
37
49
61
73
85
97
109
110
98
99
100
88
89
101
113
114
126
138
139
140
128
129
141
142
130
131
143
144
132
120
108
107
106
105
93
92
104
116
117
118
119
120
108
96
95
94
82
81
80
79
91
103
102
90
78
77
76
64
63
75
87
86
74
62
50
51
52
40
28
29
17
5
6
18
19
7
8
20
21
9
10
11
23
35
36
48
60
72
84
83
71
59
47
46
45
44
43
31
32
33
34
22
10
9
8
7
6
5
4
3
15
16
28
27
39
38
37
49
50
51
63
64
65
66
67
55
54
42
30
18
19
20
21
22
34
33
32
31
43
44
56
57
58
70
69
68
80
79
78
77
76
88
100
112
111
123
122
134
135
136
124
125
137
138
139
127
126
125
137
136
124
123
135
134
133
121
133
121
122
110
109
97
85
73
61
62
74
75
87
86
98
99
111
112
113
101
89
90
102
114
115
127
128
140
141
129
117
116
115
103
91
92
104
105
106
118
130
142
143
144
132
131
119
107
95
96
84
72
71
83
82
94
93
81
69
70
58
59
60
48
36
24
12
11
12
24
23
35
47
46
45
57
56
68
67
55
54
66
65
53
41
40
39
38
26
27
15
14
13
25
13
1
2
3
4
16
17
29
30
42
41
53
52
12
24
23
22
10
9
8
7
19
31
43
55
54
66
65
53
52
51
63
64
76
77
78
90
89
101
113
114
126
138
139
140
141
142
130
118
106
94
95
96
108
107
119
131
132
144
143
142
141
129
128
127
115
103
102
101
100
112
111
99
98
86
74
62
61
73
85
97
109
110
122
121
133
134
135
136
137
125
124
123
111
112
113
114
102
103
104
116
117
105
93
81
80
68
67
79
91
92
104
105
93
94
82
70
58
59
71
83
84
72
60
48
47
35
36
48
60
59
58
46
34
33
32
20
21
9
8
7
6
18
30
42
41
40
28
27
15
3
4
16
17
5
4
3
2
1
13
14
26
25
37
49
50
38
39
51
63
75
87
88
76
64
52
53
65
66
67
68
69
57
45
44
45
57
56
44
56
55
54
42
43
31
32
33
34
46
47
35
36
24
23
11
12
11
10
22
21
20
19
18
6
5
17
29
30
29
41
40
28
16
15
14
2
1
13
25
26
27
39
38
37
49
50
62
61
73
85
86
74
75
87
88
100
99
98
97
109
110
122
121
133
134
135
123
124
136
137
125
126
138
139
140
128
127
115
116
117
129
130
131
143
144
132
120
108
120
119
118
106
107
95
96
84
72
71
83
82
70
69
81
80
79
78
77
89
90
91
92
135
129
4
107
47
95
17
12
116
87
122
20
98
38
72
79
108
50
115
40
35
58
91
30
111
114
86
100
111
70
64
65
138
122
6
109
4
89
35
5
76
121
77
48
138
130
26
83
88
54
78
23
113
92
33
123
126
37
100
16
32
31
91
30
13
20
88
15
34
34
68
99
17
38
22
12
24
28
75
60
110
69
85
63
143
8
43
25
112
57
55
142
23
26
16
48
51
10
80
1
137
81
42
49
52
15
2
31
114
9
90
118
96
36
62
56
117
41
104
75
33
84
118
10
84
124
21
141
87
116
79
51
69
64
106
133
140
94
107
28
108
40
121
21
139
42
125
119
92
46
45
11
120
142
131
61
101
93
113
133
65
127
123
97
78
71
61
67
68
80
19
27
141
37
97
55
44
129
137
99
124
7
24
62
53
67
60
125
120
25
85
7
136
83
44
106
45
39
102
73
82
144
119
39
134
11
72
136
14
144
82
43
104
96
52
126
36
19
71
59
32
53
117
63
127
27
90
81
131
110
50
66
57
105
128
56
3
59
95
2
101
41
46
94
76
54
93
115
112
132
49
86
5
29
140
73
74
66
74
139
130
103
22
70
14
6
89
98
3
109
134
102
132
103
29
18
128
77
8
47
18
13
58
9
1
135
105
143
26
68
133
131
67
131
134
127
65
64
33
83
90
109
130
15
55
100
140
101
95
98
107
102
7
64
109
1
53
13
139
61
5
31
65
26
32
99
128
133
21
46
12
119
135
55
143
28
103
144
129
47
42
7
105
43
49
102
112
99
14
93
93
87
85
41
37
94
74
98
66
115
9
85
53
88
13
33
111
114
6
113
76
67
106
73
132
137
90
92
62
36
97
71
78
35
101
144
20
48
31
58
106
117
128
40
46
73
43
37
96
4
60
80
48
100
52
14
8
6
141
83
138
23
56
56
135
9
30
44
123
123
51
35
11
121
19
75
39
88
91
38
50
62
116
45
81
54
66
25
30
139
81
59
94
69
121
84
132
24
16
96
126
92
142
70
27
118
107
32
15
17
1
91
137
40
25
125
80
124
18
143
84
77
12
22
72
5
127
57
138
120
130
21
122
59
51
126
11
16
136
52
79
4
36
70
3
22
115
113
44
119
39
118
57
110
125
120
28
95
45
108
47
105
87
60
116
104
74
49
71
72
29
86
103
140
110
75
111
38
97
61
76
2
41
112
117
42
54
20
69
63
104
142
2
34
50
23
79
63
89
18
29
89
129
86
122
77
68
10
82
78
27
34
141
10
19
108
136
114
124
134
3
17
24
58
8
82
