##Rat 2 Day 41
 ##rewards
18
29
107
##Vertices
133
134
122
110
109
121
133
134
135
123
124
125
113
101
102
90
78
79
80
81
82
94
93
105
106
107
95
96
84
83
71
72
60
59
47
46
34
35
36
48
60
72
84
96
108
120
119
131
132
144
143
142
130
118
117
129
141
140
139
127
115
114
126
138
137
136
135
123
111
112
100
88
76
64
52
53
54
66
65
77
89
88
87
99
98
97
85
73
74
62
61
49
50
38
26
25
37
49
61
73
85
86
74
75
63
51
39
40
41
42
30
18
17
5
6
7
8
20
32
33
21
9
10
11
23
22
34
33
45
44
56
55
43
31
19
7
6
5
4
16
15
14
13
1
2
3
4
16
28
29
41
42
54
53
65
77
89
90
91
92
104
116
128
140
141
129
117
105
93
81
69
68
67
66
78
79
67
55
43
44
32
31
30
29
17
18
19
20
8
9
21
22
10
11
12
24
12
24
23
35
36
48
47
46
58
59
71
83
95
107
108
120
119
131
132
144
143
142
130
118
106
94
82
70
58
70
69
57
45
57
56
68
80
92
91
103
102
101
113
114
115
103
104
116
128
127
139
138
126
125
137
136
124
112
100
99
111
110
122
121
109
97
98
86
87
75
76
64
63
51
52
40
28
27
39
27
26
14
15
3
2
1
13
25
37
38
50
62
1
13
14
15
3
4
5
6
7
8
9
10
22
21
33
45
44
56
57
58
70
71
72
84
96
95
107
108
120
119
131
132
144
143
142
141
129
117
105
104
92
93
94
106
118
130
142
141
140
128
116
115
103
91
79
80
81
69
68
67
55
43
42
30
31
32
20
19
18
17
29
41
40
39
51
50
49
61
62
74
73
85
86
98
97
109
121
122
123
135
136
137
138
139
127
126
125
124
112
100
88
76
75
87
99
111
110
109
97
85
73
61
49
37
25
26
38
39
27
28
16
4
5
17
29
30
42
54
66
78
77
65
64
63
62
74
86
98
110
111
99
87
75
76
88
89
101
113
114
102
90
91
79
67
55
43
44
45
46
34
35
23
24
36
48
47
59
60
72
84
83
71
59
60
48
47
35
36
24
12
11
12
11
23
22
10
9
8
7
6
18
19
31
32
20
21
33
34
46
58
57
56
68
69
70
82
83
95
96
108
107
106
94
82
81
80
92
93
105
117
118
119
120
132
144
143
131
130
129
128
140
139
138
126
127
115
116
104
103
102
114
113
125
137
136
135
134
133
121
133
134
122
123
124
112
100
101
89
90
78
77
65
66
54
53
52
40
28
16
15
27
26
14
2
3
2
1
13
25
37
38
50
51
63
64
52
53
41
24
107
50
44
144
51
126
75
53
25
123
114
73
31
116
101
119
61
114
33
79
41
36
104
65
7
55
66
103
80
59
112
27
5
99
57
71
35
82
86
138
92
124
88
137
5
4
16
102
6
45
32
39
61
105
132
93
133
125
142
111
68
47
133
141
96
125
30
143
106
139
18
45
76
127
102
108
23
48
13
78
18
8
43
70
100
90
84
57
91
66
38
71
122
53
85
78
49
54
110
54
85
129
10
84
89
20
76
101
83
118
98
2
7
51
97
64
80
116
136
11
22
60
95
75
55
137
86
56
67
135
126
91
27
112
115
56
83
14
11
103
108
16
63
32
87
131
117
92
20
113
19
4
38
9
2
43
8
29
36
110
48
98
90
119
122
99
3
39
34
113
33
96
134
60
81
21
127
31
26
140
74
97
25
3
58
6
74
81
34
19
10
88
42
140
41
29
111
77
135
13
15
64
52
67
129
128
120
44
123
120
35
50
17
62
100
46
132
130
130
15
77
37
134
17
79
69
94
72
109
49
30
14
106
93
1
72
87
115
65
131
124
105
94
70
42
142
117
138
58
47
82
143
62
1
59
109
141
95
12
144
104
28
21
46
28
22
40
9
40
89
23
37
107
73
68
26
69
121
118
63
12
121
139
136
24
128
52
141
8
67
125
67
140
142
72
131
101
2
43
117
101
71
27
124
141
28
33
123
96
85
2
76
62
114
21
57
134
45
122
70
90
30
1
110
75
52
69
119
106
21
74
13
4
117
61
116
11
98
34
89
40
63
98
47
124
8
118
140
39
84
82
96
33
59
142
119
75
88
57
61
115
12
137
51
35
127
19
3
35
144
85
52
77
133
80
1
129
42
99
64
56
27
126
77
42
78
95
20
126
54
135
125
3
56
78
94
86
83
59
43
112
71
30
28
97
4
26
13
31
91
45
139
122
143
95
7
14
10
41
58
144
54
68
23
46
74
17
70
87
97
123
109
16
48
100
10
102
116
66
113
25
55
38
92
127
81
108
113
79
5
50
111
37
79
143
37
120
105
26
14
44
62
46
22
139
131
44
120
31
25
9
69
99
138
86
17
76
68
132
102
24
48
66
41
104
128
32
49
9
36
108
34
94
128
138
23
73
84
93
110
58
6
100
29
106
121
15
121
129
60
89
87
136
22
5
114
60
80
103
53
36
130
49
53
29
47
39
65
81
72
15
88
92
105
82
50
118
55
134
104
40
103
112
12
19
91
133
107
132
90
6
51
38
63
65
18
130
115
109
136
93
24
18
32
135
64
16
73
111
7
83
20
137
11
107
12
11
23
35
36
48
60
72
71
70
69
68
80
79
91
92
104
116
115
103
102
90
78
77
89
88
87
75
74
73
61
49
37
25
26
27
28
29
17
5
4
16
15
14
2
1
13
25
37
38
50
62
63
64
76
88
100
99
111
112
124
125
126
127
139
138
137
136
135
123
122
134
133
121
109
97
85
86
98
110
111
99
87
75
76
64
52
51
39
40
41
42
54
55
67
66
65
53
52
40
41
29
30
31
32
20
19
18
6
7
8
9
21
22
10
9
8
20
32
33
34
46
58
59
47
48
60
72
84
83
82
81
93
105
106
118
119
120
108
107
95
96
108
120
132
144
143
131
130
142
141
140
128
129
117
116
115
114
113
101
102
103
104
92
91
79
67
55
43
44
45
57
45
44
56
57
56
68
80
81
69
70
58
46
34
33
21
22
10
11
23
24
12
24
36
35
47
59
71
83
84
96
95
94
82
94
93
105
106
107
119
131
132
144
143
142
130
118
117
129
141
140
128
127
139
138
137
125
126
114
113
101
100
112
124
136
135
123
122
134
133
121
109
110
98
97
85
86
74
73
61
49
50
62
63
51
39
38
26
14
13
1
2
3
4
3
15
27
28
16
17
5
6
7
19
18
30
31
43
42
54
66
78
90
89
77
65
53
144
143
131
119
120
132
144
143
142
130
129
128
116
104
103
91
79
78
77
76
75
87
88
100
99
98
86
85
73
74
62
61
49
50
38
39
27
26
25
37
49
61
73
85
97
109
110
122
121
133
134
135
123
111
112
124
136
137
138
126
114
115
127
139
140
141
142
130
118
117
105
93
81
69
57
56
55
67
68
80
92
93
94
106
107
108
96
84
83
71
72
60
59
47
35
36
48
60
72
84
96
95
83
82
70
58
46
45
44
43
31
19
20
8
7
6
5
17
29
28
16
4
3
2
14
15
27
28
40
41
53
54
42
30
18
6
7
8
9
21
22
23
24
12
11
10
9
21
33
32
44
43
55
56
68
80
92
91
90
89
101
113
125
137
136
124
112
100
88
76
64
65
66
67
79
78
66
54
42
41
29
30
31
32
20
19
18
17
5
4
16
15
3
2
1
13
1
13
14
26
25
37
38
39
51
50
62
74
86
98
97
109
110
122
121
133
134
135
123
111
99
87
75
63
51
63
64
52
40
52
53
65
77
89
90
102
103
104
116
115
114
102
101
113
125
126
138
139
127
128
140
141
129
117
105
106
118
119
131
132
120
108
107
95
94
82
81
69
70
58
57
45
33
34
46
34
35
23
22
10
11
12
24
36
48
47
59
71
26
5
106
37
32
35
29
86
96
28
23
94
55
111
70
100
97
114
16
117
53
119
120
90
101
14
84
59
52
27
24
55
103
124
109
43
45
29
139
47
125
81
89
125
52
121
44
116
92
80
43
103
44
144
31
123
123
61
19
51
124
40
97
20
38
126
4
41
6
78
118
100
13
105
105
38
14
17
118
8
122
134
66
64
27
115
34
107
101
67
117
65
73
88
139
86
113
22
26
30
23
11
72
133
142
113
63
12
85
41
68
127
18
82
104
137
134
91
56
81
3
71
10
104
7
87
138
49
67
71
77
74
58
48
59
99
17
83
136
76
109
5
42
42
74
135
96
119
95
111
62
130
80
69
4
33
141
13
36
126
131
19
39
136
18
25
77
62
3
25
34
46
15
85
99
93
140
129
89
112
140
58
6
36
39
110
94
54
48
127
28
60
128
131
79
114
84
20
132
128
51
78
31
15
135
116
130
121
82
56
53
110
24
90
95
102
30
66
47
61
93
57
35
108
137
72
12
54
142
75
2
120
50
7
129
98
68
49
37
45
1
63
98
76
106
108
132
9
115
21
112
133
10
21
91
64
46
40
138
50
60
122
83
22
70
107
73
141
33
143
144
92
57
87
88
32
69
9
8
11
75
65
102
16
2
1
79
143
107
38
124
118
117
58
1
60
81
88
46
128
135
86
67
105
14
53
125
103
64
100
31
20
71
59
15
68
111
122
36
84
65
126
101
28
56
63
47
6
24
13
62
49
119
74
127
41
77
19
138
16
121
75
82
98
72
98
62
118
26
30
42
129
79
112
5
61
70
55
141
3
75
99
17
110
135
33
60
85
132
86
123
107
54
134
34
110
76
131
136
143
43
76
96
40
144
121
130
104
50
77
46
28
39
34
102
51
2
99
1
111
84
109
72
55
52
30
54
29
10
29
102
18
89
90
65
49
67
92
8
112
126
137
63
103
69
26
115
96
5
133
57
7
137
25
35
129
24
21
78
64
45
32
123
42
2
4
127
48
139
97
19
16
3
35
97
119
133
70
11
106
7
73
71
12
9
22
13
80
78
61
27
80
14
9
105
106
116
50
114
51
8
113
88
47
48
12
37
136
113
130
114
124
15
23
6
140
142
141
23
115
57
43
11
82
31
94
87
138
92
73
140
100
101
143
117
56
66
74
69
52
18
17
39
95
36
22
109
53
128
108
21
94
83
139
120
89
40
120
91
20
142
58
91
79
95
37
32
87
4
41
83
25
85
93
45
108
144
59
122
68
132
44
81
66
93
90
134
44
10
38
27
116
33
104
125
131
144
143
131
119
120
108
96
84
83
82
81
80
68
67
55
56
44
32
31
43
42
54
66
65
53
52
51
63
62
61
73
85
97
109
110
111
112
113
125
137
136
124
123
122
134
133
121
109
97
98
86
74
75
76
64
52
40
39
27
28
16
17
18
19
7
6
5
4
3
15
14
2
1
13
25
37
49
50
38
26
27
39
51
63
64
76
88
87
99
100
101
102
90
91
79
78
77
89
88
100
101
113
114
115
116
128
127
126
138
139
140
141
129
130
142
141
140
128
116
117
118
106
94
95
107
108
96
84
72
71
70
69
57
45
46
34
35
36
48
47
59
60
48
36
24
12
11
23
22
10
9
8
20
21
33
32
31
30
29
41
42
43
44
56
55
67
79
91
103
104
105
93
105
104
92
93
92
80
68
69
81
82
94
106
118
117
129
130
142
143
131
132
144
132
120
119
107
95
83
71
72
60
59
58
70
58
57
45
46
47
35
23
24
12
11
10
22
34
33
21
9
8
20
19
7
6
5
17
18
30
29
41
40
28
16
4
3
15
14
2
1
13
25
26
38
37
49
50
62
61
73
85
86
74
75
87
99
98
110
122
121
133
134
135
136
135
123
111
112
124
125
137
138
139
127
126
114
115
103
102
90
78
66
54
53
65
77
89
1
2
14
26
25
37
49
61
73
85
97
109
110
98
99
100
88
89
101
113
114
126
138
139
140
128
129
141
142
130
131
143
144
132
120
108
107
106
105
93
92
104
116
117
118
119
120
108
96
95
94
82
81
80
79
91
103
102
90
78
77
76
64
63
75
87
86
74
62
50
51
52
40
28
29
17
5
6
18
19
7
8
20
21
9
10
11
23
35
36
48
60
72
84
83
71
59
47
46
45
44
43
31
32
33
34
22
10
9
8
7
6
5
4
3
15
16
28
27
39
38
37
49
50
51
63
64
65
66
67
55
54
42
30
18
19
20
21
22
34
33
32
31
43
44
56
57
58
70
69
68
80
79
78
77
76
88
100
112
111
123
122
134
135
136
124
125
137
138
139
127
126
125
137
136
124
123
135
134
133
121
133
121
122
110
109
97
85
73
61
62
74
75
87
86
98
99
111
112
113
101
89
90
102
114
115
127
128
140
141
129
117
116
115
103
91
92
104
105
106
118
130
142
143
144
132
131
119
107
95
96
84
72
71
83
82
94
93
81
69
70
58
59
60
48
36
24
12
11
12
24
23
35
47
46
45
57
56
68
67
55
54
66
65
53
41
40
39
38
26
27
15
14
13
25
13
1
2
3
4
16
17
29
30
42
41
53
52
29
82
42
116
44
102
15
111
17
69
20
118
110
88
43
130
124
75
9
127
48
69
95
132
64
98
112
142
117
46
120
32
122
121
23
77
45
101
94
20
88
136
134
75
14
41
133
61
118
97
131
3
79
105
131
50
95
86
115
67
34
107
1
1
13
66
68
39
83
115
80
137
135
4
114
124
133
37
31
128
65
139
51
8
120
109
4
9
129
125
10
71
77
36
49
35
80
107
28
117
21
119
67
93
57
106
49
29
27
141
40
144
99
56
57
52
74
63
55
108
90
26
104
54
14
114
7
92
143
104
61
87
52
12
84
106
103
136
39
108
27
28
41
30
128
97
63
5
32
134
92
70
19
37
58
123
139
71
81
3
116
59
47
47
111
74
109
60
127
84
2
72
99
19
140
60
98
18
126
46
26
87
18
13
34
91
138
142
112
81
119
25
6
82
54
55
85
58
22
43
24
125
96
83
24
12
126
140
135
23
143
144
68
31
73
130
50
66
15
89
102
122
65
59
51
94
35
21
11
10
16
78
93
11
62
7
2
33
22
110
36
38
91
76
6
100
73
129
113
100
56
70
40
33
137
96
16
64
53
89
48
17
44
103
30
132
25
138
5
62
53
45
90
42
38
85
78
121
86
76
141
123
72
105
101
113
8
79
35
18
79
55
54
40
122
136
30
114
102
72
128
137
42
107
51
131
83
10
69
16
49
12
116
18
20
21
15
68
19
38
43
125
120
53
64
85
135
34
51
3
103
27
140
48
39
56
47
29
48
32
136
126
130
116
112
113
64
86
60
90
20
142
111
92
96
98
94
97
74
124
84
34
125
115
137
76
80
90
8
91
25
112
22
110
129
36
50
37
17
5
23
106
120
2
88
71
135
73
115
75
99
139
95
28
97
73
101
79
25
6
1
31
96
24
61
92
119
113
46
43
29
127
60
141
118
15
59
121
47
63
107
62
33
50
68
80
44
49
4
126
103
13
2
78
123
55
134
121
70
11
109
26
11
82
65
72
143
89
114
132
38
28
81
14
105
87
56
144
83
26
142
82
129
99
12
144
139
66
7
119
65
23
53
140
133
95
77
45
14
98
58
21
86
78
13
61
141
127
6
9
117
110
71
7
69
8
87
106
52
27
63
75
59
17
74
1
58
46
67
41
57
42
117
91
143
108
138
131
108
138
76
35
22
54
93
62
94
124
104
101
84
19
122
77
41
44
123
31
3
109
85
100
37
5
33
32
128
102
133
57
100
89
130
66
88
81
105
40
118
36
9
67
52
30
16
10
70
45
132
39
104
4
24
111
93
134
