##Rat 5 Day 37
 ##rewards
74
87
21
##Vertices
144
132
120
108
107
95
96
84
72
60
48
36
24
12
11
23
22
10
9
21
33
45
44
56
57
69
70
82
81
80
79
91
103
102
114
115
116
128
129
117
118
130
131
143
142
141
140
139
138
137
125
124
136
135
134
133
121
109
97
98
110
122
123
111
99
100
88
89
77
65
64
76
75
87
86
74
62
50
38
37
49
61
73
85
97
109
110
111
112
113
101
100
112
113
114
126
127
115
103
104
105
93
92
80
68
67
55
54
66
78
90
91
92
104
116
117
105
106
94
93
81
82
83
71
59
58
46
47
35
34
33
32
20
8
7
19
18
6
5
17
16
4
3
15
14
2
1
13
25
26
27
39
51
52
40
41
42
43
31
30
29
28
27
39
40
52
53
41
42
43
44
32
20
8
7
6
18
19
31
30
29
28
16
17
5
4
3
15
14
2
1
13
25
26
38
37
49
50
51
63
64
63
75
74
62
61
73
85
86
98
99
87
88
76
77
89
101
102
90
78
79
67
66
65
53
54
55
56
68
69
70
71
83
95
94
106
118
119
107
119
131
130
129
128
127
126
125
124
123
122
121
133
134
135
136
137
138
139
140
141
142
143
144
132
120
108
96
84
72
60
59
47
48
36
35
23
24
12
11
10
9
21
22
34
46
45
57
58
133
134
122
110
111
123
135
136
137
125
126
138
139
127
115
116
128
140
141
129
117
118
119
131
130
142
143
144
132
120
108
96
95
83
82
94
93
105
104
103
91
90
78
77
89
101
102
114
113
112
100
99
98
86
85
97
109
121
133
134
135
123
124
112
100
88
87
75
76
64
63
62
50
49
61
73
74
75
63
51
52
40
39
27
15
14
26
38
37
25
13
1
2
3
4
16
17
5
6
7
8
20
19
18
30
31
43
44
45
46
34
22
10
9
21
33
32
31
30
29
28
40
41
42
54
53
65
66
67
79
80
81
69
68
56
55
43
44
32
33
34
35
23
11
12
24
36
48
60
72
84
96
108
107
106
105
117
116
104
92
93
81
82
70
71
59
58
57
45
46
47
59
47
35
23
11
12
24
36
48
60
72
84
83
71
70
58
57
69
68
56
55
67
66
54
42
41
53
65
77
76
64
52
51
39
27
28
29
17
18
19
20
21
22
10
9
8
7
6
5
4
16
15
3
2
1
13
14
26
25
37
38
50
49
61
62
74
73
85
86
98
97
109
121
122
110
111
99
87
88
89
90
78
79
80
92
91
103
115
127
126
114
102
101
113
125
124
136
137
138
139
140
128
129
141
142
130
131
143
144
132
120
119
118
106
94
95
107
109
100
59
112
25
90
75
130
13
108
127
30
143
60
115
26
20
76
9
41
29
10
124
48
25
132
39
57
99
75
33
1
125
140
106
139
122
44
22
53
72
44
15
144
76
17
18
50
139
128
88
96
99
121
91
31
133
134
62
126
125
39
89
58
136
74
23
84
141
135
79
9
47
24
56
28
118
42
43
60
37
98
101
6
19
32
74
57
53
58
142
113
97
129
59
100
63
101
66
36
140
110
67
14
36
121
103
27
78
111
4
1
24
46
70
120
33
2
92
5
108
93
79
131
104
21
15
124
21
138
5
85
81
138
85
32
69
104
137
30
61
77
77
49
133
95
143
83
12
94
48
87
90
78
35
65
94
132
23
67
82
69
37
22
38
17
142
144
65
2
135
110
19
68
80
103
40
98
16
107
80
3
51
92
105
62
52
51
86
102
34
73
105
45
18
137
10
35
34
3
8
115
116
16
116
41
47
43
118
61
117
134
71
119
45
102
106
122
129
123
63
127
114
52
89
117
88
136
86
42
141
87
54
126
70
11
7
93
38
131
31
109
95
113
119
40
84
26
83
66
111
11
64
55
81
56
29
4
91
71
50
14
64
13
46
107
114
112
72
49
12
55
123
120
8
82
96
6
130
68
97
54
20
27
73
28
7
128
97
42
22
87
39
135
89
84
19
90
67
77
94
19
94
6
71
120
72
14
58
100
2
31
78
110
40
20
88
49
26
57
100
137
120
108
8
96
25
66
69
107
102
44
79
77
31
29
49
95
32
4
115
65
48
24
111
72
73
54
52
134
87
82
91
16
133
20
83
102
3
79
123
41
82
29
14
130
140
42
11
109
13
74
7
38
34
103
46
117
122
16
56
7
126
4
22
30
3
27
70
136
131
36
55
33
86
126
45
47
21
9
5
33
80
99
76
11
73
24
101
81
98
122
45
114
17
140
99
67
138
134
142
32
112
119
108
127
2
71
63
59
96
9
38
139
10
1
53
107
50
143
123
144
106
35
21
41
141
105
125
127
92
111
92
59
124
103
62
69
70
116
143
86
68
23
58
10
78
51
130
113
61
50
60
90
28
46
135
64
128
105
12
75
40
37
25
93
52
91
43
28
37
114
15
12
76
34
60
128
113
61
27
142
121
115
8
117
62
54
26
47
85
15
55
56
51
1
74
64
88
106
65
75
85
98
132
35
68
144
93
97
63
124
137
101
109
136
118
57
139
138
39
89
119
18
66
104
112
129
83
36
125
104
80
141
133
118
131
129
30
121
110
48
5
23
95
13
132
116
53
18
84
17
43
44
6
81
1
13
14
15
27
26
25
37
49
50
62
61
73
74
75
87
86
85
97
98
99
111
123
122
110
109
121
133
134
135
136
137
125
126
114
113
101
100
88
76
77
65
66
54
53
52
64
63
51
39
40
28
16
17
5
4
3
2
1
13
25
26
38
39
40
41
29
30
42
43
31
19
20
8
7
6
18
30
31
32
44
45
33
34
35
23
22
21
9
10
11
12
24
36
48
47
59
60
72
84
96
95
83
71
70
82
81
93
105
117
118
119
120
108
107
106
94
82
70
58
46
45
57
69
68
56
55
67
79
78
90
102
103
91
92
80
81
93
94
106
118
130
131
132
144
143
142
141
140
139
138
137
136
124
112
100
99
87
88
89
101
102
114
115
127
128
116
104
105
117
129
128
129
130
131
132
144
143
142
141
140
139
138
126
127
115
116
104
103
91
92
80
79
67
68
69
57
56
55
54
42
43
44
32
33
34
46
58
59
71
83
95
107
119
120
108
96
84
72
60
48
47
35
36
24
12
11
23
22
10
9
21
20
8
7
19
18
6
5
17
16
4
3
2
14
15
27
28
29
41
53
65
66
78
90
89
77
76
75
74
62
63
64
52
51
50
38
37
49
61
73
85
86
98
97
109
110
122
121
133
134
135
123
111
112
113
125
124
12
11
23
35
34
22
10
9
8
20
19
7
6
18
30
29
17
5
4
16
28
27
26
14
15
3
2
1
13
25
37
49
50
62
63
51
52
40
41
42
54
55
67
68
56
44
43
31
32
33
45
46
47
59
60
48
36
24
12
11
10
22
21
33
45
57
58
70
69
81
82
83
95
96
84
72
71
70
82
94
93
105
106
118
130
131
119
107
108
120
132
144
143
142
141
129
128
140
139
138
137
125
126
127
115
114
102
101
100
99
111
123
135
136
124
112
113
114
115
116
117
105
104
103
91
92
80
79
78
66
65
64
76
77
89
90
102
101
113
112
111
110
122
134
133
121
109
97
85
73
61
49
37
38
39
40
28
29
41
53
52
64
63
75
74
86
87
88
100
99
98
86
98
110
122
134
133
121
109
97
85
73
61
62
74
75
87
88
76
77
89
90
78
79
91
103
104
92
80
68
69
81
93
94
106
118
117
116
128
127
126
125
124
123
135
136
137
138
139
140
141
129
130
142
143
144
132
131
119
120
108
107
95
96
84
83
71
72
60
59
47
48
36
24
23
35
34
46
58
57
56
55
67
66
65
53
54
42
30
18
19
31
43
44
32
20
21
9
8
7
6
5
17
16
4
3
15
14
2
1
13
25
26
27
39
51
50
38
34
96
128
96
44
97
76
116
101
84
78
31
118
63
20
99
31
43
49
117
121
27
59
122
78
108
41
56
56
94
132
40
86
63
81
119
25
5
86
15
124
77
37
125
80
111
7
113
35
50
92
39
58
19
23
28
51
101
57
121
111
110
130
61
106
71
2
84
102
83
83
39
90
90
1
17
126
132
136
80
144
112
4
51
33
33
1
14
54
82
108
62
60
144
37
117
115
85
34
141
100
35
8
120
59
9
67
88
68
7
113
60
95
107
53
12
143
32
36
41
25
13
23
142
22
15
85
140
138
72
139
48
49
69
135
68
47
52
87
128
141
40
45
47
66
109
99
62
103
124
127
136
17
74
45
104
26
103
125
138
127
6
82
55
95
21
67
16
2
105
75
73
44
70
91
8
98
24
3
64
42
50
58
112
110
10
9
137
140
137
135
24
116
22
119
19
77
21
38
123
133
64
129
79
52
43
14
76
115
74
122
107
143
142
102
91
46
26
65
139
36
131
10
79
109
123
3
75
100
97
88
133
54
81
134
32
114
72
71
73
38
104
18
4
87
18
130
70
6
89
48
98
29
20
11
61
89
16
42
114
66
28
30
118
5
94
53
134
29
65
11
12
57
92
131
27
69
126
55
46
93
93
30
129
106
13
105
120
99
93
41
43
51
54
14
27
142
11
75
127
34
118
94
132
106
56
20
141
140
57
22
93
85
51
79
13
53
107
66
120
37
69
60
113
14
5
119
12
65
133
72
28
125
89
83
137
61
111
126
96
52
47
40
99
108
57
131
13
4
101
64
16
138
97
32
121
104
117
33
95
36
25
24
119
44
20
82
112
115
9
112
88
42
141
122
2
45
72
120
62
38
65
58
98
81
91
83
101
17
40
3
109
23
54
48
84
71
129
5
128
136
66
132
133
134
50
129
78
81
29
76
43
95
64
39
45
128
70
33
46
79
77
122
71
138
104
113
62
105
59
3
125
35
58
90
59
39
116
16
130
100
109
110
35
19
88
123
80
96
34
7
86
11
18
139
8
22
111
2
143
114
73
117
77
89
70
24
130
49
92
82
41
15
90
137
135
52
136
63
26
47
126
31
144
124
74
110
97
107
91
75
6
38
1
102
124
21
30
73
50
106
67
87
8
10
140
27
68
53
142
84
143
80
25
127
114
69
18
115
102
26
74
135
17
48
108
67
30
37
23
32
94
103
12
134
116
60
123
10
36
7
4
98
121
78
139
46
31
76
55
15
49
1
144
92
87
100
55
103
105
44
29
68
19
6
28
21
131
42
56
61
86
63
9
118
85
12
24
36
35
23
22
21
9
10
11
12
24
36
48
60
72
84
96
95
83
82
81
93
92
104
105
117
118
119
120
108
107
106
94
93
81
69
70
58
59
47
46
34
33
32
20
19
31
43
44
56
57
45
44
32
31
30
29
17
18
6
5
4
3
15
14
26
27
28
16
4
3
2
1
13
25
37
49
50
62
63
64
76
77
89
88
87
75
74
73
61
49
37
38
39
51
52
40
41
53
54
66
78
79
80
68
67
55
43
42
54
55
56
68
67
66
65
77
78
90
102
103
115
127
128
116
104
105
117
129
130
131
132
144
143
142
141
140
139
138
126
114
113
101
100
112
111
99
98
110
122
134
133
121
109
97
85
86
87
88
89
101
100
99
111
123
135
136
137
125
124
123
122
110
109
121
133
134
135
136
124
125
137
138
126
127
139
140
141
142
143
144
132
120
108
107
95
96
84
72
71
59
60
48
47
35
23
11
10
9
8
7
8
7
6
5
17
16
15
14
2
1
13
25
26
38
50
51
63
62
61
73
85
97
98
86
74
75
76
64
65
53
52
40
39
27
28
29
41
42
30
18
19
20
21
22
34
33
45
46
58
57
69
70
71
83
82
94
106
118
119
131
130
129
128
116
115
103
91
79
80
92
91
90
102
114
113
112
1
2
3
15
14
26
38
37
25
13
1
2
3
4
5
6
7
8
20
19
31
43
44
56
57
45
46
34
22
10
9
21
33
32
44
43
42
30
29
17
16
28
27
39
51
50
62
63
64
52
53
41
40
52
51
63
75
87
86
74
73
85
97
109
110
122
123
111
99
98
97
109
121
133
134
135
136
137
125
126
114
102
103
91
92
104
116
115
127
139
138
137
136
124
112
113
101
100
88
89
77
78
79
67
55
54
66
65
64
76
77
65
53
54
66
78
90
91
79
80
81
69
70
71
59
58
57
45
46
47
35
23
11
12
24
36
48
60
72
84
83
82
94
93
105
106
118
117
129
130
131
132
144
143
142
141
140
128
116
104
92
93
105
117
118
119
120
108
96
95
107
119
131
130
142
143
144
132
120
108
107
95
96
84
83
71
72
60
48
36
24
12
11
10
9
21
20
8
7
6
18
17
5
4
16
15
14
13
25
37
49
61
49
61
73
85
86
98
110
122
121
133
134
135
123
124
125
113
114
126
138
139
140
141
129
128
127
115
103
102
90
89
101
100
112
111
99
87
88
76
75
74
62
50
38
26
27
39
40
28
29
41
42
30
18
19
31
32
33
34
22
23
35
47
59
58
70
69
68
67
55
56
68
80
81
82
94
106
33
26
140
60
86
72
91
22
31
105
16
111
14
45
115
38
30
128
125
6
137
103
36
121
16
14
25
55
123
117
8
48
129
73
65
49
49
90
131
98
90
68
123
21
23
37
43
19
144
141
39
94
27
77
11
50
34
35
64
9
80
62
34
104
62
60
5
80
52
141
15
103
118
109
12
142
12
138
76
89
41
96
18
61
89
94
3
139
119
120
75
1
139
22
99
84
112
109
119
56
10
2
29
101
28
93
40
77
20
100
33
67
82
32
137
6
88
83
91
78
46
136
50
63
105
122
20
127
120
124
84
113
31
136
110
13
135
4
42
121
140
66
38
58
106
71
29
95
54
79
125
51
47
75
56
44
73
46
83
135
44
15
71
11
74
2
85
113
114
66
48
124
7
97
69
134
47
78
35
19
114
98
13
81
17
116
45
57
69
36
53
102
99
79
116
43
24
61
92
54
97
132
74
144
37
130
115
126
95
30
81
18
70
24
3
117
132
142
92
55
52
131
1
17
72
87
28
111
122
88
102
41
59
96
128
42
118
70
65
143
100
76
126
93
4
64
133
23
8
101
9
59
39
86
129
26
58
85
108
107
25
127
104
108
134
40
68
133
53
138
87
27
110
67
106
21
130
57
63
10
107
7
143
32
51
82
112
5
111
88
129
118
34
128
33
132
81
101
131
76
19
126
88
97
31
129
44
24
94
41
139
29
2
127
134
30
143
111
80
84
63
74
105
77
32
39
70
45
57
92
54
3
135
95
73
99
50
56
22
9
47
44
64
125
82
14
140
65
69
85
106
101
135
20
116
21
110
60
105
40
128
107
27
130
59
122
117
103
77
103
78
29
93
1
7
52
31
55
89
138
107
85
68
132
119
86
11
96
16
83
42
78
12
143
55
98
86
43
66
46
22
54
26
8
14
34
53
51
49
38
4
91
71
45
62
95
67
125
72
137
61
113
108
74
35
76
87
25
120
84
16
114
27
42
144
37
131
5
109
25
94
141
102
6
118
136
138
23
121
79
49
28
17
20
115
6
97
122
79
51
140
67
57
104
136
90
7
141
127
126
133
46
116
121
113
33
13
23
73
109
117
35
82
11
124
72
139
37
64
10
65
26
36
123
133
87
134
36
115
13
38
75
32
12
48
2
53
80
10
100
3
43
58
4
9
112
41
58
18
104
83
137
112
75
17
68
100
71
144
56
142
52
59
124
130
92
98
142
99
81
40
120
63
1
21
89
102
24
61
70
96
39
69
50
60
114
15
28
15
47
19
108
119
5
90
110
30
66
18
91
106
93
123
8
48
62
