##Rat 4 Day 2
 ##rewards
126
113
47
##Vertices
120
129
10
58
34
97
75
7
100
114
133
78
43
17
6
47
128
93
118
90
39
7
25
79
65
53
59
96
12
93
100
107
87
37
129
46
80
73
12
101
106
131
49
34
57
139
72
117
122
58
13
136
143
125
74
40
54
103
118
57
23
135
13
18
91
20
113
86
91
2
102
112
135
143
4
80
113
42
122
22
105
23
82
130
50
96
74
108
112
2
137
56
6
21
140
109
123
114
28
48
61
8
108
39
87
32
36
110
71
98
40
77
69
29
144
125
33
37
89
70
116
36
1
101
19
124
102
18
133
35
10
30
132
69
44
3
16
26
119
46
24
84
115
92
55
41
66
50
62
38
70
29
1
117
111
62
28
84
109
11
25
16
107
105
76
141
11
85
32
45
19
49
99
142
52
127
15
17
128
51
81
14
83
47
104
106
61
83
64
67
44
68
43
123
141
124
35
142
92
79
85
24
26
59
88
33
73
27
140
67
119
120
86
78
66
63
55
110
5
137
3
134
64
30
132
127
15
126
21
51
72
82
31
22
42
71
60
130
31
131
56
121
95
41
63
121
138
99
81
48
97
104
76
95
52
77
139
53
94
98
144
103
20
138
54
116
115
134
27
9
5
68
94
88
45
8
9
90
75
14
89
136
60
111
38
65
126
4
125
90
137
1
37
73
9
53
42
96
69
73
31
112
4
134
141
43
120
49
59
18
125
123
135
13
3
110
1
51
95
63
128
39
118
84
8
65
50
108
23
9
120
110
128
84
77
66
104
141
126
89
41
92
85
12
107
83
27
130
44
142
28
92
32
77
36
55
88
28
4
123
21
122
101
117
48
60
65
142
144
16
116
56
129
46
72
32
45
62
56
64
45
117
114
91
132
57
139
21
19
67
5
115
132
76
18
40
30
42
41
118
70
122
135
36
144
89
90
100
68
91
95
88
26
26
94
140
111
127
20
2
104
11
43
3
24
133
105
67
19
46
129
47
60
143
75
127
71
82
99
143
31
38
121
61
59
10
7
16
63
137
76
38
15
119
25
80
10
136
52
54
20
87
111
109
6
68
25
99
71
116
81
70
6
114
78
17
53
131
113
98
29
82
138
14
126
85
121
106
13
139
94
112
48
44
69
108
37
30
40
61
14
103
57
133
109
131
33
103
93
138
12
107
100
34
119
72
39
102
35
75
96
29
52
58
97
136
62
78
47
8
2
93
22
105
97
34
80
23
81
24
134
86
124
74
83
79
98
33
17
11
124
106
51
7
50
79
102
49
54
55
27
86
115
74
64
113
140
22
15
87
5
101
58
66
130
35
12
24
23
22
10
11
12
24
36
35
47
59
58
57
69
68
67
79
91
103
115
116
104
105
117
129
128
140
139
127
126
138
137
125
124
112
111
123
135
136
137
138
139
140
141
142
130
131
143
144
132
120
119
118
106
107
108
96
84
83
82
70
71
72
60
48
36
35
34
46
45
44
43
42
41
53
65
66
54
55
56
44
32
33
21
9
8
7
19
18
6
5
17
16
15
3
4
5
6
7
8
20
19
31
30
29
28
40
52
64
63
62
50
49
61
73
85
86
87
99
98
97
109
121
122
110
111
99
100
88
89
77
76
75
74
73
61
49
37
38
26
14
2
1
13
25
37
38
39
51
52
64
65
53
54
55
56
68
80
92
93
94
95
96
108
107
106
105
104
103
102
90
78
66
67
79
78
77
76
88
87
75
63
51
50
62
74
86
85
97
98
110
109
121
133
134
133
134
122
123
135
136
124
112
113
125
126
127
128
129
141
142
130
131
143
144
132
120
119
118
117
116
115
114
113
114
102
101
100
101
89
90
91
92
80
81
69
57
58
70
82
81
93
94
95
83
84
72
71
59
60
48
47
46
45
33
34
22
23
11
10
9
21
20
32
31
43
42
30
29
41
40
39
27
28
27
15
14
26
25
13
1
2
3
4
16
17
18
133
121
122
123
135
134
133
121
109
110
98
86
87
88
76
77
78
66
54
42
30
29
41
40
28
16
17
5
6
18
19
7
8
20
21
33
34
22
10
9
8
7
6
5
4
3
15
14
2
1
13
25
26
27
39
38
37
49
61
62
63
75
74
73
85
97
109
110
111
99
100
101
102
103
104
92
80
79
91
90
89
101
113
112
124
136
137
138
126
127
139
140
128
129
130
142
141
140
139
138
137
125
126
114
115
116
117
105
93
81
82
83
95
96
84
72
60
59
58
46
47
48
36
24
23
35
34
46
45
57
56
68
69
70
71
72
84
96
108
107
119
131
143
144
132
120
108
107
106
94
93
81
80
92
91
90
89
77
65
53
52
51
50
49
37
38
39
40
41
42
43
55
67
79
78
66
67
68
69
57
58
70
82
94
95
83
71
59
60
48
47
35
36
24
12
11
12
11
23
22
10
9
21
33
32
20
19
18
17
16
4
3
15
14
2
1
13
25
26
27
28
29
30
31
32
31
43
44
45
44
56
55
54
53
65
64
76
88
87
75
63
64
52
51
50
62
61
73
74
86
85
97
98
99
100
112
111
123
122
134
135
136
124
125
113
114
102
103
115
116
104
105
106
118
117
118
130
131
119
120
132
144
143
142
141
129
128
127
10
118
40
107
103
76
44
16
20
96
4
82
91
34
139
6
108
140
38
17
113
89
93
136
44
63
133
130
35
122
29
106
119
61
8
54
33
119
89
130
62
15
134
55
105
24
58
126
34
5
41
83
27
47
142
102
30
67
56
110
82
83
7
66
35
50
36
73
114
69
124
138
90
76
140
33
91
81
13
79
112
117
72
60
45
75
92
21
25
46
137
53
57
65
26
86
125
87
121
28
46
131
74
8
60
78
41
135
137
26
129
143
51
99
92
12
48
71
12
27
87
53
129
19
133
20
141
143
127
66
84
75
49
9
95
118
122
144
105
61
40
51
98
4
31
9
134
113
81
70
120
77
68
42
68
43
135
19
109
7
104
50
80
49
39
79
100
88
108
67
111
48
77
123
97
101
52
106
64
2
101
65
23
55
128
126
52
11
11
111
100
96
42
93
117
14
107
80
29
62
128
98
18
6
71
131
72
69
86
115
3
36
1
95
142
24
32
127
132
85
59
104
103
2
17
59
43
31
110
94
136
141
5
109
32
125
14
13
63
123
132
25
57
97
94
22
23
16
138
114
21
116
45
22
121
78
15
28
39
139
1
58
54
90
102
3
144
116
47
85
99
74
124
115
38
84
56
112
10
70
37
30
64
120
88
37
73
18
99
61
137
112
25
43
104
134
12
56
69
35
3
9
140
33
1
4
28
121
130
82
81
2
22
32
136
126
132
135
81
29
67
7
51
130
114
82
54
76
32
128
54
138
144
63
9
85
80
97
113
70
118
74
73
139
108
57
53
122
30
61
62
85
88
29
64
66
136
15
55
133
129
72
23
106
10
52
23
124
119
84
103
115
114
37
5
95
139
8
121
116
99
138
111
17
72
31
25
119
56
31
105
20
17
63
141
66
41
93
58
14
125
71
47
107
36
94
102
39
78
8
37
86
79
12
116
10
100
132
57
38
38
26
108
129
101
144
27
22
109
70
135
19
65
77
55
49
92
115
120
19
46
117
128
4
86
98
94
112
97
113
30
74
64
80
68
143
125
89
87
75
53
16
98
79
50
16
43
102
28
18
48
143
142
62
50
131
75
120
44
11
45
48
96
60
95
67
35
15
18
83
107
44
60
3
11
5
47
6
73
78
42
49
134
137
104
111
83
40
42
110
59
90
126
59
91
100
41
87
20
40
84
77
127
122
69
93
46
142
13
24
141
109
127
90
89
36
133
39
51
118
13
123
34
45
106
68
140
131
71
124
105
52
117
103
21
6
76
101
91
21
34
92
14
123
110
26
1
96
65
24
27
7
2
33
88
58
144
143
131
119
120
108
96
84
83
82
81
80
68
67
55
56
44
32
31
43
42
54
66
65
53
52
51
63
62
61
73
85
97
109
110
111
112
113
125
137
136
124
123
122
134
133
121
109
97
98
86
74
75
76
64
52
40
39
27
28
16
17
18
19
7
6
5
4
3
15
14
2
1
13
25
37
49
50
38
26
27
39
51
63
64
76
88
87
99
100
101
102
90
91
79
78
77
89
88
100
101
113
114
115
116
128
127
126
138
139
140
141
129
130
142
141
140
128
116
117
118
106
94
95
107
108
96
84
72
71
70
69
57
45
46
34
35
36
48
47
59
60
48
36
24
12
11
23
22
10
9
8
20
21
33
32
31
30
29
41
42
43
44
56
55
67
79
91
103
104
105
93
105
104
92
93
92
80
68
69
81
82
94
106
118
117
129
130
142
143
131
132
144
132
120
119
107
95
83
71
72
60
59
58
70
58
57
45
46
47
35
23
24
12
11
10
22
34
33
21
9
8
20
19
7
6
5
17
18
30
29
41
40
28
16
4
3
15
14
2
1
13
25
26
38
37
49
50
62
61
73
85
86
74
75
87
99
98
110
122
121
133
134
135
136
135
123
111
112
124
125
137
138
139
127
126
114
115
103
102
90
78
66
54
53
65
77
89
1
13
25
37
49
50
38
26
14
2
3
15
27
28
40
52
53
65
64
76
88
87
75
74
73
85
86
98
97
109
121
122
123
124
136
137
125
113
101
89
90
102
103
91
79
67
68
80
81
69
57
56
44
43
55
54
66
78
77
89
101
100
99
111
110
109
97
85
73
61
62
63
51
39
40
41
29
30
42
41
29
17
5
4
16
28
27
39
51
52
64
76
88
100
112
113
114
115
127
128
129
141
142
130
118
117
116
104
92
93
105
106
94
95
107
108
120
119
131
132
144
143
142
141
140
139
138
126
114
102
103
104
92
93
105
106
94
82
70
71
83
84
72
60
48
47
59
58
46
34
22
21
20
32
33
45
44
32
31
19
7
8
9
10
11
12
24
23
35
36
48
47
35
36
24
12
11
23
22
10
9
21
33
34
46
45
57
56
68
69
70
58
59
60
72
71
83
82
81
80
79
91
90
78
77
65
53
54
66
67
55
43
42
30
31
19
20
8
7
6
18
17
18
6
5
4
16
15
3
2
1
13
14
26
25
37
38
50
49
61
62
63
75
74
86
98
110
122
121
133
134
133
134
135
123
135
136
137
138
139
140
128
129
130
131
143
144
132
120
108
96
84
96
95
107
119
118
117
116
115
127
126
125
124
112
111
99
87
44
25
14
94
121
112
39
139
128
100
30
68
106
48
10
49
138
134
30
91
75
76
45
12
41
84
47
83
21
96
17
139
67
49
15
66
43
25
73
40
138
3
119
102
6
54
72
24
132
8
65
51
85
51
74
14
15
26
56
71
77
48
2
113
27
124
37
29
20
19
136
123
79
107
18
92
3
86
118
32
103
50
45
47
141
99
109
23
16
131
108
99
117
22
116
84
91
38
112
20
9
5
98
4
95
104
53
78
26
111
29
130
61
88
34
60
101
142
60
88
110
89
125
27
120
9
4
63
52
143
55
69
140
73
68
110
28
87
106
97
109
44
78
85
127
1
135
72
54
35
62
121
33
1
70
93
90
2
46
120
133
126
12
23
137
70
46
93
42
58
89
58
129
33
87
6
90
105
114
31
80
97
77
43
80
24
119
7
8
101
52
62
81
105
38
76
116
86
56
21
115
81
135
83
108
59
40
32
79
28
11
17
144
130
41
64
66
134
132
65
82
123
34
143
144
37
13
39
107
74
69
50
16
128
140
95
100
13
122
71
18
42
104
131
114
124
113
126
92
5
111
22
59
118
129
19
96
67
82
31
11
57
127
55
141
57
133
35
136
94
142
53
75
7
125
122
98
36
64
115
102
10
137
117
63
103
36
61
2
4
60
94
105
67
123
126
117
103
17
80
14
95
78
76
135
94
79
128
123
142
137
139
40
109
52
61
118
1
6
79
48
36
38
92
136
104
137
116
119
51
1
28
125
24
33
66
31
93
98
31
124
17
41
143
67
12
115
111
32
25
18
56
60
53
114
113
77
142
27
85
88
29
103
144
83
59
85
133
109
43
131
138
30
54
3
72
2
128
51
12
34
68
19
5
102
22
97
124
90
107
80
91
40
89
81
53
101
29
117
92
130
35
43
78
112
71
105
71
108
131
37
11
38
84
98
114
73
110
50
100
45
26
73
26
4
21
48
97
84
47
10
111
39
93
24
65
14
64
28
120
10
32
83
23
66
21
52
138
141
89
44
63
144
75
101
121
132
46
50
116
82
122
125
33
96
136
54
44
130
129
49
126
129
63
47
121
27
3
34
119
59
102
82
140
6
39
16
134
122
55
42
106
132
57
127
11
104
140
20
15
65
95
37
36
107
55
99
87
108
96
13
77
135
58
100
7
49
113
61
70
72
69
57
9
141
64
35
99
7
74
16
106
46
58
68
62
30
88
70
25
112
41
8
87
13
45
62
86
127
86
15
133
69
76
134
8
5
81
139
90
23
19
56
42
118
143
120
91
20
115
75
9
22
110
74
18
144
143
142
130
118
106
107
95
83
71
72
84
96
108
120
119
131
132
120
108
96
84
83
82
94
93
81
80
68
67
55
54
53
65
77
78
79
91
103
115
114
113
125
126
138
137
136
135
123
111
112
124
136
137
138
139
140
141
129
117
116
128
127
115
116
104
105
93
92
80
79
67
66
54
42
43
44
45
57
58
59
47
46
34
35
23
22
21
9
8
20
32
31
19
7
6
18
17
29
41
40
28
27
26
25
13
1
2
14
15
3
4
5
6
7
8
9
10
11
12
24
36
48
60
72
71
70
69
68
56
55
43
42
30
29
41
40
39
38
50
62
63
51
52
64
76
75
74
73
85
86
87
88
89
90
102
101
100
99
98
110
122
134
133
121
109
97
85
73
61
49
61
62
74
75
87
86
98
97
109
110
122
121
133
134
135
123
124
112
111
99
100
101
113
125
126
114
102
103
104
92
91
90
89
88
76
77
78
66
65
53
52
64
63
51
50
49
37
25
37
38
39
27
26
14
13
1
2
3
15
16
28
16
4
5
17
18
30
31
19
20
21
33
34
35
23
22
10
11
12
24
36
48
60
59
47
46
45
33
32
44
56
57
58
70
69
81
82
94
106
105
117
118
130
129
128
127
139
140
141
142
143
144
132
131
119
107
95
1
2
3
4
5
17
16
28
27
39
40
41
42
43
31
32
44
56
55
67
68
80
81
69
70
82
83
84
72
60
59
71
70
58
57
45
33
21
20
8
9
10
11
12
24
23
35
36
48
47
46
34
22
10
9
8
7
19
18
30
29
28
27
15
14
26
25
37
49
61
62
63
51
52
53
65
66
54
55
56
57
58
46
45
44
43
42
41
40
39
38
50
49
61
73
74
75
76
77
89
101
113
112
100
99
98
97
109
121
122
123
111
110
109
97
85
86
87
88
100
112
124
136
137
138
126
114
102
90
91
92
93
94
95
96
108
120
132
144
143
142
141
129
128
140
139
127
115
103
104
105
117
116
104
105
106
118
130
131
119
107
106
118
117
116
115
103
91
79
78
90
89
77
78
79
80
92
93
94
82
81
69
68
67
66
54
53
52
51
50
62
63
64
65
64
76
88
87
75
74
73
85
86
98
99
111
110
122
123
135
134
133
121
133
134
135
136
137
125
124
125
113
101
102
114
126
138
139
127
128
140
141
129
130
142
143
144
132
131
119
120
108
107
95
96
84
83
71
72
60
59
47
48
36
24
12
11
23
35
34
22
21
33
32
20
19
31
30
29
17
18
6
7
6
5
4
16
15
3
2
14
26
38
37
25
13
1
13
