##Rat 6 Day 17
 ##rewards
83
94
16
##Vertices
144
132
120
119
118
117
129
128
127
126
138
139
140
141
142
130
131
143
142
141
140
139
127
115
116
104
103
91
90
78
77
65
53
54
55
67
79
80
81
82
70
58
59
71
72
60
48
36
35
34
46
47
48
60
72
84
96
108
107
106
94
95
83
82
94
93
105
104
92
91
79
78
66
65
64
76
88
100
101
113
125
124
112
111
123
122
110
98
97
85
86
87
75
74
73
61
62
50
51
52
40
39
27
15
3
2
1
13
14
26
25
37
49
61
73
85
97
109
121
133
134
135
136
137
138
126
114
102
90
89
77
76
64
63
51
52
40
28
16
17
18
30
29
41
42
43
31
19
7
8
20
32
44
56
68
69
57
45
33
21
22
23
24
12
11
10
9
8
7
6
5
6
18
19
31
32
20
21
9
10
22
23
11
12
24
36
35
47
46
34
33
45
57
58
59
71
70
69
81
93
92
80
68
56
44
43
55
67
66
54
53
41
42
30
29
17
5
4
3
4
16
28
27
15
14
2
1
13
25
26
38
39
38
37
49
50
62
63
75
74
86
98
99
111
123
122
110
109
121
133
134
135
136
137
125
124
112
100
99
87
88
89
101
113
114
102
103
115
116
117
105
106
118
119
107
95
83
84
96
108
120
132
144
143
131
130
129
128
12
24
36
35
34
33
21
20
19
18
6
7
8
9
10
22
23
11
10
9
8
7
19
31
32
44
43
55
54
66
65
77
89
90
91
79
67
68
69
70
82
94
95
83
84
96
108
120
119
118
106
107
108
96
84
72
60
48
47
46
58
59
71
70
58
57
45
44
56
55
67
66
78
77
76
64
52
40
41
29
17
16
28
27
15
14
26
38
37
49
50
51
63
62
61
73
74
86
87
88
100
99
111
123
135
134
133
121
122
110
109
97
85
73
61
49
37
25
13
1
2
3
4
5
6
18
30
42
54
53
65
64
76
75
87
88
100
112
124
125
126
114
113
101
102
103
115
127
139
140
128
116
104
92
80
81
93
105
117
129
130
131
132
144
143
142
141
140
139
138
137
138
126
127
115
116
128
129
141
142
130
131
143
144
132
120
119
107
106
118
117
105
93
94
95
83
82
81
69
57
56
68
80
92
104
103
91
79
78
90
89
101
102
114
113
125
137
136
135
136
124
112
111
123
122
134
133
121
109
110
98
99
98
97
85
86
74
75
63
62
50
38
39
27
15
14
26
25
13
1
2
3
4
5
17
16
28
40
39
51
52
53
41
29
30
42
43
31
32
33
45
46
34
35
47
59
71
72
60
48
36
24
12
11
23
22
21
20
97
74
105
141
50
62
62
140
90
79
13
7
5
70
99
67
126
15
11
109
52
49
139
83
144
9
21
102
100
137
1
95
74
96
12
49
88
14
24
42
78
119
93
129
89
85
11
61
138
143
31
28
23
34
51
9
76
121
53
133
95
73
63
78
112
55
125
16
27
37
55
38
124
10
72
107
115
22
58
80
130
136
17
106
41
53
118
2
13
3
119
23
129
124
110
34
20
30
111
33
59
87
93
64
75
128
98
131
127
127
109
100
35
65
10
29
77
132
66
73
58
77
123
90
92
54
105
33
139
85
51
24
47
94
104
98
126
130
86
46
135
14
28
50
7
117
36
18
81
43
142
108
21
108
115
43
79
44
142
91
101
123
3
2
32
113
54
94
114
110
25
40
134
48
76
64
141
59
15
96
125
72
86
4
56
88
29
114
25
104
57
42
135
122
112
52
12
8
60
137
26
80
56
128
61
82
48
91
6
102
67
1
26
138
83
121
16
46
20
27
120
69
81
140
38
87
35
5
19
122
106
69
84
39
68
133
22
97
103
143
92
44
82
32
134
75
40
18
117
41
71
65
47
66
101
63
68
84
36
136
132
19
89
30
70
116
37
113
45
57
131
107
60
45
116
71
120
8
4
39
144
111
6
17
31
118
99
103
76
76
36
143
111
43
32
89
131
65
36
11
116
69
137
24
121
26
143
79
66
139
33
56
18
11
34
136
78
81
138
45
49
88
3
77
9
32
4
112
27
119
124
19
39
129
109
48
10
20
128
142
4
113
73
20
44
14
1
48
72
31
55
125
109
98
100
94
13
5
40
83
7
15
74
28
22
27
29
35
46
104
141
67
41
63
128
91
19
10
133
41
5
115
133
12
60
61
31
126
93
57
95
121
141
67
3
129
42
85
101
50
59
14
37
126
53
37
23
69
80
47
40
42
16
92
52
2
68
7
75
123
100
104
114
75
25
125
114
16
63
72
82
57
107
140
91
118
110
51
9
99
117
90
127
26
144
6
136
6
132
21
33
45
84
102
22
53
47
80
103
110
86
96
62
89
116
105
71
111
77
29
82
1
23
2
81
99
24
71
97
117
35
134
18
88
58
54
107
118
92
106
95
49
73
34
86
87
59
132
46
135
103
124
64
134
115
98
15
62
60
108
28
120
66
140
55
85
25
135
83
17
54
68
61
39
101
138
94
122
97
17
102
87
84
65
30
105
79
44
64
112
56
90
38
106
78
113
12
52
96
120
93
130
130
108
13
144
70
8
30
74
131
123
70
43
139
50
58
137
127
51
21
38
119
142
122
8
1
13
25
37
38
50
49
61
73
85
97
109
121
133
134
122
123
135
136
124
112
100
101
89
88
76
75
63
64
65
66
54
42
43
31
30
29
17
16
28
27
15
14
2
3
4
5
6
7
8
20
21
9
10
11
12
24
36
48
47
35
23
22
34
46
45
57
56
68
80
81
69
70
58
59
71
83
95
107
108
96
84
72
60
48
36
35
34
33
32
44
45
33
32
31
19
18
30
42
41
40
52
53
65
77
78
90
91
79
67
55
54
53
41
29
28
40
39
51
52
64
63
62
74
86
87
99
98
110
111
112
113
125
137
138
126
127
139
140
128
129
141
142
130
131
143
144
132
120
119
118
106
94
93
105
104
103
102
114
115
116
117
118
106
105
93
92
104
103
102
101
113
125
137
138
139
127
126
114
115
116
117
129
128
140
141
142
130
131
143
144
132
120
119
107
108
96
95
94
82
81
82
70
71
83
84
72
60
59
47
46
58
57
69
68
56
44
43
55
67
66
78
79
80
92
91
90
89
77
76
75
74
62
50
51
39
27
26
38
26
14
15
16
17
18
19
20
21
22
23
24
12
11
10
9
8
7
6
5
4
3
2
1
13
25
37
49
61
73
85
86
98
97
109
110
122
121
133
134
135
136
124
123
111
99
100
88
87
133
134
122
110
111
123
135
136
137
125
126
138
139
127
115
116
128
140
141
129
117
118
119
131
130
142
143
144
132
120
108
96
95
83
82
94
93
105
104
103
91
90
78
77
89
101
102
114
113
112
100
99
98
86
85
97
109
121
133
134
135
123
124
112
100
88
87
75
76
64
63
62
50
49
61
73
74
75
63
51
52
40
39
27
15
14
26
38
37
25
13
1
2
3
4
16
17
5
6
7
8
20
19
18
30
31
43
44
45
46
34
22
10
9
21
33
32
31
30
29
28
40
41
42
54
53
65
66
67
79
80
81
69
68
56
55
43
44
32
33
34
35
23
11
12
24
36
48
60
72
84
96
108
107
106
105
117
116
104
92
93
81
82
70
71
59
58
57
45
46
47
59
47
35
23
11
12
24
36
48
60
72
84
83
71
70
58
57
69
68
56
55
67
66
54
42
41
53
65
77
76
64
52
51
39
27
28
29
17
18
19
20
21
22
10
9
8
7
6
5
4
16
15
3
2
1
13
14
26
25
37
38
50
49
61
62
74
73
85
86
98
97
109
121
122
110
111
99
87
88
89
90
78
79
80
92
91
103
115
127
126
114
102
101
113
125
124
136
137
138
139
140
128
129
141
142
130
131
143
144
132
120
119
118
106
94
95
107
98
31
13
46
86
81
123
76
92
22
63
52
103
106
7
40
58
76
34
42
72
99
141
66
16
41
138
39
20
142
128
6
19
6
93
80
119
41
65
139
113
97
137
24
114
31
68
108
53
25
60
21
112
27
25
75
61
2
95
133
30
60
71
134
129
69
54
61
104
9
64
49
100
114
68
84
57
55
67
87
32
98
18
92
136
137
90
125
73
126
101
2
3
134
33
107
129
1
23
141
58
30
56
139
138
48
143
44
56
28
74
67
82
84
116
59
42
24
135
82
14
65
4
110
108
50
21
117
85
106
112
7
99
43
131
110
119
10
5
64
101
125
10
11
38
77
22
128
27
36
111
122
96
91
124
144
35
29
16
32
77
13
8
28
80
69
59
70
127
90
121
17
93
17
38
35
104
113
26
51
96
130
29
50
88
83
40
140
115
15
123
20
48
75
70
46
11
66
109
122
78
37
18
47
36
135
12
34
116
126
109
3
118
103
91
43
49
89
47
143
88
83
95
117
81
44
120
127
97
118
4
89
5
39
144
115
37
45
85
45
120
102
111
19
52
100
53
105
23
54
79
9
79
12
121
136
87
132
62
1
131
15
133
72
124
26
73
51
62
102
94
132
14
142
71
78
63
140
86
57
8
74
107
33
130
55
94
105
96
113
5
26
70
117
95
122
23
107
124
18
133
103
34
21
19
63
118
33
99
74
144
117
136
12
64
17
83
84
122
46
15
102
35
40
2
4
16
32
20
112
68
108
93
87
62
126
75
131
28
15
9
123
81
49
138
65
74
7
44
102
85
115
13
86
56
73
23
133
85
1
130
137
91
3
132
139
105
123
105
5
49
111
38
78
137
9
12
130
86
25
141
110
76
115
42
81
125
82
142
100
61
88
39
8
95
70
10
119
87
80
53
101
6
30
120
143
109
104
40
79
116
90
100
55
77
135
71
55
91
44
27
127
108
82
36
88
98
142
114
121
34
94
45
7
134
69
66
38
41
143
131
63
31
31
92
64
8
83
120
73
27
60
97
106
124
118
104
140
42
93
16
59
26
22
129
79
39
36
128
14
29
58
58
67
109
19
53
30
43
24
78
89
135
72
14
140
52
103
59
3
114
57
136
6
72
20
107
92
89
97
37
43
47
46
22
51
111
129
132
119
25
125
35
54
62
41
127
51
121
47
4
101
68
80
126
98
10
144
76
56
54
141
45
33
50
110
99
113
71
37
139
24
57
75
128
67
66
65
18
106
11
2
116
21
84
50
1
77
61
13
32
52
29
60
17
69
90
48
48
28
112
94
11
134
138
96
133
121
109
110
122
123
124
136
135
134
133
121
109
97
85
73
61
49
50
62
63
64
52
53
41
40
28
27
26
25
37
38
39
51
52
64
76
75
87
86
98
99
111
112
113
125
126
114
102
101
89
88
100
101
113
114
115
116
128
127
139
140
141
142
130
131
119
118
117
129
141
142
143
144
132
120
108
96
95
83
82
81
69
68
56
57
58
70
71
72
84
96
108
107
106
94
93
105
104
92
91
79
67
66
65
77
78
90
102
103
91
90
89
77
78
79
80
68
67
55
43
42
30
18
17
29
41
40
28
16
15
14
13
1
2
3
4
5
6
7
19
31
32
44
45
33
34
46
47
35
23
11
12
24
36
48
60
59
58
57
56
44
45
46
34
22
10
9
8
20
21
22
23
35
36
24
12
11
10
9
21
20
8
7
19
18
6
5
4
3
2
1
13
25
37
38
50
49
61
73
74
86
85
97
98
110
122
134
135
136
137
138
137
138
139
140
128
129
130
131
143
144
132
120
119
107
95
94
82
83
84
72
60
48
47
59
71
70
69
81
80
92
93
105
106
118
117
116
104
103
115
127
126
125
124
123
111
112
100
99
87
88
76
75
74
62
63
51
39
27
26
14
15
16
17
29
30
42
54
66
65
53
54
55
43
31
32
33
12
11
10
22
23
35
47
48
36
24
12
11
10
9
8
7
6
5
17
18
30
42
41
53
52
40
39
27
15
3
4
16
28
29
41
42
43
31
32
20
21
33
34
46
58
59
71
70
69
57
56
44
45
57
58
70
82
94
95
83
84
96
108
120
119
131
130
118
106
107
108
120
132
144
143
142
141
140
128
127
115
103
102
90
89
101
113
114
126
138
139
140
141
129
117
116
104
105
93
92
80
79
78
66
54
55
67
68
69
81
80
68
56
55
67
79
91
90
78
77
76
64
63
62
50
51
52
40
39
38
26
14
2
1
13
25
37
49
61
73
74
75
87
88
100
99
111
112
124
123
122
121
133
134
135
136
137
125
113
101
89
88
100
112
111
110
109
97
85
86
98
110
122
123
135
134
133
121
109
97
98
86
85
73
74
62
61
49
37
25
13
1
2
3
4
16
17
5
6
7
19
20
8
9
21
22
23
24
36
48
60
72
60
72
84
96
95
107
119
131
132
144
143
142
130
129
128
116
115
127
139
138
137
136
124
125
126
114
102
103
91
92
104
105
117
118
106
94
93
81
82
83
71
59
47
35
34
46
45
33
32
44
43
31
19
18
30
29
28
27
15
14
26
38
50
51
63
64
65
66
54
53
65
77
76
75
87
99
17
142
29
44
15
124
89
65
112
96
121
13
39
80
53
13
75
99
69
20
37
66
39
14
97
103
127
77
74
116
23
62
79
97
70
63
19
105
123
45
62
52
47
6
24
21
11
122
40
49
143
32
129
82
59
96
20
119
74
93
31
79
94
80
107
101
72
117
84
136
65
71
26
35
50
42
139
43
57
134
140
4
76
90
120
142
90
12
125
31
113
38
64
48
100
3
73
91
135
130
88
81
54
76
11
87
113
85
122
87
98
28
30
119
12
3
112
38
10
9
104
116
51
83
109
140
111
56
10
131
27
55
57
36
24
70
129
108
110
99
83
136
50
21
18
86
6
93
23
36
18
66
49
105
15
17
29
71
72
100
85
34
32
75
68
27
73
114
58
115
135
106
64
25
63
2
114
133
68
102
41
81
4
126
55
103
5
22
138
46
106
82
61
46
123
115
120
118
41
133
25
78
132
48
131
9
92
111
141
19
121
95
44
109
33
137
7
139
59
8
77
141
40
47
126
86
53
94
1
67
110
128
60
144
98
124
118
69
88
67
22
84
16
127
107
42
137
45
56
14
95
28
35
30
52
102
58
78
92
144
117
104
134
101
125
130
138
43
89
5
60
54
26
33
132
7
2
51
8
1
34
108
143
91
37
16
128
61
72
67
143
101
141
80
64
8
15
38
24
53
117
36
74
136
122
143
59
52
1
17
97
5
139
11
25
30
79
7
17
19
98
83
93
98
108
76
85
127
45
32
23
90
128
54
94
138
120
118
63
43
92
144
30
70
86
90
65
2
82
60
71
64
11
112
107
35
124
137
111
56
27
28
103
110
129
110
72
81
14
102
132
92
45
108
18
34
139
6
54
31
49
12
70
121
24
66
47
102
101
3
136
14
13
5
39
129
61
114
9
78
65
122
96
69
48
113
112
109
117
104
137
26
32
31
33
124
75
58
73
62
107
3
44
55
91
125
22
44
109
77
58
42
36
119
69
121
21
95
88
120
119
40
87
128
113
43
18
78
38
87
20
40
27
16
115
123
2
50
66
37
99
77
56
22
130
63
48
114
39
103
89
4
9
142
118
47
134
51
105
99
42
6
126
104
93
133
100
61
76
106
140
106
97
4
116
28
53
82
46
73
134
74
89
131
105
52
37
59
75
8
100
130
34
111
25
49
10
84
55
132
83
80
127
35
140
33
10
133
68
135
41
135
50
84
62
141
91
68
29
79
95
85
16
123
29
7
41
12
138
60
88
23
116
57
115
94
57
46
1
20
19
21
51
71
81
125
67
142
26
144
13
131
15
96
126
86
