##Rat 7 Day 21
 ##rewards
62
51
129
##Vertices
1
2
14
26
25
37
49
61
62
63
64
65
77
78
90
89
101
113
114
102
103
91
79
80
92
93
94
82
83
84
72
60
48
36
35
34
33
32
20
8
9
21
22
23
11
12
24
36
48
47
59
71
70
69
81
93
105
106
118
117
129
128
127
126
138
139
140
141
142
130
131
143
144
132
120
108
96
95
107
119
118
106
94
82
81
69
57
58
46
45
44
43
55
54
66
67
68
56
57
45
44
32
31
30
29
17
18
19
7
6
5
4
16
15
3
4
5
17
29
28
27
39
51
50
38
37
49
61
73
74
75
76
88
100
99
111
110
109
97
98
86
85
97
109
121
133
134
122
123
135
136
137
125
124
112
113
114
115
116
104
103
102
101
89
90
78
66
54
42
41
40
52
40
41
53
52
53
65
77
76
64
63
51
39
27
28
16
15
3
2
14
13
1
13
25
26
38
50
62
74
73
85
86
87
75
87
88
100
99
98
110
122
121
133
134
135
123
111
112
124
136
137
125
126
138
139
140
128
127
115
116
104
105
117
129
141
142
130
131
143
144
132
120
119
107
108
96
95
83
84
72
60
59
71
70
58
46
47
35
23
24
12
11
10
9
10
22
34
33
21
20
8
7
6
18
19
31
30
42
43
55
67
79
91
92
80
68
56
133
121
122
123
135
136
137
138
139
140
141
142
130
129
117
105
104
92
93
94
82
83
84
72
60
59
47
48
36
35
23
24
12
11
10
9
21
33
45
44
56
57
58
46
34
22
10
9
8
20
32
31
43
55
67
68
69
81
80
79
91
103
102
114
115
116
128
127
126
125
113
101
100
99
87
86
85
73
74
62
61
49
50
38
37
25
13
14
15
3
4
5
6
7
19
18
17
16
28
40
52
64
63
51
39
27
26
25
37
49
61
73
85
97
109
110
98
99
111
112
124
136
137
125
113
114
102
90
78
66
65
77
76
75
74
62
50
38
26
27
39
51
63
64
52
53
41
29
30
42
54
55
67
79
91
103
104
105
106
118
119
131
132
120
108
107
95
96
84
72
71
83
95
96
108
107
119
120
132
144
143
144
143
131
130
142
141
140
139
138
126
127
115
116
128
129
117
118
106
94
93
92
80
81
82
70
71
59
60
48
47
46
58
70
69
68
56
57
45
33
34
35
36
24
12
11
23
22
21
20
8
7
6
18
19
31
32
44
43
42
30
29
17
5
4
3
2
1
13
1
2
14
15
16
28
40
41
53
54
66
65
77
78
90
89
88
100
112
124
123
111
110
122
134
135
134
133
121
109
97
98
86
87
75
76
88
89
101
11
64
142
21
1
65
61
50
19
131
48
89
7
114
91
56
51
42
31
128
41
17
122
126
105
74
46
142
8
2
106
144
69
57
10
135
80
129
116
38
105
35
79
52
68
14
137
143
134
32
133
136
108
100
140
108
73
96
80
83
85
119
78
6
49
109
74
39
111
40
12
87
139
76
70
87
15
24
90
121
49
4
88
70
44
81
66
50
62
96
71
54
42
3
83
113
102
14
77
59
25
12
120
13
55
115
8
36
114
18
95
99
115
55
67
7
66
37
141
131
119
97
106
23
2
112
72
116
15
58
67
20
117
29
85
34
69
26
35
81
52
73
126
51
60
45
122
47
65
32
20
111
82
129
27
130
41
101
53
92
46
133
33
33
110
53
38
104
9
102
91
97
140
75
136
3
30
44
29
121
21
109
5
110
127
30
120
104
16
60
135
68
56
57
99
18
77
107
103
63
125
141
143
98
40
79
17
23
22
125
11
34
92
37
93
28
123
123
72
43
94
134
101
61
107
19
132
59
16
64
117
98
112
93
128
27
28
90
137
82
4
127
58
124
36
138
88
6
89
138
118
95
31
48
9
86
63
144
54
132
84
78
26
47
10
1
71
24
62
103
39
84
94
22
25
45
124
130
139
5
76
43
113
13
100
118
86
75
62
4
110
27
135
42
8
129
63
98
22
19
100
6
80
93
43
60
82
40
46
36
120
52
43
58
130
20
84
121
123
68
62
54
69
119
72
57
98
106
3
131
73
140
109
9
92
71
71
122
83
41
33
5
77
136
10
115
12
141
47
67
53
125
56
90
44
88
49
87
94
74
91
142
18
72
115
21
69
132
29
22
25
114
4
126
53
140
134
48
96
13
116
108
112
37
73
13
139
118
51
105
78
34
67
94
86
64
75
126
95
99
128
14
103
38
138
81
142
8
64
17
38
79
70
55
48
121
26
90
15
96
127
85
138
110
36
113
30
28
76
65
51
75
35
117
50
74
2
101
111
58
108
16
133
46
32
9
78
143
93
41
40
21
18
45
55
35
86
83
107
144
143
45
29
37
117
137
128
31
6
144
56
52
131
133
141
15
123
88
113
105
102
139
63
116
47
33
10
42
132
11
34
5
49
130
101
84
66
66
11
7
118
3
23
1
80
102
12
95
124
124
111
39
61
135
136
54
60
104
112
134
87
26
122
7
85
61
1
57
79
97
68
27
59
81
20
125
109
16
89
106
14
70
2
19
114
17
100
104
30
65
59
92
97
129
103
24
44
137
39
25
107
89
28
120
127
31
50
119
24
76
77
99
23
91
82
32
144
143
131
119
120
108
96
84
83
82
81
80
68
67
55
56
44
32
31
43
42
54
66
65
53
52
51
63
62
61
73
85
97
109
110
111
112
113
125
137
136
124
123
122
134
133
121
109
97
98
86
74
75
76
64
52
40
39
27
28
16
17
18
19
7
6
5
4
3
15
14
2
1
13
25
37
49
50
38
26
27
39
51
63
64
76
88
87
99
100
101
102
90
91
79
78
77
89
88
100
101
113
114
115
116
128
127
126
138
139
140
141
129
130
142
141
140
128
116
117
118
106
94
95
107
108
96
84
72
71
70
69
57
45
46
34
35
36
48
47
59
60
48
36
24
12
11
23
22
10
9
8
20
21
33
32
31
30
29
41
42
43
44
56
55
67
79
91
103
104
105
93
105
104
92
93
92
80
68
69
81
82
94
106
118
117
129
130
142
143
131
132
144
132
120
119
107
95
83
71
72
60
59
58
70
58
57
45
46
47
35
23
24
12
11
10
22
34
33
21
9
8
20
19
7
6
5
17
18
30
29
41
40
28
16
4
3
15
14
2
1
13
25
26
38
37
49
50
62
61
73
85
86
74
75
87
99
98
110
122
121
133
134
135
136
135
123
111
112
124
125
137
138
139
127
126
114
115
103
102
90
78
66
54
53
65
77
89
12
24
36
48
60
59
47
35
23
11
10
22
34
33
45
57
56
68
69
81
93
94
82
83
84
96
95
107
108
120
132
131
130
129
141
140
128
116
104
92
91
103
102
90
78
66
65
77
76
64
52
53
41
42
54
55
67
79
80
92
104
105
106
118
119
120
108
96
84
72
71
70
58
46
45
44
32
31
43
44
32
20
8
9
21
33
34
46
58
57
69
81
93
105
117
116
115
114
126
125
124
136
135
123
111
112
113
101
89
88
100
99
87
86
98
97
109
110
122
121
133
134
135
136
137
138
139
127
115
103
102
101
89
88
100
99
87
75
63
62
74
73
61
49
37
38
50
51
39
27
15
16
17
29
28
40
41
29
30
18
6
5
4
3
2
1
13
14
26
25
37
38
26
25
13
1
2
14
15
3
4
16
28
27
39
40
52
53
65
64
63
51
50
49
61
62
74
75
76
77
78
90
91
79
80
68
56
55
67
66
54
42
43
31
30
18
17
5
6
7
19
20
19
7
8
9
21
22
10
11
12
24
23
35
36
48
47
59
60
72
71
70
82
83
95
107
119
131
132
144
143
144
143
142
130
142
141
140
139
138
137
125
124
123
122
134
133
121
109
97
85
73
85
86
98
110
111
112
113
114
126
127
128
129
117
118
106
94
32
86
34
2
62
77
128
39
109
60
63
10
83
36
115
24
73
20
104
3
132
69
120
49
143
89
118
121
38
119
107
136
40
68
113
137
16
12
74
88
74
78
107
9
136
102
110
29
123
7
108
55
112
94
52
5
99
106
13
84
105
19
122
114
139
52
133
122
4
79
66
16
111
72
15
35
115
118
44
15
13
61
124
123
99
129
95
54
114
144
28
140
41
32
140
29
93
35
65
46
50
41
125
130
85
77
37
26
86
105
18
88
22
144
63
132
119
143
58
62
43
68
89
82
6
2
25
50
116
14
128
31
20
129
70
65
11
21
98
92
130
17
131
42
36
73
57
112
57
142
47
18
8
87
111
133
81
12
134
23
120
126
48
53
113
76
125
56
100
67
33
1
59
78
54
69
67
51
93
6
100
60
39
97
84
138
10
64
45
110
76
71
141
14
5
22
101
94
40
72
90
31
135
34
117
58
127
38
56
97
47
91
81
85
30
127
95
45
1
46
70
96
4
135
109
106
108
27
61
33
80
9
139
27
142
124
28
26
19
137
42
25
11
21
126
138
23
17
71
59
92
43
90
66
116
53
64
134
7
131
48
24
104
96
102
75
98
121
51
103
3
44
141
75
87
117
37
55
49
79
80
30
101
8
91
103
82
83
35
104
56
26
53
93
82
118
8
11
54
92
41
116
72
18
137
57
143
31
2
95
124
24
36
85
102
71
97
67
9
58
83
121
126
113
106
74
40
57
129
120
74
129
22
12
118
69
117
81
73
48
90
96
70
64
139
31
109
84
34
76
33
128
77
39
98
122
29
83
134
63
44
48
40
88
101
138
6
112
84
36
135
75
121
50
37
90
119
67
77
117
17
9
24
43
30
6
92
79
59
115
23
133
86
119
60
66
1
55
143
21
62
35
66
28
142
85
88
78
65
131
11
32
45
4
134
5
99
100
142
64
62
56
111
136
87
38
137
106
108
61
91
133
144
114
19
3
26
49
76
75
125
86
135
69
30
54
7
46
80
39
123
110
7
53
34
116
112
99
101
4
70
16
43
51
115
17
105
107
33
16
80
131
8
23
125
89
82
32
132
120
103
138
5
27
79
18
2
130
73
25
140
89
28
21
41
105
22
95
45
103
128
144
42
10
127
46
20
81
93
50
113
97
122
60
111
52
140
68
94
12
94
38
141
139
107
104
51
13
58
47
15
102
100
65
109
123
68
87
96
37
14
114
20
27
127
29
13
71
124
63
55
15
141
78
132
98
49
52
1
19
42
44
72
61
59
108
91
136
130
10
3
126
25
47
110
14
133
134
135
123
122
110
109
97
98
99
100
88
87
75
63
62
74
86
85
73
61
49
37
25
26
14
13
1
2
3
4
5
17
29
28
16
15
27
39
40
41
53
52
64
65
66
54
42
30
18
19
31
32
44
43
55
67
68
56
57
45
33
34
22
10
11
12
24
23
35
36
48
60
72
84
83
71
70
82
94
93
81
80
79
78
77
76
88
89
90
91
92
104
103
115
114
102
101
113
125
126
127
128
116
117
129
141
142
130
118
119
131
132
144
143
142
141
140
139
138
137
136
124
112
111
99
87
75
76
77
65
64
63
51
50
38
37
25
26
27
28
29
30
31
32
20
8
9
21
33
34
46
47
59
58
70
69
81
82
94
106
105
93
92
91
103
104
105
106
107
108
96
95
107
95
96
84
83
71
72
60
48
36
24
12
11
10
9
8
7
6
18
17
16
15
14
13
1
2
3
4
5
6
7
19
20
21
22
23
35
47
59
58
46
45
57
69
68
80
79
78
66
67
55
56
44
43
42
54
53
41
40
52
51
39
38
50
49
61
62
74
73
85
86
98
110
111
112
100
101
89
90
102
114
113
125
126
127
115
116
117
118
119
120
108
120
132
144
143
131
130
129
128
140
139
138
137
136
124
123
135
134
133
121
122
121
109
97
12
11
23
35
36
48
60
72
84
96
108
120
119
107
106
105
93
92
104
116
115
127
139
138
137
125
124
136
135
123
122
134
133
121
109
97
98
99
100
88
89
101
113
112
111
110
109
97
85
86
87
75
76
77
78
90
102
103
91
79
80
81
69
70
82
94
95
83
71
59
58
57
45
33
32
20
8
7
19
18
6
5
17
16
4
3
2
14
26
25
37
49
61
73
74
62
50
38
39
40
41
42
30
29
28
27
15
3
4
5
6
7
8
9
10
22
21
33
34
46
47
48
60
59
58
70
69
68
67
66
54
55
43
31
19
18
17
16
15
27
28
29
30
42
41
53
52
51
63
64
65
77
78
79
80
81
93
105
117
118
130
131
143
142
141
129
128
140
139
138
126
127
128
140
141
129
130
142
143
144
132
144
132
131
119
120
108
96
84
72
71
83
82
94
95
107
106
118
117
116
104
92
91
103
115
114
126
125
137
136
124
112
113
114
102
90
89
101
100
99
111
123
135
134
133
121
122
110
98
86
85
73
61
62
74
75
87
88
76
64
63
51
50
49
37
25
13
1
2
1
13
14
26
38
39
40
52
53
65
66
54
55
67
68
56
44
45
46
47
35
34
22
23
24
36
24
12
11
10
9
21
20
32
31
43
44
56
57
71
76
54
3
92
133
62
124
107
51
58
85
106
110
19
59
130
140
103
23
47
142
114
5
65
50
127
26
137
96
75
74
142
46
83
139
55
69
137
89
17
70
30
98
14
122
49
33
7
44
93
144
2
102
128
38
108
135
105
63
36
10
32
97
95
42
119
28
10
94
8
136
17
141
35
98
57
15
108
61
131
112
133
15
136
6
46
126
19
106
9
21
23
113
12
79
77
53
99
1
109
84
28
115
111
75
27
2
26
134
22
83
128
55
59
48
39
141
88
52
40
64
56
25
104
60
37
49
36
35
85
120
126
123
16
143
52
95
14
62
37
116
25
56
6
114
32
4
76
113
92
81
31
18
38
53
41
1
86
129
54
91
33
121
34
44
140
72
131
130
90
47
8
58
66
70
66
20
51
45
13
96
124
4
74
107
72
117
11
104
16
134
13
29
93
73
138
80
129
132
82
43
117
86
45
84
78
18
5
63
24
89
39
77
87
79
67
103
43
115
121
135
109
143
91
122
97
80
24
116
125
110
127
30
48
123
20
50
31
100
101
111
90
61
42
3
144
118
11
82
22
73
118
94
41
78
120
139
34
101
81
138
132
87
12
29
88
105
99
60
9
69
68
68
125
7
21
67
64
71
119
112
102
40
65
100
57
27
22
131
136
56
143
42
125
40
35
37
22
81
87
73
82
110
62
26
71
109
9
144
39
115
40
87
91
17
60
34
81
121
4
50
94
5
120
94
138
12
71
89
77
104
35
138
127
69
88
76
14
104
97
100
140
32
85
141
13
73
114
68
41
54
84
144
122
31
128
55
78
47
79
17
19
38
61
51
130
101
88
51
21
9
86
18
2
6
93
107
57
100
80
129
140
119
32
7
113
15
65
77
126
90
46
139
10
34
108
89
23
110
65
56
11
136
67
66
141
114
44
57
132
42
139
133
102
131
29
118
126
39
36
70
95
116
14
97
43
20
135
103
101
124
95
84
1
85
130
33
86
20
68
142
48
46
25
62
117
132
137
61
123
54
18
15
74
13
83
137
30
41
120
96
48
69
37
63
92
6
43
7
21
53
109
16
2
4
12
58
135
8
122
58
63
98
23
143
59
78
1
45
11
64
72
128
91
90
98
50
64
16
118
49
28
10
74
52
125
123
112
134
60
26
36
44
121
30
92
47
28
111
115
66
134
45
117
3
124
19
80
106
105
29
38
113
105
53
119
107
111
27
76
142
70
24
67
133
82
108
27
83
72
93
102
3
103
25
49
5
33
112
96
31
52
116
106
79
99
8
99
129
55
24
59
75
75
127
