##Rat 8 Day 46
 ##rewards
71
58
124
##Vertices
53
144
118
77
130
43
45
92
52
80
109
70
50
141
96
14
109
51
37
92
93
76
123
60
33
36
32
19
26
132
11
25
17
121
81
19
46
14
131
20
29
42
27
5
64
98
16
71
61
77
31
125
44
67
12
64
15
129
82
74
80
63
85
21
55
6
35
128
13
59
9
127
132
22
114
133
51
105
50
142
79
39
6
118
88
87
111
16
61
105
15
40
126
57
84
30
99
113
44
62
106
104
94
65
49
38
65
119
137
115
89
103
74
124
56
138
107
112
71
78
7
137
136
126
128
12
84
21
63
111
66
20
107
143
141
36
102
24
58
139
78
95
52
88
116
1
2
75
23
18
114
45
91
117
8
144
33
10
93
130
30
82
108
66
103
121
83
49
73
55
79
124
23
18
98
1
100
134
28
58
113
101
28
94
102
76
42
43
25
119
85
133
38
117
17
46
129
97
127
72
7
53
140
27
57
69
60
81
29
99
37
110
3
116
4
9
47
96
143
122
11
104
135
90
112
32
86
136
2
48
90
67
122
120
59
26
34
142
31
56
72
83
48
69
95
34
41
91
125
138
62
86
120
35
108
131
68
97
89
54
139
41
101
87
4
110
40
115
5
135
3
8
39
106
123
54
100
73
10
13
22
75
134
24
140
47
68
70
68
130
95
52
98
105
40
30
108
140
27
24
135
140
83
57
98
8
117
82
25
101
94
107
120
99
134
35
91
42
131
34
130
46
132
41
64
124
76
87
84
3
43
77
92
80
33
110
118
17
31
36
99
102
53
37
34
120
142
121
109
55
115
141
18
82
8
106
97
73
37
46
22
79
51
108
72
68
142
45
125
20
63
70
129
43
26
39
126
41
39
12
111
78
104
92
139
129
97
96
52
59
124
73
48
111
116
31
72
85
137
11
123
85
3
16
60
78
4
19
133
81
127
47
11
1
116
55
40
90
17
30
16
27
38
60
115
28
36
58
32
56
100
29
54
79
71
134
86
63
54
47
136
93
50
119
19
106
114
61
126
10
21
58
131
67
45
102
66
125
104
74
112
6
65
100
48
122
127
83
42
118
59
87
56
138
91
9
103
109
114
137
64
139
28
89
53
14
93
13
89
44
69
6
84
96
90
23
15
62
133
136
119
35
51
15
65
94
20
2
113
132
9
26
44
12
1
105
143
4
7
123
80
77
117
74
49
62
88
88
5
5
2
141
76
144
95
33
13
113
144
29
24
66
67
25
75
22
103
128
110
49
121
128
75
18
32
122
70
38
107
112
23
14
135
57
81
61
71
10
7
101
69
86
50
138
21
143
133
121
122
123
111
112
113
101
89
88
87
75
74
73
85
86
98
97
109
110
111
99
100
112
124
136
137
138
126
127
139
140
128
116
117
129
130
131
119
120
108
107
95
96
84
83
71
70
82
81
69
57
58
59
47
48
36
35
34
46
45
33
32
20
21
9
8
7
19
31
43
42
30
18
6
5
17
16
4
3
15
14
26
25
13
1
2
3
4
5
6
7
8
9
10
22
23
11
12
24
36
48
60
72
84
96
108
120
132
144
143
142
141
140
139
138
137
125
126
114
115
103
104
105
106
118
119
107
95
94
93
92
91
90
102
103
91
79
67
66
78
77
76
64
65
53
41
29
28
40
52
51
50
49
37
38
39
27
15
16
17
18
19
20
32
44
56
55
54
66
65
53
52
51
63
62
50
49
61
73
61
62
74
75
63
64
76
77
78
79
67
55
54
42
41
40
39
38
37
25
13
1
2
14
26
27
28
29
30
31
43
44
45
33
21
22
10
11
12
24
23
35
34
46
47
59
60
72
71
83
82
81
69
70
58
57
56
68
80
68
80
92
104
116
117
105
93
94
106
118
130
131
132
144
143
142
141
129
128
127
115
114
113
101
102
90
89
88
100
99
87
86
85
97
98
110
109
121
133
134
122
123
135
134
135
136
124
125
12
11
23
35
34
46
58
57
56
44
32
31
19
7
8
20
21
9
10
22
34
33
45
46
47
48
60
72
71
83
84
96
95
94
106
107
119
131
130
142
141
129
128
140
139
127
126
114
115
103
102
101
113
125
124
136
135
123
111
112
100
99
87
86
98
97
85
73
74
75
76
64
63
62
61
49
50
38
37
25
26
14
15
3
2
1
13
25
37
49
61
73
85
97
109
110
122
121
133
134
135
136
137
138
139
140
141
142
143
144
132
120
108
96
84
72
60
59
71
70
82
81
93
105
117
118
130
129
128
116
104
92
80
68
69
81
80
79
78
66
67
55
43
42
54
53
52
51
39
40
41
29
17
5
4
16
28
27
26
38
50
62
74
86
87
88
89
77
65
66
54
53
41
29
30
18
17
5
6
7
6
18
19
31
30
42
43
55
67
79
78
77
65
64
52
40
28
16
4
3
2
1
13
14
15
27
39
51
63
75
76
88
100
99
98
110
109
121
133
134
122
123
111
112
124
125
137
138
126
127
115
103
102
114
113
101
89
90
91
90
91
92
93
94
106
105
104
116
117
118
119
131
143
144
132
120
108
107
95
83
82
70
58
57
69
68
56
44
45
33
32
20
8
9
21
22
10
11
12
24
23
35
36
24
36
48
47
59
80
33
27
31
81
52
136
94
31
116
85
137
32
123
56
121
115
134
6
8
91
75
105
67
127
13
129
128
45
72
4
71
89
93
15
92
85
107
30
109
57
10
77
46
68
91
42
141
44
142
35
67
61
128
54
131
119
84
132
75
12
48
64
99
74
79
102
98
56
14
112
142
117
48
39
71
84
122
65
22
45
25
26
43
100
38
109
132
13
20
103
61
66
134
3
21
78
26
87
86
119
16
30
51
50
108
29
40
36
15
117
80
118
126
4
116
11
2
24
82
14
17
76
93
138
111
3
101
114
120
34
99
106
127
79
135
101
35
49
38
2
63
32
17
135
5
64
139
1
122
50
95
57
8
19
41
28
104
74
113
62
60
54
37
23
11
133
41
53
47
60
36
37
65
124
118
58
140
9
115
129
52
82
81
34
83
62
94
59
88
111
89
40
58
27
83
29
76
18
96
90
121
69
55
100
25
18
96
141
87
90
131
39
5
66
105
1
126
19
16
7
139
92
125
143
70
49
106
9
138
124
97
125
7
10
42
95
130
69
112
144
28
143
137
107
12
73
103
55
24
51
144
104
59
73
133
44
6
63
47
114
140
120
20
113
53
70
77
88
33
110
136
78
46
86
97
98
108
68
110
43
102
123
22
21
23
130
72
61
31
26
136
63
81
76
139
11
96
28
134
33
69
84
79
114
108
36
130
53
107
35
109
2
117
22
54
104
102
133
126
81
86
55
46
43
128
92
18
25
26
33
17
52
95
40
119
137
3
124
48
12
37
13
89
41
112
80
27
97
126
132
24
142
135
82
49
20
9
109
30
111
73
122
19
50
48
71
121
27
136
124
118
68
123
18
98
57
39
82
55
90
133
54
140
78
65
70
72
70
100
117
45
42
61
134
97
110
95
77
121
118
135
115
35
2
30
56
11
38
116
73
99
71
20
112
107
67
103
34
78
103
76
66
129
23
120
101
142
93
8
62
131
105
15
7
84
51
42
16
28
138
53
132
51
65
128
4
56
21
123
87
130
21
92
98
140
125
5
14
99
6
4
34
74
8
131
64
100
44
127
113
59
19
138
13
12
143
1
32
115
58
94
104
87
45
88
102
23
47
10
90
127
22
75
69
6
141
111
41
62
10
101
38
52
114
17
80
67
105
59
29
110
1
50
68
3
64
85
122
91
16
43
49
46
94
79
77
144
7
37
91
9
108
32
40
66
47
58
75
139
83
106
24
57
29
129
96
31
60
74
39
15
119
85
72
143
125
141
25
5
106
44
83
93
36
116
89
137
14
113
60
86
63
88
144
120
1
13
25
26
38
37
49
50
51
63
64
65
66
78
90
91
92
93
81
69
57
45
33
32
44
43
55
54
53
41
29
30
42
43
31
19
18
6
7
8
9
21
22
23
11
12
24
36
35
34
46
47
48
60
72
84
83
95
107
119
118
106
105
117
129
128
127
139
140
141
142
130
131
132
120
108
96
84
72
71
70
58
59
60
48
36
35
47
59
71
70
82
94
106
118
117
116
104
103
115
114
126
138
137
125
124
136
135
134
133
121
109
97
98
99
87
86
74
62
61
73
85
97
109
110
122
123
111
112
100
88
76
77
89
101
102
114
113
101
89
88
87
75
76
77
78
79
67
68
56
55
67
66
65
64
52
40
39
27
28
16
17
5
4
3
15
14
2
3
4
16
15
27
26
14
2
1
13
25
37
49
50
38
39
40
28
29
41
42
54
53
52
51
63
75
74
62
61
73
85
86
98
110
111
99
100
112
113
125
124
123
122
121
133
134
135
136
137
138
126
127
139
140
128
129
141
142
130
131
143
144
143
144
132
120
119
107
108
96
95
83
82
94
93
105
104
116
115
103
102
90
91
79
80
92
80
81
69
68
56
57
58
46
45
44
32
31
30
18
17
5
6
7
19
20
8
20
21
33
34
22
10
9
10
11
12
24
23
144
143
142
130
129
141
140
128
116
115
103
91
79
78
77
65
53
41
42
43
44
45
46
58
57
69
68
80
92
93
94
82
81
69
70
71
83
84
72
60
48
47
35
23
24
12
11
10
22
34
33
21
9
8
7
6
18
17
16
15
27
28
40
39
38
50
62
61
49
37
25
26
14
2
3
4
5
6
7
19
31
32
20
8
9
10
22
21
20
19
31
30
29
28
27
39
51
52
64
63
75
74
73
85
86
98
97
109
121
133
134
135
136
124
112
113
125
126
127
139
138
137
136
135
123
122
110
111
99
100
101
102
90
89
88
76
75
87
88
89
101
113
114
102
90
78
66
67
55
56
68
67
79
91
103
104
105
117
118
106
107
95
96
108
120
119
131
132
120
108
107
119
118
130
131
132
144
143
142
141
140
128
129
117
105
106
94
93
81
80
92
104
116
115
114
126
127
139
138
137
125
124
123
111
112
100
99
87
86
98
110
122
134
133
121
109
97
85
73
74
62
61
49
50
38
37
25
26
14
13
1
13
1
2
3
15
16
4
5
17
18
30
29
41
40
52
51
63
64
76
77
65
66
54
53
54
42
43
55
56
44
32
33
45
57
58
70
82
83
95
96
84
72
71
59
60
59
47
46
34
35
36
48
36
24
12
11
23
122
6
44
62
26
82
72
37
20
143
23
111
64
137
86
78
49
103
137
58
91
104
11
140
84
60
45
18
52
56
127
130
27
97
124
101
30
114
125
139
93
8
73
47
67
33
51
96
99
111
26
79
10
39
103
73
8
116
107
39
89
88
80
35
75
94
117
72
2
140
81
118
123
99
61
65
116
70
86
21
47
95
36
90
114
25
48
98
49
53
129
131
117
19
122
125
42
62
118
51
85
144
15
30
55
101
68
29
57
76
71
136
31
34
141
65
84
44
138
113
100
100
5
27
43
3
102
91
11
135
76
24
38
115
115
82
6
38
138
24
50
53
133
142
139
105
124
92
59
144
17
56
42
106
110
63
83
80
85
59
12
12
34
15
40
120
130
69
45
102
128
108
87
74
126
63
128
68
28
133
19
131
87
81
77
1
64
121
134
120
52
5
74
10
93
21
136
50
7
119
113
1
95
109
134
32
77
83
37
55
78
70
35
58
7
105
9
48
88
96
14
13
110
40
22
3
36
17
71
98
107
9
123
28
141
29
135
4
66
32
127
89
109
60
54
46
33
126
61
121
43
25
112
79
69
23
106
16
22
2
97
92
119
20
143
94
67
75
112
132
104
54
13
90
108
4
16
57
129
18
14
31
46
41
66
142
132
41
119
62
122
94
96
86
104
34
50
139
49
22
123
76
91
130
11
126
103
76
6
20
97
41
140
115
105
72
63
1
121
58
79
91
80
63
59
95
49
33
40
3
25
47
43
18
29
7
132
10
117
143
27
94
103
106
45
80
4
127
105
144
48
83
78
118
106
135
9
54
56
13
15
75
44
56
9
87
13
45
55
50
134
67
32
125
39
108
140
135
92
11
35
17
90
74
101
65
37
144
57
81
85
141
37
67
8
53
18
75
57
61
128
46
36
127
27
73
40
31
92
83
17
126
35
8
68
77
59
110
116
73
54
138
95
38
66
23
30
23
87
68
141
101
71
109
99
43
113
107
85
97
42
115
21
102
48
116
78
5
132
55
133
108
125
64
79
137
14
137
84
26
16
30
139
16
3
14
93
131
44
121
89
77
19
60
5
26
12
58
51
1
90
114
109
29
112
64
10
117
88
20
6
98
119
46
12
93
69
65
24
131
84
70
72
112
41
133
60
142
113
138
33
2
129
110
99
52
128
15
124
32
53
142
98
88
81
130
123
120
61
136
96
104
47
100
51
52
34
120
24
89
129
2
111
124
36
69
28
114
71
22
28
62
107
19
42
143
31
4
7
102
66
111
38
82
100
70
136
82
118
39
86
134
21
25
74
122
133
134
135
136
137
125
113
114
126
138
139
127
115
103
91
90
102
101
100
112
124
123
122
121
109
110
111
99
87
86
85
97
98
99
87
75
63
64
76
88
89
77
65
66
78
79
67
68
69
57
45
44
56
55
43
31
32
20
19
7
8
9
10
22
21
33
34
46
47
48
36
24
23
35
36
48
60
59
58
70
71
83
95
107
108
96
84
72
60
59
47
46
58
57
45
33
32
31
30
18
6
5
4
16
17
29
28
40
52
53
54
42
41
40
39
51
50
62
74
73
61
49
37
38
26
25
13
14
2
3
15
27
39
51
52
64
76
88
100
101
113
114
102
103
104
105
106
94
82
81
80
92
93
94
106
118
117
116
128
129
141
142
130
131
143
144
132
120
119
118
117
129
130
142
143
144
132
131
119
120
108
107
95
96
84
72
71
83
82
70
69
68
56
44
43
55
54
53
65
66
67
79
78
77
89
90
91
92
80
81
93
105
104
116
115
127
128
140
141
140
139
138
126
125
137
136
135
123
124
112
111
110
122
134
133
121
109
97
98
86
85
73
74
75
63
62
61
49
50
38
37
25
26
14
15
27
28
16
17
29
41
42
30
18
19
20
21
22
34
35
23
11
12
24
12
11
10
9
8
7
6
5
4
3
2
1
13
1
144
132
120
108
96
95
94
82
83
84
72
71
70
69
68
80
81
93
105
106
107
119
131
143
142
130
118
117
116
128
140
141
129
117
116
115
114
102
103
104
92
91
90
78
79
67
66
54
42
41
40
52
53
65
64
63
51
50
62
61
49
37
25
26
38
39
27
28
16
4
3
2
14
15
3
4
5
17
29
30
18
19
20
21
9
8
7
6
5
17
16
28
29
41
40
39
51
63
75
74
73
85
97
98
86
87
99
100
101
89
77
76
88
100
112
113
125
126
127
139
138
137
136
124
123
135
134
122
121
109
110
111
112
113
101
102
103
104
105
93
94
82
81
69
57
45
33
32
31
43
55
56
44
32
33
34
46
58
59
47
48
36
35
23
24
12
11
10
22
34
46
47
35
36
24
12
11
23
22
10
9
21
20
8
7
6
18
19
31
30
42
54
53
52
64
65
77
89
90
78
66
67
79
91
92
80
68
56
55
43
44
45
57
58
70
71
59
60
48
60
72
84
83
95
96
108
120
119
107
106
118
130
131
132
144
143
142
141
129
128
140
139
127
115
114
126
138
137
125
124
136
135
123
122
110
111
99
98
86
87
88
76
75
74
62
50
38
26
27
15
14
13
1
2
1
13
25
37
49
61
73
85
97
109
121
133
134
133
