##Rat 5 Day 22
 ##rewards
74
87
21
##Vertices
59
143
60
125
18
124
133
77
57
67
9
97
83
29
75
135
93
1
35
12
142
76
123
94
73
90
71
134
6
101
120
141
139
20
62
23
143
90
120
23
2
87
82
128
48
108
84
70
144
55
30
79
109
56
46
10
6
43
61
72
122
75
29
144
45
46
140
81
105
53
115
103
54
36
137
132
66
117
85
136
101
104
76
115
41
125
97
30
70
103
15
52
21
111
131
1
62
35
91
121
88
94
112
20
91
28
54
58
39
73
72
11
85
127
17
99
31
14
9
92
27
96
88
105
51
41
21
8
130
68
74
10
64
38
71
36
133
50
44
134
65
127
38
81
92
24
13
98
106
4
79
135
19
55
78
137
26
102
37
47
69
100
86
66
124
32
60
52
96
74
5
138
116
63
45
113
58
129
37
129
77
22
110
5
34
18
128
43
19
48
80
126
89
31
33
65
26
34
126
89
107
132
93
57
113
112
2
108
22
67
42
83
25
61
87
142
121
84
28
15
98
114
8
82
32
111
119
50
49
116
80
95
130
69
49
117
140
17
25
114
40
63
106
3
118
136
16
3
107
59
100
24
122
119
102
44
27
64
40
141
51
139
33
68
11
53
7
123
14
109
47
16
78
104
4
56
12
110
99
42
131
86
138
39
95
7
13
118
74
59
33
61
84
85
51
17
52
28
119
43
105
115
100
100
31
80
86
32
69
57
57
23
33
102
51
142
58
19
110
141
40
143
52
86
53
8
69
21
49
133
135
101
126
66
134
113
98
130
55
128
78
136
138
98
82
125
31
5
6
139
27
10
94
83
58
26
20
90
79
76
15
21
90
127
82
124
63
111
89
83
80
121
9
67
141
138
30
108
36
48
14
104
41
45
54
91
22
95
46
75
140
1
67
122
114
19
107
122
128
47
105
135
71
40
97
11
140
2
35
79
112
37
106
131
59
96
46
88
72
109
109
110
42
64
92
45
39
118
64
38
118
77
129
81
1
95
63
108
26
104
93
127
18
6
27
91
115
74
87
139
117
94
65
50
76
73
42
30
113
93
12
25
39
114
131
117
7
101
18
29
132
99
34
9
37
8
112
12
77
133
24
14
36
106
88
4
130
13
72
60
116
71
62
142
11
54
61
143
137
50
123
119
116
129
2
56
89
13
107
144
73
16
66
24
96
48
34
84
62
99
3
126
120
70
47
44
4
5
20
123
70
65
92
111
43
81
85
25
23
60
120
29
102
16
3
56
32
28
125
15
103
68
124
35
87
136
22
38
49
53
55
137
121
17
10
75
97
44
41
134
144
7
78
68
132
103
1
2
14
26
25
13
1
2
3
15
16
17
29
41
42
54
66
67
68
69
70
58
57
45
46
47
59
60
72
71
83
84
96
95
107
106
118
119
120
108
96
84
72
60
48
36
35
23
24
12
11
10
22
34
33
21
9
8
7
19
31
30
18
6
5
4
3
15
27
28
40
52
64
76
88
89
90
78
77
65
53
52
51
39
38
37
49
61
62
74
73
85
86
98
110
109
97
85
73
61
49
50
62
63
75
87
99
100
101
102
114
126
125
137
138
139
140
128
116
117
129
141
142
143
131
130
118
117
105
104
92
91
103
115
127
139
138
137
136
124
123
122
121
133
134
135
136
124
112
113
101
102
90
89
77
65
53
54
55
56
44
32
20
8
9
21
33
45
57
69
81
80
79
78
66
67
79
91
103
104
116
115
114
113
125
126
127
128
140
141
129
130
142
143
144
132
144
132
131
119
120
108
107
106
94
95
83
71
59
47
48
36
35
23
24
12
11
10
22
34
46
58
70
82
94
82
81
93
105
93
92
80
68
56
55
43
42
41
29
30
31
43
44
32
20
19
7
6
18
17
5
4
16
28
40
39
27
26
14
13
25
37
38
50
51
63
64
76
75
87
88
100
112
111
99
111
110
122
123
135
134
133
121
109
97
98
86
74
133
134
122
110
109
97
85
73
61
49
37
25
26
38
39
40
52
53
41
29
30
18
6
7
8
20
21
9
10
22
23
11
12
24
36
48
47
46
45
57
56
44
32
33
34
35
36
48
60
59
58
70
69
68
67
55
43
42
54
66
65
64
76
75
63
51
50
62
74
86
87
88
100
112
113
125
137
138
126
127
139
140
128
129
141
142
143
131
119
120
108
96
84
72
71
83
95
107
106
105
104
103
115
116
117
118
130
142
141
140
139
138
137
136
135
123
124
112
111
99
98
97
85
86
87
75
76
77
78
79
91
90
102
114
126
127
128
129
130
118
117
116
115
103
104
92
93
94
82
81
80
68
67
66
65
64
52
40
28
27
15
14
2
3
4
16
17
5
6
7
19
18
17
5
4
16
15
3
2
1
13
1
13
14
26
25
37
49
61
73
74
62
63
51
50
38
39
27
28
29
41
53
54
42
30
31
19
20
8
9
21
33
32
31
43
55
56
44
45
46
34
22
10
11
12
24
23
35
47
59
60
72
84
83
71
70
58
57
69
81
82
94
95
96
108
120
132
144
143
144
132
131
119
107
106
105
93
92
80
79
91
90
78
77
89
101
100
99
98
110
111
123
122
121
109
121
133
134
135
136
124
125
113
114
102
101
89
88
73
44
36
134
90
117
38
52
120
121
131
136
138
54
123
33
99
82
85
144
105
115
54
52
21
119
8
141
37
105
17
19
64
119
65
18
45
86
100
48
115
63
89
72
126
50
91
32
10
2
134
120
88
143
27
140
79
87
107
114
137
7
98
97
143
6
32
124
31
9
94
1
108
49
109
92
25
136
97
22
42
46
16
4
41
15
85
49
87
117
104
12
34
35
70
27
111
44
82
77
38
55
67
35
101
69
89
56
31
3
102
106
70
40
39
95
80
107
116
125
30
13
66
144
113
66
64
84
18
75
11
20
34
75
102
76
23
90
130
133
133
20
37
61
6
132
127
138
76
121
56
60
74
122
53
112
77
4
13
118
59
43
50
46
67
124
94
118
114
55
24
135
5
29
69
130
86
109
113
74
142
91
48
106
41
93
95
129
40
45
141
24
9
79
23
111
36
127
108
96
43
3
11
93
15
129
28
26
28
60
68
98
128
142
57
8
10
71
72
135
62
12
73
62
47
122
71
126
5
51
51
112
26
84
65
14
21
131
2
59
22
16
14
29
110
30
96
128
17
123
33
83
101
58
139
78
137
68
125
57
81
39
103
58
80
104
103
42
78
99
83
140
61
47
139
132
7
53
92
25
63
81
116
88
110
1
100
19
97
79
143
9
119
62
100
107
58
106
77
65
84
128
81
111
45
38
105
97
134
31
120
40
120
76
17
85
7
16
29
81
56
127
116
27
61
137
101
143
96
46
37
136
14
71
140
6
32
9
82
88
130
118
91
48
41
141
109
24
36
23
72
25
54
85
113
86
60
113
48
70
71
101
124
108
70
42
132
94
94
129
47
12
22
54
18
99
126
126
122
5
57
49
55
73
135
33
21
69
139
61
73
99
142
52
104
67
133
87
131
51
115
82
80
25
1
31
10
119
95
121
28
64
67
68
74
107
91
14
57
86
58
59
102
39
92
20
117
77
19
75
37
53
132
64
3
92
75
115
11
47
114
142
80
35
100
88
53
7
15
137
90
29
122
130
56
133
138
1
62
6
30
87
30
124
19
51
89
131
21
134
79
36
98
83
44
11
13
26
41
35
22
123
46
43
42
15
125
103
105
135
68
23
50
2
110
123
8
117
44
66
63
45
116
63
78
39
66
109
93
98
60
17
112
106
128
129
78
144
8
76
2
13
32
3
20
4
59
84
118
114
33
110
140
121
74
40
27
144
38
102
50
103
96
89
136
5
90
34
24
4
125
18
127
34
69
83
104
16
10
139
112
43
95
55
111
49
65
138
72
93
26
108
12
141
28
52
144
132
131
130
142
141
140
139
138
137
136
135
123
124
112
100
101
89
88
87
75
74
73
61
49
50
38
37
25
26
14
13
1
2
3
4
16
28
40
41
53
52
51
39
27
15
3
4
5
17
29
30
42
54
66
65
64
76
77
78
90
102
103
115
114
113
125
126
127
128
116
104
105
106
94
95
96
84
83
71
72
60
59
47
48
36
24
23
22
10
9
8
7
6
18
19
20
21
33
45
57
69
70
58
46
34
35
36
48
60
72
84
96
108
120
119
107
106
118
117
129
141
140
128
116
115
103
91
79
67
68
80
81
82
83
71
59
47
35
34
46
58
70
69
57
56
44
32
31
43
55
54
66
78
90
102
101
100
99
111
110
122
121
109
97
98
86
85
73
61
62
74
86
85
97
98
110
109
121
133
134
133
134
122
123
135
136
137
138
139
127
126
114
113
125
124
112
111
99
87
88
89
77
76
75
63
62
50
49
37
38
39
51
63
64
65
53
52
40
28
27
26
25
13
1
2
14
15
16
17
5
6
7
19
18
30
29
41
42
43
31
32
20
8
9
10
11
12
24
12
11
23
22
21
33
45
44
56
55
67
68
80
79
91
92
93
105
117
129
130
118
119
131
143
142
143
144
132
120
108
107
95
94
82
81
93
92
104
12
24
36
35
23
22
10
9
21
33
45
44
32
31
30
18
19
20
8
7
6
5
4
3
15
14
2
1
13
25
37
49
50
51
39
38
26
27
28
40
52
53
41
42
54
66
65
64
63
62
74
75
87
88
76
77
78
90
89
101
100
99
111
110
109
121
133
134
122
123
135
136
137
138
139
127
126
114
115
116
104
103
91
79
67
55
43
44
56
68
80
92
93
81
82
70
69
57
58
59
71
83
95
94
106
107
108
120
119
118
130
131
143
144
132
120
108
96
84
72
60
48
47
46
34
33
32
31
43
55
54
42
30
29
17
16
4
3
15
27
39
51
63
75
87
86
85
97
98
99
111
112
124
125
113
114
102
103
115
116
117
105
104
92
80
81
93
105
117
129
141
140
128
129
128
140
139
127
126
138
137
136
135
134
133
121
109
97
85
73
61
62
50
38
26
14
2
1
13
25
37
49
61
73
74
86
98
110
122
123
124
125
113
112
100
101
102
90
91
79
67
66
78
77
89
88
76
64
65
53
52
40
41
29
28
16
17
5
6
18
19
7
8
20
21
22
34
46
45
57
56
68
69
70
58
59
71
83
82
94
106
118
130
142
141
142
143
144
132
131
119
107
95
96
84
72
60
48
47
35
36
24
12
11
23
11
10
9
17
114
109
55
4
47
45
68
73
108
42
14
27
106
126
83
102
85
62
141
32
133
123
8
38
14
3
41
35
17
16
2
81
61
110
59
117
39
105
20
51
71
121
58
106
72
61
29
94
56
140
29
119
18
139
143
15
116
58
28
25
88
37
126
140
53
90
20
42
138
56
118
21
11
119
138
75
122
101
120
107
79
84
63
110
57
113
97
48
51
13
7
103
134
62
94
46
52
2
54
66
115
44
32
12
96
34
59
95
19
66
130
81
99
121
43
69
78
49
109
73
135
24
76
60
23
103
70
129
10
113
41
3
70
76
63
52
134
88
125
1
5
92
142
89
112
82
53
74
77
86
87
10
23
9
104
142
95
98
72
22
35
112
54
49
78
60
57
65
36
98
64
31
83
117
144
116
93
101
100
124
25
141
131
136
9
15
137
104
129
28
48
108
55
107
85
39
93
111
89
40
45
144
50
21
80
97
111
82
34
40
30
33
77
30
27
12
96
100
132
26
26
124
143
102
19
38
6
18
75
16
24
133
91
22
33
31
84
8
115
136
120
71
92
128
86
131
74
47
65
128
114
80
67
135
127
139
44
36
91
87
7
79
43
68
13
50
69
99
125
132
122
130
118
11
67
4
46
123
127
137
90
37
1
105
5
64
6
51
102
31
40
82
86
123
5
81
1
78
66
129
141
46
11
75
19
131
45
103
89
38
64
109
128
126
125
106
94
21
15
35
13
18
71
107
61
110
4
52
142
25
47
144
115
67
133
25
79
29
116
21
62
85
31
3
126
74
113
120
137
115
141
15
123
10
43
97
130
132
56
60
58
9
37
51
71
93
86
82
94
26
53
89
63
26
6
97
54
125
66
50
68
121
52
129
41
113
43
23
39
39
96
83
55
13
139
114
100
14
84
42
138
11
84
111
61
76
8
81
56
142
128
44
7
135
2
23
16
114
105
112
73
101
67
96
131
130
124
143
5
118
87
28
116
136
64
88
45
36
20
48
109
65
48
24
57
110
118
87
59
98
77
74
53
32
17
103
143
72
42
28
65
41
4
104
73
91
101
95
119
76
99
29
95
75
24
1
30
122
108
33
105
69
12
90
62
79
122
117
78
140
104
32
124
36
38
83
54
80
46
22
68
7
20
70
136
107
44
137
69
111
22
49
37
112
106
88
16
14
90
98
49
127
135
121
17
70
35
27
91
3
140
34
138
127
133
30
59
72
18
34
57
55
12
33
144
40
108
117
100
139
10
19
119
77
27
60
80
6
8
2
63
9
93
120
50
92
134
102
99
132
47
58
92
85
134
12
24
36
35
34
33
21
20
19
18
6
7
8
9
10
22
23
11
10
9
8
7
19
31
32
44
43
55
54
66
65
77
89
90
91
79
67
68
69
70
82
94
95
83
84
96
108
120
119
118
106
107
108
96
84
72
60
48
47
46
58
59
71
70
58
57
45
44
56
55
67
66
78
77
76
64
52
40
41
29
17
16
28
27
15
14
26
38
37
49
50
51
63
62
61
73
74
86
87
88
100
99
111
123
135
134
133
121
122
110
109
97
85
73
61
49
37
25
13
1
2
3
4
5
6
18
30
42
54
53
65
64
76
75
87
88
100
112
124
125
126
114
113
101
102
103
115
127
139
140
128
116
104
92
80
81
93
105
117
129
130
131
132
144
143
142
141
140
139
138
137
138
126
127
115
116
128
129
141
142
130
131
143
144
132
120
119
107
106
118
117
105
93
94
95
83
82
81
69
57
56
68
80
92
104
103
91
79
78
90
89
101
102
114
113
125
137
136
135
136
124
112
111
123
122
134
133
121
109
110
98
99
98
97
85
86
74
75
63
62
50
38
39
27
15
14
26
25
13
1
2
3
4
5
17
16
28
40
39
51
52
53
41
29
30
42
43
31
32
33
45
46
34
35
47
59
71
72
60
48
36
24
12
11
23
22
21
20
133
134
135
136
137
125
124
112
111
99
100
101
102
103
115
116
104
92
91
79
80
68
69
81
82
70
71
72
84
96
95
83
82
94
93
105
117
129
128
140
141
142
143
144
132
131
119
120
108
107
106
118
130
142
141
140
139
127
126
114
113
112
111
123
122
110
109
97
85
73
74
75
87
88
89
77
78
90
91
92
93
94
106
105
104
103
102
101
100
99
98
86
85
73
61
62
63
64
65
53
41
29
28
40
39
38
37
25
13
14
15
27
26
25
37
49
50
51
52
40
28
16
4
5
6
18
30
42
54
55
56
57
58
59
60
48
36
24
12
11
10
9
21
20
8
7
19
31
43
44
45
33
32
44
45
46
34
22
23
35
47
46
34
33
32
31
43
55
67
66
54
53
65
66
67
68
56
57
58
70
69
81
80
79
78
90
89
88
87
86
74
75
76
77
76
64
52
51
63
62
61
49
50
38
39
27
26
14
15
3
2
1
13
1
2
3
4
5
17
16
17
29
41
42
30
18
6
7
19
20
8
9
21
22
10
11
12
24
23
35
36
48
47
59
60
72
71
83
84
96
95
107
108
120
132
144
143
131
119
118
130
129
117
116
128
127
115
114
113
125
126
138
139
138
137
136
124
123
135
134
122
110
98
97
109
121
133
121
