##Rat 4 Day 4
 ##rewards
126
113
47
##Vertices
110
111
75
32
11
68
5
124
10
141
40
37
87
1
129
16
82
51
33
118
133
93
118
13
32
29
109
102
121
21
65
117
110
44
15
52
56
10
140
63
7
82
104
30
42
81
115
87
37
113
78
114
138
70
19
97
66
12
45
92
13
22
65
3
127
112
28
9
128
107
15
128
115
106
124
69
119
35
46
49
31
49
51
137
68
59
48
71
14
99
44
48
98
46
38
142
99
54
89
72
39
58
108
116
61
126
105
125
139
142
77
81
89
59
7
38
19
3
100
121
100
138
8
83
130
137
36
54
135
103
67
23
12
135
144
55
31
2
94
78
17
23
101
14
84
4
101
109
55
72
42
4
76
107
127
34
60
104
56
36
86
84
88
74
24
47
134
21
8
62
113
79
102
69
45
90
123
114
92
20
39
91
95
41
27
62
120
24
53
140
64
20
85
77
111
26
17
40
64
105
98
133
134
74
18
47
35
52
53
139
50
58
30
125
97
85
93
90
25
73
143
120
86
103
41
129
80
122
70
94
143
83
136
119
67
122
5
126
9
18
144
1
131
141
73
43
26
11
25
79
132
132
117
27
123
60
29
28
22
131
63
96
108
43
76
112
71
95
6
75
136
80
88
2
91
57
96
34
50
66
106
61
116
6
130
33
16
57
123
64
141
98
23
27
112
110
114
34
54
140
6
67
133
127
95
36
109
143
118
119
76
83
37
100
99
81
101
107
137
93
3
56
144
18
20
125
33
73
21
67
96
104
45
35
82
113
108
117
77
115
121
86
102
47
62
95
75
3
96
118
119
69
39
130
110
104
38
100
143
88
52
125
123
7
71
94
89
76
120
91
138
122
105
10
44
99
141
84
46
22
50
105
92
131
87
90
17
4
124
84
15
58
26
134
144
136
83
43
30
27
139
77
48
103
48
15
18
65
142
70
35
108
116
51
106
10
5
78
55
36
128
78
62
23
127
139
80
40
98
25
43
80
88
37
103
75
7
55
53
32
132
30
69
122
54
41
72
58
44
93
45
142
116
59
109
111
11
97
111
101
121
60
66
94
56
130
13
31
71
2
79
129
106
42
64
28
47
4
136
49
14
91
22
19
135
135
140
57
41
138
74
107
68
124
66
85
52
85
12
126
32
5
28
26
134
11
53
17
24
60
63
9
132
61
86
82
6
8
34
19
120
1
89
16
14
92
68
21
39
115
129
2
24
57
49
29
117
38
65
81
42
97
128
51
79
63
20
8
114
9
50
1
87
90
31
61
113
59
16
102
126
137
112
13
12
29
33
46
72
73
70
74
40
133
25
131
133
121
109
97
85
86
98
99
111
112
100
88
76
64
63
51
52
53
65
66
54
55
43
42
30
31
19
7
6
5
17
18
30
29
41
40
39
38
50
49
37
25
13
1
2
14
15
3
4
16
28
27
26
25
37
49
61
62
74
75
87
99
111
110
122
123
135
136
137
138
126
114
113
101
89
90
78
77
65
53
41
29
28
40
52
64
76
88
100
112
124
125
137
138
139
127
115
103
91
92
93
94
106
105
117
129
141
142
143
131
119
118
130
142
141
140
128
116
104
105
106
107
108
96
84
83
82
81
80
68
56
44
32
20
8
9
10
11
12
24
36
48
47
59
60
72
71
70
69
57
45
46
58
57
45
33
34
35
23
22
21
33
34
46
58
70
69
68
67
79
80
92
91
79
67
55
56
44
32
31
43
42
54
66
78
77
89
101
113
125
126
114
102
90
102
103
104
116
115
127
139
140
128
129
117
118
130
131
119
120
132
144
143
144
132
120
108
96
95
107
95
94
93
81
82
83
84
72
71
59
60
48
47
35
36
24
12
11
23
22
10
9
21
20
8
7
19
18
6
5
17
16
4
3
2
1
13
14
15
27
26
38
39
51
50
62
63
75
87
86
74
73
61
73
85
97
98
110
109
121
122
123
124
136
135
134
133
134
1
2
14
26
27
15
3
4
5
17
18
6
7
19
31
32
20
8
9
21
33
34
35
23
22
10
11
12
24
36
48
60
59
71
70
58
57
45
44
43
55
54
66
65
53
41
42
30
29
28
40
39
38
50
49
37
25
13
1
2
3
15
16
28
40
52
51
63
64
76
75
74
86
85
73
61
62
63
75
87
88
100
99
111
123
122
110
98
97
109
121
133
134
135
136
124
125
137
138
139
140
128
127
126
114
115
103
104
105
106
118
130
142
141
129
117
116
115
114
113
112
100
101
102
90
89
77
78
79
67
68
69
81
80
92
91
103
104
116
117
118
119
131
143
144
132
120
108
96
84
72
60
48
47
46
45
33
32
44
56
57
69
70
82
83
95
94
93
105
106
107
95
107
119
131
143
144
132
120
108
96
84
72
71
83
82
94
93
81
80
92
91
79
78
90
102
101
89
77
65
64
76
88
87
99
111
112
113
125
126
127
128
129
130
142
141
140
139
138
137
136
124
123
135
134
133
121
122
110
109
97
98
86
85
73
74
62
61
49
50
38
37
25
13
14
26
27
39
51
52
53
54
66
67
68
56
55
43
31
19
18
30
42
41
29
17
16
4
5
6
7
8
20
21
9
10
22
23
11
12
24
36
35
34
46
58
59
47
7
76
52
67
20
80
129
45
82
101
110
131
83
45
57
78
115
18
40
117
99
68
135
57
122
62
130
125
144
124
28
64
42
134
117
12
33
130
2
47
10
121
115
31
54
64
74
95
94
38
144
84
1
51
79
102
15
25
51
7
4
54
19
124
95
90
3
55
122
119
58
128
30
100
125
110
23
22
143
113
49
127
142
74
123
100
73
13
137
70
15
141
93
107
30
72
143
66
94
135
111
72
85
6
129
13
50
132
32
86
46
81
46
97
17
81
140
53
71
140
84
28
21
86
69
38
36
37
23
75
25
67
61
16
77
14
116
112
17
79
96
120
11
4
33
19
88
120
29
52
106
138
58
139
121
109
87
14
92
21
127
98
136
20
60
43
49
39
89
44
106
43
102
12
73
29
75
139
97
92
104
108
78
108
126
118
65
35
98
27
39
18
131
60
59
9
83
34
63
24
77
69
107
6
76
24
9
8
142
44
119
1
48
22
132
91
82
36
133
11
137
104
66
63
88
27
62
114
59
56
68
41
37
10
118
90
3
2
71
32
26
61
111
56
113
114
109
123
16
40
50
93
35
105
105
134
53
8
85
126
55
26
138
128
141
96
47
5
48
41
5
136
70
65
103
34
116
80
103
133
31
101
112
42
89
99
87
91
61
103
108
125
38
19
131
105
129
45
94
121
111
11
12
142
90
103
135
60
48
22
127
82
53
55
25
29
50
7
132
138
13
116
19
13
123
133
81
98
124
108
32
46
44
9
94
118
39
59
122
92
96
112
34
35
4
74
102
89
128
130
2
32
20
92
107
10
5
58
35
104
66
139
9
132
119
15
17
98
126
18
99
67
137
111
65
137
29
115
106
117
81
121
73
71
76
15
59
106
1
75
14
72
41
37
85
64
110
26
47
36
3
77
110
62
27
46
101
42
33
63
104
83
21
76
84
47
66
57
24
109
102
6
48
33
90
53
91
8
40
88
97
83
2
86
28
69
64
126
143
43
105
100
36
49
26
129
118
112
138
101
52
136
40
23
54
131
86
51
31
17
23
5
38
4
56
68
133
113
74
25
52
69
134
79
125
84
3
72
144
11
136
54
30
31
123
7
16
70
127
78
97
128
28
14
39
85
87
139
49
82
80
20
30
130
115
6
10
120
21
109
24
67
99
107
124
43
71
79
63
113
141
120
96
100
80
8
18
61
142
68
65
116
144
88
37
1
135
27
41
57
78
95
45
62
91
70
56
114
16
89
50
58
117
75
141
77
140
73
22
122
134
140
44
143
60
42
95
114
93
87
55
34
93
119
12
51
12
11
10
22
23
35
47
48
36
24
12
11
10
9
8
7
6
5
17
18
30
42
41
53
52
40
39
27
15
3
4
16
28
29
41
42
43
31
32
20
21
33
34
46
58
59
71
70
69
57
56
44
45
57
58
70
82
94
95
83
84
96
108
120
119
131
130
118
106
107
108
120
132
144
143
142
141
140
128
127
115
103
102
90
89
101
113
114
126
138
139
140
141
129
117
116
104
105
93
92
80
79
78
66
54
55
67
68
69
81
80
68
56
55
67
79
91
90
78
77
76
64
63
62
50
51
52
40
39
38
26
14
2
1
13
25
37
49
61
73
74
75
87
88
100
99
111
112
124
123
122
121
133
134
135
136
137
125
113
101
89
88
100
112
111
110
109
97
85
86
98
110
122
123
135
134
133
121
109
97
98
86
85
73
74
62
61
49
37
25
13
1
2
3
4
16
17
5
6
7
19
20
8
9
21
22
23
24
36
48
60
72
60
72
84
96
95
107
119
131
132
144
143
142
130
129
128
116
115
127
139
138
137
136
124
125
126
114
102
103
91
92
104
105
117
118
106
94
93
81
82
83
71
59
47
35
34
46
45
33
32
44
43
31
19
18
30
29
28
27
15
14
26
38
50
51
63
64
65
66
54
53
65
77
76
75
87
99
144
132
120
119
131
130
129
141
142
143
144
132
120
108
96
84
72
60
59
71
70
69
57
56
44
45
33
34
35
36
48
47
46
58
57
69
81
82
94
95
107
106
118
117
116
128
127
115
103
104
92
93
105
104
116
115
114
113
125
126
138
137
136
135
123
122
110
111
112
124
136
135
134
133
121
109
97
85
86
74
75
76
64
65
53
52
51
63
62
61
73
85
97
98
99
87
88
100
101
89
90
78
66
67
68
80
79
91
103
102
90
91
92
80
79
78
77
65
66
54
42
43
31
19
20
32
44
45
33
21
22
23
24
12
11
10
9
8
7
6
18
30
29
41
40
28
27
39
38
26
14
2
1
13
25
37
49
50
51
52
53
41
40
39
27
15
3
4
5
17
16
15
14
26
25
13
1
2
3
4
16
17
5
6
18
19
7
8
9
10
11
12
24
36
48
47
59
60
72
84
83
95
96
108
107
119
131
143
142
141
140
139
140
139
138
137
125
124
123
122
134
133
121
109
110
98
86
87
75
74
73
61
49
37
38
50
62
63
64
76
77
89
88
100
99
111
112
113
101
102
114
126
127
128
129
130
118
117
105
106
94
93
81
82
83
71
70
58
46
34
35
23
22
21
20
32
31
43
55
67
68
56
55
54
42
30
29
28
55
8
68
144
6
40
61
80
138
112
115
125
92
85
135
38
91
78
99
93
45
56
134
7
32
132
141
49
5
67
24
97
20
137
92
17
60
107
109
140
56
123
48
18
70
101
69
89
41
64
84
79
66
106
110
11
54
54
21
126
41
120
35
39
100
63
14
59
108
103
18
130
72
65
121
81
124
48
139
88
116
38
136
108
52
90
37
121
83
43
102
140
69
116
21
131
95
104
53
14
8
67
143
28
105
27
132
23
35
104
75
51
9
111
83
6
25
87
53
36
136
58
71
22
133
44
89
142
22
15
19
68
33
101
87
17
102
10
30
115
31
141
32
13
88
111
42
98
142
124
96
1
99
65
15
10
46
5
2
45
3
113
112
76
106
103
50
40
81
49
63
60
122
110
130
39
95
109
94
37
61
3
118
62
19
62
144
77
133
57
127
70
73
96
36
46
113
137
7
107
80
118
117
55
139
42
72
27
91
126
28
84
29
97
128
66
9
98
135
16
51
4
77
58
11
138
29
82
12
85
75
57
16
23
43
13
119
74
64
25
52
122
20
12
128
114
74
82
73
93
134
34
4
71
44
78
79
120
24
1
125
86
129
117
94
47
59
2
31
26
105
86
33
114
50
34
123
119
26
76
127
30
129
100
143
131
47
90
27
12
40
25
70
66
92
138
72
50
126
38
9
58
118
72
48
119
95
29
134
111
129
62
7
79
28
23
112
63
128
101
103
17
24
79
131
94
59
81
77
41
15
33
128
106
15
105
32
107
18
20
25
47
17
141
4
68
108
103
40
114
33
71
131
30
99
133
60
98
110
129
46
88
23
125
75
69
22
9
74
119
45
63
113
98
44
43
139
91
99
86
73
1
46
14
8
2
67
57
64
71
3
132
82
56
42
21
64
80
83
86
73
4
51
95
108
78
91
97
1
102
78
13
37
67
123
26
74
100
126
35
42
87
16
66
109
76
142
38
137
96
34
89
2
39
52
7
68
16
13
141
12
132
76
138
100
113
85
5
70
10
124
123
75
85
127
84
117
18
127
53
36
122
88
104
134
130
30
116
82
60
6
11
102
139
61
58
111
19
133
45
121
54
110
24
19
106
143
35
28
11
53
87
57
48
90
80
121
29
81
137
124
90
43
144
89
26
115
55
65
20
37
49
116
104
130
22
55
54
83
94
117
10
136
61
84
62
122
3
51
36
49
93
44
52
125
39
120
115
93
142
135
59
114
109
107
8
143
34
118
77
32
135
140
6
5
14
50
144
27
56
136
31
47
101
105
97
65
69
21
140
112
31
96
92
41
120
12
24
36
48
60
59
47
46
58
70
69
57
45
44
56
55
43
42
54
66
78
77
76
64
65
53
52
40
41
29
17
18
6
5
4
16
28
27
15
14
2
1
13
25
37
49
50
51
63
62
74
75
87
99
111
112
113
114
102
103
91
92
93
105
106
118
117
116
104
92
80
68
67
79
80
81
82
94
95
83
71
72
84
96
108
107
119
131
132
144
143
142
141
140
139
127
128
129
130
142
141
140
139
138
126
125
137
136
124
123
135
134
133
121
122
110
109
97
98
86
85
73
61
49
37
38
39
40
28
29
30
31
32
33
21
9
8
7
19
20
32
33
34
35
23
11
10
22
34
46
45
44
43
55
54
66
65
77
89
90
91
103
115
114
102
101
100
88
76
75
87
86
74
62
61
73
85
97
109
121
133
134
122
110
98
99
111
112
124
123
135
136
137
138
126
125
113
101
100
88
89
90
78
79
67
68
56
57
69
70
58
59
71
83
82
81
93
94
95
107
106
105
104
116
115
127
128
129
117
118
130
131
143
144
132
120
119
120
108
96
84
72
60
48
47
35
36
24
12
11
23
22
10
9
21
20
8
7
19
18
6
5
17
16
4
3
15
3
2
1
13
25
26
14
26
27
39
38
50
51
63
64
52
53
41
42
30
31
133
134
135
136
137
125
124
112
113
114
102
101
100
88
89
77
76
64
65
66
67
55
43
42
54
53
41
40
52
51
50
62
61
49
37
38
39
27
26
14
13
1
2
3
4
5
17
29
30
18
19
31
32
33
34
46
58
70
69
81
80
92
104
105
117
118
106
94
93
92
91
90
78
79
91
103
115
116
128
127
126
138
139
140
141
129
130
131
143
144
132
120
108
96
84
83
95
107
119
120
108
96
84
72
71
59
60
48
47
35
36
24
12
11
23
22
10
9
21
20
8
7
6
5
4
16
28
40
39
51
63
75
87
99
98
97
85
73
74
86
87
99
111
123
122
121
109
110
111
112
100
88
76
77
65
66
54
55
56
68
80
81
82
70
69
57
45
44
43
31
32
20
19
18
6
7
8
9
10
11
12
24
23
22
21
33
34
46
47
35
36
48
60
72
71
59
58
57
45
44
56
68
67
79
78
90
89
101
102
114
113
125
126
127
115
103
104
116
128
129
117
105
93
94
82
83
95
107
106
118
119
131
132
144
143
142
130
142
141
140
139
138
137
136
124
123
135
134
133
121
122
110
109
97
98
86
85
73
74
62
61
49
50
38
37
25
26
25
13
1
2
3
15
14
15
27
28
16
17
29
30
42
41
53
52
64
63
75
