##Rat 4 Day 33
 ##rewards
126
113
47
##Vertices
144
143
142
130
129
141
140
128
116
115
103
91
79
78
77
65
53
41
42
43
44
45
46
58
57
69
68
80
92
93
94
82
81
69
70
71
83
84
72
60
48
47
35
23
24
12
11
10
22
34
33
21
9
8
7
6
18
17
16
15
27
28
40
39
38
50
62
61
49
37
25
26
14
2
3
4
5
6
7
19
31
32
20
8
9
10
22
21
20
19
31
30
29
28
27
39
51
52
64
63
75
74
73
85
86
98
97
109
121
133
134
135
136
124
112
113
125
126
127
139
138
137
136
135
123
122
110
111
99
100
101
102
90
89
88
76
75
87
88
89
101
113
114
102
90
78
66
67
55
56
68
67
79
91
103
104
105
117
118
106
107
95
96
108
120
119
131
132
120
108
107
119
118
130
131
132
144
143
142
141
140
128
129
117
105
106
94
93
81
80
92
104
116
115
114
126
127
139
138
137
125
124
123
111
112
100
99
87
86
98
110
122
134
133
121
109
97
85
73
74
62
61
49
50
38
37
25
26
14
13
1
13
1
2
3
15
16
4
5
17
18
30
29
41
40
52
51
63
64
76
77
65
66
54
53
54
42
43
55
56
44
32
33
45
57
58
70
82
83
95
96
84
72
71
59
60
59
47
46
34
35
36
48
36
24
12
11
23
133
121
109
110
98
97
85
86
87
75
76
77
78
66
54
55
56
57
69
81
93
105
117
116
104
103
91
90
89
101
113
114
102
103
115
127
126
138
139
140
141
129
130
131
143
144
132
120
119
118
106
107
108
96
84
72
71
59
47
35
34
46
45
33
21
20
19
7
8
9
10
22
23
24
36
48
60
72
84
83
82
94
95
96
108
120
119
107
95
83
82
70
58
46
34
33
32
44
43
31
30
18
6
5
17
16
4
3
2
1
13
25
37
38
39
51
50
62
74
73
61
49
37
25
26
14
15
27
28
40
52
64
65
53
41
42
30
29
41
53
52
51
63
64
65
66
67
79
80
92
91
79
78
77
76
88
100
99
111
112
124
125
137
136
135
123
122
134
135
136
124
123
111
110
122
134
133
121
109
97
85
86
98
99
100
112
113
101
102
90
89
88
87
75
63
62
74
73
61
49
50
38
26
27
39
40
28
29
17
16
15
14
13
1
2
3
4
5
6
18
19
7
8
20
21
9
10
22
23
11
12
11
12
24
36
35
47
48
60
59
71
70
58
57
45
44
32
31
43
42
54
55
67
68
56
68
69
81
80
92
93
94
106
105
104
116
115
114
126
125
137
138
139
127
128
140
128
129
117
118
130
142
141
142
143
144
132
131
2
110
87
19
55
99
84
113
54
73
21
32
16
9
7
137
89
97
120
5
86
111
95
29
12
20
34
109
6
126
127
12
141
25
61
120
82
24
66
70
54
82
101
105
124
72
140
129
47
31
32
13
37
85
13
128
43
85
102
45
80
64
101
48
46
50
117
137
88
58
108
79
16
135
91
144
135
6
98
68
97
116
95
33
59
122
143
39
138
8
50
112
15
1
132
11
133
63
76
110
35
94
91
103
89
73
41
40
64
84
70
96
40
31
51
24
115
45
67
52
47
41
107
23
122
72
69
125
130
8
67
28
100
138
88
81
52
93
119
25
78
87
130
123
102
46
76
14
75
35
61
143
78
99
9
66
19
43
48
27
115
26
74
144
59
113
75
114
11
29
119
136
141
118
118
117
7
22
63
34
121
71
3
107
77
62
10
57
36
77
21
83
139
65
128
111
112
4
38
125
53
15
104
116
18
62
56
14
106
108
36
90
18
68
42
131
23
17
60
92
53
129
105
90
28
94
106
92
27
134
49
42
30
121
83
51
65
5
69
71
114
44
20
123
134
81
100
98
74
126
56
10
60
93
80
86
17
109
104
33
127
142
1
131
44
55
132
142
3
133
2
124
96
30
37
39
139
140
136
22
49
79
26
103
57
38
4
58
98
22
14
61
83
120
30
33
130
38
55
138
54
25
90
91
5
47
71
110
119
53
7
4
57
40
141
43
86
42
82
119
10
96
140
124
123
113
94
26
123
112
111
102
16
135
24
73
125
56
20
72
75
115
6
74
23
35
14
141
16
46
26
15
93
8
121
38
126
133
19
134
88
12
50
76
77
110
49
85
87
28
104
64
95
117
80
137
139
69
58
114
30
81
109
41
77
9
24
136
124
39
33
57
56
84
92
66
137
117
63
10
106
59
52
65
130
61
9
99
126
70
28
31
63
116
18
136
66
127
62
113
134
51
120
85
112
47
142
20
17
12
133
115
48
143
76
95
105
93
29
48
27
6
58
29
21
128
140
100
144
1
67
139
101
70
74
19
13
62
98
51
53
100
107
8
106
37
96
49
34
78
131
135
89
103
109
3
41
71
45
97
122
88
114
82
39
36
27
37
131
3
40
72
90
44
13
45
31
87
125
101
23
108
21
86
83
78
104
132
34
2
43
11
108
35
42
92
105
142
32
107
89
64
11
68
129
127
1
118
79
91
132
59
97
81
79
116
60
60
144
54
32
80
143
50
138
2
129
7
128
15
111
84
99
121
36
18
118
55
46
52
102
94
17
4
69
67
25
44
103
5
22
65
122
75
73
68
12
24
36
48
60
59
58
70
71
72
84
83
82
81
80
68
69
57
45
46
47
35
23
11
10
22
34
33
32
20
8
9
21
33
32
31
30
42
43
44
56
55
54
66
67
79
78
90
102
101
100
88
89
77
76
75
87
86
74
73
85
97
109
110
98
99
111
112
124
136
135
134
122
123
135
136
137
125
113
114
126
127
128
129
141
140
139
138
137
125
124
112
113
101
100
99
87
75
63
62
61
49
37
38
50
51
39
40
41
53
65
64
52
40
28
29
17
18
19
7
6
5
4
16
15
3
2
14
13
25
26
27
28
29
41
42
43
44
45
57
58
70
69
81
93
105
117
116
115
103
91
92
104
116
117
118
106
94
95
107
108
120
119
131
132
144
143
142
130
118
106
107
119
120
132
144
143
131
130
142
141
129
128
140
139
138
126
127
115
114
102
90
89
88
76
77
65
53
54
66
78
79
67
55
56
68
80
92
91
103
104
105
93
94
82
83
95
96
108
96
84
72
71
59
60
48
36
35
47
46
34
22
23
24
12
11
10
9
21
20
8
7
19
31
30
18
6
5
17
16
4
3
15
14
26
27
39
38
50
51
52
64
63
62
74
86
98
110
111
123
122
121
133
134
133
121
109
97
85
73
61
49
37
25
13
1
2
1
1
2
3
4
5
17
29
30
18
6
7
19
31
43
55
54
42
41
40
28
16
15
14
13
25
26
27
39
51
50
49
37
38
39
51
63
75
76
64
52
53
65
77
78
66
67
79
80
81
93
105
104
92
91
103
115
116
128
127
139
140
141
142
130
129
117
118
106
107
108
120
132
131
119
120
108
96
95
94
82
83
71
59
47
48
60
72
84
96
95
107
106
94
93
105
117
116
115
114
126
138
137
136
124
125
113
112
100
88
89
90
102
101
100
99
87
86
74
62
61
73
85
97
98
110
109
121
122
134
135
123
111
99
87
88
76
64
52
40
41
29
30
42
43
44
45
46
58
70
69
68
56
57
58
46
34
33
32
20
21
9
10
22
23
11
12
24
36
35
34
33
21
22
10
11
12
24
23
35
36
48
47
59
60
72
84
83
71
70
82
81
80
92
104
103
91
90
89
77
78
79
67
66
65
53
54
55
56
68
69
57
45
44
32
31
19
20
8
9
8
7
6
18
17
5
4
3
15
16
28
27
26
14
2
1
13
25
37
38
50
49
61
62
63
75
74
73
85
86
98
97
109
110
122
123
111
112
124
125
113
101
102
114
126
127
128
129
130
118
119
131
143
144
132
144
143
142
141
140
139
138
137
136
135
134
133
121
133
119
49
56
131
123
30
31
82
25
33
114
138
3
62
50
12
140
43
74
17
33
68
27
58
62
76
65
78
142
16
71
100
38
89
96
24
95
108
18
39
121
1
37
12
72
97
4
77
42
93
15
75
137
79
122
141
75
129
57
108
20
1
130
139
59
138
118
128
22
19
70
114
131
107
11
107
17
29
84
48
3
143
116
25
88
96
89
14
111
36
90
94
132
103
28
66
69
109
84
93
34
125
86
8
23
119
112
59
72
47
105
98
125
61
116
15
67
120
71
29
42
103
9
56
92
32
126
70
91
40
43
87
40
48
21
79
99
64
26
123
22
7
144
136
64
144
21
100
50
132
52
113
5
27
58
104
47
130
74
54
8
60
20
106
91
106
109
68
69
55
95
63
110
135
52
7
11
41
92
6
35
90
140
6
54
37
110
45
34
31
126
124
141
81
2
80
143
23
35
111
86
36
120
46
139
133
87
53
118
127
101
142
113
101
97
61
82
117
14
85
2
53
44
102
85
124
9
73
5
105
65
98
136
39
13
57
46
128
127
80
28
24
77
26
115
104
76
73
19
13
41
32
10
67
4
63
133
51
55
10
112
49
117
81
134
122
137
115
38
102
16
45
134
88
83
66
18
135
121
78
60
99
30
83
129
51
44
94
45
17
41
24
43
99
22
83
61
126
29
109
125
46
128
47
50
109
106
30
25
18
138
97
58
121
115
44
2
51
88
77
27
95
129
103
141
106
114
104
136
75
46
20
121
88
137
37
5
39
126
32
52
139
86
96
122
75
81
66
92
18
58
13
63
67
71
6
138
49
17
140
134
143
66
53
133
13
132
67
61
91
42
2
11
71
77
48
59
59
100
57
110
9
131
5
1
16
76
97
40
78
28
63
74
130
120
79
52
56
94
15
36
70
105
123
7
53
36
34
74
83
108
10
124
54
118
54
128
142
82
113
14
37
50
23
45
91
107
15
110
101
129
14
98
12
107
135
111
142
127
40
38
64
96
70
44
79
104
24
29
105
62
99
34
43
141
27
135
122
115
86
1
103
48
57
55
21
119
30
7
89
6
117
32
116
90
65
11
102
116
124
16
62
112
123
28
112
93
134
31
8
100
26
144
68
39
68
85
118
78
87
111
82
21
144
84
125
72
84
85
33
65
73
113
23
94
117
130
35
136
47
3
3
93
41
4
69
12
80
20
119
8
4
10
19
140
101
137
73
90
102
127
42
49
55
25
56
35
60
108
132
19
87
9
72
98
31
89
64
95
114
33
131
76
38
80
51
133
60
120
139
143
69
92
26
81
22
133
134
135
136
124
112
113
125
137
138
139
140
141
129
128
116
117
118
106
107
119
131
132
144
143
142
130
118
106
105
104
103
115
114
126
127
139
138
137
136
135
123
122
121
109
97
85
73
61
62
50
49
37
25
13
1
2
3
15
16
4
5
6
7
19
18
17
29
41
53
52
64
63
75
74
86
98
110
111
99
87
88
100
101
102
90
89
77
65
66
67
55
43
31
32
44
56
68
80
81
93
94
95
96
84
72
60
59
58
70
71
83
82
94
93
92
91
79
78
90
102
101
89
88
76
75
63
51
39
38
26
27
28
40
52
51
39
40
41
42
54
55
56
57
69
81
82
70
69
57
45
33
21
22
34
35
36
48
47
46
45
44
32
20
8
9
10
11
23
24
12
24
12
11
23
22
10
9
21
33
34
35
36
48
47
46
58
59
60
72
71
83
84
96
95
107
108
120
108
120
119
131
132
144
143
142
130
129
141
140
128
116
117
105
104
92
80
68
67
66
54
53
65
64
76
77
78
79
91
103
115
127
126
114
113
125
124
123
122
134
133
121
109
110
111
112
100
99
87
86
98
97
85
73
74
62
61
49
50
38
37
25
13
14
26
27
28
16
17
29
30
42
43
31
30
18
19
20
8
7
6
5
4
3
15
14
2
1
1
13
25
37
38
39
51
50
49
61
73
85
97
98
86
87
99
111
112
124
123
122
134
133
121
109
110
111
112
100
88
76
75
63
62
74
73
61
49
37
25
26
14
2
3
4
5
6
7
19
20
8
9
10
11
12
24
36
35
47
48
60
72
84
83
71
59
58
57
56
44
43
31
30
18
17
16
15
27
28
29
41
40
52
64
65
53
54
55
67
79
80
81
82
94
93
92
91
90
102
101
113
125
137
138
139
140
128
116
115
127
126
114
113
101
89
77
78
66
65
64
52
53
41
42
30
31
32
33
21
22
34
46
45
44
32
33
45
57
69
68
80
92
104
103
102
114
115
103
104
105
106
107
119
118
130
142
141
129
117
105
93
94
95
96
108
120
132
131
143
144
143
144
132
131
119
120
108
107
106
118
130
142
141
129
117
116
128
140
139
127
126
138
137
125
124
136
135
136
135
123
122
134
133
121
109
110
98
97
85
86
87
99
100
88
89
90
91
79
67
68
56
55
43
42
54
66
78
77
76
75
74
62
63
51
50
38
26
14
13
1
2
3
15
27
39
40
28
29
17
16
4
5
6
18
19
7
8
20
21
9
10
11
23
22
34
46
47
59
58
70
69
81
82
70
71
83
95
96
84
72
60
48
36
35
23
24
12
7
112
10
133
134
54
122
124
125
79
74
13
113
25
107
124
36
9
60
141
89
95
62
16
22
102
121
92
88
11
87
117
14
61
109
42
34
12
15
34
136
86
109
105
87
67
58
60
54
79
6
111
117
49
142
1
35
96
23
98
74
7
118
40
31
19
53
81
59
71
88
138
15
126
93
80
92
144
129
31
19
59
23
51
100
40
65
4
56
110
9
52
16
14
70
55
45
116
68
2
51
123
18
35
121
5
26
2
105
99
49
37
75
10
72
20
47
39
139
100
103
11
81
73
135
30
13
41
66
20
104
95
114
101
118
136
48
120
91
89
44
138
112
131
116
115
107
104
142
26
90
111
101
140
119
46
8
132
84
73
47
29
32
75
102
77
56
12
55
78
28
97
5
71
22
21
76
103
78
24
82
21
83
114
110
28
17
24
43
46
85
38
80
6
58
62
128
97
125
65
85
94
68
143
25
33
53
67
50
127
96
48
76
126
106
130
93
61
77
91
140
17
108
45
139
98
63
29
27
27
33
84
41
137
69
113
123
4
64
82
127
94
32
141
3
144
43
8
1
30
135
72
69
37
137
18
64
86
57
57
66
42
129
90
143
70
122
119
134
39
106
52
132
128
38
108
36
50
3
63
120
133
131
99
115
130
44
83
97
2
78
76
71
65
123
121
135
55
94
21
48
6
35
89
91
10
130
27
135
103
49
98
51
26
106
102
57
121
136
56
52
25
53
142
37
85
116
142
64
129
42
132
139
68
69
20
30
98
13
122
118
76
113
72
62
5
62
9
31
37
119
126
66
45
61
15
89
108
11
131
7
35
58
36
40
110
140
115
5
50
20
44
133
14
47
57
51
32
90
81
78
56
34
59
29
4
85
70
83
22
140
52
77
54
97
44
112
10
96
104
36
38
43
99
123
120
60
8
127
107
60
133
23
75
82
141
73
87
63
41
72
138
46
30
1
50
38
132
83
137
68
39
128
40
12
33
100
73
9
95
115
79
134
116
79
65
4
29
21
64
90
33
131
92
3
117
128
102
109
109
75
137
17
113
111
86
49
112
67
66
32
93
45
117
11
143
14
119
104
101
46
136
139
91
81
39
16
84
124
12
110
63
48
80
43
24
105
96
80
114
144
16
127
26
7
55
105
88
118
93
2
134
70
22
138
23
86
8
54
34
99
124
71
25
74
84
28
108
87
126
13
17
92
94
59
125
77
15
28
88
106
3
103
47
95
143
120
6
27
41
74
58
82
42
100
31
67
19
111
101
1
125
114
130
122
53
18
107
61
18
24
129
69
19
141
144
