##Rat 5 Day 6
 ##rewards
74
87
21
##Vertices
44
102
82
16
15
51
77
90
109
135
105
13
32
142
24
129
6
48
120
100
2
22
63
52
42
58
30
96
22
32
30
80
81
85
93
1
99
124
78
99
3
24
131
141
119
123
121
83
101
98
115
141
134
53
112
134
117
133
66
138
69
42
113
28
4
65
21
84
118
71
44
97
142
104
66
138
97
58
23
2
137
98
113
128
16
111
43
83
95
8
130
91
45
49
122
69
86
132
68
15
40
117
94
25
28
59
125
136
74
9
104
72
127
27
120
7
105
128
34
144
137
26
54
91
18
37
77
103
29
46
124
5
75
92
8
54
12
110
116
36
95
94
50
110
129
80
127
76
90
107
72
39
143
60
73
53
81
75
4
78
136
119
56
139
31
112
40
111
48
107
115
65
140
19
23
87
39
89
17
140
118
7
12
125
126
100
106
74
36
17
10
60
70
61
108
64
50
123
56
31
41
63
64
18
70
101
43
26
11
114
114
11
96
87
3
38
109
86
76
62
14
92
13
68
108
33
88
143
67
130
88
89
102
84
52
61
106
10
132
126
62
6
133
33
135
20
29
57
55
41
35
49
20
47
19
25
59
9
79
46
85
82
21
121
27
71
131
122
34
79
1
103
45
144
38
73
5
35
51
139
37
116
14
67
93
55
57
47
89
111
122
13
139
61
31
110
119
86
21
6
41
144
7
74
83
79
142
54
133
132
70
62
99
64
139
122
38
16
70
6
108
43
9
34
76
97
142
105
80
79
57
130
42
95
111
98
91
33
29
72
21
118
118
83
92
134
128
69
5
53
129
117
88
51
30
104
73
17
14
42
115
75
52
67
114
124
40
5
55
131
121
89
97
19
106
12
106
94
50
107
75
140
103
65
37
48
120
116
18
20
66
14
113
91
46
49
100
131
10
30
11
37
56
28
2
77
27
49
112
10
25
136
125
24
44
40
7
28
141
98
123
85
76
127
109
53
77
33
29
87
119
81
123
9
51
35
108
58
31
140
117
90
73
18
80
59
13
55
32
44
47
138
141
60
92
66
63
43
56
20
82
93
67
72
36
107
4
25
110
15
24
102
60
68
62
133
82
93
46
15
71
121
138
143
11
124
78
50
58
39
34
1
32
116
27
65
81
99
54
84
101
126
134
109
26
127
4
86
135
19
101
17
104
52
2
112
113
3
23
12
61
74
22
68
135
45
115
71
126
36
35
16
102
48
39
95
130
90
38
69
143
26
129
59
8
103
87
45
22
84
1
3
96
125
114
100
136
23
144
137
137
57
105
41
128
88
64
120
85
96
8
47
94
78
132
63
133
121
122
123
111
112
113
101
89
88
87
75
74
73
85
86
98
97
109
110
111
99
100
112
124
136
137
138
126
127
139
140
128
116
117
129
130
131
119
120
108
107
95
96
84
83
71
70
82
81
69
57
58
59
47
48
36
35
34
46
45
33
32
20
21
9
8
7
19
31
43
42
30
18
6
5
17
16
4
3
15
14
26
25
13
1
2
3
4
5
6
7
8
9
10
22
23
11
12
24
36
48
60
72
84
96
108
120
132
144
143
142
141
140
139
138
137
125
126
114
115
103
104
105
106
118
119
107
95
94
93
92
91
90
102
103
91
79
67
66
78
77
76
64
65
53
41
29
28
40
52
51
50
49
37
38
39
27
15
16
17
18
19
20
32
44
56
55
54
66
65
53
52
51
63
62
50
49
61
73
61
62
74
75
63
64
76
77
78
79
67
55
54
42
41
40
39
38
37
25
13
1
2
14
26
27
28
29
30
31
43
44
45
33
21
22
10
11
12
24
23
35
34
46
47
59
60
72
71
83
82
81
69
70
58
57
56
68
80
68
80
92
104
116
117
105
93
94
106
118
130
131
132
144
143
142
141
129
128
127
115
114
113
101
102
90
89
88
100
99
87
86
85
97
98
110
109
121
133
134
122
123
135
134
135
136
124
125
1
2
14
26
27
39
51
52
53
41
29
30
18
6
5
17
16
4
3
15
27
28
40
39
38
37
49
61
62
74
73
85
86
87
99
98
110
122
123
135
136
124
125
137
138
126
127
115
114
102
103
104
116
128
129
141
142
130
118
117
105
106
94
95
107
108
96
84
83
82
81
69
70
71
72
60
59
47
48
36
35
23
22
10
11
12
24
36
48
60
72
84
96
108
120
119
131
132
144
143
142
141
140
139
138
137
136
135
134
133
121
109
97
85
73
61
49
50
62
63
75
76
88
100
112
111
123
124
125
113
101
89
77
65
64
76
77
78
79
67
66
54
42
43
55
56
57
58
46
45
44
32
20
8
9
21
33
34
35
47
59
71
83
95
94
93
92
80
68
67
55
56
44
32
31
19
20
8
7
6
7
19
18
30
31
43
42
54
66
78
79
80
68
69
57
45
33
21
9
10
11
12
24
23
22
34
46
58
70
82
81
93
105
106
107
119
120
132
144
143
131
130
118
117
129
128
140
139
127
126
114
102
103
115
116
104
92
91
90
91
90
89
88
87
99
100
101
113
112
111
110
122
134
133
121
109
97
98
86
74
75
63
51
52
64
65
53
41
40
28
29
17
5
4
16
15
3
2
1
13
14
26
25
13
25
37
38
50
70
57
16
72
103
141
86
78
126
97
71
64
113
128
101
29
81
69
108
6
143
63
19
23
108
11
77
73
46
70
15
33
3
137
141
80
43
47
122
60
55
104
112
107
62
37
87
107
62
114
83
39
63
102
119
65
4
23
2
90
52
30
35
118
9
125
52
99
75
14
22
132
130
1
51
47
95
92
104
76
112
14
109
42
67
49
136
21
91
121
94
48
106
69
71
105
134
40
58
25
26
20
142
64
96
54
74
24
17
109
124
98
83
115
97
50
55
125
110
135
133
27
46
85
53
115
87
7
128
140
34
73
129
132
133
106
94
17
144
111
79
35
68
76
143
42
113
93
28
90
78
138
48
38
61
50
37
127
31
100
65
8
11
85
13
121
89
38
99
139
8
25
12
30
54
82
135
142
49
93
98
118
123
10
139
136
53
82
129
51
81
80
5
29
24
41
122
95
100
13
32
40
18
88
120
72
12
5
66
33
91
126
105
39
120
101
111
22
138
123
131
45
59
66
56
9
140
114
57
56
144
44
88
92
58
44
116
15
36
3
27
10
102
36
124
28
20
59
68
45
18
134
43
26
7
1
130
21
6
19
86
116
67
84
117
31
34
110
127
74
61
96
79
2
131
32
75
16
89
117
60
77
103
84
41
119
4
137
93
103
71
29
51
92
52
100
6
46
97
33
5
79
32
50
105
134
85
78
140
142
45
135
35
37
13
138
144
57
59
4
88
54
95
41
11
64
29
121
36
75
40
54
114
129
108
106
137
77
53
33
136
10
124
31
141
22
2
99
140
66
139
89
113
117
59
22
98
42
116
95
61
84
93
47
87
10
30
49
94
43
60
109
40
34
53
90
117
143
111
26
99
47
62
119
35
86
12
63
50
5
96
4
52
23
142
67
16
48
144
73
20
37
17
122
7
18
69
27
84
130
92
80
75
48
21
16
109
56
101
102
90
116
19
41
14
24
60
14
143
82
63
108
127
141
132
39
45
67
83
39
113
89
68
71
65
30
19
137
23
57
21
68
86
58
130
55
131
32
119
129
122
81
7
126
106
132
111
107
97
76
103
104
91
1
34
18
135
69
77
105
3
110
133
74
110
62
123
13
120
83
2
51
8
56
28
85
38
76
102
128
27
80
72
125
20
88
115
91
44
118
115
43
25
9
26
72
126
139
1
104
138
55
6
94
123
120
112
136
82
15
58
61
31
121
42
96
125
15
46
114
66
112
3
44
74
128
8
118
100
87
124
64
98
17
81
78
73
127
25
134
101
70
70
107
36
24
65
12
9
38
133
49
131
28
79
11
12
24
36
35
47
48
60
59
58
70
69
68
67
79
91
90
89
88
76
64
52
40
28
29
41
42
54
55
56
44
32
31
43
42
30
18
19
7
6
5
4
16
15
14
2
1
13
25
26
27
39
38
37
49
61
73
74
86
98
110
111
99
100
112
124
125
126
138
137
136
135
123
122
121
109
97
85
73
61
62
63
51
50
49
37
25
26
38
50
62
63
75
87
99
111
112
113
101
102
114
115
127
139
140
128
129
141
142
143
144
132
120
108
107
106
94
95
83
71
72
84
96
108
120
119
131
130
118
117
105
93
81
80
92
104
103
115
116
104
92
93
94
82
81
80
79
78
66
65
53
54
66
67
68
69
57
45
46
34
33
21
20
8
9
10
22
23
11
10
9
21
22
34
35
23
11
12
24
36
48
60
59
47
46
45
33
32
44
43
55
56
57
58
70
82
83
71
72
84
96
95
107
119
118
106
105
117
116
128
129
130
131
132
144
143
142
141
140
139
127
126
138
137
125
124
136
135
123
122
134
133
134
133
121
109
110
98
97
85
86
74
75
87
88
100
101
113
114
102
103
91
90
78
77
89
77
76
64
65
53
52
51
39
40
41
29
30
31
19
20
8
7
6
18
17
5
17
16
28
27
15
3
4
3
2
1
13
14
144
143
142
130
129
141
140
128
116
115
103
91
79
78
77
65
53
41
42
43
44
45
46
58
57
69
68
80
92
93
94
82
81
69
70
71
83
84
72
60
48
47
35
23
24
12
11
10
22
34
33
21
9
8
7
6
18
17
16
15
27
28
40
39
38
50
62
61
49
37
25
26
14
2
3
4
5
6
7
19
31
32
20
8
9
10
22
21
20
19
31
30
29
28
27
39
51
52
64
63
75
74
73
85
86
98
97
109
121
133
134
135
136
124
112
113
125
126
127
139
138
137
136
135
123
122
110
111
99
100
101
102
90
89
88
76
75
87
88
89
101
113
114
102
90
78
66
67
55
56
68
67
79
91
103
104
105
117
118
106
107
95
96
108
120
119
131
132
120
108
107
119
118
130
131
132
144
143
142
141
140
128
129
117
105
106
94
93
81
80
92
104
116
115
114
126
127
139
138
137
125
124
123
111
112
100
99
87
86
98
110
122
134
133
121
109
97
85
73
74
62
61
49
50
38
37
25
26
14
13
1
13
1
2
3
15
16
4
5
17
18
30
29
41
40
52
51
63
64
76
77
65
66
54
53
54
42
43
55
56
44
32
33
45
57
58
70
82
83
95
96
84
72
71
59
60
59
47
46
34
35
36
48
36
24
12
11
23
101
67
98
51
94
28
62
124
123
32
46
100
123
26
40
77
92
2
40
128
142
86
142
78
121
95
104
84
93
49
36
131
56
7
33
88
64
72
76
93
8
124
7
60
83
54
119
1
88
68
55
42
87
3
81
9
72
34
20
133
11
83
48
50
64
86
82
119
48
121
94
59
66
143
125
11
38
77
20
107
132
70
129
10
8
102
29
19
120
80
35
131
44
24
62
105
29
37
100
63
17
78
118
134
90
63
44
14
127
21
103
133
137
108
13
3
4
2
136
14
71
70
55
39
30
110
116
13
112
5
98
144
42
26
106
52
109
135
25
67
41
92
47
109
56
50
57
43
91
139
59
54
69
102
41
15
140
138
34
47
52
91
90
114
79
17
38
76
116
141
36
125
111
111
135
101
24
51
118
58
45
110
30
39
28
75
85
1
22
60
132
113
129
103
82
143
19
87
16
80
46
49
112
25
5
43
75
113
96
117
136
137
10
61
35
27
130
23
127
37
99
128
95
66
23
130
32
85
65
61
115
6
68
114
16
120
18
97
122
4
57
6
74
33
89
73
31
53
139
89
27
12
73
117
122
126
9
53
140
99
31
141
74
108
45
97
71
105
79
12
65
115
144
84
22
15
107
106
138
21
18
58
126
81
104
134
96
69
97
50
13
71
27
6
95
70
76
45
17
61
15
86
114
66
48
104
67
123
99
60
81
107
39
20
16
73
12
137
122
51
115
104
58
12
135
120
128
10
63
14
82
25
6
75
56
18
57
29
122
130
124
43
87
98
49
38
88
30
54
3
103
117
80
64
51
139
67
33
63
99
143
59
88
24
133
85
108
109
92
59
36
113
124
22
23
100
11
45
144
9
68
78
133
28
144
83
26
91
22
83
16
4
111
69
105
90
102
26
77
93
10
37
111
91
68
82
36
33
94
69
136
20
73
131
43
17
85
70
19
123
7
140
34
78
125
64
134
55
89
76
136
79
129
116
127
1
107
60
74
131
142
54
93
118
8
137
65
130
89
119
52
3
7
31
2
30
72
62
61
72
106
128
127
5
58
84
101
35
132
126
24
23
87
81
117
21
135
129
79
18
80
134
55
39
46
40
4
141
49
103
56
44
109
100
141
125
94
112
50
114
97
112
5
139
92
121
8
138
140
143
14
13
115
46
25
53
1
105
138
66
28
110
98
95
41
15
90
21
75
42
9
108
101
102
86
35
19
29
121
126
106
37
52
110
77
96
62
32
34
96
71
47
57
74
47
11
116
113
44
42
32
84
120
142
40
27
132
53
2
119
65
38
118
48
41
31
133
134
135
136
137
125
113
114
126
138
139
127
115
103
91
90
102
101
100
112
124
123
122
121
109
110
111
99
87
86
85
97
98
99
87
75
63
64
76
88
89
77
65
66
78
79
67
68
69
57
45
44
56
55
43
31
32
20
19
7
8
9
10
22
21
33
34
46
47
48
36
24
23
35
36
48
60
59
58
70
71
83
95
107
108
96
84
72
60
59
47
46
58
57
45
33
32
31
30
18
6
5
4
16
17
29
28
40
52
53
54
42
41
40
39
51
50
62
74
73
61
49
37
38
26
25
13
14
2
3
15
27
39
51
52
64
76
88
100
101
113
114
102
103
104
105
106
94
82
81
80
92
93
94
106
118
117
116
128
129
141
142
130
131
143
144
132
120
119
118
117
129
130
142
143
144
132
131
119
120
108
107
95
96
84
72
71
83
82
70
69
68
56
44
43
55
54
53
65
66
67
79
78
77
89
90
91
92
80
81
93
105
104
116
115
127
128
140
141
140
139
138
126
125
137
136
135
123
124
112
111
110
122
134
133
121
109
97
98
86
85
73
74
75
63
62
61
49
50
38
37
25
26
14
15
27
28
16
17
29
41
42
30
18
19
20
21
22
34
35
23
11
12
24
12
11
10
9
8
7
6
5
4
3
2
1
13
1
12
24
36
48
60
59
58
70
71
72
84
83
82
81
80
68
69
57
45
46
47
35
23
11
10
22
34
33
32
20
8
9
21
33
32
31
30
42
43
44
56
55
54
66
67
79
78
90
102
101
100
88
89
77
76
75
87
86
74
73
85
97
109
110
98
99
111
112
124
136
135
134
122
123
135
136
137
125
113
114
126
127
128
129
141
140
139
138
137
125
124
112
113
101
100
99
87
75
63
62
61
49
37
38
50
51
39
40
41
53
65
64
52
40
28
29
17
18
19
7
6
5
4
16
15
3
2
14
13
25
26
27
28
29
41
42
43
44
45
57
58
70
69
81
93
105
117
116
115
103
91
92
104
116
117
118
106
94
95
107
108
120
119
131
132
144
143
142
130
118
106
107
119
120
132
144
143
131
130
142
141
129
128
140
139
138
126
127
115
114
102
90
89
88
76
77
65
53
54
66
78
79
67
55
56
68
80
92
91
103
104
105
93
94
82
83
95
96
108
96
84
72
71
59
60
48
36
35
47
46
34
22
23
24
12
11
10
9
21
20
8
7
19
31
30
18
6
5
17
16
4
3
15
14
26
27
39
38
50
51
52
64
63
62
74
86
98
110
111
123
122
121
133
134
133
121
109
97
85
73
61
49
37
25
13
1
2
1
