##Rat 7 Day 36
 ##rewards
62
51
129
##Vertices
2
37
113
48
14
6
27
96
130
52
42
93
78
129
27
102
69
35
39
81
4
55
87
39
24
100
140
137
19
53
120
51
61
50
34
127
8
16
45
135
140
83
77
28
105
88
134
107
71
98
47
15
43
28
64
7
54
142
12
73
1
129
101
44
121
36
114
117
3
121
143
59
126
134
41
30
124
122
9
89
76
112
84
94
49
119
138
78
46
73
19
67
104
56
91
52
141
68
115
80
92
63
50
66
22
100
126
24
29
72
82
131
7
21
18
99
58
106
47
111
49
133
33
55
109
139
114
123
138
65
45
141
5
82
46
34
95
136
125
131
74
75
91
99
25
128
32
90
14
76
22
125
144
119
65
87
137
79
103
80
66
2
113
23
61
77
42
31
101
17
11
86
57
75
71
97
40
25
40
139
57
108
124
63
95
117
88
97
96
38
103
6
142
9
74
85
60
1
106
84
118
69
3
37
98
72
12
60
86
13
85
26
118
59
108
33
116
107
132
21
109
123
122
128
31
132
15
111
70
79
81
104
136
44
30
10
56
23
48
8
54
18
5
62
41
38
115
130
20
20
17
68
13
67
16
53
62
102
110
110
127
135
105
112
26
51
64
143
92
133
32
120
36
90
35
43
89
11
10
4
93
94
29
144
83
58
116
70
87
63
36
50
49
72
133
129
61
71
39
93
108
29
3
87
73
2
68
18
133
134
4
47
140
11
5
67
117
86
23
54
131
56
66
15
116
29
80
45
46
19
14
19
32
69
96
58
48
70
143
49
112
51
91
90
68
118
51
94
75
30
105
76
59
3
82
78
106
44
119
97
64
41
21
124
114
76
136
78
102
120
40
25
64
43
8
83
77
57
104
80
116
85
27
9
122
21
135
82
105
48
23
59
30
86
142
67
140
53
36
115
110
1
92
33
12
32
25
10
141
89
37
99
84
62
142
81
104
113
15
46
134
110
130
107
8
117
20
109
16
43
127
125
141
132
137
1
125
100
65
111
38
103
39
17
88
17
99
38
65
139
79
44
131
55
75
120
136
88
66
79
62
108
106
50
137
112
130
84
73
128
9
69
144
114
128
11
13
4
35
31
109
54
93
22
57
96
124
135
123
95
10
89
91
7
22
77
123
6
115
24
107
81
2
129
18
138
55
7
42
95
33
56
34
122
60
45
102
103
143
90
92
113
138
26
94
97
31
85
53
35
5
37
127
83
101
28
27
14
119
98
52
42
61
60
101
28
111
40
132
34
144
126
71
24
52
16
118
26
139
74
70
41
47
98
121
74
63
58
20
121
100
126
13
72
12
6
12
24
36
48
60
59
47
46
34
33
45
57
69
81
82
94
93
92
80
79
91
90
102
103
115
114
126
138
139
140
128
127
115
116
104
105
106
107
95
96
108
120
132
144
143
131
130
142
141
129
117
118
119
120
108
96
84
83
71
70
58
46
34
35
23
22
10
9
8
7
19
31
32
44
56
55
67
68
80
92
104
116
117
105
93
81
69
57
45
33
21
20
8
7
6
18
30
42
54
53
52
51
39
40
28
16
4
3
2
14
26
27
15
3
4
5
17
29
41
40
39
38
37
49
61
62
63
64
65
77
89
101
113
125
137
136
135
134
133
121
109
97
98
86
85
73
74
75
76
88
100
99
87
88
100
112
111
110
122
123
124
112
111
99
87
75
76
77
78
66
65
53
54
66
78
90
89
101
113
114
102
103
91
79
67
68
56
44
32
20
19
31
43
55
43
42
41
29
30
18
6
5
17
16
28
27
15
14
26
25
13
1
2
1
13
25
37
49
50
38
50
51
52
64
63
62
61
73
74
86
85
97
98
110
109
121
133
134
122
123
135
136
124
125
137
138
126
127
139
140
128
129
141
142
143
144
132
131
130
118
119
107
106
94
95
83
82
70
58
59
71
72
84
72
60
48
47
35
36
24
23
22
21
9
10
11
12
11
144
143
142
130
131
119
120
132
144
143
142
141
140
139
138
137
136
135
123
111
110
109
97
85
73
61
49
50
38
37
25
26
14
2
3
4
16
15
27
39
51
63
62
74
75
76
64
52
53
54
42
43
55
67
66
65
77
78
79
91
103
104
116
128
129
117
118
106
94
95
96
108
107
106
105
93
81
69
68
80
92
93
105
104
92
80
79
91
90
89
88
87
86
98
99
100
101
102
114
113
112
124
125
126
127
115
114
113
101
100
88
87
75
76
64
52
40
41
29
28
27
39
40
41
42
30
31
32
44
56
57
45
46
34
33
21
22
23
35
47
48
36
24
12
11
10
9
8
20
19
18
17
5
6
7
8
9
21
33
34
46
58
59
60
72
84
83
71
70
82
94
95
107
119
118
117
116
115
103
102
90
89
77
78
66
67
68
69
81
82
83
71
70
58
59
47
35
23
22
10
11
12
24
36
48
60
72
84
96
108
120
132
131
130
129
141
140
128
127
139
138
126
125
137
136
135
123
124
112
111
99
98
110
122
121
122
134
133
134
133
121
109
97
85
86
74
73
61
62
63
51
50
49
37
38
26
25
13
1
2
1
13
14
15
3
4
16
28
29
30
18
17
5
6
7
19
20
32
31
43
44
45
57
56
55
54
53
65
126
61
61
140
78
92
41
5
42
7
25
37
109
117
60
142
109
16
84
33
22
4
27
54
100
67
87
70
144
34
89
38
142
11
24
53
136
18
75
77
13
131
22
39
114
57
30
24
66
49
133
55
123
105
40
101
20
120
11
14
113
63
118
71
6
122
31
128
132
79
127
81
85
15
110
12
18
45
111
57
5
19
40
92
115
75
141
139
55
94
72
108
8
35
99
1
63
130
138
67
17
60
103
105
144
27
70
69
72
130
81
71
103
132
59
59
29
90
95
124
50
43
93
95
48
13
76
74
98
143
124
7
35
125
97
118
17
28
107
102
131
129
135
80
116
23
43
87
20
133
122
128
138
1
83
10
120
79
106
141
91
9
47
107
44
14
64
49
53
64
96
46
31
62
29
137
119
137
15
88
116
69
54
102
139
68
82
135
123
46
134
84
30
110
58
3
65
114
77
74
52
12
86
3
21
68
112
101
113
16
78
73
36
28
86
112
117
21
6
126
89
127
136
66
104
85
111
9
100
62
56
25
76
51
33
91
96
41
26
97
51
32
37
106
39
129
83
36
119
48
108
42
121
52
56
93
140
45
99
2
44
47
94
38
50
80
104
143
125
88
98
58
2
26
82
65
32
73
115
34
90
23
19
4
121
8
134
10
126
91
68
49
25
131
88
85
79
64
8
39
43
67
42
5
66
11
10
10
12
35
38
78
41
124
135
144
16
120
113
131
106
56
1
133
85
98
37
24
100
21
134
53
26
142
110
70
71
92
71
82
74
84
2
61
105
65
37
33
108
73
109
102
20
41
35
11
114
113
112
64
96
130
28
90
22
12
3
86
102
99
128
81
95
119
97
132
132
106
137
121
31
60
103
143
116
87
55
13
138
65
55
109
135
18
86
62
127
77
46
94
142
6
5
72
14
15
100
96
87
107
39
20
89
136
16
117
81
29
111
76
93
99
54
57
59
95
88
83
44
110
18
23
80
125
134
112
50
28
45
42
23
107
15
104
129
6
27
21
57
31
76
77
7
79
50
58
75
53
49
8
36
115
78
52
61
70
9
60
91
4
90
34
13
32
115
22
32
47
40
84
2
101
104
98
17
4
139
59
46
118
66
9
30
123
1
105
138
127
137
36
29
30
48
140
26
58
33
136
25
124
143
74
72
44
34
116
101
122
123
80
17
103
108
139
62
92
68
114
48
94
125
47
93
120
133
122
121
40
7
144
38
83
27
19
69
52
141
24
67
51
129
69
82
117
43
118
45
75
51
56
14
111
126
19
63
54
73
119
140
128
63
141
97
89
3
130
1
2
3
4
5
17
16
28
27
39
40
41
42
43
31
32
44
56
55
67
68
80
81
69
70
82
83
84
72
60
59
71
70
58
57
45
33
21
20
8
9
10
11
12
24
23
35
36
48
47
46
34
22
10
9
8
7
19
18
30
29
28
27
15
14
26
25
37
49
61
62
63
51
52
53
65
66
54
55
56
57
58
46
45
44
43
42
41
40
39
38
50
49
61
73
74
75
76
77
89
101
113
112
100
99
98
97
109
121
122
123
111
110
109
97
85
86
87
88
100
112
124
136
137
138
126
114
102
90
91
92
93
94
95
96
108
120
132
144
143
142
141
129
128
140
139
127
115
103
104
105
117
116
104
105
106
118
130
131
119
107
106
118
117
116
115
103
91
79
78
90
89
77
78
79
80
92
93
94
82
81
69
68
67
66
54
53
52
51
50
62
63
64
65
64
76
88
87
75
74
73
85
86
98
99
111
110
122
123
135
134
133
121
133
134
135
136
137
125
124
125
113
101
102
114
126
138
139
127
128
140
141
129
130
142
143
144
132
131
119
120
108
107
95
96
84
83
71
72
60
59
47
48
36
24
12
11
23
35
34
22
21
33
32
20
19
31
30
29
17
18
6
7
6
5
4
16
15
3
2
14
26
38
37
25
13
1
13
133
134
122
110
111
123
135
136
137
125
126
138
139
127
115
116
128
140
141
129
117
118
119
131
130
142
143
144
132
120
108
96
95
83
82
94
93
105
104
103
91
90
78
77
89
101
102
114
113
112
100
99
98
86
85
97
109
121
133
134
135
123
124
112
100
88
87
75
76
64
63
62
50
49
61
73
74
75
63
51
52
40
39
27
15
14
26
38
37
25
13
1
2
3
4
16
17
5
6
7
8
20
19
18
30
31
43
44
45
46
34
22
10
9
21
33
32
31
30
29
28
40
41
42
54
53
65
66
67
79
80
81
69
68
56
55
43
44
32
33
34
35
23
11
12
24
36
48
60
72
84
96
108
107
106
105
117
116
104
92
93
81
82
70
71
59
58
57
45
46
47
59
47
35
23
11
12
24
36
48
60
72
84
83
71
70
58
57
69
68
56
55
67
66
54
42
41
53
65
77
76
64
52
51
39
27
28
29
17
18
19
20
21
22
10
9
8
7
6
5
4
16
15
3
2
1
13
14
26
25
37
38
50
49
61
62
74
73
85
86
98
97
109
121
122
110
111
99
87
88
89
90
78
79
80
92
91
103
115
127
126
114
102
101
113
125
124
136
137
138
139
140
128
129
141
142
130
131
143
144
132
120
119
118
106
94
95
107
84
65
117
134
122
106
21
91
2
133
120
114
46
79
124
28
55
67
38
17
54
29
83
135
35
2
59
80
134
45
99
112
69
22
122
5
141
50
8
136
13
27
120
68
42
110
118
28
34
76
111
140
4
9
124
20
143
88
141
50
27
72
45
26
104
101
42
109
61
43
47
38
31
69
142
17
76
138
43
57
129
11
116
123
70
72
108
34
106
15
128
93
97
123
16
119
107
104
41
31
100
3
40
24
94
37
115
137
78
23
144
66
79
29
51
143
1
90
9
68
58
62
71
12
18
33
111
85
96
44
80
49
136
139
60
58
73
5
133
94
126
55
25
20
66
89
131
108
6
51
132
110
74
144
30
113
101
23
97
115
64
25
121
139
118
105
67
83
88
102
117
11
89
48
46
54
114
95
63
129
59
64
26
135
92
44
78
140
15
14
53
75
74
40
65
130
86
125
128
3
102
112
107
10
81
103
98
77
12
1
70
18
41
127
103
138
127
71
56
35
36
24
57
47
75
119
86
39
13
48
30
109
7
53
32
113
95
7
19
116
125
132
14
6
77
85
93
87
81
19
126
33
91
62
142
137
37
131
60
21
52
84
73
39
8
87
61
32
98
4
99
96
90
52
105
63
82
49
22
16
121
100
56
36
82
10
92
130
133
108
24
100
83
7
94
57
128
87
3
123
34
67
90
45
58
76
101
60
103
13
10
53
109
11
143
17
34
136
49
15
100
75
44
87
9
51
37
131
105
114
129
7
48
73
97
141
83
138
107
49
36
117
28
59
39
103
119
66
134
127
140
9
31
11
29
85
46
13
110
86
24
144
92
33
8
58
121
125
138
123
81
68
91
109
2
120
77
137
65
35
33
30
135
38
23
21
69
95
12
28
37
18
20
108
27
68
133
85
116
71
93
79
63
118
62
39
70
90
14
105
116
5
120
89
141
89
79
126
88
139
59
57
94
22
64
91
53
30
36
73
19
21
139
16
140
51
136
111
114
74
86
1
96
124
32
27
35
106
132
69
44
110
4
19
62
17
82
66
104
4
26
6
3
50
71
67
31
77
84
74
10
81
40
6
43
2
144
104
102
56
63
98
20
107
84
102
121
42
72
111
42
78
52
130
40
119
29
142
126
135
142
82
75
78
45
15
115
47
55
124
26
25
80
70
50
76
60
95
61
106
16
46
1
112
43
14
25
5
22
52
122
93
117
8
64
131
132
96
23
41
122
129
97
92
127
137
112
143
54
12
130
99
134
65
41
32
48
99
54
18
128
88
72
56
55
113
98
125
101
38
113
118
80
47
115
61
1
13
14
15
27
26
25
37
49
50
62
61
73
74
75
87
86
85
97
98
99
111
123
122
110
109
121
133
134
135
136
137
125
126
114
113
101
100
88
76
77
65
66
54
53
52
64
63
51
39
40
28
16
17
5
4
3
2
1
13
25
26
38
39
40
41
29
30
42
43
31
19
20
8
7
6
18
30
31
32
44
45
33
34
35
23
22
21
9
10
11
12
24
36
48
47
59
60
72
84
96
95
83
71
70
82
81
93
105
117
118
119
120
108
107
106
94
82
70
58
46
45
57
69
68
56
55
67
79
78
90
102
103
91
92
80
81
93
94
106
118
130
131
132
144
143
142
141
140
139
138
137
136
124
112
100
99
87
88
89
101
102
114
115
127
128
116
104
105
117
129
128
129
130
131
132
144
143
142
141
140
139
138
126
127
115
116
104
103
91
92
80
79
67
68
69
57
56
55
54
42
43
44
32
33
34
46
58
59
71
83
95
107
119
120
108
96
84
72
60
48
47
35
36
24
12
11
23
22
10
9
21
20
8
7
19
18
6
5
17
16
4
3
2
14
15
27
28
29
41
53
65
66
78
90
89
77
76
75
74
62
63
64
52
51
50
38
37
49
61
73
85
86
98
97
109
110
122
121
133
134
135
123
111
112
113
125
124
133
134
135
123
111
99
98
86
74
62
61
73
85
97
109
110
122
121
109
97
85
73
74
75
87
88
76
77
65
66
54
55
56
68
80
79
78
90
102
114
115
116
128
127
139
140
141
142
130
118
117
129
141
140
139
138
137
136
124
112
113
125
126
114
113
101
100
88
89
77
78
66
67
55
43
42
41
40
52
51
50
38
39
27
26
14
15
16
4
5
17
29
30
18
6
7
19
20
32
44
45
33
34
35
36
24
12
11
23
22
10
9
8
7
6
5
4
3
2
1
13
25
37
49
61
62
63
64
65
53
54
42
43
31
32
44
45
46
47
59
71
70
58
57
69
81
82
83
84
96
95
94
93
92
91
103
104
105
106
107
119
131
143
144
132
120
108
96
84
72
60
72
71
83
82
94
95
107
108
120
119
131
132
144
143
142
130
129
117
118
106
105
104
116
128
127
115
103
102
101
89
90
91
92
93
81
80
79
67
68
56
57
69
70
58
59
60
48
36
48
47
46
34
35
23
24
12
11
10
22
21
33
21
9
8
20
19
31
30
18
17
16
28
27
26
14
15
3
2
1
13
25
37
49
50
38
39
40
28
29
41
53
52
51
63
64
76
75
87
99
100
112
111
123
124
125
126
138
137
136
135
134
133
121
122
110
98
86
