##Rat 8 Day 1
 ##rewards
71
58
124
##Vertices
144
143
131
119
120
108
96
84
83
82
81
80
68
67
55
56
44
32
31
43
42
54
66
65
53
52
51
63
62
61
73
85
97
109
110
111
112
113
125
137
136
124
123
122
134
133
121
109
97
98
86
74
75
76
64
52
40
39
27
28
16
17
18
19
7
6
5
4
3
15
14
2
1
13
25
37
49
50
38
26
27
39
51
63
64
76
88
87
99
100
101
102
90
91
79
78
77
89
88
100
101
113
114
115
116
128
127
126
138
139
140
141
129
130
142
141
140
128
116
117
118
106
94
95
107
108
96
84
72
71
70
69
57
45
46
34
35
36
48
47
59
60
48
36
24
12
11
23
22
10
9
8
20
21
33
32
31
30
29
41
42
43
44
56
55
67
79
91
103
104
105
93
105
104
92
93
92
80
68
69
81
82
94
106
118
117
129
130
142
143
131
132
144
132
120
119
107
95
83
71
72
60
59
58
70
58
57
45
46
47
35
23
24
12
11
10
22
34
33
21
9
8
20
19
7
6
5
17
18
30
29
41
40
28
16
4
3
15
14
2
1
13
25
26
38
37
49
50
62
61
73
85
86
74
75
87
99
98
110
122
121
133
134
135
136
135
123
111
112
124
125
137
138
139
127
126
114
115
103
102
90
78
66
54
53
65
77
89
12
11
23
35
36
48
60
72
71
70
69
68
80
79
91
92
104
116
115
103
102
90
78
77
89
88
87
75
74
73
61
49
37
25
26
27
28
29
17
5
4
16
15
14
2
1
13
25
37
38
50
62
63
64
76
88
100
99
111
112
124
125
126
127
139
138
137
136
135
123
122
134
133
121
109
97
85
86
98
110
111
99
87
75
76
64
52
51
39
40
41
42
54
55
67
66
65
53
52
40
41
29
30
31
32
20
19
18
6
7
8
9
21
22
10
9
8
20
32
33
34
46
58
59
47
48
60
72
84
83
82
81
93
105
106
118
119
120
108
107
95
96
108
120
132
144
143
131
130
142
141
140
128
129
117
116
115
114
113
101
102
103
104
92
91
79
67
55
43
44
45
57
45
44
56
57
56
68
80
81
69
70
58
46
34
33
21
22
10
11
23
24
12
24
36
35
47
59
71
83
84
96
95
94
82
94
93
105
106
107
119
131
132
144
143
142
130
118
117
129
141
140
128
127
139
138
137
125
126
114
113
101
100
112
124
136
135
123
122
134
133
121
109
110
98
97
85
86
74
73
61
49
50
62
63
51
39
38
26
14
13
1
2
3
4
3
15
27
28
16
17
5
6
7
19
18
30
31
43
42
54
66
78
90
89
77
65
53
91
71
119
60
126
66
120
110
9
88
27
16
85
135
18
129
63
38
84
143
29
72
60
59
117
37
48
113
98
95
16
105
57
91
95
137
47
108
143
100
17
118
13
126
64
90
85
49
106
81
100
101
112
78
105
116
75
86
12
63
25
7
133
107
141
61
108
44
25
89
120
144
17
53
87
38
114
107
110
96
42
70
102
131
47
74
90
1
104
2
92
3
66
76
92
113
69
140
119
130
121
52
30
141
15
114
8
75
88
20
32
122
109
19
21
101
57
4
23
1
5
77
11
128
22
7
103
56
26
129
48
28
115
68
70
24
34
58
19
112
43
69
133
127
33
93
40
43
30
6
104
123
31
51
34
139
83
6
37
106
79
82
81
50
130
51
77
39
41
12
39
99
142
61
11
10
5
41
45
137
84
8
86
109
4
118
87
31
14
131
42
3
94
139
125
140
9
27
59
125
10
73
21
127
80
98
2
36
50
82
136
67
132
128
62
13
111
52
54
97
32
115
40
83
136
76
132
135
72
138
55
79
46
117
15
22
94
54
80
142
14
64
62
138
68
97
99
116
67
26
35
33
65
73
74
124
55
124
29
134
53
134
58
123
122
96
20
28
78
71
18
144
23
102
103
111
93
44
49
24
65
35
46
121
45
89
56
36
32
99
63
65
110
24
37
77
95
132
137
48
92
6
60
136
37
18
87
72
2
138
113
131
133
16
50
130
14
79
59
40
122
107
26
64
56
93
30
121
130
83
117
140
62
71
66
71
126
135
67
144
17
100
129
53
103
104
19
136
52
99
8
76
13
109
60
143
98
142
120
35
23
118
48
132
49
23
98
143
123
5
126
16
33
39
82
129
125
115
134
119
53
127
109
139
78
57
89
102
138
72
135
66
49
97
114
86
122
70
131
25
94
117
69
68
96
91
116
10
12
91
26
110
124
40
41
90
51
105
127
52
128
34
42
74
61
82
17
106
2
43
55
22
9
43
88
86
45
108
103
64
101
133
34
11
41
9
112
47
10
119
73
42
19
137
45
11
81
7
111
36
32
79
80
62
102
21
4
67
65
20
120
84
44
1
24
47
123
28
107
116
15
75
61
56
29
63
144
1
93
90
114
85
112
139
59
101
97
3
29
105
81
28
142
108
14
125
18
7
77
50
76
74
27
39
100
141
3
94
118
89
55
27
8
106
38
15
111
73
87
33
134
115
46
141
95
121
38
21
70
104
78
58
30
128
13
54
31
69
31
25
6
75
35
88
83
84
54
113
58
5
44
92
124
140
68
96
85
12
46
57
36
20
80
51
22
4
133
134
135
123
122
110
109
97
98
99
100
88
87
75
63
62
74
86
85
73
61
49
37
25
26
14
13
1
2
3
4
5
17
29
28
16
15
27
39
40
41
53
52
64
65
66
54
42
30
18
19
31
32
44
43
55
67
68
56
57
45
33
34
22
10
11
12
24
23
35
36
48
60
72
84
83
71
70
82
94
93
81
80
79
78
77
76
88
89
90
91
92
104
103
115
114
102
101
113
125
126
127
128
116
117
129
141
142
130
118
119
131
132
144
143
142
141
140
139
138
137
136
124
112
111
99
87
75
76
77
65
64
63
51
50
38
37
25
26
27
28
29
30
31
32
20
8
9
21
33
34
46
47
59
58
70
69
81
82
94
106
105
93
92
91
103
104
105
106
107
108
96
95
107
95
96
84
83
71
72
60
48
36
24
12
11
10
9
8
7
6
18
17
16
15
14
13
1
2
3
4
5
6
7
19
20
21
22
23
35
47
59
58
46
45
57
69
68
80
79
78
66
67
55
56
44
43
42
54
53
41
40
52
51
39
38
50
49
61
62
74
73
85
86
98
110
111
112
100
101
89
90
102
114
113
125
126
127
115
116
117
118
119
120
108
120
132
144
143
131
130
129
128
140
139
138
137
136
124
123
135
134
133
121
122
121
109
97
1
13
14
15
3
2
1
13
25
26
38
50
51
52
64
65
66
78
90
102
114
113
101
100
112
124
125
137
138
126
127
139
140
128
129
117
118
130
142
141
140
139
138
137
136
135
123
122
134
133
121
109
110
111
99
98
97
85
73
74
75
63
62
61
49
37
25
26
27
39
40
41
42
43
44
56
68
67
55
54
53
41
29
28
16
4
5
6
18
19
7
8
20
21
22
10
9
8
7
6
5
17
18
30
31
32
33
45
57
69
70
71
59
60
72
84
96
95
94
106
107
108
120
132
131
119
118
106
105
93
92
80
81
82
83
84
72
60
48
47
35
23
11
12
24
36
48
47
46
58
57
69
68
56
55
54
53
65
77
89
88
87
86
85
97
98
99
100
101
102
103
91
79
67
66
78
79
80
81
93
94
82
70
58
59
71
83
95
96
108
107
119
120
132
144
143
144
143
131
130
142
141
129
117
116
128
127
126
125
124
136
135
123
122
134
133
121
109
110
111
112
113
114
115
116
115
103
104
105
104
92
91
90
89
77
76
64
52
51
63
75
76
88
87
86
74
73
61
62
50
49
37
38
39
40
28
27
15
14
2
3
4
16
17
29
30
42
43
31
32
44
45
46
34
33
34
22
23
35
36
24
12
11
10
9
21
20
19
123
76
70
48
91
132
14
143
113
110
136
90
40
29
119
16
25
125
123
137
46
10
21
142
24
28
95
55
119
40
29
78
82
62
94
64
68
62
43
45
135
139
72
85
28
37
58
67
71
2
135
23
41
42
125
20
39
93
107
75
37
27
24
124
110
22
87
78
69
90
130
130
104
71
98
20
61
137
6
30
74
49
105
1
142
1
16
120
10
51
94
128
53
92
144
121
47
66
19
120
121
63
33
18
127
50
107
95
18
45
115
19
3
106
26
88
8
103
50
74
52
111
80
109
81
85
46
112
13
70
126
15
116
34
2
35
132
43
87
64
42
99
60
12
96
103
141
17
108
89
81
49
109
100
31
118
36
36
117
57
7
4
84
143
25
133
48
102
114
79
13
5
124
140
58
12
106
51
27
15
55
56
113
54
56
26
73
3
131
38
102
23
101
32
52
108
92
35
9
22
116
84
133
9
41
97
54
80
128
129
21
69
131
61
14
66
76
89
4
139
63
38
53
140
86
129
8
73
57
77
127
114
99
32
97
91
122
59
126
117
82
134
11
138
83
47
83
77
5
7
101
79
93
88
59
44
33
100
105
39
44
112
68
60
111
134
65
86
30
138
72
96
115
31
67
17
144
6
136
141
34
65
118
11
98
75
122
104
60
25
15
114
75
119
112
122
40
11
55
80
18
119
46
111
47
12
118
10
6
16
125
26
39
76
139
100
135
31
22
115
52
122
97
8
140
22
63
32
65
101
89
29
130
11
81
82
120
124
21
133
43
95
124
144
137
88
25
41
116
48
128
64
90
50
17
17
28
24
100
26
141
75
143
49
44
5
79
96
77
51
67
62
131
3
88
121
104
71
27
65
103
4
29
116
72
115
55
144
16
74
64
33
7
138
59
77
132
95
3
127
24
86
30
12
61
1
97
9
13
107
85
57
108
20
117
47
73
118
23
67
43
8
91
15
84
41
56
28
132
78
99
58
48
143
99
82
78
57
4
141
137
105
45
5
136
38
62
66
49
2
108
111
14
92
56
34
105
135
38
109
123
94
66
106
134
68
20
106
87
86
36
90
69
53
2
19
54
113
142
80
127
33
140
10
102
126
70
138
91
117
81
40
120
7
110
23
58
30
36
18
45
63
125
59
50
14
32
46
98
83
42
35
70
85
53
37
73
39
89
104
31
129
112
1
131
101
142
44
133
60
114
13
92
68
52
136
27
61
129
126
54
103
94
9
35
96
84
102
121
21
72
93
93
69
76
130
87
37
123
74
51
134
110
42
83
107
71
34
128
109
19
139
113
98
6
79
12
24
36
48
60
59
47
35
23
11
10
22
34
33
45
57
56
68
69
81
93
94
82
83
84
96
95
107
108
120
132
131
130
129
141
140
128
116
104
92
91
103
102
90
78
66
65
77
76
64
52
53
41
42
54
55
67
79
80
92
104
105
106
118
119
120
108
96
84
72
71
70
58
46
45
44
32
31
43
44
32
20
8
9
21
33
34
46
58
57
69
81
93
105
117
116
115
114
126
125
124
136
135
123
111
112
113
101
89
88
100
99
87
86
98
97
109
110
122
121
133
134
135
136
137
138
139
127
115
103
102
101
89
88
100
99
87
75
63
62
74
73
61
49
37
38
50
51
39
27
15
16
17
29
28
40
41
29
30
18
6
5
4
3
2
1
13
14
26
25
37
38
26
25
13
1
2
14
15
3
4
16
28
27
39
40
52
53
65
64
63
51
50
49
61
62
74
75
76
77
78
90
91
79
80
68
56
55
67
66
54
42
43
31
30
18
17
5
6
7
19
20
19
7
8
9
21
22
10
11
12
24
23
35
36
48
47
59
60
72
71
70
82
83
95
107
119
131
132
144
143
144
143
142
130
142
141
140
139
138
137
125
124
123
122
134
133
121
109
97
85
73
85
86
98
110
111
112
113
114
126
127
128
129
117
118
106
94
1
2
3
15
14
26
25
37
38
39
40
52
51
63
75
74
62
50
49
61
73
85
97
109
110
122
121
133
134
135
136
137
125
113
112
124
123
111
99
100
101
89
88
76
77
78
90
102
114
126
127
115
116
104
103
91
79
80
92
93
105
117
118
130
142
143
144
132
131
119
120
108
96
84
72
71
83
82
70
58
57
69
68
67
66
65
64
52
53
54
55
56
44
43
31
30
42
41
29
17
18
19
20
32
33
21
9
10
22
34
35
23
24
12
11
10
9
8
7
6
5
4
16
28
27
39
51
63
64
65
77
76
75
87
86
98
97
109
110
111
112
113
114
115
116
128
140
141
129
117
118
106
107
95
94
82
81
69
70
58
46
45
57
56
55
43
44
45
46
47
48
60
59
47
59
60
72
71
83
84
96
108
120
132
144
143
142
141
140
139
138
126
125
124
123
122
121
133
134
135
136
137
138
139
127
128
129
130
131
119
107
95
94
106
105
93
81
80
68
67
66
78
79
91
92
104
103
102
90
89
101
100
88
87
99
98
86
85
73
74
62
61
49
50
38
26
27
28
40
41
53
54
42
30
29
17
18
19
31
32
33
34
35
36
48
36
24
12
11
23
22
21
20
8
7
6
5
4
16
15
3
2
1
13
14
13
25
37
68
8
53
122
71
56
13
95
71
36
125
96
15
123
16
97
67
1
136
115
98
60
137
7
49
39
11
93
47
126
49
92
9
100
29
132
133
117
82
88
51
34
110
139
127
59
83
9
140
63
143
44
134
10
74
87
31
113
30
50
138
66
99
4
117
89
102
79
29
74
3
76
78
144
46
54
2
70
84
128
91
73
120
116
32
48
143
118
95
69
86
78
88
131
91
84
51
2
3
89
23
11
41
77
18
8
104
60
67
134
77
141
22
106
130
47
140
40
137
19
144
46
55
18
135
118
109
87
61
68
69
17
6
6
35
12
90
142
107
20
125
53
92
37
65
112
114
121
5
4
119
100
97
111
36
32
19
28
16
7
45
80
129
85
135
79
101
124
57
119
55
22
142
26
124
38
44
90
33
73
133
30
107
131
136
105
86
41
62
141
114
81
108
110
127
121
59
40
94
102
26
13
42
72
39
42
38
52
37
5
75
27
52
64
12
64
54
24
72
21
108
105
128
120
1
50
81
62
65
112
98
14
58
56
116
31
138
126
48
27
103
130
129
83
123
20
23
14
33
28
57
94
139
115
45
75
111
76
25
61
21
99
34
109
70
96
101
43
10
82
24
85
58
93
17
35
113
80
63
66
106
15
25
43
132
122
103
104
44
130
137
105
56
133
92
104
75
108
119
38
14
134
74
41
8
65
49
59
141
13
15
14
84
139
44
99
94
5
36
16
1
124
52
107
80
11
117
2
42
9
3
108
70
27
4
64
72
20
142
102
18
101
2
143
36
66
22
71
104
59
24
20
128
73
56
118
33
115
87
78
93
77
29
140
135
33
68
73
51
50
109
29
7
97
121
32
57
66
10
62
96
53
17
112
10
48
82
9
125
136
87
112
35
100
113
126
102
8
40
76
13
91
52
63
126
58
16
1
58
70
27
142
106
86
7
68
83
94
55
71
75
45
24
83
98
131
47
78
84
106
32
34
45
61
62
6
34
80
95
134
81
122
100
121
103
88
31
46
53
113
136
39
4
138
124
41
128
82
28
90
132
91
17
92
110
48
99
122
49
137
117
26
129
141
144
85
38
57
93
101
119
111
138
114
37
31
88
109
23
43
140
54
50
130
23
65
123
28
97
116
76
37
30
19
114
40
51
90
15
39
43
6
19
143
21
26
120
3
118
42
69
77
139
144
133
35
89
55
25
30
95
61
11
86
85
60
12
72
60
123
67
127
89
79
63
79
129
21
103
18
67
69
127
25
135
47
81
120
111
22
12
125
96
5
132
46
98
115
105
107
131
110
54
116
64
74
