##Rat 8 Day 37
 ##rewards
71
58
124
##Vertices
1
13
25
37
38
50
49
61
73
85
97
109
121
133
134
122
123
135
136
124
112
100
101
89
88
76
75
63
64
65
66
54
42
43
31
30
29
17
16
28
27
15
14
2
3
4
5
6
7
8
20
21
9
10
11
12
24
36
48
47
35
23
22
34
46
45
57
56
68
80
81
69
70
58
59
71
83
95
107
108
96
84
72
60
48
36
35
34
33
32
44
45
33
32
31
19
18
30
42
41
40
52
53
65
77
78
90
91
79
67
55
54
53
41
29
28
40
39
51
52
64
63
62
74
86
87
99
98
110
111
112
113
125
137
138
126
127
139
140
128
129
141
142
130
131
143
144
132
120
119
118
106
94
93
105
104
103
102
114
115
116
117
118
106
105
93
92
104
103
102
101
113
125
137
138
139
127
126
114
115
116
117
129
128
140
141
142
130
131
143
144
132
120
119
107
108
96
95
94
82
81
82
70
71
83
84
72
60
59
47
46
58
57
69
68
56
44
43
55
67
66
78
79
80
92
91
90
89
77
76
75
74
62
50
51
39
27
26
38
26
14
15
16
17
18
19
20
21
22
23
24
12
11
10
9
8
7
6
5
4
3
2
1
13
25
37
49
61
73
85
86
98
97
109
110
122
121
133
134
135
136
124
123
111
99
100
88
87
12
11
23
35
34
22
10
9
8
20
19
7
6
18
30
29
17
5
4
16
28
27
26
14
15
3
2
1
13
25
37
49
50
62
63
51
52
40
41
42
54
55
67
68
56
44
43
31
32
33
45
46
47
59
60
48
36
24
12
11
10
22
21
33
45
57
58
70
69
81
82
83
95
96
84
72
71
70
82
94
93
105
106
118
130
131
119
107
108
120
132
144
143
142
141
129
128
140
139
138
137
125
126
127
115
114
102
101
100
99
111
123
135
136
124
112
113
114
115
116
117
105
104
103
91
92
80
79
78
66
65
64
76
77
89
90
102
101
113
112
111
110
122
134
133
121
109
97
85
73
61
49
37
38
39
40
28
29
41
53
52
64
63
75
74
86
87
88
100
99
98
86
98
110
122
134
133
121
109
97
85
73
61
62
74
75
87
88
76
77
89
90
78
79
91
103
104
92
80
68
69
81
93
94
106
118
117
116
128
127
126
125
124
123
135
136
137
138
139
140
141
129
130
142
143
144
132
131
119
120
108
107
95
96
84
83
71
72
60
59
47
48
36
24
23
35
34
46
58
57
56
55
67
66
65
53
54
42
30
18
19
31
43
44
32
20
21
9
8
7
6
5
17
16
4
3
15
14
2
1
13
25
26
27
39
51
50
38
36
45
86
33
120
55
70
15
132
37
18
115
2
85
30
119
125
69
136
104
116
135
21
97
120
13
106
88
46
70
112
144
20
5
39
6
23
101
123
92
73
101
130
1
69
128
127
95
6
17
57
49
46
24
54
114
12
11
83
19
20
106
56
87
9
71
122
61
4
10
66
136
98
121
89
117
27
103
102
85
108
47
44
139
126
113
71
88
92
87
3
32
48
16
86
45
82
44
79
109
5
35
78
131
109
24
42
118
67
34
141
144
121
99
75
25
112
143
53
140
37
52
66
14
41
124
130
21
124
7
140
60
64
7
60
113
76
41
8
115
84
68
68
96
12
50
2
62
133
51
97
58
55
67
110
80
51
13
122
78
63
76
108
123
107
128
3
1
80
143
10
35
126
77
65
42
105
47
129
38
65
142
94
53
40
83
93
94
59
43
111
72
40
100
127
8
135
110
111
142
137
30
29
129
29
104
98
102
27
84
28
11
74
26
100
43
39
23
16
22
82
18
31
93
56
28
57
9
59
103
4
58
91
19
75
134
138
52
107
14
114
36
50
32
26
105
61
119
62
79
34
134
81
90
64
89
116
141
54
74
95
131
81
132
99
38
31
33
73
96
133
90
22
25
137
63
49
139
15
77
48
91
125
118
72
117
138
17
48
103
123
58
106
10
56
61
126
55
78
68
51
126
51
139
74
25
73
131
87
45
143
114
67
35
105
125
57
96
119
88
45
8
25
37
137
49
120
79
76
38
43
101
66
68
114
116
96
50
113
141
30
80
97
121
34
73
72
91
93
11
58
63
54
129
12
125
62
43
142
66
22
104
63
116
131
15
5
103
134
36
132
71
138
107
111
42
99
28
23
129
89
138
19
141
123
115
142
118
75
9
14
109
90
112
59
19
100
98
124
136
140
112
65
46
69
134
72
121
44
64
47
23
100
31
128
5
46
78
7
11
3
113
33
26
37
18
143
74
82
86
49
136
107
6
135
144
92
38
95
2
22
1
39
110
124
104
4
40
20
18
53
34
53
86
21
42
83
76
75
29
2
59
77
122
87
135
67
94
15
32
84
95
85
55
117
99
10
81
17
40
133
70
105
108
120
52
93
54
102
117
108
31
130
133
69
111
85
17
32
84
118
3
24
30
137
28
83
91
119
98
60
130
90
89
94
144
71
81
57
39
80
70
60
47
13
110
77
1
52
48
82
21
8
44
36
9
27
88
6
7
106
56
26
127
79
41
33
16
62
109
20
41
65
4
12
27
14
16
115
24
35
97
140
122
50
132
13
29
92
127
61
128
102
101
139
64
144
132
131
130
118
119
120
108
96
95
83
84
72
71
70
58
59
60
48
47
46
34
22
23
35
36
24
12
11
10
9
8
20
19
31
32
44
45
57
69
68
80
79
91
92
93
81
82
94
106
105
117
129
128
140
141
142
143
144
132
120
119
107
106
105
104
116
115
103
102
114
126
125
137
138
139
127
115
114
113
101
100
112
111
110
122
123
124
136
135
134
133
121
109
97
98
86
85
73
61
49
50
62
74
75
63
64
52
40
28
27
26
25
37
38
39
51
63
75
87
99
100
88
76
77
89
90
78
66
67
55
43
42
54
53
65
64
52
51
39
27
15
14
13
1
2
3
4
5
6
7
8
9
21
33
45
46
58
57
56
44
43
31
30
18
17
29
41
40
28
16
17
16
15
14
13
1
2
3
4
5
6
7
19
18
30
29
41
42
54
53
65
66
78
77
76
88
89
90
91
103
102
101
113
112
111
99
87
86
74
62
50
38
26
25
37
49
61
73
85
97
98
110
109
121
133
134
122
123
135
136
124
125
137
138
126
127
139
140
128
129
141
142
143
131
130
118
117
116
104
92
80
79
67
55
56
68
69
70
71
83
82
81
93
94
95
107
108
96
84
72
60
59
47
48
36
35
23
24
12
11
10
22
34
33
32
20
21
133
134
122
110
111
123
135
136
137
125
126
138
139
127
115
116
128
140
141
129
117
118
119
131
130
142
143
144
132
120
108
96
95
83
82
94
93
105
104
103
91
90
78
77
89
101
102
114
113
112
100
99
98
86
85
97
109
121
133
134
135
123
124
112
100
88
87
75
76
64
63
62
50
49
61
73
74
75
63
51
52
40
39
27
15
14
26
38
37
25
13
1
2
3
4
16
17
5
6
7
8
20
19
18
30
31
43
44
45
46
34
22
10
9
21
33
32
31
30
29
28
40
41
42
54
53
65
66
67
79
80
81
69
68
56
55
43
44
32
33
34
35
23
11
12
24
36
48
60
72
84
96
108
107
106
105
117
116
104
92
93
81
82
70
71
59
58
57
45
46
47
59
47
35
23
11
12
24
36
48
60
72
84
83
71
70
58
57
69
68
56
55
67
66
54
42
41
53
65
77
76
64
52
51
39
27
28
29
17
18
19
20
21
22
10
9
8
7
6
5
4
16
15
3
2
1
13
14
26
25
37
38
50
49
61
62
74
73
85
86
98
97
109
121
122
110
111
99
87
88
89
90
78
79
80
92
91
103
115
127
126
114
102
101
113
125
124
136
137
138
139
140
128
129
141
142
130
131
143
144
132
120
119
118
106
94
95
107
111
49
17
49
101
48
69
29
44
61
67
114
27
82
125
46
114
102
96
28
24
118
86
23
67
37
104
89
89
51
13
105
59
82
64
26
120
140
59
130
21
68
108
20
65
34
138
32
110
95
53
106
87
126
122
117
94
44
88
24
34
35
15
84
39
74
143
61
43
62
62
106
55
55
144
128
19
13
9
65
1
33
141
94
112
112
144
131
91
63
37
83
85
1
108
28
30
60
111
4
45
110
137
25
86
136
78
57
77
138
32
85
50
38
92
133
2
113
109
104
120
132
122
3
123
130
60
5
7
73
6
97
96
76
10
77
98
93
58
17
4
105
100
98
79
36
46
83
42
21
18
9
128
71
100
41
119
42
20
7
18
139
63
90
50
124
78
129
143
40
70
72
101
75
54
137
47
121
142
81
103
95
87
33
35
135
136
8
5
8
10
121
29
123
26
126
68
124
107
22
12
81
16
66
93
102
131
69
30
71
23
38
2
3
43
54
99
119
80
6
109
14
135
66
36
22
142
70
45
48
57
12
91
64
11
113
31
73
74
72
107
41
127
141
58
127
15
75
139
56
97
47
116
125
134
84
56
129
103
31
79
117
115
27
140
51
92
11
116
80
134
133
88
53
14
118
76
19
90
99
52
52
115
16
39
132
40
25
46
52
104
102
94
91
131
118
3
134
70
18
111
27
51
13
39
89
125
4
5
88
123
52
60
94
66
132
92
38
79
25
108
76
85
32
131
140
26
133
80
12
73
117
20
56
62
8
84
34
19
49
93
98
105
46
37
88
14
132
141
44
81
129
7
48
113
24
41
28
112
50
109
120
121
26
101
125
63
33
30
136
33
57
103
4
23
143
100
73
25
83
107
80
87
47
64
54
62
44
128
105
142
36
122
91
97
61
74
16
140
17
9
79
13
12
11
95
16
67
64
116
69
102
50
81
106
100
17
75
112
99
66
68
23
74
7
41
32
83
40
86
142
20
110
87
55
86
106
29
129
15
45
36
35
110
126
57
22
65
49
111
138
59
134
127
6
137
123
34
143
2
31
72
28
68
56
75
121
15
96
53
63
104
130
55
8
10
93
9
82
119
98
19
114
1
21
71
35
48
38
54
70
139
107
144
43
21
124
115
72
95
39
78
58
137
135
5
118
77
92
3
61
2
65
120
18
31
76
127
30
43
119
71
10
128
97
37
78
115
108
122
113
51
42
133
11
29
85
22
135
109
138
141
47
24
67
6
99
114
69
90
130
96
144
1
53
58
45
90
42
40
101
116
77
126
139
117
124
14
103
89
84
59
82
136
27
60
133
121
109
110
122
123
124
136
135
134
133
121
109
97
85
73
61
49
50
62
63
64
52
53
41
40
28
27
26
25
37
38
39
51
52
64
76
75
87
86
98
99
111
112
113
125
126
114
102
101
89
88
100
101
113
114
115
116
128
127
139
140
141
142
130
131
119
118
117
129
141
142
143
144
132
120
108
96
95
83
82
81
69
68
56
57
58
70
71
72
84
96
108
107
106
94
93
105
104
92
91
79
67
66
65
77
78
90
102
103
91
90
89
77
78
79
80
68
67
55
43
42
30
18
17
29
41
40
28
16
15
14
13
1
2
3
4
5
6
7
19
31
32
44
45
33
34
46
47
35
23
11
12
24
36
48
60
59
58
57
56
44
45
46
34
22
10
9
8
20
21
22
23
35
36
24
12
11
10
9
21
20
8
7
19
18
6
5
4
3
2
1
13
25
37
38
50
49
61
73
74
86
85
97
98
110
122
134
135
136
137
138
137
138
139
140
128
129
130
131
143
144
132
120
119
107
95
94
82
83
84
72
60
48
47
59
71
70
69
81
80
92
93
105
106
118
117
116
104
103
115
127
126
125
124
123
111
112
100
99
87
88
76
75
74
62
63
51
39
27
26
14
15
16
17
29
30
42
54
66
65
53
54
55
43
31
32
33
144
143
142
130
131
119
107
108
120
132
144
143
142
141
140
139
138
137
125
126
114
102
101
89
88
100
99
111
123
135
136
124
112
113
101
102
103
115
116
128
129
117
118
106
94
95
83
82
81
93
92
104
105
93
94
82
70
58
59
71
72
60
48
36
35
23
22
34
46
47
48
36
24
12
11
10
9
8
20
19
31
43
42
54
53
41
29
30
18
6
7
8
9
21
33
32
44
45
57
56
68
67
66
78
90
91
79
80
81
69
68
80
92
91
79
67
55
54
66
65
64
76
75
74
86
87
88
100
99
98
110
122
134
133
121
109
97
85
73
61
62
63
51
52
40
39
27
28
16
15
14
13
1
2
3
4
5
17
29
41
53
52
40
28
27
26
25
37
49
50
38
26
14
15
3
2
1
13
25
37
38
50
49
61
62
74
73
85
97
109
121
133
134
135
136
124
125
137
138
139
127
128
140
141
129
130
131
132
120
108
96
84
96
84
72
60
59
47
35
23
24
12
11
10
22
21
20
32
31
19
7
6
5
4
16
17
18
30
42
43
55
56
44
45
33
34
46
58
57
69
70
71
83
95
107
119
118
106
105
117
116
104
103
115
127
126
114
113
112
111
123
122
110
98
86
87
75
76
77
78
90
89
77
65
64
63
51
39
112
119
5
85
59
73
54
123
114
40
129
34
131
100
30
107
115
17
20
139
8
42
109
24
129
131
120
90
22
28
137
97
16
72
80
96
96
55
14
47
55
77
22
124
122
108
102
126
1
4
106
51
118
68
134
95
111
110
81
136
65
83
111
41
83
85
140
65
93
4
130
42
27
36
133
3
133
7
69
56
104
49
127
84
56
51
142
6
26
25
70
144
6
123
46
61
33
36
26
89
135
143
116
44
117
52
105
68
125
45
112
78
63
113
8
139
57
62
54
67
99
9
95
82
40
23
125
18
25
21
61
32
114
9
35
132
10
141
103
24
5
79
107
87
39
74
116
50
91
66
20
94
98
70
89
101
72
99
62
10
101
130
74
134
71
143
60
32
31
79
97
21
138
48
76
11
98
67
110
126
31
47
132
64
128
29
100
88
76
109
92
43
46
66
29
102
121
84
53
91
48
13
71
1
108
15
30
19
50
115
64
127
75
121
142
28
13
3
53
90
93
14
144
128
73
58
117
34
23
57
43
104
86
49
17
103
27
75
80
2
45
69
19
52
141
81
12
122
137
44
136
86
106
59
16
119
87
60
37
38
120
18
41
37
11
105
77
12
92
7
58
118
35
78
39
124
15
88
82
135
38
138
2
113
94
63
33
140
34
57
16
27
111
17
112
13
64
44
14
69
126
19
57
48
114
16
101
121
51
104
6
116
143
18
11
115
2
34
65
61
82
71
40
68
113
106
75
100
88
53
91
142
10
50
72
46
95
89
123
136
98
101
81
20
63
131
5
80
76
60
39
44
10
125
29
124
35
85
40
105
17
38
118
15
86
23
28
42
68
42
67
116
52
144
138
93
114
90
56
7
38
60
77
13
26
59
134
49
129
62
103
67
133
2
90
47
59
102
79
99
123
91
119
137
131
111
92
94
96
107
141
54
74
100
83
50
78
20
73
8
84
32
37
71
110
69
58
120
25
61
129
31
118
103
1
108
14
140
36
120
51
4
43
139
27
9
7
122
24
66
96
117
128
125
30
139
48
23
66
94
5
78
88
41
9
55
138
4
18
19
12
99
29
24
32
112
132
122
72
36
28
110
63
134
21
73
6
108
81
135
80
119
109
22
12
58
11
109
30
132
107
70
113
133
97
143
92
65
135
45
142
102
87
141
136
33
104
87
127
41
62
8
33
70
128
77
45
74
1
89
3
93
86
21
15
53
47
3
46
64
105
25
82
144
124
56
43
121
84
75
49
106
76
95
85
31
130
117
130
98
126
37
26
140
55
35
115
79
127
54
39
52
22
137
97
83
