##Rat 1 Day 2
 ##rewards
19
32
98
##Vertices
25
16
135
87
111
48
70
138
45
31
12
67
102
128
139
98
17
52
27
55
106
138
120
66
80
92
86
49
133
52
45
38
58
108
16
99
65
72
133
44
39
14
96
111
88
6
73
28
23
87
132
9
2
20
71
105
91
42
27
88
122
10
132
127
54
125
32
59
54
143
43
33
10
2
141
65
32
103
23
123
40
122
63
15
95
49
71
37
33
143
8
89
139
124
5
36
22
31
117
97
84
137
37
106
58
113
109
35
74
47
105
68
76
116
1
20
112
108
56
75
29
109
144
44
126
21
43
127
12
110
135
115
13
76
101
142
129
119
26
99
121
61
30
53
90
104
79
95
83
107
75
116
144
28
34
83
117
61
36
134
120
129
38
40
69
4
134
60
113
100
126
96
46
3
93
18
130
128
17
94
64
131
62
98
41
39
84
62
81
78
101
77
102
22
4
21
110
3
53
66
60
121
119
86
57
112
72
118
5
78
26
25
59
67
79
82
90
35
140
8
142
11
81
115
13
18
130
19
124
94
73
63
114
123
103
74
85
15
114
14
89
24
50
104
82
24
7
46
64
97
48
41
69
50
93
68
6
92
51
47
1
42
125
7
91
29
30
11
118
136
140
77
51
57
100
137
136
55
70
131
56
9
85
34
107
80
19
141
20
55
8
144
108
72
136
92
103
49
76
72
114
33
141
11
4
102
25
96
86
127
20
22
10
132
142
35
144
94
50
82
17
106
27
61
137
80
95
37
122
136
25
35
17
61
68
79
41
4
19
56
104
53
60
133
38
62
118
15
101
3
117
53
113
68
109
90
57
117
141
22
124
23
44
28
97
85
80
3
1
129
29
89
16
99
73
113
100
83
89
81
100
28
31
54
13
88
6
124
126
78
140
30
13
69
127
105
115
103
104
27
75
23
10
109
1
56
55
45
77
54
50
57
119
119
51
5
34
18
125
143
41
134
102
142
121
12
40
78
126
99
16
98
85
2
70
18
74
63
46
2
114
107
24
84
86
135
138
129
82
8
69
107
130
26
120
65
135
9
93
91
125
58
34
36
139
77
120
46
74
29
64
75
139
31
67
128
92
14
32
47
116
63
7
131
19
60
24
39
132
6
51
33
97
101
76
37
108
115
105
84
131
42
88
12
36
14
112
42
52
7
133
38
45
111
26
73
106
43
110
70
49
116
93
87
48
9
83
67
98
137
143
52
123
40
48
111
65
122
64
121
11
59
21
71
62
66
47
112
128
134
21
39
94
138
95
66
43
96
91
90
118
59
30
71
81
32
5
123
130
58
140
44
87
79
15
110
133
121
122
123
135
134
133
121
109
110
98
86
87
88
76
77
78
66
54
42
30
29
41
40
28
16
17
5
6
18
19
7
8
20
21
33
34
22
10
9
8
7
6
5
4
3
15
14
2
1
13
25
26
27
39
38
37
49
61
62
63
75
74
73
85
97
109
110
111
99
100
101
102
103
104
92
80
79
91
90
89
101
113
112
124
136
137
138
126
127
139
140
128
129
130
142
141
140
139
138
137
125
126
114
115
116
117
105
93
81
82
83
95
96
84
72
60
59
58
46
47
48
36
24
23
35
34
46
45
57
56
68
69
70
71
72
84
96
108
107
119
131
143
144
132
120
108
107
106
94
93
81
80
92
91
90
89
77
65
53
52
51
50
49
37
38
39
40
41
42
43
55
67
79
78
66
67
68
69
57
58
70
82
94
95
83
71
59
60
48
47
35
36
24
12
11
12
11
23
22
10
9
21
33
32
20
19
18
17
16
4
3
15
14
2
1
13
25
26
27
28
29
30
31
32
31
43
44
45
44
56
55
54
53
65
64
76
88
87
75
63
64
52
51
50
62
61
73
74
86
85
97
98
99
100
112
111
123
122
134
135
136
124
125
113
114
102
103
115
116
104
105
106
118
117
118
130
131
119
120
132
144
143
142
141
129
128
127
12
24
23
22
10
11
12
24
36
35
47
59
58
57
69
68
67
79
91
103
115
116
104
105
117
129
128
140
139
127
126
138
137
125
124
112
111
123
135
136
137
138
139
140
141
142
130
131
143
144
132
120
119
118
106
107
108
96
84
83
82
70
71
72
60
48
36
35
34
46
45
44
43
42
41
53
65
66
54
55
56
44
32
33
21
9
8
7
19
18
6
5
17
16
15
3
4
5
6
7
8
20
19
31
30
29
28
40
52
64
63
62
50
49
61
73
85
86
87
99
98
97
109
121
122
110
111
99
100
88
89
77
76
75
74
73
61
49
37
38
26
14
2
1
13
25
37
38
39
51
52
64
65
53
54
55
56
68
80
92
93
94
95
96
108
107
106
105
104
103
102
90
78
66
67
79
78
77
76
88
87
75
63
51
50
62
74
86
85
97
98
110
109
121
133
134
133
134
122
123
135
136
124
112
113
125
126
127
128
129
141
142
130
131
143
144
132
120
119
118
117
116
115
114
113
114
102
101
100
101
89
90
91
92
80
81
69
57
58
70
82
81
93
94
95
83
84
72
71
59
60
48
47
46
45
33
34
22
23
11
10
9
21
20
32
31
43
42
30
29
41
40
39
27
28
27
15
14
26
25
13
1
2
3
4
16
17
18
135
27
105
38
42
69
101
129
125
49
141
63
54
111
6
139
37
5
107
128
32
56
52
9
101
82
12
15
110
23
116
39
26
84
137
91
112
26
56
15
83
130
11
90
40
121
87
19
111
140
104
62
118
98
3
43
115
78
89
35
63
62
138
79
110
95
109
72
31
76
21
7
55
69
5
112
54
64
132
66
33
28
73
85
100
70
53
124
120
99
8
92
88
80
119
59
20
58
24
117
99
14
71
137
85
67
104
10
8
119
16
2
94
46
53
133
97
74
133
118
58
92
16
126
12
125
4
2
18
79
61
70
96
136
50
27
23
1
40
84
105
94
47
141
114
136
11
32
64
75
25
68
77
103
77
102
10
126
36
138
41
95
65
96
106
66
45
57
37
78
34
97
68
22
48
44
93
39
81
143
44
80
122
90
17
19
93
134
134
34
45
49
103
52
28
131
38
65
116
83
17
47
127
139
74
14
73
76
59
30
142
109
144
50
3
121
113
18
13
60
86
41
42
143
128
86
102
114
35
51
9
4
140
36
113
20
131
132
82
22
13
120
88
48
51
123
122
129
7
31
124
29
100
123
24
67
130
117
106
6
144
87
91
55
43
142
1
29
98
60
46
71
21
30
107
61
89
33
135
75
108
115
81
25
57
108
72
127
46
84
8
33
120
102
41
11
133
89
76
110
142
136
5
112
144
141
117
24
15
63
64
143
123
113
9
19
13
10
64
116
78
138
94
15
31
63
91
69
113
17
91
7
1
82
136
60
65
48
32
75
27
71
72
6
37
88
92
23
115
84
83
60
57
116
81
79
9
130
90
12
16
73
122
39
135
93
122
21
26
61
42
30
31
108
140
50
6
137
24
29
46
7
34
128
73
114
120
26
89
114
40
125
128
82
4
79
104
52
87
131
20
74
98
38
109
51
43
106
67
137
108
59
66
133
29
135
45
13
88
107
107
119
37
16
44
1
118
123
36
75
10
126
80
68
90
96
53
30
25
126
99
28
17
141
59
47
51
33
48
32
115
71
81
65
77
2
20
56
58
70
92
129
47
66
95
129
102
43
117
127
97
2
3
83
95
14
70
25
101
134
100
97
49
85
50
78
110
130
127
62
38
101
85
142
134
140
98
139
72
67
103
96
11
8
41
34
62
105
103
35
86
55
19
86
54
45
104
58
125
105
61
68
18
23
76
52
99
3
132
121
4
36
18
55
56
109
12
106
94
27
132
22
111
100
39
77
5
14
74
21
40
93
28
42
124
139
69
44
54
124
111
53
131
22
35
119
144
49
80
121
118
138
143
112
57
87
1
2
14
26
25
37
49
61
62
63
64
65
77
78
90
89
101
113
114
102
103
91
79
80
92
93
94
82
83
84
72
60
48
36
35
34
33
32
20
8
9
21
22
23
11
12
24
36
48
47
59
71
70
69
81
93
105
106
118
117
129
128
127
126
138
139
140
141
142
130
131
143
144
132
120
108
96
95
107
119
118
106
94
82
81
69
57
58
46
45
44
43
55
54
66
67
68
56
57
45
44
32
31
30
29
17
18
19
7
6
5
4
16
15
3
4
5
17
29
28
27
39
51
50
38
37
49
61
73
74
75
76
88
100
99
111
110
109
97
98
86
85
97
109
121
133
134
122
123
135
136
137
125
124
112
113
114
115
116
104
103
102
101
89
90
78
66
54
42
41
40
52
40
41
53
52
53
65
77
76
64
63
51
39
27
28
16
15
3
2
14
13
1
13
25
26
38
50
62
74
73
85
86
87
75
87
88
100
99
98
110
122
121
133
134
135
123
111
112
124
136
137
125
126
138
139
140
128
127
115
116
104
105
117
129
141
142
130
131
143
144
132
120
119
107
108
96
95
83
84
72
60
59
71
70
58
46
47
35
23
24
12
11
10
9
10
22
34
33
21
20
8
7
6
18
19
31
30
42
43
55
67
79
91
92
80
68
56
144
132
120
108
96
95
107
119
131
143
142
130
118
117
105
93
92
80
81
69
57
58
70
71
72
60
59
47
48
36
24
23
22
21
9
8
20
32
44
56
55
43
42
54
66
78
77
65
64
76
88
89
101
102
90
91
79
67
68
56
44
45
46
34
35
36
48
60
72
84
83
82
94
106
105
104
116
115
103
104
116
128
140
141
129
117
118
106
94
93
81
69
57
45
33
32
31
30
18
17
16
4
3
15
27
28
29
41
53
52
40
39
51
50
38
37
25
26
14
13
1
2
3
4
5
6
7
19
31
43
42
41
53
52
40
39
51
63
75
74
62
61
73
85
97
98
86
87
99
111
123
124
125
113
112
100
101
113
114
126
138
137
136
135
134
133
121
122
110
109
97
98
110
109
121
133
134
122
123
135
136
124
112
111
99
100
88
89
77
76
75
87
86
85
73
74
62
63
64
65
66
54
55
67
68
80
92
91
79
78
90
102
103
115
114
126
125
137
138
139
127
128
127
139
140
141
129
130
142
143
144
132
131
119
120
108
107
95
96
84
83
82
70
71
59
47
35
23
24
12
11
12
11
10
22
10
9
8
7
6
5
17
16
15
14
2
1
13
25
37
49
61
49
50
38
26
27
28
29
30
18
19
20
21
33
34
46
58
101
120
131
51
24
33
106
6
17
45
115
77
39
97
135
96
7
11
115
54
70
69
100
133
104
61
98
62
124
49
128
6
78
96
130
79
102
120
72
105
7
142
26
43
139
91
73
121
13
137
80
94
60
94
71
131
130
119
89
74
68
97
143
32
118
21
108
116
125
126
9
22
66
38
127
53
142
59
27
113
42
95
100
98
4
46
36
122
129
14
37
46
28
123
29
61
54
107
33
125
136
140
47
141
50
41
92
67
119
34
116
15
84
57
111
85
44
3
85
57
35
56
20
118
25
136
141
82
93
2
90
76
5
72
77
35
117
58
39
48
36
101
67
60
18
144
10
73
91
110
83
24
112
144
75
52
55
143
99
25
12
19
133
122
8
75
99
52
103
87
56
87
16
112
58
139
55
40
31
114
65
48
68
102
65
121
26
138
137
44
93
83
64
40
107
69
29
59
89
124
30
64
10
62
37
86
105
113
66
117
134
128
1
15
104
81
79
11
13
80
63
22
111
2
1
108
132
106
38
71
76
95
129
17
5
50
45
132
23
74
127
103
41
14
31
21
32
19
53
140
34
123
86
27
16
126
49
78
63
114
134
88
18
90
4
88
12
110
9
51
3
92
70
138
20
23
47
109
81
30
43
135
8
28
82
42
109
84
143
141
85
51
40
78
22
19
28
42
128
65
131
50
67
69
10
51
66
17
22
3
8
6
105
36
93
84
27
144
139
66
97
109
107
53
9
41
8
29
26
94
144
117
20
121
112
79
114
52
47
114
21
128
104
2
78
133
30
34
113
120
127
89
85
92
31
32
68
3
118
60
57
116
42
1
62
86
60
12
36
102
14
7
115
91
142
73
143
17
94
133
111
77
126
140
43
123
48
21
55
38
65
54
105
56
64
92
44
116
28
53
15
110
102
67
33
74
40
74
37
14
108
134
107
61
47
31
72
35
95
45
100
119
72
119
141
124
97
48
61
98
135
34
106
52
121
80
131
81
117
25
135
113
62
122
79
124
93
7
4
56
101
82
1
70
44
24
13
99
95
29
63
23
20
112
49
9
91
101
15
16
96
19
16
82
98
24
118
142
111
26
86
43
63
5
139
106
129
11
23
90
103
39
13
88
18
134
41
5
125
130
80
50
108
109
38
90
46
58
37
49
132
68
10
87
45
138
96
32
84
75
73
76
88
136
4
81
110
46
138
71
129
39
99
87
77
83
115
57
75
120
33
104
137
58
132
100
83
59
18
59
130
12
76
69
11
137
140
64
6
55
122
126
89
103
27
2
25
54
125
30
70
136
123
35
71
127
1
2
3
15
27
39
38
50
62
74
73
61
49
37
25
26
14
13
25
37
49
61
62
63
51
52
64
65
77
78
90
91
92
80
68
67
66
54
42
30
31
32
20
19
7
8
9
10
22
34
33
21
9
8
7
6
5
4
16
28
29
17
18
30
29
41
40
52
53
65
66
78
79
91
103
102
101
100
88
87
86
98
99
111
110
122
123
124
136
137
125
113
114
126
138
139
127
128
116
104
105
117
118
119
120
132
144
143
131
130
142
141
140
139
138
137
136
135
134
133
121
109
97
85
73
74
75
76
77
89
90
102
103
115
116
104
105
106
107
95
83
82
94
93
81
69
70
71
72
60
59
58
57
56
55
43
44
45
46
47
35
23
11
12
24
36
48
60
72
84
96
84
83
71
70
58
59
47
48
36
35
23
24
12
11
10
22
21
33
34
46
45
44
32
20
19
31
43
42
41
53
54
55
56
57
69
68
67
79
80
92
93
81
82
94
95
96
108
120
108
107
106
118
119
131
132
144
143
142
130
129
117
129
141
140
128
127
115
114
126
125
124
112
111
110
122
123
135
134
133
121
109
97
85
86
98
99
100
112
113
101
89
88
87
75
76
64
63
51
39
40
28
27
15
16
17
18
6
5
4
3
2
1
13
14
26
38
50
144
143
142
141
140
128
129
117
118
106
105
104
103
102
114
113
101
89
90
78
77
65
64
76
75
63
62
61
73
85
86
74
75
87
88
100
112
124
125
137
136
135
134
133
121
122
110
109
97
98
99
111
123
135
136
137
138
126
127
115
116
117
118
130
131
119
120
108
96
84
83
82
94
93
92
80
79
91
90
89
88
87
99
100
101
102
103
104
105
106
107
95
96
84
72
71
70
69
68
56
44
32
33
45
46
47
48
36
24
23
22
34
35
36
48
60
59
58
57
45
33
21
9
8
7
19
31
43
55
54
53
52
51
50
49
37
25
13
1
2
3
4
16
17
5
6
18
30
42
41
40
28
29
41
40
39
27
15
14
26
38
39
27
28
29
30
42
54
66
67
55
56
68
67
66
65
53
52
51
63
64
76
77
78
79
91
92
93
94
95
83
82
81
80
81
69
57
58
70
71
72
60
59
47
46
34
35
23
22
10
11
12
24
12
11
10
9
8
20
21
20
32
44
43
31
19
7
6
18
17
5
4
16
15
3
2
1
13
14
26
25
37
38
50
49
61
62
74
73
85
86
98
97
109
121
133
134
122
110
111
123
124
112
113
125
126
114
115
116
128
127
139
138
139
140
141
129
130
142
143
131
119
107
108
120
132
144
132
