##Rat 6 Day 35
 ##rewards
83
94
16
##Vertices
144
143
142
141
140
128
129
130
131
132
120
119
118
106
105
104
92
91
103
102
101
113
114
126
138
137
125
124
136
135
134
122
110
98
97
85
86
87
88
89
77
76
64
65
66
67
55
54
42
43
44
56
57
69
68
80
79
78
90
89
88
100
112
111
123
135
136
137
138
139
127
115
116
117
105
93
94
82
81
93
94
95
96
108
107
106
118
117
116
104
103
102
101
100
99
87
75
63
62
50
38
37
25
26
27
39
51
52
53
41
40
28
29
17
16
4
3
15
14
2
1
13
25
37
49
61
73
74
75
76
64
52
53
41
40
28
29
30
31
19
18
6
7
8
9
21
20
32
33
34
35
47
59
58
46
45
57
58
70
71
72
60
48
36
24
12
11
23
22
10
9
21
22
10
11
12
24
23
35
36
48
47
46
34
33
45
44
56
55
43
31
32
20
8
7
19
18
30
42
54
66
65
77
78
90
91
92
80
79
67
68
69
81
82
70
71
59
60
72
84
83
95
83
84
96
108
107
119
120
132
144
143
131
130
142
141
129
128
140
139
127
115
114
126
125
124
123
122
134
133
121
133
121
109
110
109
97
85
73
61
49
50
38
26
14
13
1
2
3
4
5
6
5
17
16
15
27
39
51
63
62
74
86
98
99
111
112
113
12
11
10
22
23
35
36
48
47
46
45
57
58
70
82
83
71
59
60
72
84
96
108
120
119
131
132
144
143
142
141
140
128
116
117
129
130
118
106
105
104
92
93
81
80
79
91
103
115
127
126
114
113
101
102
90
78
77
89
88
100
112
111
123
135
134
133
121
122
110
109
97
85
73
61
62
74
75
63
51
52
64
65
66
67
68
69
57
56
55
54
53
41
42
30
31
43
44
32
20
19
18
17
29
28
16
4
3
15
27
26
14
13
1
2
3
4
5
6
7
8
9
21
33
34
46
58
70
69
68
80
81
82
94
95
107
108
120
119
118
117
116
115
114
113
125
137
136
124
112
111
99
98
86
87
75
76
64
63
51
39
40
52
53
54
42
41
40
39
38
37
49
50
38
50
49
61
62
74
73
85
97
109
121
133
134
135
136
137
138
139
127
128
129
130
131
132
144
143
142
141
140
139
138
126
125
124
123
122
110
98
86
87
99
100
88
76
77
65
66
67
79
78
90
89
101
102
103
91
92
104
105
93
94
106
107
95
96
84
83
71
72
60
59
47
35
34
33
45
44
56
55
43
31
32
20
19
18
30
29
28
27
26
25
37
25
13
1
2
14
15
16
17
5
6
7
8
9
21
22
10
11
12
24
23
24
36
48
111
75
95
60
2
112
74
134
111
68
14
40
82
54
109
19
11
93
29
54
27
93
96
55
31
109
144
106
24
20
1
128
138
118
122
78
101
126
22
41
130
86
80
66
70
130
123
99
36
138
27
69
135
41
95
79
104
1
80
103
25
11
15
44
78
104
68
110
121
62
137
113
144
84
44
139
63
16
137
124
10
21
32
63
143
15
42
102
26
101
91
58
122
123
28
110
117
39
26
10
42
52
142
98
115
97
76
108
18
114
131
107
7
32
117
129
5
132
97
87
72
23
73
85
75
12
18
57
119
20
56
6
23
21
89
43
17
45
43
4
98
29
116
136
84
114
73
87
34
14
53
48
3
115
46
4
64
107
12
33
6
56
48
113
103
46
96
119
64
94
50
5
9
85
39
83
30
2
57
19
61
55
36
120
8
3
71
82
118
134
143
47
7
139
71
61
81
100
38
28
69
90
37
89
88
105
34
58
33
140
99
88
16
49
77
65
49
141
22
72
66
60
52
35
127
9
51
59
127
67
124
92
126
37
79
102
13
116
128
141
51
77
100
133
120
67
131
129
106
50
142
74
65
47
94
86
135
81
136
8
105
140
40
25
31
133
45
83
92
13
17
35
90
62
112
121
108
24
125
76
30
53
70
91
125
59
38
132
79
137
108
128
29
53
56
107
81
91
16
84
103
12
100
63
128
58
136
30
138
51
112
14
19
22
83
139
92
11
113
94
95
144
60
51
90
106
111
28
130
44
87
23
123
17
133
20
75
13
61
86
114
125
111
23
45
61
136
21
66
57
5
89
39
131
141
103
16
14
100
34
72
115
9
46
57
1
25
130
43
122
31
138
88
119
59
129
121
3
86
4
31
15
36
49
85
97
123
129
106
95
26
114
88
55
77
35
59
53
96
8
72
27
82
118
21
49
121
18
66
127
35
140
102
7
50
91
28
68
143
90
6
118
32
119
73
93
24
10
108
135
5
92
52
104
68
33
19
37
62
42
77
25
74
99
30
33
139
60
116
76
52
47
39
109
24
84
3
32
78
27
96
65
101
58
142
64
47
75
115
12
22
54
143
71
46
37
109
2
41
67
87
134
62
45
83
133
117
127
116
18
80
120
38
40
44
48
110
113
65
98
70
38
141
74
63
36
112
81
140
126
98
17
93
89
42
70
97
50
6
69
69
9
122
79
82
67
135
131
117
13
107
10
124
132
8
94
76
40
80
2
64
125
71
34
142
41
137
56
105
101
20
11
102
55
73
105
26
15
7
110
104
85
99
43
48
78
124
126
54
120
4
144
1
134
29
132
1
2
3
15
14
26
25
37
38
39
40
52
51
63
75
74
62
50
49
61
73
85
97
109
110
122
121
133
134
135
136
137
125
113
112
124
123
111
99
100
101
89
88
76
77
78
90
102
114
126
127
115
116
104
103
91
79
80
92
93
105
117
118
130
142
143
144
132
131
119
120
108
96
84
72
71
83
82
70
58
57
69
68
67
66
65
64
52
53
54
55
56
44
43
31
30
42
41
29
17
18
19
20
32
33
21
9
10
22
34
35
23
24
12
11
10
9
8
7
6
5
4
16
28
27
39
51
63
64
65
77
76
75
87
86
98
97
109
110
111
112
113
114
115
116
128
140
141
129
117
118
106
107
95
94
82
81
69
70
58
46
45
57
56
55
43
44
45
46
47
48
60
59
47
59
60
72
71
83
84
96
108
120
132
144
143
142
141
140
139
138
126
125
124
123
122
121
133
134
135
136
137
138
139
127
128
129
130
131
119
107
95
94
106
105
93
81
80
68
67
66
78
79
91
92
104
103
102
90
89
101
100
88
87
99
98
86
85
73
74
62
61
49
50
38
26
27
28
40
41
53
54
42
30
29
17
18
19
31
32
33
34
35
36
48
36
24
12
11
23
22
21
20
8
7
6
5
4
16
15
3
2
1
13
14
13
25
37
133
134
122
110
109
121
133
134
135
123
124
125
113
101
102
90
78
79
80
81
82
94
93
105
106
107
95
96
84
83
71
72
60
59
47
46
34
35
36
48
60
72
84
96
108
120
119
131
132
144
143
142
130
118
117
129
141
140
139
127
115
114
126
138
137
136
135
123
111
112
100
88
76
64
52
53
54
66
65
77
89
88
87
99
98
97
85
73
74
62
61
49
50
38
26
25
37
49
61
73
85
86
74
75
63
51
39
40
41
42
30
18
17
5
6
7
8
20
32
33
21
9
10
11
23
22
34
33
45
44
56
55
43
31
19
7
6
5
4
16
15
14
13
1
2
3
4
16
28
29
41
42
54
53
65
77
89
90
91
92
104
116
128
140
141
129
117
105
93
81
69
68
67
66
78
79
67
55
43
44
32
31
30
29
17
18
19
20
8
9
21
22
10
11
12
24
12
24
23
35
36
48
47
46
58
59
71
83
95
107
108
120
119
131
132
144
143
142
130
118
106
94
82
70
58
70
69
57
45
57
56
68
80
92
91
103
102
101
113
114
115
103
104
116
128
127
139
138
126
125
137
136
124
112
100
99
111
110
122
121
109
97
98
86
87
75
76
64
63
51
52
40
28
27
39
27
26
14
15
3
2
1
13
25
37
38
50
62
36
123
22
143
112
81
98
72
98
85
54
29
22
78
37
99
137
66
80
126
134
52
74
2
30
111
47
119
131
97
69
118
9
130
6
8
63
28
70
84
117
71
123
133
134
125
60
73
97
128
105
17
66
1
112
114
50
133
95
99
95
34
76
132
101
34
31
92
53
32
122
139
46
14
43
2
127
33
20
143
9
68
21
111
73
136
27
79
107
39
10
59
48
53
58
129
81
4
91
30
83
83
14
13
5
72
124
140
25
100
137
135
94
93
132
26
126
49
69
15
75
68
120
80
16
113
55
96
125
77
45
122
82
117
71
39
26
93
62
24
33
23
110
101
7
56
32
13
25
115
86
43
29
90
44
114
1
119
47
52
118
67
58
87
4
89
121
110
116
79
38
19
46
37
21
105
142
130
23
62
41
108
116
16
106
139
51
77
103
86
35
106
92
124
12
70
88
49
18
6
57
55
56
96
127
107
12
59
102
27
57
129
135
15
136
18
24
140
5
108
42
40
40
38
28
63
85
94
45
74
128
78
11
87
64
141
31
17
42
91
144
104
8
100
113
19
102
61
61
65
89
7
50
142
35
75
88
141
51
44
84
10
138
109
3
54
3
120
20
121
67
48
115
11
90
60
65
36
41
103
138
131
104
76
64
109
82
144
9
64
22
48
10
62
26
108
17
97
141
78
29
43
11
41
70
124
88
39
56
57
121
110
16
93
95
103
37
51
107
137
29
102
142
36
144
101
10
24
89
65
123
43
93
28
7
74
20
80
63
13
100
19
67
15
46
117
125
126
4
49
96
140
38
101
55
62
76
32
138
31
68
132
17
128
137
47
112
52
117
105
30
84
134
61
34
83
129
77
12
27
81
132
65
40
96
42
8
19
45
126
37
5
99
87
128
75
73
118
69
54
97
5
141
57
134
11
50
115
52
118
142
47
15
110
98
144
23
138
72
130
22
136
59
60
124
86
94
70
78
2
106
123
46
112
90
4
88
133
104
67
39
45
32
35
100
75
6
66
119
40
71
122
2
74
25
116
1
131
106
135
113
33
111
76
73
127
63
114
18
14
130
25
21
58
6
56
91
85
102
3
30
120
86
61
16
66
98
127
71
143
92
109
120
133
95
81
18
49
72
33
82
122
108
34
135
84
107
87
136
79
7
31
83
54
115
104
82
1
131
59
125
80
129
64
116
23
14
3
60
28
44
143
58
44
35
41
51
8
85
27
13
114
90
139
53
139
68
24
50
53
99
12
9
92
105
55
21
119
20
109
91
77
113
38
94
36
69
140
111
42
103
89
79
26
121
48
144
143
142
130
131
119
120
108
107
106
105
93
94
82
70
71
83
95
96
84
72
60
48
36
35
23
24
12
11
10
9
8
20
32
33
21
22
34
46
45
44
56
57
69
68
67
55
43
31
19
18
30
29
41
42
54
66
65
53
52
40
28
27
15
3
2
1
13
14
26
25
37
49
61
73
74
62
63
75
87
88
76
77
78
79
80
81
93
92
91
90
89
101
102
114
115
103
104
116
128
127
126
125
113
112
124
136
135
123
111
110
122
121
133
134
135
136
137
138
139
140
141
129
117
118
106
94
82
81
80
68
69
70
58
59
47
48
36
35
34
33
32
31
30
29
17
5
4
16
28
27
39
38
50
51
63
64
76
75
87
99
100
88
89
90
102
101
100
99
98
97
85
86
98
86
85
73
74
62
61
49
37
25
13
1
2
3
4
5
6
7
19
20
21
22
23
24
12
11
10
9
8
7
6
18
17
16
15
14
26
38
50
51
39
40
52
64
65
77
78
79
67
66
54
53
41
42
43
55
56
44
45
57
58
46
47
59
60
72
71
83
84
96
95
107
119
118
117
105
104
92
91
103
115
116
128
127
126
114
113
112
111
110
109
97
109
121
133
134
122
123
124
125
137
138
139
140
141
129
130
142
143
144
132
131
132
120
108
1
2
14
26
25
37
49
61
62
63
64
65
77
78
90
89
101
113
114
102
103
91
79
80
92
93
94
82
83
84
72
60
48
36
35
34
33
32
20
8
9
21
22
23
11
12
24
36
48
47
59
71
70
69
81
93
105
106
118
117
129
128
127
126
138
139
140
141
142
130
131
143
144
132
120
108
96
95
107
119
118
106
94
82
81
69
57
58
46
45
44
43
55
54
66
67
68
56
57
45
44
32
31
30
29
17
18
19
7
6
5
4
16
15
3
4
5
17
29
28
27
39
51
50
38
37
49
61
73
74
75
76
88
100
99
111
110
109
97
98
86
85
97
109
121
133
134
122
123
135
136
137
125
124
112
113
114
115
116
104
103
102
101
89
90
78
66
54
42
41
40
52
40
41
53
52
53
65
77
76
64
63
51
39
27
28
16
15
3
2
14
13
1
13
25
26
38
50
62
74
73
85
86
87
75
87
88
100
99
98
110
122
121
133
134
135
123
111
112
124
136
137
125
126
138
139
140
128
127
115
116
104
105
117
129
141
142
130
131
143
144
132
120
119
107
108
96
95
83
84
72
60
59
71
70
58
46
47
35
23
24
12
11
10
9
10
22
34
33
21
20
8
7
6
18
19
31
30
42
43
55
67
79
91
92
80
68
56
56
47
139
41
124
117
132
138
31
87
61
58
93
34
63
26
35
107
58
51
30
23
13
6
57
98
22
137
88
131
108
134
23
21
69
40
5
143
100
138
99
17
89
36
126
29
106
107
102
21
15
86
76
22
45
71
11
46
122
30
3
52
117
33
122
114
92
114
76
52
100
77
20
27
129
115
13
98
72
94
130
125
110
70
16
75
8
79
37
63
74
65
41
97
89
70
67
9
46
109
123
115
131
38
12
14
120
124
73
133
111
51
127
32
142
45
67
2
47
121
137
110
99
123
36
37
91
44
24
62
141
8
12
119
55
119
6
79
60
113
105
69
116
60
28
32
130
18
143
84
61
90
97
95
128
40
24
73
91
55
10
116
14
54
7
142
105
39
104
7
42
28
59
104
126
44
4
95
134
90
135
85
80
50
10
87
1
49
84
1
59
140
25
74
66
2
3
144
132
112
102
68
29
82
53
96
86
111
81
53
85
128
25
71
42
16
75
121
77
57
15
140
120
78
64
109
112
72
62
38
35
31
93
136
9
33
50
54
26
125
19
92
17
139
20
34
88
83
5
106
127
65
39
78
64
19
94
103
4
136
56
43
141
144
66
135
43
129
49
80
82
118
113
68
118
96
108
81
18
133
48
101
101
83
103
48
11
27
91
34
108
131
56
127
37
132
101
16
8
84
12
43
126
54
98
27
73
45
65
4
144
89
76
110
50
25
50
43
80
20
41
102
32
8
128
105
7
37
89
91
63
74
70
112
136
35
36
15
7
52
115
41
116
62
136
140
92
29
85
21
67
111
105
96
74
142
130
18
129
139
10
111
28
64
60
133
73
24
95
2
47
109
83
96
57
6
130
123
42
141
21
20
131
9
59
61
28
88
87
104
9
54
77
13
12
55
129
19
52
32
46
134
70
17
11
22
58
101
135
33
106
6
94
65
26
121
142
39
82
18
2
103
10
133
44
92
48
76
144
24
137
126
141
128
135
68
66
139
98
115
119
48
49
33
5
61
56
103
118
69
72
19
51
44
42
17
45
79
64
140
72
59
86
117
53
137
47
113
39
87
38
14
40
16
75
110
31
99
49
124
30
71
85
97
60
100
35
63
88
36
102
93
122
93
22
86
90
122
68
94
113
106
31
138
30
125
79
90
53
125
108
3
27
127
120
121
55
38
67
1
116
3
134
23
29
118
123
25
15
138
81
62
143
120
143
46
95
99
77
26
114
117
83
80
5
51
124
34
71
97
100
75
107
66
78
69
109
82
81
11
14
1
114
13
107
57
23
104
119
58
84
40
132
112
4
78
