##Rat 6 Day 15
 ##rewards
83
94
16
##Vertices
144
132
120
119
131
130
142
141
129
117
105
104
116
115
114
126
127
128
140
139
138
137
136
135
123
122
134
133
121
109
97
85
86
87
99
98
110
111
112
100
88
89
101
102
90
78
77
76
75
74
62
63
51
52
64
65
66
54
53
41
40
39
27
26
25
13
1
2
14
15
3
4
5
6
7
19
18
30
31
32
44
43
55
67
79
91
103
104
92
80
68
56
57
69
70
82
81
93
94
95
83
71
59
58
46
47
48
36
35
34
22
23
11
12
24
36
48
60
72
84
96
108
107
106
118
117
116
115
103
91
90
102
114
113
125
124
136
135
123
111
99
87
75
63
51
50
49
37
38
39
27
28
16
17
29
30
42
43
31
32
33
45
44
56
68
69
57
45
33
21
9
8
20
21
20
8
7
19
18
6
5
4
3
2
1
13
25
37
49
61
73
74
86
98
110
122
134
133
121
109
97
85
73
61
62
50
38
26
14
15
16
17
29
28
40
41
42
54
55
67
79
78
66
65
53
52
64
76
77
89
88
100
101
113
112
124
125
137
138
126
127
139
140
128
129
130
118
106
105
93
92
80
81
82
94
95
83
71
70
58
46
34
22
10
9
10
11
12
24
23
35
47
59
60
72
84
96
108
107
119
120
132
144
143
131
143
142
141
12
11
23
35
36
24
12
11
10
22
21
20
32
44
43
55
67
66
65
64
63
51
52
40
39
38
50
49
61
62
74
73
85
86
98
99
111
110
109
97
85
73
61
49
37
25
26
14
13
1
2
3
15
27
28
16
4
5
6
18
30
31
19
7
8
9
10
22
34
33
45
57
69
81
93
92
91
79
80
68
56
57
58
46
47
48
60
72
71
83
84
96
95
107
119
120
108
96
84
72
60
59
71
70
82
94
106
105
104
103
115
127
128
140
139
138
137
125
113
112
124
136
135
134
122
123
111
112
100
101
89
90
102
114
126
138
139
140
141
129
130
131
132
144
143
142
141
129
117
116
104
103
91
92
80
68
56
55
54
53
41
29
17
5
4
16
28
40
52
64
76
77
78
79
67
66
78
90
102
101
113
114
115
116
128
127
126
125
137
136
124
123
135
134
133
121
133
121
122
110
109
97
98
99
87
86
74
62
50
38
37
25
26
14
13
1
2
3
15
27
39
51
63
75
87
75
76
88
100
88
89
77
65
53
54
42
43
44
32
31
30
42
41
29
17
18
6
7
19
20
8
9
21
33
45
46
34
35
23
24
36
48
47
59
58
70
69
81
82
94
93
105
117
118
106
118
119
131
130
142
143
144
132
120
108
107
95
83
87
8
126
11
123
6
102
134
64
101
85
23
117
82
16
13
81
39
26
26
35
31
89
14
103
1
50
28
3
115
70
19
120
52
24
12
90
42
100
15
53
18
88
57
117
72
78
55
122
113
125
63
47
25
129
104
71
14
130
67
29
136
47
109
65
22
140
73
1
61
34
27
34
132
48
33
17
96
76
75
84
115
64
87
31
108
20
93
92
40
132
25
112
73
133
11
68
127
36
2
131
92
35
135
45
94
110
79
91
93
44
46
18
124
21
3
99
97
138
37
36
42
66
139
56
126
50
74
143
84
8
60
9
59
116
114
59
136
33
51
23
19
63
53
142
118
43
67
46
91
77
82
129
139
119
71
80
119
74
28
114
122
7
135
66
79
109
144
121
27
104
95
90
110
108
32
100
127
10
95
15
29
38
13
68
21
98
44
12
134
78
54
4
105
107
52
124
118
77
144
140
113
133
70
49
4
131
76
75
49
38
43
137
99
80
69
86
16
141
85
41
58
116
125
30
40
72
58
101
17
111
102
32
48
56
83
39
137
96
62
107
94
128
57
106
142
24
51
86
5
143
9
123
83
20
141
2
138
128
111
81
41
6
69
54
62
112
45
120
37
106
7
98
22
55
130
60
97
121
103
5
88
89
30
61
10
105
65
13
52
81
65
35
74
59
4
51
129
59
36
61
70
90
119
70
14
1
6
87
69
101
28
12
66
26
23
105
139
75
87
98
144
29
144
112
8
90
120
45
9
139
56
133
76
10
69
119
130
103
83
36
125
130
58
131
57
23
33
25
122
52
107
86
5
117
83
135
93
67
85
37
76
22
10
48
16
78
133
102
30
56
129
103
100
132
43
111
82
50
140
128
108
78
37
5
109
73
108
16
97
121
19
53
116
128
126
62
3
71
58
26
137
140
104
40
34
15
68
60
25
47
6
17
136
15
24
55
115
96
9
44
31
138
100
114
89
110
80
94
88
99
42
77
134
38
109
96
22
116
72
66
64
110
86
124
19
61
18
124
123
35
72
131
4
67
33
42
118
136
135
107
73
120
21
44
50
46
138
18
134
81
17
64
41
46
111
127
91
137
143
3
60
63
125
1
12
63
47
98
55
49
122
27
20
88
62
32
80
102
68
117
106
27
92
89
101
91
113
126
54
51
39
34
99
7
13
48
95
24
57
79
39
105
71
121
20
84
38
106
143
84
97
104
28
77
32
53
2
30
75
29
142
114
93
141
74
92
21
95
31
11
141
123
54
8
142
115
11
7
43
94
132
65
118
2
112
40
85
82
113
49
45
41
79
14
127
1
2
14
26
25
13
1
2
3
15
16
17
29
41
42
54
66
67
68
69
70
58
57
45
46
47
59
60
72
71
83
84
96
95
107
106
118
119
120
108
96
84
72
60
48
36
35
23
24
12
11
10
22
34
33
21
9
8
7
19
31
30
18
6
5
4
3
15
27
28
40
52
64
76
88
89
90
78
77
65
53
52
51
39
38
37
49
61
62
74
73
85
86
98
110
109
97
85
73
61
49
50
62
63
75
87
99
100
101
102
114
126
125
137
138
139
140
128
116
117
129
141
142
143
131
130
118
117
105
104
92
91
103
115
127
139
138
137
136
124
123
122
121
133
134
135
136
124
112
113
101
102
90
89
77
65
53
54
55
56
44
32
20
8
9
21
33
45
57
69
81
80
79
78
66
67
79
91
103
104
116
115
114
113
125
126
127
128
140
141
129
130
142
143
144
132
144
132
131
119
120
108
107
106
94
95
83
71
59
47
48
36
35
23
24
12
11
10
22
34
46
58
70
82
94
82
81
93
105
93
92
80
68
56
55
43
42
41
29
30
31
43
44
32
20
19
7
6
18
17
5
4
16
28
40
39
27
26
14
13
25
37
38
50
51
63
64
76
75
87
88
100
112
111
99
111
110
122
123
135
134
133
121
109
97
98
86
74
133
121
109
110
122
123
135
136
124
112
100
101
113
114
115
127
126
125
137
138
139
140
141
142
130
131
143
144
132
120
108
96
95
94
106
107
119
118
117
105
93
92
104
103
91
79
80
81
82
83
71
70
58
57
69
68
67
55
56
44
45
46
34
35
36
24
12
11
23
22
10
9
8
7
6
18
19
31
30
29
41
42
54
66
78
90
102
101
89
77
65
53
52
64
63
75
76
88
87
86
74
62
50
51
39
38
37
25
26
27
15
14
2
1
13
25
37
49
61
73
85
97
98
99
111
112
113
114
102
90
91
103
115
116
128
129
141
142
130
118
106
94
82
70
58
59
60
48
47
46
34
33
21
20
32
31
43
42
30
29
28
40
41
53
65
64
52
40
28
16
4
5
17
16
17
5
6
18
19
7
8
9
10
11
12
24
36
48
60
72
84
83
95
107
119
131
143
144
132
120
108
96
84
72
71
59
47
35
23
22
21
20
32
33
45
44
43
55
54
66
78
79
67
68
56
57
69
81
80
92
93
105
104
116
117
129
128
140
139
127
126
138
137
125
124
123
111
99
100
88
89
77
76
75
87
86
74
62
63
51
39
27
15
3
4
3
2
1
13
14
26
38
50
49
61
73
85
97
98
110
109
121
133
134
122
134
135
136
9
11
137
123
52
43
34
81
89
119
88
122
94
74
32
35
90
126
82
48
83
62
121
62
96
58
22
140
58
39
131
139
92
76
110
51
49
72
17
44
100
95
90
12
109
120
70
54
132
26
29
4
123
101
79
16
43
21
95
4
142
85
72
3
129
60
63
2
63
40
143
23
141
21
127
66
14
133
47
136
106
144
64
122
107
78
140
88
128
46
129
36
94
67
8
85
105
93
33
25
75
15
54
41
98
60
89
57
116
12
53
38
20
134
55
100
97
55
71
30
13
117
138
14
136
107
38
134
19
1
141
118
84
42
132
17
7
65
42
139
111
144
6
83
25
108
137
11
130
75
2
40
24
77
120
117
103
37
102
59
73
50
116
77
51
142
70
64
19
5
81
80
78
79
26
104
10
30
27
135
127
57
115
71
113
96
143
86
50
114
114
6
82
39
133
125
45
7
121
105
115
31
135
104
31
130
76
28
99
119
37
24
59
68
28
69
118
5
80
52
20
15
9
10
128
3
27
131
56
49
102
124
108
87
35
112
93
47
34
61
73
101
53
33
45
67
61
106
22
1
84
103
32
98
13
46
125
86
112
69
92
126
110
97
48
18
56
36
113
41
138
111
87
65
29
66
8
109
91
16
124
44
74
18
99
91
23
68
108
133
31
95
112
52
24
18
100
51
126
105
124
86
98
43
65
47
78
99
74
30
73
66
75
16
132
144
136
41
72
22
120
66
29
28
80
111
59
60
1
41
85
50
109
56
61
75
9
52
4
69
71
39
17
5
56
103
137
72
91
128
68
45
134
28
116
23
61
91
18
55
108
140
110
35
46
37
106
113
138
94
106
98
12
88
34
55
121
90
142
15
141
37
17
97
48
44
118
133
44
20
8
8
39
143
2
64
107
117
11
30
87
40
14
4
19
49
82
79
50
54
125
130
90
19
88
15
77
14
70
138
5
99
105
114
3
82
63
53
23
112
6
131
141
102
21
123
32
46
125
115
7
60
29
13
135
22
131
107
24
101
119
49
76
92
58
62
102
76
26
25
129
86
70
35
115
33
92
100
77
36
13
36
135
104
26
83
137
51
122
54
12
69
33
65
59
32
123
142
20
42
140
134
45
38
79
129
89
78
71
68
121
1
63
67
101
96
139
10
2
94
85
127
118
27
11
84
93
57
139
93
62
58
109
130
67
64
144
120
6
89
40
53
81
113
31
116
103
16
136
73
7
110
9
97
74
104
42
25
10
57
119
80
117
127
38
126
114
83
3
143
21
43
48
81
124
84
111
96
128
132
95
47
122
34
87
27
12
11
23
35
36
48
60
72
84
96
108
120
119
107
106
105
93
92
104
116
115
127
139
138
137
125
124
136
135
123
122
134
133
121
109
97
98
99
100
88
89
101
113
112
111
110
109
97
85
86
87
75
76
77
78
90
102
103
91
79
80
81
69
70
82
94
95
83
71
59
58
57
45
33
32
20
8
7
19
18
6
5
17
16
4
3
2
14
26
25
37
49
61
73
74
62
50
38
39
40
41
42
30
29
28
27
15
3
4
5
6
7
8
9
10
22
21
33
34
46
47
48
60
59
58
70
69
68
67
66
54
55
43
31
19
18
17
16
15
27
28
29
30
42
41
53
52
51
63
64
65
77
78
79
80
81
93
105
117
118
130
131
143
142
141
129
128
140
139
138
126
127
128
140
141
129
130
142
143
144
132
144
132
131
119
120
108
96
84
72
71
83
82
94
95
107
106
118
117
116
104
92
91
103
115
114
126
125
137
136
124
112
113
114
102
90
89
101
100
99
111
123
135
134
133
121
122
110
98
86
85
73
61
62
74
75
87
88
76
64
63
51
50
49
37
25
13
1
2
1
13
14
26
38
39
40
52
53
65
66
54
55
67
68
56
44
45
46
47
35
34
22
23
24
36
24
12
11
10
9
21
20
32
31
43
44
56
57
1
13
14
15
3
4
5
6
7
8
9
10
22
21
33
45
44
56
57
58
70
71
72
84
96
95
107
108
120
119
131
132
144
143
142
141
129
117
105
104
92
93
94
106
118
130
142
141
140
128
116
115
103
91
79
80
81
69
68
67
55
43
42
30
31
32
20
19
18
17
29
41
40
39
51
50
49
61
62
74
73
85
86
98
97
109
121
122
123
135
136
137
138
139
127
126
125
124
112
100
88
76
75
87
99
111
110
109
97
85
73
61
49
37
25
26
38
39
27
28
16
4
5
17
29
30
42
54
66
78
77
65
64
63
62
74
86
98
110
111
99
87
75
76
88
89
101
113
114
102
90
91
79
67
55
43
44
45
46
34
35
23
24
36
48
47
59
60
72
84
83
71
59
60
48
47
35
36
24
12
11
12
11
23
22
10
9
8
7
6
18
19
31
32
20
21
33
34
46
58
57
56
68
69
70
82
83
95
96
108
107
106
94
82
81
80
92
93
105
117
118
119
120
132
144
143
131
130
129
128
140
139
138
126
127
115
116
104
103
102
114
113
125
137
136
135
134
133
121
133
134
122
123
124
112
100
101
89
90
78
77
65
66
54
53
52
40
28
16
15
27
26
14
2
3
2
1
13
25
37
38
50
51
63
64
52
53
41
109
54
70
92
14
12
117
13
75
141
52
54
45
144
19
123
44
136
31
31
81
37
69
41
3
61
107
11
19
105
28
91
57
72
78
122
130
55
88
108
120
110
5
46
20
129
79
96
119
122
36
102
68
18
139
121
117
35
71
70
74
20
18
22
10
62
63
42
72
8
81
78
90
76
82
86
120
138
37
118
115
108
24
94
82
15
62
93
128
9
9
48
6
60
68
114
99
58
28
60
50
116
67
65
136
85
23
75
95
15
2
66
126
64
128
17
64
84
123
132
80
56
10
100
41
13
7
11
67
84
73
97
135
77
112
12
43
87
116
59
32
140
98
33
99
58
57
109
93
56
85
134
35
87
29
134
118
47
16
29
49
30
46
89
49
7
38
17
27
33
40
125
98
34
105
65
133
104
106
88
21
38
113
73
39
91
71
47
119
32
27
4
83
59
4
48
83
96
5
143
76
92
115
100
53
135
89
133
107
131
2
143
111
111
141
101
104
97
121
16
138
36
25
50
39
45
144
34
90
61
137
55
79
3
74
52
127
23
95
125
43
8
129
26
86
25
137
142
132
63
1
124
112
21
106
113
77
51
101
44
102
126
127
139
80
131
24
30
94
124
142
53
66
140
42
110
14
103
1
103
40
6
69
26
130
114
22
51
121
79
129
49
103
63
84
61
83
24
122
115
51
42
121
42
113
98
132
9
86
8
67
24
83
54
72
66
131
1
19
108
31
26
98
27
125
79
12
68
66
69
64
74
102
105
7
140
105
114
97
68
35
113
67
75
106
59
47
137
37
30
87
127
12
50
30
119
56
5
32
120
8
138
144
95
96
14
15
6
102
94
3
111
119
21
130
129
17
90
56
7
52
70
55
11
133
132
81
126
22
41
100
123
103
53
114
62
54
90
2
135
63
27
32
138
14
91
136
87
128
64
110
92
20
107
48
29
11
25
57
77
36
52
58
33
85
94
36
93
74
1
20
118
73
3
23
26
141
45
134
45
117
85
60
29
78
57
125
18
58
91
139
95
130
120
111
118
76
82
116
43
110
28
44
23
99
82
13
16
65
106
13
5
49
65
17
127
47
117
6
40
112
136
128
21
51
10
104
109
80
61
139
89
141
39
99
116
16
96
84
131
80
77
143
92
18
37
108
101
34
4
88
15
104
2
38
143
78
9
72
69
71
55
97
31
70
59
50
144
112
140
53
142
48
62
101
134
124
142
71
76
46
44
81
38
115
89
122
22
60
126
100
41
33
109
34
86
88
35
28
10
124
137
25
19
135
46
133
93
4
73
75
43
123
39
40
107
