##Rat 3 Day 30
 ##rewards
127
116
38
##Vertices
12
17
90
45
49
47
73
75
47
37
123
77
60
46
71
89
32
114
83
101
92
80
125
136
49
134
48
119
23
67
127
27
35
5
56
25
140
74
99
140
3
40
78
64
62
66
9
42
11
92
69
50
13
48
37
118
112
45
72
22
111
23
85
120
21
70
132
57
35
26
104
95
50
8
57
144
12
94
111
59
112
26
15
103
110
129
121
18
127
135
117
36
84
88
80
58
43
30
91
97
126
38
82
54
124
59
20
24
104
6
113
46
100
42
101
29
133
87
106
38
65
22
133
86
41
6
73
79
13
76
107
31
9
67
142
21
51
120
60
84
52
34
74
10
3
20
131
93
128
40
28
75
78
134
39
139
41
138
11
88
109
85
122
10
7
25
110
97
61
16
135
137
98
87
83
93
62
51
5
71
33
131
122
137
4
14
139
19
16
27
143
91
54
125
2
44
115
96
8
82
53
115
123
4
44
1
15
117
116
107
28
36
39
100
108
141
68
31
56
2
102
106
66
1
121
24
43
68
81
77
53
17
126
79
52
94
30
18
99
33
19
55
64
136
116
129
130
72
124
141
63
65
114
70
86
61
109
55
69
14
138
128
132
119
89
63
118
76
143
29
95
108
105
34
7
32
102
98
90
105
130
142
103
144
113
96
58
81
20
34
125
69
79
71
77
92
23
140
100
116
123
75
50
84
141
52
63
58
101
47
36
65
92
35
109
20
15
26
22
29
143
106
54
113
88
97
69
51
56
100
108
17
144
23
107
60
45
141
32
49
63
73
125
19
139
24
13
38
64
62
106
5
2
77
133
119
72
133
30
62
10
29
121
40
82
71
85
138
97
83
115
121
127
138
110
51
96
127
111
76
105
124
122
115
11
134
93
2
31
87
30
120
42
110
53
98
66
132
122
128
143
22
74
101
3
25
15
68
84
86
31
8
81
32
70
39
126
17
57
85
118
73
82
111
81
44
130
136
59
14
46
44
19
43
112
58
14
24
1
139
47
67
9
41
123
99
142
55
76
128
6
113
140
67
136
144
39
37
74
118
65
48
35
108
90
91
96
131
137
46
4
10
135
132
53
99
105
135
21
55
83
54
60
95
126
40
89
8
18
13
9
90
75
129
5
61
102
27
12
48
91
78
109
34
16
129
93
16
102
78
88
114
36
68
38
142
50
18
103
43
86
33
27
119
57
117
107
87
116
59
64
124
134
7
89
21
112
49
41
70
6
56
80
12
98
72
28
94
66
4
130
52
26
117
25
33
120
114
103
11
42
137
37
131
28
61
3
79
7
94
1
95
104
104
80
45
12
11
10
22
23
35
36
24
12
11
10
9
8
7
6
5
4
3
15
27
26
25
37
49
61
73
85
86
98
97
109
110
122
134
135
136
124
123
111
99
87
75
74
62
63
64
76
88
89
90
102
103
91
79
78
77
65
66
67
55
43
44
32
20
21
33
34
46
58
59
60
48
47
46
45
57
69
81
80
68
56
57
45
44
56
68
67
55
54
53
52
51
50
38
39
40
41
42
30
29
28
16
17
18
19
31
30
29
41
40
52
51
63
64
76
88
100
101
113
112
111
99
100
101
102
114
115
116
104
92
93
105
106
118
117
129
130
131
119
107
108
120
132
144
143
142
141
140
128
127
126
125
137
138
139
140
141
129
117
118
106
94
95
96
84
72
71
83
82
70
58
59
47
35
34
33
32
31
43
42
54
53
65
66
78
79
80
81
69
70
71
83
82
94
95
107
119
131
130
142
143
144
132
120
108
96
84
72
60
48
36
24
23
22
21
9
8
20
19
7
6
18
17
5
4
3
15
16
28
27
39
38
26
14
13
14
2
1
2
1
13
25
37
49
50
62
61
73
74
75
87
86
85
97
98
110
109
121
133
134
133
121
122
123
135
136
124
112
113
114
126
125
137
138
139
127
128
116
115
103
104
105
93
92
91
90
89
77
144
143
142
141
140
128
129
117
118
106
105
104
103
102
114
113
101
89
90
78
77
65
64
76
75
63
62
61
73
85
86
74
75
87
88
100
112
124
125
137
136
135
134
133
121
122
110
109
97
98
99
111
123
135
136
137
138
126
127
115
116
117
118
130
131
119
120
108
96
84
83
82
94
93
92
80
79
91
90
89
88
87
99
100
101
102
103
104
105
106
107
95
96
84
72
71
70
69
68
56
44
32
33
45
46
47
48
36
24
23
22
34
35
36
48
60
59
58
57
45
33
21
9
8
7
19
31
43
55
54
53
52
51
50
49
37
25
13
1
2
3
4
16
17
5
6
18
30
42
41
40
28
29
41
40
39
27
15
14
26
38
39
27
28
29
30
42
54
66
67
55
56
68
67
66
65
53
52
51
63
64
76
77
78
79
91
92
93
94
95
83
82
81
80
81
69
57
58
70
71
72
60
59
47
46
34
35
23
22
10
11
12
24
12
11
10
9
8
20
21
20
32
44
43
31
19
7
6
18
17
5
4
16
15
3
2
1
13
14
26
25
37
38
50
49
61
62
74
73
85
86
98
97
109
121
133
134
122
110
111
123
124
112
113
125
126
114
115
116
128
127
139
138
139
140
141
129
130
142
143
131
119
107
108
120
132
144
132
47
70
4
41
75
53
134
129
12
95
143
134
90
79
31
72
23
80
111
104
79
122
91
45
128
46
108
131
31
88
50
139
136
16
114
111
119
30
96
33
25
87
121
138
63
30
33
8
105
117
37
121
82
7
104
94
91
58
72
83
37
36
18
120
101
82
81
29
125
88
14
99
84
116
42
143
52
2
46
74
135
22
19
118
27
115
93
144
68
1
106
78
50
110
11
84
47
66
62
87
19
67
55
76
115
25
3
35
106
123
20
43
69
5
70
28
71
59
45
64
122
133
95
14
116
141
40
6
36
40
140
78
75
99
123
118
77
69
59
71
125
141
64
85
100
96
56
113
110
61
74
49
24
35
52
8
83
27
10
107
51
131
18
55
130
98
34
127
68
39
103
21
126
60
12
136
20
138
51
13
4
48
44
105
24
129
32
86
81
103
29
77
5
107
98
126
26
7
65
130
89
102
38
117
58
26
80
97
120
142
144
89
73
22
32
1
41
62
28
124
60
132
113
142
127
137
15
132
135
119
133
54
92
63
11
140
61
101
93
128
13
42
43
34
94
9
6
49
108
56
114
57
9
85
112
23
38
17
39
100
53
97
10
44
86
65
112
109
109
48
76
16
137
15
2
67
66
3
57
21
92
124
102
54
139
73
17
90
61
73
66
77
2
68
87
27
7
21
91
106
59
135
101
122
51
128
26
79
10
37
83
94
15
64
38
85
111
127
84
28
116
109
111
62
119
9
98
6
70
96
57
113
63
56
64
48
43
17
134
4
48
77
55
38
69
45
36
142
50
32
72
3
65
18
17
118
138
99
131
11
14
33
101
124
26
21
66
128
19
9
73
130
15
56
46
122
113
116
54
39
80
112
68
1
42
29
58
78
69
95
131
71
108
3
115
2
88
4
47
75
109
81
60
30
115
120
74
89
18
100
42
105
44
93
33
25
62
7
76
50
37
23
29
40
114
119
107
142
57
46
143
100
31
22
135
63
86
118
96
76
10
141
88
14
23
11
95
138
110
92
8
144
132
120
121
34
98
71
133
136
140
72
41
16
123
16
52
132
20
83
80
1
51
99
133
32
123
60
28
84
129
90
104
61
34
124
55
139
8
143
35
91
89
19
81
30
39
144
108
82
102
13
75
86
22
25
49
47
139
127
54
78
79
107
137
35
94
117
112
125
137
45
125
13
44
6
52
117
74
121
126
134
43
82
20
59
24
58
110
67
31
65
5
102
93
87
136
141
129
92
130
97
12
104
40
70
67
105
49
140
97
126
103
53
5
106
27
90
12
36
24
53
103
114
85
41
133
134
135
123
122
110
109
121
133
134
135
136
137
138
139
140
141
142
130
118
119
120
108
96
84
72
60
59
47
48
36
35
23
11
10
9
21
22
34
46
58
70
71
83
82
81
69
57
56
55
43
42
54
66
67
68
80
79
78
90
102
101
113
125
124
112
111
99
87
86
85
97
98
99
100
88
76
64
65
77
89
88
100
101
89
77
78
90
91
92
93
94
95
107
106
105
104
103
115
116
117
129
128
127
126
114
115
116
104
105
93
94
82
81
69
57
45
44
32
33
34
46
45
44
43
31
30
29
41
53
52
40
39
27
28
16
15
14
26
38
37
25
13
1
2
3
4
5
17
18
19
20
8
7
6
5
4
16
28
27
39
51
50
49
61
73
74
62
63
75
87
86
98
110
111
112
113
114
102
103
91
92
80
79
67
66
65
64
76
75
74
62
63
51
50
38
26
14
15
3
2
1
13
25
37
49
61
73
85
97
109
121
122
123
124
136
137
125
126
138
139
127
128
140
141
142
130
129
117
118
106
107
119
131
132
131
143
144
143
144
132
120
108
96
95
83
84
72
71
70
58
59
60
48
47
35
36
24
12
11
12
24
23
22
10
9
21
33
32
31
19
20
8
7
6
18
17
29
30
42
41
40
52
53
54
55
56
68
1
13
25
37
49
50
38
39
27
28
40
52
64
76
75
87
88
89
77
78
90
91
103
102
114
115
127
139
138
137
125
126
114
113
101
100
99
98
86
85
97
109
121
133
134
122
123
135
136
124
112
111
110
109
97
85
73
74
62
63
51
39
27
26
14
15
3
4
5
6
18
30
29
41
53
54
66
65
77
89
101
113
112
100
88
76
64
52
40
28
16
17
5
6
7
19
31
43
55
56
57
58
46
45
33
21
9
10
11
23
35
34
22
10
9
8
20
32
44
45
46
47
48
60
72
71
70
69
68
80
92
104
116
128
140
141
142
143
144
132
120
108
107
95
96
84
83
82
81
93
105
106
94
93
105
117
118
119
131
130
129
117
118
106
94
82
81
80
79
67
68
56
55
67
79
91
92
104
116
115
103
102
90
78
66
65
53
41
29
17
18
30
42
54
42
43
44
32
31
19
7
8
20
21
33
34
22
23
35
36
24
12
11
12
24
36
48
60
59
47
59
58
57
69
70
71
72
84
83
95
96
108
107
119
120
132
144
143
131
130
142
141
129
128
140
139
127
126
138
137
125
124
136
135
134
133
121
122
123
111
110
98
99
87
86
74
75
63
51
50
62
61
73
61
49
37
38
26
25
13
14
15
16
4
3
2
1
2
103
107
52
133
42
72
19
58
25
36
68
19
86
111
85
91
51
54
108
141
28
69
13
113
81
138
79
37
53
85
133
111
126
86
25
132
52
113
14
7
62
60
43
67
135
57
105
29
127
137
118
73
80
75
54
23
134
83
32
73
116
41
34
138
88
128
22
115
26
99
29
47
114
74
101
97
136
3
95
100
87
56
61
125
20
31
11
101
119
34
44
38
114
60
112
48
33
144
110
36
121
110
22
137
39
64
102
142
115
74
4
13
3
65
1
46
79
136
71
67
94
47
30
89
57
129
18
24
142
118
123
107
80
131
16
96
45
128
119
27
23
104
126
92
27
129
81
93
2
127
63
105
49
88
48
8
6
40
16
71
83
102
144
77
106
28
89
17
31
97
72
4
35
135
11
15
37
121
21
77
140
44
63
125
50
109
2
42
76
108
143
90
46
53
82
61
131
12
1
18
93
75
140
90
10
120
51
55
62
106
56
130
104
95
58
64
33
120
12
103
117
50
116
17
65
7
112
21
15
39
32
9
49
98
124
98
96
141
100
84
78
45
69
35
122
139
76
26
20
40
92
143
5
24
82
55
117
8
68
70
5
87
78
30
122
109
66
41
132
59
70
99
43
91
66
10
14
139
9
6
94
84
130
124
59
123
134
38
101
60
75
3
124
31
73
46
27
41
17
142
68
106
37
56
121
86
26
66
87
36
96
116
110
91
109
67
2
135
84
72
16
114
43
8
19
12
117
127
55
132
14
126
5
81
34
46
70
126
65
98
93
88
22
107
134
28
15
39
93
103
85
106
127
138
7
58
4
73
58
107
142
111
47
140
125
82
82
125
70
120
10
115
6
13
45
9
128
115
89
68
54
103
49
87
42
9
94
80
51
64
32
113
133
19
50
74
59
133
36
112
12
122
100
90
79
24
6
77
75
41
61
100
7
72
69
29
74
40
136
48
8
97
131
37
14
131
59
76
98
140
90
122
10
5
54
105
63
11
102
20
144
137
141
35
95
57
71
92
121
120
33
25
21
18
30
111
78
137
44
38
23
138
95
110
91
108
24
144
77
81
88
48
114
139
113
67
56
86
130
1
123
143
136
27
83
62
28
55
104
119
45
96
32
141
62
118
61
22
92
118
18
38
15
4
97
49
30
132
129
134
16
117
76
119
108
20
2
63
44
105
143
1
89
57
83
80
84
25
13
66
52
23
99
52
109
99
135
31
40
26
29
101
39
78
51
50
112
79
116
64
35
53
21
130
11
124
34
42
139
60
53
123
104
85
102
47
129
69
71
17
43
128
94
3
65
33
1
2
3
15
27
39
38
50
62
74
73
61
49
37
25
26
14
13
25
37
49
61
62
63
51
52
64
65
77
78
90
91
92
80
68
67
66
54
42
30
31
32
20
19
7
8
9
10
22
34
33
21
9
8
7
6
5
4
16
28
29
17
18
30
29
41
40
52
53
65
66
78
79
91
103
102
101
100
88
87
86
98
99
111
110
122
123
124
136
137
125
113
114
126
138
139
127
128
116
104
105
117
118
119
120
132
144
143
131
130
142
141
140
139
138
137
136
135
134
133
121
109
97
85
73
74
75
76
77
89
90
102
103
115
116
104
105
106
107
95
83
82
94
93
81
69
70
71
72
60
59
58
57
56
55
43
44
45
46
47
35
23
11
12
24
36
48
60
72
84
96
84
83
71
70
58
59
47
48
36
35
23
24
12
11
10
22
21
33
34
46
45
44
32
20
19
31
43
42
41
53
54
55
56
57
69
68
67
79
80
92
93
81
82
94
95
96
108
120
108
107
106
118
119
131
132
144
143
142
130
129
117
129
141
140
128
127
115
114
126
125
124
112
111
110
122
123
135
134
133
121
109
97
85
86
98
99
100
112
113
101
89
88
87
75
76
64
63
51
39
40
28
27
15
16
17
18
6
5
4
3
2
1
13
14
26
38
50
12
24
36
48
47
59
60
72
84
96
108
120
132
144
143
131
130
142
141
129
117
105
104
92
93
81
82
70
69
68
67
55
43
42
30
31
32
20
21
33
34
22
23
11
10
9
8
7
6
5
17
16
4
3
2
1
13
25
37
38
26
14
15
27
39
40
52
53
65
77
76
64
63
51
50
62
74
86
98
97
85
73
61
49
37
25
26
27
28
29
41
40
28
29
30
18
19
31
43
44
45
57
56
68
80
79
91
90
78
66
54
55
56
44
32
33
45
46
58
57
69
70
71
83
95
94
106
107
119
118
117
116
128
140
139
127
126
138
137
125
124
136
135
123
122
134
133
121
109
110
111
99
87
88
100
101
102
103
115
114
113
112
111
99
100
88
89
101
102
103
104
116
128
140
139
138
126
127
115
114
113
112
124
125
137
136
135
123
122
134
133
121
109
110
98
97
85
86
87
75
76
75
63
62
74
73
61
49
50
38
39
51
52
64
65
53
41
42
54
66
67
79
78
77
89
90
91
92
80
81
82
83
71
59
58
46
34
35
47
35
23
22
21
20
19
18
17
16
15
14
13
1
2
3
4
5
6
7
8
9
10
11
12
24
36
48
60
72
84
96
95
107
108
120
119
131
132
144
143
142
141
129
130
118
106
105
93
94
