##Rat 1 Day 15
 ##rewards
19
32
98
##Vertices
12
11
10
22
23
35
36
48
47
46
45
57
58
70
82
83
71
59
60
72
84
96
108
120
119
131
132
144
143
142
141
140
128
116
117
129
130
118
106
105
104
92
93
81
80
79
91
103
115
127
126
114
113
101
102
90
78
77
89
88
100
112
111
123
135
134
133
121
122
110
109
97
85
73
61
62
74
75
63
51
52
64
65
66
67
68
69
57
56
55
54
53
41
42
30
31
43
44
32
20
19
18
17
29
28
16
4
3
15
27
26
14
13
1
2
3
4
5
6
7
8
9
21
33
34
46
58
70
69
68
80
81
82
94
95
107
108
120
119
118
117
116
115
114
113
125
137
136
124
112
111
99
98
86
87
75
76
64
63
51
39
40
52
53
54
42
41
40
39
38
37
49
50
38
50
49
61
62
74
73
85
97
109
121
133
134
135
136
137
138
139
127
128
129
130
131
132
144
143
142
141
140
139
138
126
125
124
123
122
110
98
86
87
99
100
88
76
77
65
66
67
79
78
90
89
101
102
103
91
92
104
105
93
94
106
107
95
96
84
83
71
72
60
59
47
35
34
33
45
44
56
55
43
31
32
20
19
18
30
29
28
27
26
25
37
25
13
1
2
14
15
16
17
5
6
7
8
9
21
22
10
11
12
24
23
24
36
48
1
13
14
15
3
2
1
13
25
26
38
50
51
52
64
65
66
78
90
102
114
113
101
100
112
124
125
137
138
126
127
139
140
128
129
117
118
130
142
141
140
139
138
137
136
135
123
122
134
133
121
109
110
111
99
98
97
85
73
74
75
63
62
61
49
37
25
26
27
39
40
41
42
43
44
56
68
67
55
54
53
41
29
28
16
4
5
6
18
19
7
8
20
21
22
10
9
8
7
6
5
17
18
30
31
32
33
45
57
69
70
71
59
60
72
84
96
95
94
106
107
108
120
132
131
119
118
106
105
93
92
80
81
82
83
84
72
60
48
47
35
23
11
12
24
36
48
47
46
58
57
69
68
56
55
54
53
65
77
89
88
87
86
85
97
98
99
100
101
102
103
91
79
67
66
78
79
80
81
93
94
82
70
58
59
71
83
95
96
108
107
119
120
132
144
143
144
143
131
130
142
141
129
117
116
128
127
126
125
124
136
135
123
122
134
133
121
109
110
111
112
113
114
115
116
115
103
104
105
104
92
91
90
89
77
76
64
52
51
63
75
76
88
87
86
74
73
61
62
50
49
37
38
39
40
28
27
15
14
2
3
4
16
17
29
30
42
43
31
32
44
45
46
34
33
34
22
23
35
36
24
12
11
10
9
21
20
19
116
49
83
13
119
73
81
132
102
93
140
14
46
31
98
134
43
112
123
123
15
63
92
122
69
133
125
99
109
70
30
62
10
101
2
1
80
76
105
110
89
74
104
41
46
6
79
65
131
94
95
114
16
135
47
57
18
122
35
66
87
108
16
142
90
26
60
139
133
138
27
111
27
11
4
39
86
8
103
115
7
70
102
116
63
9
50
44
56
100
11
135
106
139
144
13
54
71
3
121
23
56
15
120
40
32
130
67
68
44
52
28
74
107
38
109
117
141
84
136
3
76
78
72
53
83
125
127
24
7
49
5
37
17
58
82
17
108
39
113
14
62
114
89
36
34
64
66
28
68
91
31
47
72
22
18
55
22
127
99
82
131
61
120
78
67
142
12
143
111
57
20
80
130
9
51
105
71
25
20
110
87
124
134
54
38
129
52
1
132
79
77
97
45
21
101
107
34
91
12
60
94
144
30
137
97
23
103
115
137
124
64
96
117
55
42
128
98
48
140
88
29
58
95
75
100
6
29
93
86
118
81
51
4
53
19
112
96
8
126
21
32
59
41
33
36
2
113
128
85
24
37
119
19
50
48
121
84
59
118
43
88
73
42
77
126
106
40
10
136
33
61
129
26
65
35
5
141
143
69
85
104
92
75
138
25
45
90
134
101
43
90
15
127
17
97
113
47
17
3
138
30
80
22
30
122
133
73
116
42
93
99
1
78
123
14
45
72
115
116
129
12
87
12
106
49
80
10
40
37
72
53
144
103
25
42
22
35
69
19
3
95
35
29
23
41
14
39
135
131
101
21
128
85
46
19
120
44
66
140
136
103
26
25
4
98
79
144
81
75
53
47
69
105
11
64
118
31
125
60
59
9
79
136
85
142
139
9
98
141
143
62
89
58
59
83
126
109
18
29
123
96
60
57
100
27
110
54
5
135
16
73
86
108
110
2
65
70
8
37
52
63
84
105
82
92
130
55
32
104
117
76
91
132
124
142
8
26
58
6
78
102
130
128
107
62
138
74
107
119
15
6
23
97
66
39
76
34
108
120
21
139
10
38
52
125
28
84
74
132
43
86
102
88
28
118
71
68
96
24
109
5
114
95
133
1
114
16
129
65
137
131
111
50
104
126
51
55
81
54
46
33
111
56
92
93
68
94
83
77
113
112
27
117
61
134
4
20
2
41
67
112
45
18
143
50
7
124
33
24
7
141
57
99
91
51
89
121
75
115
87
36
82
44
48
127
56
38
20
63
13
48
119
77
49
36
70
13
61
64
32
11
90
34
121
106
100
140
31
94
137
40
88
67
122
71
133
121
122
123
135
134
133
121
109
110
98
86
87
88
76
77
78
66
54
42
30
29
41
40
28
16
17
5
6
18
19
7
8
20
21
33
34
22
10
9
8
7
6
5
4
3
15
14
2
1
13
25
26
27
39
38
37
49
61
62
63
75
74
73
85
97
109
110
111
99
100
101
102
103
104
92
80
79
91
90
89
101
113
112
124
136
137
138
126
127
139
140
128
129
130
142
141
140
139
138
137
125
126
114
115
116
117
105
93
81
82
83
95
96
84
72
60
59
58
46
47
48
36
24
23
35
34
46
45
57
56
68
69
70
71
72
84
96
108
107
119
131
143
144
132
120
108
107
106
94
93
81
80
92
91
90
89
77
65
53
52
51
50
49
37
38
39
40
41
42
43
55
67
79
78
66
67
68
69
57
58
70
82
94
95
83
71
59
60
48
47
35
36
24
12
11
12
11
23
22
10
9
21
33
32
20
19
18
17
16
4
3
15
14
2
1
13
25
26
27
28
29
30
31
32
31
43
44
45
44
56
55
54
53
65
64
76
88
87
75
63
64
52
51
50
62
61
73
74
86
85
97
98
99
100
112
111
123
122
134
135
136
124
125
113
114
102
103
115
116
104
105
106
118
117
118
130
131
119
120
132
144
143
142
141
129
128
127
144
143
142
130
131
119
120
108
107
106
105
93
94
82
70
71
83
95
96
84
72
60
48
36
35
23
24
12
11
10
9
8
20
32
33
21
22
34
46
45
44
56
57
69
68
67
55
43
31
19
18
30
29
41
42
54
66
65
53
52
40
28
27
15
3
2
1
13
14
26
25
37
49
61
73
74
62
63
75
87
88
76
77
78
79
80
81
93
92
91
90
89
101
102
114
115
103
104
116
128
127
126
125
113
112
124
136
135
123
111
110
122
121
133
134
135
136
137
138
139
140
141
129
117
118
106
94
82
81
80
68
69
70
58
59
47
48
36
35
34
33
32
31
30
29
17
5
4
16
28
27
39
38
50
51
63
64
76
75
87
99
100
88
89
90
102
101
100
99
98
97
85
86
98
86
85
73
74
62
61
49
37
25
13
1
2
3
4
5
6
7
19
20
21
22
23
24
12
11
10
9
8
7
6
18
17
16
15
14
26
38
50
51
39
40
52
64
65
77
78
79
67
66
54
53
41
42
43
55
56
44
45
57
58
46
47
59
60
72
71
83
84
96
95
107
119
118
117
105
104
92
91
103
115
116
128
127
126
114
113
112
111
110
109
97
109
121
133
134
122
123
124
125
137
138
139
140
141
129
130
142
143
144
132
131
132
120
108
37
13
96
119
101
64
27
43
92
22
104
131
32
127
51
15
80
83
31
4
19
126
143
126
8
29
26
60
29
112
23
72
56
103
130
113
137
6
86
52
105
20
80
1
142
10
30
77
11
123
87
97
119
93
67
98
64
38
20
97
36
140
6
109
47
5
114
121
114
100
24
14
48
38
71
78
122
144
16
108
33
12
102
131
21
79
60
104
59
28
47
3
32
66
49
140
45
44
39
135
115
110
77
88
129
5
92
41
58
1
89
124
50
132
65
105
141
65
18
75
134
46
84
122
108
21
124
132
62
133
48
34
7
76
11
86
61
90
76
72
118
12
73
19
135
9
96
13
35
115
121
100
2
91
10
46
69
136
81
17
139
125
58
91
113
36
30
102
62
85
43
55
79
67
123
57
25
75
111
120
71
41
70
18
94
8
24
128
125
82
82
73
31
112
144
95
40
61
143
45
70
63
120
57
63
35
103
99
117
22
136
2
17
54
99
42
34
85
55
101
50
110
37
25
59
109
111
23
53
137
81
107
9
116
15
106
44
16
27
138
139
93
89
39
40
66
138
33
26
133
7
69
51
129
134
28
95
128
106
42
56
83
130
141
4
74
53
3
94
88
84
118
116
90
87
78
49
142
68
98
107
52
127
74
117
68
14
54
9
144
63
20
106
101
2
74
105
113
83
45
107
128
129
64
90
16
79
117
127
75
139
78
115
98
11
12
108
88
6
26
10
78
87
99
55
118
17
5
133
88
140
125
142
53
138
115
37
101
97
42
18
112
86
85
53
69
96
6
68
59
54
40
132
99
58
14
138
68
74
65
9
60
130
15
28
136
33
94
84
32
33
129
1
104
27
65
143
80
36
110
48
136
86
141
4
52
34
144
52
50
49
49
112
24
121
102
21
46
13
75
116
100
122
97
62
137
31
67
125
77
95
35
80
62
104
110
91
122
30
84
85
117
45
82
109
31
114
89
14
106
73
23
48
81
38
119
51
28
95
70
61
5
87
134
120
26
23
21
2
93
22
137
103
56
29
126
81
103
123
135
47
128
30
15
70
39
56
105
91
3
134
3
120
57
123
19
96
113
131
77
1
42
39
90
17
51
119
36
50
76
60
132
40
124
67
47
92
79
18
54
143
133
114
66
93
8
72
25
121
32
140
71
34
111
13
7
44
41
72
44
126
29
142
35
66
102
12
10
73
92
100
89
43
94
63
58
69
98
108
139
61
130
37
141
127
57
76
135
25
41
22
55
46
71
124
83
82
19
109
24
38
64
4
43
107
7
118
8
59
11
20
16
131
27
116
111
1
13
14
15
3
4
5
6
7
8
9
10
22
21
33
45
44
56
57
58
70
71
72
84
96
95
107
108
120
119
131
132
144
143
142
141
129
117
105
104
92
93
94
106
118
130
142
141
140
128
116
115
103
91
79
80
81
69
68
67
55
43
42
30
31
32
20
19
18
17
29
41
40
39
51
50
49
61
62
74
73
85
86
98
97
109
121
122
123
135
136
137
138
139
127
126
125
124
112
100
88
76
75
87
99
111
110
109
97
85
73
61
49
37
25
26
38
39
27
28
16
4
5
17
29
30
42
54
66
78
77
65
64
63
62
74
86
98
110
111
99
87
75
76
88
89
101
113
114
102
90
91
79
67
55
43
44
45
46
34
35
23
24
36
48
47
59
60
72
84
83
71
59
60
48
47
35
36
24
12
11
12
11
23
22
10
9
8
7
6
18
19
31
32
20
21
33
34
46
58
57
56
68
69
70
82
83
95
96
108
107
106
94
82
81
80
92
93
105
117
118
119
120
132
144
143
131
130
129
128
140
139
138
126
127
115
116
104
103
102
114
113
125
137
136
135
134
133
121
133
134
122
123
124
112
100
101
89
90
78
77
65
66
54
53
52
40
28
16
15
27
26
14
2
3
2
1
13
25
37
38
50
51
63
64
52
53
41
133
134
122
110
109
97
85
73
61
49
37
25
26
38
39
40
52
53
41
29
30
18
6
7
8
20
21
9
10
22
23
11
12
24
36
48
47
46
45
57
56
44
32
33
34
35
36
48
60
59
58
70
69
68
67
55
43
42
54
66
65
64
76
75
63
51
50
62
74
86
87
88
100
112
113
125
137
138
126
127
139
140
128
129
141
142
143
131
119
120
108
96
84
72
71
83
95
107
106
105
104
103
115
116
117
118
130
142
141
140
139
138
137
136
135
123
124
112
111
99
98
97
85
86
87
75
76
77
78
79
91
90
102
114
126
127
128
129
130
118
117
116
115
103
104
92
93
94
82
81
80
68
67
66
65
64
52
40
28
27
15
14
2
3
4
16
17
5
6
7
19
18
17
5
4
16
15
3
2
1
13
1
13
14
26
25
37
49
61
73
74
62
63
51
50
38
39
27
28
29
41
53
54
42
30
31
19
20
8
9
21
33
32
31
43
55
56
44
45
46
34
22
10
11
12
24
23
35
47
59
60
72
84
83
71
70
58
57
69
81
82
94
95
96
108
120
132
144
143
144
132
131
119
107
106
105
93
92
80
79
91
90
78
77
89
101
100
99
98
110
111
123
122
121
109
121
133
134
135
136
124
125
113
114
102
101
89
88
142
77
30
56
122
1
46
134
115
48
101
77
40
12
62
119
52
108
63
63
43
136
42
88
109
138
21
13
62
45
99
68
41
6
79
131
35
65
104
9
10
130
85
28
50
47
67
8
22
131
3
81
54
74
72
143
46
15
18
30
127
50
74
26
25
126
114
76
6
49
43
79
80
103
31
128
10
84
136
34
70
9
2
32
31
110
126
44
59
37
37
4
73
5
54
82
117
29
99
5
125
58
66
90
108
140
14
115
20
110
121
78
83
102
59
86
102
7
119
11
55
53
25
105
88
134
61
13
66
7
139
141
120
91
106
1
64
116
58
17
51
60
129
39
117
29
41
142
44
53
140
132
15
116
87
132
34
16
98
87
137
75
28
92
137
61
124
86
111
39
100
95
129
27
45
90
144
57
33
104
38
124
94
139
112
68
18
16
22
51
111
97
19
17
97
4
19
8
85
24
103
56
70
105
89
120
92
144
21
23
121
24
118
118
48
93
57
141
143
98
84
3
135
125
112
40
12
27
80
138
96
65
67
109
127
101
71
14
20
95
64
49
47
123
128
135
96
36
11
114
133
107
106
38
33
94
91
113
93
52
81
83
71
72
55
23
2
75
32
107
36
89
78
60
76
130
122
69
133
69
100
73
42
123
35
82
26
113
143
67
47
137
69
114
7
138
19
2
131
70
113
76
143
76
94
129
11
37
128
49
66
2
19
77
6
78
23
133
62
9
63
123
129
111
95
67
1
54
78
42
102
127
81
45
61
60
45
82
141
54
15
94
66
115
33
17
16
96
136
75
116
71
1
125
75
22
53
85
51
10
49
84
12
20
8
122
110
73
81
32
109
118
22
38
35
47
86
80
53
61
101
30
65
13
144
11
43
83
26
88
105
119
69
89
82
126
77
80
121
120
114
111
51
84
122
68
108
116
59
102
130
56
50
21
4
87
13
135
41
91
3
101
29
39
140
32
3
44
127
133
50
34
139
109
14
123
48
40
132
40
46
140
5
87
79
41
95
74
29
68
72
20
35
10
118
34
103
31
58
64
130
99
52
14
117
31
134
98
90
33
134
85
137
90
86
71
16
46
73
100
106
108
59
38
113
25
57
142
55
138
72
92
48
112
117
58
98
8
7
23
55
91
24
56
74
136
9
93
27
97
104
110
57
121
124
24
79
37
6
42
18
65
141
63
30
17
125
12
106
60
89
36
4
126
93
132
107
36
18
103
28
52
43
124
70
92
131
26
5
83
105
88
39
142
27
128
104
15
99
25
107
96
135
62
120
28
144
44
97
139
115
64
119
112
100
21
