##Rat 5 Day 10
 ##rewards
74
87
21
##Vertices
44
77
22
113
127
15
134
64
20
51
109
82
128
135
30
125
119
3
101
130
54
52
63
83
31
61
143
2
4
66
32
139
72
73
90
49
42
41
38
95
9
41
116
4
121
3
11
56
134
65
60
141
142
32
24
12
36
135
113
28
106
27
72
47
117
37
78
13
117
100
139
104
138
130
96
23
88
127
75
64
140
132
129
84
110
105
118
119
56
95
33
43
100
46
67
132
5
24
89
33
141
53
28
6
8
12
36
23
99
35
61
5
91
13
27
69
85
39
69
26
43
29
94
89
133
143
10
123
51
103
124
58
63
138
6
137
114
87
16
45
48
73
136
88
144
59
85
103
7
75
21
52
115
40
92
71
93
70
37
94
126
19
18
38
93
128
59
77
60
15
21
123
42
120
35
57
114
144
112
102
122
110
70
44
55
8
112
96
10
122
66
118
55
30
22
57
39
91
129
17
7
102
58
31
90
104
53
121
80
124
81
14
76
68
74
142
125
140
99
18
120
131
107
19
108
71
68
79
46
81
54
1
87
25
83
105
79
133
98
131
62
82
84
86
137
109
50
40
34
16
47
136
2
1
45
97
86
108
14
9
17
50
80
25
101
34
48
62
98
65
20
111
97
29
76
49
111
92
107
78
116
115
26
126
106
11
74
67
43
63
98
55
30
60
81
62
50
50
78
8
79
40
113
143
2
111
70
127
75
14
55
32
42
24
120
30
105
73
88
116
132
71
13
80
29
138
26
109
49
61
47
96
116
46
71
32
44
103
122
124
70
8
65
3
128
43
81
119
137
46
132
12
35
139
135
136
20
102
48
127
104
99
69
33
106
130
3
53
34
121
16
41
64
17
56
89
124
115
142
69
61
22
111
131
110
118
15
52
110
80
107
48
6
4
106
25
73
130
6
4
58
54
34
100
53
72
76
54
45
9
62
38
141
10
27
133
97
104
125
12
95
117
38
133
57
99
94
36
11
51
87
105
120
138
77
89
5
83
112
21
92
125
74
16
101
129
10
67
45
68
39
20
126
28
76
60
86
87
109
26
90
75
78
126
59
66
77
82
21
52
86
143
18
35
51
2
42
113
140
107
141
5
119
100
103
135
112
7
15
121
74
1
139
102
97
123
91
117
85
94
79
93
24
142
83
134
41
108
7
85
84
98
118
25
23
31
39
114
63
31
134
82
37
36
23
1
59
19
29
128
122
65
137
101
49
22
27
64
66
44
91
93
28
114
108
136
144
18
67
13
19
96
84
68
123
140
14
88
17
56
144
92
115
57
95
131
47
90
58
40
129
9
37
33
72
11
144
143
142
141
129
128
140
139
138
137
136
135
134
133
121
122
110
109
97
98
99
100
88
89
101
102
114
115
103
91
79
80
81
69
70
82
94
95
107
106
118
119
131
132
120
108
96
84
72
60
59
47
48
36
24
12
11
10
9
21
22
23
35
34
33
45
44
56
55
54
42
43
31
32
20
19
18
17
16
4
5
6
7
8
9
10
22
34
46
58
57
45
46
58
70
71
83
82
81
93
105
104
92
91
90
78
77
65
66
67
68
80
92
93
94
106
105
117
116
104
103
115
127
126
125
113
112
124
123
111
99
87
86
85
73
74
62
61
49
50
38
37
25
26
14
13
1
2
3
15
27
28
29
41
40
52
64
76
75
63
51
39
27
28
40
41
53
52
64
76
88
87
86
85
73
61
62
74
75
63
51
39
38
50
49
37
25
26
14
13
1
2
3
15
16
4
5
17
29
30
42
30
31
19
18
6
7
8
20
21
33
32
44
43
55
56
57
69
68
67
79
78
66
54
53
65
77
89
90
102
114
126
127
128
116
117
118
130
129
130
131
119
107
95
83
71
59
47
35
23
11
12
24
36
48
60
72
84
96
108
120
132
144
143
142
141
140
139
138
137
125
124
136
135
123
122
134
133
121
109
97
98
110
111
112
100
101
113
12
24
36
48
47
59
60
72
84
96
108
120
132
144
143
131
130
142
141
129
117
105
104
92
93
81
82
70
69
68
67
55
43
42
30
31
32
20
21
33
34
22
23
11
10
9
8
7
6
5
17
16
4
3
2
1
13
25
37
38
26
14
15
27
39
40
52
53
65
77
76
64
63
51
50
62
74
86
98
97
85
73
61
49
37
25
26
27
28
29
41
40
28
29
30
18
19
31
43
44
45
57
56
68
80
79
91
90
78
66
54
55
56
44
32
33
45
46
58
57
69
70
71
83
95
94
106
107
119
118
117
116
128
140
139
127
126
138
137
125
124
136
135
123
122
134
133
121
109
110
111
99
87
88
100
101
102
103
115
114
113
112
111
99
100
88
89
101
102
103
104
116
128
140
139
138
126
127
115
114
113
112
124
125
137
136
135
123
122
134
133
121
109
110
98
97
85
86
87
75
76
75
63
62
74
73
61
49
50
38
39
51
52
64
65
53
41
42
54
66
67
79
78
77
89
90
91
92
80
81
82
83
71
59
58
46
34
35
47
35
23
22
21
20
19
18
17
16
15
14
13
1
2
3
4
5
6
7
8
9
10
11
12
24
36
48
60
72
84
96
95
107
108
120
119
131
132
144
143
142
141
129
130
118
106
105
93
94
87
5
103
47
4
26
41
2
88
33
127
15
109
78
100
139
82
105
37
16
123
82
24
136
99
124
28
49
43
12
108
70
126
52
39
119
115
7
137
16
25
132
12
10
77
97
45
43
54
83
76
74
4
62
21
56
143
65
80
122
31
131
50
22
88
86
40
5
64
86
32
59
109
85
91
20
58
9
42
112
135
98
1
14
102
30
142
34
87
139
96
32
75
83
60
53
9
118
25
34
31
104
94
62
98
126
81
52
119
11
74
141
133
120
95
55
68
93
111
117
45
73
89
7
78
68
40
137
39
21
110
27
48
60
107
17
124
76
106
8
15
27
2
84
116
138
121
58
54
33
133
90
130
144
36
63
108
59
3
71
70
81
61
144
6
132
134
71
49
38
55
57
102
72
19
130
6
114
91
35
100
42
30
41
80
67
117
85
75
20
18
44
97
79
123
13
99
56
138
64
84
35
107
113
127
66
118
69
120
93
94
136
3
95
53
129
73
141
22
24
51
44
11
143
14
101
115
13
28
129
128
10
17
67
48
50
29
96
135
8
125
121
125
105
92
66
122
46
72
37
131
23
111
114
38
101
92
116
29
103
113
104
89
61
140
26
79
112
128
106
63
18
47
140
51
19
110
23
65
77
46
57
142
36
134
90
69
1
107
31
60
72
87
143
99
67
138
25
9
45
17
29
100
27
38
142
129
49
92
133
83
15
66
110
26
92
89
115
37
124
141
4
64
1
52
86
85
135
13
37
61
27
30
11
34
21
56
82
20
77
95
35
118
110
112
44
89
126
107
114
7
83
19
14
3
109
56
42
122
7
71
139
116
50
109
95
78
124
15
128
116
65
127
4
20
94
131
105
13
59
31
93
40
23
102
17
123
88
8
132
33
63
76
77
3
55
88
93
25
128
21
102
46
84
68
99
46
69
65
121
41
94
55
91
36
98
50
113
10
51
43
47
74
1
6
6
29
69
106
14
23
139
60
22
119
97
137
5
18
111
5
58
24
86
43
103
76
125
28
12
113
142
58
24
75
136
130
117
91
133
144
53
79
98
79
35
54
101
74
34
136
140
36
44
39
108
112
82
22
32
101
121
62
9
131
11
28
120
100
119
81
48
68
61
96
144
71
19
134
126
114
54
135
143
67
123
52
16
30
16
2
120
57
12
75
66
111
45
140
73
97
84
90
38
59
40
51
141
62
104
70
108
41
26
138
104
85
115
132
10
63
57
81
134
96
118
130
87
42
48
117
122
125
18
39
73
129
32
47
64
80
106
49
70
78
72
90
80
33
2
127
8
53
105
137
103
133
134
135
136
124
125
137
138
139
140
141
142
143
144
132
131
119
120
108
107
106
105
93
92
104
103
115
114
102
90
78
77
76
64
63
75
87
86
98
99
111
110
122
121
109
97
85
73
61
49
50
38
37
25
13
1
2
3
4
16
15
14
26
27
28
40
41
53
54
55
43
42
30
29
17
18
19
20
21
9
8
7
6
5
4
3
15
27
39
51
52
40
39
51
63
62
74
75
76
88
100
101
89
90
91
79
80
68
67
66
65
77
89
88
87
99
100
112
113
101
102
114
126
127
128
116
117
129
130
118
106
94
95
96
84
83
71
72
60
59
47
48
36
35
23
24
12
11
10
22
34
33
32
44
45
57
69
81
82
70
58
46
34
33
45
44
56
57
69
81
93
94
95
96
84
72
71
83
82
70
58
46
47
59
60
48
36
35
23
24
12
11
10
22
21
9
8
20
32
31
43
31
30
18
19
7
6
5
17
16
28
29
41
42
54
53
52
64
65
66
78
79
67
55
56
68
80
92
91
103
115
127
126
125
113
112
111
123
124
123
122
110
98
86
74
62
50
38
26
14
2
1
13
25
37
49
61
73
85
97
109
121
133
134
135
136
137
138
139
140
128
129
141
142
130
131
143
144
132
120
108
107
119
118
117
105
104
116
1
13
14
15
27
26
25
37
49
50
62
61
73
74
75
87
86
85
97
98
99
111
123
122
110
109
121
133
134
135
136
137
125
126
114
113
101
100
88
76
77
65
66
54
53
52
64
63
51
39
40
28
16
17
5
4
3
2
1
13
25
26
38
39
40
41
29
30
42
43
31
19
20
8
7
6
18
30
31
32
44
45
33
34
35
23
22
21
9
10
11
12
24
36
48
47
59
60
72
84
96
95
83
71
70
82
81
93
105
117
118
119
120
108
107
106
94
82
70
58
46
45
57
69
68
56
55
67
79
78
90
102
103
91
92
80
81
93
94
106
118
130
131
132
144
143
142
141
140
139
138
137
136
124
112
100
99
87
88
89
101
102
114
115
127
128
116
104
105
117
129
128
129
130
131
132
144
143
142
141
140
139
138
126
127
115
116
104
103
91
92
80
79
67
68
69
57
56
55
54
42
43
44
32
33
34
46
58
59
71
83
95
107
119
120
108
96
84
72
60
48
47
35
36
24
12
11
23
22
10
9
21
20
8
7
19
18
6
5
17
16
4
3
2
14
15
27
28
29
41
53
65
66
78
90
89
77
76
75
74
62
63
64
52
51
50
38
37
49
61
73
85
86
98
97
109
110
122
121
133
134
135
123
111
112
113
125
124
33
71
1
24
18
111
131
138
84
36
48
22
135
77
63
60
136
5
74
57
23
105
21
53
20
113
80
97
95
27
133
42
124
100
4
118
12
139
12
107
128
121
15
121
44
120
84
85
52
101
15
114
75
5
106
75
127
28
31
111
98
11
85
55
112
23
40
7
72
129
117
3
82
123
1
124
8
58
39
24
126
8
27
94
62
92
50
131
61
37
64
9
68
86
74
115
79
134
71
119
72
103
132
34
89
10
76
92
94
45
43
107
106
73
48
99
33
56
97
88
65
30
142
101
11
59
57
3
46
142
102
105
26
140
38
54
6
32
137
63
112
108
122
52
25
119
143
46
16
78
29
139
67
81
100
65
49
37
17
16
13
70
98
83
68
110
135
109
41
77
76
47
87
59
134
14
73
114
141
96
140
78
17
22
109
69
137
93
116
120
102
125
58
44
35
53
43
38
103
66
10
19
122
118
20
89
104
81
88
143
34
90
90
26
117
42
30
32
54
41
55
130
144
25
6
138
130
18
51
19
49
60
50
28
133
64
14
61
13
132
80
7
40
91
31
86
144
62
141
36
82
83
9
79
4
126
96
99
21
136
125
113
128
45
51
108
70
110
47
67
87
104
39
95
115
93
116
35
66
69
2
91
56
129
127
29
123
2
23
35
137
11
128
68
29
42
69
21
52
130
78
11
93
38
74
10
65
44
6
6
1
63
3
108
12
141
2
125
78
133
140
141
74
42
79
142
116
104
20
62
75
54
32
116
90
64
87
126
24
123
105
59
136
56
122
19
49
86
32
21
5
82
15
31
9
48
120
24
97
124
129
29
68
81
134
36
111
123
106
134
60
83
122
110
28
105
127
57
19
31
4
9
43
52
121
59
36
40
67
124
132
25
38
46
101
107
41
43
61
115
1
127
15
100
81
18
69
101
85
112
91
7
96
14
7
121
70
22
80
30
83
72
108
26
120
66
41
47
23
37
50
86
89
143
13
79
4
113
99
49
70
16
39
12
45
51
118
65
25
119
14
47
76
99
8
135
34
51
27
77
53
71
102
2
16
89
103
139
85
140
45
90
30
119
58
18
44
80
61
33
22
98
63
128
112
117
73
97
96
62
10
34
91
46
136
129
94
131
135
106
93
92
111
57
20
17
137
73
8
126
55
58
94
114
5
115
82
102
35
64
48
66
130
144
37
54
56
84
55
118
27
88
139
95
103
132
117
75
53
109
84
67
138
39
28
3
13
113
98
114
138
26
110
17
50
131
143
92
76
33
142
109
77
100
107
104
144
72
60
95
125
87
71
88
40
133
12
11
10
22
34
46
47
59
71
83
84
72
60
48
36
35
23
24
36
48
60
72
71
70
58
57
69
68
80
79
91
90
89
77
65
66
67
55
43
31
30
29
17
18
6
5
4
3
15
27
28
16
4
5
6
7
8
9
21
33
32
20
19
31
32
44
45
57
56
68
67
79
78
90
102
103
104
105
93
94
95
107
106
118
119
131
130
129
141
140
128
116
115
127
139
138
126
125
113
101
100
112
111
110
109
121
133
134
122
123
135
136
137
138
139
140
141
142
143
144
132
120
108
96
84
83
82
81
80
92
91
103
102
114
113
101
100
99
98
86
74
75
87
88
76
64
63
62
61
49
50
51
52
53
54
42
41
40
39
38
26
14
2
1
13
25
37
49
61
73
85
73
74
62
63
51
50
38
37
25
26
14
13
1
2
3
15
16
28
27
39
40
41
29
17
18
30
42
43
44
56
55
54
53
52
64
65
66
78
77
89
88
76
75
87
86
85
97
109
97
98
99
111
110
122
121
133
134
135
123
124
112
124
136
137
125
126
114
115
127
128
129
117
118
119
131
130
142
143
144
132
120
108
96
95
107
106
105
117
116
104
92
93
94
82
81
69
70
58
46
45
33
34
22
21
20
19
7
8
9
10
11
12
24
23
35
47
59
133
121
109
110
122
123
135
134
133
121
109
97
85
73
61
49
37
25
26
27
15
3
4
5
6
7
8
20
21
9
10
22
23
24
36
48
47
35
34
33
32
31
19
18
30
42
43
44
56
68
69
81
80
79
67
55
54
66
78
77
76
88
87
86
98
99
111
112
113
125
137
136
124
112
100
101
102
103
91
90
89
101
100
88
89
90
78
77
65
53
41
29
17
16
28
40
52
64
63
51
39
38
50
62
74
75
63
51
52
40
41
29
30
42
43
44
45
57
58
46
34
33
45
57
69
70
82
94
93
92
104
105
117
118
106
107
119
131
130
129
141
142
143
144
132
120
108
96
95
83
71
59
60
72
84
96
108
107
106
118
117
116
128
140
139
138
126
127
115
114
113
125
124
123
111
99
87
75
76
64
65
53
54
66
67
79
91
103
102
114
126
127
115
116
128
129
130
131
119
120
132
144
143
142
141
140
139
138
137
136
135
134
122
110
98
97
85
86
74
73
61
62
50
49
37
25
26
38
39
27
28
16
15
14
2
14
13
1
13
1
2
3
4
5
17
18
6
7
19
31
32
20
8
9
21
22
10
11
12
24
12
11
23
35
36
48
47
46
58
70
71
59
60
72
84
83
95
94
82
81
93
105
104
92
80
68
56
55
