##Rat 7 Day 42
 ##rewards
62
51
129
##Vertices
91
47
38
90
135
66
125
60
91
118
94
112
36
28
144
136
56
129
88
5
30
133
25
122
99
58
82
130
105
104
113
89
92
117
46
71
39
74
125
112
119
135
78
141
42
52
121
128
73
119
131
62
93
129
53
11
66
99
138
55
124
73
35
41
111
123
55
69
64
43
46
47
144
72
39
7
30
8
85
65
126
11
33
49
23
31
57
82
133
127
109
26
132
89
142
80
22
101
31
27
108
98
80
12
14
32
140
41
60
92
34
43
36
18
32
28
103
37
103
95
48
26
120
9
88
10
4
1
33
108
40
95
27
139
63
15
136
142
76
16
140
61
16
111
94
8
29
123
124
117
3
1
22
59
69
67
109
87
58
121
6
79
106
9
116
75
120
24
40
114
107
132
110
10
128
12
17
37
53
2
126
54
29
68
134
50
17
61
25
81
34
122
77
93
131
104
21
84
127
96
18
110
113
14
106
98
79
115
4
96
20
71
85
44
101
3
57
19
45
35
118
7
13
77
20
81
97
70
105
50
138
38
143
62
115
137
116
143
51
86
87
74
86
83
76
102
141
137
23
52
19
63
102
78
64
2
130
24
48
59
67
15
100
68
13
45
70
139
90
134
5
56
54
51
97
114
83
42
100
72
44
65
107
75
21
84
6
49
106
28
111
137
68
55
93
26
47
85
19
117
24
73
29
116
135
139
42
140
9
3
88
81
74
29
120
109
133
89
77
38
19
20
10
64
118
44
119
140
51
79
127
76
23
139
53
141
44
41
17
102
52
99
14
128
60
125
15
25
32
123
102
49
68
136
56
7
70
124
39
32
43
137
67
45
62
42
52
86
54
13
8
22
142
73
11
93
15
57
127
113
25
50
105
126
53
105
135
12
96
72
91
84
138
103
121
143
87
129
31
66
40
24
98
120
69
2
62
61
112
18
17
38
130
4
117
13
22
99
131
64
70
37
131
1
45
75
9
94
27
46
88
36
92
144
78
143
2
58
129
5
47
69
141
26
138
115
59
97
132
82
109
12
83
50
96
16
126
28
63
142
122
60
71
34
56
5
37
85
40
63
39
59
80
133
65
66
100
101
100
114
111
122
119
86
65
113
30
92
77
1
90
112
35
116
80
114
3
36
90
110
49
130
89
82
81
14
41
123
118
11
121
134
75
94
16
51
79
134
18
107
21
57
128
4
98
101
110
74
34
87
144
33
48
91
103
104
31
43
7
48
46
71
61
23
136
84
72
95
58
124
78
83
27
8
10
6
76
125
106
108
55
67
132
107
20
30
35
97
54
108
33
104
115
21
95
6
144
143
142
130
131
119
120
108
107
106
105
93
94
82
70
71
83
95
96
84
72
60
48
36
35
23
24
12
11
10
9
8
20
32
33
21
22
34
46
45
44
56
57
69
68
67
55
43
31
19
18
30
29
41
42
54
66
65
53
52
40
28
27
15
3
2
1
13
14
26
25
37
49
61
73
74
62
63
75
87
88
76
77
78
79
80
81
93
92
91
90
89
101
102
114
115
103
104
116
128
127
126
125
113
112
124
136
135
123
111
110
122
121
133
134
135
136
137
138
139
140
141
129
117
118
106
94
82
81
80
68
69
70
58
59
47
48
36
35
34
33
32
31
30
29
17
5
4
16
28
27
39
38
50
51
63
64
76
75
87
99
100
88
89
90
102
101
100
99
98
97
85
86
98
86
85
73
74
62
61
49
37
25
13
1
2
3
4
5
6
7
19
20
21
22
23
24
12
11
10
9
8
7
6
18
17
16
15
14
26
38
50
51
39
40
52
64
65
77
78
79
67
66
54
53
41
42
43
55
56
44
45
57
58
46
47
59
60
72
71
83
84
96
95
107
119
118
117
105
104
92
91
103
115
116
128
127
126
114
113
112
111
110
109
97
109
121
133
134
122
123
124
125
137
138
139
140
141
129
130
142
143
144
132
131
132
120
108
133
121
109
110
122
123
135
136
124
112
100
101
113
114
115
127
126
125
137
138
139
140
141
142
130
131
143
144
132
120
108
96
95
94
106
107
119
118
117
105
93
92
104
103
91
79
80
81
82
83
71
70
58
57
69
68
67
55
56
44
45
46
34
35
36
24
12
11
23
22
10
9
8
7
6
18
19
31
30
29
41
42
54
66
78
90
102
101
89
77
65
53
52
64
63
75
76
88
87
86
74
62
50
51
39
38
37
25
26
27
15
14
2
1
13
25
37
49
61
73
85
97
98
99
111
112
113
114
102
90
91
103
115
116
128
129
141
142
130
118
106
94
82
70
58
59
60
48
47
46
34
33
21
20
32
31
43
42
30
29
28
40
41
53
65
64
52
40
28
16
4
5
17
16
17
5
6
18
19
7
8
9
10
11
12
24
36
48
60
72
84
83
95
107
119
131
143
144
132
120
108
96
84
72
71
59
47
35
23
22
21
20
32
33
45
44
43
55
54
66
78
79
67
68
56
57
69
81
80
92
93
105
104
116
117
129
128
140
139
127
126
138
137
125
124
123
111
99
100
88
89
77
76
75
87
86
74
62
63
51
39
27
15
3
4
3
2
1
13
14
26
38
50
49
61
73
85
97
98
110
109
121
133
134
122
134
135
136
40
139
48
76
138
17
43
134
83
32
38
33
9
118
19
28
82
100
126
77
71
98
136
68
17
94
73
89
83
70
96
139
105
58
19
73
33
32
51
10
86
53
11
47
117
50
141
6
80
114
37
111
7
6
55
54
122
125
85
39
102
28
99
134
121
63
37
56
93
67
23
142
133
65
45
70
77
130
34
86
103
78
16
26
62
60
142
103
123
101
60
31
15
105
31
49
64
46
14
25
46
41
18
114
47
42
89
21
97
30
128
140
48
15
120
87
59
12
49
30
34
111
2
110
99
113
8
131
88
131
106
69
45
66
39
13
35
4
96
112
127
68
29
133
9
10
20
125
88
97
7
110
66
12
108
61
120
115
91
107
127
138
144
16
98
126
38
137
85
79
52
78
90
64
137
84
36
59
143
23
62
4
128
22
91
11
56
116
51
95
112
82
5
106
121
135
3
117
80
124
43
22
54
26
3
67
2
75
74
132
1
129
79
123
57
104
100
143
95
72
102
25
116
75
41
53
35
24
141
27
81
118
21
71
132
14
140
122
52
8
108
58
76
18
29
87
92
101
55
130
50
27
144
129
113
115
24
1
92
72
42
107
40
94
65
136
109
93
5
57
44
119
135
74
61
36
63
119
90
44
69
20
124
109
104
13
81
84
136
144
130
94
114
129
43
131
111
25
123
137
87
29
9
113
116
28
95
119
8
143
133
21
20
140
65
23
103
105
59
125
22
87
14
80
19
35
110
102
135
95
78
128
27
104
102
30
64
31
28
119
142
138
56
120
55
10
81
78
70
99
44
1
38
103
98
140
115
8
127
41
116
59
106
37
76
74
12
34
118
18
15
16
97
64
110
46
45
77
122
81
36
76
127
7
131
117
141
42
77
5
62
89
82
51
27
12
7
38
31
73
93
129
98
97
53
92
57
35
139
72
6
68
89
72
57
132
5
19
83
80
124
6
82
100
15
52
88
85
141
41
104
68
29
39
133
66
33
34
120
26
52
2
101
73
49
67
138
122
4
128
32
66
112
94
86
11
111
139
61
1
26
60
126
108
135
126
109
58
22
33
60
123
11
48
143
69
88
69
36
17
24
54
63
132
65
42
63
125
100
4
70
106
113
32
40
86
115
56
117
43
55
71
79
137
3
67
109
13
18
90
84
10
91
46
17
47
99
50
144
75
84
134
24
83
39
20
40
134
23
121
61
112
71
108
107
37
75
85
3
9
45
25
54
2
14
16
30
53
90
107
118
114
96
62
48
74
92
51
58
124
49
13
136
47
44
142
91
130
101
93
105
96
79
50
21
121
12
11
10
22
23
35
36
48
47
46
45
57
58
70
82
83
71
59
60
72
84
96
108
120
119
131
132
144
143
142
141
140
128
116
117
129
130
118
106
105
104
92
93
81
80
79
91
103
115
127
126
114
113
101
102
90
78
77
89
88
100
112
111
123
135
134
133
121
122
110
109
97
85
73
61
62
74
75
63
51
52
64
65
66
67
68
69
57
56
55
54
53
41
42
30
31
43
44
32
20
19
18
17
29
28
16
4
3
15
27
26
14
13
1
2
3
4
5
6
7
8
9
21
33
34
46
58
70
69
68
80
81
82
94
95
107
108
120
119
118
117
116
115
114
113
125
137
136
124
112
111
99
98
86
87
75
76
64
63
51
39
40
52
53
54
42
41
40
39
38
37
49
50
38
50
49
61
62
74
73
85
97
109
121
133
134
135
136
137
138
139
127
128
129
130
131
132
144
143
142
141
140
139
138
126
125
124
123
122
110
98
86
87
99
100
88
76
77
65
66
67
79
78
90
89
101
102
103
91
92
104
105
93
94
106
107
95
96
84
83
71
72
60
59
47
35
34
33
45
44
56
55
43
31
32
20
19
18
30
29
28
27
26
25
37
25
13
1
2
14
15
16
17
5
6
7
8
9
21
22
10
11
12
24
23
24
36
48
1
13
25
37
49
50
38
26
14
2
3
15
27
28
40
52
53
65
64
76
88
87
75
74
73
85
86
98
97
109
121
122
123
124
136
137
125
113
101
89
90
102
103
91
79
67
68
80
81
69
57
56
44
43
55
54
66
78
77
89
101
100
99
111
110
109
97
85
73
61
62
63
51
39
40
41
29
30
42
41
29
17
5
4
16
28
27
39
51
52
64
76
88
100
112
113
114
115
127
128
129
141
142
130
118
117
116
104
92
93
105
106
94
95
107
108
120
119
131
132
144
143
142
141
140
139
138
126
114
102
103
104
92
93
105
106
94
82
70
71
83
84
72
60
48
47
59
58
46
34
22
21
20
32
33
45
44
32
31
19
7
8
9
10
11
12
24
23
35
36
48
47
35
36
24
12
11
23
22
10
9
21
33
34
46
45
57
56
68
69
70
58
59
60
72
71
83
82
81
80
79
91
90
78
77
65
53
54
66
67
55
43
42
30
31
19
20
8
7
6
18
17
18
6
5
4
16
15
3
2
1
13
14
26
25
37
38
50
49
61
62
63
75
74
86
98
110
122
121
133
134
133
134
135
123
135
136
137
138
139
140
128
129
130
131
143
144
132
120
108
96
84
96
95
107
119
118
117
116
115
127
126
125
124
112
111
99
87
97
141
5
102
75
117
20
50
46
35
61
40
55
80
81
87
78
80
138
88
7
65
41
54
133
70
98
39
68
95
44
57
41
94
139
100
62
108
101
103
76
129
108
130
142
3
85
20
63
15
118
10
144
100
116
121
17
65
115
16
72
2
133
67
124
79
85
62
82
87
55
22
28
27
52
69
28
90
143
38
135
58
44
40
105
112
47
72
47
128
131
50
63
21
114
97
114
116
134
49
13
26
9
83
66
71
19
51
127
125
73
91
7
27
92
110
89
10
144
46
25
128
8
23
34
23
124
86
136
127
98
24
14
105
13
6
142
109
3
45
110
45
56
53
37
91
82
113
123
77
69
57
4
22
111
143
119
99
121
99
52
36
74
11
96
60
102
29
117
141
6
48
101
88
76
21
78
31
12
67
29
25
81
112
15
33
104
86
79
103
71
66
56
68
43
137
30
77
54
125
26
36
58
53
24
4
18
59
140
94
64
84
136
31
39
140
89
131
106
51
19
9
32
120
64
122
129
130
118
33
5
137
48
123
12
109
126
107
138
18
1
122
84
61
83
132
119
92
43
126
42
42
37
96
95
35
32
111
11
139
113
17
75
1
93
60
49
70
106
34
134
120
16
59
30
132
135
74
107
93
2
115
73
90
14
38
104
8
28
5
73
91
56
62
116
8
62
70
66
129
24
57
37
90
77
86
123
110
75
58
102
119
47
9
22
102
36
100
104
126
33
38
10
105
101
81
72
97
139
98
63
21
39
11
128
42
51
54
124
61
2
115
69
54
48
96
28
78
27
89
7
61
64
104
120
51
142
108
31
120
29
87
11
2
50
41
55
59
14
95
4
133
46
9
24
141
130
23
70
137
74
65
17
20
133
101
53
134
7
52
72
98
116
135
92
44
131
134
76
138
93
59
103
111
19
43
88
45
40
68
71
12
118
106
1
132
83
117
69
103
73
128
144
34
65
94
18
67
3
22
67
143
132
105
79
80
141
125
85
78
30
32
115
140
25
122
90
14
42
47
35
117
23
57
45
15
37
26
46
143
16
50
88
80
109
136
127
82
81
6
27
119
20
53
30
76
77
106
39
118
140
138
19
48
136
92
93
123
26
94
43
35
112
74
60
83
129
3
4
95
126
55
44
109
121
56
31
71
64
84
124
34
130
89
137
21
63
86
25
85
113
111
68
1
79
13
38
75
58
29
40
16
91
13
36
82
5
100
121
135
12
96
8
97
60
49
142
127
15
113
87
110
99
52
131
32
33
108
84
66
10
107
18
49
99
144
6
41
112
114
122
139
107
125
114
17
144
143
142
141
140
128
129
117
118
106
105
104
103
102
114
113
101
89
90
78
77
65
64
76
75
63
62
61
73
85
86
74
75
87
88
100
112
124
125
137
136
135
134
133
121
122
110
109
97
98
99
111
123
135
136
137
138
126
127
115
116
117
118
130
131
119
120
108
96
84
83
82
94
93
92
80
79
91
90
89
88
87
99
100
101
102
103
104
105
106
107
95
96
84
72
71
70
69
68
56
44
32
33
45
46
47
48
36
24
23
22
34
35
36
48
60
59
58
57
45
33
21
9
8
7
19
31
43
55
54
53
52
51
50
49
37
25
13
1
2
3
4
16
17
5
6
18
30
42
41
40
28
29
41
40
39
27
15
14
26
38
39
27
28
29
30
42
54
66
67
55
56
68
67
66
65
53
52
51
63
64
76
77
78
79
91
92
93
94
95
83
82
81
80
81
69
57
58
70
71
72
60
59
47
46
34
35
23
22
10
11
12
24
12
11
10
9
8
20
21
20
32
44
43
31
19
7
6
18
17
5
4
16
15
3
2
1
13
14
26
25
37
38
50
49
61
62
74
73
85
86
98
97
109
121
133
134
122
110
111
123
124
112
113
125
126
114
115
116
128
127
139
138
139
140
141
129
130
142
143
131
119
107
108
120
132
144
132
1
13
25
26
27
28
16
17
18
19
7
6
5
4
3
15
14
2
3
4
5
6
18
30
29
41
42
54
55
67
68
80
92
91
90
78
66
65
64
63
75
87
86
74
73
85
97
109
110
111
99
98
97
85
73
61
49
37
38
39
51
50
62
63
51
52
40
41
53
54
66
67
79
80
81
69
57
45
44
32
20
21
33
34
22
23
35
47
48
60
59
58
70
71
72
84
83
95
94
93
105
106
118
130
142
143
144
132
131
119
120
108
96
84
72
60
48
36
24
12
11
10
9
8
7
19
31
43
55
56
68
69
81
82
94
93
105
117
129
128
127
115
116
104
103
102
114
126
138
137
125
113
101
89
77
76
88
100
112
124
123
122
121
133
134
135
136
137
138
139
140
139
127
126
114
113
125
124
136
135
123
122
134
133
121
109
110
98
99
111
112
100
88
87
86
74
75
76
64
52
53
65
77
89
101
102
90
78
79
91
92
104
103
115
116
128
140
141
142
141
129
117
118
130
131
143
144
132
120
119
107
106
107
108
96
95
83
82
70
71
59
47
46
34
22
23
35
36
24
12
11
10
9
8
20
21
33
45
46
58
57
56
44
32
31
43
42
30
29
28
40
39
27
26
38
50
62
61
49
37
25
13
1
2
14
15
16
17
