##Rat 5 Day 29
 ##rewards
74
87
21
##Vertices
1
2
14
26
25
37
49
61
73
85
97
109
110
98
99
100
88
89
101
113
114
126
138
139
140
128
129
141
142
130
131
143
144
132
120
108
107
106
105
93
92
104
116
117
118
119
120
108
96
95
94
82
81
80
79
91
103
102
90
78
77
76
64
63
75
87
86
74
62
50
51
52
40
28
29
17
5
6
18
19
7
8
20
21
9
10
11
23
35
36
48
60
72
84
83
71
59
47
46
45
44
43
31
32
33
34
22
10
9
8
7
6
5
4
3
15
16
28
27
39
38
37
49
50
51
63
64
65
66
67
55
54
42
30
18
19
20
21
22
34
33
32
31
43
44
56
57
58
70
69
68
80
79
78
77
76
88
100
112
111
123
122
134
135
136
124
125
137
138
139
127
126
125
137
136
124
123
135
134
133
121
133
121
122
110
109
97
85
73
61
62
74
75
87
86
98
99
111
112
113
101
89
90
102
114
115
127
128
140
141
129
117
116
115
103
91
92
104
105
106
118
130
142
143
144
132
131
119
107
95
96
84
72
71
83
82
94
93
81
69
70
58
59
60
48
36
24
12
11
12
24
23
35
47
46
45
57
56
68
67
55
54
66
65
53
41
40
39
38
26
27
15
14
13
25
13
1
2
3
4
16
17
29
30
42
41
53
52
144
132
120
119
131
130
142
141
129
117
105
104
116
115
114
126
127
128
140
139
138
137
136
135
123
122
134
133
121
109
97
85
86
87
99
98
110
111
112
100
88
89
101
102
90
78
77
76
75
74
62
63
51
52
64
65
66
54
53
41
40
39
27
26
25
13
1
2
14
15
3
4
5
6
7
19
18
30
31
32
44
43
55
67
79
91
103
104
92
80
68
56
57
69
70
82
81
93
94
95
83
71
59
58
46
47
48
36
35
34
22
23
11
12
24
36
48
60
72
84
96
108
107
106
118
117
116
115
103
91
90
102
114
113
125
124
136
135
123
111
99
87
75
63
51
50
49
37
38
39
27
28
16
17
29
30
42
43
31
32
33
45
44
56
68
69
57
45
33
21
9
8
20
21
20
8
7
19
18
6
5
4
3
2
1
13
25
37
49
61
73
74
86
98
110
122
134
133
121
109
97
85
73
61
62
50
38
26
14
15
16
17
29
28
40
41
42
54
55
67
79
78
66
65
53
52
64
76
77
89
88
100
101
113
112
124
125
137
138
126
127
139
140
128
129
130
118
106
105
93
92
80
81
82
94
95
83
71
70
58
46
34
22
10
9
10
11
12
24
23
35
47
59
60
72
84
96
108
107
119
120
132
144
143
131
143
142
141
47
135
129
99
44
39
72
51
143
137
62
26
70
130
137
70
95
61
3
64
107
68
136
35
59
27
98
121
79
60
100
54
111
53
6
16
102
23
85
86
69
89
5
95
23
33
127
69
76
89
6
46
105
76
117
67
142
45
44
22
120
91
66
74
36
105
52
54
37
110
52
72
122
128
119
65
66
90
27
18
135
118
41
114
133
106
124
103
125
114
92
53
26
81
118
40
17
58
115
56
18
12
97
7
15
58
109
2
39
132
78
34
94
64
38
15
1
132
63
87
30
41
133
113
113
115
108
82
31
35
126
138
37
103
101
56
121
119
83
2
97
48
4
79
45
71
30
86
144
47
104
71
20
43
13
81
102
92
7
11
84
32
46
24
49
36
43
141
62
14
8
96
88
80
22
83
28
123
49
42
9
78
131
4
112
32
5
93
60
63
128
101
126
110
67
75
21
38
116
19
51
10
12
57
19
100
65
3
80
16
127
28
106
124
136
123
59
139
142
84
138
31
140
11
25
109
134
55
111
57
9
13
85
29
10
20
143
96
8
14
93
73
77
21
1
34
33
82
125
141
140
73
122
50
87
129
94
61
24
131
90
42
117
75
139
48
98
134
74
40
144
130
25
55
108
120
91
50
104
99
88
112
107
77
17
68
29
116
97
47
117
133
119
75
16
134
126
124
27
46
15
1
2
118
53
63
58
46
54
7
101
65
127
59
131
54
114
142
124
76
56
114
103
52
17
44
143
84
99
83
111
49
47
37
4
31
142
129
62
117
141
138
132
73
16
132
94
139
69
108
30
100
23
125
19
1
68
95
92
129
86
22
89
140
45
51
78
35
109
97
61
57
41
94
32
55
121
68
100
88
11
116
77
98
72
34
109
64
14
7
4
127
81
110
77
67
83
120
29
41
123
61
96
38
50
37
79
12
12
101
82
63
111
44
8
22
9
23
3
133
60
85
74
125
3
29
88
10
102
110
106
112
21
98
27
80
107
91
86
70
26
50
106
130
35
81
10
136
74
66
113
103
139
89
38
25
90
13
112
53
48
20
65
42
131
24
5
28
144
107
39
56
26
113
115
36
138
73
64
66
79
5
119
82
105
30
134
19
137
62
59
60
48
128
72
123
36
18
120
87
8
21
33
85
104
118
69
96
136
93
143
71
28
45
17
137
122
122
108
31
55
40
104
25
18
128
34
9
102
99
141
52
75
11
40
43
121
58
49
130
95
32
78
76
39
84
43
15
70
80
24
126
6
13
33
135
14
20
51
71
6
42
115
57
135
91
93
92
87
67
116
140
105
144
90
2
12
24
23
22
34
35
36
48
60
59
71
72
84
83
82
94
95
96
108
107
106
118
130
131
119
120
132
144
143
142
141
140
128
127
115
116
104
105
93
81
80
68
67
55
56
57
69
70
58
46
45
33
21
20
8
9
10
11
12
24
36
35
47
46
45
44
32
31
43
42
30
18
17
5
6
7
19
31
30
29
41
40
28
27
26
14
15
16
4
3
2
1
13
25
37
38
50
49
61
73
85
86
74
62
63
75
76
88
100
112
111
110
109
97
98
99
87
75
63
51
39
40
52
64
65
53
54
66
78
79
91
103
102
90
89
77
76
88
87
99
111
123
122
121
133
134
135
136
137
138
139
140
141
129
117
105
106
94
93
92
104
103
115
114
126
125
113
101
100
112
124
125
124
123
122
121
133
134
135
136
137
138
139
127
126
114
113
101
102
90
89
77
78
66
65
64
52
53
54
55
43
42
41
29
28
27
39
51
50
62
74
86
98
110
109
97
85
73
61
49
37
38
26
25
13
1
2
14
15
3
4
16
17
5
6
18
19
7
8
20
21
9
10
11
23
22
34
33
32
44
56
68
67
79
91
92
80
81
82
83
71
70
69
57
58
59
47
48
60
72
84
96
95
107
108
120
119
131
132
144
143
142
130
118
117
116
128
129
133
134
135
136
124
125
137
138
139
140
141
142
143
144
132
131
119
120
108
107
106
105
93
92
104
103
115
114
102
90
78
77
76
64
63
75
87
86
98
99
111
110
122
121
109
97
85
73
61
49
50
38
37
25
13
1
2
3
4
16
15
14
26
27
28
40
41
53
54
55
43
42
30
29
17
18
19
20
21
9
8
7
6
5
4
3
15
27
39
51
52
40
39
51
63
62
74
75
76
88
100
101
89
90
91
79
80
68
67
66
65
77
89
88
87
99
100
112
113
101
102
114
126
127
128
116
117
129
130
118
106
94
95
96
84
83
71
72
60
59
47
48
36
35
23
24
12
11
10
22
34
33
32
44
45
57
69
81
82
70
58
46
34
33
45
44
56
57
69
81
93
94
95
96
84
72
71
83
82
70
58
46
47
59
60
48
36
35
23
24
12
11
10
22
21
9
8
20
32
31
43
31
30
18
19
7
6
5
17
16
28
29
41
42
54
53
52
64
65
66
78
79
67
55
56
68
80
92
91
103
115
127
126
125
113
112
111
123
124
123
122
110
98
86
74
62
50
38
26
14
2
1
13
25
37
49
61
73
85
97
109
121
133
134
135
136
137
138
139
140
128
129
141
142
130
131
143
144
132
120
108
107
119
118
117
105
104
116
140
144
112
13
112
47
119
83
41
108
34
139
51
131
50
66
54
142
82
12
92
127
52
142
2
15
133
115
135
26
21
25
19
102
69
36
67
57
34
12
128
140
101
85
50
78
52
49
139
30
51
8
37
131
35
38
119
141
88
94
115
77
6
138
29
123
20
57
90
116
88
109
4
3
89
27
92
84
136
39
32
2
75
113
36
117
108
31
106
117
122
99
83
104
44
95
73
32
56
118
124
22
43
53
86
89
49
31
20
9
118
61
8
62
87
70
124
97
141
24
48
86
24
103
69
122
54
94
60
1
134
3
100
5
136
143
63
29
58
9
105
14
127
4
25
16
78
45
30
107
33
48
71
96
101
91
95
91
121
21
28
80
65
23
67
114
113
72
63
129
14
55
72
33
107
82
110
77
75
109
103
16
1
7
35
79
59
106
41
46
81
81
26
66
5
40
80
65
138
93
132
64
123
53
27
125
46
143
114
45
132
58
43
71
111
90
55
60
130
22
11
18
100
125
110
98
44
61
102
73
62
97
133
128
98
129
111
120
40
17
38
116
134
10
121
96
37
11
104
87
137
135
56
39
76
68
18
74
76
68
126
99
42
79
42
10
137
28
17
126
70
15
105
19
130
120
23
47
13
6
144
93
7
74
59
84
85
64
122
119
14
39
18
103
123
121
67
110
94
23
35
108
101
129
45
29
141
1
114
34
130
38
57
78
48
131
140
13
20
57
51
11
1
89
4
2
76
63
29
63
39
58
9
61
108
92
135
22
28
78
73
105
36
96
31
98
60
65
58
6
40
32
142
79
33
5
12
90
38
10
80
143
97
128
133
34
69
85
119
15
9
73
14
62
93
126
8
77
55
75
2
62
8
115
71
99
22
110
128
47
97
124
143
82
53
118
127
17
136
37
86
114
24
18
102
56
33
100
131
19
26
101
120
71
70
20
134
77
47
60
16
95
43
103
41
107
66
50
112
79
3
86
91
28
83
89
5
113
87
75
88
121
27
81
132
105
136
122
17
140
64
126
25
32
44
42
81
95
36
19
16
64
106
113
85
52
21
127
66
99
132
134
144
67
76
49
12
104
87
117
42
138
13
93
59
51
56
37
130
84
50
54
120
144
88
41
91
83
7
48
11
30
65
102
55
30
46
72
3
100
49
10
138
25
45
133
115
59
112
90
104
139
106
142
53
24
44
31
54
125
15
46
70
7
111
137
69
98
80
74
107
27
26
96
23
40
82
43
94
35
72
139
4
116
111
116
68
137
109
125
6
84
124
61
68
123
141
52
74
118
109
21
92
117
129
135
133
121
109
97
98
86
85
73
61
49
37
25
13
1
2
14
15
3
4
16
28
40
41
53
52
64
63
75
76
77
78
90
102
103
115
114
113
125
124
112
111
123
122
134
135
136
137
138
139
140
128
129
141
142
143
144
132
120
108
107
119
131
130
118
106
105
93
92
80
68
69
81
82
94
95
83
71
59
47
48
60
72
84
96
108
120
119
118
117
116
104
105
117
116
115
127
126
114
102
101
100
88
89
77
65
66
54
55
67
79
91
90
89
101
113
112
100
99
87
88
76
75
74
62
50
51
39
38
26
27
28
29
17
5
6
18
19
7
8
20
21
9
10
22
23
11
12
24
36
35
34
46
58
57
45
44
43
42
30
31
32
33
34
46
45
57
56
44
43
42
41
29
17
5
6
7
19
18
30
31
32
33
21
20
8
9
10
22
23
11
12
24
36
35
47
48
60
59
58
70
69
70
82
83
71
72
84
96
95
107
106
94
93
81
80
92
104
103
91
79
78
66
67
68
56
55
54
53
65
64
63
62
74
86
87
99
111
110
98
110
122
123
124
125
126
127
128
129
130
131
132
144
143
142
141
140
139
138
137
136
135
134
133
121
109
97
85
73
61
49
50
38
37
25
26
14
13
1
2
3
4
16
15
27
39
40
52
51
1
13
25
26
27
28
16
17
18
19
7
6
5
4
3
15
14
2
3
4
5
6
18
30
29
41
42
54
55
67
68
80
92
91
90
78
66
65
64
63
75
87
86
74
73
85
97
109
110
111
99
98
97
85
73
61
49
37
38
39
51
50
62
63
51
52
40
41
53
54
66
67
79
80
81
69
57
45
44
32
20
21
33
34
22
23
35
47
48
60
59
58
70
71
72
84
83
95
94
93
105
106
118
130
142
143
144
132
131
119
120
108
96
84
72
60
48
36
24
12
11
10
9
8
7
19
31
43
55
56
68
69
81
82
94
93
105
117
129
128
127
115
116
104
103
102
114
126
138
137
125
113
101
89
77
76
88
100
112
124
123
122
121
133
134
135
136
137
138
139
140
139
127
126
114
113
125
124
136
135
123
122
134
133
121
109
110
98
99
111
112
100
88
87
86
74
75
76
64
52
53
65
77
89
101
102
90
78
79
91
92
104
103
115
116
128
140
141
142
141
129
117
118
130
131
143
144
132
120
119
107
106
107
108
96
95
83
82
70
71
59
47
46
34
22
23
35
36
24
12
11
10
9
8
20
21
33
45
46
58
57
56
44
32
31
43
42
30
29
28
40
39
27
26
38
50
62
61
49
37
25
13
1
2
14
15
16
17
105
27
94
7
11
24
90
43
25
129
123
60
9
78
31
94
68
122
102
119
5
124
134
113
39
73
111
92
75
16
35
19
80
60
36
26
47
142
105
100
104
50
126
33
4
64
20
3
133
30
56
135
88
72
141
114
136
107
45
15
112
109
103
66
132
99
36
141
87
88
59
21
95
57
48
82
135
106
144
6
122
91
89
85
109
118
79
62
117
93
58
77
96
137
89
67
15
14
74
25
70
35
81
45
112
96
32
127
82
5
93
90
3
22
71
53
1
139
19
8
28
116
7
41
76
110
63
142
98
16
24
120
123
137
65
46
4
50
83
86
43
92
1
39
106
85
44
102
101
46
33
56
11
99
51
31
70
17
66
113
29
124
51
61
44
133
54
52
121
10
34
138
14
101
67
83
34
2
131
128
8
115
30
80
71
129
143
23
41
125
18
130
40
55
117
119
108
103
23
17
134
114
68
10
121
59
139
120
38
87
12
52
131
100
65
13
84
75
27
132
37
49
29
20
32
47
69
18
130
126
125
22
72
37
21
98
42
97
57
116
13
48
97
9
55
38
53
61
107
77
40
110
140
95
111
79
115
73
6
127
81
12
78
76
42
104
143
136
54
64
118
74
128
63
26
91
144
138
49
84
58
2
140
69
108
62
28
86
129
43
131
116
40
8
47
46
51
82
81
144
3
93
110
26
51
100
58
74
125
64
66
97
27
86
129
28
57
109
14
107
95
134
30
58
80
62
70
99
25
9
30
63
48
37
4
97
127
91
6
69
47
2
77
130
33
123
52
137
110
113
140
121
41
118
126
29
10
24
39
105
111
71
139
65
25
117
31
46
31
36
67
116
114
99
93
14
13
68
78
67
61
86
42
136
16
78
4
76
19
84
118
23
28
29
55
132
15
75
16
137
133
79
128
121
143
53
106
57
109
133
131
50
22
26
124
80
107
38
112
60
18
130
49
59
5
96
122
87
7
142
92
76
85
115
114
7
104
123
122
135
144
8
105
11
5
21
87
71
44
124
128
101
75
101
41
40
54
72
22
85
24
98
1
56
56
32
112
69
61
17
100
102
49
65
36
11
12
12
132
142
20
59
138
95
135
89
73
48
32
84
119
136
9
138
15
3
35
17
55
23
113
64
27
91
143
92
33
89
54
88
82
103
70
94
90
96
81
39
139
43
98
117
60
88
90
44
77
126
34
20
62
120
74
108
63
66
120
53
104
103
141
141
125
21
2
73
115
18
38
83
35
111
34
42
102
1
119
45
106
83
127
140
94
52
10
79
72
50
108
37
13
6
45
134
68
19
