##Rat 5 Day 2
 ##rewards
74
87
21
##Vertices
3
38
36
32
34
136
114
72
100
75
133
78
69
95
84
21
50
41
27
77
117
72
142
66
91
92
20
5
12
41
100
16
113
141
38
33
54
138
12
88
28
14
140
34
44
61
7
39
122
32
143
97
13
86
126
105
80
64
27
44
23
109
143
83
65
59
87
125
65
132
76
99
109
13
108
54
87
81
122
35
40
23
30
26
128
5
126
4
99
132
85
56
84
47
49
135
110
75
106
9
139
60
4
117
113
58
10
123
19
124
105
90
43
94
1
86
46
141
89
31
51
10
144
88
71
98
76
83
133
22
36
82
2
43
57
120
107
130
15
33
11
6
63
53
68
93
79
128
127
129
31
94
144
39
111
127
106
6
135
24
142
107
16
40
102
37
24
137
58
45
71
140
112
25
104
62
119
95
50
116
42
131
18
21
52
28
139
18
103
67
57
55
69
110
37
98
22
25
53
66
137
11
130
20
101
46
138
118
49
67
15
3
125
78
79
115
68
123
96
85
120
121
103
82
2
62
119
74
47
116
7
30
70
35
81
19
8
26
70
14
56
134
17
93
115
134
73
112
42
9
136
52
102
17
104
90
61
92
29
124
1
64
59
73
80
51
63
121
118
48
96
55
29
101
45
60
48
77
114
131
89
97
8
111
129
91
74
108
86
77
85
144
141
138
48
92
81
5
43
138
70
99
108
121
37
69
3
140
20
83
86
110
109
143
120
123
144
116
17
115
50
117
27
6
60
91
128
4
23
48
3
123
50
6
90
79
52
37
74
89
93
53
137
12
16
18
118
26
57
25
106
53
58
90
10
68
101
106
108
110
47
122
88
39
9
8
91
25
1
107
51
56
38
33
7
58
45
127
56
103
45
39
75
65
2
44
61
47
71
67
96
63
2
102
83
105
82
81
93
27
31
122
109
10
1
89
77
100
55
65
17
101
130
130
29
49
111
62
59
132
52
24
69
120
11
133
40
67
71
33
38
21
8
13
114
62
19
30
112
13
70
129
134
139
20
36
72
107
115
85
102
129
119
15
142
54
36
97
104
80
59
113
111
135
84
55
142
112
19
51
42
31
84
75
78
95
92
14
87
124
94
30
73
131
74
137
134
28
143
61
29
99
9
57
43
4
141
82
105
139
131
64
44
133
135
14
46
64
41
73
12
16
100
34
15
7
117
76
22
114
5
94
104
32
136
97
127
78
21
60
132
41
35
40
136
34
54
23
42
11
121
125
98
126
18
66
124
46
95
24
98
28
116
72
128
66
76
140
80
68
118
125
63
126
103
87
49
35
119
113
96
88
32
79
26
22
12
11
23
35
36
24
12
11
10
22
21
20
32
44
43
55
67
66
65
64
63
51
52
40
39
38
50
49
61
62
74
73
85
86
98
99
111
110
109
97
85
73
61
49
37
25
26
14
13
1
2
3
15
27
28
16
4
5
6
18
30
31
19
7
8
9
10
22
34
33
45
57
69
81
93
92
91
79
80
68
56
57
58
46
47
48
60
72
71
83
84
96
95
107
119
120
108
96
84
72
60
59
71
70
82
94
106
105
104
103
115
127
128
140
139
138
137
125
113
112
124
136
135
134
122
123
111
112
100
101
89
90
102
114
126
138
139
140
141
129
130
131
132
144
143
142
141
129
117
116
104
103
91
92
80
68
56
55
54
53
41
29
17
5
4
16
28
40
52
64
76
77
78
79
67
66
78
90
102
101
113
114
115
116
128
127
126
125
137
136
124
123
135
134
133
121
133
121
122
110
109
97
98
99
87
86
74
62
50
38
37
25
26
14
13
1
2
3
15
27
39
51
63
75
87
75
76
88
100
88
89
77
65
53
54
42
43
44
32
31
30
42
41
29
17
18
6
7
19
20
8
9
21
33
45
46
34
35
23
24
36
48
47
59
58
70
69
81
82
94
93
105
117
118
106
118
119
131
130
142
143
144
132
120
108
107
95
83
133
134
122
110
109
121
133
134
135
123
124
125
113
101
102
90
78
79
80
81
82
94
93
105
106
107
95
96
84
83
71
72
60
59
47
46
34
35
36
48
60
72
84
96
108
120
119
131
132
144
143
142
130
118
117
129
141
140
139
127
115
114
126
138
137
136
135
123
111
112
100
88
76
64
52
53
54
66
65
77
89
88
87
99
98
97
85
73
74
62
61
49
50
38
26
25
37
49
61
73
85
86
74
75
63
51
39
40
41
42
30
18
17
5
6
7
8
20
32
33
21
9
10
11
23
22
34
33
45
44
56
55
43
31
19
7
6
5
4
16
15
14
13
1
2
3
4
16
28
29
41
42
54
53
65
77
89
90
91
92
104
116
128
140
141
129
117
105
93
81
69
68
67
66
78
79
67
55
43
44
32
31
30
29
17
18
19
20
8
9
21
22
10
11
12
24
12
24
23
35
36
48
47
46
58
59
71
83
95
107
108
120
119
131
132
144
143
142
130
118
106
94
82
70
58
70
69
57
45
57
56
68
80
92
91
103
102
101
113
114
115
103
104
116
128
127
139
138
126
125
137
136
124
112
100
99
111
110
122
121
109
97
98
86
87
75
76
64
63
51
52
40
28
27
39
27
26
14
15
3
2
1
13
25
37
38
50
62
36
27
105
16
64
102
57
107
59
5
108
30
65
34
61
84
4
49
129
95
87
89
41
97
57
115
133
26
22
122
94
28
15
139
60
80
46
15
89
26
127
119
121
68
40
11
32
74
34
96
93
18
118
21
25
76
82
67
56
123
30
18
72
79
22
128
10
138
75
43
98
73
77
102
49
46
65
42
143
66
99
39
7
8
45
114
53
47
142
33
85
92
44
91
130
125
86
113
134
106
33
14
126
60
8
78
93
109
85
130
38
13
116
112
53
12
9
19
12
118
113
92
38
71
133
59
37
13
62
79
6
114
140
48
17
27
122
1
40
139
105
116
124
108
70
48
121
87
42
31
3
90
55
81
55
69
109
71
135
72
52
128
54
140
117
66
100
101
4
67
111
9
90
110
136
88
104
28
103
132
88
91
23
68
50
74
104
24
24
111
100
5
81
41
39
131
16
54
94
127
50
124
83
84
19
14
7
43
125
63
120
10
144
17
25
11
58
62
2
137
20
52
64
132
95
20
69
70
123
29
97
37
96
135
58
86
131
143
115
110
2
142
44
136
29
35
23
107
73
75
47
51
45
35
134
78
119
106
117
61
144
32
80
77
76
120
1
51
21
137
112
126
98
63
129
6
56
99
36
31
141
82
103
3
101
141
138
83
112
139
85
99
142
69
52
121
12
56
43
22
120
48
49
46
144
108
106
134
26
30
42
132
35
58
97
74
2
109
42
94
67
72
116
26
75
30
80
102
58
50
80
73
1
115
48
137
54
136
87
31
27
126
138
61
4
44
92
122
82
139
127
137
101
94
103
79
97
119
68
133
38
7
23
28
36
104
23
98
15
6
64
63
75
141
96
17
61
60
134
51
112
73
111
95
7
70
142
15
56
70
40
59
95
115
37
79
93
41
32
131
86
19
21
16
10
29
76
117
78
60
141
125
66
12
51
36
100
2
44
129
129
130
4
38
88
1
118
35
135
31
109
71
91
90
68
140
53
63
3
71
33
39
50
108
125
124
29
99
136
87
82
126
103
54
55
13
86
89
113
114
92
107
124
66
128
107
69
76
106
83
9
13
25
127
128
14
114
3
57
24
45
9
5
8
17
67
22
119
83
18
16
57
8
120
24
96
21
84
138
78
81
140
121
85
52
111
18
105
81
123
20
77
74
20
65
100
93
113
59
105
6
90
62
122
43
41
33
25
143
11
37
135
62
77
89
10
133
117
116
27
143
110
34
45
28
55
49
14
19
98
40
104
39
64
47
84
102
88
65
47
34
53
131
110
123
130
144
5
91
11
118
72
132
46
101
32
1
13
14
15
3
4
5
6
18
30
42
54
55
67
68
56
57
58
70
69
81
80
79
91
92
104
116
115
127
139
138
137
136
135
123
111
99
87
86
85
97
98
110
122
121
133
134
135
136
124
125
126
114
102
103
104
105
117
118
106
107
95
83
71
72
84
96
108
120
119
131
132
144
143
142
141
140
128
129
130
118
117
116
115
103
102
101
113
112
100
88
76
77
65
66
78
90
89
101
100
88
87
75
63
51
50
62
74
73
61
49
37
38
26
25
37
49
50
51
39
27
28
29
17
16
4
5
6
7
19
31
43
44
45
33
34
22
10
9
21
20
8
9
10
11
12
24
23
35
36
48
60
59
47
46
58
70
82
94
93
81
69
57
56
68
67
66
65
64
52
40
41
40
52
53
41
53
54
55
43
42
30
29
28
27
39
38
26
25
13
14
2
1
2
3
15
16
17
18
19
7
8
20
32
31
32
44
45
33
21
22
23
11
12
24
36
35
34
46
47
48
60
59
71
72
84
96
95
83
82
94
93
105
106
107
108
120
119
131
132
144
143
142
130
129
141
140
128
127
139
138
137
125
126
114
113
112
124
123
122
134
133
121
109
97
109
110
111
99
98
86
85
73
61
62
74
75
63
64
76
77
78
79
80
92
91
90
89
144
143
142
141
140
128
129
130
131
132
120
119
118
106
105
104
92
91
103
102
101
113
114
126
138
137
125
124
136
135
134
122
110
98
97
85
86
87
88
89
77
76
64
65
66
67
55
54
42
43
44
56
57
69
68
80
79
78
90
89
88
100
112
111
123
135
136
137
138
139
127
115
116
117
105
93
94
82
81
93
94
95
96
108
107
106
118
117
116
104
103
102
101
100
99
87
75
63
62
50
38
37
25
26
27
39
51
52
53
41
40
28
29
17
16
4
3
15
14
2
1
13
25
37
49
61
73
74
75
76
64
52
53
41
40
28
29
30
31
19
18
6
7
8
9
21
20
32
33
34
35
47
59
58
46
45
57
58
70
71
72
60
48
36
24
12
11
23
22
10
9
21
22
10
11
12
24
23
35
36
48
47
46
34
33
45
44
56
55
43
31
32
20
8
7
19
18
30
42
54
66
65
77
78
90
91
92
80
79
67
68
69
81
82
70
71
59
60
72
84
83
95
83
84
96
108
107
119
120
132
144
143
131
130
142
141
129
128
140
139
127
115
114
126
125
124
123
122
134
133
121
133
121
109
110
109
97
85
73
61
49
50
38
26
14
13
1
2
3
4
5
6
5
17
16
15
27
39
51
63
62
74
86
98
99
111
112
113
57
142
131
29
134
99
117
61
50
100
82
55
28
9
36
140
73
121
82
65
114
102
45
12
93
6
21
18
47
5
95
61
67
140
119
79
69
142
138
105
73
120
15
76
84
80
7
11
2
60
91
116
137
116
126
131
119
130
56
19
90
9
132
87
118
98
141
94
59
71
97
110
66
16
83
53
120
125
27
58
64
128
45
21
37
112
135
23
107
14
4
112
39
35
51
6
65
129
99
59
48
96
124
108
17
52
92
78
130
111
94
26
139
101
34
8
88
25
8
101
123
89
86
118
3
48
108
115
104
13
68
43
49
138
55
123
106
113
28
136
135
57
78
137
62
144
109
7
80
22
127
134
46
144
31
41
77
132
33
3
133
74
12
23
85
31
33
41
81
32
89
32
38
46
113
84
77
40
75
70
54
136
90
69
54
11
15
72
60
88
104
127
42
40
129
102
51
125
56
47
63
42
109
18
4
20
105
58
66
106
24
95
1
26
93
103
79
121
2
91
30
110
34
13
1
141
143
117
16
126
43
128
107
50
49
17
100
143
122
19
83
81
52
14
75
98
87
74
53
96
111
35
20
27
38
71
5
67
30
70
24
44
62
68
37
44
133
22
97
29
25
92
114
72
86
122
124
10
103
63
76
36
85
39
115
64
10
139
132
108
8
29
40
67
110
74
39
64
95
54
131
17
78
102
109
29
66
50
110
25
85
61
105
135
104
139
27
144
84
66
9
10
129
53
97
52
85
51
15
116
144
106
86
11
46
79
70
41
124
70
98
95
93
13
67
12
63
111
58
142
83
56
8
92
75
87
90
25
118
137
101
94
64
1
18
20
137
133
135
69
14
73
82
80
120
7
132
50
116
12
34
55
71
96
76
35
136
98
77
16
54
65
105
89
42
92
88
94
39
53
26
22
69
78
99
19
40
19
4
14
141
24
129
6
124
75
138
123
128
100
45
130
138
130
108
47
9
136
6
21
36
111
117
41
11
91
131
103
106
3
36
58
18
23
79
47
104
73
37
89
57
115
1
114
88
134
2
33
128
51
30
122
86
46
5
97
80
57
26
38
140
74
38
115
21
134
118
120
34
15
20
76
30
49
84
117
107
121
122
68
81
28
2
44
62
24
52
49
59
119
91
17
141
10
16
68
112
113
4
5
143
90
109
32
100
72
140
87
139
31
7
43
44
48
37
103
22
112
72
126
107
28
33
32
55
127
82
101
31
142
99
93
60
113
143
45
127
125
62
125
119
133
43
102
121
60
96
42
61
77
23
71
56
81
27
13
3
65
59
63
114
48
35
123
126
83
1
13
25
26
27
28
16
17
18
19
7
6
5
4
3
15
14
2
3
4
5
6
18
30
29
41
42
54
55
67
68
80
92
91
90
78
66
65
64
63
75
87
86
74
73
85
97
109
110
111
99
98
97
85
73
61
49
37
38
39
51
50
62
63
51
52
40
41
53
54
66
67
79
80
81
69
57
45
44
32
20
21
33
34
22
23
35
47
48
60
59
58
70
71
72
84
83
95
94
93
105
106
118
130
142
143
144
132
131
119
120
108
96
84
72
60
48
36
24
12
11
10
9
8
7
19
31
43
55
56
68
69
81
82
94
93
105
117
129
128
127
115
116
104
103
102
114
126
138
137
125
113
101
89
77
76
88
100
112
124
123
122
121
133
134
135
136
137
138
139
140
139
127
126
114
113
125
124
136
135
123
122
134
133
121
109
110
98
99
111
112
100
88
87
86
74
75
76
64
52
53
65
77
89
101
102
90
78
79
91
92
104
103
115
116
128
140
141
142
141
129
117
118
130
131
143
144
132
120
119
107
106
107
108
96
95
83
82
70
71
59
47
46
34
22
23
35
36
24
12
11
10
9
8
20
21
33
45
46
58
57
56
44
32
31
43
42
30
29
28
40
39
27
26
38
50
62
61
49
37
25
13
1
2
14
15
16
17
144
132
120
108
96
95
107
106
118
117
105
93
81
69
70
58
57
56
68
67
55
54
42
43
31
30
18
6
7
8
20
19
31
32
44
45
46
47
59
60
48
36
24
12
11
23
22
10
9
21
33
34
35
36
48
60
72
71
83
82
94
106
118
119
131
130
142
141
140
139
127
115
116
104
92
91
79
80
68
56
44
32
33
45
57
69
81
93
105
117
129
128
140
139
138
126
114
102
90
89
88
87
99
100
112
124
136
135
134
122
110
111
123
135
136
137
125
113
101
100
99
98
97
85
73
74
75
76
77
65
53
41
29
17
5
4
3
2
1
13
25
37
38
50
49
61
62
63
64
52
40
39
51
52
40
28
27
26
14
15
16
28
27
39
51
63
64
65
66
78
77
89
90
78
66
54
53
41
29
30
42
43
55
67
79
80
92
104
116
128
127
115
103
91
103
102
101
113
114
126
138
137
125
124
112
111
123
122
110
109
121
133
134
133
121
109
97
85
86
98
86
87
88
76
75
74
73
61
62
50
49
37
38
26
25
13
1
2
14
15
3
4
16
17
5
6
18
19
7
8
20
21
9
10
11
12
24
23
22
34
35
47
46
58
59
71
70
82
94
95
83
84
72
84
96
108
107
119
120
132
131
130
129
141
142
143
144
143
