##Rat 3 Day 17
 ##rewards
127
116
38
##Vertices
144
143
142
130
118
106
107
95
83
71
72
84
96
108
120
119
131
132
120
108
96
84
83
82
94
93
81
80
68
67
55
54
53
65
77
78
79
91
103
115
114
113
125
126
138
137
136
135
123
111
112
124
136
137
138
139
140
141
129
117
116
128
127
115
116
104
105
93
92
80
79
67
66
54
42
43
44
45
57
58
59
47
46
34
35
23
22
21
9
8
20
32
31
19
7
6
18
17
29
41
40
28
27
26
25
13
1
2
14
15
3
4
5
6
7
8
9
10
11
12
24
36
48
60
72
71
70
69
68
56
55
43
42
30
29
41
40
39
38
50
62
63
51
52
64
76
75
74
73
85
86
87
88
89
90
102
101
100
99
98
110
122
134
133
121
109
97
85
73
61
49
61
62
74
75
87
86
98
97
109
110
122
121
133
134
135
123
124
112
111
99
100
101
113
125
126
114
102
103
104
92
91
90
89
88
76
77
78
66
65
53
52
64
63
51
50
49
37
25
37
38
39
27
26
14
13
1
2
3
15
16
28
16
4
5
17
18
30
31
19
20
21
33
34
35
23
22
10
11
12
24
36
48
60
59
47
46
45
33
32
44
56
57
58
70
69
81
82
94
106
105
117
118
130
129
128
127
139
140
141
142
143
144
132
131
119
107
95
133
134
135
123
111
99
98
86
74
62
61
73
85
97
109
110
122
121
109
97
85
73
74
75
87
88
76
77
65
66
54
55
56
68
80
79
78
90
102
114
115
116
128
127
139
140
141
142
130
118
117
129
141
140
139
138
137
136
124
112
113
125
126
114
113
101
100
88
89
77
78
66
67
55
43
42
41
40
52
51
50
38
39
27
26
14
15
16
4
5
17
29
30
18
6
7
19
20
32
44
45
33
34
35
36
24
12
11
23
22
10
9
8
7
6
5
4
3
2
1
13
25
37
49
61
62
63
64
65
53
54
42
43
31
32
44
45
46
47
59
71
70
58
57
69
81
82
83
84
96
95
94
93
92
91
103
104
105
106
107
119
131
143
144
132
120
108
96
84
72
60
72
71
83
82
94
95
107
108
120
119
131
132
144
143
142
130
129
117
118
106
105
104
116
128
127
115
103
102
101
89
90
91
92
93
81
80
79
67
68
56
57
69
70
58
59
60
48
36
48
47
46
34
35
23
24
12
11
10
22
21
33
21
9
8
20
19
31
30
18
17
16
28
27
26
14
15
3
2
1
13
25
37
49
50
38
39
40
28
29
41
53
52
51
63
64
76
75
87
99
100
112
111
123
124
125
126
138
137
136
135
134
133
121
122
110
98
86
9
19
105
108
17
18
18
96
68
79
2
73
49
114
33
78
71
26
121
10
41
5
84
127
144
97
98
69
45
60
1
128
19
140
133
5
44
14
134
64
67
130
104
107
56
8
121
6
72
132
75
39
122
111
29
97
43
11
53
12
128
7
30
67
46
77
59
38
27
4
77
16
47
109
138
129
82
110
113
91
119
48
50
117
52
53
118
13
2
25
130
122
107
47
22
111
86
63
34
99
125
32
104
42
31
95
21
131
83
83
10
45
123
54
109
51
55
143
66
7
113
55
35
68
92
65
105
99
84
8
29
134
124
116
93
21
71
119
20
112
36
14
39
17
73
106
135
62
103
76
120
141
98
141
82
76
79
88
120
80
57
35
25
13
87
58
65
116
70
22
3
40
24
136
43
42
108
125
26
140
59
138
20
37
89
44
51
70
3
93
101
64
36
23
46
41
133
85
137
60
15
91
89
95
6
115
136
80
61
69
78
1
15
72
127
11
38
112
86
27
142
102
103
96
16
32
123
49
74
23
117
102
139
28
90
12
110
9
81
132
92
88
115
87
24
31
40
62
106
52
126
54
124
66
57
30
90
139
135
48
143
74
56
63
114
94
4
58
100
101
131
129
137
100
94
126
142
85
37
28
144
34
61
50
75
118
33
81
43
43
135
132
34
76
87
56
131
54
135
121
94
102
60
134
11
15
132
79
66
84
99
89
62
121
111
48
67
103
72
100
5
44
25
55
97
87
37
46
27
130
47
74
28
107
10
136
109
86
95
120
37
58
7
86
88
14
1
136
138
75
77
59
10
21
45
116
2
49
40
127
73
26
19
39
110
27
51
123
112
93
108
78
52
30
95
80
74
109
12
52
49
82
12
133
137
6
75
71
104
101
128
11
108
78
25
107
64
8
57
17
125
14
4
71
53
4
122
102
91
124
40
64
38
92
41
13
90
73
31
35
45
93
70
31
3
59
70
38
30
138
115
101
129
96
80
118
22
29
97
33
106
68
83
15
144
61
48
61
143
98
99
100
139
69
110
53
124
91
81
22
20
140
18
56
94
105
126
34
55
51
115
1
122
13
103
33
134
126
9
106
123
24
62
44
113
65
129
118
92
117
128
5
7
111
20
32
125
143
112
36
81
47
42
24
82
21
26
18
137
141
39
142
66
96
77
8
3
36
127
50
65
90
6
28
57
72
116
23
9
50
69
32
139
54
63
105
79
88
42
46
89
68
16
117
67
58
133
41
140
142
104
119
119
141
2
144
114
85
63
19
131
35
114
76
84
17
113
60
83
29
98
16
130
120
23
85
1
2
3
4
16
17
5
6
7
8
9
10
11
12
24
23
35
36
48
47
46
45
57
56
44
43
31
30
42
54
66
65
64
76
75
63
51
50
38
39
27
26
14
13
25
37
49
61
73
85
86
98
97
109
121
133
134
135
136
124
123
122
110
111
112
100
101
89
90
91
103
102
114
113
125
126
127
128
129
141
140
139
138
137
136
135
123
111
99
87
88
100
99
87
75
74
62
63
64
52
40
41
53
54
55
67
68
80
79
78
77
65
53
52
51
39
40
28
29
41
42
30
18
19
20
32
33
21
22
34
46
58
59
60
72
71
83
84
96
95
107
108
120
119
131
132
144
143
142
130
118
117
116
104
105
93
81
69
70
82
94
106
118
117
105
104
92
93
81
69
57
58
59
60
72
84
83
71
70
82
94
106
107
95
96
108
120
119
131
132
144
143
142
130
129
141
140
128
116
115
103
115
114
126
127
139
138
137
125
124
112
113
101
102
90
89
88
76
77
78
66
67
79
91
92
80
68
56
55
43
31
19
18
17
29
28
27
15
16
15
14
26
38
50
62
74
86
98
110
122
134
133
121
109
97
85
73
61
49
37
25
13
1
2
3
4
5
6
7
8
20
21
9
10
22
23
11
12
24
36
48
47
35
34
33
45
44
32
12
24
23
22
34
35
36
48
60
59
71
72
84
83
82
94
95
96
108
107
106
118
130
131
119
120
132
144
143
142
141
140
128
127
115
116
104
105
93
81
80
68
67
55
56
57
69
70
58
46
45
33
21
20
8
9
10
11
12
24
36
35
47
46
45
44
32
31
43
42
30
18
17
5
6
7
19
31
30
29
41
40
28
27
26
14
15
16
4
3
2
1
13
25
37
38
50
49
61
73
85
86
74
62
63
75
76
88
100
112
111
110
109
97
98
99
87
75
63
51
39
40
52
64
65
53
54
66
78
79
91
103
102
90
89
77
76
88
87
99
111
123
122
121
133
134
135
136
137
138
139
140
141
129
117
105
106
94
93
92
104
103
115
114
126
125
113
101
100
112
124
125
124
123
122
121
133
134
135
136
137
138
139
127
126
114
113
101
102
90
89
77
78
66
65
64
52
53
54
55
43
42
41
29
28
27
39
51
50
62
74
86
98
110
109
97
85
73
61
49
37
38
26
25
13
1
2
14
15
3
4
16
17
5
6
18
19
7
8
20
21
9
10
11
23
22
34
33
32
44
56
68
67
79
91
92
80
81
82
83
71
70
69
57
58
59
47
48
60
72
84
96
95
107
108
120
119
131
132
144
143
142
130
118
117
116
128
129
21
75
2
112
20
103
35
43
92
110
30
41
81
117
73
40
113
43
111
64
138
33
108
66
38
52
72
28
86
120
95
61
74
61
104
91
130
52
54
84
58
9
60
134
70
75
90
141
53
3
137
98
46
27
3
31
6
13
128
12
63
137
126
24
107
102
65
6
93
97
42
5
45
70
90
139
101
77
78
32
87
21
62
92
48
60
68
59
7
71
57
13
25
24
99
129
107
1
122
108
113
63
89
84
72
136
132
88
89
39
19
78
115
139
94
125
64
134
36
115
14
54
37
22
141
17
98
106
8
117
46
73
33
76
131
22
130
109
49
42
57
59
109
121
16
55
110
95
27
135
34
23
140
80
47
144
123
51
38
87
55
2
85
39
91
102
125
114
83
68
11
50
104
50
16
123
93
58
15
29
140
119
51
17
44
127
40
96
82
26
35
86
136
31
114
112
121
66
10
23
67
4
62
124
135
36
133
111
94
71
10
25
118
81
80
76
5
56
124
132
44
127
128
106
103
88
142
83
9
118
37
56
49
28
144
82
4
100
8
100
142
69
34
74
41
45
53
105
122
65
79
97
79
133
11
48
32
143
18
1
131
26
12
138
47
15
7
29
18
69
116
143
14
120
126
67
30
96
20
101
85
19
129
99
119
77
116
105
140
58
49
15
114
106
128
23
122
129
47
62
12
81
111
98
74
30
118
99
33
19
144
106
48
133
42
50
127
139
23
112
26
69
123
40
13
37
38
87
86
46
90
141
104
32
18
71
31
131
39
26
97
35
103
5
72
54
19
73
88
69
8
82
2
20
89
7
122
12
8
1
119
60
80
25
143
84
105
35
105
49
5
34
16
67
60
97
133
119
20
3
108
22
43
82
64
103
59
115
120
45
6
44
28
85
128
114
109
130
32
91
53
57
61
63
142
132
10
93
40
79
94
68
45
77
55
36
126
77
80
88
27
83
141
115
135
44
21
120
70
11
111
116
100
73
24
102
66
16
52
132
131
30
75
75
92
42
85
127
142
7
27
137
9
117
47
118
93
96
64
104
38
125
15
110
107
79
28
135
95
14
51
113
113
78
10
74
53
63
76
134
67
56
36
138
14
96
41
81
125
25
70
101
48
61
138
86
129
92
56
9
4
76
124
112
110
29
34
107
143
130
3
59
123
65
18
52
83
29
11
124
37
57
90
91
71
21
109
144
43
89
65
108
100
99
17
22
33
58
126
4
84
134
101
31
95
78
66
54
62
117
121
13
94
98
139
17
1
55
6
2
87
41
51
137
50
102
68
136
136
39
46
116
121
24
72
140
12
11
10
22
23
35
47
48
36
24
12
11
10
9
8
7
6
5
17
18
30
42
41
53
52
40
39
27
15
3
4
16
28
29
41
42
43
31
32
20
21
33
34
46
58
59
71
70
69
57
56
44
45
57
58
70
82
94
95
83
84
96
108
120
119
131
130
118
106
107
108
120
132
144
143
142
141
140
128
127
115
103
102
90
89
101
113
114
126
138
139
140
141
129
117
116
104
105
93
92
80
79
78
66
54
55
67
68
69
81
80
68
56
55
67
79
91
90
78
77
76
64
63
62
50
51
52
40
39
38
26
14
2
1
13
25
37
49
61
73
74
75
87
88
100
99
111
112
124
123
122
121
133
134
135
136
137
125
113
101
89
88
100
112
111
110
109
97
85
86
98
110
122
123
135
134
133
121
109
97
98
86
85
73
74
62
61
49
37
25
13
1
2
3
4
16
17
5
6
7
19
20
8
9
21
22
23
24
36
48
60
72
60
72
84
96
95
107
119
131
132
144
143
142
130
129
128
116
115
127
139
138
137
136
124
125
126
114
102
103
91
92
104
105
117
118
106
94
93
81
82
83
71
59
47
35
34
46
45
33
32
44
43
31
19
18
30
29
28
27
15
14
26
38
50
51
63
64
65
66
54
53
65
77
76
75
87
99
133
121
109
110
122
123
124
136
135
134
133
121
109
97
85
73
61
49
50
62
63
64
52
53
41
40
28
27
26
25
37
38
39
51
52
64
76
75
87
86
98
99
111
112
113
125
126
114
102
101
89
88
100
101
113
114
115
116
128
127
139
140
141
142
130
131
119
118
117
129
141
142
143
144
132
120
108
96
95
83
82
81
69
68
56
57
58
70
71
72
84
96
108
107
106
94
93
105
104
92
91
79
67
66
65
77
78
90
102
103
91
90
89
77
78
79
80
68
67
55
43
42
30
18
17
29
41
40
28
16
15
14
13
1
2
3
4
5
6
7
19
31
32
44
45
33
34
46
47
35
23
11
12
24
36
48
60
59
58
57
56
44
45
46
34
22
10
9
8
20
21
22
23
35
36
24
12
11
10
9
21
20
8
7
19
18
6
5
4
3
2
1
13
25
37
38
50
49
61
73
74
86
85
97
98
110
122
134
135
136
137
138
137
138
139
140
128
129
130
131
143
144
132
120
119
107
95
94
82
83
84
72
60
48
47
59
71
70
69
81
80
92
93
105
106
118
117
116
104
103
115
127
126
125
124
123
111
112
100
99
87
88
76
75
74
62
63
51
39
27
26
14
15
16
17
29
30
42
54
66
65
53
54
55
43
31
32
33
50
120
51
88
26
47
56
54
46
140
11
2
28
91
53
2
31
33
102
86
4
66
28
14
9
81
83
55
19
94
122
18
79
9
114
30
74
105
35
100
18
41
124
61
134
98
121
23
40
5
132
87
107
115
125
140
86
130
19
104
75
79
116
91
129
57
138
106
139
48
54
126
15
123
17
64
84
76
101
24
96
37
43
68
142
120
68
133
59
75
58
16
42
136
45
25
7
80
36
119
44
103
65
43
121
32
58
8
23
32
21
39
63
130
133
25
46
16
109
97
93
94
29
127
10
96
34
89
109
131
27
77
101
135
134
114
107
141
22
33
127
48
17
98
62
20
61
104
122
135
62
66
5
105
26
50
51
126
138
45
8
111
87
31
90
27
7
70
113
82
36
117
42
3
30
13
70
12
90
69
52
103
37
71
77
81
49
110
72
112
117
115
6
112
35
82
142
118
52
12
3
67
143
136
131
97
92
34
108
74
11
128
88
10
99
60
73
84
125
85
55
108
40
124
71
20
53
116
1
78
22
95
137
144
21
47
118
102
44
78
110
139
38
83
129
64
60
100
89
14
128
39
123
63
41
69
113
67
92
144
106
93
24
57
59
119
72
76
56
49
137
65
15
99
143
73
13
29
85
1
111
141
132
80
4
38
95
6
138
78
132
57
108
91
42
85
26
16
134
53
106
135
19
48
23
132
125
41
1
50
9
49
84
121
3
63
79
73
50
74
21
127
104
21
141
43
8
83
100
87
122
68
95
65
116
72
142
118
30
76
92
144
63
114
20
68
54
13
115
137
126
42
121
46
129
123
47
60
34
89
27
39
81
22
107
22
138
103
14
69
143
92
100
141
62
111
84
61
65
75
5
133
114
11
134
66
124
69
57
25
48
14
2
49
28
107
6
70
97
67
54
23
140
102
136
58
46
10
106
93
60
15
87
75
99
47
31
113
7
18
129
25
88
77
80
59
110
88
10
55
113
64
135
130
102
11
98
128
44
142
130
40
32
95
58
76
62
67
16
32
86
40
27
38
82
35
13
17
66
4
33
55
89
110
119
30
136
70
28
81
56
37
97
120
118
124
24
29
105
33
64
61
71
93
104
12
45
6
43
117
96
117
9
37
94
39
53
115
112
7
24
19
56
131
105
41
4
125
31
85
45
119
111
34
3
5
109
139
77
143
127
91
83
123
96
99
109
12
90
36
52
36
17
139
18
108
80
90
51
79
128
8
38
35
51
73
52
133
72
137
44
122
94
101
82
116
101
112
1
86
74
98
29
126
103
59
78
120
15
144
2
131
26
140
71
20
