##Rat 5 Day 39
 ##rewards
74
87
21
##Vertices
144
132
131
130
118
106
105
117
116
128
140
141
142
143
144
132
120
108
107
119
120
108
96
84
72
60
48
36
24
12
11
10
22
23
35
34
46
47
59
71
70
58
57
69
68
80
79
67
55
54
53
65
66
78
77
76
75
87
86
74
62
61
73
85
97
98
99
111
112
124
125
126
114
113
101
100
88
89
90
102
103
104
92
91
103
115
127
139
138
137
136
135
123
122
110
109
121
133
134
135
136
137
138
139
140
141
129
128
116
104
105
93
94
82
81
69
57
56
44
32
20
8
7
19
31
30
42
41
29
28
40
52
51
39
38
26
14
15
3
2
1
13
25
37
49
50
51
63
64
76
88
89
90
91
92
80
68
56
55
43
44
45
33
21
9
8
7
6
5
17
18
30
29
28
40
52
64
65
77
78
79
67
66
54
53
41
42
43
31
32
33
45
46
58
70
82
81
93
94
106
118
117
129
130
142
143
131
119
107
95
83
95
96
84
83
71
72
60
59
47
48
36
24
12
11
23
35
34
22
10
9
21
20
19
18
6
5
17
16
4
16
4
3
15
27
39
27
26
14
2
1
13
25
37
38
50
49
61
73
74
62
63
75
87
86
98
110
111
99
100
112
113
101
102
114
115
127
126
125
124
123
122
134
133
121
109
97
85
1
2
14
26
27
28
40
39
51
50
49
37
25
13
1
2
3
4
16
15
3
4
5
6
7
8
9
10
11
12
24
36
35
23
22
34
33
21
20
19
31
32
44
43
55
54
66
67
68
80
92
91
79
78
90
102
114
113
125
126
127
139
138
137
136
124
112
111
99
98
86
74
75
87
88
100
101
89
77
76
64
52
53
65
64
63
62
61
73
85
97
109
110
122
123
135
134
133
121
109
97
85
73
61
49
37
38
50
51
52
40
41
29
30
42
43
44
56
57
58
59
60
72
71
70
82
81
93
94
106
105
104
116
117
129
130
131
119
120
132
144
143
142
141
140
128
116
115
103
102
101
89
77
65
53
54
55
56
68
69
57
45
46
47
48
60
72
84
96
95
83
82
94
106
105
104
103
91
90
78
66
67
79
80
92
93
81
69
70
58
46
45
33
32
31
30
42
41
29
28
27
39
38
26
25
13
14
15
16
17
18
17
5
6
18
19
7
8
20
21
9
10
11
12
24
23
22
34
35
36
48
47
59
71
83
84
96
95
107
108
107
108
120
119
118
117
118
130
131
132
144
143
142
141
129
128
140
139
138
126
127
115
114
113
125
124
123
111
112
100
99
87
88
76
75
63
62
74
86
98
110
122
121
133
134
135
136
137
29
1
134
136
116
21
35
60
79
93
123
122
118
117
105
81
89
49
42
141
113
121
133
124
5
11
71
78
107
114
30
114
68
137
110
101
56
103
109
76
2
129
142
61
2
20
30
25
46
31
70
59
51
115
139
84
21
103
57
77
92
126
60
72
3
38
90
58
44
6
108
112
64
135
54
20
68
14
57
47
120
35
52
45
5
87
127
99
95
83
86
74
14
96
36
144
25
111
66
26
82
47
18
33
80
106
69
94
71
75
138
107
116
105
88
27
51
63
94
132
19
13
70
119
89
22
92
50
24
98
65
123
41
23
97
9
91
26
131
1
7
66
56
48
138
126
22
42
102
17
112
86
141
130
4
100
85
96
122
81
102
9
108
78
34
128
95
101
61
91
40
67
129
29
97
53
75
12
100
27
132
80
45
98
72
36
90
82
58
32
115
41
3
10
17
134
7
8
16
52
12
32
67
28
143
120
131
63
55
139
46
65
69
87
44
43
144
55
136
28
125
142
73
10
104
128
84
106
109
31
37
76
15
133
64
121
4
83
73
50
93
77
16
104
88
127
33
18
23
38
130
6
79
135
143
59
24
39
111
140
140
19
125
49
43
62
54
113
11
119
85
117
53
34
37
13
74
8
62
15
40
118
39
124
137
99
48
110
91
65
31
18
81
132
34
131
94
115
51
121
84
26
83
105
77
21
41
108
8
100
106
133
58
127
64
140
56
61
67
103
19
16
119
73
66
81
82
11
39
103
61
130
8
55
99
110
29
142
15
120
76
95
64
37
2
116
54
68
27
93
118
10
59
47
44
55
42
28
107
67
85
22
119
78
102
143
13
7
36
109
45
79
38
112
63
3
126
24
32
62
136
7
144
133
120
95
134
75
50
31
43
2
20
49
25
63
112
66
102
29
72
136
114
111
89
9
48
74
23
124
90
4
74
125
87
43
88
46
99
127
131
6
71
71
60
12
143
82
37
111
72
13
140
30
10
109
122
105
116
126
54
87
144
1
26
18
135
57
23
34
97
19
32
45
86
6
86
39
79
58
114
12
80
53
96
33
70
138
128
117
17
25
132
94
118
52
89
96
138
124
42
106
125
57
113
123
104
139
76
53
35
129
101
50
21
30
137
121
77
135
14
134
52
128
117
27
20
24
69
14
98
65
83
104
11
59
78
92
100
38
44
1
98
80
51
69
46
107
91
113
15
56
92
141
9
35
17
129
93
47
75
41
40
40
62
70
108
4
88
115
73
141
36
101
5
3
33
68
49
84
97
142
110
122
22
5
16
85
60
139
90
48
28
123
137
130
12
24
23
22
34
33
32
44
56
57
58
70
71
72
60
59
47
48
36
35
34
46
45
33
21
9
8
7
19
18
6
5
17
29
28
16
15
14
26
25
37
38
50
49
61
62
74
75
63
64
76
88
87
86
98
97
109
110
111
99
100
112
113
125
124
136
137
138
126
114
102
103
115
127
139
140
128
129
141
142
130
131
119
120
132
144
143
142
141
140
139
138
137
136
135
123
122
134
133
121
109
97
85
73
61
49
37
25
13
1
2
3
4
5
6
7
8
20
19
31
30
42
41
40
39
27
26
38
50
51
52
53
54
55
43
42
54
66
78
79
67
68
69
81
80
92
104
116
117
105
93
94
95
96
108
107
106
118
130
129
128
127
126
125
113
101
89
90
91
79
80
92
93
94
82
83
95
96
84
72
84
83
71
70
82
81
69
68
67
66
78
90
91
103
104
105
106
107
108
120
132
144
143
131
119
118
117
116
115
114
102
101
100
112
124
123
135
134
133
121
122
110
111
99
98
86
85
73
74
62
63
64
76
75
87
88
89
77
65
77
65
53
41
29
28
40
52
51
39
27
15
14
13
1
2
3
4
16
17
18
30
31
32
44
43
55
56
57
45
46
58
59
60
48
47
35
36
24
12
11
23
22
10
11
10
9
21
20
133
134
122
110
111
99
87
88
89
101
113
114
126
138
137
125
124
136
135
123
111
112
100
99
98
97
85
73
74
62
61
49
50
51
39
38
26
14
15
3
4
16
17
5
6
18
19
31
30
42
43
44
32
20
21
9
10
22
34
33
45
46
58
59
47
48
60
72
71
70
69
81
82
83
84
96
95
107
108
120
119
131
130
142
143
144
132
120
108
96
84
72
60
48
36
35
23
24
12
11
10
9
8
7
6
5
4
3
2
1
13
25
37
49
61
73
85
86
74
75
63
64
52
40
28
27
15
16
17
29
41
53
65
77
76
64
65
66
67
79
78
90
102
103
91
92
93
94
106
105
104
116
128
140
141
129
117
118
119
107
95
83
71
59
58
57
56
68
80
79
91
92
104
116
115
127
128
140
139
138
139
127
126
114
115
103
102
90
78
66
67
68
80
81
93
105
117
129
141
142
143
144
132
131
130
118
106
94
82
70
69
57
45
46
47
35
36
24
12
11
23
22
34
33
21
20
8
7
19
18
30
42
43
31
32
44
56
55
54
55
54
53
52
51
39
40
41
29
28
27
26
14
2
1
13
25
37
38
50
62
63
75
87
88
76
77
89
101
100
112
113
125
137
136
124
123
135
134
133
121
122
110
109
121
109
97
98
86
5
129
10
65
135
116
38
32
9
21
134
35
89
61
78
135
130
76
46
39
107
126
90
97
66
86
82
129
23
77
78
24
67
74
93
110
124
21
59
60
122
1
142
118
46
139
107
54
63
14
73
103
71
2
69
8
113
3
13
37
56
130
18
100
15
16
120
17
43
115
1
120
111
143
47
40
42
36
45
57
143
98
67
48
137
14
18
134
52
105
55
28
75
49
76
31
16
19
137
79
106
12
94
23
97
51
31
113
28
124
88
55
123
62
102
19
15
57
104
92
123
81
141
96
106
24
140
88
35
33
109
36
144
64
85
60
86
132
9
80
69
49
27
48
81
68
102
71
11
101
53
40
111
117
131
142
4
27
83
6
126
30
47
50
121
29
128
75
125
7
100
68
89
39
95
7
44
10
136
53
59
41
34
136
90
25
74
13
25
72
33
72
73
105
56
30
84
58
51
119
34
3
112
139
116
17
85
87
91
66
29
38
6
32
20
91
127
70
61
109
79
127
50
4
37
119
122
118
94
20
131
87
58
64
54
132
115
114
108
138
63
98
96
101
95
52
43
77
26
110
138
12
99
70
117
84
22
26
121
45
104
93
99
5
62
108
82
44
133
22
103
8
128
2
144
133
140
141
114
80
92
125
41
42
65
11
112
83
128
143
89
94
118
126
67
120
96
101
3
58
113
43
55
101
20
125
55
47
124
67
111
87
14
93
52
139
36
60
86
132
132
141
14
118
140
11
85
12
120
64
111
84
124
44
82
143
48
74
73
112
82
29
7
16
13
26
61
54
6
17
73
78
117
91
137
22
129
61
70
30
142
1
32
63
65
42
70
104
28
136
122
138
41
107
8
36
83
24
66
144
136
35
123
88
59
130
121
30
107
90
31
38
103
2
112
37
9
89
34
40
12
44
127
115
76
97
140
79
102
10
100
45
23
110
84
71
56
98
142
9
25
75
17
69
65
43
31
93
105
77
133
78
50
32
50
10
126
81
121
56
1
119
27
59
135
116
129
57
108
49
47
53
138
21
6
68
51
99
106
16
109
15
37
109
42
131
41
114
39
21
77
5
94
18
5
117
26
95
48
125
53
88
123
38
46
144
86
62
137
23
113
39
71
25
99
7
96
68
110
139
135
85
13
49
122
35
92
76
27
108
52
106
66
141
103
28
79
57
3
33
91
72
11
134
81
8
119
29
51
15
19
80
58
20
45
95
87
114
116
83
64
133
24
127
4
22
130
92
102
128
97
46
54
100
18
19
60
104
62
75
69
80
74
90
115
98
33
105
2
63
40
4
134
131
34
72
1
13
25
26
38
37
49
50
51
63
64
65
66
78
90
91
92
93
81
69
57
45
33
32
44
43
55
54
53
41
29
30
42
43
31
19
18
6
7
8
9
21
22
23
11
12
24
36
35
34
46
47
48
60
72
84
83
95
107
119
118
106
105
117
129
128
127
139
140
141
142
130
131
132
120
108
96
84
72
71
70
58
59
60
48
36
35
47
59
71
70
82
94
106
118
117
116
104
103
115
114
126
138
137
125
124
136
135
134
133
121
109
97
98
99
87
86
74
62
61
73
85
97
109
110
122
123
111
112
100
88
76
77
89
101
102
114
113
101
89
88
87
75
76
77
78
79
67
68
56
55
67
66
65
64
52
40
39
27
28
16
17
5
4
3
15
14
2
3
4
16
15
27
26
14
2
1
13
25
37
49
50
38
39
40
28
29
41
42
54
53
52
51
63
75
74
62
61
73
85
86
98
110
111
99
100
112
113
125
124
123
122
121
133
134
135
136
137
138
126
127
139
140
128
129
141
142
130
131
143
144
143
144
132
120
119
107
108
96
95
83
82
94
93
105
104
116
115
103
102
90
91
79
80
92
80
81
69
68
56
57
58
46
45
44
32
31
30
18
17
5
6
7
19
20
8
20
21
33
34
22
10
9
10
11
12
24
23
12
11
10
22
21
9
8
20
32
31
43
55
67
66
65
77
89
101
102
103
104
105
106
94
93
81
80
68
56
57
58
70
69
81
82
83
71
72
84
96
108
107
119
131
132
144
143
142
130
118
117
129
141
140
139
138
126
125
124
123
111
112
100
99
98
86
74
73
85
97
109
110
122
134
135
136
137
138
139
127
115
116
128
140
141
142
130
129
128
127
115
114
113
112
111
99
87
88
76
75
63
62
61
49
50
38
37
25
13
1
2
3
4
16
28
29
17
18
19
7
6
5
4
3
15
14
26
27
39
40
41
42
54
53
52
64
63
51
52
53
41
29
30
42
54
66
78
79
91
92
80
79
67
55
43
44
45
33
34
46
47
59
60
48
36
35
23
24
36
48
47
35
34
22
23
24
12
11
10
9
8
20
21
33
45
46
58
57
69
68
56
44
32
31
30
18
19
7
6
5
17
16
15
27
28
40
39
51
50
38
26
14
2
1
13
25
37
49
61
62
74
73
85
86
98
97
109
110
122
121
133
121
133
134
135
123
124
136
137
125
126
114
113
101
100
88
87
75
76
64
65
77
78
90
89
90
102
103
91
92
104
116
117
105
93
94
82
70
71
59
60
72
84
83
95
96
95
107
106
118
119
120
108
120
132
144
143
131
84
65
141
96
19
112
67
22
109
75
75
93
37
66
66
140
88
99
2
140
130
44
90
83
132
33
80
81
114
124
64
92
54
59
96
117
67
62
30
72
117
121
100
61
142
120
73
109
45
71
26
125
38
121
7
55
126
113
118
42
82
65
106
134
4
143
56
112
103
133
86
139
70
45
25
132
113
69
46
31
52
106
63
63
44
136
57
110
39
69
61
40
34
21
107
93
87
104
20
102
32
91
17
90
118
71
3
91
25
1
74
72
20
35
82
23
39
105
9
144
87
115
37
80
12
15
1
94
3
92
13
114
85
52
10
124
26
7
51
77
98
110
30
58
127
76
14
77
51
48
13
10
18
95
42
68
125
97
79
131
105
5
16
128
127
58
116
130
16
135
12
23
139
11
60
135
5
101
33
9
47
126
138
6
40
53
53
24
29
50
76
89
108
18
41
11
43
129
81
137
8
88
38
141
136
28
22
84
74
122
70
86
54
85
57
36
101
103
6
47
122
73
43
2
31
59
107
115
68
17
116
95
138
55
137
98
119
129
64
36
104
15
49
41
27
24
99
8
128
144
14
142
123
89
111
131
100
78
119
50
49
19
133
79
123
102
83
97
94
35
78
27
4
56
21
29
28
60
62
111
46
108
48
34
32
120
143
134
52
129
3
106
38
15
6
127
123
5
100
108
125
95
72
83
129
128
77
86
53
45
8
94
87
131
69
115
89
74
20
33
52
4
109
42
116
116
111
127
83
39
2
16
36
113
136
47
102
68
25
68
96
85
21
110
105
14
31
91
54
70
18
135
132
35
120
122
118
40
142
28
91
109
82
106
100
119
53
130
46
63
24
90
60
88
71
30
76
17
5
66
46
45
119
121
135
1
117
44
78
105
61
110
61
77
35
125
137
115
139
16
67
18
27
111
133
8
122
87
27
70
4
6
58
34
44
140
74
75
124
120
97
9
10
50
131
34
56
7
85
73
66
103
95
84
41
79
92
76
144
80
90
101
79
138
113
69
56
134
51
143
32
143
25
29
14
11
31
48
22
48
144
92
49
39
22
11
59
84
137
121
3
81
20
9
96
62
19
33
93
94
117
107
89
130
123
24
29
7
57
72
65
57
138
78
2
114
37
108
12
67
62
97
60
26
82
114
64
133
21
36
64
12
136
63
128
107
102
15
37
28
73
10
93
141
40
99
23
49
43
51
81
134
80
139
112
118
99
142
55
17
103
43
140
126
50
38
26
58
1
13
124
54
13
88
98
59
71
101
47
104
132
23
42
141
55
98
104
32
75
65
112
30
19
86
41
126
