##Rat 6 Day 12
 ##rewards
83
94
16
##Vertices
66
22
23
11
7
72
29
111
136
84
36
116
51
61
45
122
113
64
133
85
141
107
114
141
1
98
83
109
126
69
106
126
52
139
131
51
81
119
74
30
144
79
20
30
100
40
142
137
55
74
17
35
91
10
89
24
67
134
123
118
69
25
143
93
7
87
76
17
71
137
44
57
48
83
91
81
15
58
41
140
92
31
68
130
59
59
12
49
56
105
2
25
28
140
55
135
56
117
63
96
75
68
94
122
116
86
124
120
1
46
117
79
84
16
103
39
132
134
100
109
33
113
106
15
121
87
121
129
128
5
75
125
103
70
64
108
18
42
101
14
114
62
11
131
138
26
10
78
80
139
65
24
88
127
143
63
60
48
108
142
133
60
123
73
62
14
37
19
136
110
41
92
28
102
13
43
102
104
50
86
37
82
6
96
58
54
95
31
6
9
26
95
8
9
5
39
104
85
3
27
46
36
89
3
34
4
13
18
43
8
32
107
112
52
94
54
65
53
19
61
45
124
78
138
115
21
80
27
38
119
44
2
90
12
70
120
22
66
38
97
29
135
71
34
50
125
76
16
72
77
67
42
128
97
77
130
115
82
47
88
111
98
20
127
105
73
23
33
47
57
53
101
32
110
132
40
112
118
90
144
4
99
49
21
93
129
99
35
65
79
14
129
87
129
143
123
23
107
2
113
43
141
97
39
75
4
130
64
32
103
135
17
37
113
30
31
70
2
44
64
9
34
38
76
37
80
83
3
119
13
4
97
108
16
128
81
141
86
34
21
127
49
65
84
137
52
131
15
7
104
77
105
91
100
23
14
114
55
106
38
73
11
19
52
48
69
60
144
115
96
53
121
101
138
132
71
143
47
59
96
100
124
20
25
12
136
78
94
95
12
35
80
31
53
74
128
116
111
66
81
85
94
119
17
72
3
51
22
6
26
93
82
82
124
41
130
26
67
68
70
45
54
134
42
18
92
122
79
44
13
49
62
90
118
54
63
117
109
46
45
47
86
139
66
114
59
102
67
83
139
126
137
125
5
57
8
1
91
58
50
29
46
95
61
62
69
110
117
133
115
110
118
16
99
98
7
42
25
116
88
28
136
33
5
71
21
48
43
19
75
88
33
22
134
74
85
63
92
109
90
18
27
77
61
101
138
32
36
11
102
15
24
84
28
133
10
72
108
93
41
51
24
112
98
68
125
40
112
60
20
123
104
76
57
106
142
135
120
103
29
126
55
73
58
35
39
8
120
89
131
140
140
30
56
144
6
40
9
10
36
1
127
50
121
99
87
56
78
107
132
89
142
27
122
111
105
133
134
135
136
124
123
111
110
122
121
109
97
85
73
74
86
87
99
98
97
85
86
87
75
63
62
50
51
39
38
37
49
61
73
74
75
76
64
65
66
78
90
102
103
115
116
104
105
117
118
106
107
119
131
130
142
143
144
132
120
108
96
84
72
60
48
36
24
12
11
10
22
23
35
34
33
45
44
43
55
56
68
80
92
91
79
67
68
69
57
58
59
47
46
58
70
82
94
93
81
69
70
71
83
95
96
108
107
106
118
117
129
141
140
139
127
128
116
115
114
113
125
137
138
126
114
102
101
100
88
89
77
76
64
52
53
54
42
30
31
19
18
6
5
17
29
41
40
28
16
4
3
15
14
26
25
13
1
2
3
4
5
6
7
8
20
32
31
43
55
67
79
80
92
91
103
104
105
93
81
82
94
95
83
84
72
71
59
60
48
47
46
45
57
56
44
32
20
21
9
10
11
12
24
36
35
23
22
34
33
21
9
8
7
19
18
17
29
30
42
41
40
28
16
15
27
39
27
26
14
2
1
13
25
37
38
50
49
61
62
63
51
52
53
54
66
65
77
78
90
89
88
100
99
98
110
109
121
133
134
122
123
135
136
137
138
139
140
141
142
143
144
132
120
119
131
130
129
128
127
126
125
124
112
111
112
113
101
144
132
120
108
107
119
118
130
131
143
142
141
140
139
127
128
116
117
129
141
140
128
116
115
114
126
125
113
112
124
136
137
138
139
127
115
103
102
90
78
79
80
81
69
70
58
57
45
46
34
33
21
22
23
35
36
24
12
11
10
9
8
7
6
5
4
3
2
1
13
25
26
14
15
27
39
40
52
64
65
53
54
55
56
68
67
66
54
42
41
29
17
16
28
29
30
31
32
44
43
42
30
18
19
20
8
9
21
33
34
46
47
48
60
72
71
59
58
70
82
94
95
96
84
83
82
81
93
105
104
92
91
103
102
101
89
77
76
75
63
62
74
73
85
86
87
88
100
99
98
97
109
110
122
123
135
134
133
121
109
97
85
73
61
49
50
51
63
64
65
66
67
55
56
68
69
57
45
44
43
31
32
20
19
7
6
18
17
5
4
16
28
40
41
53
52
51
50
38
37
25
13
1
2
3
15
14
26
27
39
38
37
49
61
62
74
86
87
75
76
88
100
99
98
110
111
112
111
123
122
121
133
134
135
136
124
125
137
138
126
114
113
101
89
77
78
90
91
79
80
92
104
105
117
129
130
142
143
144
132
131
119
120
108
96
84
72
60
48
36
24
12
11
10
22
23
35
47
59
71
83
95
107
106
118
106
94
93
41
53
1
16
131
49
37
126
117
71
60
61
86
48
27
122
33
114
50
109
63
73
91
82
6
17
51
75
56
132
72
36
129
142
77
123
56
50
125
43
135
96
20
101
127
1
78
131
47
68
38
129
85
23
10
65
18
121
5
133
104
64
127
13
22
15
119
15
30
62
90
44
100
101
107
95
143
74
65
137
73
12
5
111
144
45
3
9
25
30
103
112
135
106
27
106
21
61
144
115
52
48
98
45
71
69
93
8
36
84
59
80
13
86
53
16
118
88
7
137
4
113
51
107
134
81
6
77
138
14
96
128
67
32
91
29
26
25
122
78
123
108
41
70
24
79
54
115
46
34
11
84
81
90
31
79
42
141
42
83
139
120
108
44
31
10
114
60
2
18
68
55
93
130
130
58
20
28
49
143
4
8
105
110
21
19
85
28
89
40
98
117
11
132
141
82
46
118
136
99
38
74
39
72
19
120
139
7
94
57
116
102
124
63
80
52
121
34
55
142
103
22
112
14
105
29
113
3
64
32
26
89
102
92
88
125
83
37
76
66
92
9
54
66
116
33
43
97
69
99
124
67
2
95
24
87
39
70
12
110
111
62
87
100
47
134
35
133
57
76
140
23
104
75
97
40
140
109
138
136
94
58
128
17
35
126
119
59
26
133
43
52
54
66
65
94
129
116
51
28
41
83
113
70
104
93
38
126
125
111
92
86
81
37
80
25
134
39
121
95
6
12
7
53
2
77
1
98
56
42
127
87
115
97
91
27
20
114
8
84
120
45
75
23
34
64
16
124
79
67
11
38
46
40
42
102
124
63
20
119
140
114
2
140
120
102
88
23
141
87
78
51
26
74
32
29
70
56
96
61
52
62
27
107
135
84
94
131
137
130
80
100
90
101
31
24
96
68
1
13
55
129
10
17
115
123
142
79
59
50
14
121
104
61
144
112
30
48
134
112
3
68
62
17
128
117
57
5
109
131
111
116
33
92
74
137
103
105
24
76
58
90
67
16
135
9
72
15
99
57
93
8
139
97
60
141
103
36
45
86
28
143
21
3
108
113
101
37
88
5
15
136
12
106
110
39
132
71
106
18
46
33
127
9
119
89
64
54
126
73
123
99
22
55
63
75
130
47
53
21
66
98
14
49
35
44
35
85
48
109
107
142
4
31
77
122
105
7
10
108
133
18
32
25
60
19
118
143
118
58
11
125
59
6
29
34
78
132
4
13
44
138
22
81
49
40
43
139
72
71
122
91
110
82
100
128
65
136
47
95
83
89
138
41
69
19
82
30
144
117
85
50
36
69
76
73
12
24
23
22
34
46
45
33
32
20
8
9
10
11
12
24
36
48
47
35
36
48
60
72
84
96
108
120
132
144
143
142
130
131
119
118
106
107
95
83
82
94
93
81
80
68
67
79
91
90
89
77
78
66
65
64
63
51
50
62
74
73
61
49
37
38
39
27
28
16
17
18
30
29
41
40
52
53
54
42
43
44
56
55
43
31
19
7
6
5
4
3
15
14
26
25
13
1
2
3
4
5
6
7
8
9
21
20
32
44
45
57
58
70
69
81
93
92
104
116
128
140
139
127
115
114
102
101
113
112
100
88
87
99
98
110
122
123
135
134
133
121
109
97
85
86
87
75
76
64
52
53
54
55
56
68
80
92
91
103
104
105
117
129
141
140
139
138
137
125
126
114
113
112
100
88
76
77
65
66
67
79
78
90
89
101
102
103
115
116
117
105
106
94
82
70
69
57
58
46
34
33
21
22
10
11
23
35
47
59
71
59
60
72
71
83
84
96
95
107
108
120
132
144
143
131
119
118
130
142
141
129
128
127
126
138
137
125
124
136
124
136
135
123
111
99
111
110
122
134
133
121
109
97
98
86
85
73
61
62
74
75
63
51
50
38
26
27
39
40
28
29
41
42
30
31
19
18
17
16
15
14
2
1
13
25
37
49
1
2
14
26
27
28
40
39
51
50
49
37
25
13
1
2
3
4
16
15
3
4
5
6
7
8
9
10
11
12
24
36
35
23
22
34
33
21
20
19
31
32
44
43
55
54
66
67
68
80
92
91
79
78
90
102
114
113
125
126
127
139
138
137
136
124
112
111
99
98
86
74
75
87
88
100
101
89
77
76
64
52
53
65
64
63
62
61
73
85
97
109
110
122
123
135
134
133
121
109
97
85
73
61
49
37
38
50
51
52
40
41
29
30
42
43
44
56
57
58
59
60
72
71
70
82
81
93
94
106
105
104
116
117
129
130
131
119
120
132
144
143
142
141
140
128
116
115
103
102
101
89
77
65
53
54
55
56
68
69
57
45
46
47
48
60
72
84
96
95
83
82
94
106
105
104
103
91
90
78
66
67
79
80
92
93
81
69
70
58
46
45
33
32
31
30
42
41
29
28
27
39
38
26
25
13
14
15
16
17
18
17
5
6
18
19
7
8
20
21
9
10
11
12
24
23
22
34
35
36
48
47
59
71
83
84
96
95
107
108
107
108
120
119
118
117
118
130
131
132
144
143
142
141
129
128
140
139
138
126
127
115
114
113
125
124
123
111
112
100
99
87
88
76
75
63
62
74
86
98
110
122
121
133
134
135
136
137
66
134
98
40
21
63
98
26
2
100
62
4
70
115
75
105
136
106
126
138
14
44
32
143
132
123
8
8
124
18
97
135
36
60
38
17
83
130
141
107
9
11
107
129
71
75
93
87
43
124
135
24
64
89
144
117
34
76
125
84
33
101
122
37
111
89
110
88
103
52
65
103
128
51
127
56
100
131
67
133
91
119
125
16
53
56
118
78
57
61
13
73
2
132
6
73
54
39
116
34
44
112
96
139
121
108
113
80
21
117
133
95
78
66
32
39
41
123
30
46
142
138
42
48
114
55
20
102
30
33
70
10
15
81
48
54
52
3
42
1
82
38
27
11
87
63
16
10
120
118
15
104
55
127
142
77
28
97
59
96
81
68
59
36
18
1
47
23
22
72
86
108
112
109
23
84
65
43
137
119
122
7
86
19
140
6
106
13
130
79
62
27
41
17
144
102
29
5
105
128
20
53
4
101
77
50
85
46
12
58
85
35
26
57
9
71
99
60
28
137
74
76
82
61
7
22
25
136
141
93
143
99
104
29
109
68
31
92
126
67
139
140
74
24
31
116
129
47
25
121
131
134
113
90
50
51
114
83
45
14
5
90
88
110
79
69
120
115
69
72
40
12
111
58
80
91
92
95
19
49
35
37
94
45
94
49
64
3
8
48
52
79
116
24
91
99
49
100
51
114
2
18
141
10
19
38
109
122
115
138
50
53
32
68
20
81
84
113
2
16
116
67
129
87
86
121
52
95
6
136
45
17
112
32
39
66
40
93
66
142
72
134
125
43
74
64
126
58
68
60
104
80
94
61
118
96
137
126
59
14
95
25
100
45
105
137
69
47
13
106
111
82
27
140
132
10
6
3
107
120
101
46
4
144
81
37
87
33
61
125
4
90
15
138
53
139
36
54
71
77
3
18
21
101
129
44
42
59
13
133
31
7
73
98
70
30
41
11
97
23
102
15
83
76
23
65
136
142
49
20
83
85
105
39
110
38
16
28
131
50
1
5
98
22
43
31
56
92
144
112
86
132
29
143
99
35
41
73
29
34
140
26
47
57
117
85
55
131
135
69
19
117
48
14
84
12
128
42
120
88
26
17
94
114
130
134
71
78
88
9
67
28
103
11
35
62
34
90
111
119
109
54
124
92
89
12
108
51
63
123
141
1
79
44
119
139
108
128
89
107
75
46
115
127
63
64
122
96
24
77
110
8
121
72
130
135
127
91
62
33
9
27
21
103
104
5
36
25
74
22
56
133
143
58
65
76
78
37
123
118
60
113
93
124
82
7
106
102
97
55
57
30
75
70
80
40
133
121
122
123
111
112
113
101
89
88
87
75
74
73
85
86
98
97
109
110
111
99
100
112
124
136
137
138
126
127
139
140
128
116
117
129
130
131
119
120
108
107
95
96
84
83
71
70
82
81
69
57
58
59
47
48
36
35
34
46
45
33
32
20
21
9
8
7
19
31
43
42
30
18
6
5
17
16
4
3
15
14
26
25
13
1
2
3
4
5
6
7
8
9
10
22
23
11
12
24
36
48
60
72
84
96
108
120
132
144
143
142
141
140
139
138
137
125
126
114
115
103
104
105
106
118
119
107
95
94
93
92
91
90
102
103
91
79
67
66
78
77
76
64
65
53
41
29
28
40
52
51
50
49
37
38
39
27
15
16
17
18
19
20
32
44
56
55
54
66
65
53
52
51
63
62
50
49
61
73
61
62
74
75
63
64
76
77
78
79
67
55
54
42
41
40
39
38
37
25
13
1
2
14
26
27
28
29
30
31
43
44
45
33
21
22
10
11
12
24
23
35
34
46
47
59
60
72
71
83
82
81
69
70
58
57
56
68
80
68
80
92
104
116
117
105
93
94
106
118
130
131
132
144
143
142
141
129
128
127
115
114
113
101
102
90
89
88
100
99
87
86
85
97
98
110
109
121
133
134
122
123
135
134
135
136
124
125
144
143
131
119
118
106
94
93
92
104
116
115
127
139
140
128
129
141
142
130
118
117
105
106
107
108
96
84
83
71
72
60
59
58
46
47
35
23
22
10
9
21
20
8
7
19
18
30
31
43
42
41
29
17
16
4
3
15
27
28
40
39
51
50
38
37
49
61
62
63
64
76
75
74
73
85
86
98
97
109
110
122
123
135
134
133
121
109
97
85
73
61
49
37
25
26
14
13
1
2
3
4
5
6
7
8
9
10
11
12
24
36
48
60
72
84
96
95
83
82
70
69
57
45
33
34
22
21
20
32
44
56
68
80
81
69
68
67
66
78
79
91
103
102
90
89
88
87
99
100
101
113
125
137
136
124
112
111
110
98
86
74
62
50
51
52
53
65
77
78
90
89
101
113
114
126
125
137
138
139
138
126
127
115
114
102
103
91
79
67
66
65
77
76
88
100
112
124
136
135
134
133
121
122
123
111
99
87
75
63
64
52
40
39
38
26
25
13
1
2
14
15
27
28
16
17
5
6
18
19
31
43
42
30
29
41
53
54
55
54
55
56
57
58
46
45
44
32
33
34
35
23
11
12
24
36
48
47
59
71
70
82
94
93
81
80
92
104
105
117
116
128
140
141
129
130
142
143
144
132
131
119
120
132
120
108
107
95
