##Rat 1 Day 24
 ##rewards
19
32
98
##Vertices
13
49
120
14
104
70
10
65
79
58
11
41
42
107
96
100
63
132
63
18
141
43
110
51
117
61
114
12
45
142
90
109
3
84
9
48
55
32
25
102
78
13
139
110
16
143
85
72
23
2
75
59
111
101
1
41
30
75
86
17
87
56
20
38
6
46
129
48
113
124
136
116
95
126
57
39
60
32
18
11
96
121
140
97
33
98
119
133
73
20
58
119
51
95
99
56
115
44
68
103
52
36
44
22
76
54
29
123
38
127
69
128
2
103
49
28
88
40
67
99
136
82
142
106
91
37
5
117
67
108
140
71
21
23
135
89
81
19
35
128
8
71
135
114
59
143
88
27
50
53
108
138
120
92
52
121
122
122
53
14
30
36
54
76
137
100
127
61
74
40
80
28
144
83
9
21
34
118
55
139
105
43
101
92
138
68
93
15
57
124
104
10
132
70
83
80
64
24
34
134
137
144
126
42
112
45
4
106
16
112
19
77
62
29
66
35
22
84
123
107
50
134
72
73
125
91
115
85
90
47
129
102
65
93
87
79
46
64
130
82
31
12
86
130
26
77
97
89
60
69
109
5
33
25
74
113
111
1
131
116
27
37
133
141
3
66
39
131
6
24
47
7
105
4
62
8
81
15
26
118
78
7
94
98
94
31
17
125
119
133
57
14
54
52
10
111
74
97
118
67
69
19
20
89
63
78
32
100
87
37
56
64
85
17
16
43
55
44
70
76
75
144
112
18
79
29
122
141
26
55
1
39
63
78
62
81
50
4
137
62
95
82
71
53
75
28
19
21
80
134
57
94
111
36
38
59
130
110
121
34
91
49
96
8
29
92
132
144
2
6
103
26
9
132
105
98
14
138
85
69
46
12
24
128
107
143
53
93
16
76
100
115
122
79
72
141
42
59
11
33
89
4
117
83
142
77
7
28
31
131
25
6
127
73
31
101
77
73
32
109
104
106
66
48
96
116
61
45
125
95
35
24
126
20
84
128
121
125
70
30
8
142
99
82
116
40
30
123
105
23
86
13
35
130
118
1
11
81
108
90
54
25
106
5
110
45
46
124
60
67
131
65
123
102
2
10
27
133
136
91
68
52
21
58
135
49
92
83
33
18
109
88
41
87
38
43
98
115
39
9
99
114
107
50
134
3
101
94
112
12
137
58
129
80
42
17
47
119
22
90
48
15
71
44
102
74
113
88
36
40
15
139
129
13
23
65
22
104
3
140
120
113
143
93
114
72
64
136
51
120
7
103
139
60
37
27
127
41
126
61
34
135
56
66
68
86
108
124
138
97
5
84
117
47
140
51
12
24
36
35
23
22
10
11
12
24
36
48
60
72
84
96
108
120
119
118
130
142
141
140
139
138
137
125
124
136
135
123
122
121
109
97
98
110
111
112
113
114
126
127
115
103
102
101
89
77
76
64
65
66
78
90
91
79
67
68
69
57
58
59
47
46
34
33
32
20
8
9
21
33
45
44
43
42
54
55
56
44
45
57
56
55
67
68
80
92
104
116
128
129
117
105
93
81
82
94
106
107
95
83
71
70
82
94
93
105
104
116
115
103
102
101
100
88
87
99
111
112
100
88
76
75
63
51
52
53
41
40
28
27
39
38
26
14
15
16
4
3
2
1
13
25
37
49
50
62
74
86
85
73
61
49
37
38
39
27
28
29
17
5
6
7
19
18
30
31
32
20
21
22
34
46
58
70
69
81
80
92
91
79
78
66
54
42
43
31
19
18
30
29
17
16
15
14
26
25
13
1
2
3
4
5
6
7
8
9
10
11
23
35
47
48
60
59
71
72
84
83
95
96
108
120
119
107
106
118
117
129
130
131
143
131
132
144
132
144
143
142
141
140
128
127
139
138
126
114
113
125
137
136
124
123
135
134
133
121
133
134
122
110
109
97
98
99
87
75
74
86
85
73
61
62
50
51
63
64
52
40
41
53
65
77
89
90
1
13
25
26
14
15
3
2
1
13
25
37
49
61
73
85
97
109
110
111
123
135
136
137
138
139
140
128
129
141
142
130
131
132
120
108
107
119
118
117
116
115
127
126
114
102
103
104
92
80
81
69
68
67
79
91
90
78
66
65
64
52
51
50
38
39
27
28
29
17
5
4
16
28
40
41
42
43
55
54
53
41
40
52
53
54
66
65
77
89
101
113
125
124
112
100
88
76
75
87
99
98
86
74
62
63
75
87
88
100
101
113
114
102
103
104
105
93
94
106
118
117
105
93
81
82
70
58
57
56
44
45
33
34
46
47
35
23
22
21
9
10
11
12
24
36
48
60
59
71
83
95
96
84
72
60
48
47
46
34
33
32
20
8
7
6
18
19
31
30
29
17
16
15
27
39
51
63
64
76
77
89
90
78
79
67
55
43
42
30
18
19
31
32
20
21
22
23
35
36
24
12
11
10
9
8
7
6
5
4
3
2
14
26
38
37
49
50
62
61
73
74
86
85
97
109
110
98
99
111
112
124
123
122
134
122
121
133
121
133
134
135
136
137
125
126
138
139
127
115
116
128
140
141
129
130
142
143
144
132
144
143
131
119
120
108
107
106
94
82
83
95
96
84
72
71
59
58
70
69
57
45
44
56
68
80
92
91
9
133
137
86
14
9
64
135
129
21
54
109
61
113
120
1
12
46
4
27
62
75
14
55
52
134
130
33
58
26
80
134
121
30
34
78
15
46
104
31
44
17
125
77
85
59
50
99
140
105
3
48
27
48
97
81
102
1
74
118
104
84
63
36
51
13
132
68
93
36
117
136
66
58
79
135
13
45
37
68
67
6
12
7
91
88
15
75
144
7
52
142
70
50
110
80
47
32
6
49
115
118
111
20
57
127
25
95
139
16
82
105
131
72
140
28
86
103
39
64
35
69
137
63
16
43
66
11
89
2
29
32
128
129
119
31
94
109
38
90
138
91
4
42
101
11
113
55
19
71
53
76
40
108
117
143
54
72
144
29
47
85
74
124
119
30
142
71
139
51
73
2
107
26
5
122
23
107
100
78
22
112
99
122
10
143
96
62
22
73
44
56
56
45
141
125
84
126
49
39
87
116
37
96
127
69
110
102
89
106
10
65
5
131
97
112
126
24
83
53
33
111
34
70
138
116
60
67
92
141
25
90
18
17
79
92
60
121
103
98
41
123
133
41
93
114
59
130
88
115
42
98
23
61
82
28
65
124
19
21
40
87
57
8
120
83
106
3
43
101
108
35
132
76
77
8
94
38
81
114
136
24
18
128
20
95
100
123
98
86
125
41
21
115
99
63
99
121
13
71
126
44
72
30
110
34
127
76
47
139
128
47
78
140
75
11
92
143
51
56
15
39
93
78
42
87
46
53
128
43
81
119
80
115
135
65
27
40
85
49
114
82
132
111
50
12
24
69
105
61
90
138
134
94
60
30
67
73
9
82
45
117
6
90
49
91
126
31
8
43
16
75
116
17
118
100
64
122
141
85
51
52
121
5
105
57
64
24
61
131
44
79
137
94
124
10
40
137
102
103
109
2
136
79
18
8
112
130
19
65
48
25
50
60
132
18
103
106
62
112
41
124
33
20
77
139
3
37
57
133
101
22
95
58
106
107
113
4
58
131
21
28
97
74
138
101
113
70
129
87
86
133
88
143
88
70
35
38
77
66
52
54
42
20
53
135
54
27
141
104
84
98
80
7
59
95
39
10
83
144
25
4
123
140
59
13
130
36
7
26
14
38
89
68
142
1
23
108
55
127
117
97
142
31
120
33
63
122
66
129
19
96
111
116
102
46
2
62
104
120
91
89
114
108
96
76
37
83
12
5
11
3
29
71
17
23
92
84
67
93
134
69
45
34
22
16
26
119
28
73
72
15
55
9
118
107
81
110
109
74
35
32
123
56
144
29
100
6
136
14
68
48
32
36
125
1
144
143
142
130
131
119
107
108
120
132
144
143
142
141
140
139
138
137
125
126
114
102
101
89
88
100
99
111
123
135
136
124
112
113
101
102
103
115
116
128
129
117
118
106
94
95
83
82
81
93
92
104
105
93
94
82
70
58
59
71
72
60
48
36
35
23
22
34
46
47
48
36
24
12
11
10
9
8
20
19
31
43
42
54
53
41
29
30
18
6
7
8
9
21
33
32
44
45
57
56
68
67
66
78
90
91
79
80
81
69
68
80
92
91
79
67
55
54
66
65
64
76
75
74
86
87
88
100
99
98
110
122
134
133
121
109
97
85
73
61
62
63
51
52
40
39
27
28
16
15
14
13
1
2
3
4
5
17
29
41
53
52
40
28
27
26
25
37
49
50
38
26
14
15
3
2
1
13
25
37
38
50
49
61
62
74
73
85
97
109
121
133
134
135
136
124
125
137
138
139
127
128
140
141
129
130
131
132
120
108
96
84
96
84
72
60
59
47
35
23
24
12
11
10
22
21
20
32
31
19
7
6
5
4
16
17
18
30
42
43
55
56
44
45
33
34
46
58
57
69
70
71
83
95
107
119
118
106
105
117
116
104
103
115
127
126
114
113
112
111
123
122
110
98
86
87
75
76
77
78
90
89
77
65
64
63
51
39
133
121
109
110
122
123
124
136
135
134
133
121
109
97
85
73
61
49
50
62
63
64
52
53
41
40
28
27
26
25
37
38
39
51
52
64
76
75
87
86
98
99
111
112
113
125
126
114
102
101
89
88
100
101
113
114
115
116
128
127
139
140
141
142
130
131
119
118
117
129
141
142
143
144
132
120
108
96
95
83
82
81
69
68
56
57
58
70
71
72
84
96
108
107
106
94
93
105
104
92
91
79
67
66
65
77
78
90
102
103
91
90
89
77
78
79
80
68
67
55
43
42
30
18
17
29
41
40
28
16
15
14
13
1
2
3
4
5
6
7
19
31
32
44
45
33
34
46
47
35
23
11
12
24
36
48
60
59
58
57
56
44
45
46
34
22
10
9
8
20
21
22
23
35
36
24
12
11
10
9
21
20
8
7
19
18
6
5
4
3
2
1
13
25
37
38
50
49
61
73
74
86
85
97
98
110
122
134
135
136
137
138
137
138
139
140
128
129
130
131
143
144
132
120
119
107
95
94
82
83
84
72
60
48
47
59
71
70
69
81
80
92
93
105
106
118
117
116
104
103
115
127
126
125
124
123
111
112
100
99
87
88
76
75
74
62
63
51
39
27
26
14
15
16
17
29
30
42
54
66
65
53
54
55
43
31
32
33
1
58
112
40
47
70
41
57
73
29
135
112
123
84
83
19
125
21
45
108
17
78
132
4
43
15
92
27
56
13
125
7
51
109
115
5
139
65
2
32
82
36
95
43
10
52
18
11
86
46
137
88
117
51
61
69
19
23
84
118
89
49
98
31
107
76
17
113
4
47
79
7
54
143
72
6
92
20
133
67
53
16
141
101
33
91
101
114
122
62
96
8
46
13
102
42
5
111
36
132
138
121
80
44
83
107
12
129
142
26
123
121
87
97
59
24
42
140
45
68
18
85
127
78
138
63
29
56
87
136
77
53
94
73
116
93
74
117
98
12
131
74
124
106
143
81
130
133
97
137
67
3
86
111
88
103
135
127
62
2
142
106
25
55
61
129
79
85
35
68
14
90
50
41
9
96
124
76
110
34
16
66
128
120
49
122
33
136
9
63
91
116
105
35
90
1
119
21
65
141
55
24
82
52
57
144
130
34
131
28
23
11
64
3
37
126
22
104
38
14
69
58
93
77
108
71
89
50
140
31
27
64
128
40
32
99
118
28
54
30
72
8
134
105
139
94
20
44
144
75
15
39
109
70
110
26
30
38
126
81
22
10
114
113
59
104
100
100
102
134
37
6
39
120
99
119
25
103
60
80
48
48
71
75
115
95
66
60
134
73
67
117
16
95
6
104
120
106
117
30
93
1
67
119
128
100
12
39
142
61
46
28
71
43
6
99
36
37
85
92
110
86
40
35
83
141
34
126
116
138
55
4
91
116
15
21
83
65
44
109
122
22
48
88
15
36
30
1
7
29
78
8
69
129
48
69
98
77
66
17
105
134
19
84
66
100
32
113
10
107
102
2
3
112
63
33
29
114
27
5
124
9
93
18
138
18
72
39
132
42
14
55
75
50
115
81
51
97
57
99
130
97
37
102
53
92
23
127
62
79
34
131
74
45
141
129
2
113
110
118
123
90
25
28
144
79
103
121
27
21
38
57
52
111
118
90
96
111
11
16
5
72
106
44
31
125
20
143
13
115
23
133
8
144
89
108
109
122
68
3
42
49
80
20
35
120
54
12
135
54
9
62
139
142
64
10
13
98
126
24
51
53
70
114
52
71
63
140
107
131
88
137
94
84
50
33
49
101
14
25
86
101
76
77
87
41
128
78
19
59
81
137
82
31
127
87
80
123
140
17
104
4
7
136
47
43
108
60
136
85
125
26
139
47
56
75
61
133
26
135
58
70
24
91
112
124
89
46
105
130
96
68
103
121
143
60
119
74
64
94
56
65
38
45
73
11
76
58
32
41
132
59
95
22
40
82
12
24
36
48
60
59
47
46
58
70
69
57
45
44
56
55
43
42
54
66
78
77
76
64
65
53
52
40
41
29
17
18
6
5
4
16
28
27
15
14
2
1
13
25
37
49
50
51
63
62
74
75
87
99
111
112
113
114
102
103
91
92
93
105
106
118
117
116
104
92
80
68
67
79
80
81
82
94
95
83
71
72
84
96
108
107
119
131
132
144
143
142
141
140
139
127
128
129
130
142
141
140
139
138
126
125
137
136
124
123
135
134
133
121
122
110
109
97
98
86
85
73
61
49
37
38
39
40
28
29
30
31
32
33
21
9
8
7
19
20
32
33
34
35
23
11
10
22
34
46
45
44
43
55
54
66
65
77
89
90
91
103
115
114
102
101
100
88
76
75
87
86
74
62
61
73
85
97
109
121
133
134
122
110
98
99
111
112
124
123
135
136
137
138
126
125
113
101
100
88
89
90
78
79
67
68
56
57
69
70
58
59
71
83
82
81
93
94
95
107
106
105
104
116
115
127
128
129
117
118
130
131
143
144
132
120
119
120
108
96
84
72
60
48
47
35
36
24
12
11
23
22
10
9
21
20
8
7
19
18
6
5
17
16
4
3
15
3
2
1
13
25
26
14
26
27
39
38
50
51
63
64
52
53
41
42
30
31
1
2
3
4
5
17
16
28
29
30
42
41
40
52
53
65
64
76
77
78
79
91
103
102
90
89
101
100
88
87
86
74
73
85
97
98
99
111
110
122
121
133
134
135
136
137
125
113
114
126
127
115
116
117
118
106
94
82
81
69
68
56
44
45
33
34
46
58
57
56
55
54
66
67
55
43
31
32
20
19
18
6
7
8
9
21
22
23
11
12
24
36
48
60
72
71
59
47
35
36
48
60
72
84
83
95
96
108
107
119
120
132
144
143
131
130
142
141
129
128
140
139
138
137
136
124
112
100
99
87
75
63
51
39
38
37
49
61
62
50
51
39
27
15
14
13
25
26
27
28
40
52
64
65
77
78
90
91
92
80
68
69
70
82
81
93
105
104
103
115
116
128
127
126
138
139
140
141
142
143
144
132
131
130
129
117
118
106
107
119
120
108
96
84
83
95
94
93
105
104
92
80
79
67
66
54
53
41
42
30
29
17
18
19
31
43
44
32
20
21
33
45
57
58
70
71
59
47
46
34
35
23
24
12
11
10
22
10
9
8
7
6
5
4
16
15
3
2
1
13
14
26
25
37
38
50
49
61
62
74
73
85
86
98
97
109
110
109
121
133
134
135
123
122
123
111
112
124
125
113
114
102
101
89
88
76
75
63
