##Rat 7 Day 47
 ##rewards
62
51
129
##Vertices
144
132
120
108
107
106
94
95
96
84
72
60
48
47
59
58
46
34
33
21
22
23
11
12
24
36
35
34
33
45
57
69
70
82
83
71
72
84
96
108
120
119
131
143
142
141
140
139
138
126
125
137
136
135
134
133
121
109
110
98
97
85
73
61
62
74
86
87
88
89
101
102
114
115
127
128
129
130
118
117
116
104
105
93
81
80
92
91
90
78
66
65
64
63
51
52
53
54
55
43
44
32
20
8
7
6
5
17
29
30
18
19
31
32
44
56
68
67
79
80
81
93
92
104
103
115
114
113
112
124
123
111
99
100
101
113
112
100
88
76
77
65
53
41
42
43
31
30
42
41
40
39
38
26
27
15
3
4
16
28
40
52
51
50
49
37
25
13
14
2
1
2
1
13
14
26
25
37
38
39
27
15
3
4
16
28
29
17
5
6
18
19
7
8
20
21
9
10
9
10
22
23
11
12
24
36
35
47
48
60
59
58
46
45
57
56
55
54
66
78
77
89
90
102
103
91
79
67
68
69
70
71
83
82
94
95
107
119
131
132
144
143
142
130
118
106
105
117
116
128
129
141
140
139
127
126
138
137
125
124
136
135
134
122
123
111
99
98
86
87
75
76
64
63
75
74
62
50
49
61
73
85
97
109
110
122
121
133
133
134
135
136
124
112
113
125
137
138
139
140
141
129
128
116
117
118
106
107
119
131
132
144
143
142
130
118
106
105
104
103
115
114
126
127
139
138
137
136
135
123
122
121
109
97
85
73
61
62
50
49
37
25
13
1
2
3
15
16
4
5
6
7
19
18
17
29
41
53
52
64
63
75
74
86
98
110
111
99
87
88
100
101
102
90
89
77
65
66
67
55
43
31
32
44
56
68
80
81
93
94
95
96
84
72
60
59
58
70
71
83
82
94
93
92
91
79
78
90
102
101
89
88
76
75
63
51
39
38
26
27
28
40
52
51
39
40
41
42
54
55
56
57
69
81
82
70
69
57
45
33
21
22
34
35
36
48
47
46
45
44
32
20
8
9
10
11
23
24
12
24
12
11
23
22
10
9
21
33
34
35
36
48
47
46
58
59
60
72
71
83
84
96
95
107
108
120
108
120
119
131
132
144
143
142
130
129
141
140
128
116
117
105
104
92
80
68
67
66
54
53
65
64
76
77
78
79
91
103
115
127
126
114
113
125
124
123
122
134
133
121
109
110
111
112
100
99
87
86
98
97
85
73
74
62
61
49
50
38
37
25
13
14
26
27
28
16
17
29
30
42
43
31
30
18
19
20
8
7
6
5
4
3
15
14
2
1
47
9
28
68
77
83
6
63
128
7
38
93
133
23
9
131
2
142
135
134
63
12
113
50
22
40
59
89
32
64
55
58
112
94
92
80
26
140
67
129
138
93
13
124
49
17
85
82
42
139
127
11
116
99
41
42
126
28
99
16
50
41
13
138
77
29
58
120
33
12
35
65
29
102
81
81
76
112
48
61
51
67
61
103
90
30
26
20
72
20
18
30
1
15
144
5
71
111
34
37
7
73
47
73
62
78
17
56
130
123
43
84
125
40
107
140
16
8
70
110
21
45
27
122
54
72
14
4
133
69
91
38
25
111
102
49
137
10
60
105
36
51
14
83
85
95
87
18
104
24
109
107
141
45
106
39
46
125
78
79
74
123
101
128
142
126
121
132
98
35
88
59
90
84
86
132
21
141
65
139
96
109
5
127
82
79
64
118
114
53
24
33
136
75
86
27
101
137
118
1
10
66
94
53
56
122
55
114
120
87
100
95
143
89
88
91
108
97
136
103
115
46
32
3
60
104
144
4
57
105
130
44
6
71
22
96
57
15
43
37
44
34
131
117
119
52
75
121
100
19
11
8
143
70
108
2
76
19
52
97
116
113
31
129
135
80
39
110
74
66
23
62
54
3
69
98
117
31
68
124
134
92
106
48
119
36
115
25
59
91
101
48
9
33
115
103
28
109
121
15
60
49
88
7
6
11
32
19
82
24
119
13
139
103
106
139
30
41
110
75
27
10
12
100
80
85
128
86
36
75
5
71
78
30
119
46
22
140
70
6
84
138
122
96
125
128
110
136
11
94
112
37
17
61
120
111
61
4
14
133
63
108
32
127
107
137
69
138
62
35
42
83
99
87
8
76
105
58
65
102
88
72
142
47
51
85
55
21
43
48
20
58
62
137
54
126
60
130
125
113
132
95
25
31
93
34
1
44
35
19
113
67
25
4
73
20
111
16
74
40
89
54
51
84
81
5
2
124
129
3
83
64
59
144
92
40
117
68
90
117
63
16
142
89
80
104
121
77
115
21
136
66
50
44
56
99
129
132
122
134
23
133
135
34
67
15
71
116
79
27
74
68
131
26
23
108
79
18
64
126
37
97
106
17
114
116
52
14
141
143
39
56
57
98
50
43
95
120
93
39
9
90
55
92
96
26
130
2
33
86
28
101
135
131
102
107
3
45
7
123
82
38
104
22
10
97
38
29
105
41
66
69
112
18
24
76
57
31
143
78
8
13
123
47
118
53
144
77
127
109
53
118
29
91
94
124
98
72
87
73
36
114
65
81
140
100
1
42
70
45
141
12
52
134
46
49
1
2
14
26
38
37
25
13
1
2
3
4
5
17
29
41
42
30
31
43
55
54
53
65
66
67
79
80
68
69
81
93
94
82
70
71
83
84
96
95
107
108
120
119
118
106
105
117
129
130
131
132
144
143
142
141
140
139
127
126
114
113
125
124
123
122
121
133
134
135
136
137
138
139
140
128
116
115
103
102
90
91
92
104
103
91
79
78
77
76
88
87
86
98
99
100
112
111
110
109
97
85
73
61
62
74
75
63
64
52
40
28
16
15
27
39
51
50
49
61
73
85
97
98
86
74
75
87
99
100
101
89
88
76
64
52
40
41
29
30
18
6
7
19
20
8
9
21
22
10
11
23
24
36
35
34
33
45
57
56
44
32
33
34
46
47
48
60
72
84
96
108
107
106
118
130
131
119
120
132
144
143
142
141
129
117
116
128
127
115
114
126
138
137
125
124
136
135
134
133
121
109
110
122
123
111
112
113
101
102
90
89
77
78
66
65
53
54
42
43
44
45
57
56
55
67
68
80
92
104
105
93
94
95
83
82
81
69
70
58
46
58
59
71
72
60
59
47
48
36
35
23
22
21
20
32
31
19
18
17
16
28
27
39
51
63
62
50
49
37
38
26
25
13
14
15
3
4
5
6
7
8
9
10
11
12
24
12
12
24
23
22
21
9
10
11
12
24
36
48
60
59
58
57
69
70
82
81
80
68
56
55
67
79
78
90
91
103
102
101
113
114
115
127
126
138
137
125
124
136
135
123
111
112
100
99
98
110
122
134
133
121
109
97
85
73
74
62
63
51
50
38
26
14
2
1
13
25
37
49
61
73
85
86
87
75
76
64
65
77
89
88
76
77
78
66
54
42
41
29
17
16
28
40
39
27
15
3
4
5
6
7
19
18
30
31
43
44
45
46
47
35
34
33
32
20
8
7
6
5
4
16
17
18
30
29
28
40
52
53
41
42
43
44
45
57
58
70
71
72
84
83
95
96
108
107
119
120
132
131
143
142
130
118
106
105
104
92
93
94
106
118
117
129
141
140
139
138
137
136
124
112
111
110
122
123
135
134
133
121
109
97
98
99
87
86
74
75
63
62
61
49
50
38
37
25
13
1
2
3
15
14
26
27
39
51
52
64
65
53
54
66
67
55
56
68
69
81
93
105
104
92
80
79
91
90
89
88
100
101
113
125
126
114
102
103
115
116
117
116
128
127
139
140
128
129
141
142
130
131
119
107
95
94
82
83
71
59
47
46
34
33
32
31
19
20
8
9
21
22
10
11
23
35
36
48
60
72
84
96
108
120
132
144
143
144
49
61
52
44
99
7
93
130
124
76
70
8
107
143
141
22
139
4
94
43
39
120
10
9
64
90
29
68
1
107
108
20
47
42
136
57
144
114
54
14
131
80
115
17
69
44
139
30
12
79
15
78
136
122
134
112
133
75
75
22
43
73
108
65
28
98
144
80
28
49
52
63
96
23
111
84
84
67
37
13
119
37
36
111
71
110
86
83
41
77
2
53
24
34
48
82
127
132
133
137
26
74
100
48
33
14
93
45
116
12
63
74
140
56
110
78
118
129
142
98
33
109
47
36
25
45
100
59
53
65
18
62
116
19
86
55
125
87
120
30
121
51
6
46
21
67
138
117
61
40
35
72
89
83
79
55
129
138
4
66
2
96
51
66
85
128
95
42
40
8
135
39
32
16
135
16
60
106
56
112
72
105
123
10
101
3
60
137
127
58
142
90
38
105
131
70
88
9
113
38
143
140
64
132
13
77
89
57
20
21
46
54
123
62
126
31
11
29
103
92
24
104
27
7
18
121
88
81
128
118
103
102
125
19
71
114
94
76
130
31
34
97
17
115
3
27
11
119
50
81
41
50
6
102
58
82
26
113
5
106
5
32
91
104
73
87
122
25
126
59
68
23
95
117
134
141
85
109
69
99
1
35
101
15
97
92
91
124
19
92
139
97
34
67
73
56
54
112
140
96
100
33
80
20
50
26
99
29
12
11
81
85
52
83
36
143
109
137
129
74
88
138
83
132
58
41
20
80
57
25
97
62
29
135
17
69
101
141
75
59
132
98
10
2
120
54
73
136
127
57
50
65
77
21
139
104
76
105
113
21
103
93
32
118
90
94
143
107
42
102
31
37
17
119
117
134
135
70
72
72
53
26
1
101
114
125
86
137
118
6
16
126
78
41
39
9
3
110
95
63
79
38
23
71
1
106
88
8
96
28
11
59
75
60
49
117
108
48
2
90
131
106
47
32
134
19
87
91
115
64
114
78
126
115
122
34
76
7
64
66
91
31
62
60
8
68
56
123
61
6
86
67
14
142
127
3
77
125
84
46
68
65
9
5
15
140
58
99
7
112
69
128
95
36
131
70
22
18
107
44
123
13
44
35
84
128
144
121
102
14
111
74
119
89
103
38
142
124
33
121
48
53
111
98
129
43
109
124
92
43
15
133
100
52
55
89
46
55
10
141
51
93
27
4
133
30
85
82
24
61
63
23
144
122
108
87
136
13
24
5
16
4
30
28
130
110
81
37
25
71
40
130
22
113
105
116
82
49
45
116
18
51
39
40
104
35
45
138
47
12
27
94
42
66
120
79
133
134
122
110
109
97
85
73
61
49
37
25
26
38
39
40
52
53
41
29
30
18
6
7
8
20
21
9
10
22
23
11
12
24
36
48
47
46
45
57
56
44
32
33
34
35
36
48
60
59
58
70
69
68
67
55
43
42
54
66
65
64
76
75
63
51
50
62
74
86
87
88
100
112
113
125
137
138
126
127
139
140
128
129
141
142
143
131
119
120
108
96
84
72
71
83
95
107
106
105
104
103
115
116
117
118
130
142
141
140
139
138
137
136
135
123
124
112
111
99
98
97
85
86
87
75
76
77
78
79
91
90
102
114
126
127
128
129
130
118
117
116
115
103
104
92
93
94
82
81
80
68
67
66
65
64
52
40
28
27
15
14
2
3
4
16
17
5
6
7
19
18
17
5
4
16
15
3
2
1
13
1
13
14
26
25
37
49
61
73
74
62
63
51
50
38
39
27
28
29
41
53
54
42
30
31
19
20
8
9
21
33
32
31
43
55
56
44
45
46
34
22
10
11
12
24
23
35
47
59
60
72
84
83
71
70
58
57
69
81
82
94
95
96
108
120
132
144
143
144
132
131
119
107
106
105
93
92
80
79
91
90
78
77
89
101
100
99
98
110
111
123
122
121
109
121
133
134
135
136
124
125
113
114
102
101
89
88
144
132
131
130
142
141
140
139
127
115
103
91
90
78
77
89
88
87
75
76
64
65
66
54
53
41
29
30
18
6
7
8
9
10
22
34
46
58
59
60
48
47
35
23
24
12
11
10
9
21
20
19
31
43
42
41
40
28
27
39
38
50
62
74
73
61
49
37
25
26
14
13
1
2
3
4
5
17
16
15
27
28
29
30
42
43
44
32
33
45
57
69
68
80
79
67
55
56
44
45
57
58
70
82
94
95
83
71
72
84
96
108
107
119
120
108
96
95
94
106
118
117
116
128
129
141
140
139
138
126
114
102
101
100
112
111
123
135
136
124
125
137
136
135
134
133
121
122
110
109
97
85
86
98
99
87
75
63
51
52
64
76
88
89
77
78
79
80
81
93
105
104
105
93
92
104
92
91
90
102
103
115
116
117
118
106
107
119
120
132
131
143
144
143
142
130
129
128
127
126
138
137
125
113
114
113
101
100
112
124
123
122
134
133
121
109
110
111
99
98
97
85
86
74
73
61
49
50
62
63
51
52
40
39
38
37
25
26
14
13
1
2
3
15
16
4
5
17
18
6
7
8
20
19
31
32
33
21
22
23
11
12
24
36
48
36
35
34
46
47
59
60
72
84
83
71
70
82
81
69
68
67
66
65
53
54
55
56
3
21
136
47
107
59
125
144
32
51
14
128
38
98
84
67
48
86
31
100
119
94
55
114
27
30
50
40
27
82
76
77
6
14
138
25
136
53
119
137
64
13
65
108
6
22
110
71
52
90
66
131
29
56
117
15
18
97
40
124
116
115
55
114
121
128
52
123
118
118
80
39
125
98
130
144
132
112
63
96
26
81
49
75
11
140
103
109
28
93
91
10
131
110
124
108
87
142
68
133
5
69
102
85
88
123
134
115
30
141
54
34
60
120
74
92
33
101
44
63
117
72
34
142
72
16
129
9
51
32
67
87
81
76
46
1
8
58
47
112
48
100
13
129
7
102
17
35
56
106
105
143
36
10
23
73
41
57
29
1
77
19
15
37
66
83
73
79
80
68
127
111
9
97
37
91
104
21
5
39
16
139
132
74
89
79
96
17
36
109
49
139
4
71
104
46
105
99
42
61
70
12
35
99
2
143
84
4
122
12
70
103
44
60
88
18
120
127
83
95
116
89
33
75
19
111
54
69
23
26
86
78
93
45
20
92
135
95
59
134
41
101
106
58
64
90
57
31
28
24
85
50
137
113
8
61
62
78
62
7
22
43
130
82
122
138
53
38
135
25
2
42
24
43
113
126
20
65
140
107
126
121
94
141
133
3
45
11
110
80
1
23
79
23
2
19
77
76
117
71
54
25
22
123
91
40
8
41
59
38
47
42
139
76
25
133
89
121
7
73
137
115
77
110
116
39
20
1
129
106
144
35
3
91
11
112
43
12
21
107
102
139
45
103
85
42
28
39
122
57
57
51
49
101
97
58
62
38
78
31
141
49
89
52
121
117
27
30
138
29
64
79
46
61
24
5
54
56
74
120
37
83
66
119
41
12
128
108
115
94
46
33
20
100
106
61
103
97
60
136
96
68
108
40
88
122
140
138
9
71
6
131
92
92
3
141
114
104
15
15
87
119
143
13
127
63
99
52
55
98
86
74
32
105
69
90
78
109
114
7
69
95
58
81
13
72
24
132
124
60
18
56
10
82
111
34
47
116
123
125
133
55
5
100
109
17
68
16
126
11
72
65
144
130
84
137
19
93
6
36
22
129
14
95
87
18
143
124
4
88
67
136
120
82
135
130
31
29
104
35
99
34
93
26
17
36
112
59
105
48
107
45
51
96
32
44
62
85
83
84
113
50
43
8
26
63
27
98
37
73
64
134
101
28
33
102
90
128
81
75
44
10
134
118
86
131
67
75
53
126
113
53
21
50
14
65
80
142
70
66
111
118
9
142
127
48
4
30
16
2
135
125
132
94
140
70
