##Rat 2 Day 18
 ##rewards
18
29
107
##Vertices
85
99
50
102
140
94
139
71
97
3
36
17
20
56
78
85
106
126
83
2
102
37
95
46
25
103
35
75
6
47
52
92
92
7
125
74
129
80
128
101
123
21
31
10
8
62
142
131
5
43
107
139
4
13
45
84
25
137
48
134
105
67
90
82
29
127
72
17
54
18
1
68
34
68
11
44
45
59
121
110
51
12
114
101
131
73
132
57
65
76
111
114
48
138
46
77
4
22
89
9
144
138
141
74
62
75
42
99
59
13
67
141
127
109
72
106
91
41
11
32
64
100
61
38
1
119
124
26
136
50
121
87
65
116
136
69
16
29
28
144
129
31
125
55
135
33
120
82
86
126
80
98
118
42
118
73
128
41
53
9
66
18
49
124
34
77
78
23
40
76
70
113
132
96
5
37
14
108
130
33
95
84
109
142
79
14
52
86
104
104
21
93
40
98
2
49
90
134
58
44
16
143
54
27
51
43
39
96
133
64
53
22
57
105
88
58
137
38
47
55
88
70
12
116
119
71
133
15
103
79
61
39
107
10
122
60
123
115
115
30
117
100
111
81
112
89
122
23
7
140
113
3
110
97
28
60
35
108
112
91
83
19
69
30
87
117
15
93
24
143
36
63
19
24
6
63
20
56
81
26
120
135
130
32
94
66
27
8
25
54
73
109
118
107
60
116
45
131
144
6
33
86
69
132
120
139
43
95
65
28
18
67
62
133
98
110
126
93
21
47
105
108
59
114
71
19
90
89
19
41
119
140
75
120
32
88
37
140
76
1
51
56
137
35
87
57
5
63
64
95
142
109
129
132
53
122
52
124
93
103
108
81
72
52
68
96
115
106
99
121
53
22
123
143
5
143
137
30
136
119
68
100
84
71
3
59
97
92
24
46
33
22
79
29
42
144
48
97
36
14
11
92
66
70
12
44
91
57
135
13
76
117
50
111
54
38
73
20
8
21
117
75
83
10
58
99
6
125
60
102
45
23
80
64
77
13
31
84
9
11
4
56
62
48
24
61
128
91
39
126
26
67
51
10
36
138
18
100
35
113
49
29
72
42
83
2
101
106
78
65
74
88
127
129
8
111
141
122
25
102
105
130
58
39
15
63
49
80
90
12
103
27
20
23
138
43
87
115
70
17
116
98
15
61
74
28
124
135
89
41
127
47
3
7
85
128
32
94
81
133
85
46
139
16
86
82
7
142
121
9
96
131
114
38
112
4
130
112
17
55
123
110
113
107
26
79
30
16
69
34
44
40
136
37
94
134
78
125
134
34
104
118
31
55
77
104
66
40
50
2
1
82
141
27
14
101
12
24
36
48
60
59
47
46
58
70
69
57
45
44
56
55
43
42
54
66
78
77
76
64
65
53
52
40
41
29
17
18
6
5
4
16
28
27
15
14
2
1
13
25
37
49
50
51
63
62
74
75
87
99
111
112
113
114
102
103
91
92
93
105
106
118
117
116
104
92
80
68
67
79
80
81
82
94
95
83
71
72
84
96
108
107
119
131
132
144
143
142
141
140
139
127
128
129
130
142
141
140
139
138
126
125
137
136
124
123
135
134
133
121
122
110
109
97
98
86
85
73
61
49
37
38
39
40
28
29
30
31
32
33
21
9
8
7
19
20
32
33
34
35
23
11
10
22
34
46
45
44
43
55
54
66
65
77
89
90
91
103
115
114
102
101
100
88
76
75
87
86
74
62
61
73
85
97
109
121
133
134
122
110
98
99
111
112
124
123
135
136
137
138
126
125
113
101
100
88
89
90
78
79
67
68
56
57
69
70
58
59
71
83
82
81
93
94
95
107
106
105
104
116
115
127
128
129
117
118
130
131
143
144
132
120
119
120
108
96
84
72
60
48
47
35
36
24
12
11
23
22
10
9
21
20
8
7
19
18
6
5
17
16
4
3
15
3
2
1
13
25
26
14
26
27
39
38
50
51
63
64
52
53
41
42
30
31
133
134
135
136
137
125
124
112
113
114
102
101
100
88
89
77
76
64
65
66
67
55
43
42
54
53
41
40
52
51
50
62
61
49
37
38
39
27
26
14
13
1
2
3
4
5
17
29
30
18
19
31
32
33
34
46
58
70
69
81
80
92
104
105
117
118
106
94
93
92
91
90
78
79
91
103
115
116
128
127
126
138
139
140
141
129
130
131
143
144
132
120
108
96
84
83
95
107
119
120
108
96
84
72
71
59
60
48
47
35
36
24
12
11
23
22
10
9
21
20
8
7
6
5
4
16
28
40
39
51
63
75
87
99
98
97
85
73
74
86
87
99
111
123
122
121
109
110
111
112
100
88
76
77
65
66
54
55
56
68
80
81
82
70
69
57
45
44
43
31
32
20
19
18
6
7
8
9
10
11
12
24
23
22
21
33
34
46
47
35
36
48
60
72
71
59
58
57
45
44
56
68
67
79
78
90
89
101
102
114
113
125
126
127
115
103
104
116
128
129
117
105
93
94
82
83
95
107
106
118
119
131
132
144
143
142
130
142
141
140
139
138
137
136
124
123
135
134
133
121
122
110
109
97
98
86
85
73
74
62
61
49
50
38
37
25
26
25
13
1
2
3
15
14
15
27
28
16
17
29
30
42
41
53
52
64
63
75
109
91
115
130
88
138
13
117
131
61
26
117
35
69
11
66
103
144
113
98
120
107
91
59
97
33
31
123
139
34
1
10
110
69
31
16
96
118
30
21
58
101
46
82
135
50
56
124
5
2
113
56
60
95
8
93
49
3
4
21
10
136
114
52
132
8
123
83
102
110
89
100
57
48
55
72
47
134
37
26
140
52
133
57
135
115
88
77
99
55
68
39
72
48
6
61
13
133
20
34
30
126
103
84
92
12
67
78
76
19
80
60
32
104
104
92
54
105
35
138
121
36
64
111
38
125
140
17
64
73
102
131
105
127
81
139
144
95
128
120
5
75
62
118
106
141
90
68
65
2
86
79
44
94
126
80
40
94
127
76
125
108
42
43
45
101
37
93
33
70
28
3
74
130
128
111
41
119
79
107
85
11
106
114
39
96
112
58
17
122
78
51
75
89
129
141
40
119
132
49
28
74
45
42
23
98
23
41
121
87
109
100
84
53
59
47
122
22
14
38
36
25
63
112
142
9
27
9
1
19
15
53
71
142
15
44
25
129
86
29
62
143
63
137
82
18
18
24
99
32
81
6
134
12
66
90
116
46
43
50
29
87
70
16
7
77
71
73
136
24
97
4
108
7
85
22
143
27
116
83
67
137
51
20
124
65
54
14
101
123
48
86
126
68
99
139
35
106
78
76
142
94
7
59
63
25
63
57
56
3
138
32
85
91
51
80
55
42
101
120
60
21
93
22
33
117
9
144
117
124
89
135
14
33
5
87
102
136
28
50
19
118
123
37
65
75
131
103
86
61
58
115
54
93
127
114
8
135
64
125
102
35
44
55
126
132
74
132
90
80
36
28
44
42
66
111
87
144
134
6
128
83
14
140
26
10
25
38
104
88
84
73
98
105
15
36
73
31
39
1
100
64
18
114
99
111
122
91
47
110
88
38
112
32
13
12
106
17
113
116
46
97
40
143
39
104
136
8
105
13
95
115
127
100
45
107
69
49
60
133
120
67
130
69
2
74
70
6
30
40
3
43
82
141
30
52
139
12
119
129
61
137
110
118
137
4
41
90
109
65
48
11
23
72
43
24
124
128
122
58
27
96
52
20
20
45
96
27
57
92
71
112
131
49
21
47
53
79
77
24
62
116
67
18
59
41
70
29
1
97
26
79
54
81
11
66
108
134
72
107
138
9
133
53
81
121
140
75
113
71
16
29
7
56
125
143
129
15
62
46
4
37
142
85
95
84
10
19
5
89
83
82
22
98
23
76
94
51
77
119
34
130
121
16
103
17
68
78
141
2
34
109
108
50
92
31
1
2
14
13
25
26
38
37
49
50
51
39
40
52
64
63
62
61
73
85
86
74
75
87
99
111
112
124
125
113
101
89
77
76
88
100
99
98
97
109
110
122
121
133
134
135
136
137
138
139
127
126
114
102
90
91
79
67
55
54
42
43
44
45
57
69
68
80
81
82
94
93
105
106
107
95
96
108
120
132
144
143
131
119
118
117
129
130
142
141
140
128
116
104
92
91
103
115
114
102
103
115
116
104
92
80
81
69
70
71
59
47
35
23
22
21
9
8
20
19
31
32
33
34
46
58
57
56
44
45
46
58
70
82
83
84
72
60
48
36
24
12
11
10
9
8
7
6
5
17
18
30
29
28
27
15
3
4
16
28
27
39
51
63
64
65
53
41
29
30
31
32
33
21
20
19
7
6
18
17
5
4
16
15
3
2
1
13
14
26
25
37
38
50
49
61
62
74
73
85
86
87
75
76
77
65
66
67
68
56
55
43
42
41
40
52
53
54
66
78
79
78
90
89
88
100
101
113
112
111
123
124
123
122
110
98
97
109
121
133
134
135
136
137
125
126
138
139
127
128
140
141
129
130
142
143
144
132
131
119
120
108
107
106
118
117
105
93
94
95
96
84
83
71
72
60
59
47
48
36
35
23
24
12
11
10
22
34
144
132
131
143
142
130
129
141
140
128
116
117
105
104
103
115
127
139
138
137
125
126
114
113
112
111
99
98
86
87
88
89
90
102
101
100
112
124
136
135
123
122
134
133
121
109
97
85
73
61
62
74
75
76
77
65
66
67
68
80
81
69
57
45
44
43
55
54
42
30
29
41
40
28
16
17
5
4
3
2
1
13
14
15
27
39
38
26
25
37
49
50
51
52
53
65
64
63
75
76
64
63
51
52
53
54
42
43
31
19
20
21
22
23
35
47
48
60
59
71
70
58
46
34
33
32
44
56
57
45
33
32
31
30
18
6
7
8
9
10
11
12
24
36
48
60
72
84
96
95
83
82
94
106
118
119
120
108
107
106
118
117
116
115
103
91
92
93
94
82
70
58
46
47
59
71
72
84
83
95
96
108
107
119
120
132
144
143
131
130
142
141
129
128
140
139
127
126
138
137
125
113
114
102
90
91
79
67
55
56
68
69
81
93
105
104
92
80
79
78
66
78
77
89
101
100
88
87
99
111
110
98
110
122
123
124
136
135
134
133
121
109
97
85
86
74
73
61
62
50
49
37
38
26
25
13
1
2
14
15
3
4
16
28
27
39
40
41
29
17
5
6
18
19
7
8
20
21
9
10
22
23
11
12
24
36
35
34
22
127
35
10
108
135
34
116
39
23
117
31
115
102
83
130
68
79
21
62
95
140
64
105
74
50
2
90
100
98
24
96
139
37
53
134
140
59
69
139
63
53
28
63
88
125
64
42
3
76
35
20
127
71
43
44
9
47
131
101
48
6
114
111
67
51
52
107
32
97
4
75
24
54
70
5
106
134
7
14
25
57
28
34
101
110
33
108
130
106
43
94
84
124
19
78
89
113
49
88
99
122
1
26
136
23
135
61
112
91
39
103
131
12
30
103
60
129
25
78
19
109
8
81
11
104
80
31
49
17
21
40
32
20
46
132
138
73
65
143
107
86
15
121
128
110
45
37
12
100
121
40
16
132
41
138
66
137
129
75
72
136
69
89
124
128
58
33
66
115
8
5
11
71
55
73
30
7
122
102
97
93
46
98
2
38
54
18
123
120
3
52
116
14
36
57
141
45
48
125
119
99
85
56
68
22
44
133
13
92
86
36
9
26
85
77
95
119
126
42
84
4
111
126
1
41
62
74
93
113
120
144
80
87
29
15
81
118
65
61
27
70
18
47
51
109
6
87
72
96
114
144
38
90
67
105
92
79
55
117
118
142
91
59
83
77
10
94
17
13
133
112
143
137
76
56
104
27
50
141
82
142
123
58
16
82
60
29
29
118
143
5
23
112
125
142
38
92
9
56
110
104
47
19
30
42
85
100
85
15
135
72
115
64
47
9
82
138
30
120
136
28
14
111
124
83
121
72
52
124
142
58
81
134
34
5
144
45
59
17
4
46
98
48
117
59
18
32
66
90
34
21
119
131
8
23
93
117
31
138
133
82
128
87
61
16
139
52
63
26
12
65
144
109
6
127
99
108
11
19
45
51
93
130
39
107
92
18
95
35
116
134
106
60
44
101
29
4
40
103
25
114
63
22
86
1
46
70
139
68
112
8
12
43
126
74
16
60
115
105
37
13
132
11
114
35
10
62
57
6
105
130
133
36
94
95
24
27
126
86
84
102
67
40
96
62
122
20
119
141
69
66
77
36
65
125
73
83
132
87
55
53
57
17
129
91
53
71
38
70
24
48
33
80
140
137
55
78
43
75
136
69
116
123
26
22
28
108
123
89
77
7
51
78
74
97
102
80
75
110
118
101
54
111
15
13
113
25
113
31
135
131
88
49
79
64
127
128
104
10
41
122
21
137
90
81
7
3
88
103
98
3
97
79
39
14
41
143
91
58
68
121
76
106
71
109
141
129
84
50
94
76
44
96
33
107
99
2
37
1
27
50
49
2
42
73
120
20
56
61
32
100
89
67
54
140
133
121
109
97
98
110
111
123
122
134
135
136
137
138
126
125
113
112
124
136
137
125
113
114
115
127
128
116
117
129
141
140
139
138
126
114
102
103
91
79
78
77
76
64
63
51
52
40
39
27
28
16
15
14
26
25
13
1
2
3
4
5
6
7
8
9
10
11
12
24
36
35
23
22
34
46
45
57
69
68
56
55
54
53
65
66
67
55
43
44
32
20
21
33
32
31
30
29
41
42
43
31
19
18
17
5
4
16
28
27
39
38
37
49
61
62
50
51
63
75
87
86
85
73
74
75
76
88
100
101
89
90
102
103
104
92
80
81
82
70
71
83
84
96
95
94
93
105
106
107
108
120
119
131
130
142
143
144
132
120
108
96
84
72
60
59
58
70
69
68
67
66
54
53
65
64
52
40
41
42
30
29
17
18
6
7
19
20
8
9
21
33
45
44
56
57
58
59
47
48
36
24
12
11
10
22
23
35
34
46
47
48
60
72
71
83
95
94
82
81
93
105
106
107
119
118
117
118
130
131
132
144
143
142
141
129
128
140
139
127
115
116
104
92
80
79
91
90
78
77
89
101
100
112
124
123
135
134
133
121
122
110
109
97
85
73
61
49
37
25
13
1
2
3
15
14
26
38
50
62
74
86
98
99
111
99
87
88
1
2
3
4
16
15
27
26
14
13
25
37
49
61
62
50
51
39
38
37
49
50
51
63
75
74
86
87
99
98
97
85
73
61
62
63
64
76
77
78
66
54
42
43
31
32
44
45
33
34
46
47
35
23
22
10
11
12
24
36
48
60
72
84
96
108
120
132
144
143
142
130
131
119
118
117
105
104
103
91
92
80
68
56
55
67
79
80
81
93
94
95
107
106
94
82
70
58
57
69
81
82
83
71
59
60
48
47
46
34
33
21
9
8
7
19
20
32
31
30
29
17
5
6
18
30
42
41
40
52
53
65
64
76
88
89
90
102
114
115
127
126
138
137
125
113
101
100
112
124
136
135
123
122
110
109
121
133
134
135
136
137
138
139
140
128
116
115
103
91
79
67
68
56
55
43
44
45
57
69
70
58
59
71
72
84
83
95
96
108
107
106
105
93
92
104
116
128
129
141
142
143
144
132
120
119
131
130
118
117
129
141
140
139
127
126
125
113
114
102
101
100
112
124
123
111
99
111
110
122
134
133
121
109
97
98
86
85
73
74
75
87
88
89
90
78
77
65
66
54
53
52
40
39
38
26
25
13
1
2
14
15
3
4
5
6
7
8
9
10
11
12
24
36
35
23
22
21
20
19
18
17
16
28
27
28
29
41
