##Rat 1 Day 49
 ##rewards
19
32
98
##Vertices
144
143
131
119
120
108
96
84
83
82
81
80
68
67
55
56
44
32
31
43
42
54
66
65
53
52
51
63
62
61
73
85
97
109
110
111
112
113
125
137
136
124
123
122
134
133
121
109
97
98
86
74
75
76
64
52
40
39
27
28
16
17
18
19
7
6
5
4
3
15
14
2
1
13
25
37
49
50
38
26
27
39
51
63
64
76
88
87
99
100
101
102
90
91
79
78
77
89
88
100
101
113
114
115
116
128
127
126
138
139
140
141
129
130
142
141
140
128
116
117
118
106
94
95
107
108
96
84
72
71
70
69
57
45
46
34
35
36
48
47
59
60
48
36
24
12
11
23
22
10
9
8
20
21
33
32
31
30
29
41
42
43
44
56
55
67
79
91
103
104
105
93
105
104
92
93
92
80
68
69
81
82
94
106
118
117
129
130
142
143
131
132
144
132
120
119
107
95
83
71
72
60
59
58
70
58
57
45
46
47
35
23
24
12
11
10
22
34
33
21
9
8
20
19
7
6
5
17
18
30
29
41
40
28
16
4
3
15
14
2
1
13
25
26
38
37
49
50
62
61
73
85
86
74
75
87
99
98
110
122
121
133
134
135
136
135
123
111
112
124
125
137
138
139
127
126
114
115
103
102
90
78
66
54
53
65
77
89
12
24
36
48
60
59
47
35
23
11
10
22
34
33
45
57
56
68
69
81
93
94
82
83
84
96
95
107
108
120
132
131
130
129
141
140
128
116
104
92
91
103
102
90
78
66
65
77
76
64
52
53
41
42
54
55
67
79
80
92
104
105
106
118
119
120
108
96
84
72
71
70
58
46
45
44
32
31
43
44
32
20
8
9
21
33
34
46
58
57
69
81
93
105
117
116
115
114
126
125
124
136
135
123
111
112
113
101
89
88
100
99
87
86
98
97
109
110
122
121
133
134
135
136
137
138
139
127
115
103
102
101
89
88
100
99
87
75
63
62
74
73
61
49
37
38
50
51
39
27
15
16
17
29
28
40
41
29
30
18
6
5
4
3
2
1
13
14
26
25
37
38
26
25
13
1
2
14
15
3
4
16
28
27
39
40
52
53
65
64
63
51
50
49
61
62
74
75
76
77
78
90
91
79
80
68
56
55
67
66
54
42
43
31
30
18
17
5
6
7
19
20
19
7
8
9
21
22
10
11
12
24
23
35
36
48
47
59
60
72
71
70
82
83
95
107
119
131
132
144
143
144
143
142
130
142
141
140
139
138
137
125
124
123
122
134
133
121
109
97
85
73
85
86
98
110
111
112
113
114
126
127
128
129
117
118
106
94
72
62
95
114
103
116
8
72
122
7
116
132
118
120
65
136
13
135
55
40
20
88
33
99
86
36
63
54
58
14
39
140
10
1
75
137
3
65
61
96
102
83
35
69
30
109
12
23
45
77
50
90
24
79
132
97
78
11
110
46
28
92
59
16
61
95
41
6
75
131
15
53
5
23
144
114
133
139
106
48
16
22
126
32
84
107
42
90
85
124
19
49
105
97
74
52
21
51
86
87
55
56
70
143
51
130
81
130
60
94
142
4
27
108
101
68
20
50
67
5
52
100
117
15
2
137
32
131
43
40
43
26
4
117
64
78
37
14
96
39
10
138
107
100
17
37
82
123
83
70
33
119
80
111
24
98
111
144
36
93
82
19
127
133
122
141
1
60
67
99
62
92
74
6
93
139
141
94
18
142
110
104
126
91
42
80
46
48
8
129
85
35
3
134
121
118
128
57
2
91
108
104
31
109
47
89
59
69
134
66
71
71
27
136
105
120
64
38
140
127
54
79
129
26
123
101
73
76
98
9
128
41
115
143
112
106
58
113
11
18
119
81
113
63
17
57
115
77
53
89
7
34
25
66
29
121
76
34
87
49
68
73
29
25
47
84
31
21
112
30
12
44
103
102
44
88
45
125
38
22
9
135
124
138
28
56
125
13
119
86
15
111
125
6
5
98
96
107
77
47
93
12
57
34
140
62
63
100
121
24
111
116
104
112
58
133
116
110
140
56
117
88
129
142
86
56
27
80
75
23
143
90
46
25
122
134
84
36
18
29
12
74
6
7
18
20
139
93
66
62
11
48
54
100
84
70
40
87
55
38
3
91
22
13
17
131
81
32
138
17
78
76
32
65
69
19
78
85
40
36
10
59
97
59
33
109
61
72
108
90
44
53
13
51
103
118
43
8
15
31
119
67
80
75
89
63
58
61
47
77
53
136
42
83
129
82
128
95
60
30
94
23
81
41
117
124
105
94
3
74
73
66
127
16
99
2
16
115
98
122
70
139
14
28
52
82
130
67
55
44
50
118
69
83
34
31
89
37
10
22
46
143
60
49
54
49
50
1
103
28
96
106
108
137
114
39
52
138
101
8
113
85
88
131
68
106
45
128
102
136
123
120
64
107
27
30
135
71
43
109
105
135
41
11
99
115
9
24
142
4
37
144
127
114
133
14
20
113
132
7
141
73
137
48
57
91
132
35
130
126
38
123
25
92
26
64
39
121
21
4
26
33
2
134
110
35
42
19
125
76
68
141
104
95
65
71
9
126
112
102
144
97
87
124
45
21
72
79
120
1
79
5
101
92
51
29
133
121
109
97
98
86
85
73
61
49
37
25
13
1
2
14
15
3
4
16
28
40
41
53
52
64
63
75
76
77
78
90
102
103
115
114
113
125
124
112
111
123
122
134
135
136
137
138
139
140
128
129
141
142
143
144
132
120
108
107
119
131
130
118
106
105
93
92
80
68
69
81
82
94
95
83
71
59
47
48
60
72
84
96
108
120
119
118
117
116
104
105
117
116
115
127
126
114
102
101
100
88
89
77
65
66
54
55
67
79
91
90
89
101
113
112
100
99
87
88
76
75
74
62
50
51
39
38
26
27
28
29
17
5
6
18
19
7
8
20
21
9
10
22
23
11
12
24
36
35
34
46
58
57
45
44
43
42
30
31
32
33
34
46
45
57
56
44
43
42
41
29
17
5
6
7
19
18
30
31
32
33
21
20
8
9
10
22
23
11
12
24
36
35
47
48
60
59
58
70
69
70
82
83
71
72
84
96
95
107
106
94
93
81
80
92
104
103
91
79
78
66
67
68
56
55
54
53
65
64
63
62
74
86
87
99
111
110
98
110
122
123
124
125
126
127
128
129
130
131
132
144
143
142
141
140
139
138
137
136
135
134
133
121
109
97
85
73
61
49
50
38
37
25
26
14
13
1
2
3
4
16
15
27
39
40
52
51
1
2
3
15
14
26
25
13
1
2
3
4
5
6
7
8
9
10
22
34
35
36
48
60
72
84
96
95
107
108
120
119
131
143
142
141
129
130
118
106
94
82
83
71
70
69
81
93
92
91
103
102
90
78
79
80
68
67
66
54
42
41
29
17
16
28
27
39
51
50
49
37
38
39
40
52
64
76
77
65
53
52
40
41
53
65
66
54
55
56
57
58
59
47
46
45
44
43
31
32
33
21
20
19
18
30
31
32
44
45
57
58
70
69
81
93
105
104
116
117
118
106
105
104
103
115
114
113
101
89
88
100
99
111
112
124
123
122
110
98
97
109
121
133
134
135
136
137
125
126
127
128
140
139
138
137
136
124
112
111
99
87
86
85
73
61
62
74
75
63
51
50
38
26
27
28
29
30
42
43
55
56
68
67
79
78
77
76
64
63
62
74
75
87
86
98
110
122
123
135
134
133
121
109
97
85
73
61
49
37
25
13
14
15
16
4
5
17
18
6
7
19
20
8
9
10
22
21
33
34
46
47
35
23
24
23
11
12
11
12
24
36
48
60
59
71
72
84
83
82
94
95
96
108
107
119
120
132
144
143
144
132
131
130
142
141
129
117
116
115
127
128
140
139
138
126
125
113
114
102
101
100
88
89
90
91
92
80
83
40
46
121
136
48
114
73
7
52
85
87
25
15
34
71
77
53
74
30
116
119
56
1
139
9
33
36
35
103
7
109
26
129
2
142
77
45
80
127
74
101
38
101
49
42
144
37
21
50
123
2
64
20
12
111
66
90
6
6
138
130
135
62
12
23
116
37
35
118
130
105
36
136
24
76
124
76
46
20
133
56
93
95
113
107
79
18
63
100
70
57
91
99
68
137
141
99
81
96
137
18
39
131
63
45
4
24
115
22
131
4
52
126
29
91
135
112
69
125
11
8
21
134
19
95
1
104
33
90
89
62
31
103
54
69
85
39
125
43
65
88
25
48
108
53
44
111
41
108
42
23
93
28
44
109
55
79
61
47
115
97
51
28
138
60
92
134
84
17
139
128
32
22
104
117
41
43
102
128
133
82
8
81
143
106
78
124
86
144
122
66
87
121
73
59
3
30
5
57
117
78
96
38
27
98
120
84
3
88
132
26
34
114
122
32
55
64
59
143
16
89
27
40
110
19
75
47
58
65
15
72
107
67
106
92
31
60
83
75
127
13
100
54
72
80
126
98
110
132
119
68
94
49
10
141
13
17
112
113
51
120
16
67
10
70
102
129
105
86
82
50
94
29
9
14
61
118
11
142
97
58
140
71
14
5
123
140
73
38
100
68
62
83
16
73
131
128
16
7
105
79
89
108
84
28
126
2
109
80
40
43
40
24
13
23
103
18
85
76
22
128
118
86
27
14
115
72
18
75
7
12
17
107
121
118
47
101
84
64
136
127
50
53
66
39
62
5
65
129
30
50
82
75
124
44
64
116
51
130
29
26
32
98
3
85
91
138
24
144
52
5
105
69
59
125
135
139
51
140
6
67
110
82
45
89
117
143
37
74
20
113
74
126
48
111
94
20
25
96
27
95
57
129
11
21
33
46
39
31
125
134
70
49
121
141
37
42
4
112
124
4
67
68
76
33
116
98
49
112
132
47
60
41
54
110
100
8
21
94
65
104
35
137
34
88
44
115
108
127
77
14
92
15
15
70
36
137
113
97
11
93
109
114
101
81
119
9
59
120
53
25
78
134
102
17
48
6
133
26
90
136
87
120
31
3
132
61
19
58
122
9
56
142
143
141
38
95
92
56
135
142
55
42
133
119
123
63
88
23
103
83
102
104
140
34
1
58
87
35
19
123
96
138
45
90
41
107
43
30
10
91
86
130
36
13
22
10
54
106
1
55
80
71
32
69
144
99
46
77
139
72
97
71
61
57
81
111
29
79
63
8
28
78
12
131
117
122
106
2
99
60
93
66
52
114
12
11
10
9
21
20
8
7
6
5
4
3
2
1
13
14
26
25
37
38
39
40
52
53
41
42
30
31
43
55
67
68
69
81
82
70
58
59
47
46
34
35
23
24
36
48
60
72
84
96
95
107
108
120
132
144
143
142
141
129
130
131
119
118
117
105
104
92
91
90
102
103
115
116
128
127
126
125
124
136
137
138
139
140
141
142
130
118
106
94
93
105
106
94
82
83
71
70
69
57
45
44
56
55
54
66
65
77
78
79
80
68
56
57
58
46
45
33
32
44
43
31
19
18
17
29
28
16
15
27
39
51
50
49
61
62
74
73
85
86
98
97
109
110
122
121
133
134
135
123
111
112
113
101
100
88
76
64
63
75
87
99
111
112
100
101
89
88
76
64
52
51
50
49
61
73
74
62
63
75
87
99
98
86
85
97
109
110
122
121
133
134
135
123
124
136
137
125
113
114
102
114
115
127
126
138
139
140
128
129
117
116
104
103
91
92
93
81
80
79
67
66
78
90
89
77
65
53
54
42
30
18
19
20
32
33
34
22
21
22
23
35
47
59
71
83
95
107
119
131
143
144
132
120
108
96
84
72
60
48
36
24
12
11
10
9
8
7
6
5
17
16
4
3
15
14
2
1
13
25
37
38
26
27
28
40
41
29
133
121
122
123
111
110
109
97
85
86
74
73
61
62
63
51
50
49
37
38
39
27
15
14
26
25
13
1
2
3
4
5
17
18
30
29
41
40
52
64
65
77
78
90
89
88
76
75
87
99
100
112
124
125
137
136
135
134
133
121
109
110
98
99
100
101
113
114
102
103
115
127
128
140
139
138
126
114
115
116
104
105
117
118
119
131
130
129
141
142
143
144
132
120
108
107
95
96
84
72
60
59
71
83
82
70
69
57
45
33
34
35
36
48
47
46
58
70
82
94
106
105
93
81
80
92
91
79
67
66
54
42
43
55
56
68
69
57
58
46
34
22
23
24
12
11
10
9
8
7
6
5
4
16
28
40
39
51
52
53
41
42
30
31
19
20
32
44
45
33
21
20
21
22
23
24
12
11
10
9
8
7
6
18
19
31
32
44
43
55
56
68
67
79
80
81
93
92
91
90
102
103
104
116
117
118
106
94
95
83
71
59
47
35
36
48
60
72
84
96
108
107
119
120
132
144
143
131
130
142
141
129
128
140
139
127
126
138
137
125
124
136
135
134
122
123
111
112
113
101
89
77
78
66
54
53
65
64
63
62
74
75
76
88
87
86
98
97
85
73
61
49
50
38
37
25
26
14
13
1
2
3
15
27
28
29
17
16
135
83
69
122
103
64
81
27
61
30
68
59
74
38
39
6
33
109
95
53
93
52
71
107
5
11
51
88
79
93
73
39
86
91
100
45
64
81
87
43
113
22
121
77
122
29
101
80
4
114
107
125
25
116
17
6
112
20
95
99
141
105
94
126
106
50
89
75
36
55
41
92
102
23
51
40
139
10
66
28
85
3
62
76
119
42
123
65
2
92
78
8
142
133
41
142
87
16
83
15
35
97
21
46
13
85
12
144
24
56
138
61
129
134
54
112
140
106
37
12
110
126
32
143
123
109
132
135
52
25
84
56
34
20
82
26
14
114
19
91
24
72
9
28
94
79
125
5
58
124
38
116
10
72
67
30
57
82
18
26
35
144
77
1
104
131
27
47
60
119
115
3
29
45
111
50
44
120
130
115
70
90
137
98
102
42
32
62
73
54
23
31
33
13
9
58
96
63
138
60
7
49
48
108
104
43
124
88
8
136
90
21
128
96
71
36
99
113
84
131
57
48
137
136
132
117
40
2
67
74
69
128
89
127
47
105
75
111
70
14
65
34
49
118
139
19
59
1
108
68
44
130
121
17
127
37
97
120
143
133
78
66
141
63
103
53
15
98
22
134
18
100
86
101
11
118
80
76
117
4
110
7
46
16
55
129
31
140
82
35
82
51
62
3
132
72
125
32
78
139
85
38
113
74
49
136
118
56
33
11
20
13
10
42
106
45
122
16
63
25
88
94
68
142
70
4
58
99
35
57
31
70
84
97
105
37
91
129
39
92
60
93
40
56
105
59
90
50
77
8
78
21
58
112
96
134
100
65
111
87
116
3
64
13
139
48
79
84
25
138
30
52
5
69
117
42
33
106
54
14
34
119
128
52
134
135
83
46
75
48
144
104
26
89
119
4
76
102
47
95
95
102
14
131
133
20
55
12
12
22
28
114
1
36
2
103
143
61
97
137
124
24
117
104
5
27
44
83
44
136
68
137
124
50
40
64
17
111
23
107
65
116
125
19
6
131
98
107
114
67
140
19
16
53
115
86
141
127
63
29
28
26
41
71
109
76
73
98
23
88
89
101
94
86
112
17
60
142
123
141
11
74
99
15
110
43
66
109
32
62
120
54
80
53
8
31
79
57
75
85
22
27
123
7
132
77
115
90
67
133
91
45
51
29
49
61
87
18
138
103
122
130
38
7
126
81
110
39
66
143
36
96
144
130
18
2
120
43
46
80
121
9
81
15
135
9
140
129
92
69
30
21
126
41
6
121
108
101
128
24
37
1
113
93
55
71
10
108
100
72
127
118
73
47
34
59
