##Rat 1 Day 48
 ##rewards
19
32
98
##Vertices
80
123
96
91
96
42
43
84
23
11
28
127
95
100
27
22
54
50
114
70
102
17
109
16
31
30
30
112
26
126
20
141
142
107
110
20
33
88
121
68
106
84
78
132
11
81
130
71
125
59
89
117
130
129
73
137
64
18
16
60
31
45
44
36
97
29
45
74
12
29
101
74
140
46
19
108
15
53
85
89
58
72
107
66
142
39
56
129
141
93
34
9
77
47
13
83
137
32
119
81
104
92
82
139
62
57
26
120
41
46
122
140
12
4
9
2
122
136
17
70
115
41
127
25
55
14
6
40
5
2
40
138
63
7
93
85
113
63
126
65
143
75
14
61
118
99
18
120
91
117
87
23
128
114
39
50
133
108
103
62
82
60
4
128
116
15
71
76
8
10
98
48
3
21
44
133
58
99
8
61
1
112
131
111
49
72
94
69
42
52
80
134
123
83
104
69
73
77
32
105
88
125
144
10
87
24
48
33
75
49
13
102
51
19
54
98
21
22
92
135
139
144
86
35
65
3
53
106
105
47
7
101
131
90
134
59
37
124
136
118
27
113
76
138
43
25
36
56
119
57
38
67
94
97
34
24
67
6
78
51
109
100
86
143
103
64
5
79
55
68
28
95
38
110
115
79
90
124
111
37
35
121
52
116
135
1
132
66
18
128
22
88
67
139
2
90
62
44
102
24
116
46
78
44
115
25
3
16
56
5
68
112
89
94
121
47
38
51
40
48
96
72
57
43
75
74
142
128
105
14
19
80
79
79
50
129
127
29
77
8
99
105
55
115
119
53
102
10
107
130
34
23
133
73
117
106
95
49
70
101
99
12
52
138
1
110
8
7
61
85
113
33
91
37
25
45
11
13
3
83
122
144
110
100
69
64
134
122
18
107
104
30
97
114
50
125
73
76
130
118
123
143
85
5
21
53
43
86
100
89
82
31
141
57
72
14
103
62
97
95
138
124
32
54
93
119
7
104
6
27
69
61
30
137
131
46
120
112
108
98
78
71
15
12
17
125
64
37
144
59
101
38
126
36
91
132
86
6
39
106
20
20
142
56
47
35
29
4
139
66
45
132
133
136
67
1
136
11
34
116
22
84
103
65
21
111
60
71
2
63
120
75
135
113
141
59
137
68
90
41
124
41
117
84
31
127
32
48
49
74
52
93
94
10
26
92
77
15
58
51
39
28
66
9
28
42
88
58
17
26
121
42
123
114
40
70
4
19
13
98
126
63
23
140
76
140
9
87
87
109
65
96
24
129
83
80
118
82
143
81
81
35
33
135
111
36
54
60
55
131
16
134
108
92
27
109
1
2
14
26
25
13
1
2
3
15
16
17
29
41
42
54
66
67
68
69
70
58
57
45
46
47
59
60
72
71
83
84
96
95
107
106
118
119
120
108
96
84
72
60
48
36
35
23
24
12
11
10
22
34
33
21
9
8
7
19
31
30
18
6
5
4
3
15
27
28
40
52
64
76
88
89
90
78
77
65
53
52
51
39
38
37
49
61
62
74
73
85
86
98
110
109
97
85
73
61
49
50
62
63
75
87
99
100
101
102
114
126
125
137
138
139
140
128
116
117
129
141
142
143
131
130
118
117
105
104
92
91
103
115
127
139
138
137
136
124
123
122
121
133
134
135
136
124
112
113
101
102
90
89
77
65
53
54
55
56
44
32
20
8
9
21
33
45
57
69
81
80
79
78
66
67
79
91
103
104
116
115
114
113
125
126
127
128
140
141
129
130
142
143
144
132
144
132
131
119
120
108
107
106
94
95
83
71
59
47
48
36
35
23
24
12
11
10
22
34
46
58
70
82
94
82
81
93
105
93
92
80
68
56
55
43
42
41
29
30
31
43
44
32
20
19
7
6
18
17
5
4
16
28
40
39
27
26
14
13
25
37
38
50
51
63
64
76
75
87
88
100
112
111
99
111
110
122
123
135
134
133
121
109
97
98
86
74
12
11
10
22
23
35
36
48
47
46
45
57
58
70
82
83
71
59
60
72
84
96
108
120
119
131
132
144
143
142
141
140
128
116
117
129
130
118
106
105
104
92
93
81
80
79
91
103
115
127
126
114
113
101
102
90
78
77
89
88
100
112
111
123
135
134
133
121
122
110
109
97
85
73
61
62
74
75
63
51
52
64
65
66
67
68
69
57
56
55
54
53
41
42
30
31
43
44
32
20
19
18
17
29
28
16
4
3
15
27
26
14
13
1
2
3
4
5
6
7
8
9
21
33
34
46
58
70
69
68
80
81
82
94
95
107
108
120
119
118
117
116
115
114
113
125
137
136
124
112
111
99
98
86
87
75
76
64
63
51
39
40
52
53
54
42
41
40
39
38
37
49
50
38
50
49
61
62
74
73
85
97
109
121
133
134
135
136
137
138
139
127
128
129
130
131
132
144
143
142
141
140
139
138
126
125
124
123
122
110
98
86
87
99
100
88
76
77
65
66
67
79
78
90
89
101
102
103
91
92
104
105
93
94
106
107
95
96
84
83
71
72
60
59
47
35
34
33
45
44
56
55
43
31
32
20
19
18
30
29
28
27
26
25
37
25
13
1
2
14
15
16
17
5
6
7
8
9
21
22
10
11
12
24
23
24
36
48
23
101
1
131
6
45
17
38
82
10
140
2
17
22
114
43
39
124
99
70
75
93
26
85
129
49
83
48
83
37
40
72
142
13
112
105
62
142
126
35
44
96
88
127
15
94
100
108
39
14
59
143
118
106
57
115
5
73
136
31
122
53
35
79
80
60
49
121
111
33
12
98
74
18
54
131
144
11
114
57
63
23
40
88
8
130
91
99
59
137
84
79
138
86
7
139
71
136
7
102
141
97
62
72
108
6
119
65
64
32
98
134
78
116
93
9
69
104
75
68
1
16
53
76
128
13
115
77
50
144
33
133
85
3
107
135
18
19
4
111
84
38
70
120
121
132
81
32
48
127
28
61
113
22
139
89
30
29
36
106
42
96
133
101
103
21
86
112
41
104
129
5
66
16
90
44
118
47
78
21
9
82
89
14
52
63
37
58
34
2
27
46
123
74
67
73
60
46
125
4
92
122
25
42
66
56
97
95
55
12
24
105
81
141
102
107
29
76
45
26
134
15
19
20
110
54
119
135
103
30
25
120
58
51
61
50
117
68
91
77
132
51
128
41
28
138
55
65
31
67
109
8
126
87
130
27
34
24
87
64
124
113
56
117
47
10
143
80
69
3
125
36
109
95
140
90
100
20
43
123
11
71
92
116
94
137
52
110
77
7
16
65
1
5
55
143
66
104
90
94
25
74
106
111
62
107
109
98
12
28
33
122
11
61
116
135
113
134
93
131
96
9
22
47
118
19
92
88
6
101
121
28
26
19
114
126
68
9
143
139
8
125
103
79
70
126
57
100
45
63
124
122
3
24
110
44
67
61
139
131
71
40
128
114
51
89
82
59
79
111
49
141
64
100
91
84
127
58
137
43
136
81
77
136
113
4
49
75
45
56
102
17
3
33
18
31
5
67
13
48
88
106
13
41
115
34
72
109
130
123
78
50
46
30
21
60
130
97
24
92
23
22
132
26
47
27
62
39
38
135
34
129
117
53
35
15
63
98
68
21
125
2
54
83
86
76
144
137
10
73
37
65
75
87
132
66
123
94
118
11
115
142
86
51
4
58
12
17
99
20
85
110
102
52
50
37
44
35
48
99
133
87
29
18
38
141
10
14
96
29
76
59
74
31
25
7
27
6
81
89
112
119
129
133
36
70
108
42
41
144
138
78
32
60
124
2
93
104
95
97
142
119
20
84
32
30
73
71
43
23
138
46
53
57
140
117
105
56
82
8
80
127
52
14
120
40
16
91
15
90
121
36
120
85
107
103
112
39
105
64
108
95
54
69
72
140
1
134
55
101
80
128
116
83
42
69
133
134
135
123
122
110
109
97
98
99
100
88
87
75
63
62
74
86
85
73
61
49
37
25
26
14
13
1
2
3
4
5
17
29
28
16
15
27
39
40
41
53
52
64
65
66
54
42
30
18
19
31
32
44
43
55
67
68
56
57
45
33
34
22
10
11
12
24
23
35
36
48
60
72
84
83
71
70
82
94
93
81
80
79
78
77
76
88
89
90
91
92
104
103
115
114
102
101
113
125
126
127
128
116
117
129
141
142
130
118
119
131
132
144
143
142
141
140
139
138
137
136
124
112
111
99
87
75
76
77
65
64
63
51
50
38
37
25
26
27
28
29
30
31
32
20
8
9
21
33
34
46
47
59
58
70
69
81
82
94
106
105
93
92
91
103
104
105
106
107
108
96
95
107
95
96
84
83
71
72
60
48
36
24
12
11
10
9
8
7
6
18
17
16
15
14
13
1
2
3
4
5
6
7
19
20
21
22
23
35
47
59
58
46
45
57
69
68
80
79
78
66
67
55
56
44
43
42
54
53
41
40
52
51
39
38
50
49
61
62
74
73
85
86
98
110
111
112
100
101
89
90
102
114
113
125
126
127
115
116
117
118
119
120
108
120
132
144
143
131
130
129
128
140
139
138
137
136
124
123
135
134
133
121
122
121
109
97
144
132
120
108
96
95
107
119
131
143
142
130
118
117
105
93
92
80
81
69
57
58
70
71
72
60
59
47
48
36
24
23
22
21
9
8
20
32
44
56
55
43
42
54
66
78
77
65
64
76
88
89
101
102
90
91
79
67
68
56
44
45
46
34
35
36
48
60
72
84
83
82
94
106
105
104
116
115
103
104
116
128
140
141
129
117
118
106
94
93
81
69
57
45
33
32
31
30
18
17
16
4
3
15
27
28
29
41
53
52
40
39
51
50
38
37
25
26
14
13
1
2
3
4
5
6
7
19
31
43
42
41
53
52
40
39
51
63
75
74
62
61
73
85
97
98
86
87
99
111
123
124
125
113
112
100
101
113
114
126
138
137
136
135
134
133
121
122
110
109
97
98
110
109
121
133
134
122
123
135
136
124
112
111
99
100
88
89
77
76
75
87
86
85
73
74
62
63
64
65
66
54
55
67
68
80
92
91
79
78
90
102
103
115
114
126
125
137
138
139
127
128
127
139
140
141
129
130
142
143
144
132
131
119
120
108
107
95
96
84
83
82
70
71
59
47
35
23
24
12
11
12
11
10
22
10
9
8
7
6
5
17
16
15
14
2
1
13
25
37
49
61
49
50
38
26
27
28
29
30
18
19
20
21
33
34
46
58
133
11
81
106
77
24
80
77
52
12
51
51
90
92
94
18
63
136
63
29
53
115
3
9
127
17
18
88
68
114
43
70
28
62
73
27
120
112
132
95
64
87
61
44
87
53
141
3
40
74
85
17
110
122
70
54
128
109
65
25
8
96
97
38
60
134
40
131
45
71
11
104
99
106
109
52
121
41
93
91
85
21
32
67
123
57
22
100
135
9
81
49
37
101
91
123
8
75
29
42
34
76
116
110
57
95
92
98
56
127
74
80
144
135
50
142
126
112
136
65
48
104
89
27
2
66
47
72
125
23
121
117
76
98
6
78
131
84
32
116
58
137
1
59
102
118
14
58
43
5
143
34
37
36
140
103
24
5
113
79
130
138
100
36
55
35
90
49
69
61
22
64
141
69
118
144
120
54
30
66
13
84
42
15
4
26
46
115
55
12
30
86
23
10
26
105
139
67
28
45
7
103
75
119
56
20
117
79
93
140
108
83
33
137
14
133
83
38
1
16
107
47
86
10
124
60
97
96
139
7
113
122
21
73
101
129
15
111
19
46
102
134
71
39
68
132
130
4
143
59
128
119
111
108
20
72
2
62
89
31
13
41
44
105
82
124
94
6
16
125
126
48
129
31
82
33
114
35
39
78
25
107
88
19
99
142
138
50
56
48
61
95
25
63
42
111
17
93
8
135
119
92
98
7
105
110
71
29
128
80
101
16
68
55
96
132
31
118
34
144
40
120
34
140
80
128
123
5
17
71
60
20
20
33
94
4
110
46
8
66
58
114
38
67
132
1
24
93
116
57
37
137
134
122
41
134
51
88
75
19
19
39
104
22
114
121
21
9
92
74
30
70
53
12
75
111
135
66
68
47
137
109
113
44
11
124
2
18
55
120
79
113
125
1
119
86
25
57
72
38
129
99
89
131
52
76
72
23
98
126
81
133
14
32
62
5
59
43
85
64
22
13
103
60
91
21
141
139
122
77
117
77
56
112
138
91
6
108
30
84
142
112
26
100
115
27
49
126
58
100
47
88
4
139
15
107
41
13
141
76
83
140
50
89
35
42
14
106
52
106
69
99
48
143
117
90
63
26
101
124
49
133
62
127
130
95
105
35
44
85
28
69
31
116
32
90
12
102
46
50
24
87
61
37
102
65
23
2
136
143
18
81
11
51
54
65
40
45
36
16
28
104
82
64
125
83
73
10
74
78
130
36
84
70
142
10
87
136
144
115
78
54
103
53
7
121
73
3
131
82
67
86
123
45
33
29
97
3
59
118
94
108
39
79
127
138
96
15
129
43
27
109
9
6
97
107
144
143
131
119
120
108
96
84
72
60
48
36
35
47
46
45
57
56
44
32
31
19
7
6
5
17
16
4
3
15
14
2
1
13
25
37
38
39
40
52
53
41
29
28
27
26
25
37
49
50
51
63
64
65
66
54
42
43
55
67
68
69
81
82
70
58
59
71
83
95
94
93
105
117
116
128
140
139
127
126
138
137
125
124
136
135
134
122
110
109
97
85
73
61
62
74
86
98
99
100
101
102
114
113
112
111
123
135
136
137
138
139
140
141
142
130
129
117
118
106
107
108
96
95
94
82
81
80
79
78
90
91
103
115
127
126
125
124
123
111
112
113
114
102
101
89
88
87
75
76
77
65
66
67
68
69
57
45
33
34
22
23
11
10
9
21
20
8
7
6
18
19
20
8
9
21
22
10
11
12
24
12
24
23
35
36
48
60
72
84
83
71
70
58
59
47
46
34
33
32
44
56
55
43
31
30
18
17
5
4
16
28
29
30
42
54
53
41
40
39
27
15
3
2
1
13
14
26
38
50
49
61
73
74
62
63
51
52
64
76
75
87
86
85
97
109
121
133
134
133
121
122
110
98
99
100
88
89
77
78
90
91
79
80
92
104
105
106
107
119
118
130
131
132
120
132
144
143
142
141
129
128
116
115
103
104
92
93
133
121
122
123
135
134
133
121
109
110
98
86
87
88
76
77
78
66
54
42
30
29
41
40
28
16
17
5
6
18
19
7
8
20
21
33
34
22
10
9
8
7
6
5
4
3
15
14
2
1
13
25
26
27
39
38
37
49
61
62
63
75
74
73
85
97
109
110
111
99
100
101
102
103
104
92
80
79
91
90
89
101
113
112
124
136
137
138
126
127
139
140
128
129
130
142
141
140
139
138
137
125
126
114
115
116
117
105
93
81
82
83
95
96
84
72
60
59
58
46
47
48
36
24
23
35
34
46
45
57
56
68
69
70
71
72
84
96
108
107
119
131
143
144
132
120
108
107
106
94
93
81
80
92
91
90
89
77
65
53
52
51
50
49
37
38
39
40
41
42
43
55
67
79
78
66
67
68
69
57
58
70
82
94
95
83
71
59
60
48
47
35
36
24
12
11
12
11
23
22
10
9
21
33
32
20
19
18
17
16
4
3
15
14
2
1
13
25
26
27
28
29
30
31
32
31
43
44
45
44
56
55
54
53
65
64
76
88
87
75
63
64
52
51
50
62
61
73
74
86
85
97
98
99
100
112
111
123
122
134
135
136
124
125
113
114
102
103
115
116
104
105
106
118
117
118
130
131
119
120
132
144
143
142
141
129
128
127
