##Rat 8 Day 18
 ##rewards
71
58
124
##Vertices
5
28
20
64
85
113
73
127
4
36
142
59
95
92
66
5
112
62
126
24
64
9
125
117
10
76
130
30
72
129
44
89
89
84
50
18
98
90
86
52
26
107
82
120
96
19
109
122
60
81
124
73
48
11
105
138
10
49
141
13
100
79
65
114
58
74
139
59
68
71
12
91
118
91
132
93
105
128
2
15
32
144
63
52
122
6
134
104
55
42
27
63
141
61
117
54
48
119
53
108
133
61
97
18
19
30
69
28
128
11
79
97
74
3
139
112
77
57
132
94
43
40
7
21
12
123
38
22
37
20
2
29
55
87
37
103
47
58
46
133
98
82
50
80
25
106
135
114
17
62
90
16
111
69
111
6
86
57
56
108
67
71
8
38
118
54
66
131
45
42
115
51
134
137
60
9
23
136
110
106
125
138
3
109
78
23
44
17
88
88
107
101
45
16
24
8
65
13
116
93
47
121
68
34
32
81
33
137
1
43
56
119
104
100
41
116
49
21
129
80
41
115
144
87
123
127
1
35
76
78
7
33
124
120
14
140
26
75
75
70
99
40
27
102
39
53
14
131
84
85
51
36
15
4
46
140
130
136
39
77
126
83
103
70
29
99
35
101
143
121
142
31
83
143
72
31
95
92
102
22
135
25
110
94
113
67
34
96
10
68
6
3
111
124
140
87
105
122
133
72
106
17
103
134
135
73
81
125
55
46
71
79
19
1
16
15
62
101
107
129
100
136
128
63
127
83
65
53
83
57
123
85
30
135
94
41
9
85
42
12
32
92
49
130
29
104
60
31
43
125
109
3
98
134
56
14
44
38
101
76
136
102
139
44
91
137
75
112
28
2
56
119
26
121
60
121
49
70
37
123
91
40
138
127
36
128
4
89
143
117
106
119
78
58
69
133
141
4
142
23
132
89
67
115
144
93
77
104
25
11
42
99
20
27
68
21
6
95
96
107
99
30
126
120
116
28
72
50
140
64
105
131
90
43
54
11
82
138
108
132
48
92
19
141
143
7
86
77
33
62
22
79
32
120
142
61
71
40
130
51
8
58
139
69
126
24
52
112
66
55
18
41
74
98
96
27
97
14
10
64
100
110
116
33
35
31
8
90
65
144
76
34
95
131
61
81
29
75
115
59
87
16
35
7
18
46
38
25
53
57
74
129
36
84
5
86
94
113
102
1
5
117
73
47
17
114
84
109
2
108
137
122
63
21
39
48
110
39
59
80
26
15
51
124
22
78
70
47
103
118
93
45
37
9
113
13
66
50
13
118
88
111
82
80
54
88
67
45
20
24
12
114
97
34
23
52
144
143
142
141
140
128
129
117
116
115
103
104
105
93
92
80
81
69
68
67
66
54
42
43
55
56
44
45
57
58
59
71
72
60
48
47
46
34
35
23
24
12
11
10
9
8
20
32
31
19
18
30
29
28
27
39
51
63
64
76
77
89
101
100
112
111
99
87
88
89
90
91
79
78
90
102
114
113
125
126
127
139
138
137
136
124
123
122
134
133
121
109
97
85
73
74
86
98
110
109
97
85
73
61
62
50
49
37
38
26
25
13
1
2
14
15
3
4
16
17
5
6
7
8
9
21
33
45
46
58
70
82
94
106
107
108
96
84
83
95
94
106
118
130
131
132
120
119
118
117
105
93
81
80
68
67
55
54
53
65
77
76
75
63
64
52
40
41
42
30
29
17
18
19
7
6
5
4
3
2
1
13
14
15
16
28
27
39
38
26
25
37
49
61
62
50
51
52
40
41
53
65
66
78
79
91
92
104
103
115
116
128
127
126
114
102
101
113
125
124
112
100
88
87
75
74
86
98
99
111
110
122
121
133
134
135
123
135
136
137
138
139
140
141
129
130
142
143
144
132
131
119
120
108
107
95
96
84
83
71
72
60
59
47
48
36
35
36
24
12
11
10
22
23
22
34
33
21
20
32
31
43
44
56
57
69
70
82
1
13
25
37
49
50
38
39
51
63
64
52
40
41
53
54
42
43
55
67
79
80
81
69
68
56
57
45
44
32
20
19
7
8
9
21
33
34
22
23
11
12
24
36
48
60
59
58
70
71
83
82
94
106
118
117
116
115
103
102
90
89
88
100
99
111
112
113
101
89
77
65
66
78
77
76
75
87
86
74
62
61
73
85
97
98
110
122
121
133
134
135
136
137
138
126
125
124
123
135
136
137
138
139
127
128
140
141
129
130
142
143
144
132
131
119
120
108
107
95
96
84
72
60
48
47
46
45
33
32
31
30
29
28
16
4
5
6
18
17
29
28
27
26
14
2
3
15
27
39
40
41
42
54
55
67
68
80
92
91
90
102
114
115
103
104
105
93
81
82
94
95
83
71
72
84
96
108
120
132
144
143
131
119
107
106
118
117
129
130
142
141
140
139
127
128
116
104
105
93
92
91
79
78
66
65
53
52
64
63
51
50
62
74
75
76
88
87
86
98
99
100
101
113
114
126
125
124
112
111
123
122
134
133
121
109
110
109
97
85
73
61
49
37
38
26
25
13
1
2
14
15
3
4
16
17
5
6
18
19
7
8
20
21
9
10
22
10
11
12
24
36
35
23
35
34
46
47
59
58
70
69
57
56
44
43
31
30
3
77
75
110
41
61
11
99
122
7
22
99
130
103
132
67
76
133
51
16
135
124
77
128
4
106
82
26
73
118
12
120
15
103
82
47
137
111
70
107
116
52
117
114
25
20
92
38
60
24
51
92
140
125
96
101
8
36
48
107
120
37
63
44
134
96
26
126
64
15
53
40
104
141
80
139
129
13
9
22
85
44
1
104
25
75
41
54
28
80
91
33
139
141
72
7
11
1
95
118
70
62
76
138
89
144
79
66
42
83
90
140
94
88
88
89
68
100
130
61
2
142
43
27
21
50
85
59
43
6
64
122
100
74
102
73
133
125
86
135
60
30
19
111
112
97
65
91
55
24
17
78
93
113
62
90
45
113
74
42
50
136
69
81
105
52
9
101
106
115
46
36
18
110
86
27
57
123
78
124
5
132
112
63
33
137
39
116
59
14
66
32
30
53
98
97
45
123
134
8
46
18
105
69
131
16
131
57
2
29
3
40
138
56
128
129
14
119
23
21
142
10
31
39
109
108
34
108
12
83
35
56
127
109
35
93
10
98
17
58
19
121
31
49
114
71
71
143
28
94
102
72
13
144
67
65
87
117
81
20
58
29
115
47
84
54
127
6
37
143
4
48
136
84
5
119
121
34
87
126
79
49
32
95
38
55
68
23
52
26
141
17
62
91
28
73
130
112
66
42
109
113
84
128
31
10
31
104
92
36
61
94
5
77
32
90
80
69
52
135
140
107
101
119
106
99
108
133
99
38
53
25
23
106
60
29
64
37
46
20
83
111
26
9
55
30
122
76
17
7
116
75
68
101
74
63
96
25
43
50
64
130
93
80
62
134
18
134
65
90
142
46
93
69
67
27
29
133
13
72
86
126
23
85
22
120
10
21
88
41
138
6
16
100
35
142
6
82
33
12
40
43
71
63
28
27
14
77
129
15
41
21
39
94
11
144
112
59
51
87
117
4
45
121
33
88
37
96
100
11
125
75
74
40
105
124
103
8
140
1
135
79
110
103
24
18
115
72
70
45
36
81
114
97
70
44
73
144
123
98
7
49
15
111
49
48
57
65
3
55
141
132
131
139
81
143
38
86
14
116
34
137
44
95
95
105
137
34
104
89
127
39
122
8
107
129
56
78
54
143
19
87
79
71
128
57
115
58
12
4
22
78
68
102
132
67
136
13
139
124
61
108
1
56
102
2
85
30
51
127
47
58
84
92
50
121
98
35
19
117
48
9
109
5
125
138
120
83
60
53
126
114
119
16
131
42
113
32
54
123
118
110
2
47
76
59
91
66
97
24
118
3
136
20
89
82
12
24
23
11
10
22
21
9
8
20
32
33
45
44
43
31
19
7
6
5
17
18
30
29
28
27
39
38
50
51
52
53
54
42
41
40
28
16
4
3
15
14
2
1
13
25
37
49
61
73
74
62
63
64
65
77
78
79
80
68
69
81
93
105
104
103
91
90
102
114
113
101
100
112
124
125
137
136
135
134
133
121
122
123
111
99
98
110
109
97
85
86
87
88
89
77
76
75
63
64
76
75
87
88
89
90
102
103
115
127
128
129
130
131
119
107
108
96
95
83
82
94
106
118
117
116
104
92
93
105
117
116
115
114
126
138
139
140
141
142
143
144
132
120
108
96
84
72
60
59
71
70
58
46
34
35
36
48
47
46
34
33
32
31
43
55
56
57
58
70
82
94
106
107
95
83
84
72
71
59
60
48
47
35
36
24
12
11
23
22
10
9
21
20
8
7
19
18
6
5
17
29
30
42
54
55
67
79
91
92
80
81
69
57
45
44
56
68
67
66
78
66
65
53
41
40
52
51
39
27
26
38
26
14
15
16
4
3
2
1
13
25
37
49
50
62
61
73
74
86
85
97
98
110
109
121
133
134
122
123
135
136
124
112
111
99
100
101
113
125
137
138
126
127
139
140
128
129
141
142
130
131
143
144
132
120
119
118
133
134
122
121
109
110
98
97
85
86
87
99
100
88
76
75
74
73
61
49
50
62
63
51
39
27
28
16
17
29
41
53
65
64
52
40
39
38
37
25
26
14
13
1
2
3
4
5
6
7
19
18
30
42
54
55
67
79
91
90
102
103
104
105
93
81
80
68
69
70
58
57
45
46
47
59
60
48
36
24
12
11
23
35
34
33
21
22
10
9
8
20
32
44
56
55
43
31
30
42
43
31
32
44
56
68
69
81
82
83
95
107
119
131
130
129
141
140
128
127
115
116
117
118
106
94
93
92
104
105
106
94
82
70
71
72
84
96
108
120
132
144
143
142
141
140
139
138
137
125
126
114
113
112
111
123
135
136
124
112
111
99
87
75
76
77
89
101
113
114
115
116
117
129
128
127
139
138
126
125
137
136
124
123
135
134
133
121
122
110
109
97
98
86
85
73
74
62
61
49
50
51
63
64
65
77
78
79
80
92
91
103
102
101
100
88
89
90
78
66
67
66
54
53
52
40
41
29
28
27
15
16
15
14
26
38
37
25
13
1
2
3
4
5
17
18
6
7
19
20
8
9
21
22
10
11
12
24
23
35
36
48
47
46
34
33
45
57
58
59
60
72
71
83
84
96
95
107
108
120
119
131
132
144
143
142
130
118
119
74
130
120
136
25
118
87
33
131
99
82
75
64
126
110
91
78
107
19
125
85
43
100
18
20
24
65
40
16
143
137
73
9
56
13
85
128
103
73
31
56
46
31
41
50
43
69
36
42
130
95
74
127
81
93
108
129
122
52
141
72
63
27
79
32
44
124
94
4
48
30
143
68
115
60
112
13
84
23
10
104
46
118
52
15
106
136
110
112
81
113
138
38
83
66
53
51
8
41
28
14
12
22
37
131
25
7
39
77
33
76
122
144
70
76
140
98
10
66
83
3
96
102
132
88
90
82
8
59
107
45
94
95
117
134
61
6
55
121
124
17
35
2
86
15
105
9
144
40
2
45
47
134
57
61
67
49
98
30
139
37
103
53
38
86
116
106
67
75
96
60
132
127
80
6
70
84
14
64
4
101
117
16
24
21
68
71
26
135
36
44
87
23
142
104
97
105
141
50
123
28
5
92
91
119
93
1
11
89
17
142
108
22
5
54
125
123
62
69
138
48
27
62
12
57
19
18
101
51
135
133
90
29
58
35
102
111
55
7
34
115
71
129
32
3
72
29
139
137
63
133
21
65
79
100
89
78
80
99
111
109
77
128
126
54
120
113
59
11
1
39
121
49
42
92
88
34
20
97
114
109
26
116
47
114
140
58
58
111
121
60
131
39
50
109
21
89
108
92
15
88
129
83
70
69
5
40
5
35
25
139
75
43
129
108
114
61
70
135
37
46
23
27
38
126
2
139
44
38
109
116
102
13
118
60
133
105
128
59
48
117
16
141
99
128
71
94
67
65
118
107
123
122
96
131
101
99
82
61
1
114
86
29
7
47
73
44
31
22
144
55
133
3
72
74
28
136
132
83
105
32
101
110
33
124
89
71
125
130
87
13
112
140
93
52
58
48
45
76
10
63
31
119
17
12
117
115
73
91
39
96
144
81
62
18
47
140
75
100
9
11
134
132
63
130
120
19
104
72
100
110
1
142
113
125
143
34
62
17
138
64
79
45
137
19
14
95
123
97
103
67
54
142
55
50
6
126
134
29
80
56
104
59
98
77
56
127
21
115
143
141
106
90
85
49
80
66
81
30
37
103
87
26
22
119
46
136
26
53
54
84
32
66
18
4
64
90
30
15
111
52
68
27
35
11
51
10
51
82
25
122
41
8
78
43
74
86
88
120
57
14
107
49
65
102
84
36
41
76
16
36
4
78
33
23
57
121
77
116
91
2
42
112
127
3
97
98
138
20
113
42
93
137
106
124
28
24
9
12
34
20
8
24
69
6
135
95
92
7
94
40
53
79
68
85
1
2
3
4
16
15
27
26
14
13
25
37
49
61
62
50
51
39
38
37
49
50
51
63
75
74
86
87
99
98
97
85
73
61
62
63
64
76
77
78
66
54
42
43
31
32
44
45
33
34
46
47
35
23
22
10
11
12
24
36
48
60
72
84
96
108
120
132
144
143
142
130
131
119
118
117
105
104
103
91
92
80
68
56
55
67
79
80
81
93
94
95
107
106
94
82
70
58
57
69
81
82
83
71
59
60
48
47
46
34
33
21
9
8
7
19
20
32
31
30
29
17
5
6
18
30
42
41
40
52
53
65
64
76
88
89
90
102
114
115
127
126
138
137
125
113
101
100
112
124
136
135
123
122
110
109
121
133
134
135
136
137
138
139
140
128
116
115
103
91
79
67
68
56
55
43
44
45
57
69
70
58
59
71
72
84
83
95
96
108
107
106
105
93
92
104
116
128
129
141
142
143
144
132
120
119
131
130
118
117
129
141
140
139
127
126
125
113
114
102
101
100
112
124
123
111
99
111
110
122
134
133
121
109
97
98
86
85
73
74
75
87
88
89
90
78
77
65
66
54
53
52
40
39
38
26
25
13
1
2
14
15
3
4
5
6
7
8
9
10
11
12
24
36
35
23
22
21
20
19
18
17
16
28
27
28
29
41
12
24
36
48
47
35
34
22
23
11
10
9
8
7
19
20
32
33
21
9
8
20
32
31
30
18
17
29
28
16
4
5
6
7
19
31
43
42
54
66
67
68
69
81
82
94
93
105
106
118
117
129
130
131
119
120
132
144
143
142
141
140
139
138
137
136
135
134
133
121
109
110
122
123
111
99
100
88
76
77
89
90
91
92
80
79
78
90
102
101
113
125
124
112
113
114
115
116
104
103
102
114
126
127
128
140
141
129
117
118
106
107
108
96
84
83
95
94
82
70
58
59
60
72
71
70
69
57
45
44
56
55
43
42
41
53
65
64
63
75
74
62
61
49
50
51
52
40
39
38
37
25
26
14
15
3
2
1
13
25
37
49
61
73
85
86
87
75
76
77
78
79
91
92
80
81
93
105
104
103
115
116
128
127
139
138
126
125
137
136
124
112
100
101
89
88
87
86
98
97
109
121
133
134
135
123
122
110
111
99
98
97
85
73
74
62
50
51
63
64
52
40
39
38
26
27
28
27
15
14
13
1
2
3
4
16
17
5
6
18
30
29
41
53
65
66
54
55
67
68
56
44
45
33
21
22
10
11
12
24
23
35
36
48
60
72
84
96
108
120
132
144
143
142
130
131
119
107
95
83
71
59
47
46
34
46
58
57
