##Rat 6 Day 32
 ##rewards
83
94
16
##Vertices
8
116
60
123
136
71
28
79
78
106
75
58
144
27
56
44
62
114
25
5
116
28
143
55
85
125
43
22
31
61
79
81
134
50
10
9
72
38
85
90
29
33
18
111
121
61
49
40
111
141
12
16
59
53
64
21
16
94
112
119
95
102
101
122
7
51
131
21
36
59
2
62
91
83
5
6
24
137
130
99
76
23
100
57
98
30
87
38
128
14
39
126
18
107
140
97
88
83
34
22
86
67
115
82
1
47
11
99
73
113
93
19
96
63
119
60
80
20
37
51
127
69
33
70
132
74
135
81
35
124
63
14
78
30
86
137
117
2
23
120
134
87
117
6
48
84
92
115
44
129
139
102
113
129
13
101
1
43
32
45
46
19
141
89
128
4
47
26
54
103
120
52
105
15
76
48
35
104
103
52
41
31
73
106
143
74
118
15
109
69
110
66
80
107
88
127
122
130
118
89
65
123
126
98
72
77
140
27
39
90
124
70
49
142
10
104
132
108
77
3
29
46
109
135
121
110
65
32
95
131
40
105
34
50
17
125
3
4
58
138
17
37
41
75
139
136
8
24
42
11
100
68
26
91
45
57
53
142
13
97
55
64
84
144
96
133
108
112
66
54
20
94
133
7
56
12
138
67
42
93
92
114
82
36
71
68
25
9
86
42
5
115
93
136
91
67
25
26
103
37
39
123
132
66
124
112
85
77
52
99
10
119
25
28
33
72
137
103
118
71
69
66
57
11
125
56
138
102
111
50
59
143
16
105
113
107
27
141
19
80
123
83
30
58
133
128
49
45
32
95
43
48
104
139
117
13
44
77
11
118
90
23
46
129
9
2
140
70
63
40
81
100
119
88
91
22
21
44
60
8
71
6
143
134
75
14
20
133
56
86
54
47
88
60
120
138
1
37
84
26
141
128
76
20
38
39
109
96
3
94
110
113
41
140
96
10
65
89
3
4
78
32
102
2
135
83
136
61
137
76
129
108
38
1
58
101
21
135
132
4
139
43
13
15
24
35
5
31
114
106
90
62
110
7
18
115
87
61
18
131
22
12
112
125
51
45
127
30
31
95
68
67
74
12
131
134
116
84
23
50
36
34
64
122
42
53
126
122
98
79
142
34
57
81
16
78
17
111
9
63
144
82
117
72
120
124
41
85
144
130
79
89
94
74
55
107
27
97
59
17
64
82
51
46
24
69
14
92
70
87
8
65
40
54
33
29
35
101
104
116
19
73
80
142
7
98
15
121
49
99
93
6
127
52
92
105
75
109
28
29
48
97
55
126
106
100
114
36
68
130
53
121
108
62
73
47
12
11
10
9
21
22
34
35
23
24
36
48
60
72
71
59
58
46
47
48
60
59
58
70
82
83
95
94
106
107
108
96
84
72
71
70
69
81
80
79
67
55
43
42
30
29
41
40
28
27
39
38
26
14
15
3
2
1
13
25
37
49
61
73
85
97
109
121
133
134
135
123
122
110
111
112
100
101
102
90
89
77
65
53
54
66
78
77
76
88
87
86
98
99
87
75
63
51
52
64
76
75
74
62
50
49
37
38
39
27
28
16
4
5
6
18
17
29
30
31
32
20
8
7
19
31
43
44
45
57
56
68
69
81
93
92
91
103
115
114
126
127
139
140
128
116
104
105
117
129
141
142
130
131
119
120
132
144
143
142
141
140
139
138
137
125
113
114
102
90
78
66
65
53
54
42
41
40
52
64
63
51
50
62
61
73
74
86
85
97
98
99
100
88
89
101
113
125
124
136
135
134
133
121
109
110
122
123
111
112
124
136
137
138
126
127
128
116
115
103
104
105
117
129
130
118
106
118
119
131
143
144
132
120
108
107
95
96
84
83
82
94
93
92
91
79
80
68
67
55
56
57
45
46
47
35
36
24
12
11
23
22
10
9
8
7
6
5
4
3
2
1
13
25
26
14
15
16
17
18
19
20
21
33
34
33
32
44
133
121
109
97
98
110
111
123
122
134
135
136
137
138
126
125
113
112
124
136
137
125
113
114
115
127
128
116
117
129
141
140
139
138
126
114
102
103
91
79
78
77
76
64
63
51
52
40
39
27
28
16
15
14
26
25
13
1
2
3
4
5
6
7
8
9
10
11
12
24
36
35
23
22
34
46
45
57
69
68
56
55
54
53
65
66
67
55
43
44
32
20
21
33
32
31
30
29
41
42
43
31
19
18
17
5
4
16
28
27
39
38
37
49
61
62
50
51
63
75
87
86
85
73
74
75
76
88
100
101
89
90
102
103
104
92
80
81
82
70
71
83
84
96
95
94
93
105
106
107
108
120
119
131
130
142
143
144
132
120
108
96
84
72
60
59
58
70
69
68
67
66
54
53
65
64
52
40
41
42
30
29
17
18
6
7
19
20
8
9
21
33
45
44
56
57
58
59
47
48
36
24
12
11
10
22
23
35
34
46
47
48
60
72
71
83
95
94
82
81
93
105
106
107
119
118
117
118
130
131
132
144
143
142
141
129
128
140
139
127
115
116
104
92
80
79
91
90
78
77
89
101
100
112
124
123
135
134
133
121
122
110
109
97
85
73
61
49
37
25
13
1
2
3
15
14
26
38
50
62
74
86
98
99
111
99
87
88
128
86
120
71
39
10
55
132
78
88
94
12
5
143
2
46
56
95
29
5
142
32
17
62
76
25
34
139
13
44
73
51
122
140
66
45
7
6
125
34
115
85
20
115
129
14
131
77
28
142
78
61
15
63
31
104
135
87
18
26
50
19
16
25
109
27
37
22
84
96
63
95
112
14
4
137
72
29
105
107
122
13
92
99
41
3
9
35
59
123
111
89
70
144
8
57
76
98
132
82
6
108
126
38
36
74
103
82
17
124
123
69
72
61
41
73
83
96
53
66
49
18
100
112
119
7
32
90
140
101
42
134
19
20
62
43
77
79
92
97
102
139
104
121
16
2
21
1
137
93
74
67
30
141
99
28
116
64
40
54
100
47
39
33
48
94
120
69
85
31
43
24
88
36
60
111
49
50
64
81
103
81
22
121
143
134
135
57
47
108
90
46
130
106
52
15
97
101
26
1
114
136
118
91
55
79
24
40
58
4
8
38
87
117
105
27
110
21
128
12
130
58
119
107
48
116
113
144
11
70
52
53
117
67
37
98
86
89
110
9
80
106
45
60
109
75
91
136
118
93
75
65
141
68
127
138
114
23
84
124
102
65
23
126
138
133
10
59
129
127
56
35
11
51
44
30
113
68
3
71
33
42
83
54
131
133
80
125
126
19
85
54
27
134
83
99
26
28
15
5
128
55
6
79
50
62
8
35
49
16
53
21
140
106
88
63
29
14
72
4
18
62
140
125
115
28
141
37
129
74
41
19
3
13
38
142
129
31
69
94
36
59
90
65
75
29
96
97
33
22
137
125
104
10
112
111
16
40
64
43
114
63
1
116
76
87
76
80
120
39
109
104
81
100
114
78
100
135
27
127
137
102
73
36
54
56
24
132
10
93
84
113
34
65
139
91
136
18
26
52
144
35
34
12
71
24
134
23
73
96
102
83
75
58
11
46
108
2
44
61
58
144
106
123
7
71
8
90
81
60
98
61
57
92
20
105
143
77
98
89
4
79
132
80
60
136
74
20
120
66
48
85
117
42
118
12
56
107
3
99
64
1
121
126
32
2
108
45
37
23
25
67
127
91
135
70
57
25
113
68
22
30
128
122
7
11
14
31
48
118
17
86
103
93
133
116
32
46
138
131
94
43
109
110
139
101
9
44
130
45
47
115
105
33
21
66
15
40
82
133
17
51
142
130
89
143
119
55
38
82
117
47
49
86
87
42
88
124
131
6
78
122
119
39
30
53
107
138
51
84
68
141
67
95
92
52
70
41
77
97
59
111
50
110
103
13
72
95
121
69
101
124
123
5
112
9
144
132
131
130
118
106
105
117
116
128
140
141
142
143
144
132
120
108
107
119
120
108
96
84
72
60
48
36
24
12
11
10
22
23
35
34
46
47
59
71
70
58
57
69
68
80
79
67
55
54
53
65
66
78
77
76
75
87
86
74
62
61
73
85
97
98
99
111
112
124
125
126
114
113
101
100
88
89
90
102
103
104
92
91
103
115
127
139
138
137
136
135
123
122
110
109
121
133
134
135
136
137
138
139
140
141
129
128
116
104
105
93
94
82
81
69
57
56
44
32
20
8
7
19
31
30
42
41
29
28
40
52
51
39
38
26
14
15
3
2
1
13
25
37
49
50
51
63
64
76
88
89
90
91
92
80
68
56
55
43
44
45
33
21
9
8
7
6
5
17
18
30
29
28
40
52
64
65
77
78
79
67
66
54
53
41
42
43
31
32
33
45
46
58
70
82
81
93
94
106
118
117
129
130
142
143
131
119
107
95
83
95
96
84
83
71
72
60
59
47
48
36
24
12
11
23
35
34
22
10
9
21
20
19
18
6
5
17
16
4
16
4
3
15
27
39
27
26
14
2
1
13
25
37
38
50
49
61
73
74
62
63
75
87
86
98
110
111
99
100
112
113
101
102
114
115
127
126
125
124
123
122
134
133
121
109
97
85
1
2
14
26
27
28
40
39
51
50
49
37
25
13
1
2
3
4
16
15
3
4
5
6
7
8
9
10
11
12
24
36
35
23
22
34
33
21
20
19
31
32
44
43
55
54
66
67
68
80
92
91
79
78
90
102
114
113
125
126
127
139
138
137
136
124
112
111
99
98
86
74
75
87
88
100
101
89
77
76
64
52
53
65
64
63
62
61
73
85
97
109
110
122
123
135
134
133
121
109
97
85
73
61
49
37
38
50
51
52
40
41
29
30
42
43
44
56
57
58
59
60
72
71
70
82
81
93
94
106
105
104
116
117
129
130
131
119
120
132
144
143
142
141
140
128
116
115
103
102
101
89
77
65
53
54
55
56
68
69
57
45
46
47
48
60
72
84
96
95
83
82
94
106
105
104
103
91
90
78
66
67
79
80
92
93
81
69
70
58
46
45
33
32
31
30
42
41
29
28
27
39
38
26
25
13
14
15
16
17
18
17
5
6
18
19
7
8
20
21
9
10
11
12
24
23
22
34
35
36
48
47
59
71
83
84
96
95
107
108
107
108
120
119
118
117
118
130
131
132
144
143
142
141
129
128
140
139
138
126
127
115
114
113
125
124
123
111
112
100
99
87
88
76
75
63
62
74
86
98
110
122
121
133
134
135
136
137
115
142
115
61
23
105
9
98
25
37
99
135
114
51
42
88
112
83
116
83
46
129
136
78
54
137
36
100
10
65
14
24
24
85
97
111
96
97
41
134
5
27
72
2
53
75
17
68
12
129
142
74
35
37
5
110
49
92
33
139
31
140
19
93
108
28
123
109
87
126
138
45
72
69
70
131
119
133
52
38
79
53
125
85
44
41
55
8
40
111
66
63
116
113
113
77
89
90
98
137
18
121
112
51
52
55
69
11
128
63
101
87
80
82
27
141
13
62
118
67
76
107
50
143
31
91
35
25
143
66
93
103
126
84
7
36
138
122
108
84
39
119
6
18
86
28
144
141
42
95
124
20
8
118
104
49
139
29
59
26
132
19
120
39
123
45
89
133
4
26
99
81
117
140
20
131
44
40
3
127
38
121
78
47
48
22
94
9
86
117
67
16
92
23
144
106
13
21
54
100
29
58
96
75
47
30
71
68
88
103
76
11
34
106
17
135
94
91
104
6
101
7
64
58
56
70
22
56
65
73
102
10
128
114
33
73
1
43
107
16
4
43
1
14
127
90
71
57
134
32
80
74
59
30
15
34
122
130
130
60
60
105
77
124
102
46
15
132
2
120
109
95
136
79
61
21
12
57
125
3
110
32
81
62
64
82
48
50
60
8
131
15
31
36
87
109
132
44
94
92
75
94
89
27
2
73
35
101
75
35
55
49
89
17
62
78
127
78
46
41
143
66
50
107
79
66
59
133
50
27
57
128
139
12
46
81
15
73
130
111
56
4
24
48
29
10
141
134
16
91
130
32
123
125
32
85
143
21
120
36
100
69
113
83
113
14
11
110
123
122
97
49
19
131
88
47
8
87
117
44
52
93
30
25
40
117
3
29
137
96
48
61
109
119
86
72
103
124
72
93
42
39
20
13
98
141
70
95
115
90
126
88
103
52
25
129
20
33
54
95
136
127
4
6
110
125
139
16
40
138
57
122
43
91
65
3
45
70
23
101
64
24
128
64
144
132
38
119
121
28
28
68
129
62
13
107
133
100
9
77
86
10
67
23
38
9
140
42
17
55
108
99
69
80
7
54
22
45
74
138
105
142
31
134
5
53
5
118
114
90
7
14
30
102
51
98
104
76
102
58
67
68
1
79
6
135
56
116
144
11
51
77
97
47
106
92
83
22
33
39
115
12
18
19
105
63
114
121
60
65
108
71
34
53
81
96
26
41
120
80
1
111
140
82
136
106
124
74
104
76
84
112
126
84
63
21
118
71
26
2
37
82
61
137
59
85
135
34
99
37
116
112
18
142
58
43
12
24
23
22
34
33
32
44
56
57
58
70
71
72
60
59
47
48
36
35
34
46
45
33
21
9
8
7
19
18
6
5
17
29
28
16
15
14
26
25
37
38
50
49
61
62
74
75
63
64
76
88
87
86
98
97
109
110
111
99
100
112
113
125
124
136
137
138
126
114
102
103
115
127
139
140
128
129
141
142
130
131
119
120
132
144
143
142
141
140
139
138
137
136
135
123
122
134
133
121
109
97
85
73
61
49
37
25
13
1
2
3
4
5
6
7
8
20
19
31
30
42
41
40
39
27
26
38
50
51
52
53
54
55
43
42
54
66
78
79
67
68
69
81
80
92
104
116
117
105
93
94
95
96
108
107
106
118
130
129
128
127
126
125
113
101
89
90
91
79
80
92
93
94
82
83
95
96
84
72
84
83
71
70
82
81
69
68
67
66
78
90
91
103
104
105
106
107
108
120
132
144
143
131
119
118
117
116
115
114
102
101
100
112
124
123
135
134
133
121
122
110
111
99
98
86
85
73
74
62
63
64
76
75
87
88
89
77
65
77
65
53
41
29
28
40
52
51
39
27
15
14
13
1
2
3
4
16
17
18
30
31
32
44
43
55
56
57
45
46
58
59
60
48
47
35
36
24
12
11
23
22
10
11
10
9
21
20
1
2
14
26
27
39
51
52
53
41
29
30
18
6
5
17
16
4
3
15
27
28
40
39
38
37
49
61
62
74
73
85
86
87
99
98
110
122
123
135
136
124
125
137
138
126
127
115
114
102
103
104
116
128
129
141
142
130
118
117
105
106
94
95
107
108
96
84
83
82
81
69
70
71
72
60
59
47
48
36
35
23
22
10
11
12
24
36
48
60
72
84
96
108
120
119
131
132
144
143
142
141
140
139
138
137
136
135
134
133
121
109
97
85
73
61
49
50
62
63
75
76
88
100
112
111
123
124
125
113
101
89
77
65
64
76
77
78
79
67
66
54
42
43
55
56
57
58
46
45
44
32
20
8
9
21
33
34
35
47
59
71
83
95
94
93
92
80
68
67
55
56
44
32
31
19
20
8
7
6
7
19
18
30
31
43
42
54
66
78
79
80
68
69
57
45
33
21
9
10
11
12
24
23
22
34
46
58
70
82
81
93
105
106
107
119
120
132
144
143
131
130
118
117
129
128
140
139
127
126
114
102
103
115
116
104
92
91
90
91
90
89
88
87
99
100
101
113
112
111
110
122
134
133
121
109
97
98
86
74
75
63
51
52
64
65
53
41
40
28
29
17
5
4
16
15
3
2
1
13
14
26
25
13
25
37
38
50
