##Rat 8 Day 40
 ##rewards
71
58
124
##Vertices
70
72
98
82
42
49
56
4
30
118
24
13
143
1
60
103
94
71
105
3
6
15
144
78
109
43
41
51
44
10
105
16
126
124
12
81
93
87
79
130
96
8
143
11
135
81
134
95
136
21
114
32
63
25
70
123
21
125
104
60
34
80
135
37
131
131
103
49
75
20
38
116
138
37
123
76
46
102
68
65
62
54
65
19
140
52
25
69
114
50
31
117
50
48
106
116
101
100
68
80
46
137
28
79
18
87
26
122
111
30
5
120
73
72
67
121
77
76
36
20
119
85
61
142
64
47
43
3
32
23
2
34
136
88
108
58
47
52
15
139
45
17
13
107
121
108
137
99
104
59
9
7
44
74
138
14
75
31
66
39
113
100
101
93
140
82
8
89
77
55
106
130
12
95
38
129
9
57
86
125
96
142
67
98
40
90
61
53
28
128
132
90
45
48
86
71
24
23
97
85
1
122
16
51
66
78
56
141
111
36
2
109
6
14
112
120
22
27
64
134
115
144
18
99
129
133
4
110
113
126
63
92
119
141
83
91
84
84
29
5
35
107
112
97
11
19
92
118
139
124
59
94
88
58
33
55
57
41
54
117
40
62
89
132
39
10
53
115
33
73
17
83
69
22
128
26
7
91
110
74
102
42
127
127
29
35
133
27
51
103
117
111
84
43
95
68
55
133
108
65
121
140
115
4
49
96
107
8
35
115
110
123
116
22
92
19
8
5
107
134
24
47
92
13
101
17
128
71
61
28
27
124
65
132
53
33
67
83
19
25
49
100
125
32
108
17
40
59
119
39
102
70
80
82
25
11
50
70
2
105
106
43
79
94
84
37
44
112
9
89
140
30
129
74
50
29
42
96
23
77
39
1
20
73
93
141
131
14
126
37
36
62
85
86
126
62
6
79
52
127
32
64
88
28
60
48
133
109
90
69
10
47
114
16
124
122
54
119
103
34
97
87
136
121
21
98
136
77
118
3
144
24
5
142
78
118
142
75
68
75
120
59
33
51
127
41
48
18
99
139
23
85
91
38
58
114
69
111
112
55
41
80
6
35
15
42
40
31
113
12
22
101
99
56
139
9
104
45
135
71
1
74
123
66
135
7
7
137
78
73
21
113
134
46
106
61
57
82
66
110
46
20
141
16
143
122
54
44
63
58
64
3
128
18
13
109
27
2
100
137
30
91
45
15
94
138
129
120
105
10
132
89
34
98
93
29
86
14
116
36
104
76
95
102
26
130
31
83
76
57
117
72
144
26
131
53
81
138
143
60
67
81
63
12
72
56
87
130
11
52
125
38
88
4
90
97
144
143
142
141
140
128
116
115
127
139
138
126
114
102
90
91
103
104
105
117
129
130
131
132
120
119
118
106
94
95
96
108
107
106
94
82
70
69
81
93
92
80
68
67
79
78
66
65
64
52
40
41
53
54
42
30
29
17
18
6
5
4
3
15
16
28
27
39
38
37
25
13
14
26
25
37
49
50
51
63
62
74
86
98
97
85
73
61
49
50
38
39
51
52
40
28
29
30
31
19
7
8
9
21
20
32
33
45
57
56
55
43
44
45
46
58
59
71
83
84
72
60
48
47
35
36
24
23
11
10
22
34
46
58
57
69
81
93
105
104
116
115
103
102
101
100
99
87
75
76
77
89
88
87
99
111
112
113
125
124
136
135
123
122
134
133
121
109
110
111
112
124
123
135
134
133
121
122
110
109
97
98
86
85
73
61
62
74
75
63
64
65
53
41
42
54
55
56
68
67
66
78
79
80
92
91
90
89
77
76
88
100
101
113
114
126
125
137
136
137
138
139
127
128
140
141
142
130
129
117
118
119
131
143
144
132
120
108
107
95
96
84
83
82
70
71
72
60
59
47
48
36
35
23
22
34
33
21
20
32
44
43
31
19
18
17
16
15
27
26
14
2
1
13
1
2
3
4
5
6
7
8
9
10
11
12
24
12
12
24
36
48
60
59
58
70
71
72
84
83
82
81
80
68
69
57
45
46
47
35
23
11
10
22
34
33
32
20
8
9
21
33
32
31
30
42
43
44
56
55
54
66
67
79
78
90
102
101
100
88
89
77
76
75
87
86
74
73
85
97
109
110
98
99
111
112
124
136
135
134
122
123
135
136
137
125
113
114
126
127
128
129
141
140
139
138
137
125
124
112
113
101
100
99
87
75
63
62
61
49
37
38
50
51
39
40
41
53
65
64
52
40
28
29
17
18
19
7
6
5
4
16
15
3
2
14
13
25
26
27
28
29
41
42
43
44
45
57
58
70
69
81
93
105
117
116
115
103
91
92
104
116
117
118
106
94
95
107
108
120
119
131
132
144
143
142
130
118
106
107
119
120
132
144
143
131
130
142
141
129
128
140
139
138
126
127
115
114
102
90
89
88
76
77
65
53
54
66
78
79
67
55
56
68
80
92
91
103
104
105
93
94
82
83
95
96
108
96
84
72
71
59
60
48
36
35
47
46
34
22
23
24
12
11
10
9
21
20
8
7
19
31
30
18
6
5
17
16
4
3
15
14
26
27
39
38
50
51
52
64
63
62
74
86
98
110
111
123
122
121
133
134
133
121
109
97
85
73
61
49
37
25
13
1
2
1
105
119
96
28
88
120
47
24
101
59
11
71
5
115
21
124
6
32
69
142
63
140
65
132
37
73
18
69
118
132
139
70
92
8
12
39
86
136
61
89
111
102
100
71
43
77
106
56
13
26
133
86
85
43
74
67
18
44
79
60
23
27
53
93
23
65
17
54
45
128
80
27
19
119
25
12
56
129
47
124
94
114
1
138
116
122
108
130
76
135
64
116
38
126
115
141
57
112
117
91
68
144
4
30
72
75
37
58
143
92
42
3
52
123
29
107
59
9
33
99
98
51
144
15
62
109
15
28
80
73
89
14
113
110
117
97
111
133
101
52
104
55
40
31
36
105
136
81
14
122
98
103
121
22
107
113
74
53
8
34
68
11
2
9
127
16
57
83
95
25
83
21
62
55
39
35
33
121
118
106
108
110
66
109
81
41
75
104
49
13
129
54
17
50
88
72
84
32
24
10
60
94
58
67
20
77
7
123
38
96
5
29
114
82
131
97
99
78
7
2
61
112
3
130
134
95
36
141
76
44
70
126
103
22
139
137
102
143
90
42
79
90
51
125
84
82
1
63
87
138
6
140
128
134
125
19
131
34
48
46
142
64
91
135
45
26
137
50
49
127
10
78
40
41
35
31
30
16
87
85
120
20
66
100
4
46
48
93
109
104
100
19
103
97
136
122
31
123
140
105
21
35
66
24
135
144
38
86
94
30
81
120
64
4
107
8
10
104
134
25
47
12
65
16
54
128
130
44
118
99
125
79
124
139
42
48
74
1
141
41
124
22
59
66
13
55
116
71
115
121
82
106
7
43
144
135
84
49
7
110
89
119
42
85
132
70
30
80
40
143
62
67
136
21
46
125
38
50
45
60
13
128
121
72
20
92
78
72
5
129
61
45
47
133
5
96
82
89
36
19
120
101
32
4
88
116
83
133
114
107
48
138
44
63
102
41
84
143
2
28
114
99
52
86
3
51
73
119
53
75
87
74
8
88
126
76
108
98
73
98
91
17
140
97
102
111
127
112
113
94
132
35
29
43
6
122
110
12
117
137
50
131
105
9
15
90
115
34
56
138
40
87
100
76
142
63
9
32
93
134
23
18
62
112
69
111
79
58
33
78
31
20
59
2
26
11
123
61
83
142
101
10
60
117
80
139
27
91
23
57
39
55
109
25
130
14
46
65
58
67
92
24
106
34
118
37
27
68
36
95
1
28
96
6
18
93
108
14
103
26
64
71
69
131
127
49
126
57
33
37
51
137
53
11
95
39
15
52
16
54
56
90
77
3
17
85
113
129
81
68
70
29
22
75
141
77
133
121
109
97
98
99
87
86
85
73
61
49
37
38
50
51
39
27
28
16
15
14
2
1
13
25
26
27
28
40
52
64
63
75
74
62
61
73
85
97
109
110
122
134
135
136
137
138
139
127
128
140
141
142
143
144
132
120
119
107
108
96
84
72
71
83
95
94
93
92
104
103
115
114
126
125
124
123
111
112
113
101
100
88
76
77
89
90
91
79
67
68
69
70
58
57
56
55
54
42
41
29
17
5
6
7
8
20
32
31
19
18
30
29
41
53
65
66
78
77
76
88
89
101
102
114
115
116
117
129
130
118
106
105
104
116
117
105
93
81
80
68
56
44
43
42
30
31
43
44
45
46
47
35
34
22
10
9
21
33
45
57
58
59
60
48
36
24
23
11
12
11
12
24
23
35
36
48
47
46
34
22
10
9
21
33
32
20
8
7
19
18
6
5
17
16
4
3
4
3
15
14
2
1
13
25
26
38
37
49
50
51
39
40
52
53
54
55
67
79
80
92
91
103
102
90
78
66
65
64
63
62
74
75
87
86
98
110
122
121
133
134
135
123
111
99
100
112
113
125
124
136
137
138
126
127
139
140
128
129
141
142
143
131
130
118
106
107
95
94
82
81
69
70
82
83
71
59
60
72
84
96
108
120
119
131
132
144
1
2
3
4
16
28
29
17
5
6
7
8
9
21
20
32
33
34
46
47
35
23
24
12
11
10
22
34
46
45
44
43
31
30
18
19
7
6
5
4
3
15
14
13
25
37
49
61
73
74
86
85
97
109
121
133
134
135
123
124
136
137
138
139
127
126
125
113
101
89
88
76
75
63
62
50
38
26
27
39
51
52
40
41
42
54
53
65
77
78
79
91
103
115
116
104
92
80
68
69
57
58
59
60
72
84
96
95
94
82
83
71
70
58
57
56
55
67
66
54
42
41
53
52
64
63
75
87
99
98
110
111
112
100
88
87
99
100
101
102
90
91
92
93
81
69
70
82
81
93
105
117
129
130
118
119
120
108
107
106
105
104
116
128
140
141
142
143
131
132
144
132
144
143
131
130
142
141
129
117
118
119
120
108
107
106
94
95
96
84
83
71
72
60
59
47
48
36
48
36
35
23
24
12
11
10
22
21
9
8
20
32
33
45
44
56
68
80
79
78
90
89
77
76
64
65
66
67
55
43
31
19
18
30
29
17
16
15
14
2
1
13
25
26
27
28
40
39
51
50
38
37
49
61
62
74
73
85
86
98
97
109
121
122
110
111
112
124
125
113
114
102
103
115
114
126
127
128
140
139
138
137
136
135
123
122
134
133
112
107
139
55
54
11
66
128
79
30
103
92
23
16
118
88
70
49
144
60
4
22
47
46
45
25
110
7
13
39
38
140
94
91
82
69
89
96
127
129
102
15
84
125
84
42
1
77
38
134
77
49
126
133
67
5
12
119
112
43
101
2
27
56
44
83
45
121
76
71
8
68
74
98
78
23
82
41
94
83
58
21
3
135
4
47
37
72
106
53
39
129
33
52
117
97
141
48
96
100
104
36
51
99
99
108
33
133
71
29
63
66
10
27
74
52
108
122
109
34
136
115
24
135
85
63
53
11
61
50
76
54
88
31
16
141
42
15
44
48
121
93
6
104
13
93
59
120
36
86
12
65
56
2
17
118
137
24
32
113
98
20
68
122
26
95
59
35
34
89
117
105
41
60
109
116
130
139
72
51
90
67
106
86
28
70
62
131
110
32
143
119
127
50
124
91
125
130
100
26
136
97
18
87
7
25
123
95
40
80
8
138
17
78
64
9
90
3
114
75
115
116
65
131
5
120
73
37
81
111
85
87
57
132
55
19
61
138
79
142
142
40
9
92
132
126
22
134
6
62
105
81
103
69
137
113
35
19
143
123
73
46
28
144
31
21
124
10
18
14
114
29
43
57
75
140
128
1
64
101
58
14
102
20
30
107
111
80
27
35
80
76
133
74
114
50
7
82
70
82
126
72
106
128
38
6
107
46
99
92
29
18
28
4
122
17
61
37
116
105
97
20
58
15
138
2
32
11
8
47
126
54
34
59
116
105
5
14
27
78
139
87
22
131
77
83
134
97
19
7
55
10
100
140
9
129
66
42
38
136
100
45
23
47
112
96
93
108
30
67
16
98
69
138
110
40
111
115
31
21
125
107
78
136
13
23
81
54
66
127
14
112
16
51
143
5
52
104
98
94
41
141
75
43
103
89
44
142
68
68
134
129
12
63
142
101
29
87
74
18
96
102
4
130
1
86
6
77
132
99
33
79
128
125
71
114
137
24
122
139
45
85
22
2
59
73
91
30
70
10
21
84
53
92
40
109
60
123
33
85
69
39
25
65
132
123
120
8
12
81
88
124
17
103
90
119
102
73
63
48
72
31
67
19
113
57
36
135
46
71
133
44
39
113
131
119
106
62
121
49
50
26
1
117
121
34
11
13
144
79
20
91
80
137
43
110
135
95
36
64
26
3
120
86
62
9
28
93
41
117
118
94
90
108
58
49
57
75
144
64
51
141
143
101
109
124
84
127
3
37
60
83
32
24
104
140
111
118
56
76
61
42
56
115
15
35
88
55
89
25
130
95
53
65
52
48
144
143
131
119
107
108
120
132
144
143
142
141
140
128
116
104
103
115
114
102
90
91
92
80
79
78
66
65
77
76
64
52
51
63
75
74
62
61
49
50
38
37
25
26
27
39
40
28
16
15
14
13
1
2
3
4
5
6
18
19
31
32
20
21
22
23
24
12
11
10
9
8
7
6
5
17
29
30
42
43
55
54
53
41
42
54
66
67
68
69
57
58
59
47
46
45
33
34
35
36
48
60
72
84
83
71
70
82
81
93
105
117
129
130
118
106
94
95
96
84
72
60
48
47
59
71
70
58
46
45
44
56
57
69
81
93
105
104
116
115
127
139
138
126
125
137
136
124
123
135
134
122
121
109
110
111
112
100
88
89
101
113
112
111
99
98
97
85
73
61
49
37
38
39
27
15
14
26
25
13
1
2
3
4
16
28
29
17
18
30
31
19
7
8
20
21
9
10
11
12
24
36
35
23
22
34
33
32
44
43
55
56
68
67
79
80
92
91
103
102
101
100
88
89
90
78
77
65
53
41
40
52
51
50
62
63
64
76
75
87
99
87
86
74
73
85
86
98
97
109
110
122
123
124
125
113
114
126
127
128
129
117
118
106
94
82
83
95
96
108
107
119
120
132
131
130
142
141
140
139
138
137
136
135
134
133
121
133
1
13
14
15
16
4
3
2
1
13
25
37
49
50
51
52
64
63
75
76
77
65
53
54
66
78
79
91
90
102
103
104
116
115
114
126
127
139
140
128
129
141
142
130
118
117
105
106
107
119
131
143
144
132
120
108
96
84
83
71
70
58
59
47
35
23
11
12
24
36
48
60
72
84
96
95
94
82
81
69
68
80
92
93
81
80
79
67
55
43
44
32
20
21
33
45
46
34
22
10
9
8
7
6
18
19
31
30
42
41
40
39
38
26
27
28
29
17
5
6
7
8
9
21
20
19
31
32
33
45
57
56
44
43
42
41
40
52
51
63
62
61
73
74
86
85
97
98
110
109
121
122
134
135
123
111
99
100
101
89
88
87
99
111
112
124
136
137
138
139
140
141
129
117
118
119
131
130
142
143
144
132
120
108
107
106
94
95
83
82
70
71
72
60
59
47
48
36
24
12
11
10
22
23
35
34
46
58
57
69
68
56
55
67
66
54
53
65
64
76
88
100
101
89
77
78
90
91
92
93
105
104
116
128
127
115
103
102
114
113
112
113
125
126
138
137
125
124
136
135
123
122
110
98
86
87
75
74
62
50
38
39
27
28
29
30
18
17
5
4
16
15
3
2
14
26
25
37
49
61
73
85
97
109
121
133
134
133
