##Rat 2 Day 21
 ##rewards
18
29
107
##Vertices
1
13
14
15
3
4
5
6
18
30
42
54
55
67
68
56
57
58
70
69
81
80
79
91
92
104
116
115
127
139
138
137
136
135
123
111
99
87
86
85
97
98
110
122
121
133
134
135
136
124
125
126
114
102
103
104
105
117
118
106
107
95
83
71
72
84
96
108
120
119
131
132
144
143
142
141
140
128
129
130
118
117
116
115
103
102
101
113
112
100
88
76
77
65
66
78
90
89
101
100
88
87
75
63
51
50
62
74
73
61
49
37
38
26
25
37
49
50
51
39
27
28
29
17
16
4
5
6
7
19
31
43
44
45
33
34
22
10
9
21
20
8
9
10
11
12
24
23
35
36
48
60
59
47
46
58
70
82
94
93
81
69
57
56
68
67
66
65
64
52
40
41
40
52
53
41
53
54
55
43
42
30
29
28
27
39
38
26
25
13
14
2
1
2
3
15
16
17
18
19
7
8
20
32
31
32
44
45
33
21
22
23
11
12
24
36
35
34
46
47
48
60
59
71
72
84
96
95
83
82
94
93
105
106
107
108
120
119
131
132
144
143
142
130
129
141
140
128
127
139
138
137
125
126
114
113
112
124
123
122
134
133
121
109
97
109
110
111
99
98
86
85
73
61
62
74
75
63
64
76
77
78
79
80
92
91
90
89
12
11
23
35
36
48
60
72
84
96
108
120
119
107
106
105
93
92
104
116
115
127
139
138
137
125
124
136
135
123
122
134
133
121
109
97
98
99
100
88
89
101
113
112
111
110
109
97
85
86
87
75
76
77
78
90
102
103
91
79
80
81
69
70
82
94
95
83
71
59
58
57
45
33
32
20
8
7
19
18
6
5
17
16
4
3
2
14
26
25
37
49
61
73
74
62
50
38
39
40
41
42
30
29
28
27
15
3
4
5
6
7
8
9
10
22
21
33
34
46
47
48
60
59
58
70
69
68
67
66
54
55
43
31
19
18
17
16
15
27
28
29
30
42
41
53
52
51
63
64
65
77
78
79
80
81
93
105
117
118
130
131
143
142
141
129
128
140
139
138
126
127
128
140
141
129
130
142
143
144
132
144
132
131
119
120
108
96
84
72
71
83
82
94
95
107
106
118
117
116
104
92
91
103
115
114
126
125
137
136
124
112
113
114
102
90
89
101
100
99
111
123
135
134
133
121
122
110
98
86
85
73
61
62
74
75
87
88
76
64
63
51
50
49
37
25
13
1
2
1
13
14
26
38
39
40
52
53
65
66
54
55
67
68
56
44
45
46
47
35
34
22
23
24
36
24
12
11
10
9
21
20
32
31
43
44
56
57
121
42
120
98
1
54
6
17
74
131
136
56
73
70
80
89
29
64
75
95
52
50
23
71
105
19
112
120
85
13
117
144
102
101
109
36
91
107
94
16
105
123
79
41
90
14
60
132
24
87
12
48
141
45
96
141
7
140
91
127
8
130
67
61
5
10
19
28
34
40
133
32
84
43
114
32
26
134
68
11
5
37
44
114
88
103
66
17
18
140
126
65
64
25
127
58
69
14
55
125
3
133
142
2
77
82
85
135
70
62
128
33
82
77
78
73
66
4
108
131
130
9
117
122
13
46
138
94
26
113
78
86
106
51
8
111
102
15
123
103
41
7
71
29
137
100
23
124
54
87
86
34
115
107
27
119
52
57
53
92
112
12
99
99
22
53
16
93
97
69
80
9
96
31
48
25
63
88
51
11
98
10
49
22
83
63
142
93
38
137
36
90
89
101
33
62
55
129
81
30
59
108
132
21
40
79
50
122
110
59
121
111
92
4
104
39
35
35
138
76
116
24
57
6
129
74
143
125
38
42
106
21
46
104
95
27
39
68
60
115
37
83
113
47
135
72
44
61
56
72
118
128
75
136
97
20
30
144
65
143
139
67
15
124
109
1
126
134
18
81
28
139
116
110
3
100
47
119
84
49
43
76
58
2
45
118
20
31
18
37
22
27
36
64
85
107
30
21
110
74
45
61
91
104
76
137
115
40
112
135
142
41
76
113
119
86
139
11
35
90
18
65
102
130
138
101
21
117
25
131
7
96
10
97
92
126
126
23
127
52
99
49
55
48
109
82
133
108
124
78
53
59
89
68
88
44
5
32
116
19
80
120
62
138
82
98
102
143
51
110
3
70
37
71
53
96
24
136
140
2
94
141
46
4
7
2
84
118
29
105
67
111
78
116
20
42
31
71
128
33
95
14
81
16
72
103
120
85
42
50
16
79
114
77
136
11
15
68
26
140
83
8
72
22
135
58
63
39
43
54
29
31
123
106
17
19
13
57
34
113
141
38
12
112
87
97
67
132
104
52
40
98
62
100
77
123
20
127
129
144
132
100
51
4
106
60
95
75
61
144
89
41
131
12
108
26
35
44
58
105
69
84
30
94
124
99
109
64
143
121
111
49
5
119
57
139
66
66
121
73
118
25
122
1
91
69
133
128
47
47
34
28
6
36
48
65
137
93
46
24
32
15
23
73
8
6
1
101
79
9
90
27
125
103
86
59
10
38
56
117
14
114
13
74
70
50
45
93
63
54
125
92
9
107
81
134
88
60
28
3
129
56
39
142
83
75
17
130
134
43
55
33
122
80
115
87
144
132
131
130
142
141
140
139
127
115
103
91
90
78
77
89
88
87
75
76
64
65
66
54
53
41
29
30
18
6
7
8
9
10
22
34
46
58
59
60
48
47
35
23
24
12
11
10
9
21
20
19
31
43
42
41
40
28
27
39
38
50
62
74
73
61
49
37
25
26
14
13
1
2
3
4
5
17
16
15
27
28
29
30
42
43
44
32
33
45
57
69
68
80
79
67
55
56
44
45
57
58
70
82
94
95
83
71
72
84
96
108
107
119
120
108
96
95
94
106
118
117
116
128
129
141
140
139
138
126
114
102
101
100
112
111
123
135
136
124
125
137
136
135
134
133
121
122
110
109
97
85
86
98
99
87
75
63
51
52
64
76
88
89
77
78
79
80
81
93
105
104
105
93
92
104
92
91
90
102
103
115
116
117
118
106
107
119
120
132
131
143
144
143
142
130
129
128
127
126
138
137
125
113
114
113
101
100
112
124
123
122
134
133
121
109
110
111
99
98
97
85
86
74
73
61
49
50
62
63
51
52
40
39
38
37
25
26
14
13
1
2
3
15
16
4
5
17
18
6
7
8
20
19
31
32
33
21
22
23
11
12
24
36
48
36
35
34
46
47
59
60
72
84
83
71
70
82
81
69
68
67
66
65
53
54
55
56
133
134
135
136
137
125
124
123
122
121
109
110
111
99
100
101
89
90
102
103
104
116
115
127
139
140
128
129
141
142
143
131
119
107
108
96
95
94
93
92
80
81
69
68
67
66
54
55
43
42
41
53
52
64
65
77
78
79
91
92
93
105
117
118
130
142
141
140
139
138
126
114
113
112
100
88
87
75
76
88
87
86
85
97
98
99
111
112
113
101
102
103
104
105
106
94
82
70
71
59
47
48
36
35
34
46
58
57
56
44
45
33
32
20
21
9
10
22
23
11
12
24
36
48
60
72
84
83
82
81
69
57
56
44
45
33
32
31
30
18
19
7
6
5
4
16
17
29
28
27
26
38
50
51
39
40
52
51
63
62
61
49
37
25
13
1
2
14
15
3
4
16
15
3
2
1
13
14
26
25
37
38
39
27
28
40
41
53
54
42
30
29
17
5
6
18
19
31
43
55
67
68
80
79
91
90
89
77
78
66
65
64
76
75
63
62
50
49
61
73
74
86
74
73
85
97
98
110
109
121
133
134
122
123
135
136
124
125
137
138
126
114
115
127
128
129
130
131
143
144
132
144
132
120
119
120
108
96
84
72
60
59
47
35
23
24
12
11
10
9
8
7
8
20
21
22
34
46
58
70
71
83
95
107
106
118
117
116
87
20
111
13
18
55
95
28
10
137
30
109
127
135
82
134
7
86
93
25
143
102
142
5
132
56
118
11
16
130
129
48
40
90
58
60
38
133
19
44
19
67
129
97
48
69
22
51
35
73
141
77
46
116
41
49
33
117
2
139
105
74
23
70
84
41
12
23
37
79
66
38
34
138
26
123
82
118
88
26
2
6
47
35
33
107
128
65
70
144
39
96
52
87
96
51
104
123
54
112
17
52
59
119
8
55
4
15
20
105
62
44
110
144
30
143
130
132
113
18
76
90
56
115
61
13
3
17
94
14
95
75
86
107
114
54
121
98
21
92
119
50
131
64
135
7
101
46
101
120
124
62
85
32
34
12
103
133
24
122
142
71
136
53
58
43
59
89
45
78
99
1
125
67
65
102
78
29
104
61
45
137
28
9
139
72
109
42
100
22
43
126
108
14
49
110
57
116
40
138
68
75
36
111
106
113
83
16
89
9
124
80
103
8
63
83
128
100
1
112
114
140
37
36
10
117
141
27
6
99
91
97
84
27
120
47
39
15
74
60
64
3
121
98
71
72
122
50
126
125
92
76
68
66
94
53
42
24
73
131
136
134
93
140
69
31
21
11
29
81
25
88
108
31
32
106
4
77
5
79
91
63
57
85
80
81
115
127
123
93
89
15
53
104
115
118
85
121
65
92
52
94
138
62
60
101
132
75
13
128
47
134
135
8
69
126
9
78
97
113
127
11
71
58
117
19
40
101
107
142
19
107
110
133
118
102
106
103
7
136
68
140
114
42
84
75
10
139
111
43
99
95
55
28
21
23
51
127
24
30
88
136
40
44
57
72
61
46
139
135
36
31
11
17
4
68
130
78
55
106
50
97
134
76
63
61
92
79
125
82
122
12
20
130
137
66
1
77
132
98
18
123
66
39
120
8
44
67
54
131
121
87
100
37
24
49
33
45
120
42
18
89
34
48
32
16
60
117
141
6
80
12
144
70
74
25
15
5
43
31
59
20
36
102
63
65
73
112
91
28
35
22
73
53
111
94
46
33
57
37
114
38
76
29
82
50
105
129
99
38
91
131
85
122
59
56
115
87
143
142
81
72
49
27
79
62
13
119
7
3
96
56
39
98
52
105
110
128
100
81
95
144
64
109
83
112
86
103
104
17
58
9
23
137
34
41
96
90
116
133
116
16
108
84
129
93
29
2
113
124
26
69
45
54
10
35
90
32
140
4
14
70
86
27
83
51
2
126
47
30
77
26
108
67
143
21
5
41
1
74
64
88
138
6
125
141
80
48
119
109
25
71
3
124
22
14
12
24
36
35
23
22
10
9
21
33
45
44
32
31
30
18
19
20
8
7
6
5
4
3
15
14
2
1
13
25
37
49
50
51
39
38
26
27
28
40
52
53
41
42
54
66
65
64
63
62
74
75
87
88
76
77
78
90
89
101
100
99
111
110
109
121
133
134
122
123
135
136
137
138
139
127
126
114
115
116
104
103
91
79
67
55
43
44
56
68
80
92
93
81
82
70
69
57
58
59
71
83
95
94
106
107
108
120
119
118
130
131
143
144
132
120
108
96
84
72
60
48
47
46
34
33
32
31
43
55
54
42
30
29
17
16
4
3
15
27
39
51
63
75
87
86
85
97
98
99
111
112
124
125
113
114
102
103
115
116
117
105
104
92
80
81
93
105
117
129
141
140
128
129
128
140
139
127
126
138
137
136
135
134
133
121
109
97
85
73
61
62
50
38
26
14
2
1
13
25
37
49
61
73
74
86
98
110
122
123
124
125
113
112
100
101
102
90
91
79
67
66
78
77
89
88
76
64
65
53
52
40
41
29
28
16
17
5
6
18
19
7
8
20
21
22
34
46
45
57
56
68
69
70
58
59
71
83
82
94
106
118
130
142
141
142
143
144
132
131
119
107
95
96
84
72
60
48
47
35
36
24
12
11
23
11
10
9
133
121
122
123
135
136
137
138
139
140
141
142
130
129
117
105
104
92
93
94
82
83
84
72
60
59
47
48
36
35
23
24
12
11
10
9
21
33
45
44
56
57
58
46
34
22
10
9
8
20
32
31
43
55
67
68
69
81
80
79
91
103
102
114
115
116
128
127
126
125
113
101
100
99
87
86
85
73
74
62
61
49
50
38
37
25
13
14
15
3
4
5
6
7
19
18
17
16
28
40
52
64
63
51
39
27
26
25
37
49
61
73
85
97
109
110
98
99
111
112
124
136
137
125
113
114
102
90
78
66
65
77
76
75
74
62
50
38
26
27
39
51
63
64
52
53
41
29
30
42
54
55
67
79
91
103
104
105
106
118
119
131
132
120
108
107
95
96
84
72
71
83
95
96
108
107
119
120
132
144
143
144
143
131
130
142
141
140
139
138
126
127
115
116
128
129
117
118
106
94
93
92
80
81
82
70
71
59
60
48
47
46
58
70
69
68
56
57
45
33
34
35
36
24
12
11
23
22
21
20
8
7
6
18
19
31
32
44
43
42
30
29
17
5
4
3
2
1
13
1
2
14
15
16
28
40
41
53
54
66
65
77
78
90
89
88
100
112
124
123
111
110
122
134
135
134
133
121
109
97
98
86
87
75
76
88
89
101
126
43
65
25
92
12
18
47
129
29
113
8
117
22
74
125
119
96
81
122
124
120
70
49
54
17
83
15
60
140
31
19
120
112
127
84
77
102
60
56
50
114
63
21
14
23
5
99
73
88
104
144
13
69
95
16
141
36
105
30
135
109
87
9
128
64
130
39
109
116
85
48
50
108
123
21
101
26
141
6
131
46
12
26
48
61
112
71
74
117
97
98
122
58
133
79
55
53
33
1
10
139
39
82
34
31
27
13
15
24
110
127
95
77
125
136
28
108
44
41
40
42
89
3
93
137
4
5
135
123
8
142
71
35
38
132
41
128
14
18
4
94
3
89
61
70
87
37
43
58
92
103
75
62
16
53
52
1
20
107
65
80
99
11
111
88
96
138
131
119
68
124
85
113
66
114
66
86
29
100
2
140
47
37
19
129
138
106
121
93
38
24
2
51
104
7
72
91
107
143
115
76
106
20
100
139
67
62
49
30
134
56
28
55
32
79
78
81
76
82
11
36
10
132
80
23
9
91
134
94
59
22
83
63
136
35
86
17
75
45
57
34
68
6
64
25
144
118
121
115
110
7
118
116
52
67
142
84
111
57
103
72
143
32
133
51
44
105
33
137
97
102
90
90
59
73
98
78
42
126
130
46
69
40
54
45
101
27
110
131
48
89
132
64
59
40
123
4
110
103
32
7
115
22
18
15
126
10
97
144
28
82
40
32
80
50
137
111
103
11
37
17
116
49
142
116
72
133
126
56
55
93
123
72
83
102
44
43
14
93
9
45
96
87
8
108
2
7
70
90
52
65
139
144
23
75
95
77
67
124
79
50
74
16
6
29
119
57
44
29
98
97
20
62
13
61
104
129
101
45
91
107
96
130
87
73
58
26
54
55
71
68
112
84
109
111
141
56
122
22
54
89
121
48
78
66
108
70
88
101
143
64
84
12
69
131
51
118
71
28
135
114
128
94
14
9
76
86
36
81
57
47
128
139
1
8
119
99
20
86
90
120
136
112
3
18
106
143
60
6
35
65
62
26
19
2
127
60
63
52
142
140
136
102
4
30
92
61
76
73
98
53
10
38
13
37
133
113
36
85
23
113
30
21
122
132
125
67
1
100
121
42
138
95
80
68
21
17
42
38
118
5
39
109
19
41
59
35
46
24
137
15
135
88
11
63
92
124
39
34
82
66
24
100
106
25
47
74
91
117
105
51
16
58
105
53
130
129
34
27
43
120
114
134
78
12
115
141
27
127
138
104
69
25
81
3
5
49
99
46
140
75
41
94
117
79
33
85
33
107
77
134
125
31
31
83
