##Rat 8 Day 49
 ##rewards
71
58
124
##Vertices
1
13
14
15
3
4
5
6
18
30
42
54
55
67
68
56
57
58
70
69
81
80
79
91
92
104
116
115
127
139
138
137
136
135
123
111
99
87
86
85
97
98
110
122
121
133
134
135
136
124
125
126
114
102
103
104
105
117
118
106
107
95
83
71
72
84
96
108
120
119
131
132
144
143
142
141
140
128
129
130
118
117
116
115
103
102
101
113
112
100
88
76
77
65
66
78
90
89
101
100
88
87
75
63
51
50
62
74
73
61
49
37
38
26
25
37
49
50
51
39
27
28
29
17
16
4
5
6
7
19
31
43
44
45
33
34
22
10
9
21
20
8
9
10
11
12
24
23
35
36
48
60
59
47
46
58
70
82
94
93
81
69
57
56
68
67
66
65
64
52
40
41
40
52
53
41
53
54
55
43
42
30
29
28
27
39
38
26
25
13
14
2
1
2
3
15
16
17
18
19
7
8
20
32
31
32
44
45
33
21
22
23
11
12
24
36
35
34
46
47
48
60
59
71
72
84
96
95
83
82
94
93
105
106
107
108
120
119
131
132
144
143
142
130
129
141
140
128
127
139
138
137
125
126
114
113
112
124
123
122
134
133
121
109
97
109
110
111
99
98
86
85
73
61
62
74
75
63
64
76
77
78
79
80
92
91
90
89
12
11
10
9
8
20
21
22
23
24
36
35
34
46
45
44
56
55
43
42
41
29
30
18
6
5
17
16
4
3
2
14
26
38
37
49
50
51
52
53
65
64
76
77
78
79
91
90
102
103
104
92
93
81
80
68
67
66
54
53
52
40
28
27
15
3
4
5
6
7
19
31
32
33
45
57
58
70
69
57
58
59
60
48
47
46
34
33
32
44
43
42
41
40
39
51
63
75
74
86
98
97
109
110
111
99
87
88
89
101
100
112
113
125
124
136
135
123
122
134
133
121
109
97
85
73
61
62
63
64
76
88
89
101
100
112
113
114
115
127
126
138
139
140
141
129
128
116
117
118
119
107
95
94
106
105
93
94
82
83
84
96
108
120
132
144
143
131
130
142
141
129
130
142
143
144
132
131
119
120
108
107
106
118
117
105
104
92
91
103
115
116
128
140
139
127
126
114
102
90
78
77
65
66
54
55
56
68
67
79
80
81
69
70
82
83
95
96
84
72
71
59
71
72
60
48
47
35
36
24
12
11
23
22
10
9
21
20
8
7
19
31
30
18
17
16
15
14
2
1
13
1
13
25
26
25
37
49
61
73
85
86
98
110
122
121
133
134
135
136
137
138
137
125
124
123
111
99
87
75
74
62
50
38
39
27
28
29
7
127
17
75
64
51
60
7
122
72
51
2
27
3
91
97
143
109
68
105
59
101
46
112
125
10
115
80
32
131
117
49
36
144
114
85
120
91
139
5
76
18
22
43
82
135
12
23
45
90
128
77
11
66
2
136
78
24
123
33
106
53
20
107
139
17
93
84
114
14
119
92
96
23
1
75
133
61
28
9
107
35
74
58
6
16
81
77
137
98
71
140
40
136
126
104
47
116
125
113
68
56
31
13
116
26
42
26
8
29
25
108
118
4
88
55
59
128
67
96
104
100
39
119
132
85
58
14
69
105
69
130
108
39
103
78
141
131
5
117
36
73
16
100
95
141
30
110
18
31
46
15
54
111
11
124
111
1
10
41
30
71
62
133
122
37
144
8
67
112
127
53
126
84
41
61
37
29
83
25
123
52
74
65
81
54
33
9
60
38
137
22
120
121
134
27
50
44
132
65
4
52
70
135
21
89
20
43
121
79
19
19
118
97
40
3
103
129
49
62
80
66
38
130
110
88
138
102
124
48
50
93
63
13
99
28
32
87
24
83
15
42
87
115
95
44
63
90
92
89
72
34
142
79
94
134
102
34
113
140
55
138
94
142
21
6
70
47
99
82
12
57
64
76
57
101
45
86
129
35
48
109
98
73
106
56
86
143
15
125
119
111
86
84
96
124
5
16
90
21
41
12
44
34
49
127
115
100
134
11
111
51
52
99
32
133
51
123
49
56
39
101
38
25
125
56
118
54
114
23
13
77
33
142
122
121
6
10
83
94
12
126
84
72
83
59
61
41
79
127
24
9
80
100
6
31
105
113
68
129
120
65
35
143
95
14
42
58
73
95
78
102
58
91
43
71
78
137
105
10
36
20
136
20
46
135
139
7
4
77
57
92
143
116
64
27
69
60
119
70
15
67
54
114
89
115
32
139
21
90
92
97
81
18
38
30
50
17
8
82
29
23
42
93
39
98
40
29
120
126
138
79
62
107
112
132
107
63
124
122
31
61
131
106
104
30
26
67
68
57
128
27
43
18
34
70
89
141
36
35
33
13
8
140
80
140
128
144
64
106
5
28
4
85
75
117
104
73
88
60
87
137
101
14
55
28
45
50
76
97
110
3
103
16
118
82
109
19
69
135
40
109
93
24
112
63
48
11
25
108
141
1
62
75
133
131
59
87
2
72
37
138
85
9
44
65
2
22
26
74
129
110
142
53
130
103
117
134
47
108
130
46
132
121
123
22
81
71
86
102
55
37
52
17
91
19
48
74
99
76
1
136
113
98
45
47
7
66
3
144
66
96
88
53
116
94
133
134
135
136
124
125
137
138
139
140
141
142
143
144
132
131
119
120
108
107
106
105
93
92
104
103
115
114
102
90
78
77
76
64
63
75
87
86
98
99
111
110
122
121
109
97
85
73
61
49
50
38
37
25
13
1
2
3
4
16
15
14
26
27
28
40
41
53
54
55
43
42
30
29
17
18
19
20
21
9
8
7
6
5
4
3
15
27
39
51
52
40
39
51
63
62
74
75
76
88
100
101
89
90
91
79
80
68
67
66
65
77
89
88
87
99
100
112
113
101
102
114
126
127
128
116
117
129
130
118
106
94
95
96
84
83
71
72
60
59
47
48
36
35
23
24
12
11
10
22
34
33
32
44
45
57
69
81
82
70
58
46
34
33
45
44
56
57
69
81
93
94
95
96
84
72
71
83
82
70
58
46
47
59
60
48
36
35
23
24
12
11
10
22
21
9
8
20
32
31
43
31
30
18
19
7
6
5
17
16
28
29
41
42
54
53
52
64
65
66
78
79
67
55
56
68
80
92
91
103
115
127
126
125
113
112
111
123
124
123
122
110
98
86
74
62
50
38
26
14
2
1
13
25
37
49
61
73
85
97
109
121
133
134
135
136
137
138
139
140
128
129
141
142
130
131
143
144
132
120
108
107
119
118
117
105
104
116
144
132
120
119
131
130
142
143
144
132
120
108
96
84
72
60
48
36
35
34
22
10
9
8
7
6
5
17
16
4
3
15
14
13
25
37
38
26
27
28
29
30
18
19
31
43
42
41
53
65
64
76
77
78
66
54
55
67
79
80
81
93
94
95
107
106
118
117
116
128
140
141
129
117
105
104
103
102
90
91
92
104
105
93
92
91
79
80
68
56
44
32
20
21
33
45
57
69
70
58
46
47
59
71
83
82
70
58
57
45
44
32
31
43
42
41
40
52
51
39
27
28
40
52
64
63
75
87
88
89
101
100
112
111
99
98
110
122
123
124
136
135
134
133
121
109
97
85
86
74
62
50
49
61
73
85
97
98
99
111
112
113
125
137
138
139
127
126
114
115
116
128
129
130
118
106
94
82
81
69
68
56
55
67
66
78
90
102
103
115
127
126
114
113
125
124
123
122
110
109
121
133
134
135
136
137
138
139
140
141
142
143
131
119
107
108
96
95
83
84
72
71
59
60
48
36
35
47
46
34
33
21
22
23
11
23
24
12
24
12
11
10
9
8
20
19
7
6
18
30
29
17
5
4
16
15
3
2
1
13
1
2
14
26
25
37
38
39
51
63
62
50
49
61
73
74
86
87
75
76
88
100
101
89
77
65
53
54
18
105
33
134
97
9
75
138
72
104
137
113
142
119
34
19
90
92
126
82
51
15
56
144
61
48
46
10
22
64
72
135
130
38
132
25
90
45
54
62
126
88
129
88
140
81
1
141
47
128
110
132
103
59
12
111
79
77
84
84
73
26
109
127
12
23
51
141
22
27
26
40
10
97
11
102
98
102
33
59
133
56
41
17
87
16
66
83
115
100
31
44
65
112
55
85
37
112
42
5
85
83
117
14
115
45
108
11
63
35
14
108
104
74
94
65
109
99
43
86
24
60
47
121
71
17
144
52
46
77
89
127
70
64
80
43
137
117
86
69
91
101
142
9
4
92
57
111
93
4
81
23
41
106
57
135
68
66
139
21
63
136
116
106
73
8
53
121
6
95
61
50
58
35
52
39
93
69
76
50
133
30
60
42
13
28
78
98
125
1
122
79
113
134
138
20
120
82
96
44
39
78
5
129
118
124
3
6
120
101
2
130
34
75
122
58
68
103
20
13
107
89
118
105
123
71
114
21
32
91
119
7
16
67
28
53
70
8
18
114
62
143
100
80
7
54
74
124
123
2
15
55
29
140
36
37
143
95
99
87
116
3
107
67
36
31
76
38
40
125
30
128
29
94
48
131
139
27
24
25
136
32
49
19
131
96
110
49
138
129
100
55
127
18
107
138
14
50
107
72
40
66
89
4
6
106
74
132
135
54
105
69
105
11
143
23
64
83
137
102
35
50
27
125
118
131
63
7
83
114
72
12
95
16
134
27
21
88
6
103
97
62
128
92
79
117
127
96
91
38
82
128
30
114
98
57
103
51
116
26
94
130
58
124
120
137
65
73
11
1
104
96
40
43
20
86
109
61
116
49
84
67
123
30
45
89
39
13
141
126
59
87
126
74
9
111
29
59
142
5
118
17
44
38
24
47
46
33
117
70
86
121
31
140
134
37
141
81
108
99
98
108
67
55
102
46
51
124
140
99
2
21
8
93
80
123
100
60
47
29
91
52
22
85
34
101
57
63
4
62
90
131
53
119
119
31
10
85
87
136
24
41
135
75
88
42
15
48
20
3
92
142
78
121
76
95
9
84
133
130
77
97
113
3
70
120
2
139
71
32
122
48
56
25
13
37
129
17
53
56
109
25
68
81
133
15
110
115
101
23
64
18
76
52
49
34
144
32
113
22
71
110
5
73
45
77
93
16
69
82
36
65
125
26
10
143
35
36
80
28
144
68
54
19
58
43
1
112
33
90
61
7
136
19
139
44
42
111
94
66
115
60
106
78
12
14
39
122
28
132
112
8
41
79
104
75
12
24
36
48
47
59
60
72
84
96
108
120
132
144
143
131
130
142
141
129
117
105
104
92
93
81
82
70
69
68
67
55
43
42
30
31
32
20
21
33
34
22
23
11
10
9
8
7
6
5
17
16
4
3
2
1
13
25
37
38
26
14
15
27
39
40
52
53
65
77
76
64
63
51
50
62
74
86
98
97
85
73
61
49
37
25
26
27
28
29
41
40
28
29
30
18
19
31
43
44
45
57
56
68
80
79
91
90
78
66
54
55
56
44
32
33
45
46
58
57
69
70
71
83
95
94
106
107
119
118
117
116
128
140
139
127
126
138
137
125
124
136
135
123
122
134
133
121
109
110
111
99
87
88
100
101
102
103
115
114
113
112
111
99
100
88
89
101
102
103
104
116
128
140
139
138
126
127
115
114
113
112
124
125
137
136
135
123
122
134
133
121
109
110
98
97
85
86
87
75
76
75
63
62
74
73
61
49
50
38
39
51
52
64
65
53
41
42
54
66
67
79
78
77
89
90
91
92
80
81
82
83
71
59
58
46
34
35
47
35
23
22
21
20
19
18
17
16
15
14
13
1
2
3
4
5
6
7
8
9
10
11
12
24
36
48
60
72
84
96
95
107
108
120
119
131
132
144
143
142
141
129
130
118
106
105
93
94
133
134
122
110
111
123
135
136
137
125
126
138
139
127
115
116
128
140
141
129
117
118
119
131
130
142
143
144
132
120
108
96
95
83
82
94
93
105
104
103
91
90
78
77
89
101
102
114
113
112
100
99
98
86
85
97
109
121
133
134
135
123
124
112
100
88
87
75
76
64
63
62
50
49
61
73
74
75
63
51
52
40
39
27
15
14
26
38
37
25
13
1
2
3
4
16
17
5
6
7
8
20
19
18
30
31
43
44
45
46
34
22
10
9
21
33
32
31
30
29
28
40
41
42
54
53
65
66
67
79
80
81
69
68
56
55
43
44
32
33
34
35
23
11
12
24
36
48
60
72
84
96
108
107
106
105
117
116
104
92
93
81
82
70
71
59
58
57
45
46
47
59
47
35
23
11
12
24
36
48
60
72
84
83
71
70
58
57
69
68
56
55
67
66
54
42
41
53
65
77
76
64
52
51
39
27
28
29
17
18
19
20
21
22
10
9
8
7
6
5
4
16
15
3
2
1
13
14
26
25
37
38
50
49
61
62
74
73
85
86
98
97
109
121
122
110
111
99
87
88
89
90
78
79
80
92
91
103
115
127
126
114
102
101
113
125
124
136
137
138
139
140
128
129
141
142
130
131
143
144
132
120
119
118
106
94
95
107
109
18
43
122
64
103
42
118
139
82
55
20
126
129
117
84
46
135
17
92
41
104
19
16
96
24
116
101
66
41
138
117
125
65
100
45
103
42
113
69
87
35
134
90
122
94
88
54
108
75
16
86
142
51
95
84
99
59
17
112
37
40
29
74
28
128
89
114
10
68
93
53
76
23
116
105
61
36
79
106
137
120
127
102
15
81
110
91
132
53
78
60
25
133
93
25
113
107
18
119
22
136
47
33
143
137
12
1
11
56
73
139
38
121
80
99
49
28
141
12
123
74
58
13
110
135
2
109
104
142
6
56
34
59
30
130
131
75
71
65
11
7
48
106
29
66
86
96
32
98
129
51
36
7
67
82
44
30
83
130
22
1
90
144
52
14
118
21
8
15
63
120
94
45
111
128
57
3
26
63
31
77
85
124
76
81
58
127
138
80
23
70
46
143
48
32
5
115
73
8
72
140
9
4
52
69
98
101
60
97
77
47
50
5
19
10
112
87
6
14
44
9
85
97
2
39
105
132
67
126
43
50
89
62
21
40
114
111
31
131
91
34
140
27
61
71
20
144
4
55
57
26
134
95
62
141
136
3
13
133
78
79
37
115
64
92
119
124
35
121
83
100
125
88
24
27
54
102
39
108
123
72
33
107
68
38
70
49
30
22
30
116
127
120
2
7
86
58
78
61
137
129
87
126
140
97
27
56
46
24
59
143
36
81
28
45
122
107
115
142
101
29
55
25
31
108
32
112
22
44
70
31
6
136
40
141
65
38
117
53
8
41
105
56
40
20
77
128
90
60
78
47
32
99
5
121
100
91
111
113
51
120
103
143
61
9
66
6
142
73
82
104
96
43
39
81
46
28
80
131
34
15
50
104
121
109
18
33
114
9
1
52
130
89
15
108
102
76
21
17
17
76
131
14
133
59
68
12
12
35
106
75
144
10
132
64
13
139
136
85
98
11
39
52
96
118
57
18
57
97
55
85
98
128
105
103
95
111
23
16
91
51
86
71
84
14
124
16
75
67
49
71
107
92
63
125
37
62
115
94
106
130
93
19
135
102
138
124
23
101
89
88
29
125
99
95
8
25
110
37
24
126
112
119
123
69
79
135
58
127
3
80
54
92
60
70
66
44
114
137
35
118
110
72
2
90
63
77
67
133
65
45
116
94
140
139
113
83
73
64
122
26
129
72
74
42
123
117
79
13
10
5
1
26
83
132
3
69
33
54
134
48
42
119
109
48
49
38
53
43
82
47
74
93
84
134
4
88
50
11
141
144
87
41
68
19
36
4
100
7
62
27
138
21
34
20
