##Rat 2 Day 7
 ##rewards
18
29
107
##Vertices
12
11
10
9
21
33
32
20
8
7
6
5
4
16
17
29
28
27
39
38
26
14
13
1
2
3
15
27
39
40
41
42
30
31
19
18
6
7
8
9
10
22
23
24
36
48
60
72
84
83
95
96
108
120
132
144
143
142
130
129
141
140
139
138
126
127
128
116
104
92
93
81
82
70
71
59
47
35
34
46
58
57
45
44
43
55
56
68
80
79
78
90
102
114
113
101
89
77
65
64
52
51
50
49
61
73
85
86
87
75
74
62
63
51
52
53
54
66
67
55
43
44
56
57
69
70
82
94
106
107
119
118
117
105
93
94
106
105
104
103
91
90
89
88
76
64
63
75
76
88
100
112
124
123
111
110
109
97
98
99
100
101
113
125
137
136
135
134
122
121
133
121
133
134
122
123
135
136
124
112
111
110
109
97
98
99
87
86
85
73
74
62
61
49
50
38
37
25
37
25
26
14
13
1
2
3
15
16
4
5
17
29
28
40
41
53
65
77
78
79
91
92
80
81
69
68
67
66
54
42
30
18
19
31
32
20
21
22
23
11
12
24
36
35
34
33
45
46
58
59
47
48
60
72
71
83
84
96
95
107
108
120
132
131
119
118
117
129
128
116
115
103
102
114
115
127
126
125
137
138
139
140
141
142
130
131
143
144
1
13
25
37
38
39
51
50
49
61
73
85
97
98
86
87
99
111
112
124
123
122
134
133
121
109
110
111
112
100
88
76
75
63
62
74
73
61
49
37
25
26
14
2
3
4
5
6
7
19
20
8
9
10
11
12
24
36
35
47
48
60
72
84
83
71
59
58
57
56
44
43
31
30
18
17
16
15
27
28
29
41
40
52
64
65
53
54
55
67
79
80
81
82
94
93
92
91
90
102
101
113
125
137
138
139
140
128
116
115
127
126
114
113
101
89
77
78
66
65
64
52
53
41
42
30
31
32
33
21
22
34
46
45
44
32
33
45
57
69
68
80
92
104
103
102
114
115
103
104
105
106
107
119
118
130
142
141
129
117
105
93
94
95
96
108
120
132
131
143
144
143
144
132
131
119
120
108
107
106
118
130
142
141
129
117
116
128
140
139
127
126
138
137
125
124
136
135
136
135
123
122
134
133
121
109
110
98
97
85
86
87
99
100
88
89
90
91
79
67
68
56
55
43
42
54
66
78
77
76
75
74
62
63
51
50
38
26
14
13
1
2
3
15
27
39
40
28
29
17
16
4
5
6
18
19
7
8
20
21
9
10
11
23
22
34
46
47
59
58
70
69
81
82
70
71
83
95
96
84
72
60
48
36
35
23
24
12
134
60
133
142
64
131
101
98
26
56
108
30
98
36
8
32
112
19
99
115
126
97
95
42
8
33
29
22
26
140
28
96
80
104
136
119
19
34
105
9
88
74
31
65
33
43
116
129
45
106
114
89
95
136
128
111
46
38
21
24
41
93
51
89
14
94
47
74
40
103
127
81
40
144
78
107
91
61
118
135
16
5
17
45
63
49
48
130
35
140
28
56
52
20
73
32
133
130
53
104
4
79
87
135
126
72
27
90
103
144
48
53
66
87
6
49
55
112
127
2
113
76
137
37
106
59
81
58
84
70
1
7
12
73
131
18
13
31
83
70
114
120
91
123
90
54
78
132
55
9
5
66
138
108
72
141
123
137
21
111
107
57
125
109
41
102
39
85
110
12
77
11
52
92
100
79
25
141
1
68
115
47
99
113
13
16
64
80
42
100
37
118
129
71
4
69
62
62
82
125
17
46
124
121
36
97
60
128
83
101
92
23
50
22
67
96
105
15
24
142
76
10
110
124
54
122
132
119
139
29
75
3
85
18
50
51
88
15
122
58
61
139
44
3
2
94
116
34
77
44
57
117
69
82
39
23
59
68
143
109
6
10
75
120
11
117
121
86
7
27
14
20
25
93
84
143
138
71
134
30
67
86
102
63
35
43
65
38
133
128
142
11
106
70
63
126
117
95
97
56
77
82
85
49
66
14
140
95
134
125
2
76
102
83
47
35
133
139
125
115
126
86
113
98
67
22
74
4
57
17
92
115
6
136
130
1
21
20
26
79
3
137
139
76
30
103
16
114
27
72
93
73
37
58
22
116
2
33
48
89
140
68
21
7
88
19
101
94
135
43
112
106
34
60
84
13
59
120
33
81
96
71
132
29
65
108
41
99
73
90
53
114
102
24
28
130
84
17
110
68
13
78
105
138
87
71
47
67
99
16
52
9
64
88
59
117
44
50
32
26
5
91
74
55
45
50
57
6
38
136
27
42
4
46
44
52
45
10
107
12
36
85
36
89
8
91
38
49
39
32
119
15
25
79
18
77
72
83
70
61
64
90
43
80
82
97
109
62
112
25
104
128
119
121
143
109
35
18
63
12
129
10
131
28
34
127
23
132
111
7
118
61
142
78
141
86
3
137
14
100
58
24
105
9
113
30
65
118
124
143
62
124
8
129
53
75
46
60
54
122
39
116
110
11
108
15
123
98
23
69
56
144
122
141
40
127
81
75
101
66
120
51
40
103
31
92
87
55
37
96
111
94
54
42
135
1
134
69
19
107
131
29
41
123
104
20
121
138
93
5
51
31
100
144
48
80
133
121
122
123
124
136
135
134
133
121
109
97
85
86
87
88
76
75
63
64
65
77
89
90
78
66
67
55
54
42
43
44
32
31
30
18
19
7
8
20
21
9
10
22
34
33
45
46
47
35
23
11
12
24
36
48
60
72
71
83
82
94
95
107
119
131
143
144
132
120
108
96
84
72
60
59
58
70
69
81
80
68
56
57
69
68
67
79
91
103
104
116
128
129
117
105
106
118
130
142
141
140
139
138
126
127
115
114
102
101
100
99
98
110
111
112
113
125
137
138
139
140
141
129
128
127
115
116
117
105
93
92
104
103
102
101
100
88
87
75
74
73
61
62
50
49
37
38
26
25
13
14
2
3
15
27
39
40
41
53
52
51
39
27
28
16
4
5
6
7
8
9
21
33
34
35
23
22
10
11
12
24
36
48
47
46
58
59
71
70
82
83
84
96
95
107
108
120
132
144
143
142
130
131
119
118
106
94
93
81
80
92
91
79
78
90
89
77
76
64
52
40
41
53
65
66
54
55
56
57
45
44
32
20
19
31
43
42
30
29
28
29
17
18
6
5
17
16
4
3
15
14
26
38
50
51
63
62
74
86
98
99
111
112
113
114
126
125
137
136
124
123
135
134
122
110
109
97
85
73
61
49
37
25
13
1
2
1
144
143
131
119
107
108
120
132
144
143
142
141
140
128
116
104
103
115
114
102
90
91
92
80
79
78
66
65
77
76
64
52
51
63
75
74
62
61
49
50
38
37
25
26
27
39
40
28
16
15
14
13
1
2
3
4
5
6
18
19
31
32
20
21
22
23
24
12
11
10
9
8
7
6
5
17
29
30
42
43
55
54
53
41
42
54
66
67
68
69
57
58
59
47
46
45
33
34
35
36
48
60
72
84
83
71
70
82
81
93
105
117
129
130
118
106
94
95
96
84
72
60
48
47
59
71
70
58
46
45
44
56
57
69
81
93
105
104
116
115
127
139
138
126
125
137
136
124
123
135
134
122
121
109
110
111
112
100
88
89
101
113
112
111
99
98
97
85
73
61
49
37
38
39
27
15
14
26
25
13
1
2
3
4
16
28
29
17
18
30
31
19
7
8
20
21
9
10
11
12
24
36
35
23
22
34
33
32
44
43
55
56
68
67
79
80
92
91
103
102
101
100
88
89
90
78
77
65
53
41
40
52
51
50
62
63
64
76
75
87
99
87
86
74
73
85
86
98
97
109
110
122
123
124
125
113
114
126
127
128
129
117
118
106
94
82
83
95
96
108
107
119
120
132
131
130
142
141
140
139
138
137
136
135
134
133
121
133
123
137
68
141
57
122
144
67
139
21
31
9
132
94
62
141
59
139
51
73
96
19
134
127
114
100
17
78
116
52
98
138
3
54
87
52
71
63
77
45
89
56
95
47
48
74
36
125
119
109
59
87
28
85
107
16
5
48
20
103
130
12
8
49
25
32
90
143
13
76
131
54
88
24
88
134
78
18
66
14
35
65
128
34
40
27
70
33
115
42
55
27
142
131
45
40
93
57
16
92
3
30
75
136
9
97
132
37
111
68
73
106
47
124
117
10
100
24
90
7
2
118
112
10
41
126
69
140
91
53
75
92
82
58
108
5
29
23
113
121
133
26
61
94
67
83
103
105
129
17
95
69
22
123
64
111
120
104
79
86
102
4
60
102
31
23
11
1
76
142
51
4
86
71
144
110
84
80
110
8
44
104
124
62
1
39
46
128
93
98
50
81
44
55
38
21
140
7
135
66
37
11
70
72
137
115
36
120
133
117
15
13
41
109
138
46
113
121
122
130
99
114
39
49
84
14
118
101
22
74
18
116
99
101
129
42
64
85
60
29
15
63
77
80
43
82
30
97
6
58
108
34
106
19
91
33
119
96
20
79
28
61
112
105
127
65
72
38
12
83
53
32
135
136
89
125
143
25
26
2
81
6
50
126
107
56
43
35
39
96
55
26
42
53
19
112
107
67
102
124
72
82
5
61
83
95
74
63
7
14
73
127
96
128
79
40
138
120
45
38
100
11
83
55
54
140
91
81
3
25
94
1
61
33
50
45
144
14
86
48
78
15
114
108
131
50
24
97
58
30
35
92
4
116
133
65
31
129
95
49
130
56
85
44
94
116
38
143
64
37
117
104
71
20
16
91
136
142
22
59
12
80
121
137
89
6
142
123
103
8
111
54
43
12
144
127
39
21
32
81
115
135
98
52
80
87
139
33
101
18
35
76
60
63
15
124
47
74
125
21
122
1
70
36
42
129
28
140
128
41
29
49
106
118
72
60
62
141
10
135
37
71
52
89
109
27
58
2
99
51
126
23
103
93
121
130
86
5
70
68
98
23
110
56
19
143
47
44
24
84
134
16
133
75
77
119
126
132
11
109
46
31
9
118
112
62
69
90
105
66
20
139
13
115
65
8
18
32
76
59
13
69
117
10
90
108
41
22
113
92
6
2
132
141
93
29
28
102
104
136
48
113
40
66
87
78
137
88
73
79
36
30
101
77
75
114
9
97
46
27
123
26
34
134
67
125
85
119
99
53
82
138
107
110
64
120
106
4
68
131
111
57
17
88
100
105
43
34
25
84
122
51
3
7
17
57
144
132
120
119
131
130
142
141
129
117
105
104
116
115
114
126
127
128
140
139
138
137
136
135
123
122
134
133
121
109
97
85
86
87
99
98
110
111
112
100
88
89
101
102
90
78
77
76
75
74
62
63
51
52
64
65
66
54
53
41
40
39
27
26
25
13
1
2
14
15
3
4
5
6
7
19
18
30
31
32
44
43
55
67
79
91
103
104
92
80
68
56
57
69
70
82
81
93
94
95
83
71
59
58
46
47
48
36
35
34
22
23
11
12
24
36
48
60
72
84
96
108
107
106
118
117
116
115
103
91
90
102
114
113
125
124
136
135
123
111
99
87
75
63
51
50
49
37
38
39
27
28
16
17
29
30
42
43
31
32
33
45
44
56
68
69
57
45
33
21
9
8
20
21
20
8
7
19
18
6
5
4
3
2
1
13
25
37
49
61
73
74
86
98
110
122
134
133
121
109
97
85
73
61
62
50
38
26
14
15
16
17
29
28
40
41
42
54
55
67
79
78
66
65
53
52
64
76
77
89
88
100
101
113
112
124
125
137
138
126
127
139
140
128
129
130
118
106
105
93
92
80
81
82
94
95
83
71
70
58
46
34
22
10
9
10
11
12
24
23
35
47
59
60
72
84
96
108
107
119
120
132
144
143
131
143
142
141
12
24
36
48
60
59
47
35
23
11
10
22
34
33
45
57
56
68
69
81
93
94
82
83
84
96
95
107
108
120
132
131
130
129
141
140
128
116
104
92
91
103
102
90
78
66
65
77
76
64
52
53
41
42
54
55
67
79
80
92
104
105
106
118
119
120
108
96
84
72
71
70
58
46
45
44
32
31
43
44
32
20
8
9
21
33
34
46
58
57
69
81
93
105
117
116
115
114
126
125
124
136
135
123
111
112
113
101
89
88
100
99
87
86
98
97
109
110
122
121
133
134
135
136
137
138
139
127
115
103
102
101
89
88
100
99
87
75
63
62
74
73
61
49
37
38
50
51
39
27
15
16
17
29
28
40
41
29
30
18
6
5
4
3
2
1
13
14
26
25
37
38
26
25
13
1
2
14
15
3
4
16
28
27
39
40
52
53
65
64
63
51
50
49
61
62
74
75
76
77
78
90
91
79
80
68
56
55
67
66
54
42
43
31
30
18
17
5
6
7
19
20
19
7
8
9
21
22
10
11
12
24
23
35
36
48
47
59
60
72
71
70
82
83
95
107
119
131
132
144
143
144
143
142
130
142
141
140
139
138
137
125
124
123
122
134
133
121
109
97
85
73
85
86
98
110
111
112
113
114
126
127
128
129
117
118
106
94
110
11
88
141
125
131
30
51
101
9
76
25
100
18
44
1
77
113
117
48
36
7
13
12
16
133
30
94
80
17
94
107
33
58
89
140
99
114
55
29
37
98
20
38
21
79
74
126
41
29
91
128
7
137
117
19
114
64
56
19
66
4
65
24
83
84
90
126
124
83
8
46
110
103
63
143
9
92
129
10
80
104
132
81
136
49
5
63
14
43
93
77
3
70
71
15
36
130
136
97
15
85
120
121
38
127
144
135
61
111
137
112
37
34
31
8
17
143
22
139
74
109
6
3
42
50
85
119
72
102
28
10
33
44
107
103
65
101
122
130
125
75
35
67
43
2
112
119
41
116
11
26
4
54
51
78
24
96
59
39
105
134
75
68
100
28
98
57
123
127
102
16
67
93
40
32
26
71
12
131
87
60
47
124
49
1
62
23
140
61
116
62
82
79
45
73
106
56
91
53
113
20
97
122
21
45
139
135
138
53
42
99
82
57
69
40
69
90
6
134
115
92
138
55
129
120
27
81
108
111
109
13
105
95
58
46
95
27
89
32
115
35
96
54
25
48
52
123
104
23
5
70
141
72
52
39
50
121
88
66
118
64
60
86
76
144
86
68
73
87
14
142
47
18
31
34
22
133
132
128
84
59
118
78
2
108
142
106
99
52
95
116
109
110
43
4
140
86
63
116
70
61
62
13
32
2
16
122
65
130
74
114
120
2
107
126
90
88
80
72
100
46
77
142
113
136
39
85
134
55
48
63
7
123
134
136
143
66
84
33
131
25
30
37
50
83
110
89
103
21
137
43
124
104
71
48
57
27
143
121
80
61
144
119
9
49
17
42
15
1
96
54
135
40
58
114
86
91
74
82
59
58
69
130
19
141
50
52
10
22
13
46
131
90
6
45
91
39
133
92
122
25
60
10
55
75
142
64
129
47
128
119
71
102
70
79
112
127
38
16
141
73
12
14
5
98
36
98
128
51
108
67
129
66
97
125
118
123
42
140
89
121
76
108
106
73
29
67
12
41
45
51
40
125
18
94
4
78
15
3
53
57
118
6
56
111
20
137
47
23
34
32
59
28
138
93
75
135
21
35
44
41
127
93
111
77
17
79
99
34
27
30
56
65
62
8
11
88
31
105
117
14
144
107
94
126
33
24
95
18
23
83
138
20
115
44
85
53
101
84
36
139
3
22
97
69
35
106
132
31
117
102
81
82
26
133
109
68
96
19
28
78
105
11
120
72
1
132
124
100
76
87
9
104
54
87
64
101
7
112
5
81
37
8
38
26
24
115
49
68
60
29
103
139
113
92
