##Rat 1 Day 11
 ##rewards
27
70
114
##Vertices
12
24
23
22
10
9
8
7
6
5
4
3
15
16
28
40
41
53
52
51
63
62
61
73
85
86
98
97
109
110
122
121
133
134
135
136
124
112
100
101
89
88
87
99
111
123
135
136
137
125
113
114
102
90
78
77
76
64
65
66
54
42
43
31
30
29
17
18
19
20
32
44
45
46
58
59
60
72
71
83
84
96
95
107
108
120
132
131
130
142
141
140
139
138
126
127
128
129
117
105
93
81
82
94
106
118
119
120
108
96
84
72
60
48
36
35
47
46
34
33
21
9
8
20
32
31
43
55
67
79
80
68
69
70
71
83
95
107
119
118
106
94
82
81
93
92
104
116
115
103
91
90
78
66
54
42
41
40
39
27
26
14
13
25
37
38
50
49
61
73
74
62
50
49
37
38
26
25
13
1
2
1
2
14
15
3
4
5
6
7
19
18
30
29
17
16
28
27
39
51
52
53
65
64
63
75
74
86
85
97
98
99
87
75
76
77
89
88
100
112
111
110
109
121
133
134
122
123
124
125
137
138
139
127
126
114
113
101
102
103
115
116
128
140
141
142
143
144
132
144
143
131
130
129
117
105
104
92
91
79
80
68
67
55
56
57
45
33
21
22
34
35
23
11
10
11
12
24
36
48
47
59
58
70
69
57
56
44
12
24
36
48
60
72
84
96
108
120
132
144
143
131
119
107
95
83
71
59
47
35
23
11
10
22
34
46
58
70
82
94
106
118
130
142
141
129
117
105
93
81
69
57
45
33
21
9
8
20
32
44
56
68
80
92
104
116
128
140
139
127
115
103
91
79
67
55
43
31
19
7
6
18
30
42
54
66
78
90
102
114
126
138
137
125
113
101
89
77
65
53
41
29
17
5
4
16
28
40
52
64
76
88
100
112
124
136
135
123
111
99
87
75
63
51
39
27
15
3
2
14
26
38
50
62
74
86
98
110
122
134
133
121
109
97
85
73
61
49
37
25
13
1
133
121
109
97
85
73
61
49
37
25
13
1
2
14
26
38
50
62
74
86
98
110
122
134
135
123
111
99
87
75
63
51
39
27
15
3
4
16
28
40
52
64
76
88
100
112
124
136
137
125
113
101
89
77
65
53
41
29
17
5
6
18
30
42
54
66
78
90
102
114
126
138
139
127
115
103
91
79
67
55
43
31
19
7
8
20
32
44
56
68
80
92
104
116
128
140
141
129
117
105
93
81
69
57
45
33
21
9
10
22
34
46
58
70
82
94
106
118
130
142
143
131
119
107
95
83
71
59
47
35
23
11
12
24
36
48
60
72
84
96
108
120
132
144
133
134
135
136
137
138
139
140
141
142
143
144
132
131
130
129
128
127
126
125
124
123
122
121
109
110
111
112
113
114
115
116
117
118
119
120
108
107
106
105
104
103
102
101
100
99
98
97
85
86
87
88
89
90
91
92
93
94
95
96
84
83
82
81
80
79
78
77
76
75
74
73
61
62
63
64
65
66
67
68
69
70
71
72
60
59
58
57
56
55
54
53
52
51
50
49
37
38
39
40
41
42
43
44
45
46
47
48
36
35
34
33
32
31
30
29
28
27
26
25
13
14
15
16
17
18
19
20
21
22
23
24
12
11
10
9
8
7
6
5
4
3
2
1
12
11
10
9
8
7
6
5
4
3
2
1
13
14
15
16
17
18
19
20
21
22
23
24
36
35
34
33
32
31
30
29
28
27
26
25
37
38
39
40
41
42
43
44
45
46
47
48
60
59
58
57
56
55
54
53
52
51
50
49
61
62
63
64
65
66
67
68
69
70
71
72
84
83
82
81
80
79
78
77
76
75
74
73
85
86
87
88
89
90
91
92
93
94
95
96
108
107
106
105
104
103
102
101
100
99
98
97
109
110
111
112
113
114
115
116
117
118
119
120
132
131
130
129
128
127
126
125
124
123
122
121
133
134
135
136
137
138
139
140
141
142
143
144
133
121
109
97
85
73
61
49
37
25
13
1
2
14
26
38
50
62
74
86
98
110
122
134
135
123
111
99
87
75
63
51
39
27
15
3
4
16
28
40
52
64
76
88
100
112
124
136
137
125
113
101
89
77
65
53
41
29
17
5
6
18
30
42
54
66
78
90
102
114
126
138
139
127
115
103
91
79
67
55
43
31
19
7
8
20
32
44
56
68
80
92
104
116
128
140
141
129
117
105
93
81
69
57
45
33
21
9
10
22
34
46
58
70
82
94
106
118
130
142
143
131
119
107
95
83
71
59
47
35
23
11
12
24
36
48
60
72
84
96
108
120
132
144
12
24
36
48
60
72
84
96
108
120
132
144
143
131
119
107
95
83
71
59
47
35
23
11
10
22
34
46
58
70
82
94
106
118
130
142
141
129
117
105
93
81
69
57
45
33
21
9
8
20
32
44
56
68
80
92
104
116
128
140
139
127
115
103
91
79
67
55
43
31
19
7
6
18
30
42
54
66
78
90
102
114
126
138
137
125
113
101
89
77
65
53
41
29
17
5
4
16
28
40
52
64
76
88
100
112
124
136
135
123
111
99
87
75
63
51
39
27
15
3
2
14
26
38
50
62
74
86
98
110
122
134
133
121
109
97
85
73
61
49
37
25
13
1
12
11
10
9
8
7
6
5
4
3
2
1
13
14
15
16
17
18
19
20
21
22
23
24
36
35
34
33
32
31
30
29
28
27
26
25
37
38
39
40
41
42
43
44
45
46
47
48
60
59
58
57
56
55
54
53
52
51
50
49
61
62
63
64
65
66
67
68
69
70
71
72
84
83
82
81
80
79
78
77
76
75
74
73
85
86
87
88
89
90
91
92
93
94
95
96
108
107
106
105
104
103
102
101
100
99
98
97
109
110
111
112
113
114
115
116
117
118
119
120
132
131
130
129
128
127
126
125
124
123
122
121
133
134
135
136
137
138
139
140
141
142
143
144
133
134
135
136
137
138
139
140
141
142
143
144
132
131
130
129
128
127
126
125
124
123
122
121
109
110
111
112
113
114
115
116
117
118
119
120
108
107
106
105
104
103
102
101
100
99
98
97
85
86
87
88
89
90
91
92
93
94
95
96
84
83
82
81
80
79
78
77
76
75
74
73
61
62
63
64
65
66
67
68
69
70
71
72
60
59
58
57
56
55
54
53
52
51
50
49
37
38
39
40
41
42
43
44
45
46
47
48
36
35
34
33
32
31
30
29
28
27
26
25
13
14
15
16
17
18
19
20
21
22
23
24
12
11
10
9
8
7
6
5
4
3
2
1
133
121
122
123
135
136
137
138
139
140
141
142
130
129
117
105
104
92
93
94
82
83
84
72
60
59
47
48
36
35
23
24
12
11
10
9
21
33
45
44
56
57
58
46
34
22
10
9
8
20
32
31
43
55
67
68
69
81
80
79
91
103
102
114
115
116
128
127
126
125
113
101
100
99
87
86
85
73
74
62
61
49
50
38
37
25
13
14
15
3
4
5
6
7
19
18
17
16
28
40
52
64
63
51
39
27
26
25
37
49
61
73
85
97
109
110
98
99
111
112
124
136
137
125
113
114
102
90
78
66
65
77
76
75
74
62
50
38
26
27
39
51
63
64
52
53
41
29
30
42
54
55
67
79
91
103
104
105
106
118
119
131
132
120
108
107
95
96
84
72
71
83
95
96
108
107
119
120
132
144
143
144
143
131
130
142
141
140
139
138
126
127
115
116
128
129
117
118
106
94
93
92
80
81
82
70
71
59
60
48
47
46
58
70
69
68
56
57
45
33
34
35
36
24
12
11
23
22
21
20
8
7
6
18
19
31
32
44
43
42
30
29
17
5
4
3
2
1
13
1
2
14
15
16
28
40
41
53
54
66
65
77
78
90
89
88
100
112
124
123
111
110
122
134
135
134
133
121
109
97
98
86
87
75
76
88
89
101
12
11
10
9
8
7
6
5
4
3
2
1
13
14
15
16
17
18
19
20
21
22
23
24
36
35
34
33
32
31
30
29
28
27
26
25
37
38
39
40
41
42
43
44
45
46
47
48
60
59
58
57
56
55
54
53
52
51
50
49
61
62
63
64
65
66
67
68
69
70
71
72
84
83
82
81
80
79
78
77
76
75
74
73
85
86
87
88
89
90
91
92
93
94
95
96
108
107
106
105
104
103
102
101
100
99
98
97
109
110
111
112
113
114
115
116
117
118
119
120
132
131
130
129
128
127
126
125
124
123
122
121
133
134
135
136
137
138
139
140
141
142
143
144
133
134
135
136
137
138
139
140
141
142
143
144
132
131
130
129
128
127
126
125
124
123
122
121
109
110
111
112
113
114
115
116
117
118
119
120
108
107
106
105
104
103
102
101
100
99
98
97
85
86
87
88
89
90
91
92
93
94
95
96
84
83
82
81
80
79
78
77
76
75
74
73
61
62
63
64
65
66
67
68
69
70
71
72
60
59
58
57
56
55
54
53
52
51
50
49
37
38
39
40
41
42
43
44
45
46
47
48
36
35
34
33
32
31
30
29
28
27
26
25
13
14
15
16
17
18
19
20
21
22
23
24
12
11
10
9
8
7
6
5
4
3
2
1
133
134
135
123
111
99
98
86
74
62
61
73
85
97
109
110
122
121
109
97
85
73
74
75
87
88
76
77
65
66
54
55
56
68
80
79
78
90
102
114
115
116
128
127
139
140
141
142
130
118
117
129
141
140
139
138
137
136
124
112
113
125
126
114
113
101
100
88
89
77
78
66
67
55
43
42
41
40
52
51
50
38
39
27
26
14
15
16
4
5
17
29
30
18
6
7
19
20
32
44
45
33
34
35
36
24
12
11
23
22
10
9
8
7
6
5
4
3
2
1
13
25
37
49
61
62
63
64
65
53
54
42
43
31
32
44
45
46
47
59
71
70
58
57
69
81
82
83
84
96
95
94
93
92
91
103
104
105
106
107
119
131
143
144
132
120
108
96
84
72
60
72
71
83
82
94
95
107
108
120
119
131
132
144
143
142
130
129
117
118
106
105
104
116
128
127
115
103
102
101
89
90
91
92
93
81
80
79
67
68
56
57
69
70
58
59
60
48
36
48
47
46
34
35
23
24
12
11
10
22
21
33
21
9
8
20
19
31
30
18
17
16
28
27
26
14
15
3
2
1
13
25
37
49
50
38
39
40
28
29
41
53
52
51
63
64
76
75
87
99
100
112
111
123
124
125
126
138
137
136
135
134
133
121
122
110
98
86
133
121
109
97
85
73
61
49
37
25
13
1
2
14
26
38
50
62
74
86
98
110
122
134
135
123
111
99
87
75
63
51
39
27
15
3
4
16
28
40
52
64
76
88
100
112
124
136
137
125
113
101
89
77
65
53
41
29
17
5
6
18
30
42
54
66
78
90
102
114
126
138
139
127
115
103
91
79
67
55
43
31
19
7
8
20
32
44
56
68
80
92
104
116
128
140
141
129
117
105
93
81
69
57
45
33
21
9
10
22
34
46
58
70
82
94
106
118
130
142
143
131
119
107
95
83
71
59
47
35
23
11
12
24
36
48
60
72
84
96
108
120
132
144
12
24
36
48
60
72
84
96
108
120
132
144
143
131
119
107
95
83
71
59
47
35
23
11
10
22
34
46
58
70
82
94
106
118
130
142
141
129
117
105
93
81
69
57
45
33
21
9
8
20
32
44
56
68
80
92
104
116
128
140
139
127
115
103
91
79
67
55
43
31
19
7
6
18
30
42
54
66
78
90
102
114
126
138
137
125
113
101
89
77
65
53
41
29
17
5
4
16
28
40
52
64
76
88
100
112
124
136
135
123
111
99
87
75
63
51
39
27
15
3
2
14
26
38
50
62
74
86
98
110
122
134
133
121
109
97
85
73
61
49
37
25
13
1
133
134
135
136
137
138
139
140
141
142
143
144
132
131
130
129
128
127
126
125
124
123
122
121
109
110
111
112
113
114
115
116
117
118
119
120
108
107
106
105
104
103
102
101
100
99
98
97
85
86
87
88
89
90
91
92
93
94
95
96
84
83
82
81
80
79
78
77
76
75
74
73
61
62
63
64
65
66
67
68
69
70
71
72
60
59
58
57
56
55
54
53
52
51
50
49
37
38
39
40
41
42
43
44
45
46
47
48
36
35
34
33
32
31
30
29
28
27
26
25
13
14
15
16
17
18
19
20
21
22
23
24
12
11
10
9
8
7
6
5
4
3
2
1
12
11
10
9
8
7
6
5
4
3
2
1
13
14
15
16
17
18
19
20
21
22
23
24
36
35
34
33
32
31
30
29
28
27
26
25
37
38
39
40
41
42
43
44
45
46
47
48
60
59
58
57
56
55
54
53
52
51
50
49
61
62
63
64
65
66
67
68
69
70
71
72
84
83
82
81
80
79
78
77
76
75
74
73
85
86
87
88
89
90
91
92
93
94
95
96
108
107
106
105
104
103
102
101
100
99
98
97
109
110
111
112
113
114
115
116
117
118
119
120
132
131
130
129
128
127
126
125
124
123
122
121
133
134
135
136
137
138
139
140
141
142
143
144
12
24
36
48
60
72
84
96
108
120
132
144
143
131
119
107
95
83
71
59
47
35
23
11
10
22
34
46
58
70
82
94
106
118
130
142
141
129
117
105
93
81
69
57
45
33
21
9
8
20
32
44
56
68
80
92
104
116
128
140
139
127
115
103
91
79
67
55
43
31
19
7
6
18
30
42
54
66
78
90
102
114
126
138
137
125
113
101
89
77
65
53
41
29
17
5
4
16
28
40
52
64
76
88
100
112
124
136
135
123
111
99
87
75
63
51
39
27
15
3
2
14
26
38
50
62
74
86
98
110
122
134
133
121
109
97
85
73
61
49
37
25
13
1
133
121
109
97
85
73
61
49
37
25
13
1
2
14
26
38
50
62
74
86
98
110
122
134
135
123
111
99
87
75
63
51
39
27
15
3
4
16
28
40
52
64
76
88
100
112
124
136
137
125
113
101
89
77
65
53
41
29
17
5
6
18
30
42
54
66
78
90
102
114
126
138
139
127
115
103
91
79
67
55
43
31
19
7
8
20
32
44
56
68
80
92
104
116
128
140
141
129
117
105
93
81
69
57
45
33
21
9
10
22
34
46
58
70
82
94
106
118
130
142
143
131
119
107
95
83
71
59
47
35
23
11
12
24
36
48
60
72
84
96
108
120
132
144
12
24
36
48
47
59
60
72
84
96
108
120
132
144
143
131
130
142
141
129
117
105
104
92
93
81
82
70
69
68
67
55
43
42
30
31
32
20
21
33
34
22
23
11
10
9
8
7
6
5
17
16
4
3
2
1
13
25
37
38
26
14
15
27
39
40
52
53
65
77
76
64
63
51
50
62
74
86
98
97
85
73
61
49
37
25
26
27
28
29
41
40
28
29
30
18
19
31
43
44
45
57
56
68
80
79
91
90
78
66
54
55
56
44
32
33
45
46
58
57
69
70
71
83
95
94
106
107
119
118
117
116
128
140
139
127
126
138
137
125
124
136
135
123
122
134
133
121
109
110
111
99
87
88
100
101
102
103
115
114
113
112
111
99
100
88
89
101
102
103
104
116
128
140
139
138
126
127
115
114
113
112
124
125
137
136
135
123
122
134
133
121
109
110
98
97
85
86
87
75
76
75
63
62
74
73
61
49
50
38
39
51
52
64
65
53
41
42
54
66
67
79
78
77
89
90
91
92
80
81
82
83
71
59
58
46
34
35
47
35
23
22
21
20
19
18
17
16
15
14
13
1
2
3
4
5
6
7
8
9
10
11
12
24
36
48
60
72
84
96
95
107
108
120
119
131
132
144
143
142
141
129
130
118
106
105
93
94
