##Rat 1 Day 23
 ##rewards
27
70
114
##Vertices
133
121
109
110
122
123
124
136
135
134
133
121
109
97
85
73
61
49
50
62
63
64
52
53
41
40
28
27
26
25
37
38
39
51
52
64
76
75
87
86
98
99
111
112
113
125
126
114
102
101
89
88
100
101
113
114
115
116
128
127
139
140
141
142
130
131
119
118
117
129
141
142
143
144
132
120
108
96
95
83
82
81
69
68
56
57
58
70
71
72
84
96
108
107
106
94
93
105
104
92
91
79
67
66
65
77
78
90
102
103
91
90
89
77
78
79
80
68
67
55
43
42
30
18
17
29
41
40
28
16
15
14
13
1
2
3
4
5
6
7
19
31
32
44
45
33
34
46
47
35
23
11
12
24
36
48
60
59
58
57
56
44
45
46
34
22
10
9
8
20
21
22
23
35
36
24
12
11
10
9
21
20
8
7
19
18
6
5
4
3
2
1
13
25
37
38
50
49
61
73
74
86
85
97
98
110
122
134
135
136
137
138
137
138
139
140
128
129
130
131
143
144
132
120
119
107
95
94
82
83
84
72
60
48
47
59
71
70
69
81
80
92
93
105
106
118
117
116
104
103
115
127
126
125
124
123
111
112
100
99
87
88
76
75
74
62
63
51
39
27
26
14
15
16
17
29
30
42
54
66
65
53
54
55
43
31
32
33
133
121
109
97
85
73
61
49
37
25
13
1
2
14
26
38
50
62
74
86
98
110
122
134
135
123
111
99
87
75
63
51
39
27
15
3
4
16
28
40
52
64
76
88
100
112
124
136
137
125
113
101
89
77
65
53
41
29
17
5
6
18
30
42
54
66
78
90
102
114
126
138
139
127
115
103
91
79
67
55
43
31
19
7
8
20
32
44
56
68
80
92
104
116
128
140
141
129
117
105
93
81
69
57
45
33
21
9
10
22
34
46
58
70
82
94
106
118
130
142
143
131
119
107
95
83
71
59
47
35
23
11
12
24
36
48
60
72
84
96
108
120
132
144
12
24
36
48
60
72
84
96
108
120
132
144
143
131
119
107
95
83
71
59
47
35
23
11
10
22
34
46
58
70
82
94
106
118
130
142
141
129
117
105
93
81
69
57
45
33
21
9
8
20
32
44
56
68
80
92
104
116
128
140
139
127
115
103
91
79
67
55
43
31
19
7
6
18
30
42
54
66
78
90
102
114
126
138
137
125
113
101
89
77
65
53
41
29
17
5
4
16
28
40
52
64
76
88
100
112
124
136
135
123
111
99
87
75
63
51
39
27
15
3
2
14
26
38
50
62
74
86
98
110
122
134
133
121
109
97
85
73
61
49
37
25
13
1
12
11
10
9
8
7
6
5
4
3
2
1
13
14
15
16
17
18
19
20
21
22
23
24
36
35
34
33
32
31
30
29
28
27
26
25
37
38
39
40
41
42
43
44
45
46
47
48
60
59
58
57
56
55
54
53
52
51
50
49
61
62
63
64
65
66
67
68
69
70
71
72
84
83
82
81
80
79
78
77
76
75
74
73
85
86
87
88
89
90
91
92
93
94
95
96
108
107
106
105
104
103
102
101
100
99
98
97
109
110
111
112
113
114
115
116
117
118
119
120
132
131
130
129
128
127
126
125
124
123
122
121
133
134
135
136
137
138
139
140
141
142
143
144
133
134
135
136
137
138
139
140
141
142
143
144
132
131
130
129
128
127
126
125
124
123
122
121
109
110
111
112
113
114
115
116
117
118
119
120
108
107
106
105
104
103
102
101
100
99
98
97
85
86
87
88
89
90
91
92
93
94
95
96
84
83
82
81
80
79
78
77
76
75
74
73
61
62
63
64
65
66
67
68
69
70
71
72
60
59
58
57
56
55
54
53
52
51
50
49
37
38
39
40
41
42
43
44
45
46
47
48
36
35
34
33
32
31
30
29
28
27
26
25
13
14
15
16
17
18
19
20
21
22
23
24
12
11
10
9
8
7
6
5
4
3
2
1
133
134
135
136
137
138
139
140
141
142
143
144
132
131
130
129
128
127
126
125
124
123
122
121
109
110
111
112
113
114
115
116
117
118
119
120
108
107
106
105
104
103
102
101
100
99
98
97
85
86
87
88
89
90
91
92
93
94
95
96
84
83
82
81
80
79
78
77
76
75
74
73
61
62
63
64
65
66
67
68
69
70
71
72
60
59
58
57
56
55
54
53
52
51
50
49
37
38
39
40
41
42
43
44
45
46
47
48
36
35
34
33
32
31
30
29
28
27
26
25
13
14
15
16
17
18
19
20
21
22
23
24
12
11
10
9
8
7
6
5
4
3
2
1
12
11
10
9
8
7
6
5
4
3
2
1
13
14
15
16
17
18
19
20
21
22
23
24
36
35
34
33
32
31
30
29
28
27
26
25
37
38
39
40
41
42
43
44
45
46
47
48
60
59
58
57
56
55
54
53
52
51
50
49
61
62
63
64
65
66
67
68
69
70
71
72
84
83
82
81
80
79
78
77
76
75
74
73
85
86
87
88
89
90
91
92
93
94
95
96
108
107
106
105
104
103
102
101
100
99
98
97
109
110
111
112
113
114
115
116
117
118
119
120
132
131
130
129
128
127
126
125
124
123
122
121
133
134
135
136
137
138
139
140
141
142
143
144
12
24
36
35
23
22
21
9
10
11
12
24
36
48
60
72
84
96
95
83
82
81
93
92
104
105
117
118
119
120
108
107
106
94
93
81
69
70
58
59
47
46
34
33
32
20
19
31
43
44
56
57
45
44
32
31
30
29
17
18
6
5
4
3
15
14
26
27
28
16
4
3
2
1
13
25
37
49
50
62
63
64
76
77
89
88
87
75
74
73
61
49
37
38
39
51
52
40
41
53
54
66
78
79
80
68
67
55
43
42
54
55
56
68
67
66
65
77
78
90
102
103
115
127
128
116
104
105
117
129
130
131
132
144
143
142
141
140
139
138
126
114
113
101
100
112
111
99
98
110
122
134
133
121
109
97
85
86
87
88
89
101
100
99
111
123
135
136
137
125
124
123
122
110
109
121
133
134
135
136
124
125
137
138
126
127
139
140
141
142
143
144
132
120
108
107
95
96
84
72
71
59
60
48
47
35
23
11
10
9
8
7
8
7
6
5
17
16
15
14
2
1
13
25
26
38
50
51
63
62
61
73
85
97
98
86
74
75
76
64
65
53
52
40
39
27
28
29
41
42
30
18
19
20
21
22
34
33
45
46
58
57
69
70
71
83
82
94
106
118
119
131
130
129
128
116
115
103
91
79
80
92
91
90
102
114
113
112
12
24
36
48
60
72
84
96
108
120
132
144
143
131
119
107
95
83
71
59
47
35
23
11
10
22
34
46
58
70
82
94
106
118
130
142
141
129
117
105
93
81
69
57
45
33
21
9
8
20
32
44
56
68
80
92
104
116
128
140
139
127
115
103
91
79
67
55
43
31
19
7
6
18
30
42
54
66
78
90
102
114
126
138
137
125
113
101
89
77
65
53
41
29
17
5
4
16
28
40
52
64
76
88
100
112
124
136
135
123
111
99
87
75
63
51
39
27
15
3
2
14
26
38
50
62
74
86
98
110
122
134
133
121
109
97
85
73
61
49
37
25
13
1
133
121
109
97
85
73
61
49
37
25
13
1
2
14
26
38
50
62
74
86
98
110
122
134
135
123
111
99
87
75
63
51
39
27
15
3
4
16
28
40
52
64
76
88
100
112
124
136
137
125
113
101
89
77
65
53
41
29
17
5
6
18
30
42
54
66
78
90
102
114
126
138
139
127
115
103
91
79
67
55
43
31
19
7
8
20
32
44
56
68
80
92
104
116
128
140
141
129
117
105
93
81
69
57
45
33
21
9
10
22
34
46
58
70
82
94
106
118
130
142
143
131
119
107
95
83
71
59
47
35
23
11
12
24
36
48
60
72
84
96
108
120
132
144
12
24
36
48
60
72
84
96
108
120
132
144
143
131
119
107
95
83
71
59
47
35
23
11
10
22
34
46
58
70
82
94
106
118
130
142
141
129
117
105
93
81
69
57
45
33
21
9
8
20
32
44
56
68
80
92
104
116
128
140
139
127
115
103
91
79
67
55
43
31
19
7
6
18
30
42
54
66
78
90
102
114
126
138
137
125
113
101
89
77
65
53
41
29
17
5
4
16
28
40
52
64
76
88
100
112
124
136
135
123
111
99
87
75
63
51
39
27
15
3
2
14
26
38
50
62
74
86
98
110
122
134
133
121
109
97
85
73
61
49
37
25
13
1
133
121
109
97
85
73
61
49
37
25
13
1
2
14
26
38
50
62
74
86
98
110
122
134
135
123
111
99
87
75
63
51
39
27
15
3
4
16
28
40
52
64
76
88
100
112
124
136
137
125
113
101
89
77
65
53
41
29
17
5
6
18
30
42
54
66
78
90
102
114
126
138
139
127
115
103
91
79
67
55
43
31
19
7
8
20
32
44
56
68
80
92
104
116
128
140
141
129
117
105
93
81
69
57
45
33
21
9
10
22
34
46
58
70
82
94
106
118
130
142
143
131
119
107
95
83
71
59
47
35
23
11
12
24
36
48
60
72
84
96
108
120
132
144
133
134
135
136
137
138
139
140
141
142
143
144
132
131
130
129
128
127
126
125
124
123
122
121
109
110
111
112
113
114
115
116
117
118
119
120
108
107
106
105
104
103
102
101
100
99
98
97
85
86
87
88
89
90
91
92
93
94
95
96
84
83
82
81
80
79
78
77
76
75
74
73
61
62
63
64
65
66
67
68
69
70
71
72
60
59
58
57
56
55
54
53
52
51
50
49
37
38
39
40
41
42
43
44
45
46
47
48
36
35
34
33
32
31
30
29
28
27
26
25
13
14
15
16
17
18
19
20
21
22
23
24
12
11
10
9
8
7
6
5
4
3
2
1
12
11
10
9
8
7
6
5
4
3
2
1
13
14
15
16
17
18
19
20
21
22
23
24
36
35
34
33
32
31
30
29
28
27
26
25
37
38
39
40
41
42
43
44
45
46
47
48
60
59
58
57
56
55
54
53
52
51
50
49
61
62
63
64
65
66
67
68
69
70
71
72
84
83
82
81
80
79
78
77
76
75
74
73
85
86
87
88
89
90
91
92
93
94
95
96
108
107
106
105
104
103
102
101
100
99
98
97
109
110
111
112
113
114
115
116
117
118
119
120
132
131
130
129
128
127
126
125
124
123
122
121
133
134
135
136
137
138
139
140
141
142
143
144
12
24
36
48
60
59
47
46
58
70
69
57
45
44
56
55
43
42
54
66
78
77
76
64
65
53
52
40
41
29
17
18
6
5
4
16
28
27
15
14
2
1
13
25
37
49
50
51
63
62
74
75
87
99
111
112
113
114
102
103
91
92
93
105
106
118
117
116
104
92
80
68
67
79
80
81
82
94
95
83
71
72
84
96
108
107
119
131
132
144
143
142
141
140
139
127
128
129
130
142
141
140
139
138
126
125
137
136
124
123
135
134
133
121
122
110
109
97
98
86
85
73
61
49
37
38
39
40
28
29
30
31
32
33
21
9
8
7
19
20
32
33
34
35
23
11
10
22
34
46
45
44
43
55
54
66
65
77
89
90
91
103
115
114
102
101
100
88
76
75
87
86
74
62
61
73
85
97
109
121
133
134
122
110
98
99
111
112
124
123
135
136
137
138
126
125
113
101
100
88
89
90
78
79
67
68
56
57
69
70
58
59
71
83
82
81
93
94
95
107
106
105
104
116
115
127
128
129
117
118
130
131
143
144
132
120
119
120
108
96
84
72
60
48
47
35
36
24
12
11
23
22
10
9
21
20
8
7
19
18
6
5
17
16
4
3
15
3
2
1
13
25
26
14
26
27
39
38
50
51
63
64
52
53
41
42
30
31
133
121
109
97
85
73
61
49
37
25
13
1
2
14
26
38
50
62
74
86
98
110
122
134
135
123
111
99
87
75
63
51
39
27
15
3
4
16
28
40
52
64
76
88
100
112
124
136
137
125
113
101
89
77
65
53
41
29
17
5
6
18
30
42
54
66
78
90
102
114
126
138
139
127
115
103
91
79
67
55
43
31
19
7
8
20
32
44
56
68
80
92
104
116
128
140
141
129
117
105
93
81
69
57
45
33
21
9
10
22
34
46
58
70
82
94
106
118
130
142
143
131
119
107
95
83
71
59
47
35
23
11
12
24
36
48
60
72
84
96
108
120
132
144
12
24
36
48
60
72
84
96
108
120
132
144
143
131
119
107
95
83
71
59
47
35
23
11
10
22
34
46
58
70
82
94
106
118
130
142
141
129
117
105
93
81
69
57
45
33
21
9
8
20
32
44
56
68
80
92
104
116
128
140
139
127
115
103
91
79
67
55
43
31
19
7
6
18
30
42
54
66
78
90
102
114
126
138
137
125
113
101
89
77
65
53
41
29
17
5
4
16
28
40
52
64
76
88
100
112
124
136
135
123
111
99
87
75
63
51
39
27
15
3
2
14
26
38
50
62
74
86
98
110
122
134
133
121
109
97
85
73
61
49
37
25
13
1
12
11
10
9
8
7
6
5
4
3
2
1
13
14
15
16
17
18
19
20
21
22
23
24
36
35
34
33
32
31
30
29
28
27
26
25
37
38
39
40
41
42
43
44
45
46
47
48
60
59
58
57
56
55
54
53
52
51
50
49
61
62
63
64
65
66
67
68
69
70
71
72
84
83
82
81
80
79
78
77
76
75
74
73
85
86
87
88
89
90
91
92
93
94
95
96
108
107
106
105
104
103
102
101
100
99
98
97
109
110
111
112
113
114
115
116
117
118
119
120
132
131
130
129
128
127
126
125
124
123
122
121
133
134
135
136
137
138
139
140
141
142
143
144
133
134
135
136
137
138
139
140
141
142
143
144
132
131
130
129
128
127
126
125
124
123
122
121
109
110
111
112
113
114
115
116
117
118
119
120
108
107
106
105
104
103
102
101
100
99
98
97
85
86
87
88
89
90
91
92
93
94
95
96
84
83
82
81
80
79
78
77
76
75
74
73
61
62
63
64
65
66
67
68
69
70
71
72
60
59
58
57
56
55
54
53
52
51
50
49
37
38
39
40
41
42
43
44
45
46
47
48
36
35
34
33
32
31
30
29
28
27
26
25
13
14
15
16
17
18
19
20
21
22
23
24
12
11
10
9
8
7
6
5
4
3
2
1
133
121
109
97
85
86
98
99
87
75
76
88
100
101
89
90
102
103
91
79
67
68
69
81
80
92
93
105
104
116
128
127
139
140
141
129
117
118
130
131
143
144
132
120
108
96
95
94
82
83
71
70
58
46
34
33
32
31
43
42
54
53
52
40
39
27
28
29
41
53
65
77
78
66
65
64
63
51
50
62
74
73
61
49
37
38
26
14
13
1
2
3
4
5
6
18
17
16
15
3
4
5
6
7
19
20
8
9
21
22
10
11
12
24
23
35
36
48
47
59
60
72
84
96
108
107
106
105
117
116
115
114
113
112
124
136
137
138
126
125
113
112
111
110
122
134
135
123
111
99
100
101
102
90
91
79
80
68
56
55
54
42
30
31
43
44
45
57
69
70
58
59
71
83
84
72
60
48
36
24
12
11
23
35
47
46
34
33
21
22
10
9
8
7
19
20
32
44
45
57
56
55
67
66
78
77
89
88
76
75
87
86
74
62
63
64
52
51
50
38
39
40
41
29
30
18
17
16
28
27
15
14
2
1
13
25
26
25
37
49
61
73
85
97
98
110
109
121
133
134
122
123
135
136
124
125
137
138
126
127
139
140
128
129
141
142
130
142
143
144
132
120
119
131
119
118
106
107
95
94
82
81
93
92
104
103
115
114
