Reward Zones: [34, 79, 123]
-1485.7717995643616   O
-1483.7432641983032   I
-170.44793796539307   O
-170.36361956596375   I
-170.2593424320221   O
-168.76909399032593   I
-168.64271330833435   O
-168.5686342716217   I
-140.04420256614685   O
-140.01662731170654   I
-83.25995540618896   O
-83.22997117042542   I
-80.68095850944519   O
-80.65098023414612   I
-67.93996119499207   O
-67.87997317314148   I
-67.86998510360718   O
-67.28996181488037   I
-18.169954776763916   O
-18.14998435974121   I
6.151199340820312e-05   12
3.0010666847229004   24
6.001086711883545   36
9.00108814239502   48
9.114110469818115   O
9.168323993682861   I
9.344872951507568   O
9.372473955154419   I
12.00107717514038   47
15.00107479095459   59
18.001222848892212   O
18.00107502937317   60
18.350528955459595   I
21.00107979774475   72
24.00106954574585   84
27.00107216835022   96
30.001072883605957   108
33.00107192993164   120
36.00107216835022   132
39.001092195510864   144
42.00107741355896   143
45.001067876815796   131
48.00107479095459   130
51.00107741355896   142
54.00107145309448   141
57.00108075141907   129
60.001068353652954   117
63.00108551979065   105
66.00108575820923   104
69.00108528137207   92
72.00108551979065   93
73.56218910217285   O
73.58970260620117   I
75.00108480453491   81
77.95725750923157   O
77.98479151725769   I
78.00105547904968   82
81.00108242034912   70
84.00108337402344   69
87.00108456611633   68
90.00106978416443   67
93.00107789039612   55
96.00107383728027   43
99.00109243392944   42
102.0010666847229   30
105.0010724067688   31
108.0010735988617   32
111.00206589698792   20
114.00308513641357   21
117.00408625602722   33
120.00509309768677   34
120.00625109672546   F
122.27638125419617   O
123.00508737564087   22
123.41543316841125   I
123.48420476913452   O
123.52202844619751   I
126.00508952140808   23
127.89261960983276   I
129.00508952140808   11
132.0050871372223   10
135.00606441497803   9
138.00607347488403   8
141.0060887336731   7
144.0060887336731   6
147.00613522529602   5
150.00708961486816   17
153.00708746910095   16
156.00708389282227   4
159.00708627700806   3
162.00707173347473   2
165.0070698261261   1
168.008065700531   13
171.00806999206543   25
174.00806546211243   37
177.0080714225769   38
180.00806427001953   26
183.00906682014465   14
186.00907397270203   15
189.00908422470093   27
192.00906562805176   39
195.00906825065613   40
198.0090696811676   52
201.00907158851624   53
204.00907063484192   65
207.0090720653534   77
210.00906825065613   76
213.0090684890747   64
216.00908756256104   63
219.00908637046814   51
222.00909066200256   50
225.00909090042114   62
228.00908780097961   74
231.00908589363098   86
234.00908780097961   98
237.00909423828125   97
240.00908946990967   85
243.00908422470093   73
246.00909447669983   61
249.00909280776978   49
252.00909161567688   37
255.00908946990967   25
258.0090925693512   26
261.00908946990967   27
264.0090935230255   28
267.0090923309326   29
270.00909090042114   41
273.01012086868286   40
276.0100791454315   28
279.0100781917572   29
282.0100750923157   30
285.01106548309326   18
288.01107835769653   19
291.0110774040222   31
294.0110800266266   43
297.01107835769653   44
300.01107692718506   45
303.011075258255   57
306.01106548309326   56
309.01106309890747   68
312.0110728740692   80
315.0110652446747   79
315.012033700943   F
316.92734360694885   O
318.01207518577576   91
319.77010846138   I
319.85651326179504   O
321.01207852363586   90
322.41479086875916   I
324.01208209991455   78
327.01208543777466   66
330.01207733154297   54
333.0120759010315   55
336.0120735168457   56
339.01207160949707   44
342.01207876205444   32
345.01207304000854   33
348.01207208633423   45
351.01207971572876   46
354.01207733154297   58
357.01207208633423   57
360.01207399368286   69
363.0120732784271   70
366.0120749473572   71
369.01207304000854   83
371.00792717933655   O
371.0354268550873   I
372.0120851993561   95
375.0120921134949   94
378.0120897293091   106
381.01207280158997   107
384.0120906829834   119
387.01209115982056   118
390.01209020614624   117
393.01309061050415   116
396.0130891799927   128
399.0130920410156   140
402.01308512687683   139
405.01308965682983   127
408.0130879878998   126
411.0130867958069   138
414.01408982276917   137
417.0140905380249   125
420.0140874385834   124
423.0140905380249   136
426.01409006118774   135
429.01408767700195   123
429.0151777267456   F
431.2454569339752   O
432.0150818824768   122
432.65768027305603   I
432.75336718559265   O
433.024849653244   I
435.0150787830353   134
438.01507449150085   133
441.0150773525238   121
444.0150876045227   109
447.0150890350342   110
450.01509070396423   111
453.0150773525238   99
456.0150718688965   87
459.01507568359375   88
462.01509070396423   100
465.0150921344757   101
468.0150771141052   102
471.015074968338   103
474.0150773525238   115
477.015074968338   114
480.0150761604309   113
483.0150773525238   112
486.01507353782654   111
489.01507902145386   99
492.015084028244   100
495.01508474349976   88
498.0150773525238   89
501.0150775909424   101
504.0150775909424   102
507.0150771141052   103
510.0150878429413   104
513.0150802135468   116
516.0150773525238   128
519.0150740146637   140
522.0150744915009   139
525.0150799751282   138
528.0150811672211   126
531.0160751342773   127
534.0160763263702   115
537.0160853862762   114
540.0170919895172   113
543.0170934200287   112
546.0170934200287   124
549.0170929431915   125
552.0170905590057   137
555.0170922279358   136
557.7324187755585   O
558.0170855522156   135
558.3990449905396   I
558.4360296726227   I
561.017092704773   123
561.0244297981262   F
563.8658061027527   O
563.9842035770416   I
564.0180623531342   122
567.0180916786194   134
570.0180897712708   133
573.018091917038   121
576.0180897712708   109
579.0180907249451   110
582.0180878639221   98
585.0180871486664   97
588.0180881023407   85
591.0180878639221   86
594.0180904865265   87
597.0180885791779   75
600.0180881023407   76
603.0180904865265   75
606.0190923213959   63
609.0190925598145   62
610.498575925827   O
611.3790392875671   I
612.0190868377686   74
615.019091129303   73
618.0190889835358   61
621.0190892219543   49
624.0200884342194   50
627.020090341568   38
630.0200884342194   39
633.0200893878937   51
636.0200896263123   52
639.0200886726379   64
642.0200908184052   65
645.0200917720795   53
648.0200815200806   41
651.0200896263123   42
654.0200881958008   54
657.0200853347778   66
660.0200879573822   67
663.0200846195221   79
663.0211315155029   F
665.4287526607513   O
666.0220854282379   78
667.110116481781   I
667.3045206069946   O
667.5429451465607   I
669.0220897197723   77
672.0220911502838   89
675.0220901966095   90
678.022088766098   91
681.0220906734467   92
684.0220904350281   80
687.0220921039581   81
690.022088766098   82
693.023092508316   83
696.0230894088745   71
699.0230927467346   59
702.0230906009674   58
705.0230891704559   46
708.0230884552002   34
708.0241148471832   F
709.297486782074   O
711.0240879058838   35
711.2120871543884   I
712.656929731369   O
714.024088382721   47
714.8073692321777   I
717.0240874290466   35
720.0250852108002   23
723.0250887870789   22
726.0250835418701   21
729.0250852108002   20
732.0250823497772   19
735.0250866413116   18
738.0250778198242   17
741.025075674057   16
744.0250773429871   15
747.0250890254974   14
750.0250895023346   13
753.0250759124756   1
756.0250744819641   2
759.0250744819641   3
762.0250742435455   4
765.0250871181488   5
768.026073217392   6
771.0260841846466   7
774.026115655899   8
777.0270781517029   9
780.0270767211914   10
783.0270659923553   11
786.0270760059357   12
789.0280759334564   24
792.0280740261078   36
795.0280768871307   48
798.028080701828   60
801.0280792713165   72
804.0280792713165   84
807.0280799865723   96
810.0280783176422   95
813.0280783176422   107
816.0280776023865   108
819.0280756950378   120
822.0280768871307   119
825.0280795097351   131
828.0280780792236   132
831.0280776023865   144
834.0280766487122   143
837.028079032898   142
840.0280776023865   141
843.028079032898   129
846.0280795097351   130
849.028077840805   118
852.0280742645264   106
855.0280766487122   105
858.0280759334564   93
861.0280764102936   94
862.2277138233185   O
863.7037618160248   I
864.0290884971619   1
867.0290892124176   2
870.0290887355804   3
873.0290887355804   4
876.0300848484039   16
879.0300874710083   17
882.0300698280334   5
885.0300903320312   6
888.0300896167755   7
891.0300893783569   8
894.0300898551941   9
897.0300891399384   10
900.0300898551941   11
903.0300891399384   12
906.0310792922974   24
909.0310878753662   23
912.0310890674591   35
915.0310876369476   36
918.0310876369476   48
921.031088590622   47
924.0310850143433   46
927.0310888290405   45
930.0310866832733   57
933.031091928482   56
936.031085729599   44
939.0320901870728   43
942.0320792198181   31
945.0320892333984   30
948.0320892333984   42
951.0320899486542   54
954.0320863723755   66
957.0320887565613   65
960.032089471817   64
963.0320856571198   76
966.0369820594788   75
969.0370869636536   63
972.0370919704437   51
975.0370953083038   50
978.0370879173279   38
981.0370938777924   39
984.0370833873749   27
987.037088394165   26
990.0380761623383   14
993.0380759239197   13
996.0380747318268   25
999.0380752086639   37
1002.0380752086639   49
1005.0380859375   61
1008.0380871295929   73
1011.0380868911743   85
1014.0380883216858   86
1017.0380871295929   98
1020.0380899906158   97
1023.0380895137787   109
1026.038092136383   121
1029.0380899906158   133
1032.0380873680115   134
1035.0380883216858   135
1038.0380868911743   136
1041.0380811691284   124
1044.0380866527557   123
1044.0390808582306   F
1045.1140050888062   O
1046.3676402568817   I
1047.0390844345093   122
1050.039086341858   110
1053.0390877723694   111
1056.0390865802765   112
1059.039085149765   100
1062.039088010788   101
1065.039085149765   89
1068.0390865802765   90
1071.0390782356262   91
1074.039077281952   103
1077.0390813350677   102
1080.0390770435333   114
1083.0390884876251   113
1086.0390887260437   125
1089.039077281952   126
1092.0390770435333   127
1095.0390770435333   128
1098.0390799045563   129
1101.0390746593475   141
1104.0390782356262   140
1107.0390856266022   139
1110.0390799045563   138
1113.0390944480896   137
1116.0390768051147   136
1119.0390796661377   135
1122.039077758789   123
1122.040107011795   F
1122.6411871910095   O
1124.8847229480743   I
1125.0390765666962   111
1127.5174641609192   O
1128.0390846729279   99
1129.292814731598   I
1129.3446102142334   O
1129.3721911907196   I
1129.4254686832428   O
1129.6557359695435   I
1131.0390803813934   87
1134.0400745868683   88
1137.0400817394257   100
1137.308649778366   O
1137.4017095565796   I
1137.5335175991058   O
1137.5611157417297   I
1140.0400786399841   99
1143.040072441101   87
1146.040087223053   75
1149.0400846004486   74
1152.0400886535645   62
1155.0400915145874   63
1158.0400907993317   64
1161.0400874614716   52
1164.0400893688202   40
1167.0400896072388   41
1170.0400903224945   53
1173.040090560913   54
1176.040087223053   55
1178.3852076530457   O
1178.4127304553986   I
1179.0400829315186   67
1182.0400910377502   68
1185.0400848388672   80
1188.0400903224945   79
1188.041167974472   F
1189.9504611492157   O
1191.0410919189453   78
1191.5982427597046   I
1194.0410919189453   77
1197.0410919189453   65
1200.0410883426666   53
1203.0410866737366   52
1206.0410885810852   51
1209.0410923957825   39
1212.041087627411   40
1215.0420887470245   28
1218.0420894622803   29
1221.042090177536   41
1224.0420889854431   42
1227.043084859848   30
1230.0440747737885   18
1233.0440731048584   19
1236.0440735816956   20
1239.044064283371   32
1242.044061422348   33
1245.0450744628906   21
1248.0450637340546   22
1251.04505777359   34
1251.0479521751404   F
1252.3845069408417   O
1253.3414607048035   I
1253.576372385025   O
1254.0450775623322   46
1257.045075416565   58
1258.2987010478973   I
1260.0450751781464   59
1263.0450775623322   60
1266.045061826706   72
1269.0450792312622   71
1272.0450551509857   83
1275.045078754425   84
1278.0450773239136   96
1281.0450785160065   95
1284.0450792312622   107
1287.0450768470764   108
1290.0450792312622   120
1293.045078277588   119
1296.0450775623322   131
1299.045078754425   132
1302.045079946518   144
1305.0450813770294   143
1308.0450773239136   142
1311.0450801849365   130
1314.0450766086578   118
1317.045075893402   117
1320.0450749397278   116
1323.0450744628906   104
1326.0450785160065   105
1329.0450718402863   93
1332.0450730323792   81
1335.0450785160065   69
1338.0450735092163   70
1341.0450768470764   82
1344.0450732707977   94
1346.0392727851868   O
1347.0460829734802   106
1347.1658260822296   I
1347.3324348926544   O
1347.380742073059   I
1347.790916442871   O
1347.8184645175934   I
1350.0460851192474   118
1353.04607629776   117
1356.0460770130157   105
1359.0460777282715   104
1362.0460875034332   92
1365.046088218689   93
1368.0460846424103   81
1371.0460803508759   69
1374.0460741519928   57
1377.0460867881775   58
1380.0460884571075   59
1383.0460896492004   60
1386.0460877418518   72
1389.0460889339447   84
1392.0470929145813   83
1395.0470931529999   71
1398.0480887889862   70
1401.0480868816376   82
1404.0480885505676   94
1407.0480902194977   106
1410.048089981079   107
1413.0480916500092   95
1416.048089504242   96
1419.048089981079   108
1422.0480914115906   120
1425.0492022037506   119
1428.0480885505676   131
1431.0480880737305   132
1434.048088312149   144
1437.0480885505676   143
1440.0480897426605   142
1443.0480904579163   130
1446.0483734607697   129
1449.0490918159485   141
1452.0491120815277   140
1455.0490872859955   128
1458.0490882396698   116
1461.0490918159485   115
1464.0490937232971   103
1467.0492498874664   115
1470.049088716507   114
1473.0490939617157   126
1476.049090385437   127
1479.0490937232971   139
1482.0490922927856   138
1485.0500855445862   137
1488.0500843524933   125
1488.8742370605469   O
1489.9112439155579   I
1491.0500874519348   124
1494.050083398819   112
1497.050085067749   113
1500.0500864982605   101
1503.0500915050507   102
1506.0500891208649   90
1509.0500919818878   89
1512.0500876903534   88
1515.0500874519348   76
1518.0500874519348   77
1521.0500910282135   78
1524.0500872135162   66
1527.0500864982605   67
1530.050081729889   79
1530.051156759262   F
1531.823421239853   O
1533.051084280014   91
1533.251223564148   I
1536.0510873794556   92
1539.0510942935944   80
1542.0510878562927   68
1545.0510890483856   56
1548.0510902404785   55
1551.0510866641998   43
1554.0520713329315   31
1557.0530712604523   19
1560.0530922412872   18
1563.05309176445   17
1566.05309176445   29
1569.0530729293823   28
1572.0530791282654   27
1575.0540659427643   15
1578.0540850162506   16
1581.0550875663757   15
1584.05508852005   14
1587.0550863742828   26
1590.0550854206085   38
1593.05508685112   50
1596.055093050003   62
1598.4904654026031   O
1598.5899708271027   I
1599.0550878047943   74
1602.055093050003   86
1605.055088043213   98
1608.0550918579102   110
1611.05509018898   122
1614.055093050003   134
1617.056111574173   133
1620.0561213493347   121
1623.0561287403107   109
1626.0560870170593   97
1629.0560855865479   85
1632.0560863018036   73
1635.056082725525   61
1638.056084394455   49
1641.0560884475708   37
1644.0570924282074   25
1647.0580883026123   13
1650.0580885410309   1
1653.0590934753418   2
1656.059084892273   3
1659.0590875148773   4
1662.0590920448303   5
1665.0590879917145   6
1668.0590918064117   7
1671.059093952179   8
1674.0600748062134   20
1677.0600755214691   21
1680.0600740909576   9
1683.0600752830505   10
1686.0610761642456   22
1689.0610735416412   23
1692.0610783100128   11
1695.0610768795013   12
1698.0620884895325   24
1701.0620896816254   36
1704.0620896816254   48
1707.0620894432068   47
1710.0630867481232   35
1713.0630927085876   34
1713.0642845630646   F
1715.5525078773499   O
1716.063087463379   33
1717.5124883651733   I
1719.0630791187286   45
1722.0630929470062   44
1725.064070224762   32
1728.0640745162964   133
1731.0640661716461   134
1734.0640888214111   135
1737.0640647411346   136
1740.064073562622   137
1743.0640695095062   125
1746.0640699863434   124
1749.064076423645   112
1752.0640711784363   111
1755.064068555832   99
1757.1254379749298   O
1758.0640885829926   100
1758.119775056839   I
1761.0640885829926   101
1764.0640881061554   102
1767.0640769004822   103
1770.0640807151794   115
1773.064082622528   116
1776.0640873908997   104
1779.0640852451324   92
1782.0640876293182   91
1785.0640878677368   79
1785.0655121803284   F
1786.810043811798   O
1787.3733296394348   I
1787.425580739975   O
1788.0640804767609   80
1791.0640909671783   68
1793.4176051616669   I
1794.064087152481   69
1797.0640890598297   81
1800.064090013504   82
1803.0640876293182   70
1806.064086675644   71
1809.0640840530396   72
1812.064090013504   84
1815.0640897750854   96
1818.0640897750854   95
1821.0640914440155   83
1824.0640890598297   82
1827.064087152481   94
1830.064090013504   93
1833.0640888214111   105
1833.9689071178436   O
1834.7516160011292   I
1836.064088344574   117
1839.0640888214111   129
1842.065089225769   128
1845.0650882720947   140
1848.0650870800018   141
1851.0650889873505   142
1854.0650901794434   143
1857.0650928020477   144
1860.0650911331177   132
1863.0650930404663   131
1866.0650911331177   119
1869.0650923252106   120
1872.0650882720947   108
1875.0650849342346   107
1878.065081834793   106
1881.0660774707794   118
1884.0660872459412   130
1887.0660893917084   142
1890.0660877227783   141
1893.0661175251007   140
1896.066089630127   139
1899.0661356449127   127
1902.0670936107635   126
1905.0670924186707   114
1908.0670883655548   113
1911.0670940876007   112
1914.0670943260193   111
1917.067087650299   123
1917.068573474884   F
1918.5762114524841   O
1919.8318514823914   I
1920.068078994751   122
1923.06809091568   110
1926.0680911540985   109
1929.0680882930756   97
1932.0680873394012   85
1935.0680842399597   73
1938.0680882930756   74
1941.0680875778198   75
1944.0680842399597   87
1947.068077802658   88
1950.0680780410767   89
1953.0680875778198   77
1956.0680856704712   78
1959.068086862564   90
1962.068078994751   91
1965.0680754184723   92
1968.0680801868439   93
1971.0680866241455   94
1974.0680844783783   106
1977.0680792331696   105
1980.0680887699127   104
1983.0680899620056   103
1986.0680882930756   102
1989.0680902004242   101
1992.0680871009827   100
1995.068088054657   99
1998.0680882930756   98
2001.0680894851685   86
2004.0680878162384   85
2007.0680887699127   73
2010.0680890083313   61
2013.0680906772614   62
2016.0680890083313   63
2019.0680902004242   64
2022.0680899620056   65
2025.0680856704712   53
2028.0680854320526   41
2031.0690767765045   29
2034.069088459015   28
2037.0690767765045   40
2040.0691034793854   39
2043.0690915584564   38
2046.0690920352936   37
2049.070088624954   25
2052.0710864067078   13
2055.071088552475   14
2058.0710887908936   15
2061.0710921287537   27
2064.0710916519165   26
2067.0710916519165   25
2070.071085691452   37
2073.071086883545   49
2076.0710878372192   50
2079.0710854530334   51
2082.071092605591   52
2085.071088552475   40
2088.0720841884613   28
2091.0730850696564   16
2094.073091506958   4
2097.074089050293   5
2100.0740897655487   6
2103.075084209442   18
2106.0750918388367   30
2109.075085878372   42
2112.0750868320465   54
2115.0750868320465   55
2118.0750815868378   56
2121.07608962059   57
2124.0760889053345   58
2127.076089143753   59
2130.0760889053345   60
2133.07608628273   48
2136.077076435089   36
2139.0780622959137   24
2142.078073978424   12
2145.0790886878967   11
2148.0790824890137   10
2151.079083442688   9
2154.080080986023   21
2157.0800845623016   20
2160.0800745487213   8
2163.0800840854645   7
2166.081085920334   19
2169.081086397171   31
2172.081075191498   43
2175.081076145172   44
2178.0810766220093   45
2181.0820755958557   33
2184.0820841789246   32
2187.082089662552   44
2190.0820887088776   45
2193.0820877552032   46
2196.08309006691   34
2196.0841064453125   F
2198.3783004283905   O
2198.437467813492   I
2199.0830912590027   22
2200.147429704666   I
2202.083078622818   23
2204.735764026642   O
2204.7862524986267   I
2205.083075284958   35
2205.4276745319366   I
2208.083072900772   47
2211.0840878486633   46
2214.085071325302   34
2214.086211204529   F
2215.987191438675   O
2216.4522490501404   I
2216.496204853058   O
2217.0850772857666   33
2218.0117139816284   I
2220.0850830078125   32
2223.0860855579376   31
2226.0860736370087   43
2229.0860781669617   55
2232.0860772132874   67
2235.086088180542   66
2238.0861270427704   54
2241.086089372635   53
2244.086088657379   65
2247.087092399597   66
2250.0870881080627   67
2253.0880885124207   68
2256.088086128235   56
2259.088086605072   57
2262.0880858898163   58
2265.0880839824677   70
2268.0890872478485   69
2271.0890877246857   81
2274.0890879631042   80
2277.0890913009644   79
2277.0901758670807   F
2279.3125507831573   O
2280.0890917778015   78
2280.3596959114075   I
2283.089091539383   90
2283.983315229416   O
2284.0990397930145   I
2284.124038696289   O
2284.1516432762146   I
2284.266003847122   O
2284.4844777584076   I
2286.0890917778015   89
2289.089089870453   88
2292.0890913009644   87
2295.089089870453   86
2298.0890860557556   74
2301.089091539383   75
2304.08908700943   76
2307.0890884399414   77
2310.089091539383   76
2313.0890877246857   64
2316.089091539383   52
2319.089091539383   51
2322.0890877246857   63
2325.0890913009644   62
2328.0890934467316   61
2331.089233160019   49
2334.08909201622   50
2337.0900876522064   38
2340.0900893211365   39
2343.0910856723785   27
2346.091091632843   26
2349.0920894145966   14
2352.0920889377594   15
2355.0920884609222   3
2358.092088699341   2
2361.093082666397   1
2364.0940725803375   13
2367.094076871872   1
2370.0940771102905   2
2373.0940775871277   3
2376.0940766334534   4
2379.094076871872   5
2382.095075368881   17
2385.0950767993927   16
2388.0950746536255   17
2391.0950655937195   29
2394.095057487488   41
2397.095075368881   42
2400.096086025238   30
2403.097091436386   18
2406.0970888137817   6
2409.0970916748047   7
2412.098088979721   19
2415.0980916023254   20
2418.0990834236145   8
2421.0990839004517   9
2424.1000866889954   21
2427.100082397461   22
2430.1010870933533   10
2433.1010885238647   11
2436.101089954376   12
2439.102088689804   24
2442.1020896434784   23
2445.102088212967   35
2448.102088212967   36
2451.1020877361298   48
2454.102088689804   47
2457.1020913124084   59
2460.1020879745483   60
2463.102075099945   72
2466.1030881404877   71
2469.1030852794647   83
2472.1030848026276   84
2475.1030733585358   96
2478.1030757427216   95
2481.1030781269073   107
2484.103081226349   108
2487.103082180023   120
2490.103086948395   132
2493.1030888557434   144
2496.1030888557434   143
2497.9243862628937   O
2498.0925047397614   I
2499.103086948395   131
2502.1030831336975   119
2505.1040880680084   118
2508.1040890216827   130
2511.104087114334   129
2514.1040892601013   117
2517.105089902878   116
2520.1050913333893   128
2523.1050913333893   127
2526.1050877571106   115
2529.1050913333893   114
2532.105089902878   113
2535.105093240738   125
2538.105087995529   126
2541.105087041855   138
2544.1050865650177   139
2547.1050913333893   138
2550.105089902878   137
2553.1050918102264   136
2556.105087995529   124
2559.105088710785   123
2559.106433868408   F
2561.579252719879   O
2562.1050865650177   135
2563.2030255794525   I
2565.1050865650177   134
2568.1050839424133   122
2571.105083465576   110
2574.1050865650177   98
2577.105082988739   97
2580.1050872802734   109
2583.1050882339478   121
2586.1050913333893   133
2589.105071783066   121
2592.105071544647   144
2595.105073928833   143
2598.105075120926   142
2601.105085849762   141
2604.1050794124603   129
2607.105087041855   128
2610.105086326599   140
2613.105084180832   139
2616.105091571808   138
2619.1050939559937   137
2622.1050913333893   136
2625.1050913333893   135
2628.105090856552   134
2631.1050922870636   133
2634.1051003932953   121
2637.1051018238068   122
2640.105098247528   110
2643.105092525482   109
2646.1050913333893   97
2649.1050930023193   98
2652.105092525482   99
2655.1050922870636   100
2658.1050877571106   88
2661.1058959960938   89
2664.1061222553253   101
2667.1061465740204   102
2670.1061515808105   114
2673.1060886383057   115
2676.1060886383057   103
2679.1061565876007   91
2682.1060888767242   79
2682.107255220413   F
2684.1079456806183   O
2685.106085062027   80
2685.569781064987   I
2688.106166601181   81
2690.850513458252   O
2691.1060824394226   69
2691.588582277298   I
2694.1060750484467   70
2697.106073141098   82
2700.1060876846313   94
2703.1061136722565   95
2706.106130361557   107
2709.1060888767242   106
2712.1060888767242   118
2715.1060786247253   119
2718.1060864925385   131
2721.1060886383057   132
2724.106081008911   120
2727.1060881614685   108
2730.1060869693756   96
2733.106086730957   84
2736.106089115143   72
2739.106086730957   60
2742.106086730957   59
2745.107070684433   47
2748.10707116127   48
2751.108076095581   36
2754.109068632126   24
2757.110052585602   12
2760.110061645508   11
2763.1100742816925   10
2766.1100628376007   9
2769.111056804657   21
2772.111057281494   22
2775.111065864563   23
2778.1110577583313   35
2781.1110610961914   34
2781.111986875534   F
2781.880784034729   O
2783.588895559311   I
2784.112087249756   33
2787.1130876541138   45
2790.113082408905   44
2793.1130876541138   56
2796.113070487976   55
2799.113089799881   54
2802.1140871047974   42
2805.114088535309   43
2808.115086555481   31
2811.115088701248   32
2814.1160888671875   20
2817.1161589622498   19
2820.1169538497925   18
2823.117090702057   17
2826.117091178894   16
2829.1180889606476   4
2832.119091272354   5
2835.11909532547   6
2838.1191170215607   7
2841.1190917491913   8
2844.120089530945   9
2847.1200892925262   10
2850.121091365814   22
2853.121091365814   34
2853.1221516132355   F
2854.5551252365112   O
2855.374470472336   I
2855.5033795833588   O
2855.740819454193   I
2856.121085166931   46
2859.1210865974426   58
2862.121091365814   57
2865.122090578079   45
2868.122088432312   46
2871.122088432312   58
2874.122090101242   70
2877.12309384346   71
2880.1230940818787   83
2883.123094558716   82
2886.1230952739716   81
2889.123093366623   93
2892.12309384346   105
2895.1240894794464   104
2898.1240866184235   92
2901.125086069107   91
2904.1250808238983   90
2907.1250874996185   78
2910.1260867118835   77
2913.126087665558   65
2916.1260895729065   66
2919.1270785331726   67
2922.1270775794983   68
2925.127074956894   80
2928.1280789375305   92
2931.1280801296234   93
2934.1280784606934   94
2937.128077983856   106
2940.128078222275   105
2943.128078699112   117
2946.1280794143677   116
2949.128077030182   104
2952.128080844879   103
2955.1280760765076   115
2958.128077507019   127
2961.128079175949   126
2964.1280801296234   125
2967.1280801296234   113
2970.1280772686005   112
2973.128078222275   124
2976.128078222275   123
2976.1290533542633   F
2978.1370646953583   O
2979.1280784606934   111
2979.3610994815826   I
2982.128077983856   99
2985.1280755996704   87
2988.1280767917633   86
2991.1280748844147   85
2994.1280767917633   73
2997.1280794143677   74
3000.128077030182   62
3003.1280777454376   61
3006.1280789375305   49
3009.1280789375305   50
3012.1290833950043   38
3015.129071712494   37
3018.1300711631775   25
3021.130086183548   26
3024.131067752838   14
3027.131083011627   13
3030.132086992264   1
3033.1320888996124   2
3036.132086277008   3
3039.1330869197845   15
3042.133087873459   27
3045.133088827133   28
3048.133090019226   29
3051.134088754654   41
3054.1340897083282   40
3057.134088754654   52
3060.1340754032135   64
3063.134066104889   76
3066.135073661804   75
3069.1350712776184   63
3072.1350882053375   51
3075.1361544132233   39
3078.1381928920746   27
3081.1380882263184   28
3084.1390931606293   40
3087.1390924453735   41
3090.1390883922577   53
3093.1390912532806   52
3096.1390945911407   64
3099.139091014862   76
3102.1390924453735   88
3105.1390931606293   87
3108.139093399048   86
3111.1395993232727   85
3114.1400866508484   73
3117.140563726425   61
3120.1400892734528   62
3123.140092611313   74
3126.1400904655457   75
3129.1400878429413   63
3132.1400763988495   51
3135.141084909439   39
3138.141087293625   38
3141.1410853862762   50
3144.1410887241364   49
3147.1420805454254   37
3150.143080472946   25
3153.143084049225   26
3156.1440744400024   14
3159.1440744400024   13
3162.1450774669647   1
3165.1450774669647   2
3168.1450777053833   3
3171.1461164951324   15
3174.147091150284   16
3177.1480872631073   4
3180.1480906009674   5
3183.1490886211395   17
3186.1490910053253   29
3189.149083852768   30
3192.150084733963   42
3195.1510887145996   30
3198.151088476181   31
3201.1520743370056   19
3204.1520788669586   18
3207.153083086014   6
3210.1530895233154   7
3213.1530900001526   8
3216.154088497162   20
3219.1540896892548   21
3222.1540896892548   33
3224.954044818878   O
3224.981584787369   I
3225.1540780067444   32
3228.1550884246826   44
3231.155091524124   43
3234.155092716217   55
3237.1550912857056   56
3240.1550929546356   57
3243.155091047287   69
3246.1550924777985   68
3249.1550920009613   67
3252.1550929546356   79
3252.1562378406525   F
3254.1439921855927   O
3255.1550879478455   78
3255.792580842972   I
3258.1550917625427   66
3261.156087875366   54
3264.1561319828033   53
3267.156089067459   65
3270.156089067459   77
3273.1560895442963   89
3276.1570920944214   90
3279.157091140747   102
3282.1580867767334   114
3285.1580748558044   126
3288.1580748558044   127
3291.1580872535706   128
3294.1580893993378   116
3297.1580896377563   117
3300.158089876175   118
3303.158088207245   130
3306.158091068268   129
3309.159092903137   130
3312.160079240799   131
3315.1610777378082   119
3318.161078453064   107
3321.161078929901   95
3324.1610786914825   83
3327.161076068878   71
3330.162085056305   59
3333.1630866527557   47
3336.164083957672   35
3339.16508769989   23
3342.166084289551   11
3345.167088508606   12
3348.168088197708   24
3351.1680884361267   36
3354.1690793037415   48
3357.1700887680054   60
3360.170089006424   72
3363.1700932979584   84
3366.1700887680054   96
3369.1700913906097   108
3372.1700899600983   120
3375.170088291168   132
3378.170091152191   144
3381.1700899600983   143
3384.170078277588   142
3387.170074939728   141
3390.1700761318207   140
3391.689023256302   O
3391.7541501522064   I
3393.170089483261   139
3396.170083999634   138
3399.170074939728   137
3402.170078754425   125
3405.170074939728   124
3408.1700763702393   136
3411.1700854301453   135
3414.1700756549835   123
3414.1710965633392   F
3416.8841466903687   O
3417.1710698604584   122
3418.099600315094   I
3420.171080350876   134
3423.171073436737   133
3426.171077489853   121
3429.171080350876   109
3432.1710760593414   97
3435.1710765361786   98
3438.1710770130157   110
3441.1710782051086   111
3444.1710867881775   112
3447.171077489853   100
3450.1710815429688   101
3453.1710777282715   113
3456.171087026596   1
3459.1710810661316   2
3462.1710724830627   3
3465.1720764636993   4
3468.172073841095   5
3471.1730766296387   17
3474.1730782985687   16
3477.1740765571594   28
3480.1740748882294   27
3483.1750717163086   39
3486.1750767230988   40
3489.1750910282135   41
3492.175091266632   42
3495.1750893592834   43
3498.176082611084   31
3501.1760880947113   32
3504.177067041397   44
3507.178077697754   56
3510.1780772209167   55
3513.1780791282654   67
3516.178077697754   68
3519.178064584732   80
3522.178078651428   81
3525.1780750751495   69
3528.1780772209167   70
3531.178068637848   82
3534.178078889847   83
3537.1780784130096   84
3540.1780712604523   72
3543.1790719032288   60
3546.1790809631348   59
3549.1790747642517   71
3552.1790804862976   70
3555.1800882816315   58
3558.1800911426544   57
3561.1810913085938   45
3564.1820905208588   33
3567.1830875873566   21
3570.1830916404724   20
3573.1840884685516   8
3576.1850922107697   9
3579.1850905418396   10
3582.1850864887238   11
3585.1850819587708   12
3588.1850728988647   24
3591.1860744953156   23
3594.1860778331757   35
3597.187078475952   36
3600.188076019287   48
3603.1880803108215   47
3606.188086748123   46
3609.1890861988068   34
3609.192587375641   F
3610.1696271896362   O
3612.1890799999237   22
3612.630625486374   I
3615.1900746822357   10
3618.1900877952576   9
3621.1900856494904   8
3624.1900873184204   7
3627.1900861263275   19
3630.1900911331177   18
3633.190090417862   30
3636.1900911331177   29
3639.190088033676   28
3642.1900868415833   27
3645.19109582901   15
3648.1920895576477   14
3651.1920886039734   26
3654.1920881271362   25
3657.193077802658   37
3660.19407582283   49
3663.195074558258   61
3666.1950793266296   62
3669.1950767040253   63
3672.1960892677307   51
3675.1960895061493   52
3678.1961131095886   53
3681.1970994472504   65
3684.1970930099487   66
3684.806151151657   O
3685.2351944446564   I
3686.1477649211884   O
3686.1851663589478   I
3687.1980884075165   54
3690.198091506958   55
3693.1980895996094   56
3696.1980905532837   57
3699.1980900764465   58
3702.1990909576416   46
3705.200090408325   45
3708.2000889778137   44
3711.200088739395   43
3714.2000901699066   42
3717.2010910511017   41
3720.201094865799   40
3723.2010917663574   39
3726.2010910511017   38
3729.202091693878   50
3732.202091217041   49
3735.2030935287476   61
3738.203091621399   73
3741.2030911445618   74
3744.2030930519104   75
3747.2030923366547   76
3750.2030878067017   77
3753.2030923366547   89
3756.203091621399   101
3759.203092813492   113
3762.203090906143   112
3765.2030940055847   100
3768.2030918598175   99
3771.2030923366547   98
3774.204083442688   97
3775.5452144145966   O
3775.6693172454834   I
3777.204090356827   109
3780.204091310501   121
3783.204090118408   122
3786.2040870189667   123
3786.2051742076874   F
3787.395700454712   O
3789.1559693813324   I
3789.2040600776672   111
3792.204091310501   110
3795.2040865421295   109
3798.2040882110596   97
3801.2040894031525   85
3804.204065322876   86
3807.204068183899   87
3810.2040722370148   88
3813.2040631771088   100
3816.2040736675262   112
3819.2040638923645   124
3822.204071521759   136
3825.204072713852   137
3828.2040643692017   138
3831.2040712833405   126
3834.204063653946   114
3837.204090118408   102
3840.205087661743   90
3843.205089569092   91
3846.2050852775574   92
3849.205089330673   93
3852.2050845623016   94
3855.2050881385803   95
3858.2050852775574   96
3861.2050862312317   108
3864.2050924301147   120
3866.0622045993805   O
3866.5614619255066   I
3866.968667268753   O
3867.0166778564453   I
3867.2050800323486   132
3870.205093383789   144
3873.2050881385803   143
3876.205091714859   142
3879.2050907611847   141
3882.2050879001617   129
3885.205094099045   128
3888.205092191696   140
3891.2050914764404   139
3894.205085992813   127
3897.205087661743   115
3900.2050879001617   103
3903.205086708069   104
3906.2050881385803   105
3909.2050881385803   117
3912.205087184906   116
3915.2050857543945   104
3918.205092906952   105
3921.205073595047   106
3924.205078125   118
3927.205073595047   130
3930.205067396164   131
3930.7043812274933   O
3930.731924533844   I
3933.2050676345825   119
3936.205094099045   107
3939.2050936222076   106
3942.2050909996033   118
3945.2050931453705   117
3948.206111431122   116
3951.2060885429382   115
3954.206123352051   103
3957.206137895584   91
3960.2060861587524   79
3960.2073912620544   F
3961.627789258957   O
3963.2060890197754   78
3963.449471950531   I
3966.206089258194   90
3969.206116437912   89
3972.2060894966125   77
3975.2060878276825   78
3978.2061128616333   79
3978.2071697711945   F
3979.5592317581177   O
3981.038843154907   I
3981.2060718536377   80
3984.207093000412   92
3987.2070922851562   93
3990.2070882320404   94
3993.207091331482   82
3996.2070932388306   81
3999.207090854645   69
4002.2070915699005   68
4005.207090854645   67
4008.2070915699005   66
4011.208085536957   54
4014.2080891132355   53
4017.2080929279327   52
4020.208087682724   51
4023.208087205887   50
4026.2090871334076   62
4029.2090911865234   63
4032.209089279175   64
4032.2248063087463   O
4032.4263648986816   I
4032.47327375412   O
4033.620947122574   I
4035.209091424942   65
4038.209090948105   64
4041.209083557129   76
4044.209088087082   88
4047.209077358246   87
4050.209074497223   75
4053.2090809345245   74
4056.2090866565704   73
4058.1003708839417   O
4058.1278693675995   I
4058.1616430282593   I
4059.209088087082   85
4062.2090907096863   86
4065.209077835083   98
4068.2090816497803   99
4071.209082841873   111
4072.7725045681   O
4073.373312473297   I
4073.4373960494995   O
4073.4648909568787   I
4074.2090759277344   110
4075.92068195343   O
4075.9482321739197   I
4076.667989253998   O
4077.2090809345245   122
4080.209079504013   123
4080.2100574970245   F
4080.21044421196   O
4083.209085226059   135
4083.22598528862   I
4083.3700363636017   O
4083.858617782593   I
4083.879042863846   O
4083.9351584911346   I
4083.984365463257   O
4084.3972864151   I
4085.032737493515   O
4085.212737560272   I
4085.571547269821   O
4086.209072113037   134
4089.209077835083   133
4090.2681810855865   I
4092.209086894989   121
4095.209084510803   133
4098.209087133408   134
4101.209089517593   135
4104.209090948105   136
4107.20908331871   137
4110.209090948105   125
4110.741440534592   O
4110.808493852615   I
4110.8707411289215   O
4110.898342370987   I
4112.4627730846405   O
4112.491704702377   I
4112.97829079628   O
4113.209089279175   124
4113.274875640869   I
4113.443226337433   O
4116.210078239441   125
4119.210078001022   113
4119.745003461838   I
4121.098337888718   O
4121.740901708603   I
4122.210074186325   101
4125.210079431534   102
4128.210079431534   114
4131.210078239441   126
4133.942115783691   O
4134.210069179535   138
4134.399927377701   I
4134.48429775238   O
4135.778503894806   I
4135.928474903107   O
4135.957305431366   I
4137.210075378418   139
4140.210074186325   127
4143.210075855255   128
4146.210074901581   140
4149.210077047348   141
4152.210075139999   129
4155.210077047348   130
4158.21006321907   142
4161.210075616837   143
4164.210075139999   144
4167.210076093674   132
4170.210074424744   131
4173.210076808929   119
4176.210078716278   120
4179.210079431534   108
4182.210075855255   107
4185.210075139999   95
4188.2100784778595   96
4191.210079431534   84
4194.210077285767   83
4197.21107673645   71
4200.211079120636   72
4203.212089061737   60
4206.212089538574   59
4209.213096857071   47
4212.213090419769   48
4215.2140901088715   36
4218.214087486267   24
4221.215086936951   12
4224.216088294983   11
4227.216067075729   23
4228.640672445297   O
4229.590004444122   I
4230.216071367264   35
4233.21607875824   34
4233.217122793198   F
4233.968457221985   O
4236.216069936752   22
4239.216068029404   21
4242.216076374054   33
4242.771955490112   I
4245.216071844101   32
4248.216073036194   20
4251.217080354691   19
4254.217069387436   31
4257.217092990875   30
4260.217090845108   29
4263.217090606689   17
4266.217090845108   18
4269.2180914878845   6
4272.219089269638   7
4275.219091653824   6
4278.219092130661   5
4281.219092130661   4
4284.219072818756   16
4287.219071865082   15
4290.220062494278   3
4293.220075845718   2
4296.220068454742   14
4299.2200655937195   26
4302.221075773239   38
4305.221076965332   37
4308.2220623493195   25
4308.907272100449   O
4308.973974704742   I
4311.2220776081085   13
4314.22306394577   1
4317.22306728363   13
4320.224083900452   12
4323.224085092545   24
4326.225086927414   36
4329.225086688995   35
4332.225086688995   34
4332.226221323013   F
4334.607273578644   O
4335.2250871658325   33
4335.635627746582   I
4338.225090742111   21
4341.225086450577   20
4344.225085020065   19
4347.225083589554   18
4350.226118803024   6
4353.2260863780975   7
4356.226074934006   8
4359.226084470749   9
4362.226088047028   10
4365.226083278656   22
4368.226087808609   23
4371.227073431015   11
4374.2270793914795   10
4377.227078199387   9
4380.227079153061   8
4383.227077960968   7
4386.227077960968   19
4389.227075815201   31
4392.2270748615265   32
4395.228076934814   44
4398.228075504303   43
4401.229085683823   55
4404.229092121124   54
4407.230087995529   66
4410.230085611343   65
4413.23109126091   77
4416.231087446213   89
4419.23108792305   90
4422.231085777283   91
4425.231067657471   79
4425.232118606567   F
4426.940767526627   O
4428.231062412262   67
4428.3161499500275   I
4431.231075763702   68
4434.231068134308   69
4437.231070756912   70
4440.232082128525   82
4443.232088804245   94
4446.233090639114   95
4449.233082771301   83
4452.233076572418   84
4455.2330758571625   96
4458.233067989349   108
4461.233070135117   120
4464.233090162277   119
4467.233094930649   118
4470.233086109161   106
4473.233083486557   107
4476.233069658279   108
4479.233075618744   96
4482.234089851379   84
4485.234088897705   72
4488.235090494156   60
4491.236084699631   48
4494.236085891724   47
4497.237086057663   46
4500.238085746765   58
4503.238087892532   59
4506.239074230194   71
4509.23907828331   70
4512.240083217621   58
4515.240087985992   57
4518.241077899933   45
4521.241075754166   44
4524.242084980011   56
4527.242090702057   55
4530.243083953857   67
4533.243083715439   66
4536.244078397751   78
4539.244077682495   77
4542.244077920914   76
4545.244079113007   64
4548.245076417923   52
4551.246088981628   40
4554.24608707428   41
4557.247092247009   29
4560.247088193893   17
4563.2470915317535   16
4566.247084856033   28
4569.247074604034   27
4572.247080564499   15
4575.247087478638   14
4578.247079133987   26
4581.248079061508   38
4584.248078346252   37
4587.249076604843   49
4590.249084949493   50
4593.249086856842   51
4596.250073432922   63
4599.250074863434   62
4602.250079870224   61
4605.251080751419   73
4608.251091003418   74
4611.251082420349   86
4614.251075029373   87
4617.251092433929   88
4620.251091241837   100
4623.252078533173   99
4626.252074956894   111
4628.85134601593   O
4628.878847837448   I
4629.25207400322   123
4629.253180503845   F
4630.604996919632   O
4632.252080440521   135
4634.776422739029   I
4635.25207233429   134
4638.253086566925   133
4639.7338037490845   O
4641.253080368042   121
4642.876793384552   I
4642.902232885361   O
4644.253091096878   122
4647.2530863285065   110
4648.207452774048   I
4650.253085613251   109
4650.3921546936035   O
4650.4196763038635   I
4653.253083229065   97
4655.69540476799   O
4656.253075838089   85
4659.254075288773   73
4661.608595609665   I
4662.2540855407715   61
4662.794928789139   O
4663.839735031128   I
4663.8505001068115   O
4664.567626476288   I
4664.643845796585   O
4664.947691440582   I
4665.255072593689   49
4665.545717954636   O
4668.25608587265   37
4668.472498416901   I
4668.908928155899   O
4669.124980926514   I
4670.916982412338   O
4671.218847751617   I
4671.25705575943   25
4674.257077693939   13
4675.899925470352   O
4675.927426815033   I
4676.012728214264   I
4677.258075714111   1
4680.259083986282   2
4683.2590873241425   3
4686.25908780098   4
4689.259087085724   5
4692.25909113884   6
4695.259077548981   18
4698.259091615677   30
4701.26006603241   42
4704.261071443558   54
4707.261069536209   53
4710.262078523636   65
4713.262089729309   64
4716.2630932331085   76
4719.263087749481   75
4722.263078451157   87
4725.263079881668   88
4728.263084888458   100
4731.263079404831   112
4734.263079404831   124
4737.263085126877   125
4740.26308131218   126
4743.263076782227   114
4746.2630796432495   113
4749.2640771865845   101
4752.264091730118   102
4755.264088869095   103
4758.264089584351   115
4761.264090538025   127
4764.264089107513   139
4767.264087200165   140
4770.26407122612   128
4773.264070510864   116
4776.265072822571   104
4779.265063285828   92
4782.266068458557   80
4785.266069173813   81
4788.266085386276   93
4791.2660846710205   105
4794.266085386276   117
4797.266073703766   129
4800.266069889069   130
4801.5382969379425   O
4803.2661299705505   131
4804.000072717667   I
4804.051795721054   O
4804.0793788433075   I
4806.266089677811   132
4807.012728214264   O
4807.040253639221   I
4809.266087055206   144
4812.26608300209   143
4815.266086101532   142
4818.266071557999   141
4821.266086101532   140
4824.266083240509   139
4827.266083240509   138
4830.266073942184   137
4833.266088247299   138
4836.266130208969   126
4839.266112565994   127
4842.266121864319   115
4845.26780796051   116
4848.266119003296   128
4851.266088485718   129
4854.267065525055   141
4857.266088724136   142
4860.2660892009735   130
4863.267093658447   131
4866.267075300217   143
4869.26708316803   144
4870.1262266635895   O
4870.667000055313   I
4870.8316740989685   O
4872.267071962357   132
4874.004774808884   I
4875.267070055008   120
4878.267087459564   119
4881.268088817596   107
4884.268089294434   106
4887.268090248108   118
4890.268089056015   117
4893.269093513489   105
4896.270084619522   93
4899.270088195801   94
4902.270089626312   95
4905.271090507507   83
4908.271092414856   82
4911.2710909843445   81
4914.272085428238   69
4917.273092985153   57
4920.273092508316   56
4923.274091005325   68
4926.27508687973   80
4929.275085687637   92
4932.275071382523   104
4935.27507519722   103
4938.27607011795   91
4941.277070760727   79
4941.28794002533   F
4942.012122154236   O
4942.752477407455   I
4943.293673276901   O
4944.277068138123   78
4944.777426958084   I
4944.97344326973   O
4945.099299907684   I
4947.277076244354   90
4950.278077363968   89
4953.278076887131   101
4956.278076887131   102
4959.278079748154   114
4962.279092073441   113
4965.279091358185   125
4968.279091358185   137
4971.279094696045   136
4974.279090642929   135
4977.279093503952   136
4980.280090808868   124
4983.281090736389   112
4986.2810916900635   111
4989.281090497971   123
4989.282564163208   F
4991.687663793564   O
4992.281087398529   122
4994.0181522369385   I
4995.2810871601105   134
4998.281085252762   133
5001.282089710236   121
5004.283090591431   109
5007.28409075737   110
5010.285089015961   98
5013.285092115402   99
5016.285090446472   98
5019.2850930690765   97
5022.286087989807   85
5025.286085605621   86
5028.287087678909   74
5031.288091182709   75
5034.289090394974   63
5037.289092540741   62
5040.29009103775   50
5043.291072845459   38
5046.29208612442   39
5049.2926614284515   27
5052.292665481567   15
5055.293074607849   14
5058.293072462082   26
5061.293084144592   25
5064.292662382126   13
5067.293084383011   1
5070.293083667755   2
5073.293084621429   3
5076.293085813522   4
5079.2940793037415   5
5082.293080568314   17
5085.293082714081   16
5088.29407954216   28
5091.294077634811   40
5094.29407954216   39
5097.294079065323   51
5100.294077396393   52
5103.294078588486   53
5106.294077396393   41
5109.294079065323   29
5112.294078350067   30
5115.294078588486   42
5118.294078588486   43
5121.294078826904   31
5124.294078826904   32
5127.294078111649   33
5130.294077634811   45
5133.294079780579   46
5136.294078111649   34
5136.294980764389   F
5138.4812269210815   O
5139.293084621429   35
5141.156679868698   I
5142.293084621429   47
5145.293083906174   59
5148.293085098267   71
5151.293089389801   72
5154.293085098267   60
5157.293084383011   48
5160.293080329895   36
5163.292675971985   24
5166.293085098267   12
5169.293086767197   11
5172.292679548264   23
5175.292678356171   22
5178.293085813522   21
5181.29407787323   20
5184.294090509415   144
5187.294078111649   143
5190.2940809726715   142
5193.294079065323   130
5196.294078826904   118
5199.294080018997   106
5202.294076681137   107
5205.294076681137   95
5208.294079065323   83
5211.294085264206   71
5214.294078826904   72
5217.294078588486   84
5220.29407787323   96
5223.294079065323   108
5224.2233164310455   O
5225.8787360191345   I
5226.294078588486   120
5229.294078826904   119
5232.294075012207   131
5235.294075727463   132
5238.294076681137   120
5241.2941019535065   108
5244.294080257416   96
5247.294080018997   84
5250.294078350067   83
5253.294078588486   82
5256.294080734253   94
5259.294078826904   93
5262.294077634811   81
5265.294078350067   80
5268.294078350067   68
5271.295392274857   67
5274.295078277588   55
5277.295079469681   54
5280.295078277588   53
5283.295077800751   65
5286.295078039169   77
5289.295079708099   78
5292.295078754425   79
5292.296277761459   F
5293.551050186157   O
5294.48041677475   I
5294.549226999283   O
5294.576798915863   I
5294.631543874741   O
5294.843656778336   I
5295.294080018997   91
5298.294079065323   103
5301.294078350067   115
5304.294078826904   114
5307.294078111649   113
5310.294063806534   125
5313.294062137604   126
5316.294061422348   138
5319.294070720673   137
5322.29406619072   136
5325.294066667557   135
5328.29407453537   123
5328.294948101044   F
5330.232600688934   O
5331.293076276779   111
5331.379342794418   I
5334.293083906174   112
5337.293064832687   124
5340.293064832687   136
5343.293071985245   137
5346.2930681705475   138
5349.293085098267   139
5352.293083667755   140
5355.293067216873   141
5358.293067932129   129
5361.293071746826   117
5364.293080329895   116
5367.293078422546   128
5370.293077707291   127
5373.293071269989   115
5376.293068647385   116
5379.293083190918   104
5382.293081283569   105
5385.29306602478   93
5388.293084144592   92
5391.293084859848   80
5394.293082475662   79
5394.294001340866   F
5396.415391921997   O
5396.934033870697   I
5396.994580745697   O
5397.292672157288   67
5397.538538455963   I
5400.293082952499   66
5403.293080806732   54
5406.293081283569   42
5409.293083667755   43
5412.293086051941   44
5415.293081521988   45
5418.293081998825   57
5421.293081283569   58
5424.293080568314   59
5427.293080806732   47
5430.293082952499   46
5433.293079614639   34
5433.296741247177   F
5434.897678375244   O
5435.38879442215   I
5435.404655456543   O
5436.2930788993835   35
5437.430372476578   I
5439.292679309845   23
5442.293086051941   22
5445.293083906174   21
5448.293083429337   9
5451.293081998825   8
5454.292675971985   20
5457.293082714081   32
5460.293083190918   31
5463.292675495148   19
5466.293082952499   7
5469.293070316315   6
5472.292675733566   18
5475.292677402496   17
5478.293085813522   29
5481.293084383011   41
5484.293093204498   40
5487.293085575104   28
5490.293084383011   27
5493.293084621429   26
5496.293083906174   25
5499.292669534683   13
5502.293081045151   1
5505.293082475662   2
5508.292675495148   14
5511.293082714081   15
5514.293083667755   3
5517.294076681137   4
5520.294076681137   5
5523.29407954216   6
5526.29407453537   7
5529.294076919556   8
5532.29407787323   9
5535.294076919556   10
5538.294060230255   11
5541.294065713882   12
5544.293061733246   24
5547.293066978455   36
5550.293082714081   48
5553.293083906174   60
5556.293084383011   72
5559.2930817604065   71
5562.293081998825   70
5565.293082952499   69
5568.293084144592   68
5571.293078422546   56
5574.293086528778   55
5577.293076038361   43
5580.293085575104   42
5583.293079137802   30
5586.294080495834   29
5589.294077157974   41
5592.294090270996   40
5595.294077396393   39
5598.294075489044   38
5601.294075489044   50
5604.294080018997   62
5607.294078826904   63
5610.294062376022   51
5613.294068813324   52
5616.294065237045   64
5619.294067144394   76
5622.294076681137   75
5625.294078350067   74
5628.294078111649   73
5631.2940764427185   85
5634.294078588486   86
5637.136672496796   O
5637.164239645004   I
5637.294064044952   87
5637.380444288254   O
5637.4079530239105   I
5637.703101158142   O
5637.730697393417   I
5637.898977518082   O
5639.808609008789   I
5640.03582239151   O
5640.294063329697   88
5642.8479878902435   I
5643.295073032379   89
5643.93346953392   O
5643.9609842300415   I
5646.2965722084045   90
5649.297092437744   102
5652.2970933914185   101
5655.297093629837   100
5658.297093868256   99
5661.297412157059   98
5664.297094583511   110
5667.297092914581   122
5670.297093153   134
5673.297092437744   133
5676.297092437744   121
5679.297093629837   109
5682.298090219498   97
5685.298091411591   85
5688.298089265823   73
5691.299090385437   61
5694.299090147018   49
5697.299092292786   61
5700.29909491539   62
5703.299084663391   74
5706.299087047577   75
5709.299088716507   87
5712.299077749252   86
5715.2990753650665   98
5718.299091339111   97
5721.299085855484   109
5724.299097776413   110
5727.299093008041   122
5730.299090147018   121
5733.299088716507   133
5736.299092292786   134
5739.2990934848785   135
5742.299092292786   123
5742.300175666809   F
5744.4039986133575   O
5745.2980880737305   124
5746.0550220012665   I
5748.054045915604   O
5748.298082828522   112
5750.210747003555   I
5751.298091411591   111
5754.298085689545   99
5757.298091888428   100
5760.298092842102   101
5763.298090457916   113
5766.298092365265   125
5769.298092126846   126
5772.298086166382   114
5775.298093080521   102
5778.298091650009   103
5781.2980926036835   104
5784.2980897426605   92
5787.298090696335   91
5790.298090219498   90
5793.298089504242   89
5796.298089265823   88
5799.298084259033   76
5802.298090219498   77
5805.2980897426605   78
5808.298091411591   66
5811.2980926036835   65
5814.298092126846   53
5817.298090219498   52
5820.298088550568   64
5823.298090457916   63
5826.298089504242   51
5829.2980897426605   50
5830.146794080734   O
5831.782243013382   I
5831.929438591003   O
5831.9634165763855   I
5832.298081874847   49
5835.298087596893   37
5838.2980864048   25
5841.29819560051   37
5844.299095392227   38
5847.299090862274   39
5850.299093008041   27
5853.2990934848785   26
5856.298088312149   14
5859.298088312149   13
5862.298398733139   1
5865.298090219498   2
5868.298087835312   3
5871.297093868256   15
5874.298090457916   16
5877.298091411591   28
5880.297091007233   16
5883.29709148407   4
5886.2970905303955   5
5889.296123981476   17
5892.296116113663   18
5895.296114206314   30
5898.296123504639   31
5901.2950801849365   19
5904.295605659485   20
5907.295078754425   21
5910.295079469681   33
5913.295078039169   34
5913.316934347153   F
5915.317842245102   O
5916.29407787323   35
5916.863185167313   I
5919.293088674545   23
5922.293083190918   22
5925.293083906174   10
5928.293082714081   11
5931.293083190918   12
5934.292674541473   24
5937.293083906174   36
5940.293064594269   48
5943.293079614639   60
5946.293080329895   59
5949.293078660965   47
5952.293082714081   46
5955.293082714081   45
5958.293082952499   33
5961.2930862903595   32
5964.293084859848   44
5967.293085813522   56
5970.2930817604065   57
5973.293083429337   58
5976.293085813522   70
5979.293085813522   69
5982.293083429337   81
5985.293085336685   82
5988.293084144592   94
5991.293084144592   106
5994.293084859848   105
5997.293084621429   117
6000.293083906174   118
6003.293076992035   130
6006.293084144592   129
6009.293085575104   128
6012.293075799942   127
6015.293075799942   139
6018.293073654175   140
6021.2930772304535   141
6024.2930817604065   142
6027.293082714081   143
6030.293083667755   144
6033.293076276779   132
6036.293072462082   131
6039.293072938919   119
6042.293080329895   107
6045.29307103157   95
6048.293075323105   133
6051.293075561523   121
6054.293076753616   109
6057.293085575104   97
6060.293082237244   98
6063.293076992035   86
6066.293070316315   85
6069.293084621429   73
6072.293081998825   61
6075.293083906174   49
6078.293084621429   37
6081.293086528778   25
6084.292676448822   13
6087.293081998825   1
6090.293082952499   2
6093.292672634125   14
6096.293086528778   15
6099.293068408966   3
6102.293718576431   4
6105.293083429337   16
6108.293084383011   28
6111.293083906174   40
6114.293083190918   41
6117.293085098267   53
6120.2930862903595   52
6123.2930817604065   64
6126.293084621429   63
6129.293083429337   75
6132.293082475662   76
6135.293087244034   77
6138.293084859848   78
6141.293086528778   90
6144.293083667755   102
6147.293154001236   103
6150.293083906174   115
6153.294078826904   114
6156.294080495834   113
6159.2940793037415   125
6162.295080900192   124
6165.295076370239   112
6168.295077800751   111
6171.295078039169   123
6171.296230792999   F
6173.494409561157   O
6174.2940974235535   122
6175.294363737106   I
6177.294078350067   134
6180.294078350067   135
6181.38134765625   O
6181.744802236557   I
6183.294078350067   136
6186.294066429138   137
6189.294077157974   138
6192.2940793037415   139
6195.294075965881   140
6198.294078588486   128
6201.294079065323   129
6204.294410943985   141
6207.294080257416   142
6210.294080257416   143
6213.2940793037415   144
6216.294078826904   132
6219.294078826904   120
6222.294069051743   108
6225.294070005417   107
6228.2940762043   119
6231.294075965881   131
6234.295074462891   130
6237.295077323914   118
6240.295077562332   106
6243.2960884571075   105
6246.296118974686   93
6246.429708480835   O
6247.877735137939   I
6247.9720849990845   O
6248.022191762924   I
6249.296120405197   92
6252.296087741852   80
6255.296116352081   68
6258.2961139678955   69
6261.296123981476   81
6264.296136140823   82
6267.296088218689   94
6270.296088695526   95
6273.296087026596   83
6276.29608464241   71
6279.296078205109   59
6282.296074390411   47
6285.296076536179   48
6288.296073436737   60
6291.296075820923   72
6294.2960748672485   84
6297.296073675156   96
6300.296085357666   108
6303.296087503433   120
6306.2960867881775   119
6309.296112775803   118
6312.296076059341   117
6315.296077013016   116
6318.2960748672485   104
6321.296077489853   105
6324.296083688736   117
6327.297078609467   116
6330.297080516815   115
6333.297075033188   127
6336.29708981514   126
6339.297093153   114
6342.297092914581   102
6345.298091411591   101
6348.2980926036835   100
6351.298092842102   88
6354.298092365265   89
6357.298089504242   77
6360.2980897426605   65
6363.298090696335   66
6366.298089504242   54
6369.298092365265   55
6372.298090934753   67
6375.298090457916   79
6375.299169540405   F
6376.99809718132   O
6378.297092199326   91
6381.297093153   90
6384.297096252441   89
6387.297092914581   101
6389.835155963898   I
6390.297092676163   113
6390.3553030490875   O
6390.770785808563   I
6391.24906039238   O
6393.2970950603485   112
6395.353179693222   I
6395.563019990921   O
6396.241009950638   I
6396.297071456909   100
6399.297095298767   99
6402.297090291977   87
6403.971748828888   O
6405.29709148407   88
6407.496380329132   I
6408.297086954117   76
6411.2663152217865   O
6411.29706287384   75
6411.372971057892   I
6414.297091722488   74
6417.297092914581   62
6420.297092676163   50
6423.297092914581   51
6426.297091960907   39
6429.297090053558   38
6432.296127319336   26
6435.296109199524   27
6438.296129465103   28
6441.296112060547   29
6444.2950801849365   17
6447.295081138611   5
6450.2950785160065   6
6453.294078826904   18
6456.294078826904   19
6459.294078350067   7
6462.295078277588   8
6465.294074773788   20
6468.294077634811   21
6471.294076681137   9
6474.294076919556   10
6477.293084621429   22
6480.293083429337   23
6483.293082714081   11
6486.293083667755   12
6489.292676925659   24
6492.2930862903595   36
6495.293085575104   35
6498.293085098267   34
6498.293992519379   F
6498.534545660019   O
6500.553847551346   I
6501.292675256729   46
6504.293086051941   58
6507.16645693779   O
6507.293068408966   57
6508.309909582138   I
6510.293062448502   45
6513.293083906174   44
6516.2930788993835   43
6519.293081521988   42
6522.293081998825   30
6525.293080329895   31
6528.29306936264   32
6531.293083429337   33
6534.293083429337   34
6534.293965816498   F
6536.328577756882   O
6537.292671203613   46
6537.990182638168   I
6540.293067932129   45
6543.293080806732   57
6546.293081521988   56
6549.293081283569   44
6552.293081521988   43
6555.29306602478   42
6558.293083429337   41
6561.293085098267   29
6564.292676687241   17
6567.293086767197   5
6570.293080568314   6
6573.293081998825   7
6576.292660713196   19
6579.293083190918   18
6582.293079853058   30
6585.293084859848   31
6588.293085813522   32
6591.293087005615   33
6594.292676448822   21
6597.293086051941   20
6600.293081998825   8
6603.293081998825   9
6606.293073654175   10
6609.292671918869   22
6612.293082237244   23
6615.293082237244   11
6618.293083906174   12
6621.29267168045   24
6624.293085575104   36
6627.13042640686   O
6627.157957077026   I
6627.181791782379   O
6627.2094004154205   I
6627.251955270767   O
6627.293061971664   35
6627.90167593956   I
6630.293082952499   47
6633.2930772304535   48
6636.293070793152   60
6639.293074131012   59
6642.293082237244   58
6645.293082237244   70
6648.2930743694305   69
6651.293082237244   70
6654.293076038361   82
6656.297077178955   O
6656.324609279633   I
6656.612055301666   O
6656.642058372498   I
6657.293072223663   83
6660.293075323105   71
6663.293075084686   72
6666.020597457886   O
6666.293079137802   84
6666.496418237686   I
6666.537513256073   O
6666.565107584   I
6669.293086051941   96
6672.293087244034   95
6675.293083667755   107
6678.293085336685   106
6681.293086051941   94
6684.293083667755   93
6687.293079853058   81
6690.293083667755   80
6693.294077634811   92
6696.29407954216   104
6699.294064760208   103
6702.294065952301   91
6705.294064283371   79
6705.294941902161   F
6708.294064044952   78
6708.330684661865   O
6710.083544969559   I
6711.294075489044   66
6714.294078111649   67
6715.1769325733185   O
6717.037827968597   I
6717.295074701309   68
6720.295079708099   56
6723.295079708099   55
6726.295079469681   54
6729.295064210892   53
6732.295068025589   65
6735.29506611824   64
6738.295060157776   63
6741.295072317123   62
6744.295071363449   74
6747.295059204102   86
6750.295062541962   87
6753.295075893402   99
6756.295067310333   111
6759.295066833496   110
6762.295065879822   98
6765.295063018799   110
6768.295078754425   122
6771.295078754425   123
6771.2962057590485   F
6773.356084108353   O
6774.068106412888   I
6774.111321926117   O
6774.294068336487   124
6775.684522390366   I
6777.294079065323   125
6780.294075727463   126
6783.294075489044   127
6786.294077157974   128
6789.294075965881   129
6792.2940762043   130
6795.294070959091   131
6798.29407119751   132
6801.294073581696   144
6804.2940855026245   143
6807.294636726379   142
6810.294077634811   141
6813.294078826904   140
6816.294077634811   139
6819.29407954216   138
6822.294080734253   137
6825.294077634811   136
6828.294078111649   135
6831.294080495834   134
6834.294080257416   133
6837.294076919556   121
6840.294055938721   109
6843.294075965881   97
6846.294078350067   85
6849.294078350067   73
6852.294080257416   61
6855.294078350067   49
6858.294078350067   50
6861.294080018997   38
6864.294078350067   37
6867.294077396393   25
6870.294077634811   26
6873.293083190918   14
6876.293084144592   13
6879.293083906174   1
6882.293084621429   2
6885.293085575104   3
6888.293084859848   4
6891.2926778793335   16
6894.293083429337   15
6897.293082952499   27
6900.293082237244   39
6903.293079376221   40
6903.459491729736   O
6904.2387907505035   I
6904.38795208931   O
6904.433012008667   I
6906.29306268692   52
6909.293070793152   51
6912.292653560638   1
6915.293068647385   2
6918.293068885803   3
6921.29264831543   15
6924.293070316315   27
6927.293085336685   39
6930.293085575104   38
6933.293071508408   50
6936.293066978455   62
6939.293078422546   74
6942.293085575104   73
6945.293084144592   61
6948.293082714081   49
6950.278148174286   O
6950.537661314011   I
6951.29306101799   37
6954.293065547943   25
6957.293066740036   26
6960.292670965195   14
6963.293081045151   13
6966.293067455292   25
6969.293066501617   37
6972.2930788993835   49
6975.293081283569   61
6978.293084144592   62
6981.293085098267   63
6984.293084144592   51
6987.293083429337   52
6990.293085575104   64
6993.293085336685   65
6996.293084859848   77
6999.293084859848   78
7002.293084144592   90
7005.293082952499   91
7008.293086528778   92
7011.293086051941   80
7014.293081998825   68
7017.293084144592   67
7020.293084383011   66
7023.293085575104   54
7026.293085575104   42
7029.293085098267   30
7032.293082952499   31
7035.293084383011   32
7038.292670726776   20
7041.293085575104   19
7044.293086051941   7
7046.673450231552   O
7046.990054130554   I
7047.2613797187805   O
7047.293061971664   8
7048.282649040222   I
7050.293082475662   9
7053.293082475662   10
7056.292674541473   22
7059.293084383011   34
7059.293989181519   F
7061.081477880478   O
7061.483215093613   I
7061.529605150223   O
7062.293084859848   33
7063.493893861771   I
7065.292676448822   21
7068.293085098267   9
7071.294079065323   8
7074.29407954216   7
7077.29407787323   6
7080.294076919556   5
7083.2940762043   4
7086.293081998825   16
7089.2940762043   28
7092.295079946518   29
7095.294079780579   17
7098.294079065323   18
7101.2940809726715   30
7104.294089794159   29
7107.294077634811   41
7110.294077634811   40
7113.294079780579   52
7116.294078826904   53
7119.2940809726715   65
7122.29407954216   66
7125.294076681137   78
7128.294077634811   79
7128.2950093746185   F
7129.397898674011   O
7130.769437074661   I
7131.293080568314   91
7134.293084621429   103
7137.293085813522   102
7140.293086051941   101
7143.293086528778   100
7146.293083667755   88
7149.293085098267   87
7152.2930862903595   86
7155.293073892593   98
7158.293081045151   99
7161.293081521988   111
7164.2930727005005   110
7167.293065786362   122
7170.293068408966   123
7170.29394197464   F
7173.149713039398   O
7173.292658805847   124
7175.9192943573   I
7176.119553089142   O
7176.293072462082   136
7178.392652273178   I
7178.564324378967   O
7178.696187496185   I
7179.293082475662   137
7182.293070316315   125
7185.293074846268   113
7188.293081521988   114
7191.293073654175   126
7194.2930743694305   138
7197.293083667755   139
7200.293080568314   127
7200.671167612076   O
7201.124296426773   I
7201.222274303436   O
7201.676059246063   I
7203.293080091476   128
7206.29306435585   116
7209.293083906174   104
7212.29309296608   105
7215.293082952499   117
7218.293080806732   118
7221.293081521988   119
7224.293072462082   120
7227.293085575104   132
7230.293073654175   144
7233.293079853058   143
7236.2930653095245   131
7239.2930862903595   130
7242.293084859848   142
7245.293084383011   141
7248.293084383011   140
7251.293085813522   139
7254.293084859848   138
7257.293084144592   137
7260.293085813522   136
7263.293084383011   135
7266.293082952499   134
7269.293085098267   133
7272.293084859848   121
7275.293082475662   109
7278.293083906174   97
7281.293086051941   85
7284.293083667755   73
7287.293086051941   74
7290.293085575104   75
7293.29308795929   76
7296.293084859848   77
7299.293087005615   89
7302.293086051941   90
7305.293084859848   102
7308.293087005615   103
7311.293088436127   115
7314.293084144592   116
7317.293085336685   104
7320.293087244034   105
7323.293084621429   106
7326.293087244034   107
7329.293086767197   95
7332.2930862903595   83
7335.293087244034   82
7338.293086051941   94
7341.293085336685   93
7344.293087005615   81
7347.293083906174   69
7350.293067932129   70
7353.293073654175   71
7356.2930681705475   72
7359.293085336685   60
7362.293077945709   59
7365.293070554733   58
7368.293080329895   57
7371.293080329895   56
7374.293080806732   55
7377.293062448502   43
7380.293086528778   44
7383.293082952499   45
7386.293080329895   46
7389.293082475662   47
7392.293081045151   35
7395.292682170868   23
7398.293082714081   11
7401.293082475662   12
7404.292669296265   24
7407.293085813522   36
7410.29306769371   48
7413.293066501617   60
7416.293079853058   72
7419.293083906174   84
7422.2930817604065   96
7425.293079137802   84
7428.293081045151   83
7431.293085336685   71
7434.293085098267   70
7437.293083190918   58
7440.29308795929   59
7443.293083190918   47
7446.293085098267   48
7449.2930862903595   36
7452.2930862903595   35
7455.2926778793335   23
7458.293086528778   24
7461.293084621429   12
7464.293084621429   11
7467.293083429337   10
7470.292676925659   22
7473.293084621429   21
7476.293083906174   33
7479.293079853058   34
7479.294035434723   F
7481.2941699028015   O
7482.29265832901   46
7485.293075084686   45
7488.293076038361   44
7488.307582616806   I
7491.293080568314   32
7494.2926597595215   20
7497.293074131012   19
7500.293076753616   31
7503.293076515198   43
7506.293072938919   42
7509.293077468872   41
7512.293083429337   53
7515.293084383011   54
7518.293083667755   55
7521.293080091476   56
7524.293083190918   57
7527.293073654175   69
7530.293084859848   68
7533.294081449509   67
7536.294075250626   79
7536.295015573502   F
7538.11382651329   O
7539.293084144592   80
7539.527935266495   I
7542.293084383011   92
7545.293083906174   93
7548.293083190918   81
7551.293084621429   82
7554.293082952499   94
7557.293083667755   95
7560.2930817604065   96
7563.293083906174   108
7566.293083667755   120
7569.293083429337   108
7572.293083190918   107
7575.293080568314   106
7575.798623323441   O
7576.277432203293   I
7576.332786560059   O
7578.293081521988   118
7578.811078071594   I
7581.293082714081   119
7584.293070793152   131
7587.293074131012   132
7590.293078422546   144
7593.293087005615   143
7596.293084859848   142
7599.293086767197   130
7602.293084383011   129
7605.293083190918   117
7608.293073654175   129
7611.2930743694305   141
7614.293083429337   140
7617.293075323105   128
7620.293074607849   127
7623.293076276779   115
7626.293086051941   114
7629.293085098267   126
7632.293083190918   125
7635.293083667755   124
7638.293084621429   112
7641.293085098267   111
7644.29408621788   110
7647.29407954216   122
7650.294078588486   123
7650.294984817505   F
7650.72335934639   O
7653.293093919754   135
7656.293083429337   134
7658.160205364227   I
7659.2930681705475   133
7662.293080806732   121
7665.293075084686   109
7668.293081521988   97
7671.293084383011   85
7674.293081045151   86
7677.293076753616   98
7680.293082237244   99
7683.293082714081   100
7686.293084144592   112
7689.293085098267   113
7692.293085098267   101
7695.293084144592   89
7698.293081521988   88
7701.293082714081   87
7704.293083906174   75
7707.293085813522   76
7710.2930817604065   64
7711.8323431015015   O
7712.576763629913   I
7713.293083190918   63
7716.293076038361   51
7719.293083429337   39
7722.293084621429   40
7725.293083906174   28
7728.293114185333   27
7731.292677164078   15
7734.293085098267   16
7737.293081521988   17
7740.293080568314   18
7743.293083667755   6
7746.293083906174   5
7749.293085098267   4
7752.293083667755   3
7755.293085813522   2
7758.293083906174   1
7761.292678594589   13
7764.293085098267   14
7767.293083906174   26
7770.293085575104   38
7773.293083667755   50
7776.293083190918   133
7779.293084383011   134
7782.293083429337   135
7785.293079614639   123
7785.294218301773   F
7787.233329296112   O
7787.26159620285   I
7787.307736873627   O
7788.29267168045   122
7788.426424503326   I
7791.293079614639   110
7794.293079614639   109
7797.293076038361   121
7797.988290309906   O
7799.454861402512   I
7800.293075323105   133
7803.293073415756   134
7806.293073415756   135
7809.293080091476   136
7812.293081045151   137
7815.293072938919   138
7818.293074846268   139
7821.2930772304535   140
7824.293080806732   141
7827.293076515198   142
7830.293070793152   130
7833.293075323105   118
7836.293073892593   119
7839.293075799942   120
7842.293080568314   108
7845.293075561523   96
7848.29307103157   84
7851.293071746826   72
7854.293083190918   60
7857.294078588486   59
7860.294076681137   47
7863.294077634811   48
7866.294051408768   36
7869.294075489044   35
7872.2930817604065   23
7875.293082237244   11
7878.293088912964   10
7881.293081521988   9
7884.292663574219   21
7887.293087005615   22
7890.293084859848   34
7890.293963670731   F
7890.8159165382385   O
7893.196621179581   I
7893.292662620544   46
7895.796601772308   O
7896.293083429337   58
7897.350814819336   I
7899.293082475662   70
7900.13645863533   O
7901.151183605194   I
7902.293082952499   71
7905.293082952499   83
7908.293085098267   82
7911.293083190918   81
7914.293081998825   69
7917.293078660965   57
7920.293084621429   56
7923.293086051941   55
7926.293084383011   43
7929.29407787323   42
7932.294076919556   54
7935.294077396393   66
7938.294078111649   67
7941.294068098068   68
7944.294070482254   80
7947.294077396393   79
7947.296664953232   F
7949.309036016464   O
7950.293086051941   78
7950.674336910248   I
7953.293085575104   90
7956.2930862903595   102
7959.2930862903595   101
7962.293083906174   113
7965.2930862903595   125
7968.293085575104   124
7971.293085098267   112
7974.293086051941   111
7977.293083429337   99
7980.293083429337   87
7983.293086051941   86
7986.293081521988   85
7989.293081998825   97
7992.2930862903595   98
7995.293085098267   99
7998.293088436127   100
8001.293081283569   88
8004.293084383011   76
8007.293083667755   64
8010.293085336685   65
8013.293081283569   77
8016.293082237244   89
8019.293084621429   88
8022.293085813522   100
8025.293084383011   101
8028.29308795929   89
8031.293076753616   77
8034.293076992035   78
8037.293080329895   90
8040.293082952499   91
8043.293083906174   92
8046.293082952499   93
8049.293080806732   94
8052.293083429337   95
8055.293082714081   107
8058.293747186661   106
8061.294078111649   105
8064.2940809726715   104
8067.2940762043   103
8070.2940762043   115
8073.294080495834   116
8076.294077157974   117
8079.294066667557   129
8082.294065952301   128
8085.2940673828125   127
8088.294062376022   126
8091.294077634811   114
8094.294077157974   115
8097.294070005417   116
8100.29407787323   104
8103.294078111649   105
8106.294076919556   93
8109.294075250626   94
8112.294078111649   82
8115.295079231262   81
8118.295072078705   69
8121.2950711250305   57
8124.295075416565   45
8127.295079708099   44
8130.295077085495   32
8133.295077800751   33
8136.016913175583   O
8136.044431447983   I
8136.22961640358   O
8136.257170200348   I
8136.295073270798   34
8136.29621386528   F
8136.635572195053   O
8138.699541807175   I
8138.734763383865   O
8139.294060707092   46
8139.348526954651   I
8142.29408788681   O
8142.294209241867   45
8143.744510412216   I
8143.844516038895   O
8143.8804569244385   I
8145.294077396393   44
8148.294078350067   43
8151.294075489044   31
8154.29407787323   30
8157.294078588486   29
8160.294077396393   41
8163.2940793037415   53
8166.294077634811   52
8169.294059038162   40
8172.294067144394   39
8175.2940809726715   27
8178.294063329697   28
8181.293080568314   16
8184.293085336685   15
8187.293067932129   14
8190.293069124222   26
8193.293080329895   38
8196.293081998825   37
8199.29308104515   25
8202.292651414871   13
8205.293078422546   1
8208.293076992035   2
8211.29308462143   3
8213.08722281456   O
8213.271548986435   I
8213.5542242527   O
8214.118681192398   I
8214.293076992035   4
8217.294077396393   5
8220.293081760406   17
8221.161304712296   O
8221.228893995285   I
8221.414221048355   O
8221.441802740097   I
8223.293086767197   18
8226.293084144592   19
8227.761741638184   O
8227.789288520813   I
8227.823504447937   O
8227.851244926453   I
8228.026389360428   O
8228.053951978683   I
8229.293081760406   20
8232.293083667755   8
8235.29308438301   7
8238.293082475662   6
8241.293083667755   5
8244.293081998825   4
8247.292674303055   16
8250.292677640915   28
8253.292677402496   27
8256.292677402496   39
8259.293085336685   51
8262.293085098267   50
8265.293085336685   49
8268.293086767197   61
8271.293088197708   73
8274.29308629036   74
8277.293083429337   62
8280.293085336685   63
8283.293086051941   75
8286.293086528778   87
8289.294080018997   86
8292.29407954216   98
8295.2940762043   110
8298.294082403183   111
8301.294080018997   112
8304.29407787323   113
8307.29407954216   114
8310.294079065323   102
8313.29736661911   103
8316.294077157974   91
8319.294081449509   92
8322.294077634811   80
8325.295078992844   79
8325.296151638031   F
8326.906973838806   O
8327.351734876633   I
8327.399238348007   O
8328.294076681137   67
8331.294078588486   66
8333.252221107483   I
8334.294077634811   65
8337.294067144394   64
8340.294058084488   76
8343.294067382812   75
8346.29406285286   74
8349.294074058533   62
8352.29407954216   63
8355.294066429138   51
8358.294059991837   50
8361.29405760765   38
8364.293084859848   26
8367.29267859459   14
8370.293085575104   15
8373.293083906174   3
8376.293085575104   2
8379.293083906174   1
8382.292677164078   13
8385.29267692566   25
8388.293083429337   37
8391.293086767197   49
8394.293085575104   61
8397.29308438301   73
8400.29308438301   85
8403.293083429337   97
8406.293084859848   109
8409.293086051941   121
8412.293086528778   122
8415.293087244034   123
8415.293993234634   F
8417.291392087936   O
8418.29267668724   124
8418.474041461945   I
8418.529000997543   O
8418.589567422867   I
8421.293083429337   136
8424.293085336685   137
8427.29308104515   125
8430.29308271408   126
8433.29308795929   138
8436.29308104515   139
8439.293084144592   127
8442.293088674545   128
8445.293087244034   140
8448.293085098267   141
8451.29408121109   142
8454.294077634811   130
8457.294079303741   129
8460.294079780579   117
8463.294080495834   118
8466.294078111649   106
8469.294080734253   107
8472.294079303741   119
8475.294065475464   131
8478.294078111649   132
8481.294080972672   131
8484.294089078903   143
8487.294079780579   144
8490.29507803917   143
8493.29507946968   144
8496.295078992844   132
8499.295078516006   120
8502.29507803917   108
8505.295078277588   96
8508.29507780075   95
8511.295080661774   83
8514.295078992844   84
8517.296132087708   72
8520.296089410782   71
8523.296263933182   70
8526.296086788177   58
8529.296088695526   59
8532.296132087708   60
8535.296111106873   48
8538.296133756638   47
8541.296089172363   35
8544.296150922775   36
8547.295080423355   24
8550.295078754425   12
8553.29507780075   11
8556.295077323914   12
8559.294079780579   24
8562.29407954216   23
8565.294066905975   22
8568.29405593872   10
8571.294064044952   9
8574.29306602478   21
8577.293072223663   33
8580.293072223663   32
8581.694939374924   O
8581.722501039505   I
8581.783377170563   O
8581.871564149857   I
8583.293073892593   31
8584.495694875717   O
8585.571928977966   I
8585.62742805481   O
8585.66231417656   I
8586.292651414871   19
8589.293067932129   20
8592.293061733246   8
8595.293071269989   7
8598.293068170547   6
8601.292652845383   18
8604.292680978775   17
8607.293088912964   29
8610.293083190918   30
8613.293084859848   42
8616.293084144592   41
8619.294079780579   40
8622.294076442719   52
8625.294074296951   53
8628.294080018997   54
8631.296088695526   55
8634.297091245651   56
8637.29709148407   68
8640.296122074127   12
8643.296113014221   11
8646.296087026596   10
8649.29507803917   22
8652.295078516006   23
8655.295079231262   35
8658.295078754425   36
8661.294077634811   24
8664.295721530914   12
8667.296089172363   11
8670.296088695526   10
8673.296088695526   9
8676.296087503433   8
8679.296088933945   7
8682.296088457108   6
8685.296089410782   5
8688.296088695526   4
8691.296111345291   3
8694.295077085495   15
8697.295078992844   27
8700.296089410782   26
8703.296114683151   25
8706.296086072922   37
8709.29608464241   49
8712.296088218689   61
8715.296126127243   73
8718.296114444733   85
8721.29611492157   86
8724.296151399612   98
8727.296089172363   97
8730.2960896492   109
8733.296133041382   110
8736.296089410782   122
8739.296087503433   134
8742.296088933945   135
8745.296114683151   136
8748.296088933945   124
8751.2961165905   123
8751.297142982483   F
8751.821446180344   O
8754.295077085495   111
8757.295078516006   99
8760.29507803917   87
8763.295078516006   75
8763.714167118073   I
8763.727632761002   O
8763.817345380783   I
8763.846031665802   I
8766.295076608658   74
8768.951779842377   O
8769.295077085495   62
8770.261383771896   I
8772.295080184937   63
8775.295078992844   64
8778.295076608658   76
8781.29508113861   88
8784.295081615448   89
8787.295078277588   90
8790.2950797081   102
8793.295079946518   103
8796.295076847076   91
8799.295080900192   79
8799.296205997467   F
8800.87703871727   O
8801.472709178925   I
8801.644968509674   O
8802.186666965485   I
8802.240061283112   O
8802.295057296753   78
8803.93174958229   I
8805.295078992844   77
8808.295078754425   65
8811.29507946968   66
8814.295078516006   67
8817.29507780075   55
8820.295078754425   43
8823.295078992844   44
8826.294078350067   32
8829.293085098267   20
8832.293080806732   21
8835.293083429337   33
8838.293084144592   34
8838.293970823288   F
8839.111035823822   O
8841.29267668724   46
8841.42273592949   I
8841.524247646332   O
8841.710217475891   I
8844.293083906174   58
8847.293086767197   59
8850.293083667755   60
8853.293084859848   48
8856.293087482452   47
8859.29308629036   46
8862.29308438301   45
8865.293085575104   57
8868.293063879013   69
8871.293071985245   81
8874.293085098267   80
8877.2930829525   68
8880.29307937622   56
8883.293079853058   57
8886.293079137802   45
8889.293066740036   44
8892.293064594269   56
8895.29308104515   68
8898.293079137802   67
8901.293084144592   55
8904.293083906174   54
8907.293082475662   53
8910.29308438301   52
8913.293080568314   51
8916.293080568314   50
8919.293078899384   38
8922.29308271408   39
8925.293070316315   40
8928.2930829525   41
8931.29308271408   42
8934.29308462143   30
8937.293087244034   29
8940.293085575104   28
8941.887489557266   O
8942.631212949753   I
8942.77101945877   O
8942.798579216003   I
8942.917763710022   O
8942.945370197296   I
8943.29267168045   16
8946.292676448822   17
8949.293086767197   18
8950.23795247078   O
8950.266146421432   I
8952.293085575104   19
8954.964700698853   O
8954.992226600647   I
8955.293078184128   31
8958.05211520195   O
8958.272379398346   I
8958.293056726456   30
8958.303275585175   O
8958.927050352097   I
8961.293084859848   29
8964.293085575104   41
8967.293086051941   40
8970.293081760406   52
8973.293083906174   51
8976.293081998825   63
8979.29308462143   64
8982.293084859848   76
8985.293085098267   88
8988.293087244034   100
8991.29308629036   101
8994.293086051941   113
8997.293085098267   112
9000.293087720871   111
9003.29308462143   99
9006.29308438301   100
9009.293084859848   101
9012.293086528778   102
9015.293084859848   114
9018.29308462143   115
9021.293084859848   116
9024.293086528778   104
9027.2930829525   92
9030.293086528778   93
9033.293082237244   105
9036.293085575104   106
9039.293086051941   118
9042.293086528778   117
9044.249360084534   O
9044.276883125305   I
9045.2930829525   129
9048.293085813522   130
9051.293085575104   131
9054.293087244034   119
9057.293085098267   107
9060.293080568314   108
9063.293080806732   120
9066.29308128357   132
9069.293068647385   144
9072.293085336685   143
9075.293084144592   142
9078.29308438301   141
9081.294079303741   140
9084.294089317322   128
9087.29407954216   127
9090.29407954216   126
9093.294077634811   125
9096.294079065323   137
9099.29407954216   138
9102.294079303741   139
9105.294080018997   140
9108.294077157974   141
9111.294079780579   129
9114.294080257416   117
9117.294078111649   118
9120.294078588486   106
9123.294078588486   94
9126.294078111649   95
9129.294076919556   96
9129.986166477203   O
9130.491760730743   I
9132.294065952301   84
9135.294075489044   72
9138.29407954216   71
9141.294078350067   83
9144.298295974731   82
9146.828618049622   O
9147.02480840683   I
9147.298087120056   70
9150.298089027405   58
9153.299094676971   59
9156.29909324646   47
9159.299093484879   35
9162.299095630646   34
9162.300165176392   F
9164.304489850998   O
9165.29809308052   33
9165.350376844406   I
9167.719209909439   O
9168.299086332321   32
9169.148784399033   I
9171.299093723297   31
9174.29909324646   43
9177.30008840561   42
9180.300090312958   54
9183.300096273422   53
9186.300091028214   65
9189.300086736679   66
9192.300089359283   78
9195.300090312958   79
9195.301163434982   F
9197.108904600143   O
9198.29909324646   80
9198.974105596542   I
9201.299092292786   81
9204.299093008041   69
9207.299092054367   70
9210.299090862274   71
9213.299088954926   83
9216.299092054367   82
9219.299094676971   94
9222.299092054367   95
9225.299092292786   107
9228.299094676971   119
9231.299095392227   131
9234.29909157753   130
9237.299093484879   142
9240.299091339111   143
9243.299090623856   144
9246.299088716507   132
9249.299093961716   120
9252.299093008041   108
9255.299095153809   96
9258.299092292786   84
9261.299090862274   72
9264.306308746338   60
9267.30608844757   48
9270.30511045456   36
9273.30408859253   24
9276.304089546204   23
9279.304092884064   22
9282.304089784622   21
9285.304089307785   9
9288.304087400436   8
9291.303092718124   20
9294.303093671799   19
9297.303091526031   7
9300.303092718124   6
9301.59524679184   O
9301.960854530334   I
9303.302091360092   18
9306.302088022232   17
9309.302089691162   5
9312.30209159851   4
9315.302088975906   3
9318.301093101501   15
9321.301093816757   16
9324.301095485687   28
9327.301093578339   27
9330.301085472107   39
9333.30109167099   38
9336.300088882446   26
9339.299092054367   14
9342.299092292786   13
9345.299094200134   14
9348.299093723297   2
9351.299093484879   1
9354.299091339111   2
9357.299093008041   1
9360.298087358475   13
9363.298088550568   25
9366.29808974266   37
9369.298087120056   49
9372.298089504242   50
9375.298088788986   62
9378.298089504242   61
9381.298091173172   73
9384.298093557358   74
9387.29808807373   75
9390.298085927963   87
9393.299094676971   86
9396.299094676971   85
9399.299089670181   97
9402.300090551376   98
9405.300089120865   110
9408.300089359283   109
9411.300091028214   121
9414.30009150505   133
9417.30008983612   134
9420.30009174347   133
9422.400921344757   O
9423.118943929672   I
9423.1717004776   O
9423.269088745117   I
9423.3000664711   121
9426.300089359283   122
9429.30008816719   123
9429.301179409027   F
9431.200637340546   O
9432.29909157753   135
9434.620600938797   I
9435.299088716507   136
9438.299093723297   124
9441.299095630646   112
9444.299093484879   113
9447.299091815948   114
9450.299094200134   126
9453.299095392227   125
9456.299093961716   137
9459.300091028214   138
9462.30008983612   139
9465.30008983612   127
9468.30009007454   128
9471.300086259842   116
9474.300086259842   115
9477.300089597702   103
9480.30009174347   104
9483.30009007454   105
9486.30008816719   93
9489.300090789795   92
9492.30008840561   91
9495.30008840561   90
9498.300090789795   89
9501.300091266632   77
9504.300498962402   144
9507.301094293594   132
9508.594787359238   O
9508.622354984283   I
9509.016877412796   O
9509.053476572037   I
9510.30109333992   120
9513.301095962524   108
9516.301095247269   107
9519.301092624664   95
9522.301092624664   96
9525.301092624664   84
9528.301093578339   72
9531.301094770432   60
9534.301090955734   48
9537.300088882446   36
9540.299093008041   24
9543.299092054367   12
9546.299094438553   11
9549.298090457916   23
9552.29808807373   22
9555.298088312149   10
9558.298089265823   9
9561.297091007233   21
9564.301784992218   33
9567.302091121674   45
9570.303092002869   44
9573.303094148636   56
9576.303093671799   57
9579.303094387054   69
9582.303093671799   70
9585.303092956543   82
9588.303092956543   81
9591.303094625473   80
9594.303093910217   79
9594.304124832153   F
9596.468941926956   O
9597.302087306976   91
9600.302089691162   103
9600.947476387024   I
9603.302091360092   102
9606.302090168   114
9609.302088737488   115
9612.302089691162   116
9615.302088975906   128
9618.30209183693   129
9621.302089214325   117
9624.302093029022   118
9627.302089214325   130
9630.302089691162   131
9633.302089214325   143
9636.302088975906   142
9639.302088975906   141
9642.302090406418   140
9645.302088737488   139
9648.302090168   138
9651.302090406418   137
9652.446951150894   O
9653.102388620377   I
9653.178947687149   O
9653.20982170105   I
9654.302091121674   125
9657.302088022232   124
9660.302092552185   136
9663.302090644836   135
9666.302088737488   134
9669.30209350586   133
9672.302092790604   121
9675.30208826065   109
9678.302085399628   97
9681.302090406418   98
9684.302092313766   110
9687.302089691162   122
9690.302090406418   123
9690.303139686584   F
9692.320460557938   O
9693.301091432571   111
9693.561769247055   I
9693.771787166595   O
9693.865698099136   I
9696.301087379456   99
9699.301089525223   100
9702.301067590714   88
9705.301088571548   89
9708.30108499527   77
9711.301092624664   65
9714.301089286804   64
9717.301091432571   76
9720.301095247269   75
9723.30109333992   87
9726.301087141037   86
9729.301070213318   74
9732.301067113876   62
9735.301070451736   50
9738.301065206528   38
9741.302074193954   37
9744.302077531815   49
9747.30206489563   61
9750.302085876465   73
9753.302085876465   85
9756.302088975906   97
9759.302089691162   109
9762.30208992958   110
9765.302089214325   111
9768.30209183693   112
9771.302090168   113
9774.302089214325   101
9777.302090406418   100
9780.302088737488   112
9783.30209159851   113
9786.30208849907   114
9789.302093029022   126
9792.302089214325   127
9795.302088737488   115
9798.30208849907   103
9801.302089214325   104
9804.302096128464   105
9807.302088975906   93
9810.302089452744   92
9813.302092313766   80
9816.30208683014   68
9819.302089452744   67
9822.302088737488   55
9825.302089214325   54
9828.302090883255   66
9831.302089691162   78
9834.30209183693   90
9837.303093671799   91
9840.303092241287   92
9843.303092002869   104
9846.303092956543   116
9849.304091453552   117
9852.304093122482   105
9855.304089307785   106
9858.304092168808   94
9861.304088830948   93
9864.30408859253   81
9867.304089069366   82
9870.304093122482   83
9873.304087877274   71
9876.30408835411   59
9879.304088830948   58
9882.304089069366   46
9885.304089069366   47
9885.784520864487   O
9886.002754688263   I
9888.303092002869   35
9891.303094387054   34
9891.304175138474   F
9893.13644361496   O
9894.282009601593   I
9894.295894145966   O
9894.302060604095   33
9894.397453784943   I
9897.30208849907   32
9900.301094055176   20
9903.301093578339   8
9906.30109167099   7
9909.300088644028   19
9912.30008983612   18
9915.30008816719   6
9918.301093578339   5
9921.300303459167   17
9924.308201789856   16
9927.308089256287   4
9930.308091402054   3
9933.307090759277   15
9936.30808877945   14
9939.30808877945   2
9942.308087825775   1
9945.3070936203   13
9948.307124137878   25
9951.307094812393   26
9954.307094335556   27
9957.307091236115   39
9960.307094097137   51
9963.307948112488   52
9966.308091402054   40
9969.30809044838   41
9972.308089733124   42
9975.30808877945   43
9978.3070936203   31
9981.3070936203   30
9984.307098150253   29
9987.307093381882   28
9990.307093858719   27
9993.30709028244   39
9996.307093858719   40
9999.307567358017   52
10002.307093858719   53
10005.307093858719   41
10008.30808711052   42
10011.309090852737   43
10014.309092760086   44
10017.308087348938   32
10020.308087348938   20
10023.308377504349   8
10026.30808877945   7
10029.308089494705   6
10032.30708360672   18
10035.30708861351   19
10038.307093381882   31
10041.307085752487   30
10044.310871124268   29
10047.31107378006   28
10050.310073852539   16
10053.310076713562   17
10056.31006526947   5
10059.310062170029   4
10062.310078382492   3
10065.30909204483   15
10068.31007552147   14
10071.310076236725   2
10074.310078144073   1
10077.309090137482   13
10080.309089660645   25
10083.30909371376   26
10086.309092521667   38
10089.309092760086   37
10092.309093475342   49
10095.309092521667   50
10098.309092998505   51
10101.309093952179   63
10104.30909371376   64
10107.309089899063   63
10110.309088468552   75
10113.309091806412   74
10116.30908536911   62
10119.30908703804   61
10122.309083223343   73
10125.309091567993   85
10128.309094429016   86
10131.309094429016   98
10134.309094190598   99
10137.309092283249   87
10140.309094429016   88
10143.30912399292   76
10146.309122800827   77
10149.309094190598   89
10152.309095859528   101
10155.309094905853   102
10158.309093475342   90
10161.309089422226   78
10164.309090614319   79
10164.311601161957   F
10165.711490869522   O
10167.308087348938   67
10170.308092594147   66
10170.506814956665   I
10170.58458685875   O
10173.308092594147   65
10174.566354990005   I
10176.308090925217   53
10179.30808854103   54
10182.308089256287   55
10185.308091402054   56
10187.98777103424   O
10188.015291929245   I
10188.308086156845   68
10191.308094739914   69
10194.308090686798   70
10197.30809044838   71
10200.308089017868   83
10203.30809211731   95
10206.308089733124   94
10209.308093070984   106
10212.308091640472   118
10215.309090852737   119
10218.3090903759   107
10221.309090614319   119
10224.309093475342   131
10227.309094905853   130
10230.309092998505   129
10233.309094667435   128
10236.310077667236   127
10239.31007862091   126
10242.310077428818   125
10245.310075759888   124
10248.310060739517   123
10248.310939311981   F
10250.361944198608   O
10251.309077978134   122
10254.309081315994   121
10255.56403517723   I
10257.309080123901   133
10260.309069395065   134
10263.309079170227   135
10266.309075593948   136
10269.309069395065   137
10272.30907034874   138
10275.30907201767   139
10278.309070110321   140
10281.309070825577   141
10284.309078454971   142
10287.309076070786   143
10290.309069633484   144
10292.923640727997   O
10293.244942426682   I
10293.309062242508   132
10296.309070110321   120
10299.309067487717   108
10301.616894245148   O
10302.309075832367   96
10303.09803199768   I
10305.309088468552   84
10308.309091806412   72
10311.309084892273   60
10314.309069871902   59
10317.30907034874   47
10320.309093952179   48
10323.308089017868   36
10326.30808520317   35
10329.30708694458   23
10332.307090759277   24
10335.30709195137   12
10338.309348106384   11
10341.310077905655   10
10344.310074090958   9
10347.309091567993   21
10350.309092760086   22
10353.309097290039   34
10353.313152074814   F
10354.436611413956   O
10355.988349199295   I
10356.308090209961   46
10359.308090686798   45
10362.30809044838   57
10365.308046579361   end
