Reward Zones: [118, 67, 15]
6.318092346191406e-05   144
3.0000874996185303   132
6.000076055526733   131
9.000090599060059   143
12.0000901222229   142
15.000089883804321   130
18.000083446502686   129
21.00008726119995   141
24.00008988380432   140
27.000091552734375   128
30.000089645385742   116
33.00007772445679   117
36.00008821487427   105
39.00009083747864   104
42.00008964538574   103
45.00009226799011   115
48.00007510185242   127
51.00007510185242   139
54.00007700920105   138
57.000075578689575   137
60.00007605552673   125
63.00008416175842   126
66.00007748603821   114
69.0000901222229   113
72.00008749961853   112
75.00008368492126   111
78.00008416175842   99
81.00107383728027   98
84.00108647346497   86
87.00109028816223   87
90.00108790397644   88
93.00108742713928   89
96.00108885765076   90
99.00108885765076   102
102.00108671188354   101
105.00109076499939   100
108.00109028816223   112
111.0010895729065   124
114.00108981132507   136
117.00108981132507   135
120.00108742713928   123
123.00108766555786   122
126.00109052658081   134
129.00109028816223   133
132.00108909606934   121
135.0010895729065   109
138.0010883808136   97
141.00109004974365   85
144.00108742713928   73
147.00108933448792   61
150.00108766555786   62
153.00108456611633   74
156.00108766555786   75
159.00108861923218   76
162.00107622146606   77
165.0010735988617   65
168.00107598304749   66
171.001074552536   67
171.00212597846985   F
174.0020740032196   68
175.83714509010315   O
177.0020775794983   80
180.00207495689392   81
180.9891209602356   I
181.15170907974243   O
181.22782492637634   I
181.3506236076355   O
181.39192509651184   I
181.55849266052246   O
181.63781094551086   I
182.16332006454468   O
182.27428364753723   I
182.31301188468933   O
182.63156414031982   I
182.65961575508118   O
182.8088879585266   I
183.00208854675293   69
183.10810375213623   O
184.74156761169434   I
185.04013514518738   O
185.39136266708374   I
185.81906247138977   O
185.86825704574585   I
186.00306940078735   57
189.00406455993652   45
190.1108832359314   O
190.86737394332886   I
190.967679977417   O
192.00407528877258   44
192.7580931186676   I
195.004075050354   43
198.0050709247589   55
199.00740337371826   O
201.00507426261902   54
201.6504373550415   I
201.82064843177795   O
201.8482427597046   I
201.94471883773804   O
202.03240489959717   I
202.1965947151184   O
202.53052425384521   I
204.00608038902283   42
207.0070879459381   30
210.00708746910095   29
213.00808024406433   41
216.0080919265747   40
219.0090799331665   28
222.01007628440857   16
224.6962010860443   O
225.0100803375244   17
225.5311164855957   I
226.44496965408325   O
226.7931764125824   I
226.99566435813904   O
227.63618326187134   I
228.01108646392822   5
231.0110855102539   4
234.0110764503479   3
235.79376912117004   O
237.0110878944397   2
237.4425687789917   I
240.0110719203949   1
243.01208591461182   13
246.01208972930908   14
249.01208424568176   15
249.01388669013977   F
250.41068243980408   O
252.01308631896973   27
253.4400143623352   I
253.78651666641235   O
254.297349691391   I
254.33882975578308   O
254.4539031982422   I
254.52049088478088   O
255.0140826702118   39
255.44617819786072   I
256.6091284751892   O
257.1228129863739   I
257.24124574661255   O
257.3030381202698   I
257.39751148223877   O
257.78660678863525   I
257.84725975990295   O
258.01408314704895   38
258.66414070129395   I
258.9785315990448   O
259.41723895072937   I
260.9719214439392   O
261.0150637626648   26
261.82989978790283   I
262.1245095729828   O
262.18595480918884   I
262.5001451969147   O
263.22211837768555   I
264.01508593559265   25
266.34080362319946   O
267.01608395576477   37
267.7217354774475   I
270.017080783844   49
273.0170867443085   50
275.8687071800232   O
276.01708698272705   51
276.35529470443726   I
279.0170900821686   52
282.01708602905273   53
285.01808857917786   65
288.0180904865265   64
291.0180923938751   63
294.0180833339691   75
297.01808404922485   76
299.7349193096161   O
300.018084526062   64
301.5879304409027   I
303.01808977127075   63
306.01908802986145   51
309.02007722854614   52
312.02007365226746   53
315.0200734138489   54
317.8508460521698   O
317.9150547981262   I
318.0210690498352   42
318.0976002216339   O
318.9115924835205   I
321.0210745334625   43
324.0220878124237   31
327.02308654785156   19
330.02308654785156   20
333.0230875015259   21
336.024090051651   22
339.02406454086304   23
341.7408661842346   O
342.0240762233734   35
342.62739181518555   I
343.3782298564911   O
343.4495937824249   I
345.02506017684937   47
348.0250723361969   48
351.0260639190674   60
354.026082277298   59
357.02705931663513   71
360.0270640850067   70
363.02808809280396   58
366.0290570259094   46
369.0300712585449   34
372.0300874710083   33
375.0300896167755   32
378.0310866832733   44
381.03208899497986   56
384.0320873260498   57
387.0330882072449   45
390.0340611934662   33
393.03408455848694   32
396.03409481048584   31
399.0340766906738   30
402.03507256507874   18
405.03607296943665   6
408.03608417510986   7
411.03608417510986   8
414.0360839366913   9
417.0360884666443   10
420.0360760688782   11
423.0360891819   12
426.03704929351807   24
429.03707480430603   36
432.03806495666504   48
435.0390856266022   60
438.0400905609131   72
441.0400860309601   84
444.040087223053   96
447.0400948524475   95
450.04008984565735   83
453.0400893688202   82
456.0400857925415   94
459.0400860309601   106
462.0410826206207   118
462.0421757698059   F
465.003625869751   O
465.0420837402344   119
468.04209208488464   120
468.50521063804626   I
471.042094707489   108
474.04209089279175   107
477.0420904159546   106
478.9786720275879   O
480.0420925617218   118
480.0436022281647   O
480.04348063468933   F
483.04308676719666   117
486.04309821128845   116
486.40433645248413   I
486.4756977558136   O
487.13252663612366   I
487.41394567489624   O
489.04409766197205   115
490.1647446155548   I
492.04409408569336   103
495.0441074371338   91
498.04507279396057   92
501.04508996009827   93
504.0450897216797   94
507.04506826400757   82
508.1700527667999   O
510.0450670719147   70
511.8531560897827   I
513.0460622310638   58
516.0470588207245   46
517.7160849571228   O
519.0470712184906   47
520.1180322170258   I
522.0480659008026   59
525.0490641593933   71
528.049066066742   72
528.6650278568268   O
529.5614659786224   I
531.0490620136261   84
534.0490894317627   83
537.0490877628326   95
540.0490906238556   96
543.0490884780884   108
546.0490882396698   107
547.53187084198   O
549.0500922203064   119
549.434431552887   I
551.4806962013245   O
552.0510838031769   120
552.6504085063934   I
555.051087141037   132
558.0520899295807   144
559.2426421642303   O
559.9662475585938   I
561.0520858764648   143
564.0520894527435   131
567.0520915985107   130
570.0520906448364   142
573.0520904064178   141
576.052090883255   129
579.0520906448364   128
582.0520770549774   140
585.0520915985107   139
588.052088022232   127
591.0520918369293   126
594.0520906448364   138
597.0520927906036   137
600.0521318912506   125
603.0520894527435   113
606.0520896911621   114
609.0520899295807   102
612.052089214325   90
615.0520875453949   91
618.0520901679993   79
621.0520911216736   67
621.0531430244446   F
622.4225196838379   O
624.0530788898468   55
626.8247196674347   I
627.0530776977539   56
627.4828979969025   O
628.5572302341461   I
630.0540733337402   68
633.0550773143768   69
636.0560891628265   81
636.9026074409485   O
637.1325995922089   I
637.3814322948456   O
638.5997695922852   I
639.0560896396637   93
642.0560908317566   105
645.0560903549194   104
648.0560884475708   92
651.0560872554779   80
654.0560879707336   79
657.0570890903473   78
660.0570857524872   66
663.058069229126   78
666.0580899715424   77
669.0580685138702   89
672.0580797195435   101
675.0580742359161   100
678.0580666065216   88
681.058087348938   87
684.0580921173096   99
687.0590879917145   111
690.059088230133   110
693.0590858459473   98
696.0590870380402   110
699.0590872764587   122
702.0590891838074   123
705.0590875148773   124
708.0590879917145   136
711.0590884685516   135
714.0590887069702   134
717.0590884685516   133
720.0590863227844   121
723.0590887069702   109
726.0590856075287   97
729.0590732097626   85
732.0590813159943   86
735.0590825080872   74
738.0590763092041   73
741.0590856075287   61
744.0590751171112   62
747.0600860118866   50
750.0600924491882   49
753.061083316803   37
756.0610868930817   38
759.0620830059052   26
762.0620880126953   25
765.0630860328674   13
768.0640873908997   1
771.0640919208527   2
774.0650973320007   14
777.0650889873505   15
777.0665323734283   F
778.5117909908295   O
780.0660812854767   3
780.3119487762451   I
783.0660915374756   4
786.0670895576477   16
789.0670893192291   28
792.0670900344849   27
795.0680921077728   39
798.0680902004242   40
801.0683701038361   41
804.070075750351   29
807.071076631546   17
810.0720896720886   5
813.0730879306793   6
816.0740885734558   18
819.0740959644318   19
822.075085401535   7
822.3551151752472   O
823.7202048301697   I
825.0750892162323   8
825.7364361286163   O
826.1488935947418   I
827.8114278316498   O
828.076092004776   20
828.6093363761902   I
831.0760912895203   21
834.077086687088   9
837.0770864486694   10
840.0780665874481   22
843.0780930519104   23
846.0790863037109   11
849.0790820121765   12
852.0800778865814   24
855.0800879001617   36
858.0800902843475   35
861.0800895690918   34
864.0810914039612   1
867.0820918083191   13
869.216094493866   O
870.0820922851562   14
870.8181703090668   I
873.083083152771   2
876.0830731391907   3
879.084086894989   15
879.0851621627808   F
881.4438714981079   O
882.0850865840912   16
885.0860781669617   4
887.1321687698364   I
887.9043972492218   O
888.0860872268677   5
889.6395635604858   I
890.8960280418396   O
891.087055683136   17
891.1080975532532   I
891.2149662971497   O
891.2547590732574   I
891.4209394454956   O
892.2270834445953   I
892.4499316215515   O
892.5436143875122   I
892.7913019657135   O
893.3291311264038   I
894.0870788097382   29
894.290251493454   O
894.3904247283936   I
897.0870778560638   28
900.0880689620972   40
903.0880763530731   41
906.0880765914917   42
909.0890874862671   30
912.0900917053223   18
915.0910875797272   6
918.0910882949829   7
921.0910909175873   8
924.0920877456665   20
927.0920903682709   19
930.0920836925507   31
933.0920877456665   32
936.0924546718597   33
939.0920913219452   34
942.0930886268616   46
945.0930871963501   47
948.0940871238708   59
951.0940845012665   58
954.0950682163239   57
957.0950753688812   56
958.5261492729187   O
959.9156889915466   I
960.096067905426   55
963.0970728397369   43
966.0970878601074   44
969.0970876216888   45
972.0980761051178   33
975.0990738868713   21
978.1000804901123   9
981.1000683307648   10
984.1010849475861   22
987.1010901927948   23
990.1020758152008   11
993.1020803451538   12
996.1030778884888   24
999.1030797958374   36
1000.4156746864319   O
1002.1040561199188   48
1003.2997713088989   I
1003.4585626125336   O
1004.2908344268799   I
1005.1050686836243   60
1008.1060869693756   72
1011.1070747375488   84
1014.1070883274078   83
1014.3007464408875   O
1015.0601654052734   I
1015.2146952152252   O
1015.2815632820129   I
1015.5971488952637   O
1016.9125320911407   I
1017.1080808639526   71
1020.1080923080444   70
1023.1090700626373   69
1026.109090089798   68
1029.1100902557373   80
1032.1100919246674   79
1035.1100902557373   78
1038.110092163086   77
1041.111087322235   65
1044.1110894680023   64
1047.1120915412903   76
1050.1120920181274   88
1053.1130888462067   100
1056.1130900382996   101
1059.1130905151367   102
1062.1140913963318   90
1065.1150903701782   91
1068.1160941123962   103
1071.116711616516   115
1074.1170945167542   116
1077.1170902252197   104
1080.1170933246613   105
1083.1170871257782   117
1086.1170899868011   129
1089.1170856952667   128
1092.117091178894   140
1095.1170859336853   141
1098.1170907020569   142
1101.1170890331268   143
1104.1170907020569   144
1107.1170887947083   132
1110.118180513382   131
1113.1180906295776   130
1116.1180806159973   118
1116.1195147037506   F
1118.1300022602081   O
1119.1180827617645   106
1121.640213727951   I
1121.9289407730103   O
1122.1180691719055   107
1122.2671020030975   I
1122.3037314414978   O
1122.3698461055756   I
1125.1180818080902   119
1128.1180820465088   120
1131.1180799007416   108
1134.1180901527405   96
1134.7467865943909   O
1136.647180557251   I
1137.1180894374847   95
1140.1188116073608   94
1143.1180880069733   93
1146.1180922985077   92
1149.1180922985077   80
1152.1180822849274   81
1155.1180801391602   82
1158.118091583252   70
1161.118089914322   69
1164.118092060089   81
1167.1190903186798   82
1170.1190888881683   94
1173.1190888881683   93
1176.1190884113312   92
1179.119087934494   91
1182.1190917491913   103
1185.1200790405273   102
1188.1200795173645   114
1191.120078086853   126
1194.1200816631317   125
1197.1200802326202   124
1200.120079755783   123
1203.1200785636902   122
1206.1200778484344   110
1209.120079755783   98
1212.120080947876   97
1215.1200771331787   85
1218.1200790405273   86
1221.1200771331787   74
1224.120080947876   75
1227.120078086853   87
1230.120078086853   99
1233.120079278946   111
1236.120079755783   112
1239.1200766563416   113
1242.1200687885284   101
1245.1200609207153   89
1248.1200654506683   88
1251.1200778484344   100
1254.1200623512268   112
1257.1200685501099   113
1260.1200799942017   114
1263.1200799942017   115
1266.1200773715973   127
1269.120084285736   139
1272.1200788021088   138
1275.120079755783   137
1278.1200804710388   136
1281.1200788021088   135
1284.1200773715973   134
1287.121081829071   133
1290.1210725307465   121
1293.1210658550262   109
1296.1210787296295   97
1299.1210691928864   85
1302.1210751533508   73
1305.1210730075836   61
1308.121069908142   49
1311.1210782527924   50
1314.1210794448853   62
1317.121074438095   63
1320.121068239212   51
1323.1210677623749   39
1326.1210761070251   27
1329.1210689544678   26
1332.1210768222809   25
1335.1210777759552   37
1338.1210799217224   38
1341.1210782527924   39
1344.1210777759552   27
1347.1210787296295   28
1350.1210787296295   29
1353.1210782527924   30
1356.1210787296295   42
1359.1210658550262   54
1362.1210675239563   53
1365.1210701465607   52
1368.1210787296295   51
1371.121078968048   63
1374.1210782527924   75
1377.1210794448853   87
1380.121078491211   99
1383.121077299118   98
1386.1210737228394   86
1389.121074438095   74
1392.1210713386536   73
1395.1210796833038   61
1398.121080160141   62
1401.1210782527924   50
1404.1210792064667   49
1407.121080160141   37
1410.1210806369781   38
1413.1210803985596   26
1416.1220920085907   25
1419.122092962265   13
1422.1220910549164   1
1425.1220927238464   2
1428.1220903396606   14
1431.122089624405   15
1431.1235101222992   F
1433.4693987369537   O
1433.4969251155853   I
1433.5527312755585   O
1434.1220679283142   3
1435.0981526374817   I
1435.1605558395386   O
1435.5858356952667   I
1437.1220786571503   4
1440.122081041336   16
1443.122076511383   17
1446.1220631599426   5
1449.1220769882202   6
1452.1220788955688   18
1455.1220779418945   19
1458.122064590454   7
1461.1220722198486   8
1464.1220824718475   20
1467.1220767498016   32
1470.1220695972443   31
1473.1220722198486   43
1476.1220746040344   55
1479.1220757961273   54
1482.122064590454   66
1485.1220707893372   78
1488.1220772266388   90
1491.1220917701721   89
1494.1220631599426   77
1497.1220936775208   76
1500.1220905780792   64
1503.1220903396606   52
1506.1220881938934   40
1509.124775648117   41
1512.1250898838043   53
1515.1250891685486   65
1518.125090122223   66
1521.1250908374786   67
1521.1261491775513   F
1523.0266366004944   O
1524.1250894069672   79
1525.0571155548096   I
1527.1260941028595   67
1527.1272614002228   F
1528.1485300064087   O
1528.1760306358337   I
1528.1865599155426   O
1530.1260941028595   68
1530.1536655426025   I
1533.1260921955109   56
1536.1260914802551   44
1539.1260895729065   45
1539.1328873634338   O
1539.2605555057526   I
1539.3239810466766   O
1541.2979352474213   I
1542.1260874271393   57
1545.1260933876038   58
1548.1260936260223   46
1551.1260929107666   34
1554.1270899772644   35
1557.1270952224731   47
1560.12708568573   35
1563.1270878314972   23
1566.1270911693573   22
1569.1270911693573   21
1572.1270883083344   9
1575.1270897388458   10
1578.1270933151245   11
1581.1270852088928   12
1584.1270830631256   24
1587.1270699501038   36
1590.1270847320557   48
1593.1271064281464   60
1596.1270723342896   59
1599.1270866394043   71
1602.1270871162415   72
1605.1270818710327   84
1608.1270878314972   83
1611.1270914077759   95
1614.1270911693573   96
1617.1270880699158   108
1620.1270909309387   107
1620.691733598709   O
1621.983467578888   I
1622.3713910579681   O
1622.478895664215   I
1623.1270847320557   119
1626.1270940303802   120
1629.1270701885223   132
1632.1270871162415   144
1635.1280930042267   143
1638.1281039714813   131
1641.1280913352966   130
1644.1280899047852   142
1647.1280920505524   141
1650.1280901432037   129
1653.1280896663666   117
1656.1280925273895   118
1656.1292576789856   F
1658.3829636573792   O
1659.1280870437622   106
1660.0779185295105   I
1660.115460395813   O
1660.201875925064   I
1660.5751595497131   O
1660.9146258831024   I
1661.037542104721   O
1661.2116770744324   I
1662.1290876865387   105
1662.449064731598   O
1663.3184452056885   I
1665.129090309143   104
1668.1290910243988   116
1671.1290860176086   128
1674.129094362259   140
1677.129093170166   139
1680.1290907859802   127
1683.1290836334229   126
1686.129090309143   138
1689.129094362259   137
1692.129094362259   125
1695.1300129890442   124
1698.1300921440125   136
1701.1300933361053   135
1704.1300914287567   123
1707.1300938129425   122
1710.1300902366638   134
1713.1300914287567   133
1716.1300873756409   121
1719.1300947666168   109
1722.1300945281982   110
1725.1300938129425   111
1728.1300930976868   133
1731.1300871372223   121
1734.1310908794403   122
1737.1310918331146   134
1740.1310913562775   135
1743.131088256836   123
1746.1310894489288   124
1749.131085395813   136
1752.1310846805573   137
1755.1310904026031   125
1758.131073474884   113
1761.131079673767   112
1764.1310803890228   100
1767.1310904026031   101
1770.131094455719   102
1773.1310827732086   114
1776.1310892105103   126
1779.131088256836   138
1782.1310732364655   139
1785.131091117859   140
1788.1310942173004   128
1791.131091117859   127
1794.1310908794403   115
1797.1310765743256   116
1800.131070613861   117
1803.1310908794403   118
1803.1321630477905   F
1805.377944469452   O
1806.1310818195343   106
1807.2178511619568   I
1809.132072210312   107
1812.1320688724518   95
1815.1320688724518   94
1818.1320910453796   93
1821.1320691108704   92
1824.1320765018463   91
1827.1320853233337   103
1830.1320853233337   104
1833.1320900917053   105
1836.132083415985   117
1839.1320905685425   129
1842.132092475891   141
1845.1320931911469   142
1848.132082939148   130
1851.1320888996124   131
1854.1320822238922   143
1857.1320807933807   144
1860.1320884227753   132
1863.1320922374725   120
1866.1320900917053   108
1869.1321058273315   96
1872.132090806961   84
1875.132090806961   72
1878.1320791244507   71
1881.132089138031   83
1884.1320915222168   82
1887.132093667984   81
1890.1320898532867   80
1893.1320896148682   68
1896.1320929527283   67
1896.1368417739868   F
1899.1320898532867   66
1902.1320893764496   65
1905.1320900917053   77
1908.132087469101   76
1911.1320912837982   64
1914.1320941448212   52
1917.132092475891   40
1920.1320910453796   41
1923.132092475891   42
1926.132090806961   54
1929.1321017742157   55
1932.132093667984   43
1935.132094860077   31
1938.132091999054   32
1941.1320910453796   44
1944.132092475891   45
1947.1320884227753   33
1950.132087469101   21
1953.1320917606354   20
1956.1320867538452   8
1959.1320905685425   9
1962.1320915222168   10
1965.132092475891   11
1968.1320986747742   12
1971.1320929527283   24
1974.1320922374725   23
1977.1320934295654   22
1980.132092475891   34
1983.1320912837982   46
1986.132092475891   47
1989.1327586174011   35
1992.1320912837982   36
1995.1320898532867   48
1998.1320900917053   60
2001.1320869922638   59
2004.132087945938   58
2007.1320760250092   57
2010.1320929527283   56
2013.1320798397064   68
2016.1320886611938   69
2019.1320762634277   70
2022.1320762634277   82
2025.1320922374725   81
2028.1320888996124   69
2031.1320929527283   70
2034.132091999054   58
2037.1320917606354   57
2040.1320831775665   56
2043.1320824623108   55
2046.1320786476135   43
2049.1320974826813   42
2052.1320786476135   30
2055.1320791244507   18
2058.1320872306824   17
2061.132080554962   16
2064.1320881843567   15
2064.1335294246674   F
2067.1320838928223   14
2070.1320884227753   26
2073.132093191147   38
2076.132091283798   37
2079.1320922374725   49
2082.1320922374725   50
2085.1320934295654   62
2088.1320905685425   63
2091.1320898532867   51
2094.132092475891   39
2097.1320910453796   27
2100.1320922374725   28
2103.1320922374725   29
2106.132093191147   41
2109.1320950984955   53
2112.132091283798   52
2115.132086992264   40
2118.1320905685425   28
2121.132091999054   29
2124.132091283798   30
2127.132090806961   31
2130.1320898532867   19
2133.1320877075195   7
2136.132090806961   6
2139.132091283798   5
2142.1320900917053   4
2145.132091522217   3
2148.132089614868   2
2151.132090806961   1
2154.132093667984   13
2157.1320929527283   25
2160.13210606575   37
2163.1320853233337   49
2166.1320881843567   61
2169.1320667266846   73
2172.132089138031   85
2175.1320927143097   86
2178.13206410408   74
2181.132068634033   75
2184.1320865154266   87
2187.1320898532867   99
2190.1330733299255   111
2193.1340906620026   110
2196.1340663433075   109
2199.134065389633   97
2202.1340720653534   98
2205.1340663433075   99
2208.134067773819   111
2211.1340670585632   112
2214.134092092514   113
2217.1350898742676   114
2220.135089635849   102
2223.1350893974304   90
2226.1350903511047   89
2229.135512113571   88
2232.1350903511047   87
2235.135087490082   75
2238.135094165802   63
2241.1350858211517   51
2244.135087251663   39
2247.1350915431976   38
2250.1350889205933   50
2253.135087251663   62
2256.1350939273834   61
2259.1350889205933   73
2262.1350882053375   74
2265.135090112686   86
2268.1350910663605   85
2271.135089159012   97
2274.1350944042206   98
2277.135087490082   110
2280.1350939273834   109
2283.1350889205933   121
2286.1350905895233   133
2289.1350927352905   134
2292.135094165802   122
2295.1350910663605   123
2298.135091781616   135
2301.1350915431976   136
2304.1350915431976   124
2307.1350910663605   125
2310.1350905895233   137
2313.1360926628113   138
2316.1360924243927   126
2319.1360914707184   127
2322.1360745429993   139
2325.1360890865326   140
2328.1360902786255   128
2331.136091709137   116
2334.137068748474   115
2337.1370775699615   103
2340.137079000473   91
2343.1370804309845   90
2346.137081384659   78
2349.1370787620544   66
2352.1370787620544   54
2355.1370766162872   53
2358.13707613945   65
2361.13707613945   64
2364.1370759010315   76
2367.137077331543   88
2370.137079000473   100
2373.13706946373   101
2376.13707780838   89
2379.1370766162872   77
2382.1370782852173   78
2385.137079000473   79
2388.137078523636   67
2388.1387577056885   F
2390.8239340782166   O
2390.9492135047913   I
2391.1370673179626   79
2391.182405233383   O
2391.2099742889404   I
2391.2313373088837   O
2394.137079000473   80
2396.811823606491   I
2397.13707447052   92
2397.8762006759644   O
2398.8038647174835   I
2400.137079000473   104
2403.13707780838   105
2406.13707447052   93
2409.1370742321014   94
2412.1370685100555   106
2414.9832167625427   O
2415.079438686371   I
2415.1370463371277   118
2415.1380200386047   F
2415.4064099788666   O
2418.1370601654053   119
2418.718878507614   I
2419.7971119880676   O
2419.896651506424   I
2419.927928209305   O
2419.955525636673   I
2420.1267540454865   O
2421.1370747089386   107
2421.673237800598   I
2421.704222679138   O
2423.7995915412903   I
2423.8291869163513   O
2424.0085093975067   I
2424.0690438747406   O
2424.137047767639   119
2424.1444141864777   I
2426.1030774116516   O
2427.137073993683   131
2427.525473833084   I
2427.560461997986   O
2428.5553617477417   I
2428.5794253349304   O
2428.6939635276794   I
2430.1370763778687   130
2433.1380767822266   129
2436.138060569763   141
2439.138078927994   142
2442.138064622879   143
2445.139075279236   144
2448.139087200165   132
2451.139090538025   120
2454.1390912532806   108
2457.139082670212   96
2459.7536277770996   O
2459.9270508289337   I
2460.0858087539673   O
2460.1390645504   95
2461.445540904999   I
2463.1390850543976   83
2466.1390907764435   84
2467.6522903442383   O
2467.9724617004395   I
2469.1390900611877   72
2472.139091014862   71
2475.1390833854675   59
2478.1390902996063   60
2481.139090538025   48
2484.1390900611877   47
2487.139094352722   35
2490.1390931606293   36
2493.1390891075134   24
2496.1390907764435   12
2499.139091014862   11
2502.139996290207   23
2505.1400921344757   22
2508.1400878429413   10
2511.1400899887085   9
2514.140083551407   21
2517.1400923728943   33
2520.14009141922   34
2523.1400923728943   46
2526.1410908699036   45
2529.141090631485   44
2532.141090154648   32
2535.141089439392   20
2538.1410913467407   8
2541.1410913467407   7
2544.141091108322   19
2547.1410908699036   18
2550.141090154648   6
2553.1410903930664   5
2556.141082048416   17
2559.141090631485   16
2562.141085624695   4
2565.1410899162292   3
2568.1410887241364   15
2568.1443712711334   F
2570.5589187145233   O
2571.1410822868347   14
2573.773899078369   I
2574.141086578369   2
2577.141090154648   1
2580.1410913467407   13
2583.1410903930664   25
2586.1420912742615   26
2589.14209151268   27
2592.142090320587   12
2595.1420888900757   24
2598.14209151268   23
2601.14208984375   11
2604.1420905590057   10
2607.142090320587   22
2610.1420936584473   21
2613.142080783844   9
2616.14209151268   8
2619.142087459564   20
2622.1420924663544   32
2625.14208984375   33
2628.142090320587   45
2631.142091035843   44
2634.1420917510986   43
2637.14209151268   31
2640.14208984375   19
2643.1420900821686   7
2646.142089366913   6
2649.142067670822   5
2652.142064809799   17
2655.1420748233795   18
2658.142076730728   30
2661.142082929611   29
2664.142083644867   28
2667.142069339752   27
2670.1420624256134   39
2673.142079591751   38
2674.7032656669617   O
2674.762472629547   I
2676.142074108124   50
2679.142077445984   51
2682.1420760154724   52
2685.142089366913   53
2688.14208984375   54
2691.142089366913   42
2694.142091035843   41
2697.1430909633636   40
2700.143082380295   28
2703.143073320389   16
2706.1430628299713   4
2709.143086910248   3
2712.1430876255035   15
2712.1447610855103   F
2714.226023197174   O
2715.1430876255035   14
2715.6273543834686   I
2718.1430881023407   2
2721.143086194992   1
2724.143086194992   13
2727.143087863922   25
2730.1430854797363   37
2733.143082141876   49
2736.1430897712708   61
2739.1430883407593   73
2742.1430888175964   74
2745.1430909633636   62
2748.143090724945   63
2751.1430892944336   64
2754.1430933475494   65
2757.1430909633636   77
2760.1430876255035   78
2763.143089532852   79
2766.1430909633636   80
2769.1430883407593   68
2772.1440889835358   69
2775.14408993721   81
2778.1450939178467   93
2781.145090341568   105
2784.1450939178467   104
2787.145095348358   103
2790.1450941562653   91
2793.1450939178467   90
2796.1450901031494   102
2799.1450889110565   114
2802.145088672638   113
2805.145090341568   101
2808.145088195801   100
2811.145090341568   112
2811.220096349716   O
2811.263918399811   I
2811.4847173690796   O
2811.847434282303   I
2814.1450905799866   124
2817.145092725754   125
2820.145089149475   137
2823.145091533661   136
2826.1450941562653   135
2829.145087957382   134
2832.1450941562653   133
2835.1450741291046   121
2838.145085334778   122
2841.1450729370117   123
2844.145079612732   111
2847.1450691223145   99
2850.145075082779   98
2853.145076274872   110
2856.1450867652893   109
2859.1450865268707   97
2862.1450715065002   85
2865.1460790634155   86
2868.146087408066   87
2871.1470894813538   88
2871.8554401397705   O
2872.3975932598114   I
2874.147094964981   89
2877.147066116333   77
2880.147073507309   76
2882.3501415252686   O
2883.086854696274   I
2883.1470668315887   75
2886.147113800049   63
2889.1470901966095   64
2892.1470766067505   76
2895.147088766098   75
2898.147088766098   87
2901.147088766098   88
2904.1470940113068   89
2907.147089958191   90
2910.147068977356   102
2913.1470894813538   103
2916.1470901966095   115
2919.147090435028   127
2922.1470897197723   128
2925.147090435028   129
2928.1470890045166   130
2931.1470901966095   131
2934.1470844745636   119
2937.147068500519   107
2940.147074699402   108
2943.147075653076   96
2946.1470744609833   95
2949.1470732688904   83
2952.147080898285   82
2955.1470794677734   94
2958.1470749378204   106
2961.1470720767975   118
2961.1481308937073   F
2964.1470699310303   117
2967.147073984146   116
2970.1470761299133   104
2973.147073030472   92
2976.147080898285   93
2979.1470816135406   105
2982.147087097168   117
2985.147089242935   116
2988.1470880508423   115
2991.1470906734467   114
2994.1470909118652   126
2997.147089958191   138
3000.147075176239   139
3003.1470940113068   140
3006.1470923423767   141
3009.1470971107483   142
3012.148093700409   143
3015.148094177246   144
3018.148092031479   132
3021.1480906009674   120
3024.148094177246   108
3027.1480877399445   96
3030.1480865478516   84
3033.148089647293   72
3036.148090839386   60
3039.148093700409   59
3042.1480889320374   71
3045.148090839386   70
3048.1480894088745   58
3051.148091316223   46
3054.148282766342   34
3057.149089574814   35
3060.149086713791   36
3063.1490907669067   48
3066.1490964889526   47
3069.1490890979767   46
3072.149087905884   34
3075.1490907669067   33
3078.1490898132324   32
3081.149091243744   31
3084.1490907669067   43
3087.149086713791   55
3090.149088859558   56
3093.1490824222565   57
3096.149087190628   58
3099.149087905884   70
3102.1490881443024   82
3105.1490902900696   94
3108.1490910053253   106
3111.1490893363953   107
3114.1490938663483   95
3117.149094581604   83
3120.1500911712646   84
3123.1500885486603   72
3126.1500895023346   71
3129.1500895023346   59
3132.1500899791718   60
3135.150087118149   48
3138.1500914096832   47
3138.6119322776794   O
3138.6394743919373   I
3138.679485321045   O
3140.097541809082   I
3140.588357925415   O
3141.1500837802887   35
3141.8081612586975   I
3142.877644777298   O
3143.527833223343   I
3144.150087118149   36
3147.1500883102417   24
3150.1500873565674   12
3153.1500895023346   11
3156.1500873565674   23
3159.150086402893   22
3162.1500663757324   10
3165.150069952011   9
3168.1500883102417   21
3171.1500902175903   20
3174.1500899791718   8
3177.1500890254974   7
3180.150088071823   19
3183.1500914096832   18
3186.1500902175903   6
3189.150089740753   5
3192.15008687973   17
3195.150091648102   29
3198.151086807251   30
3201.151087999344   42
3204.1510882377625   54
3207.1510882377625   55
3210.151089668274   67
3210.152522087097   F
3213.1510906219482   79
3216.1510882377625   91
3219.151086330414   92
3222.151088953018   80
3225.151087999344   81
3228.151086807251   69
3231.151087999344   57
3234.1510870456696   45
3237.1510875225067   44
3240.151089668274   56
3243.151087284088   68
3246.1510882377625   67
3246.1524934768677   F
3249.1520903110504   66
3252.152116060257   78
3255.1520898342133   66
3258.152090072632   65
3261.152088880539   53
3264.1520891189575   41
3267.1520895957947   40
3270.152088403702   52
3273.152088880539   51
3276.1520898342133   39
3279.1520898342133   27
3282.1520891189575   26
3285.1520891189575   38
3288.1520862579346   26
3291.1520867347717   14
3294.152088403702   15
3294.153430700302   F
3297.1520867347717   16
3300.152090072632   4
3303.1520903110504   3
3306.152090549469   2
3309.152089357376   1
3312.152092695236   13
3315.152083158493   25
3318.1520829200745   37
3321.152074098587   49
3324.1520857810974   50
3327.1520857810974   62
3330.1520898342133   61
3333.152083158493   73
3336.1520943641663   74
3339.15208363533   86
3342.152088403702   85
3345.1520919799805   97
3348.1520943641663   98
3351.153082370758   110
3354.153085231781   109
3357.1530821323395   121
3360.1530838012695   133
3363.1530661582947   134
3366.153062582016   122
3369.1530787944794   123
3372.153079032898   135
3375.153069972992   136
3378.153064727783   124
3381.1530706882477   112
3384.1530826091766   111
3387.153078317642   99
3390.153081178665   100
3393.153080701828   101
3396.1530816555023   113
3399.153082370758   125
3402.153083086014   137
3405.1530826091766   138
3408.153078556061   126
3411.1530776023865   127
3414.1530768871307   139
3417.153079032898   140
3420.1530668735504   128
3423.153072834015   129
3426.1530714035034   141
3429.153078317642   142
3432.1530718803406   130
3435.1530742645264   131
3438.1530780792236   143
3441.1530706882477   144
3444.1530787944794   132
3447.1530838012695   120
3450.153084754944   119
3453.153084754944   118
3453.1541380882263   F
3454.364673614502   O
3456.153084039688   144
3456.7422461509705   I
3456.8032610416412   O
3457.2428493499756   I
3459.1530826091766   143
3462.1530845165253   131
3465.153082847595   132
3468.153079509735   120
3471.1530799865723   119
3474.1530842781067   107
3477.153071165085   108
3480.153064966202   96
3483.1530845165253   95
3486.1530816555023   94
3489.1530816555023   106
3491.021158695221   O
3491.270593881607   I
3491.6985476017   O
3492.1530799865723   105
3492.387601852417   I
3495.153083086014   93
3498.1530842781067   81
3501.153076171875   82
3504.1530799865723   83
3507.154077529907   84
3510.1540760993958   72
3513.154065847397   60
3516.1540694236755   59
3519.1540656089783   71
3522.1540648937225   70
3523.6417684555054   O
3523.973929166794   I
3525.154147863388   58
3528.154063940048   46
3531.1540625095367   34
3534.154078722   33
3537.154077529907   21
3540.1540784835815   20
3543.154078245163   32
3546.154079914093   44
3549.1540718078613   56
3552.1540772914886   68
3555.154076576233   69
3558.1540756225586   57
3561.154077768326   45
3564.154078722   46
3567.1540780067444   47
3570.1540801525116   48
3573.154079437256   36
3576.1550776958466   35
3579.1550722122192   23
3582.155065536499   24
3585.155063867569   12
3588.155063390732   11
3591.1550738811493   10
3594.1550765037537   9
3597.155072450638   8
3600.155075073242   7
3603.155063867569   6
3606.155066728592   18
3609.155073404312   19
3612.1550731658936   31
3615.155077934265   43
3618.155077934265   55
3621.1550788879395   54
3624.1550760269165   66
3624.2313144207   O
3625.4797008037567   I
3627.1550693511963   78
3630.155077934265   90
3632.8416273593903   O
3633.155072450638   91
3633.688551902771   I
3636.1550788879395   103
3639.155079126358   102
3642.155079603195   101
3645.155078649521   100
3648.155075788498   88
3651.155071735382   76
3654.155068874359   77
3657.1550788879395   65
3660.1550805568695   64
3663.1550800800323   63
3666.1550798416138   51
3669.155079603195   52
3672.155074596405   40
3675.155078649521   39
3678.1550793647766   38
3681.1550676822662   50
3684.1550772190094   49
3687.1550607681274   37
3690.155075073242   25
3693.1550664901733   13
3696.155075788498   1
3699.155078649521   2
3702.155079126358   14
3705.155078649521   26
3708.1550798416138   27
3711.1550793647766   28
3714.155079126358   16
3717.155079126358   15
3717.156171798706   F
3720.155079126358   3
3723.1550767421722   4
3726.155079603195   5
3729.1550788879395   17
3732.156091451645   29
3735.1560912132263   41
3738.1560921669006   53
3741.156091928482   54
3744.156091451645   42
3747.156091451645   30
3750.1560900211334   31
3753.1560909748077   43
3756.1560909748077   42
3759.1561183929443   30
3762.1560921669006   29
3765.156088113785   41
3768.156090259552   53
3771.1560904979706   65
3774.1560904979706   64
3777.156089782715   76
3780.1560888290405   75
3783.1560912132263   74
3786.1560916900635   86
3789.1560904979706   98
3792.1560909748077   110
3795.156086206436   122
3798.15709066391   123
3801.157089948654   124
3804.1570925712585   136
3807.157092809677   137
3810.15709066391   125
3813.1570880413055   126
3816.1570904254913   114
3819.1570842266083   113
3822.1570818424225   112
3825.157083272934   111
3828.1570842266083   99
3831.1570749282837   87
3834.1570839881897   88
3837.157079219818   89
3840.157079219818   101
3843.1570885181427   100
3846.1570925712585   99
3849.1570887565613   87
3852.157093524933   75
3855.1570811271667   63
3858.1570706367493   62
3861.157087087631   61
3864.157087802887   73
3867.1570699214935   85
3870.1570677757263   97
3873.157089471817   109
3876.157087802887   121
3879.1570875644684   133
3882.1570956707   134
3885.157093524933   135
3888.1570930480957   136
3891.15709233284   137
3894.157093524933   138
3897.1570909023285   139
3900.157089471817   140
3903.1570858955383   128
3906.1570699214935   127
3909.157064676285   115
3912.1570694446564   116
3915.1570925712585   117
3918.157084941864   118
3918.1581616401672   F
3921.1570649147034   130
3924.157084941864   142
3927.1570727825165   141
3930.1570665836334   129
3931.4067454338074   O
3931.7411704063416   I
3931.7983980178833   O
3933.157086133957   117
3934.675266981125   I
3936.1570785045624   118
3936.158604860306   F
3939.157082796097   106
3942.157089948654   94
3945.1570904254913   82
3948.1580922603607   81
3951.158092737198   80
3954.1580922603607   92
3957.158091068268   104
3960.1580908298492   116
3963.1580753326416   115
3966.1580810546875   114
3969.158075094223   113
3972.158078432083   112
3975.1580741405487   124
3978.1580724716187   125
3981.1580753326416   126
3984.1580867767334   138
3987.1580741405487   139
3989.955629825592   O
3990.158063173294   127
3990.329602241516   I
3990.489471912384   O
3992.1672627925873   I
3993.1580781936646   128
3996.158076763153   140
3999.1580905914307   141
4002.158091545105   129
4002.616348028183   O
4002.6568686962128   I
4002.733025074005   O
4003.31188082695   I
4003.755354642868   O
4003.922049999237   I
4004.8189511299133   O
4005.158079624176   130
4005.905668258667   I
4008.1580877304077   142
4011.1580884456635   143
4014.1580777168274   144
4017.1580715179443   132
4019.052791118622   O
4019.2544865608215   I
4020.158073425293   131
4023.1580827236176   119
4026.158079624176   120
4029.1580736637115   108
4032.1580896377563   107
4035.1580765247345   95
4038.1580719947815   96
4041.1580722332   84
4044.1580877304077   83
4047.158090353012   71
4050.158074617386   72
4053.158088684082   60
4056.1580862998962   59
4059.1580889225006   58
4062.158091068268   70
4065.158091068268   69
4068.1580924987793   68
4071.1580913066864   80
4074.158092737198   79
4077.158092737198   78
4080.1590819358826   77
4083.15909075737   89
4086.1600902080536   90
4089.160088777542   102
4092.160090446472   103
4095.1600918769836   104
4098.160091876984   105
4101.160066366196   93
4104.160091638565   92
4107.160087823868   91
4110.160086631775   79
4113.160089015961   67
4113.161189556122   F
4116.160068511963   66
4119.16007566452   67
4119.161141633987   F
4120.53129529953   O
4120.697637081146   I
4120.7764773368835   O
4122.160079956055   55
4122.29615521431   I
4123.3375697135925   O
4123.484214782715   I
4123.646956205368   O
4123.821086168289   I
4125.160091161728   56
4128.160091161728   57
4131.160090684891   45
4134.1600914001465   44
4137.160090923309   32
4140.160090684891   33
4143.160089969635   34
4146.160093545914   22
4149.160088777542   21
4152.160090923309   22
4155.160090684891   23
4158.160089969635   35
4161.160089254379   47
4164.1600914001465   48
4167.160063743591   36
4170.1600749492645   24
4173.160080194473   12
4176.1600930690765   11
4179.160078048706   10
4179.343119621277   O
4179.416216611862   I
4179.439054965973   O
4180.155059337616   I
4182.161071300507   9
4184.016865730286   O
4184.3693788051605   I
4185.161069869995   8
4188.161082267761   20
4191.161067485809   19
4194.161063909531   7
4197.161086320877   6
4200.161067008972   18
4203.161070346832   17
4206.161087036133   5
4209.161087989807   4
4212.161088228226   16
4215.161089420319   15
4215.16215467453   F
4218.161065340042   3
4221.161089420319   2
4224.161093711853   1
4227.1610891819   13
4230.161088705063   14
4233.16109085083   26
4236.161093473434   25
4239.161090373993   37
4242.16109085083   38
4245.16109085083   39
4248.161089420319   27
4251.161088943481   28
4254.161089897156   40
4257.16109085083   52
4260.162090778351   51
4263.162091970444   50
4266.162091255188   49
4269.162084579468   61
4272.162091732025   62
4275.162090539932   74
4278.162090539932   73
4281.163088560104   85
4284.163089990616   86
4287.16308927536   98
4290.163089513779   97
4293.163090705872   109
4296.163087844849   110
4299.163079023361   122
4302.163067579269   121
4305.163083314896   133
4308.16308927536   134
4311.164089918137   135
4314.164089918137   123
4317.164080619812   111
4320.16407418251   133
4323.1640746593475   134
4326.164086818695   122
4329.165074110031   121
4332.165073394775   109
4335.165090560913   110
4338.16507768631   98
4341.165073871613   97
4344.165072917938   85
4347.165078639984   86
4350.16508769989   87
4353.165100336075   99
4356.16508936882   100
4359.165088653564   88
4362.165089130402   76
4365.165089607239   75
4368.165090560913   74
4371.165075778961   73
4374.165074110031   61
4377.165089130402   49
4380.165089845657   50
4383.1650903224945   62
4386.165090799332   63
4389.165090084076   51
4392.165088176727   39
4395.165088653564   27
4398.165090560913   28
4401.165090560913   16
4404.165093421936   17
4407.165091991425   29
4410.165093421936   41
4413.16509604454   53
4416.165089845657   65
4419.165090560913   64
4422.165090084076   52
4425.165093421936   40
4428.165089845657   39
4431.165090799332   38
4434.165091991425   37
4437.165093421936   25
4440.165093421936   26
4443.165088415146   14
4446.165089845657   13
4449.16508769989   1
4452.165089845657   2
4455.165090084076   3
4458.166091680527   4
4461.166090250015   5
4464.167089700699   6
4467.167089939117   7
4470.167080640793   19
4473.16708946228   18
4476.167089223862   30
4479.167065858841   42
4482.167065382004   54
4485.168088674545   55
4488.168088674545   67
4488.169212818146   F
4491.168090105057   79
4494.168090343475   91
4497.169089794159   90
4500.169089794159   102
4503.1690883636475   103
4506.1690900325775   104
4509.169088602066   105
4512.169094324112   93
4515.169093370438   81
4518.169086456299   80
4521.1690855026245   68
4524.169091701508   69
4527.169081449509   70
4530.169072389603   58
4533.169078588486   57
4536.169078588486   45
4539.169086456299   46
4540.844683408737   O
4541.235019207001   I
4541.3809316158295   O
4542.169085979462   47
4545.091249227524   I
4545.169063806534   59
4548.169087171555   60
4548.596757173538   O
4548.7614133358   I
4548.862530946732   O
4549.218156814575   I
4551.169086456299   48
4551.387850761414   O
4551.741993904114   I
4554.169096469879   36
4557.169089794159   24
4560.169091701508   12
4563.169090747833   11
4566.169087171555   23
4569.169088840485   35
4572.1690928936005   34
4575.169091701508   33
4578.169088840485   21
4581.169088840485   22
4584.169089794159   10
4587.1690900325775   9
4590.169093132019   8
4593.169087409973   20
4596.170076370239   32
4599.170075178146   44
4602.170079469681   56
4605.170080661774   55
4608.170077085495   43
4611.170068502426   31
4614.170068979263   30
4617.170077562332   42
4620.170076131821   43
4623.170078277588   31
4626.170078277588   32
4629.170077085495   44
4632.170079469681   56
4635.170078992844   68
4638.170077800751   69
4641.170078039169   81
4644.170079469681   82
4647.170077323914   83
4650.170077085495   95
4651.952637434006   O
4652.404089212418   I
4652.855971336365   O
4653.170071840286   107
4653.422753095627   I
4656.1700801849365   119
4659.170078039169   131
4662.170078992844   130
4665.170078992844   129
4668.170078754425   141
4671.170078277588   140
4674.170080900192   128
4677.170078039169   127
4680.170078992844   115
4683.170077085495   116
4686.170080900192   117
4689.170077800751   118
4689.171779870987   F
4692.170063495636   106
4695.170063972473   94
4698.171073913574   93
4701.171070814133   92
4704.171066999435   104
4707.1710748672485   105
4710.17107629776   106
4713.171068429947   94
4716.171075105667   82
4719.171075344086   70
4722.171058893204   71
4725.171058893204   72
4728.171057701111   84
4731.17106461525   96
4734.171063423157   108
4737.17106628418   120
4740.171077013016   132
4743.1710777282715   144
4746.171078681946   143
4749.171074151993   142
4752.171076536179   141
4755.17106795311   140
4758.171073913574   139
4761.171080112457   138
4764.171080589294   137
4767.171078681946   125
4770.171080589294   126
4773.171072483063   114
4774.610712051392   O
4774.744831800461   I
4775.229312181473   O
4775.436133861542   I
4775.471140384674   O
4775.4986872673035   I
4775.740983724594   O
4776.055562257767   I
4776.088175535202   O
4776.171055793762   113
4776.713396787643   I
4777.061784744263   O
4779.171066999435   112
4779.7934601306915   I
4780.44530749321   O
4781.75133895874   I
4782.1710658073425   111
4785.17106795311   123
4788.171076536179   135
4791.171067476273   136
4794.171065092087   124
4797.171063899994   112
4800.171075820923   111
4803.171068191528   99
4806.1710777282715   87
4809.17107629776   75
4812.171078920364   76
4815.171078681946   77
4818.172085762024   89
4821.172067165375   101
4824.172086715698   113
4827.172088861465   114
4830.17209148407   115
4833.172089576721   116
4836.1720905303955   117
4839.1720905303955   129
4842.172091245651   128
4845.1720905303955   127
4848.172088623047   139
4851.172090768814   138
4854.172074556351   126
4857.17208814621   125
4860.172088384628   137
4863.172072887421   136
4866.172063827515   124
4869.172084569931   123
4872.172088623047   135
4875.172089576721   134
4878.172087192535   133
4881.172089099884   121
4884.172091722488   122
4887.172090768814   110
4890.172092437744   109
4893.172090291977   97
4896.172091007233   98
4899.172084569931   86
4902.172089338303   85
4905.173085927963   73
4908.173090219498   74
4911.173074245453   62
4914.173084974289   61
4917.173078775406   49
4920.173089265823   50
4923.173087596893   51
4926.173078536987   63
4929.173087596893   64
4932.1730880737305   65
4935.173087835312   77
4938.173093080521   78
4941.173089981079   79
4944.173092126846   80
4947.173089981079   92
4950.173090219498   91
4953.173090219498   103
4956.173083305359   102
4959.173087835312   101
4962.173089265823   100
4965.1730897426605   88
4968.173089981079   89
4971.173088788986   90
4974.173090219498   78
4977.173084020615   66
4980.173093080521   67
4980.174204826355   F
4983.173089265823   66
4986.173088550568   54
4989.173087835312   53
4992.1730864048   52
4995.173074007034   40
4998.173074245453   41
5001.173087835312   29
5004.173088550568   28
5007.173086166382   27
5010.173087835312   15
5010.174582719803   F
5013.173079490662   16
5016.173088312149   15
5016.175888299942   F
5019.173087358475   14
5022.173084974289   26
5025.173086881638   38
5028.17308306694   37
5031.173075437546   25
5034.173080444336   13
5037.17307806015   1
5040.173078298569   2
5043.173077583313   3
5046.173087358475   4
5049.173087358475   5
5052.173087596893   17
5055.173089981079   18
5058.173089504242   6
5061.173090219498   7
5064.173078298569   19
5067.173078298569   20
5070.173075199127   8
5073.173088550568   9
5076.173078298569   21
5079.173089027405   22
5082.173093080521   10
5085.173092126846   11
5088.173090457916   12
5091.173086166382   24
5094.173087596893   23
5097.173090219498   35
5100.1730880737305   36
5103.173089027405   48
5106.174090623856   47
5109.174088001251   46
5112.174067974091   34
5115.174076795578   33
5118.174065113068   45
5121.174078464508   57
5124.175092935562   58
5127.175089836121   59
5130.175074338913   60
5133.175067424774   72
5136.175081014633   71
5139.175067663193   83
5142.175075769424   84
5145.175078392029   96
5148.175067186356   95
5151.175078630447   107
5154.175069093704   108
5157.175075531006   120
5160.175075292587   119
5163.175090074539   131
5166.17507815361   132
5169.17507314682   144
5172.175080537796   143
5175.17507314682   142
5178.17507147789   130
5181.175071716309   118
5181.176134347916   F
5183.880207777023   O
5183.908770799637   I
5184.175060749054   1
5184.324760198593   O
5187.175089359283   2
5189.0734395980835   I
5190.17508482933   14
5192.913505315781   O
5193.037376403809   I
5193.175064563751   13
5196.175073385239   25
5199.176090478897   26
5202.176089048386   38
5205.176092624664   37
5208.176088809967   49
5211.176090955734   50
5214.176092147827   51
5217.17608833313   39
5220.176092147827   40
5223.17609000206   52
5226.176088809967   64
5229.176089525223   63
5232.1760795116425   62
5235.177078962326   61
5238.177075386047   73
5241.17707490921   85
5244.177075147629   86
5247.17707324028   74
5250.177074432373   75
5253.17707157135   87
5256.17707490921   99
5259.177080869675   111
5262.177090167999   112
5265.177093505859   124
5268.177093029022   125
5271.177076816559   113
5274.177069187164   101
5277.177079200745   89
5280.17707824707   77
5283.1770803928375   76
5286.177073478699   88
5289.177078485489   100
5292.1770894527435   99
5295.17708158493   98
5298.177071809769   97
5301.177088260651   109
5304.17707824707   110
5307.177088022232   122
5310.177088260651   121
5313.177080869675   133
5316.177089691162   134
5319.177085638046   135
5322.177090167999   136
5325.177083015442   137
5328.17707824707   138
5331.177079200745   139
5334.177067518234   127
5337.17707824707   126
5340.177079916   114
5343.177081108093   102
5346.17707324028   90
5349.17707824707   91
5350.547649860382   O
5351.721284866333   I
5352.177083730698   79
5355.177088499069   67
5355.178254842758   F
5358.177086353302   55
5361.150371551514   O
5361.177058458328   54
5361.382768392563   I
5361.538820505142   O
5364.063258647919   I
5364.17707490921   42
5364.2035138607025   O
5364.2315192222595   I
5367.177087545395   43
5370.177102565765   44
5373.177088737488   45
5376.177083969116   57
5379.177086830139   69
5382.177088260651   68
5385.177068948746   80
5388.177070140839   81
5391.177068710327   82
5394.17706823349   94
5397.178066968918   93
5400.178064584732   105
5403.178076267242   106
5406.178069353104   107
5409.178064107895   95
5412.178085803986   96
5415.17808842659   108
5418.178069114685   120
5421.1780750751495   132
5424.1780886650085   144
5427.178089618683   143
5430.178089380264   131
5433.178085565567   119
5436.179087877274   118
5436.180225610733   F
5439.179087400436   117
5442.179093360901   129
5445.1790771484375   130
5448.179073810577   142
5451.179090261459   141
5451.841098308563   O
5452.283210039139   I
5452.460187673569   O
5454.179090261459   140
5455.707410812378   I
5455.780388832092   O
5455.844273328781   I
5457.179073572159   128
5460.179073095322   116
5463.179094314575   104
5466.179092884064   92
5469.179080963135   91
5472.179084062576   103
5475.179093122482   115
5478.179088354111   114
5481.179076910019   102
5484.179080724716   103
5487.1790771484375   115
5490.179074048996   116
5493.179074287415   104
5496.179079294205   92
5499.179085254669   80
5502.179085731506   81
5505.179092884064   69
5508.179078102112   70
5511.179081201553   71
5514.179078102112   59
5517.179078102112   47
5520.179080724716   35
5523.179082632065   23
5526.179087638855   22
5529.179088592529   21
5532.179085969925   9
5535.179088830948   8
5538.179086923599   20
5541.179068803787   19
5544.179084539413   31
5547.1790890693665   32
5550.179091453552   33
5553.179092407227   34
5556.179090261459   46
5559.179088115692   58
5562.179089546204   57
5565.179092884064   56
5568.179089307785   44
5571.179091930389   45
5574.1790890693665   46
5577.179087877274   58
5580.179089784622   70
5583.179089546204   82
5586.1790935993195   83
5589.179084300995   84
5592.179087638855   72
5595.179092645645   60
5598.179090023041   48
5601.179091453552   36
5604.179089307785   24
5607.179090023041   12
5610.179095506668   11
5613.179090261459   10
5616.179218053818   9
5619.179091453552   8
5622.180076599121   7
5625.180091381073   6
5628.180090665817   5
5631.1800899505615   17
5634.180090904236   18
5637.180088043213   30
5640.180088758469   29
5643.180090427399   28
5646.181089639664   27
5649.181087970734   15
5649.182116508484   F
5652.181088209152   3
5655.181088924408   4
5658.181087017059   16
5661.1810734272   28
5664.181089878082   27
5667.181089401245   39
5670.181088685989   51
5673.1810874938965   63
5676.182090520859   64
5679.182089567184   65
5682.182088375092   53
5685.182072877884   41
5688.182085514069   29
5691.182076454163   30
5694.183078050613   31
5697.183088541031   32
5700.183088302612   33
5703.183081150055   21
5706.183089733124   20
5709.183089017868   19
5712.1830842494965   7
5715.183089256287   6
5718.183072090149   18
5721.183083057404   17
5724.183090209961   5
5727.183092832565   4
5730.183089971542   16
5733.183091163635   15
5733.18425321579   F
5736.183089971542   3
5737.497423410416   O
5737.547629594803   I
5737.917006969452   O
5739.1830933094025   2
5740.068183422089   I
5742.183089494705   1
5745.183089494705   13
5748.183089256287   14
5751.183090209961   26
5754.184091567993   25
5757.184087514877   37
5760.184090137482   38
5763.184090852737   50
5766.1840896606445   49
5769.184089422226   61
5772.184089899063   62
5775.184092283249   74
5778.1840896606445   73
5781.184090614319   85
5784.1840903759   86
5787.184963226318   87
5790.185085773468   75
5793.185086965561   76
5796.185072183609   77
5799.185074329376   65
5802.185069561005   66
5805.185092926025   67
5805.186165094376   F
5808.185089588165   68
5811.185081005096   56
5814.18508887291   55
5817.185089826584   43
5820.185086727142   42
5823.185086011887   41
5826.185092687607   40
5829.185088634491   52
5832.185096025467   53
5835.185091257095   54
5838.185092926025   66
5841.18509554863   78
5844.185089588165   79
5847.185096502304   78
5850.185092926025   90
5853.185092687607   89
5856.185091257095   88
5859.18508887291   100
5862.185425281525   101
5865.185087680817   113
5868.185089111328   112
5871.185074329376   111
5874.185067415237   123
5877.185085773468   124
5880.185084819794   123
5883.185090303421   122
5886.1850662231445   110
5889.185083627701   98
5892.185092926025   97
5895.185089111328   109
5898.185086488724   121
5901.185086965561   133
5904.185089826584   134
5907.185090303421   135
5910.185091257095   136
5913.185089826584   137
5916.185092687607   125
5919.186091184616   126
5922.186088562012   138
5925.186089992523   139
5928.186089515686   127
5931.186090230942   128
5934.186091184616   140
5937.186089515686   141
5940.1860892772675   129
5943.187076807022   130
5946.187076330185   142
5949.187077522278   143
5952.187077522278   144
5955.187076807022   132
5958.187077283859   131
5961.187075614929   119
5964.187076807022   120
5967.187075614929   108
5970.187058210373   107
5972.737472295761   O
5972.905899047852   I
5973.069994211197   O
5973.187065601349   106
5974.170276880264   I
5976.1870629787445   118
5976.18829703331   F
5979.187071800232   117
5982.187058925629   105
5985.187063455582   93
5988.187074184418   94
5991.187075376511   95
5994.187075376511   96
5997.187073945999   84
6000.18706536293   83
6003.187074422836   71
6006.187072753906   72
6009.187061309814   60
6012.187075138092   59
6015.187064886093   47
6018.187064886093   48
6021.187075138092   36
6024.187077522278   35
6027.187076807022   23
6030.187077760696   24
6033.1870765686035   12
6036.187077999115   11
6039.187078714371   10
6042.187077999115   22
6045.187068939209   34
6048.187072277069   12
6051.187077999115   11
6054.187076091766   23
6055.913278341293   O
6056.069710016251   I
6056.189290046692   O
6056.258697271347   I
6057.187075376511   24
6059.138822078705   O
6059.178357124329   I
6059.514518976212   O
6060.1870720386505   36
6060.708340406418   I
6063.1870794296265   35
6066.18708896637   47
6069.191721916199   48
6072.1870720386505   60
6075.187063694   59
6078.187066078186   58
6081.187075376511   46
6084.187077045441   45
6087.187076330185   57
6090.1870629787445   69
6093.187068462372   70
6096.188198328018   71
6099.188076734543   72
6102.188076496124   84
6105.188076257706   96
6108.188075065613   95
6111.188078403473   83
6114.188075065613   82
6117.188078165054   94
6120.1880786418915   106
6123.188064813614   118
6123.189133882523   F
6126.188053846359   117
6129.188076972961   129
6132.188077688217   128
6135.188076257706   116
6138.188076019287   104
6141.188077688217   92
6144.188076019287   80
6147.188073635101   81
6150.188076972961   93
6153.1880576610565   105
6156.189094305038   106
6159.189091682434   107
6162.189093112946   108
6165.190090179443   120
6168.190074205399   119
6171.190069437027   131
6174.19109582901   132
6177.191087722778   144
6180.191086769104   143
6181.7660212516785   O
6182.113552808762   I
6182.232263803482   O
6183.191078186035   142
6183.511013269424   I
6186.1910700798035   141
6189.191070556641   140
6192.191072463989   139
6195.191083908081   138
6198.191069841385   126
6201.191073417664   127
6204.191086769104   115
6207.191074371338   103
6210.191068410873   91
6213.191077947617   90
6216.191083192825   78
6219.191071987152   66
6222.191089391708   54
6225.192089796066   55
6228.192090511322   43
6231.192089557648   42
6234.192092180252   41
6237.1920919418335   40
6240.192090272903   52
6243.192090034485   64
6246.192091464996   65
6249.1920919418335   77
6252.192092895508   76
6255.192095518112   75
6258.192091464996   87
6261.192092418671   88
6264.192092180252   100
6267.192092418671   99
6270.192091703415   98
6273.192090272903   86
6276.19207406044   85
6279.19208240509   97
6282.192074298859   109
6285.192075014114   121
6288.192091703415   133
6291.192089557648   134
6294.192093849182   122
6297.192090749741   110
6300.19309258461   111
6303.194090604782   112
6306.194090604782   124
6309.1940903663635   123
6312.194090843201   135
6315.194089651108   136
6318.194092035294   137
6321.194091796875   125
6324.194091558456   113
6327.1940858364105   101
6330.194086551666   89
6333.195088386536   90
6336.19509267807   102
6339.195091485977   114
6342.195092916489   115
6345.1950895786285   103
6348.196092605591   102
6351.196088790894   114
6354.1970891952515   113
6357.197080373764   101
6360.197066545486   89
6363.197065591812   77
6366.197076797485   76
6369.197092533112   64
6372.197092533112   63
6375.197092533112   62
6378.197092533112   50
6381.197122335434   38
6384.197091341019   26
6387.197089672089   14
6390.197089672089   15
6390.198199748993   F
6393.197087526321   16
6396.197085142136   4
6399.197085380554   5
6402.197087049484   17
6405.1970911026   18
6408.197091579437   30
6411.1970911026   29
6414.19708943367   28
6417.197088003159   27
6420.197089672089   39
6423.197088956833   51
6426.197072505951   52
6429.198087692261   53
6432.198092699051   41
6435.198085308075   40
6438.198091030121   39
6441.198091268539   51
6444.1980884075165   63
6447.1980884075165   75
6450.198090791702   74
6453.198090314865   73
6456.198090314865   61
6459.198089361191   49
6462.198091030121   37
6465.198089122772   25
6468.198070049286   13
6471.198087453842   1
6474.1990876197815   2
6477.19908952713   3
6480.199088573456   4
6483.199074983597   5
6486.200065374374   6
6489.200066566467   7
6492.200089931488   8
6495.200088500977   20
6498.200090408325   19
6501.200092077255   31
6504.200090646744   32
6507.200090646744   33
6510.200079679489   34
6513.200089931488   22
6516.201089859009   10
6519.20108628273   9
6522.20108795166   21
6525.201092481613   33
6528.201092720032   34
6531.20108127594   46
6534.2010846138   58
6537.201089859009   70
6540.20109295845   69
6540.839602947235   O
6541.087775230408   I
6541.142922401428   O
6542.595331907272   I
6543.201085329056   68
6546.201090097427   56
6549.201088190079   44
6552.201092481613   32
6555.201091766357   31
6558.201092481613   30
6561.202092885971   29
6564.202090263367   28
6567.202079296112   16
6570.2020761966705   17
6573.202070474625   18
6576.2020881175995   6
6579.202090024948   7
6582.202089071274   19
6585.202090978622   20
6588.202088832855   8
6591.20209145546   9
6594.202090978622   21
6597.202090501785   22
6600.202088594437   10
6603.2020881175995   11
6606.202089309692   12
6609.202064275742   24
6612.202063798904   23
6615.202074050903   35
6618.202064752579   36
6621.202058315277   48
6624.202086687088   47
6627.202075242996   59
6630.20206618309   60
6631.066776514053   O
6631.209099769592   I
6631.271759033203   O
6631.387075185776   I
6631.834806919098   O
6632.009236097336   I
6633.202088594437   72
6636.203081130981   71
6639.203067302704   83
6642.203080892563   84
6645.203079223633   96
6648.203080177307   95
6651.203080892563   94
6654.2030813694   82
6657.20308303833   81
6660.203083753586   80
6663.2030827999115   68
6666.203083276749   67
6666.204083204269   F
6669.203077316284   66
6672.203084945679   65
6675.203079938889   53
6678.20308303833   54
6681.203080177307   42
6684.203080654144   43
6687.203079938889   44
6690.2030827999115   45
6693.203081130981   57
6696.2030813694   56
6699.203079938889   55
6702.2030813694   67
6702.204118013382   F
6705.203067779541   79
6708.20306801796   78
6711.2030737400055   79
6714.203068971634   91
6717.203079938889   92
6720.203080415726   93
6723.203081607819   105
6726.203083515167   104
6729.203073263168   116
6732.203069448471   117
6735.20307302475   118
6735.207515001297   F
6738.203067541122   130
6741.203079938889   129
6744.204070091248   130
6747.2040774822235   131
6750.204077720642   119
6753.20407128334   107
6756.204077243805   108
6759.204077959061   120
6762.20406460762   132
6765.204076051712   144
6768.204078435898   143
6771.204079151154   142
6774.204062223434   141
6777.204078435898   140
6780.204067230225   128
6783.204067230225   127
6786.204077005386   139
6789.204066514969   138
6792.2040684223175   126
6795.204078435898   125
6798.204079151154   137
6799.583901643753   O
6801.204079866409   136
6801.336632490158   I
6801.8495461940765   O
6803.38661980629   I
6804.204076290131   124
6807.204078197479   123
6808.803791999817   O
6809.362678289413   I
6810.204075574875   135
6813.204077005386   134
6816.204080104828   133
6819.204079151154   121
6822.204076528549   122
6825.204078435898   110
6828.204080581665   109
6831.204078197479   97
6834.204076290131   98
6837.204071998596   99
6840.204077720642   111
6843.204078435898   112
6846.204079389572   100
6849.204078435898   88
6852.204079627991   87
6855.204079151154   86
6858.204079627991   85
6861.204078435898   73
6864.204079627991   74
6867.204078674316   62
6870.204063177109   61
6873.20406460762   49
6876.204078435898   50
6879.204056501389   38
6882.204065322876   37
6885.204076766968   25
6888.204081773758   26
6891.204076766968   14
6894.204060554504   13
6897.204076051712   1
6900.2040729522705   2
6903.204077959061   3
6906.204064130783   15
6906.205005407333   F
6909.204057455063   27
6910.969351053238   O
6912.204077005386   12
6913.75702548027   I
6915.204078912735   11
6918.205078601837   10
6921.2050795555115   9
6924.205080032349   21
6927.2050795555115   22
6930.205080032349   34
6933.205081701279   35
6936.205078840256   23
6939.205078840256   24
6942.205079078674   36
6945.2050795555115   48
6948.205078601837   60
6951.205069541931   72
6953.97664475441   O
6954.205071687698   71
6954.4550931453705   I
6954.944254875183   O
6955.112960577011   I
6955.479930877686   O
6956.5922639369965   I
6957.205058097839   59
6960.205076217651   58
6963.20507144928   46
6966.206086397171   47
6969.207086801529   48
6972.207065343857   60
6975.207092285156   59
6978.208073854446   58
6981.208064079285   70
6984.208081245422   82
6987.208088159561   83
6990.2080891132355   95
6993.208092451096   94
6996.208089590073   106
6999.208079576492   107
7002.208086490631   108
7005.208077430725   96
7008.208075761795   84
7011.208077669144   72
7014.208086013794   71
7017.208077669144   70
7020.208078145981   69
7023.208089590073   81
7026.208089828491   80
7029.208077907562   79
7032.208090305328   67
7032.2095267772675   F
7035.208078384399   55
7038.208068609238   43
7041.208091020584   42
7044.2080817222595   30
7047.208088874817   29
7050.208062410355   41
7053.208079099655   40
7056.208072185516   28
7059.208074808121   27
7062.208078861237   39
7065.208066940308   38
7068.208090543747   26
7071.208073616028   14
7074.208090543747   15
7074.209173202515   F
7077.2070853710175   3
7080.207091331482   2
7083.207093238831   1
7086.207092523575   13
7089.207092285156   25
7092.207092761993   37
7095.207092285156   49
7098.207093238831   61
7101.207092523575   73
7104.207093000412   85
7107.20708823204   97
7110.208091020584   109
7113.208074808121   121
7116.20809173584   133
7119.209091186523   134
7122.209088802338   135
7125.209077358246   123
7128.20908164978   122
7131.209077596664   110
7134.20907831192   111
7137.2090883255005   112
7140.209092378616   100
7143.209091186523   101
7146.2090764045715   102
7149.209075927734   90
7152.209092378616   89
7155.209096670151   77
7158.209095478058   65
7161.209091186523   53
7164.209092378616   54
7167.209092378616   66
7170.209092378616   78
7173.209095001221   77
7176.209092378616   76
7179.209092378616   88
7182.2090928554535   87
7185.209094762802   86
7188.209092378616   98
7191.209092378616   99
7194.2090945243835   87
7197.209091186523   75
7200.209091186523   63
7203.209096431732   51
7206.209091663361   52
7209.209089040756   64
7212.209091424942   76
7215.209095478058   75
7218.209093809128   74
7221.209095478058   62
7224.209092378616   50
7227.209091424942   49
7230.209092378616   37
7233.209510564804   38
7236.210089921951   39
7239.210090875626   27
7242.210090637207   28
7245.210092544556   16
7248.210090637207   4
7251.210089206696   5
7254.210090637207   6
7257.210089683533   18
7260.2100918293   17
7263.210089445114   29
7266.210089921951   30
7269.210088968277   31
7272.210089683533   32
7275.210088968277   20
7278.21008849144   8
7281.210089683533   7
7284.210088729858   19
7287.210091114044   31
7290.21008849144   43
7293.210089683533   44
7296.210090875626   45
7299.210090637207   57
7302.211092233658   56
7305.211089372635   68
7308.211092233658   69
7311.211092710495   81
7314.211092710495   93
7317.2110896110535   92
7320.2120904922485   91
7323.212091684341   103
7326.212090730667   115
7329.21209025383   114
7332.2120904922485   126
7335.2120885849   127
7338.212089300156   139
7341.2120904922485   140
7344.212089300156   128
7347.212091445923   116
7350.212089061737   104
7353.2120904922485   105
7356.212082147598   117
7359.2120752334595   129
7362.212074995041   141
7365.212079048157   142
7368.212080955505   130
7371.212077617645   131
7374.212073326111   119
7377.212080001831   120
7380.212088346481   132
7383.212084770203   144
7386.213085412979   143
7389.213088750839   142
7392.213088750839   141
7395.213104248047   140
7398.213087320328   139
7401.213086366653   138
7404.213088274002   137
7407.026296854019   O
7407.213071346283   125
7409.46763586998   I
7410.213087558746   113
7413.213079690933   114
7415.877666711807   O
7416.213079452515   102
7416.728671550751   I
7419.213087081909   90
7422.2130925655365   78
7425.213087081909   66
7428.213084697723   65
7431.213073730469   53
7434.213074207306   54
7437.213072299957   42
7440.2130880355835   41
7443.213088750839   40
7446.213088989258   52
7449.213086605072   64
7452.213089227676   63
7455.213088750839   51
7458.213089227676   50
7461.2130925655365   62
7464.213089704514   61
7467.213087797165   73
7470.213092088699   74
7473.213091611862   86
7476.213092088699   85
7479.213092088699   97
7482.213088989258   98
7485.213090658188   99
7488.213088989258   100
7491.213089227676   88
7494.213088989258   89
7497.213092088699   101
7500.213089466095   113
7503.213088512421   125
7506.214089155197   124
7509.214089155197   136
7512.214090585709   135
7515.214090585709   134
7518.215092182159   133
7521.215087890625   121
7524.2150893211365   109
7527.215087413788   110
7530.215086221695   122
7533.215088129044   123
7536.215088605881   111
7539.215086936951   112
7542.215088844299   124
7545.2150938510895   136
7548.2150893211365   137
7551.2160885334015   138
7554.2160902023315   126
7557.21609044075   127
7560.21608877182   128
7563.216084957123   116
7566.2160885334015   115
7569.2160885334015   103
7572.216089248657   104
7575.216089725494   105
7578.2160902023315   117
7581.21609210968   129
7584.216092348099   130
7587.216089725494   118
7587.217169761658   F
7590.216088294983   106
7593.216091394424   118
7593.217246770859   F
7596.216087818146   119
7599.216091632843   131
7602.216091871262   143
7605.21608877182   144
7608.216090917587   132
7611.216091871262   120
7614.2160856723785   108
7617.216078519821   107
7620.216074466705   95
7623.217079877853   96
7626.217077255249   84
7629.217090845108   83
7632.217089176178   82
7635.21709394455   94
7638.218088150024   93
7641.218091011047   92
7644.218090772629   91
7647.218089342117   79
7650.218090295792   80
7653.218089103699   68
7656.21809220314   67
7656.219124078751   F
7659.218087911606   55
7662.21809053421   56
7665.218089342117   57
7668.2180898189545   45
7671.218089103699   46
7674.218089580536   47
7677.218089580536   35
7680.218090057373   36
7683.218089342117   24
7686.218078613281   12
7689.218070268631   11
7692.218089103699   23
7695.218087911606   22
7698.218087673187   10
7701.218089580536   9
7704.219089269638   8
7705.653050661087   O
7705.826963663101   I
7706.162434577942   O
7706.26325917244   I
7706.487564563751   O
7707.219088077545   7
7710.2190907001495   6
7713.135852813721   I
7713.219084739685   5
7716.219089508057   4
7717.251759529114   O
7717.29388833046   I
7719.220068693161   3
7722.220060348511   2
7725.220060825348   1
7728.220066308975   13
7731.22007727623   25
7734.220078468323   26
7737.220077991486   14
7740.221075057983   15
7740.222043275833   F
7743.221077680588   16
7746.221075773239   17
7749.221076488495   18
7752.221078634262   19
7755.2210738658905   20
7758.221068143845   21
7761.221074104309   33
7764.221075534821   34
7767.221076965332   33
7770.2210648059845   32
7773.2210693359375   44
7776.221076250076   144
7779.221076488495   143
7782.221077919006   142
7785.221076250076   141
7788.221071481705   129
7791.221076965332   130
7794.221078157425   118
7794.222089767456   F
7797.221080541611   119
7800.2210783958435   131
7803.221078872681   132
7806.221079349518   120
7809.221077680588   108
7809.277184963226   O
7809.411883115768   I
7809.494820594788   O
7812.221076726913   96
7813.712847709656   I
7815.221076250076   84
7818.221079111099   83
7821.221079111099   95
7824.221074819565   94
7827.221072673798   106
7830.221075773239   107
7833.221074819565   108
7836.221074342728   96
7839.221067905426   95
7842.221076965332   94
7843.6517651081085   O
7844.33398771286   I
7845.221072435379   82
7848.22106552124   70
7851.221066474915   71
7854.221072435379   59
7857.221075773239   58
7860.221069574356   46
7863.221073389053   47
7866.221071481705   48
7869.221064090729   60
7872.221077919006   72
7875.221077919006   84
7878.221076965332   83
7881.221080303192   82
7884.221077203751   81
7887.221074342728   69
7890.221076011658   68
7893.221074819565   67
7893.222047567368   F
7896.221059799194   79
7899.221063613892   91
7902.221078872681   103
7905.221077442169   102
7908.221077442169   114
7911.221077203751   113
7914.221075773239   101
7917.221076726913   100
7920.221078157425   112
7923.221077680588   111
7926.221077203751   99
7929.221075296402   98
7932.2210783958435   110
7935.221075773239   122
7938.221078634262   123
7941.221079111099   135
7944.221080303192   134
7947.221078872681   133
7950.221076011658   121
7953.2220895290375   109
7956.222087621689   97
7959.222080945969   85
7962.222078323364   73
7965.222079277039   61
7968.222084522247   49
7971.22208738327   37
7974.222079277039   25
7977.2220804691315   13
7980.222090482712   1
7983.222089290619   2
7986.222091436386   3
7989.222090005875   15
7989.223201990128   F
7992.222087621689   14
7995.222091436386   26
7998.222090244293   27
8001.222090005875   28
8004.222090482712   40
8007.222088336945   41
8010.222090482712   42
8013.222090244293   54
8016.222090005875   53
8019.222090005875   65
8022.222092151642   77
8025.2220911979675   89
8028.222089767456   90
8031.22209072113   78
8034.222090959549   66
8037.2228944301605   65
8040.222090244293   64
8043.222090005875   52
8046.2220911979675   51
8049.2220911979675   50
8052.2221302986145   38
8055.2220890522   39
8058.222090959549   51
8061.222090005875   63
8064.222090005875   75
8067.222091674805   87
8070.223092317581   88
8073.22309088707   76
8076.223092079163   64
8079.223088502884   63
8082.223095178604   62
8085.223083496094   74
8088.223088502884   86
8091.223092079163   85
8094.223086833954   97
8097.223095178604   98
8100.223093032837   99
8103.223081588745   111
8106.22309088707   112
8109.223088026047   124
8112.223092556   136
8115.223092079163   137
8118.22308921814   138
8121.2230887413025   126
8124.223092079163   125
8127.223093986511   113
8130.223091363907   114
8133.22308921814   115
8136.223092317581   116
8139.223091602325   128
8142.223096370697   140
8145.223092079163   139
8148.223082304001   127
8151.223073482513   115
8154.223066329956   103
8157.223078012466   104
8160.223085641861   105
8163.223081111908   93
8166.223071098328   92
8169.2230858802795   80
8172.224854707718   81
8175.225088357925   69
8178.225092411041   57
8181.225095272064   56
8184.225089073181   55
8187.225084543228   43
8190.2250916957855   31
8193.225091934204   30
8196.225090265274   18
8199.225091934204   19
8202.225091695786   7
8205.225089073181   8
8208.225091934204   20
8211.225094079971   32
8214.225091934204   44
8217.22508764267   45
8220.225088357925   33
8223.225085020065   21
8226.225074529648   9
8229.225085496902   10
8232.225084066391   22
8235.225089073181   23
8238.2250893116   35
8241.225093841553   36
8244.225075483322   24
8247.225082159042   12
8250.22607254982   11
8253.226073265076   10
8256.226075172424   9
8259.226075172424   8
8262.06628203392   O
8262.226061344147   7
8262.288198947906   I
8262.497956037521   O
8265.052279949188   I
8265.226062774658   6
8268.226073503494   5
8271.226073026657   17
8274.227113723755   29
8277.227087497711   30
8280.227076530457   42
8283.22707247734   54
8286.227073192596   66
8289.227091550827   78
8292.227094888687   77
8295.22708940506   89
8298.227077007294   90
8301.22707748413   102
8304.227089166641   101
8307.227086782455   100
8310.227070093155   88
8313.227079868317   76
8316.22707939148   75
8319.227090835571   87
8322.227087020874   86
8325.22708106041   74
8328.227091789246   73
8331.227090835571   61
8334.227092027664   62
8337.227080821991   50
8340.227077007294   49
8343.227084636688   37
8346.227087974548   38
8349.227086305618   39
8352.227088689804   40
8355.227077007294   52
8358.227075576782   53
8361.227078199387   41
8364.227077245712   29
8367.227086544037   17
8370.227088451385   16
8373.227091789246   4
8376.227088689804   3
8379.227088689804   2
8382.227087020874   1
8385.22707438469   13
8388.227080106735   25
8391.227081298828   26
8394.227082490921   14
8397.227081775665   15
8397.23938202858   F
8400.228075265884   27
8403.22808933258   28
8406.228071451187   16
8409.22808933258   4
8412.228088378906   5
8415.228087186813   6
8418.22808766365   18
8421.22808766365   19
8424.228086948395   20
8427.228086471558   32
8430.228079080582   31
8433.228075504303   43
8436.228073120117   44
8439.228079080582   45
8442.228070020676   33
8445.228071451187   21
8448.228088378906   22
8451.228090763092   34
8454.228088140488   46
8457.228089571   34
8460.228090763092   35
8463.228089809418   23
8466.228090286255   11
8469.229088068008   12
8472.229091882706   24
8475.229093313217   36
8478.22909116745   48
8481.229094743729   47
8484.229091882706   59
8487.229092597961   60
8487.9039478302   O
8487.979583501816   I
8488.196184396744   O
8489.218636512756   I
8490.229088783264   72
8493.23008942604   71
8496.230089187622   70
8499.230087041855   58
8502.230072021484   57
8505.230076789856   56
8508.230080127716   55
8511.230072975159   67
8511.232026100159   F
8514.230088949203   68
8517.230073451996   80
8520.230086565018   79
8523.23008942604   91
8526.230087518692   92
8529.230087041855   93
8532.230085611343   105
8535.230078697205   106
8538.230088233948   107
8541.230087041855   119
8544.230086803436   120
8547.230066299438   132
8550.230076789856   144
8553.230087280273   143
8554.988373279572   O
8555.053759098053   I
8555.280930995941   O
8556.040555477142   I
8556.230074167252   131
8559.230078697205   130
8562.23008799553   142
8565.23008942604   141
8568.23008608818   140
8571.23008608818   139
8574.230085611343   138
8577.230087041855   137
8580.23006939888   136
8583.230077981949   135
8586.23007106781   134
8589.230077981949   133
8592.230086803436   121
8595.230085372925   109
8598.23008942604   110
8601.230088710785   122
8604.230088710785   123
8607.230086803436   124
8610.230090856552   125
8613.230090379715   126
8616.230090141296   127
8619.230090618134   128
8622.230090379715   129
8625.23008966446   117
8628.230084896088   118
8628.231130838394   F
8631.23007440567   117
8634.23008441925   116
8637.230084657669   104
8640.23008608818   133
8643.230077028275   134
8646.230088710785   135
8649.230081796646   136
8652.230078220367   124
8655.23007774353   123
8658.230075597763   111
8661.230078697205   110
8664.230089902878   122
8667.230072975159   121
8670.23006606102   109
8673.230078220367   97
8676.230075597763   85
8679.230086565018   73
8682.23008966446   74
8685.23007774353   86
8688.230077505112   87
8691.230075120926   99
8694.230085849762   98
8697.230076551437   97
8700.230078697205   85
8703.230077981949   86
8706.23007273674   87
8709.230075120926   75
8712.230079650879   63
8715.230090141296   62
8718.230075120926   50
8721.230078935623   51
8724.230077266693   39
8727.230088710785   38
8730.230090856552   37
8733.230074167252   49
8736.230073928833   61
8739.230072021484   73
8742.230086803436   74
8745.230080127716   75
8748.230084896088   76
8751.230084657669   64
8754.230081558228   65
8757.230084657669   66
8760.230089187622   78
8763.230077266693   90
8766.230073690414   102
8769.230078935623   103
8772.23008799553   115
8775.230078220367   116
8778.230073928833   104
8781.230084896088   105
8784.230083703995   117
8787.230077028275   118
8787.231467962265   F
8790.2300760746   106
8793.23009967804   107
8794.362020730972   O
8794.627095937729   I
8794.724262237549   O
8796.230100154877   119
8798.875616550446   I
8799.230063438416   131
8802.23008608818   130
8805.230084180832   142
8808.231089115143   143
8811.231080532074   144
8814.231082201004   132
8817.231084346771   120
8820.231083154678   108
8823.231084108353   96
8826.231092691422   84
8829.231091499329   72
8832.231091737747   60
8835.23108124733   48
8838.231086969376   36
8841.231084108353   24
8844.23208284378   12
8847.23208475113   11
8850.23208975792   10
8853.232089042664   22
8856.232089281082   23
8859.232093334198   35
8862.23208808899   34
8865.232089042664   33
8868.232090234756   45
8869.002518415451   O
8869.198622703552   I
8869.845267057419   O
8869.957661151886   I
8871.2320895195   44
8874.232090473175   43
8877.23208975792   55
8880.232090234756   56
8883.232090473175   68
8886.232084274292   80
8889.232078552246   92
8892.232087373734   91
8895.232075691223   79
8898.232090473175   67
8898.236312150955   F
8901.232064962387   68
8904.232087135315   69
8907.232069253922   57
8910.232075214386   58
8913.232085943222   59
8916.232060194016   47
8919.232075452805   46
8922.232063531876   58
8925.232085227966   70
8928.232074975967   82
8931.232087135315   94
8934.232070922852   93
8937.232074737549   81
8940.232074975967   69
8943.232076406479   70
8946.232069253922   71
8949.232073783875   83
8952.232087135315   95
8955.23208785057   96
8958.232088804245   108
8961.232092618942   107
8964.233079195023   106
8967.233075618744   118
8967.23416352272   F
8970.233065366745   117
8973.233080625534   129
8976.233078956604   141
8979.23308801651   140
8982.233087301254   139
8985.233078956604   127
8988.233087301254   128
8991.233090162277   116
8994.233091592789   115
8997.233093738556   114
9000.233093500137   113
9003.233092069626   125
9006.233090162277   137
9009.233987092972   138
9012.234084367752   126
9015.23409152031   114
9018.23409128189   102
9021.234089136124   101
9024.234090566635   100
9027.23408460617   88
9030.235085964203   89
9033.235088348389   77
9036.23509144783   76
9039.235090017319   64
9042.2350730896   52
9045.235085248947   53
9048.23507976532   54
9051.23508143425   42
9054.235076665878   30
9057.235082626343   31
9060.235076189041   19
9063.235090255737   18
9066.235072851181   6
9069.23608660698   5
9072.236088752747   17
9075.236090183258   29
9078.236090660095   41
9081.236090183258   40
9084.236090183258   28
9087.236112117767   16
9090.23608994484   4
9093.23608970642   3
9096.23608469963   15
9096.237089157104   F
9099.236086130142   14
9102.236083984375   26
9105.23608660698   25
9108.236087560654   13
9111.236089468002   1
9114.236086130142   2
9117.23608136177   3
9120.236090660095   4
9123.236089229584   5
9126.23608970642   6
9129.23608994484   7
9132.236088991165   8
9135.236092329025   20
9138.236090421677   32
9141.237080335617   31
9144.237076997757   43
9147.237077474594   55
9150.237077713013   67
9150.238054275513   F
9153.237080812454   79
9156.237078428268   80
9159.237076759338   92
9162.237075090408   91
9165.237075090408   103
9168.237075328827   104
9171.237073659897   105
9174.237073898315   93
9177.237068653107   81
9180.23706483841   82
9183.237064123154   94
9186.237063407898   95
9189.237074136734   83
9192.23707818985   84
9195.237076044083   72
9198.237076044083   71
9201.23707818985   59
9204.237099170685   60
9204.725997686386   O
9204.913047552109   I
9205.125199317932   O
9207.237071037292   48
9208.285227298737   I
9209.18963432312   O
9209.398722171783   I
9209.59999704361   O
9209.69313955307   I
9210.237072229385   47
9213.237059116364   46
9216.237078428268   45
9219.237079143524   57
9222.237078428268   56
9225.23707818985   44
9228.237078905106   32
9231.237080812454   20
9234.237078428268   21
9237.237073898315   9
9240.237077713013   10
9243.237079381943   11
9246.237075090408   12
9249.237077713013   24
9252.237075328827   36
9255.237077951431   35
9258.237073659897   23
9261.237078666687   22
9264.237077713013   34
9267.238075494766   33
9270.238072156906   21
9273.238071680069   9
9276.238073348999   8
9279.238080978394   7
9282.238075017929   19
9285.238076210022   18
9288.238075971603   17
9291.23807811737   29
9294.238077402115   30
9297.238074064255   42
9300.238077402115   41
9303.23807811737   40
9306.238074302673   28
9309.238074302673   16
9312.238074302673   15
9312.239118814468   F
9315.238076925278   27
9318.238078594208   39
9321.238078832626   27
9324.2380797863   26
9327.238077640533   14
9330.238077402115   2
9333.238077640533   1
9336.23807811737   13
9339.238076210022   25
9342.238075733185   37
9345.238077640533   38
9348.238075971603   50
9351.238076210022   49
9354.23807477951   61
9357.238076925278   62
9360.23807644844   63
9363.238075256348   51
9366.238076210022   52
9369.238073587418   53
9370.579264879227   O
9370.68614602089   I
9370.948939561844   O
9372.168108701706   I
9372.238049983978   54
9375.238062381744   66
9378.238074064255   65
9381.238071918488   77
9384.238075256348   78
9387.238077640533   90
9390.23807668686   89
9393.238077878952   88
9396.238072156906   100
9399.238077878952   99
9402.238077402115   98
9405.238077878952   110
9408.238078594208   109
9411.238077878952   121
9414.23807644844   133
9417.238076925278   134
9420.238077402115   122
9423.23808145523   123
9426.238074541092   135
9429.238068342209   136
9432.238077402115   137
9435.238074541092   138
9438.238064289093   139
9441.23806142807   140
9444.238064527512   141
9447.238063335419   142
9450.238069057465   143
9453.238062620163   144
9456.23807835579   132
9459.238063812256   120
9462.238075733185   119
9465.238069057465   131
9468.23807811737   130
9471.238080263138   129
9474.23807835579   128
9477.238078832626   127
9480.238080263138   126
9483.238077402115   125
9486.238080263138   124
9489.238078594208   112
9492.238080978394   111
9495.238078594208   112
9498.23807644844   113
9501.23807644844   101
9504.238076925278   1
9507.238078594208   2
9510.23807668686   3
9513.23807811737   4
9516.238076210022   16
9519.23808145523   15
9519.239946126938   F
9522.238075733185   27
9525.238076210022   26
9528.238051176071   14
9531.238048315048   13
9534.23807668686   25
9537.23807811737   37
9540.23806643486   49
9543.23806977272   61
9546.238074541092   62
9549.238073587418   50
9552.238076210022   51
9555.238074064255   39
9558.238073825836   38
9561.238072156906   37
9564.238075017929   49
9567.238070964813   50
9570.238073348999   51
9573.238069534302   63
9576.238066196442   75
9579.238067388535   74
9582.238076210022   86
9585.238070249557   87
9588.238073825836   99
9591.238071918488   98
9594.238064289093   97
9597.238076925278   85
9600.238070249557   73
9603.238076210022   61
9606.23807668686   62
9609.238067388535   63
9612.238077878952   64
9615.238076925278   76
9618.238076925278   77
9621.23807811737   78
9624.238075256348   66
9627.238074302673   54
9630.238063335419   42
9633.23807811737   43
9636.238063573837   31
9639.238069057465   32
9642.238068819046   44
9645.23806476593   45
9648.238067150116   33
9651.238075971603   34
9654.23805642128   46
9657.238066196442   47
9660.238063812256   35
9663.238075733185   23
9666.238077640533   22
9669.238074541092   10
9672.238076925278   11
9675.23807477951   12
9678.238070011139   24
9681.238079071045   36
9684.23807644844   48
9687.238069534302   60
9690.238075733185   72
9693.238063097   84
9696.23807644844   96
9696.36827158928   O
9696.43727517128   I
9696.599862337112   O
9697.009482622147   I
9697.0662920475   O
9699.238066911697   108
9701.296696901321   I
9701.518390893936   O
9701.691885709763   I
9702.238069295883   120
9705.238065481186   132
9708.2380797863   144
9711.238080739975   143
9714.238552808762   142
9717.239090204239   130
9720.240089654922   131
9723.240089654922   119
9726.240089654922   118
9726.241553783417   F
9729.240089178085   117
9732.24007821083   105
9735.240079641342   104
9738.240073919296   103
9741.24007678032   91
9744.240078687668   92
9747.24009180069   80
9750.240086317062   68
9753.24008512497   56
9756.24008488655   55
9759.240084409714   67
9759.246266365051   F
9762.240062713623   79
9765.240088701248   80
9768.240088224411   81
9771.240088939667   93
9774.241091251373   94
9777.241088151932   95
9780.241090297699   107
9783.241091966629   106
9786.241091251373   94
9789.24108839035   82
9792.241091251373   70
9795.241091251373   58
9798.241092205048   57
9801.241088151932   69
9804.24108171463   81
9807.241079330444   82
9810.241087436676   83
9813.24107670784   71
9816.241073131561   59
9819.241087913513   60
9822.241082429886   48
9825.241079568863   47
9828.241076469421   46
9831.241084098816   34
9834.241071939468   33
9837.241081953049   21
9840.241091251373   9
9843.241090297699   8
9846.241088867188   7
9849.241085767746   19
9852.241086483002   20
9855.241086006165   32
9858.24108672142   31
9861.24109172821   30
9864.241091251373   29
9867.241088867188   17
9870.241084575653   5
9873.241090297699   6
9876.24108672142   18
9879.241087198257   30
9882.241085529327   42
9885.241091251373   41
9888.242087364197   40
9891.242088317871   52
9894.243088006973   53
9897.243091344833   65
9900.243088722229   64
9903.24309015274   76
9906.243087530136   88
9909.243091344833   89
9912.24309206009   90
9915.24309182167   102
9918.24309015274   114
9921.243091583252   115
9924.243065595627   127
9927.24307847023   126
9930.243091344833   138
9933.243091344833   137
9936.243088722229   125
9939.243073225021   113
9942.243071317673   101
9945.243088006973   100
9948.243091344833   112
9951.243087768555   124
9954.243091344833   136
9957.24309206009   135
9960.243091344833   123
9963.243093252182   122
9966.243093967438   110
9969.243087768555   109
9972.24309515953   121
9975.243094205856   133
9978.243094921112   134
9981.243091344833   135
9984.243092298508   136
9987.243086576462   137
9990.243088722229   138
9993.243092775345   139
9996.2430934906   140
9999.243072748184   128
10002.243093967438   116
10005.24309182167   115
10008.24309372902   103
10011.243083953857   91
10014.243085384369   79
10017.243085861206   67
10017.244204044342   F
10020.243091344833   68
10023.243091106415   56
10026.24309015274   55
10029.24308514595   43
10032.24408006668   44
10035.244074344635   45
10038.24407696724   57
10041.244074106216   69
10044.244088888168   70
10047.244088888168   58
10050.245091199875   59
10053.245090007782   71
10056.246089458466   72
10059.246088981628   84
10062.247091293335   83
10065.24709224701   95
10067.325605869293   O
10067.505391836166   I
10067.679520845413   O
10068.248085975647   96
10071.248089551926   108
10072.240743875504   I
10074.248088598251   107
10077.248075723648   106
10080.24808883667   105
10083.248080730438   93
10086.248087644577   92
10089.248079299927   104
10092.248087406158   116
10095.248076677322   128
10098.248071432114   129
10101.248077392578   141
10104.248077869415   142
10107.248089075089   143
10110.248077869415   144
10113.248078584671   132
10116.248090982437   120
10119.248074531555   119
10122.248084068298   131
10125.248072862625   130
10128.248088598251   118
10128.249483823776   F
10131.248090028763   117
10134.248073339462   129
10137.248088598251   141
10140.248079538345   140
10143.248078584671   139
10146.248084545135   127
10149.248088598251   126
10152.248091459274   125
10155.248089551926   113
10158.248090267181   114
10161.248089790344   102
10164.248089551926   101
10167.248091697693   100
10170.248091459274   112
10173.248090028763   124
10176.2480905056   123
10179.248081207275   111
10182.248074769974   99
10185.24808549881   111
10188.248091459274   110
10191.248075962067   122
10194.248081207275   134
10197.248076677322   133
10200.248078346252   121
10200.513562440872   O
10202.052344083786   I
10203.248077630997   109
10206.24808716774   97
10209.248086452484   98
10212.248084783554   86
10215.24807715416   85
10218.2480738163   73
10221.248079538345   74
10224.24808716774   75
10227.248085021973   87
10230.248086929321   88
10233.248077869415   89
10236.248076438904   90
10239.248089313507   78
10242.248089790344   77
10245.248090267181   65
10248.249095201492   66
10251.249088048935   54
10254.249091625214   53
10257.249093055725   52
10260.249094963074   40
10263.249093294144   39
10266.249093532562   38
10269.249089717865   26
10272.249091148376   25
10275.249081850052   13
10278.249064207077   1
10281.249072790146   2
10284.249086618423   14
10287.249069690704   15
10287.25009894371   F
10290.24806523323   3
10293.248089551926   4
10296.248088121414   5
10299.248089790344   6
10302.248090744019   7
10305.248090028763   8
10308.248089075089   9
10311.248090982437   10
10314.248090028763   11
10317.248088598251   12
10320.248089313507   24
10323.248089551926   36
10326.24808883667   35
10329.24808883667   23
10332.248089313507   22
10335.248089790344   21
10338.248090982437   20
10339.997375011444   O
10341.248091697693   19
10343.874106168747   I
10344.24908709526   18
10347.249083518982   17
10350.249086380005   16
10353.249085903168   28
10356.250085830688   27
10359.250086307526   28
10362.250089883804   29
10365.250033140182   end
